MoleculeName	Type(Bond/Ring)	SMARTS	TorsionAngle	TorsionAngleScore	RingTorsion	RingTorsionScore	HeteroRingTorsion	HeteroRingTorsionScore	Category(Green/Orange/Red/Mixed)
C33024655      none	B	[$(C=O):1][NX3:2]!@[a:3][aH0:4]	149.992	1.842	-	-	-	-	O
C33024655      none	B	[O:1]=[CX3:2]!@[NX3H1:3][!#1:4]	0.0133372	63.7893	-	-	-	-	G
C33024655      none	B	[C:1][CX4:2]!@[CX3:3]=[O:4]	-0.0787061	5.61823	-	-	-	-	G
C33024655      none	B	[O:1]=[CX3:2](a)!@[NX3H0:3][!#1:4]	150.004	2.50464	-	-	-	-	G
C33024655      none	B	[a:1][c:2]!@[C:3]([NH0])=[O:4]	-59.6782	3.63889	-	-	-	-	G
C33024655      none	B	[s:1][c:2]!@[C:3]([NH1])=[O:4]	0.304712	23.0769	-	-	-	-	G
C33024655      none	B	[O:1]=[CX3:2]!@[NX3H1:3][!#1:4]	0.0064384	63.7893	-	-	-	-	G
C33024655      none	B	[$(C=O):1][NX3H1:2]!@[c:3]([cH1])[cH1:4]	-30.0033	5.05437	-	-	-	-	G
C20716998      none	B	[c:1][c:2]([cH0])!@[c:3][nX2H0:4]	120.282	2.09836	-	-	-	-	O
C20716998      none	B	[cH1:1][c:2]([cH1])!@[O:3][C:4]	-30.0015	0.195465	-	-	-	-	O
C20716998      none	B	[C:1][CX4H2:2]!@[OX2:3][c:4]	-60.0012	0.252685	-	-	-	-	G
C20716998      none	B	[!#1:1][CX4:2]!@[CX3H0:3][!#1:4]	-30.01	1.75844	-	-	-	-	G
C20716998      none	B	[*:1]~[cX3:2]!@[NX2:3]~[*:4]	-29.6896	1.57181	-	-	-	-	O
CHEMBL138085      none	B	[!#1:1][CH2:2]!@[n:3][cH0:4]	89.9989	14.7896	-	-	-	-	G
CHEMBL138085      none	B	[!#1:1][CX4:2]!@[CX4:3][!#1:4]	159.99	1.81259	-	-	-	-	G
CHEMBL138085      none	B	[O:1]=[C:2]([O-])!@[CX4H1:3][H:4]	-0.00129827	0.495663	-	-	-	-	O
C33024654      none	B	[$(C=O):1][NX3H1:2]!@[c:3]([cH1])[cH1:4]	-30.0122	5.05437	-	-	-	-	G
C33024654      none	B	[O:1]=[CX3:2]!@[NX3H1:3][!#1:4]	0.00180119	63.7893	-	-	-	-	G
C33024654      none	B	[C:1][CX4:2]!@[CX3:3]=[O:4]	120.071	3.75937	-	-	-	-	G
C33024654      none	B	[O:1]=[CX3:2](a)!@[NX3H0:3][!#1:4]	-0.00618641	23.6549	-	-	-	-	G
C33024654      none	B	[a:1][c:2]!@[C:3]([NH0])=[O:4]	-89.6676	2.91667	-	-	-	-	G
C33024654      none	B	[s:1][c:2]!@[C:3]([NH1])=[O:4]	0.303338	23.0769	-	-	-	-	G
C33024654      none	B	[O:1]=[CX3:2]!@[NX3H1:3][!#1:4]	0.00118116	63.7893	-	-	-	-	G
C33024654      none	B	[$(C=O):1][NX3H1:2]!@[c:3]([cH1])[cH1:4]	149.999	5.05437	-	-	-	-	G
C33024681      none	B	[$(C=O):1][NX3H1:2]!@[c:3]([cH1])[cH1:4]	149.974	5.05437	-	-	-	-	G
C33024681      none	B	[O:1]=[CX3:2]!@[NX3H1:3][!#1:4]	-0.0144875	63.7893	-	-	-	-	G
C33024681      none	B	[C:1][CX4:2]!@[CX3:3]=[O:4]	120.07	3.75937	-	-	-	-	G
C33024681      none	B	[O:1]=[CX3:2](a)!@[NX3H0:3][!#1:4]	0.00175176	23.6549	-	-	-	-	G
C33024681      none	B	[a:1][c:2]!@[C:3]([NH0])=[O:4]	-89.6675	2.91667	-	-	-	-	G
C33024681      none	B	[s:1][c:2]!@[C:3]([NH1])=[O:4]	0.299978	23.0769	-	-	-	-	G
C33024681      none	B	[O:1]=[CX3:2]!@[NX3H1:3][!#1:4]	-0.00147011	63.7893	-	-	-	-	G
C33024681      none	B	[$(C=O):1][NX3H1:2]!@[c:3]([cH1])[cH1:4]	150.006	5.05437	-	-	-	-	G
C11374807      none	B	[$(C=O):1][NX3:2]!@[a:3][aH0:4]	89.9922	3.35653	-	-	-	-	G
C11374807      none	B	[O:1]=[CX3:2]!@[NX3H1:3][!#1:4]	0.00666686	63.7893	-	-	-	-	G
C11374807      none	B	N[C:2](=[O:1])!@[CH2:3][N:4]	-0.00905031	9.82143	-	-	-	-	G
C11374807      none	B	[$([CX3]=O):1][NX3H1:2]!@[CX4H2:3][C:4] 	150.009	1.43139	-	-	-	-	O
C11374807      none	B	[O:1]=[CX3:2]!@[NX3H1:3][!#1:4]	-0.0111595	63.7893	-	-	-	-	G
C11374807      none	B	[!#1:1][CX4H2:2]!@[CX3:3]=[O:4]	120.004	0.613497	-	-	-	-	G
C11374807      none	B	[!#1:1][CX4:2]!@[SX2:3][!#1:4]	-59.9991	7.13757	-	-	-	-	G
C11374807      none	B	[aH0:1][c:2]([aH0])!@[SX2:3][!#1:4]	89.9979	3.2491	-	-	-	-	G
C11374807      none	B	[a:1][a:2]!@[NX3:3][!#1:4]	-119.727	1.58818	-	-	-	-	O
C11374807      none	B	[!#1:1][CH2:2]!@[n:3][cH0:4]	-89.9986	15.4696	-	-	-	-	G
C11374807      none	B	[!#1:1][CX4:2]!@[CX4:3][!#1:4]	-163.732	1.85018	-	-	-	-	G
C33024679      none	B	[$(C=O):1][NX3H1:2]!@[c:3]([cH1])[cH1:4]	149.95	5.05437	-	-	-	-	G
C33024679      none	B	[O:1]=[CX3:2]!@[NX3H1:3][!#1:4]	-0.0103518	63.7893	-	-	-	-	G
C33024679      none	B	[s:1][c:2]!@[C:3]([NH1])=[O:4]	0.0123445	23.0769	-	-	-	-	G
C33024679      none	B	[a:1][c:2]!@[C:3]([NH0])=[O:4]	-89.9938	2.91667	-	-	-	-	G
C33024679      none	B	[O:1]=[CX3:2](a)!@[NX3H0:3][!#1:4]	-179.716	9.67842	-	-	-	-	G
C33024679      none	B	[C:1][CX4:2]!@[CX3:3]=[O:4]	-0.0677693	5.61823	-	-	-	-	G
C33024679      none	B	[O:1]=[CX3:2]!@[NX3H1:3][!#1:4]	-0.00015713	63.7893	-	-	-	-	G
C33024679      none	B	[$(C=O):1][NX3H1:2]!@[c:3]([cH1])[cH1:4]	-30.0018	5.05437	-	-	-	-	G
C64328081      none	B	[aH0:1][c:2]([aH0])!@[SX2:3][!#1:4]	150.001	0.567303	-	-	-	-	O
C64328081      none	B	[cH1:1][c:2]([cH1])!@[CX3:3]=[NX2:4]	179.997	13.9437	-	-	-	-	G
C64328081      none	B	[*:1]~[cX3:2]!@[NX2:3]~[*:4]	30.3132	1.49735	-	-	-	-	O
CHEMBL449296      none	B	[!#1:1][CH2:2]!@[n:3][cH0:4]	-90.0231	15.4696	-	-	-	-	G
CHEMBL449296      none	B	[!#1:1][CX4:2]!@[CX4:3][!#1:4]	159.999	1.81259	-	-	-	-	G
CHEMBL449296      none	B	[O:1]=[C:2]([O-])!@[CX4H1:3][H:4]	89.9975	0.86741	-	-	-	-	O
CHEMBL492630      none	B	[!#1:1][CH2:2]!@[n:3][cH0:4]	89.9963	14.7896	-	-	-	-	G
CHEMBL492630      none	B	[!#1:1][CX4:2]!@[CX4:3][!#1:4]	-160	1.85018	-	-	-	-	G
CHEMBL492630      none	B	[O:1]=[C:2]([O-])!@[CX4H1:3][H:4]	89.996	0.86741	-	-	-	-	O
CHEMBL508818      none	B	[!#1:1][CH2:2]!@[n:3][cH0:4]	90.0021	14.7896	-	-	-	-	G
CHEMBL508818      none	B	[!#1:1][CX4:2]!@[CX4:3][!#1:4]	-159.997	1.85018	-	-	-	-	G
CHEMBL508818      none	B	[O:1]=[C:2]([O-])!@[CX4H1:3][H:4]	89.9998	0.86741	-	-	-	-	O
C63778126      none	B	[a:1][c:2]!@[CX4H2:3][!#1:4]	150.013	1.43221	-	-	-	-	O
C63778126      none	B	[!#1:1][CX4H2:2]!@[NX3;"N_lp":3][!#1:4]	-62.6052	5.17104	-	-	-	-	G
C63778126      none	B	[a:1][c:2]!@[CX4H1:3][N,O:4]	29.9982	3.56196	-	-	-	-	G
C63778126      none	B	[!#1:1][CX4:2]!@[SX2:3][!#1:4]	-79.9997	6.01214	-	-	-	-	G
C63778126      none	B	[!#1:1][CX4:2]!@[SX2:3][!#1:4]	-40.0029	0.858878	-	-	-	-	O
C63778126      none	B	[!#1:1][CX4:2]!@[CX3H0:3][!#1:4]	-59.9887	4.40277	-	-	-	-	G
C63778126      none	B	[*:1]~[cX3:2]!@[NX2:3]~[*:4]	30.31	1.49735	-	-	-	-	O
C02690740      none	B	[aH1:1][c:2]([aH1])!@[SX4:3][!#1:4]	90.0013	12.916	-	-	-	-	G
C02690740      none	B	[c:1][S:2](=O)(=O)!@[NX2H0-:3]-[*:4]	89.9998	2.77778	-	-	-	-	G
C02690740      none	B	[*:1]~[NX2:2]!@[NX2:3]~[*:4]	-119.994	0.359228	-	-	-	-	O
C02690740      none	B	[$(C=O):1][NX3H1:2]!@[CX3:3]=[NX2:4]	-89.997	0	-	-	-	-	R
C02690740      none	B	[O:1]=[CX3:2]!@[NX3H1:3][!#1:4]	180	2.24265	-	-	-	-	G
C02690740      none	B	[cH1:1][c:2]([cH1])!@[C:3]([NH1,NH2])=[O:4]	-90.0091	0	-	-	-	-	R
C02690740      none	B	[O-:1][N+:2](=O)!@[c:3]([cH,nX2H0])[cH,nX2H0:4]	179.976	23.2156	-	-	-	-	G
CHEMBL277059      none	B	[$(C=O):1][O:2]!@[CH2:3]~[C:4]	179.998	23.3458	-	-	-	-	G
CHEMBL277059      none	B	[O:1]=[C:2]!@[O:3]~[C:4]	0.000279291	74.4927	-	-	-	-	G
CHEMBL277059      none	B	[a:1][a:2]!@[CX3:3]=[O:4]	-179.692	14.6728	-	-	-	-	G
CHEMBL277059      none	B	[$(C=O):1][NX3H1:2]!@[c:3]([cH1])[cH1:4]	29.9821	5.05437	-	-	-	-	G
CHEMBL277059      none	B	[O:1]=[CX3:2]([$([NX3H1]C)])!@[NX3H1:3][!#1:4]	-0.0136949	41.1343	-	-	-	-	G
CHEMBL277059      none	B	[O:1]=[CX3:2]([$([NX3H1]C)])!@[NX3H1:3][!#1:4]	-179.99	9.5176	-	-	-	-	R
C13879841      none	B	[cH0:1][c:2]([cH1])!@[NX3H1:3][C,c:4]	-120.009	1.72293	-	-	-	-	G
C13879841      none	B	[*:1]~[CX3:2]!@[NX3:3]~[*:4]	0.000257211	27.0519	-	-	-	-	G
C13879841      none	B	[*:1]~[CX3:2]!@[NX3:3]~[*:4]	30.0009	0.533408	-	-	-	-	G
C13879841      none	B	[*:1]~[CX3:2]!@[NX2:3]~[*:4]	-30.0071	0.217973	-	-	-	-	O
C13879841      none	B	[cH1:1][c:2]([cH1])!@[CX3:3]=[O:4]	0.281975	14.2319	-	-	-	-	G
C13879841      none	B	[nX2H0:1][c:2]([nX3H1])!@[NX3H1:3][C,c:4]	-0.00130117	17.4419	-	-	-	-	G
C13879841      none	B	[a:1][c:2]!@[CX4H2:3][!#1:4]	-89.9989	7.30446	-	-	-	-	G
C13879841      none	B	[!#1:1][CX4:2]!@[SX2:3][!#1:4]	79.9994	6.41197	-	-	-	-	G
C13879841      none	B	[aH0:1][c:2]([aH0])!@[SX2:3][!#1:4]	0.00593356	13.1253	-	-	-	-	G
C08559527      none	B	[a:1][c:2]!@[CX4H1:3][H:4]	178.535	7.22227	-	-	-	-	G
C08559527      none	B	[CH0:1][NX3:2]([CH0])!@[c:3][a:4]	120.309	4.79964	-	-	-	-	G
C08559527      none	B	[cH1:1][c:2]([cH1])!@[O:3][C:4]	180	26.896	-	-	-	-	G
CHEMBL121915      none	B	[!#1:1][CH2:2]!@[n:3][cH0:4]	-90.0372	15.4696	-	-	-	-	G
CHEMBL121915      none	B	[!#1:1][CX4:2]!@[CX4:3][!#1:4]	-159.998	1.85018	-	-	-	-	G
CHEMBL121915      none	B	[O:1]=[C:2]([O-])!@[CX4H1:3][H:4]	89.9974	0.86741	-	-	-	-	O
C14010336      none	B	[O-:1][N+:2](=O)!@[c:3]([cH,nX2H0])[cH,nX2H0:4]	179.969	23.2156	-	-	-	-	G
C14010336      none	B	[cH1:1][c:2]([cH1])!@[C:3]([NH1,NH2])=[O:4]	26.9921	8.08167	-	-	-	-	G
C14010336      none	B	[O:1]=[CX3:2]!@[NX3H1:3][!#1:4]	-0.00251421	63.7893	-	-	-	-	G
C14010336      none	B	[$(C=O):1][NX3H1:2]!@[CX3:3]=[*H0:4]	-60.0017	0.0949668	-	-	-	-	R
C14010336      none	B	[!#1:1][CX3:2](=S)!@[NX3H0:3][!#1:4]	150.282	0.503597	-	-	-	-	O
C14010336      none	B	[!#1:1][CX4:2]!@[CX4:3][!#1:4]	79.9975	1.75235	-	-	-	-	G
C14010336      none	B	[C:1][CX4H2:2]!@[CX3:3]=[O:4]	30.0019	4.22116	-	-	-	-	G
C14010336      none	B	[O:1]=[C:2]!@[O:3]~[C:4]	-0.0099505	74.4927	-	-	-	-	G
C14010336      none	B	[$(C=O):1][O:2]!@[CH1:3][H:4]	-29.9902	11.3505	-	-	-	-	G
C34928674      none	B	[a:1][c:2]!@[CX4H1:3][N,O:4]	120.498	3.12238	-	-	-	-	G
C34928674      none	B	[O:1]=[C:2]([O-])!@[CX4H1:3][H:4]	0.00671021	0.495663	-	-	-	-	O
C35704546      none	B	[CX3:1]=[CX3:2]!@[CH2:3][C:4]	180	0.950764	-	-	-	-	O
C35704546      none	B	[*^2:1]~[C^2:2]([!H])!@[C^2:3]~[*^2:4]	-119.995	0.661024	-	-	-	-	G
C35704546      none	B	[a:1][c:2]!@[CX4H1:3][N,O:4]	-59.2425	3.48172	-	-	-	-	G
C35704546      none	B	[C:1][CX4:2]!@[CX3:3][C:4]	60.0211	7.72028	-	-	-	-	G
C35704546      none	B	[O:1]=[CX3:2]([NH1])!@[CH2:3][C:4]	60.0087	6.84932	-	-	-	-	G
C35704546      none	B	[O:1]=[CX3:2]!@[NX3H1:3][!#1:4]	-0.0049597	63.7893	-	-	-	-	G
C35704546      none	B	[$(C=O):1][NX3H1:2]!@[CX4H2:3][$([c]([cH,nX2H0])[cH,nX2H0]):4]	-89.9997	10.1266	-	-	-	-	G
C35704546      none	B	[a:1][c:2]!@[CX4H2:3][!#1:4]	-134.729	2.0362	-	-	-	-	O
C35704546      none	B	[O-:1][N+:2](=O)!@[c:3]([cH,nX2H0])[cH,nX2H0:4]	179.978	23.2156	-	-	-	-	G
C35704546      none	B	[O:1]=[C:2]!@[O:3]~[C:4]	0.00101702	74.4927	-	-	-	-	G
CHEMBL337577      none	B	[!#1:1][CH2:2]!@[n:3][cH0:4]	134.998	0.637484	-	-	-	-	R
CHEMBL337577      none	B	[!#1:1][CX4:2]!@[CX4:3][!#1:4]	-159.998	1.85018	-	-	-	-	G
CHEMBL337577      none	B	[O:1]=[C:2]([O-])!@[CX4H1:3][H:4]	90.0011	0.86741	-	-	-	-	O
C03839187      none	B	[a:1][c:2]!@[C:3]([NH0])=[O:4]	59.9924	3.02778	-	-	-	-	G
C03839187      none	B	[O:1]=[CX3:2](a)!@[NX3H0:3][!#1:4]	-179.696	9.67842	-	-	-	-	G
C03839187      none	B	[$(C=O):1][NX3H1:2]!@[CX4H1:3][H:4]	30.0048	9.46757	-	-	-	-	G
C03839187      none	B	[N:1][CX4:2]!@[CX3:3]=[O:4]	-56.3818	1.63777	-	-	-	-	G
C03839187      none	B	[O:1]=[CX3:2]!@[NX3H1:3][!#1:4]	-0.00367279	63.7893	-	-	-	-	G
C03839187      none	B	[$([CX3]=O):1][NX3H1:2]!@[CX4H2:3][C:4] 	89.9998	7.35439	-	-	-	-	G
C03839187      none	B	[!#1:1][CX4H2:2]!@[CX4H2:3][!#1:4]	60.0056	3.99483	-	-	-	-	G
C03839187      none	B	[!#1:1][CX4H2:2]!@[CX4H2:3][!#1:4]	59.9973	3.99483	-	-	-	-	G
C03839187      none	B	[C:1][CX4H2:2]!@[CX3:3]=[O:4]	-119.99	0.79457	-	-	-	-	O
C03839187      none	B	[O:1]=[C:2]!@[O:3]~[C:4]	-0.0115695	74.4927	-	-	-	-	G
C03839187      none	B	[O:1]=[CX3:2]([$([NX3H1]C)])!@[NX3H1:3][!#1:4]	180	9.5176	-	-	-	-	R
C03839187      none	B	[O:1]=[CX3:2]([$([NX3H1]C)])!@[NX3H1:3][!#1:4]	-0.00873041	41.1343	-	-	-	-	G
C03839187      none	B	[$(C=O):1][NX3H1:2]!@[c:3]([cH0]F)[cH:4]	120.274	0	-	-	-	-	R
C04147721      none	B	[a:1][a:2]!@[NX3:3][!#1:4]	89.9989	1.62893	-	-	-	-	O
C04147721      none	B	[!#1:1][CX3:2](=S)!@[NX3H1:3][!#1:4]	180	37.0618	-	-	-	-	G
C04147721      none	B	[!#1:1][CX3:2](=S)!@[NX3H1:3][!#1:4]	0.00339175	27.5459	-	-	-	-	G
C04147721      none	B	[C:1][CX4:2]!@[NX3:3][C:4]	155.069	2.93262	-	-	-	-	G
C04147721      none	B	[*:1]~[CX4:2]!@[n:3]~[*:4]	-89.999	3.28413	-	-	-	-	G
C04147721      none	B	[aH0:1][c:2]!@[OX2:3][!#1:4]	150.003	0.492262	-	-	-	-	O
C04147721      none	B	[cH1:1][c:2]([cH1])!@[O:3][c:4]	-44.7268	2.5759	-	-	-	-	G
C04147721      none	B	[cH1:1][c:2]([cH1])!@[NX3:3][CX4:4]	0.00162135	14.0646	-	-	-	-	G
C63958866      none	B	[a:1][ar6:2]!@[ar5:3][a:4]	0.307457	7.24965	-	-	-	-	G
C63958866      none	B	[*:1]~[cX3:2]!@[NX2:3]~[*:4]	180	15.3541	-	-	-	-	G
C63958866      none	B	[!#1:1][CX4:2]!@[CX3H0:3][!#1:4]	-120.008	1.6873	-	-	-	-	O
C63958866      none	B	[!#1:1][CX4H2:2]!@[CX4H2:3][!#1:4]	60.0046	3.99483	-	-	-	-	G
C63958866      none	B	[!#1:1][CX4:2]!@[CX4:3][!#1:4]	65.5723	7.06239	-	-	-	-	G
C63958866      none	B	[a:1][c:2]!@[C:3](=[$([N][!#1]):4])([$(N(C)[!#1])])	-179.671	4.43686	-	-	-	-	G
C38779184      none	B	[*:1]~[CX4:2]!@[n:3]~[*:4]	60.0056	3.54922	-	-	-	-	G
C38779184      none	B	[$([C](=O)):1][NX3H1:2]!@[$([a]([nH0,o])):3][cH1:4]	-30.0102	3.65591	-	-	-	-	R
C38779184      none	B	[O:1]=[CX3:2]!@[NX3H1:3][!#1:4]	0.00887961	63.7893	-	-	-	-	G
C38779184      none	B	[!#1:1][CX4H2:2]!@[CX3:3]=[O:4]	-30.0006	3.82256	-	-	-	-	G
C38779184      none	B	[!#1:1][CX4:2]!@[SX2:3][!#1:4]	-59.998	7.13757	-	-	-	-	G
C38779184      none	B	[!#1:1][CX3:2]!@[SX2:3][!#1:4]	29.7357	1.50602	-	-	-	-	O
C12048189      none	B	[a:1][c:2]!@[C:3]([NH0])=[O:4]	60.0071	3.02778	-	-	-	-	G
C12048189      none	B	[O:1]=[CX3:2](a)!@[NX3H0:3][!#1:4]	-149.734	2.19542	-	-	-	-	O
C12048189      none	B	[cH0:1][c:2]([cH0])!@[CX3:3]=[O:4]	-60.0033	2.48131	-	-	-	-	G
C12048189      none	B	[$([cH0]([CX3])):1][c:2]([cH1])!@[O:3][C:4]	-120.002	0.347222	-	-	-	-	R
C12048189      none	B	[c:1][CX4H2:2]!@[OX2:3][c:4]	-150	1.12166	-	-	-	-	R
C12048189      none	B	[nX2r6:1][cH0r6:2]([cH1r6])!@[CX4H2:3][O!H:4]	-44.9978	1.35135	-	-	-	-	R
C12048189      none	B	[O:1]=[C:2]!@[O:3]~[C:4]	0.00841449	74.4927	-	-	-	-	G
C22173828      none	B	[$([cH0]!@[*^2]):1][c:2]([cH1])!@[CX3:3]=[O:4]	-30.032	2.63682	-	-	-	-	O
C22173828      none	B	[!#1:1][CX4H2:2]!@[CX3:3]=[O:4]	0.00359198	19.1789	-	-	-	-	G
C22173828      none	B	[!#1:1][CX4:2]!@[SX2:3][!#1:4]	179.996	11.1654	-	-	-	-	G
C22173828      none	B	[aH0:1][c:2]([aH0])!@[SX2:3][!#1:4]	-29.9949	0.51573	-	-	-	-	O
C22173828      none	B	[a:1][c:2]!@[NX3H1:3][$([CX4r]([C;r])([C;r])):4]	0.000815053	14.4886	-	-	-	-	G
C22173828      none	B	[!#1:1][CX4H1:2]!@[NX3:3][!#1:4]	-158.619	2.4687	-	-	-	-	G
C04566614      none	B	[*:1]~[CX4:2]!@[NX4:3]~[*:4]	40.0072	2.08461	-	-	-	-	G
C04566614      none	B	[OX2:1][CX4:2]!@[CX4:3][N:4]	-80.0115	3.59551	-	-	-	-	O
C04566614      none	B	[OX2:1][CX4:2]!@[CX4:3][OX2:4]	-59.9983	16.2177	-	-	-	-	G
C04566614      none	B	[OX2:1][CX4:2]!@[CX4:3][OX2:4]	-159.998	0.511128	-	-	-	-	G
C04566614      none	B	[OX2:1][CX4:2]!@[CX4:3][OX2:4]	60.0071	14.3222	-	-	-	-	G
C04566614      none	B	[OX2:1][CX4:2]!@[CX4:3][OX2:4]	-79.9998	2.4811	-	-	-	-	G
C24343375      none	B	[$(C=O):1][NX3H1:2]!@[c:3]([cH1])[cH1:4]	29.9812	5.05437	-	-	-	-	G
C24343375      none	B	[cH1:1][a:2]([cH1])!@[a:3]([sX2,o,nX2H0,nX3H1:4])([cH1])	0.00263088	11.7616	-	-	-	-	G
C24343375      none	B	[O:1]=[CX3:2]!@[NX3H1:3][!#1:4]	0.0069341	63.7893	-	-	-	-	G
C24343375      none	B	[O:1]=[CX3:2]([NH1])!@[CH2:3][C:4]	89.9939	2.11706	-	-	-	-	O
C24343375      none	B	[!#1:1][CX4H2:2]!@[CX4H2:3][!#1:4]	-60.0009	3.77933	-	-	-	-	G
C24343375      none	B	[!#1:1][CH2:2]!@[n:3][cH0:4]	90.3075	14.7896	-	-	-	-	G
C24343375      none	B	[aH1:1][c:2]([aH1])!@[SX4:3][!#1:4]	-89.9916	12.5987	-	-	-	-	G
C24343375      none	B	[*:1][$(S(=O)=O):2]!@[NX3H0r:3][*:4]	-89.6787	4.88152	-	-	-	-	G
C50242051      none	B	[aH0:1][c:2]([aH1])!@[SX4:3][!#1:4]	149.983	0.396301	-	-	-	-	R
C50242051      none	B	[*:1][$(S(=O)=O):2]!@[NX3H0r:3][*:4]	-89.6892	4.88152	-	-	-	-	G
C33263611      none	B	[$(C=O):1][NX3H1:2]!@[c:3]([cH1])[cH1:4]	-30.0238	5.05437	-	-	-	-	G
C33263611      none	B	[O:1]=[CX3:2]!@[NX3H1:3][!#1:4]	0.00517662	63.7893	-	-	-	-	G
C33263611      none	B	[C:1][CX4:2]!@[CX3:3]=[O:4]	-119.932	3.42432	-	-	-	-	G
C33263611      none	B	[O:1]=[CX3:2](a)!@[NX3H0:3][!#1:4]	149.999	2.50464	-	-	-	-	G
C33263611      none	B	[a:1][c:2]!@[C:3]([NH0])=[O:4]	150.332	1.44444	-	-	-	-	G
C33263611      none	B	[s:1][c:2]!@[C:3]([NH1])=[O:4]	-179.694	7.69231	-	-	-	-	R
C33263611      none	B	[O:1]=[CX3:2]!@[NX3H1:3][!#1:4]	0.00338999	63.7893	-	-	-	-	G
C33263611      none	B	[$(C=O):1][NX3H1:2]!@[c:3]([cH1])[cH1:4]	150.003	5.05437	-	-	-	-	G
C12659851      none	B	[O-:1][N+:2](=O)!@[c:3]([cH,nX2H0])[cH,nX2H0:4]	179.986	23.2156	-	-	-	-	G
C12659851      none	B	[cH0:1][c:2]!@[CX4H1:3][a:4]	149.493	2.80552	-	-	-	-	G
C12659851      none	B	[O:1]=[C:2]([O-])!@[CX4H1:3][H:4]	89.9929	0.86741	-	-	-	-	O
CHEMBL492469      none	B	[!#1:1][CH2:2]!@[n:3][cH0:4]	-89.9984	15.4696	-	-	-	-	G
CHEMBL492469      none	B	[!#1:1][CX4:2]!@[CX4:3][!#1:4]	-160	1.85018	-	-	-	-	G
CHEMBL492469      none	B	[O:1]=[C:2]([O-])!@[CX4H1:3][H:4]	0.000919407	0.495663	-	-	-	-	O
CHEMBL14712      none	-	-	-	-	-	-	-	-	-
C23142060      none	B	[cH0:1][c:2]!@[CX4H2:3][CX4:4]	-90.0014	18.481	-	-	-	-	G
C23142060      none	B	[!#1:1][CX4H2:2]!@[CX4H2:3][!#1:4]	60.0006	3.99483	-	-	-	-	G
C23142060      none	B	[!#1:1][CX4:2]!@[CX3H0:3][!#1:4]	-89.998	2.97335	-	-	-	-	G
C23142060      none	B	[*:1]~[cX3:2]!@[NX2:3]~[*:4]	-59.7012	1.53044	-	-	-	-	O
C16593887      none	B	[aH1:1][c:2]([aH1])!@[SX4:3][!#1:4]	90.0022	12.916	-	-	-	-	G
C16593887      none	B	[c:1][$(S(=O)=O):2]!@[NX3H1:3][C:4]	-60.0028	13.7514	-	-	-	-	G
C16593887      none	B	[$(S(=O)(=O)):1][NX3H1:2]!@[CX4H1:3][H:4]	30.0063	11.9705	-	-	-	-	G
C16593887      none	B	[!#1:1][CX4:2]!@[CX4:3][!#1:4]	179.999	22.1548	-	-	-	-	G
C16593887      none	B	[NH1:1][CX4:2]!@[CX3:3]=[O:4]	-60.0029	1.73074	-	-	-	-	O
C16593887      none	B	[O:1]=[CX3:2]!@[NX3H1:3][!#1:4]	-0.000409396	63.7893	-	-	-	-	G
C16593887      none	B	[*:1]~[NX3:2]!@[NX3:3]~[*:4]	180	7.3164	-	-	-	-	G
C16593887      none	B	[O:1]=[CX3:2]!@[NX3H1:3][!#1:4]	-0.00492949	63.7893	-	-	-	-	G
C16593887      none	B	[cH1:1][c:2]([cH1])!@[C:3]([NH1,NH2])=[O:4]	-152.988	8.78518	-	-	-	-	G
C16593887      none	B	[aH1:1][c:2]([aH1])!@[SX4:3][!#1:4]	-89.9983	12.5987	-	-	-	-	G
C16593887      none	B	[c:1][$(S(=O)=O):2]!@[NX3H0:3][C:4]	89.9926	4.81691	-	-	-	-	G
C50007086      none	B	[a,!nX2H0:1][a:2]([!nX2H0])!@[a:3]([nX2H0])[nX2H0:4]	-59.9998	0	-	-	-	-	R
C50007086      none	B	[*:1]~[cX3:2]!@[NX2:3]~[*:4]	119.992	1.45599	-	-	-	-	O
C50007086      none	B	[!#1:1][CX4:2]!@[CX3H0:3][!#1:4]	59.997	4.20603	-	-	-	-	G
C50007086      none	B	[$([CX3]=O):1][NX3H1:2]!@[CX4H2:3][C:4] 	-89.9983	7.35439	-	-	-	-	G
C50007086      none	B	[O:1]=[CX3:2]!@[NX3H1:3][!#1:4]	0.00454581	63.7893	-	-	-	-	G
C50007086      none	B	[cH1:1][c:2]([cH1])!@[C:3]([NH1,NH2])=[O:4]	-27.0024	8.39053	-	-	-	-	G
C38598442      none	B	[cH1:1][c:2]([cH1])!@[O:3][C:4]	0.00504877	26.3009	-	-	-	-	G
C38598442      none	B	[cH0:1][c:2]([cH1])!@[O:3][C:4]	89.9956	0.6255	-	-	-	-	R
C38598442      none	B	[!#1:1][CX4:2]!@[CX4:3][!#1:4]	160.005	1.81259	-	-	-	-	G
C38598442      none	B	[C:1][CX4H2:2]!@[CX3:3]=[O:4]	90.0052	1.30773	-	-	-	-	O
C38598442      none	B	[*:1]~[CX3:2]!@[NX2:3]~[*:4]	-59.9973	0.126195	-	-	-	-	G
C39558358      none	B	[$([cH0](=O)):1][c:2]([cH1])!@[CX3:3]([NX3H1,NX3H2])=[O:4]	59.9775	0	-	-	-	-	R
C39558358      none	B	[O:1]=[CX3:2]!@[NX3H1:3][!#1:4]	-0.00856835	63.7893	-	-	-	-	G
C39558358      none	B	[$(C=O):1][NX3H1:2]!@[c:3]([cH1])[cH1:4]	-29.9935	5.05437	-	-	-	-	G
C39558358      none	B	[$(S(=O)(=O)):1][NH1:2]!@[c:3]([cH1])[cH1:4]	-59.7061	3.81356	-	-	-	-	G
C39558358      none	B	[*:1][$(S(=O)=O):2]!@[NX3H1:3][*:4]	90.0017	4.90782	-	-	-	-	G
C32602445      none	B	[N:1][CX4:2]!@[CX3:3]=[O:4]	-150.029	3.58916	-	-	-	-	G
C44176626      none	B	[$(C=O):1][NX3H1:2]!@[c:3]([cH1])[cH1:4]	150.014	5.05437	-	-	-	-	G
C44176626      none	B	[O:1]=[CX3:2]!@[NX3H1:3][!#1:4]	0.00685141	63.7893	-	-	-	-	G
C44176626      none	B	[O:1]=[CX3:2]!@[NX3H0:3][!#1:4]	30.2754	0.680979	-	-	-	-	O
C44176626      none	B	[O:1]=[CX3:2](a)!@[NX3H0:3][!#1:4]	149.998	2.50464	-	-	-	-	G
C44176626      none	B	[N:1][CX4:2]!@[CX3:3]=[O:4]	89.6466	0.374597	-	-	-	-	O
C44176626      none	B	[O:1]=[CX3:2]!@[NX3H1:3][!#1:4]	0.00596222	63.7893	-	-	-	-	G
C44176626      none	B	[$([CX3]=O):1][NX3H1:2]!@[CX4H2:3][C:4] 	-90.0064	7.35439	-	-	-	-	G
C44176626      none	B	[OX2:1][CX4:2]!@[CX4:3][N:4]	-61.709	14.8764	-	-	-	-	G
C44176626      none	B	[a:1][c:2]!@[C:3]([NH0])=[O:4]	120.282	4.19444	-	-	-	-	G
C26966544      none	B	[cH1:1][a:2]([cH1])!@[a:3]([sX2,o,nX2H0,nX3H1:4])([cH1])	-30.0022	3.71145	-	-	-	-	G
C26966544      none	B	[a:1][c:2]!@[CX3:3]=[CX3H0:4]	90.0026	1.52036	-	-	-	-	G
C26966544      none	B	[c:1][c:2]!@[c:3]([cH0])[nX2H0:4]	-119.432	2.23829	-	-	-	-	O
C26966544      none	B	[O-:1][N+:2](=O)!@[c:3]([cH,nX2H0])[cH,nX2H0:4]	-179.727	23.2156	-	-	-	-	G
C26966544      none	B	[*^2:1]~[C^2:2]([!H])!@[C^2:3]~[*^2:4]	-150.001	1.11601	-	-	-	-	G
C26966544      none	B	[O:1]=[CX3:2]!@[NX3H1:3][!#1:4]	0.00151631	63.7893	-	-	-	-	G
C26966544      none	B	[$(C=O):1][NX3H1:2]!@[CX4H1:3][H:4]	-60.0001	1.23735	-	-	-	-	G
C19230606      none	B	[a:1][c:2]!@[NX3H1:3][$([CX4r]([C;r])([C;r])):4]	180	15.9091	-	-	-	-	G
C19230606      none	B	[!#1:1][CX4H1:2]!@[NX3:3][!#1:4]	57.3297	5.65868	-	-	-	-	G
C65892841      none	B	[!#1:1][CH2:2]!@[n:3][cH0:4]	-135.002	0.148746	-	-	-	-	R
C65892841      none	B	[!#1:1][CX4H2:2]!@[CX3:3]=[O:4]	59.9959	1.20812	-	-	-	-	G
C65892841      none	B	[O:1]=[CX3:2]!@[NX3H1:3][!#1:4]	0.0086518	63.7893	-	-	-	-	G
C65892841      none	B	[*:1]~[NX3:2]!@[NX3:3]~[*:4]	149.998	1.2148	-	-	-	-	G
C65892841      none	B	[O:1]=[CX3:2]([$([NX3H1]C)])!@[NX3H1:3][!#1:4]	0.00148771	41.1343	-	-	-	-	G
C65892841      none	B	[O:1]=[CX3:2]([$([NX3H1]C)])!@[NX3H1:3][!#1:4]	-0.00512676	41.1343	-	-	-	-	G
C65892841      none	B	[$(C=O):1][NX3H1:2]!@[CX4H1:3][H:4]	-30.0002	6.97413	-	-	-	-	G
C65892841      none	B	[O-:1][N+:2](=O)!@[c:3]([cH,nX2H0])[cH,nX2H0:4]	179.968	23.2156	-	-	-	-	G
C09490968      none	B	[a:1][c:2]!@[CX4H2:3][!#1:4]	-120.005	2.51495	-	-	-	-	G
C09490968      none	B	[!#1:1][CX4:2]!@[SX2:3][!#1:4]	-160	3.18377	-	-	-	-	G
C09490968      none	B	[aH1:1][c:2]([aH0])!@[SX2:3][!#1:4]	149.695	0.155642	-	-	-	-	R
C09490968      none	B	[$(C=O):1][NX3:2]!@[a:3][aH0:4]	0.0036852	4.11379	-	-	-	-	G
C09490968      none	B	[O:1]=[C:2]([!$([NH1])])!@[NX3H1:3]([H:4])[$(c([nX2H0])([nX2H0]))]	180	26.6667	-	-	-	-	G
C09490968      none	B	[*^2:1]~[C^2:2]([!H])!@[C^2:3]~[*^2:4]	120.275	0.806964	-	-	-	-	G
C09490968      none	B	[$(C=O):1][NX3H0:2]!@[CX4H1:3][H:4]	-60.0263	0.378151	-	-	-	-	R
C18804947      none	B	[a:1][ar5:2]!@[ar5:3][a:4]	0.302033	21.2405	-	-	-	-	G
C18804947      none	B	[aH0:1][c:2]([aH0])!@[SX2:3][!#1:4]	120.003	1.75348	-	-	-	-	G
C18804947      none	B	[!#1:1][CX4:2]!@[SX2:3][!#1:4]	179.997	11.1654	-	-	-	-	G
C18804947      none	B	[!#1:1][CX4H2:2]!@[CX3:3]=[O:4]	60.0001	1.20812	-	-	-	-	G
C18804947      none	B	[O:1]=[CX3:2]!@[NX3H1:3][!#1:4]	-0.00287891	63.7893	-	-	-	-	G
C18804947      none	B	[$(C=O):1][NX3H1:2]!@[CX4H1:3][H:4]	30.0011	9.46757	-	-	-	-	G
CHEMBL13260      none	B	[cH1:1][a:2]([cH1])!@[a:3]([cH1])[cH0:4]	-60.0028	6.36499	-	-	-	-	G
CHEMBL13260      none	B	[O-:1][N+:2](=O)!@[c:3]([cH0])[cH,nX2H0:4]	90.3315	0.274725	-	-	-	-	O
C40548239      none	B	[CX3:1]=[CX3:2]!@[CH2:3][OX2:4]	120.002	6.41221	-	-	-	-	G
C40548239      none	B	[C:1][CX4H2:2]!@[OX2:3][c:4]	150.002	0.884397	-	-	-	-	O
C40548239      none	B	[cH1:1][c:2]([cH1])!@[O:3][C:4]	-149.729	0.243246	-	-	-	-	R
C40548239      none	B	[a:1][c:2]!@[CX4H1:3][N,O:4]	-121.514	3.08052	-	-	-	-	G
C40548239      none	B	[c:1][c:2]!@[c:3][s,o,nX3H1:4]	60.2576	0.665746	-	-	-	-	R
C40548239      none	B	[$(C=O):1][NX3H0:2]!@[CX4H1:3][H:4]	89.9342	0.168067	-	-	-	-	R
C20994164      none	B	[$(C=O):1][NX3H1:2]!@[c:3](s)[n:4]	-0.0109035	0.574713	-	-	-	-	R
C20994164      none	B	[O:1]=[CX3:2]!@[NX3H1:3][!#1:4]	0.0125616	63.7893	-	-	-	-	G
C20994164      none	B	[C:1][CX4:2]!@[CX3:3]=[O:4]	119.872	3.75937	-	-	-	-	G
C20994164      none	B	[*:1][$(S(=O)=O):2]!@[NX3H0r:3][*:4]	90.0003	4.85782	-	-	-	-	G
C20994164      none	B	[aH1:1][c:2]([aH1])!@[SX4:3][!#1:4]	-149.716	0.324309	-	-	-	-	R
C48675869      none	B	[$(C=O):1][NX3:2]!@[a:3][aH0:4]	-89.7608	3.39746	-	-	-	-	G
C48675869      none	B	[!#1:1][CX4:2]!@[CX3H0:3][!#1:4]	-150.002	2.58987	-	-	-	-	G
C48675869      none	B	[*:1]~[N,n:2]!@[S:3]~[*:4]	59.9957	4.33354	-	-	-	-	G
C48675869      none	B	[aH1:1][c:2]([aH1])!@[SX4:3][!#1:4]	-89.6802	12.5987	-	-	-	-	G
C21075535      none	B	[$(C=O):1][NX3:2]!@[a:3][aH0:4]	149.995	1.842	-	-	-	-	O
C21075535      none	B	[O:1]=[CX3:2]!@[NX3H1:3][!#1:4]	0.00534167	63.7893	-	-	-	-	G
C21075535      none	B	[O:1]=[CX3:2]([NH1])!@[CH2:3][C:4]	60.0026	6.84932	-	-	-	-	G
C21075535      none	B	[!#1:1][CX4H2:2]!@[CX4H2:3][!#1:4]	179.999	58.554	-	-	-	-	G
C21075535      none	B	[!#1:1][CX4:2]!@[SX2:3][!#1:4]	-89.9981	3.00607	-	-	-	-	G
C21075535      none	B	[aH0:1][c:2]([aH0])!@[SX2:3][!#1:4]	-149.998	0.43837	-	-	-	-	O
C21075535      none	B	[a:1][a:2]!@[NX3:3][!#1:4]	150.001	1.85775	-	-	-	-	O
C21075535      none	B	[*:1]~[NX3:2]!@[NX2:3]~[*:4]	150.004	0.447375	-	-	-	-	O
C21075535      none	B	[cH1:1][c:2]([$([cH0][OH1])])!@[CX3:3]=[NX2:4]	-29.7276	0	-	-	-	-	G
C21075535      none	B	[O-:1][N+:2](=O)!@[c:3]([cH,nX2H0])[cH,nX2H0:4]	179.982	23.2156	-	-	-	-	G
CHEMBL542242      none	B	[O:1]=[C:2]([O-])!@[c:3][nX3H1:4]	180	34.7826	-	-	-	-	G
CHEMBL542242      none	B	[!#1:1][CH2:2]!@[n:3][a:4]	89.996	13.2097	-	-	-	-	G
CHEMBL542242      none	B	[!#1:1][CX4:2]!@[CX4:3][!#1:4]	-159.971	1.85018	-	-	-	-	G
CHEMBL542242      none	B	[O:1]=[C:2]([O-])!@[CX4H1:3][H:4]	90.0008	0.86741	-	-	-	-	O
C19108530      none	B	[$(C=O):1][NX3:2]!@[a:3][aH0:4]	149.999	1.842	-	-	-	-	O
C19108530      none	B	[O:1]=[CX3:2]!@[NX3H1:3][!#1:4]	-0.00195245	63.7893	-	-	-	-	G
C19108530      none	B	[OX2:1][CX4H2:2]!@[CX3:3]([$([NX3H1,NX3H2])])=[O:4]	-150.004	0.714286	-	-	-	-	O
C19108530      none	B	[$(C=O):1][O:2]!@[CH2:3]~[C:4]	90.0062	4.53893	-	-	-	-	G
C19108530      none	B	[O:1]=[C:2]!@[O:3]~[C:4]	-0.0091953	74.4927	-	-	-	-	G
C19108530      none	B	[NH1:1][CX4:2]!@[CX3:3]=[O:4]	30.0024	2.12896	-	-	-	-	G
C19108530      none	B	[$(S(=O)(=O)):1][NX3H1:2]!@[CX4H2:3][!#1:4]	90.0013	3.00429	-	-	-	-	G
C19108530      none	B	[c:1][$(S(=O)=O):2]!@[NX3H1:3][C:4]	89.9976	2.64026	-	-	-	-	G
C19108530      none	B	[aH1:1][c:2]([aH1])!@[SX4:3][!#1:4]	90.2725	12.916	-	-	-	-	G
C15896047      none	B	[c:1][$(S(=O)=O):2]!@[NX3H0:3][C:4]	90.0099	4.81691	-	-	-	-	G
C15896047      none	B	[aH1:1][c:2]([aH1])!@[SX4:3][!#1:4]	150.278	0.260857	-	-	-	-	R
C15896047      none	B	[cH1:1][c:2]([cH1])!@[C:3]([NH1,NH2])=[O:4]	-27.2481	8.39053	-	-	-	-	G
C15896047      none	B	[O:1]=[CX3:2]!@[NX3H1:3][!#1:4]	-0.00988805	63.7893	-	-	-	-	G
C15896047      none	B	[*:1]~[NX3:2]!@[NX3:3]~[*:4]	149.994	1.2148	-	-	-	-	G
C15896047      none	B	[O:1]=[CX3:2]!@[NX3H1:3][!#1:4]	0.0289424	63.7893	-	-	-	-	G
C15896047      none	B	[cH1:1][c:2]([cH1])!@[C:3]([NH1,NH2])=[O:4]	-27.0102	8.39053	-	-	-	-	G
C15896047      none	B	[cH0:1][c:2]([cH,nX2H0])!@[NX3H0:3][CX4:4]	-89.7044	1.8357	-	-	-	-	G
C15896047      none	B	[O-:1][N+:2](=O)!@[c:3]([cH0])[cH,nX2H0:4]	0.251814	12.6374	-	-	-	-	G
C09576820      none	B	[!#1:1][CX4:2]!@[CX4:3][!#1:4]	60.0049	12.3771	-	-	-	-	G
C09576820      none	B	[!#1:1][CX4H2:2]!@[CX4H2:3][!#1:4]	180	58.554	-	-	-	-	G
C09576820      none	B	[$([CX3]=O):1][NX3H1:2]!@[CX4H2:3][C:4] 	179.996	6.46594	-	-	-	-	G
C09576820      none	B	[O:1]=[CX3:2]!@[NX3H1:3][!#1:4]	-0.00528351	63.7893	-	-	-	-	G
C09576820      none	B	[O:1]=[CX3:2]!@[CX3:3]=[O:4]	-60.0049	0.346021	-	-	-	-	R
C09576820      none	B	[O:1]=[CX3:2]!@[NX3H1:3][!#1:4]	0.00366145	63.7893	-	-	-	-	G
C09576820      none	B	[$([CX3]=O):1][NX3H1:2]!@[CX4H2:3][C:4] 	89.9977	7.35439	-	-	-	-	G
C09576820      none	B	[OX2:1][CX4:2]!@[CX4:3][N:4]	-160.65	1.21348	-	-	-	-	O
C09576820      none	B	[*:1][$(S(=O)=O):2]!@[NX3H0r:3][*:4]	-90.0012	4.88152	-	-	-	-	G
C09576820      none	B	[aH1:1][c:2]([aH1])!@[SX4:3][!#1:4]	-109.731	4.53328	-	-	-	-	G
C66739990      none	B	[a:1][c:2]!@[CX4H1:3][N,O:4]	0.000735997	1.53503	-	-	-	-	G
C66739990      none	B	[c:1][c:2]!@[c:3][s,o,nX3H1:4]	0.277422	17.837	-	-	-	-	G
C58309050      none	B	[$(C=O):1][NX3H1:2]!@[c:3]([cH1])[cH1:4]	-30.024	5.05437	-	-	-	-	G
C58309050      none	B	[aH1:1][c:2]([aH1])!@[SX4:3][!#1:4]	109.999	4.92809	-	-	-	-	G
C58309050      none	B	[*:1][$(S(=O)=O):2]!@[NX3H0r:3][*:4]	-89.7102	4.88152	-	-	-	-	G
C58309050      none	B	[O:1]=[CX3:2]([$([NX3H1]C)])!@[NX3H1:3][!#1:4]	-0.0096035	41.1343	-	-	-	-	G
C58309050      none	B	[O:1]=[CX3:2]([$([NX3H1]C)])!@[NX3H1:3][!#1:4]	180	9.5176	-	-	-	-	R
C58309050      none	B	[$(C=O):1][NX3H1:2]!@[CX4H1:3][H:4]	-30.0003	6.97413	-	-	-	-	G
C65008635      none	B	[aH1:1][c:2]([aH1])!@[SX4:3][!#1:4]	89.9944	12.916	-	-	-	-	G
C65008635      none	B	[*:1]~[N,n:2]!@[S:3]~[*:4]	90.0027	2.07924	-	-	-	-	G
C65008635      none	B	[*:1]~[CX3:2]!@[NX3:3]~[*:4]	-0.000484221	27.0519	-	-	-	-	G
C65008635      none	B	[C:1][CX4H2:2]!@[NX3:3][C:4]	180	3.30615	-	-	-	-	G
C65008635      none	B	[!#1:1][CX4H2:2]!@[CX4H2:3][!#1:4]	-59.9982	3.77933	-	-	-	-	G
C65008635      none	B	[n,o,s:1][c:2]!@[CX4H2:3][CX4:4]	-44.675	0.972326	-	-	-	-	O
C65008635      none	B	[cH1:1][c:2]!@[c:3]([cH1])[nX2H0:4]	150.264	1.9028	-	-	-	-	G
C65008635      none	B	[O-:1][N+:2](=O)!@[c:3]([cH,nX2H0])[cH,nX2H0:4]	179.919	23.2156	-	-	-	-	G
C48986426      none	B	[$([CX3]=O):1][NX3H0:2](C)!@[CX4H2:3][C:4]	-90.0009	15.9949	-	-	-	-	G
C48986426      none	B	[O:1]=[CX3:2]!@[NX3H0:3][!#1:4]	-0.00242113	25.0866	-	-	-	-	G
C48986426      none	B	N[C:2](=[O:1])!@[CH2:3][N:4]	-0.00364865	9.82143	-	-	-	-	G
C48986426      none	B	[O:1]=[CX3:2]!@[NX3H0:3][!#1:4]	0.3147	25.0866	-	-	-	-	G
C48986426      none	B	[O:1]=[CX3:2]!@[CX3:3]=[O:4]	59.9974	0.346021	-	-	-	-	R
C48986426      none	B	[O:1]=[CX3:2]!@[NX3H1:3][!#1:4]	-0.00508086	63.7893	-	-	-	-	G
C48986426      none	B	[$([CX3]=O):1][NX3H1:2]!@[CX4H2:3][C:4] 	90.0085	7.35439	-	-	-	-	G
C48986426      none	B	[!#1:1][CX4:2]!@[CX3H0:3][!#1:4]	89.9886	2.78327	-	-	-	-	G
C67053750      none	B	[O:1]=[CX3:2]!@[NX3H1:3][!#1:4]	0.00708138	63.7893	-	-	-	-	G
C67053750      none	B	[$(C=O):1][NX3H1:2]!@[CX4H2:3][!#1:4]	-90.0076	7.86473	-	-	-	-	G
C67053750      none	B	[a:1][c:2]!@[CX4H2:3][!#1:4]	-44.6735	1.62815	-	-	-	-	O
C67053750      none	B	[s:1][c:2]!@[C:3]([NH1])=[O:4]	-179.779	7.69231	-	-	-	-	R
C67053750      none	B	[O:1]=[CX3:2]!@[NX3H1:3][!#1:4]	-0.000988149	63.7893	-	-	-	-	G
C67053750      none	B	[$(C=O):1][NX3:2]!@[a:3][aH0:4]	-60.0009	2.68113	-	-	-	-	G
C67053750      none	B	[cH0:1][a:2]([cH1])!@[a:3]([sX2,o,nX2H0,nX3H1:4])([cH1])	150.003	3.42205	-	-	-	-	G
C64029088      none	B	[*:1]~[cX3:2]!@[NX2:3]~[*:4]	179.996	15.3541	-	-	-	-	G
C64029088      none	B	[!#1:1][CX4:2]!@[CX3H0:3][!#1:4]	-60.0003	4.40277	-	-	-	-	G
C64029088      none	B	[$([CX3]=O):1][NX3H1:2]!@[CX4H2:3][C:4] 	-90.0005	7.35439	-	-	-	-	G
C64029088      none	B	[O:1]=[CX3:2]!@[NX3H1:3][!#1:4]	0.00792535	63.7893	-	-	-	-	G
C64029088      none	B	[O:1][CX4:2]!@[CX3:3]=[O:4]	-175.418	6.67845	-	-	-	-	G
C20673427      none	B	[*:1]~[CX3:2]!@[NX2:3]~[*:4]	60.316	0.110899	-	-	-	-	G
C20673427      none	B	[!#1:1][CX4:2]!@[CX4:3][!#1:4]	80.0024	1.75235	-	-	-	-	G
C20673427      none	B	[O:1]=[CX3:2]([NH1])!@[CH2:3][C:4]	90.001	2.11706	-	-	-	-	O
C20673427      none	B	[O:1]=[CX3:2]!@[NX3H1:3][!#1:4]	-0.0104754	63.7893	-	-	-	-	G
C20673427      none	B	[$(C=O):1][NX3H1:2]!@[c:3]([cH1])[cH1:4]	-30.0037	5.05437	-	-	-	-	G
C20673427      none	B	[cH1:1][c:2](cO)!@[O:3][C:4]	-89.9726	0.35524	-	-	-	-	R
C20673427      none	B	[$(cO):1][c:2](cO)!@[O:3][C:4]	60.002	1.68593	-	-	-	-	G
C20673427      none	B	[cH1:1][c:2](cO)!@[O:3][C:4]	-89.7551	0.35524	-	-	-	-	R
C61019603      none	B	[c:1][$(S(=O)=O):2]!@[NX3H1:3][C:4]	59.9993	14.5215	-	-	-	-	G
C61019603      none	B	[aH1:1][c:2]([aH1])!@[SX4:3][!#1:4]	90.2792	12.916	-	-	-	-	G
C61019603      none	B	[$([cH0](F)):1][c:2]([cH1])!@[CX3:3]([O,N])=[O:4]	-30.0026	1.35135	-	-	-	-	O
C61019603      none	B	[*:1]~[CX3:2]!@[NX2:3]~[*:4]	-60.0017	0.126195	-	-	-	-	G
C15107500      none	B	[*:1]~[CX3:2]!@[NX2:3]~[*:4]	-149.676	0.198853	-	-	-	-	O
C15107500      none	B	[!#1:1][CX4:2]!@[CX4:3][!#1:4]	80.0014	1.75235	-	-	-	-	G
C15107500      none	B	[O:1]=[CX3:2]([NH1])!@[CH2:3][C:4]	120.008	0.124533	-	-	-	-	O
C15107500      none	B	[O:1]=[CX3:2]!@[NX3H1:3][!#1:4]	-0.0112242	63.7893	-	-	-	-	G
C15107500      none	B	[$(C=O):1][NX3H1:2]!@[c:3]([cH1])[cH1:4]	30.0052	5.05437	-	-	-	-	G
C66076586      none	B	[a,!nX2H0:1][a:2]([!nX2H0])!@[a:3]([nX2H0])[nX2H0:4]	179.999	32.5	-	-	-	-	G
C66076586      none	B	[*:1]~[cX3:2]!@[NX2:3]~[*:4]	120.007	1.45599	-	-	-	-	O
C66076586      none	B	[!#1:1][CX4:2]!@[CX3H0:3][!#1:4]	149.989	3.04782	-	-	-	-	O
C66076586      none	B	[$(C=O):1][NX3H1:2]!@[CX4H1:3][H:4]	-29.9978	6.97413	-	-	-	-	G
C66076586      none	B	[O:1]=[CX3:2]!@[NX3H1:3][!#1:4]	-0.00139233	63.7893	-	-	-	-	G
C66076586      none	B	[C:1][CX4:2]!@[CX3:3]=[O:4]	138.696	1.89104	-	-	-	-	G
C50254689      none	B	[aH1:1][c:2]([aH1])!@[SX4:3][!#1:4]	70.0059	5.04089	-	-	-	-	G
C50254689      none	B	[c:1][S:2](=O)(=O)!@[NX2H0-:3]-[*:4]	89.9995	2.77778	-	-	-	-	G
C50254689      none	B	[$(S(=O)(=O)):1][NH0:2]!@[c:3]([cH1])[cH1:4]	89.6818	15.7025	-	-	-	-	G
C50254689      none	B	[!#1:1][CH2:2]!@[n:3][a:4]	-90.0019	13.2844	-	-	-	-	G
C50254689      none	B	[!#1:1][CX4H2:2]!@[CX3:3]=[O:4]	-150	0.689004	-	-	-	-	O
C50254689      none	B	[O:1]=[C:2]!@[O:3]~[C:4]	0.00368279	74.4927	-	-	-	-	G
C63234552      none	B	[*^2:1]~[C^2:2]([!H])!@[C^2:3]~[*^2:4]	119.974	0.806964	-	-	-	-	G
C63234552      none	B	[O:1][CX4:2]!@[CX3:3]=[O:4]	149.998	2.2196	-	-	-	-	G
C63234552      none	B	[$(C=O):1][O:2]!@[CH2:3]~[C:4]	180	23.3458	-	-	-	-	G
C63234552      none	B	[O:1]=[C:2]!@[O:3]~[C:4]	0.0146402	74.4927	-	-	-	-	G
C63234552      none	B	[C:1][CX4H2:2]!@[CX3:3]=[O:4]	180	0.645588	-	-	-	-	R
C63234552      none	B	[CX3:1]=[CX3:2]!@[CH2:3][C:4]	-120.003	8.72666	-	-	-	-	G
C23140970      none	B	[a:1][c:2]!@[C:3]([NH0])=[O:4]	119.999	4.19444	-	-	-	-	G
C23140970      none	B	[O:1]=[CX3:2](a)!@[NX3H0:3][!#1:4]	150.274	2.50464	-	-	-	-	G
C23140970      none	B	[C:1][CX4:2]!@[CX3:3]=[O:4]	-29.9393	3.42621	-	-	-	-	G
C23140970      none	B	[O:1]=[C:2]!@[$([NX3](c([nH1])n)):3][H:4]	179.99	53.1915	-	-	-	-	G
C23140970      none	B	[$(C=O):1][NX3:2]!@[a:3][nH:4]	0.00268105	44.9275	-	-	-	-	G
CHEMBL121388      none	B	[!#1:1][CH2:2]!@[n:3][cH0:4]	-90.022	15.4696	-	-	-	-	G
CHEMBL121388      none	B	[!#1:1][CX4:2]!@[CX4:3][!#1:4]	180	22.1548	-	-	-	-	G
CHEMBL121388      none	B	[O:1]=[C:2]([O-])!@[CX4H1:3][H:4]	0.00420418	0.495663	-	-	-	-	O
C66736949      none	B	[C:1][CH2:2]!@[O:3][CX4:4]	180	35.2689	-	-	-	-	G
C66736949      none	B	[OX2:1][CX4H2:2]!@[CX4H2:3][Nr:4]	179.999	8.33333	-	-	-	-	G
C66736949      none	B	[$([CX3]=O):1][NX3H0:2](C)!@[CX4H2:3][C:4]	-90.3074	15.9949	-	-	-	-	G
C66736949      none	B	[!#1:1][CX4:2]!@[CX3H0:3][!#1:4]	149.996	3.04782	-	-	-	-	G
C66736949      none	B	[*:1]~[N,n:2]!@[S:3]~[*:4]	29.9957	2.49131	-	-	-	-	G
C66736949      none	B	[aH1:1][c:2]([aH1])!@[SX4:3][!#1:4]	90.2746	12.916	-	-	-	-	G
C64480035      none	B	[a:1][c:2]!@[C:3](=[$([N][!#1]):4])([$(N(C)[!#1])])	-179.688	4.43686	-	-	-	-	G
C64480035      none	B	[!#1:1][CX4:2]!@[CX4:3][!#1:4]	-39.9998	0.976141	-	-	-	-	G
C64480035      none	B	[!#1:1][CX4H2:2]!@[CX4H2:3][!#1:4]	180	58.554	-	-	-	-	G
C64480035      none	B	[$([CX3]=O):1][NX3H1:2]!@[CX4H2:3][C:4] 	-150	1.7769	-	-	-	-	O
C64480035      none	B	[O:1]=[CX3:2]!@[NX3H1:3][!#1:4]	-0.00504922	63.7893	-	-	-	-	G
C64480035      none	B	[C:1][CX4:2]!@[CX3:3]=[O:4]	-119.959	3.42432	-	-	-	-	G
C64480035      none	B	[*:1]~[CX3:2]!@[NX3:3]~[*:4]	150.266	0.571247	-	-	-	-	G
C50393451      none	B	[!#1:1][CX4H2:2]!@[CX4H2:3][!#1:4]	179.998	58.554	-	-	-	-	G
C50393451      none	B	[!#1:1][CX4:2]!@[CX4:3][!#1:4]	-40	0.976141	-	-	-	-	G
C50393451      none	B	[N:1][CX4:2]!@[CX3:3]=[O:4]	-119.997	0.897291	-	-	-	-	G
C50393451      none	B	[*:1]~[CX4:2]!@[NX4:3]~[*:4]	-160	2.15596	-	-	-	-	G
C50393451      none	B	[*:1]~[CX4:2]!@[NX4:3]~[*:4]	40.0012	2.08461	-	-	-	-	G
C16955009      none	B	[cH1:1][c:2]([cH1])!@[O:3][C:4]	-179.725	26.896	-	-	-	-	G
C16955009      none	B	[cH1:1][a:2]([cH1])!@[a:3]([cH0])[cH0:4]	-60.0073	5.89253	-	-	-	-	G
C16955009      none	B	[a:1][c:2]!@[CX4H2:3][a:4]	134.996	1.74812	-	-	-	-	O
C16955009      none	B	[aH0:1][c:2]([aH0])!@[SX2:3][!#1:4]	150.002	0.567303	-	-	-	-	O
C16955009      none	B	[!#1:1][CX4:2]!@[SX2:3][!#1:4]	-60.0084	7.13757	-	-	-	-	G
C16955009      none	B	[!#1:1][CX4H2:2]!@[CX3:3]=[O:4]	-59.9929	1.45352	-	-	-	-	G
C16955009      none	B	[O:1]=[CX3:2]!@[NX3H1:3][!#1:4]	0.00016893	63.7893	-	-	-	-	G
C16955009      none	B	[$(C=O):1][NX3H1:2]!@[c:3]([cH0]F)[cH:4]	-29.7244	8.77193	-	-	-	-	G
C16955009      none	B	[a:1][c:2]!@[CX4H2:3][a:4]	90.2745	4.86842	-	-	-	-	G
C63336425      none	B	[CX3:1]=[CX3:2]!@[CH2:3][C:4]	-90.0367	7.30051	-	-	-	-	G
C63336425      none	B	[!#1:1][CX4:2]!@[CX4:3][!#1:4]	-60.0049	12.2558	-	-	-	-	G
C63336425      none	B	[O:1]=[C:2]([O-])!@[CX4H1:3][H:4]	0.00127806	0.495663	-	-	-	-	O
C63336425      none	B	[!#1:1][CX4H1:2]!@[NX3:3][!#1:4]	-150.003	2.59662	-	-	-	-	G
C63336425      none	B	[cH0:1][c:2]([cH,nX2H0])!@[NX3H1:3][CX4:4]	90.0045	0	-	-	-	-	R
C63336425      none	B	[aH1:1][c:2]([aH1])!@[SX4:3][!#1:4]	-69.9678	5.44275	-	-	-	-	G
C63336425      none	B	[O-:1][N+:2](=O)!@[c:3]([cH0])[cH,nX2H0:4]	90.28	0.274725	-	-	-	-	O
C63336425      none	B	[*:1][$(S(=O)=O):2]!@[NX3H0r:3][*:4]	-59.7732	8.17536	-	-	-	-	O
C62051973      none	B	[a:1][c:2]!@[CX4H2:3][!#1:4]	90.0002	7.24386	-	-	-	-	G
C62051973      none	B	[$(S(=O)(=O)):1][NX3H1:2]!@[CX4H2:3][!#1:4]	-119.998	2.14592	-	-	-	-	O
C62051973      none	B	[c:1][$(S(=O)=O):2]!@[NX3H1:3][C:4]	-89.9977	3.19032	-	-	-	-	G
C62051973      none	B	[aH0:1][c:2]([aH1])!@[SX4:3][!#1:4]	90.0046	4.49141	-	-	-	-	G
C40482789      none	B	[!#1:1][CX4H2:2]!@[CX4H2:3][!#1:4]	179.999	58.554	-	-	-	-	G
C40482789      none	B	[!#1:1][CX4:2]!@[CX4:3][!#1:4]	180	22.1548	-	-	-	-	G
C40482789      none	B	[NH1:1][CX4:2]!@[CX3:3]=[O:4]	-149.985	4.5183	-	-	-	-	G
C40482789      none	B	[$(C=O):1][NX3H1:2]!@[CX4H0:3][C:4]	180	11.3993	-	-	-	-	G
C40482789      none	B	[O:1]=[CX3:2]!@[NX3H1:3][!#1:4]	0.0023335	63.7893	-	-	-	-	G
C40482789      none	B	[N:1][CX4:2]!@[CX3:3]=[O:4]	-28.6453	5.37503	-	-	-	-	G
C11073709      none	B	[a:1][c:2]!@[CX4H0:3][CX3:4]	152.921	2.8259	-	-	-	-	G
C11073709      none	B	[$([CX3]=O):1][NX3H0:2](C)!@[CX4H2:3][C:4]	-89.9927	15.9949	-	-	-	-	G
C11073709      none	B	N[C:2](=[O:1])!@[CH2:3][N:4]	-90.0109	0.14881	-	-	-	-	R
C11073709      none	B	[O:1]=[CX3:2]!@[NX3H1:3][!#1:4]	-0.0026336	63.7893	-	-	-	-	G
C11073709      none	B	[$(C=O):1][NX3:2]!@[$([a]([cH1])):3][$([aH0](!@O)):4]	-150.002	2.68293	-	-	-	-	G
C11073709      none	B	[cH0:1][c:2]([cH1])!@[O:3][C:4]	180	48.7454	-	-	-	-	G
C11073709      none	B	[cH0:1][c:2]([cH1])!@[O:3][C:4]	180	48.7454	-	-	-	-	G
C04565590      none	B	[aH1:1][c:2]([aH1])!@[SX4:3][!#1:4]	89.9936	12.916	-	-	-	-	G
C04565590      none	B	[*:1]~[OX2:2]!@[SX4:3]~[*:4]	180	9.86873	-	-	-	-	G
C04565590      none	B	[C:1][CX4H2:2]!@[OX2:3][!#1:4]	79.9996	3.4026	-	-	-	-	G
C04565590      none	B	[OX2:1][CX4:2]!@[CX4:3][OX2:4]	179.955	13.4277	-	-	-	-	G
C04565590      none	B	[*:1]~[CX4:2]!@[NX2:3]~[*:4]	120.003	6.32565	-	-	-	-	G
C04565590      none	B	[$(C=O):1][NX3H1:2]!@[CX4H1:3][H:4]	-29.9881	6.97413	-	-	-	-	G
C04565590      none	B	[H:1][CX4H1:2]!@[O:3][CX4:4]	59.9515	4.42842	-	-	-	-	G
C04565590      none	B	[O:1]=[CX3:2]!@[NX3H1:3][!#1:4]	-0.0112163	63.7893	-	-	-	-	G
C04565590      none	B	[cH1:1][c:2]([cH1])!@[C:3]([NH1,NH2])=[O:4]	-152.982	8.78518	-	-	-	-	G
C38794407      none	B	[a:1][c:2]!@[CX4H2:3][!#1:4]	90.0019	7.24386	-	-	-	-	G
C38794407      none	B	[!#1:1][CX4:2]!@[SX4:3][!#1:4]	-174.68	7.34737	-	-	-	-	G
C38794407      none	B	[H:1][CX4H1:2]!@[SX4:3][!#1:4]	-80.0015	1.28535	-	-	-	-	G
C38794407      none	B	[!#1:1][CX4:2]!@[CX4:3][!#1:4]	180	22.1548	-	-	-	-	G
C38794407      none	B	[!#1:1][CX4H2:2]!@[CX4H2:3][!#1:4]	180	58.554	-	-	-	-	G
C38794407      none	B	[!#1:1][CX4H2:2]!@[CX4H2:3][!#1:4]	180	58.554	-	-	-	-	G
C38794407      none	B	[$(S(=O)(=O)):1][NX3H1:2]!@[CX4H2:3][!#1:4]	119.994	2.14592	-	-	-	-	O
C38794407      none	B	[c:1][$(S(=O)=O):2]!@[NX3H1:3][C:4]	-60.0006	13.7514	-	-	-	-	G
C38794407      none	B	[aH1:1][c:2]([aH1])!@[SX4:3][!#1:4]	90.2682	12.916	-	-	-	-	G
C44391910      none	B	[C:1][CX4:2]!@[CX3:3]=[O:4]	-89.9866	3.45082	-	-	-	-	G
C44391910      none	B	[*:1]~[CX4:2]!@[n:3]~[*:4]	180	3.53397	-	-	-	-	G
C44391910      none	B	[O:1]=[CX3:2]!@[NX3H1:3][!#1:4]	-0.00821631	63.7893	-	-	-	-	G
C44391910      none	B	[$([CX3]=O):1][NX3H1:2]!@[CX4H2:3][C:4] 	-89.9897	7.35439	-	-	-	-	G
C44391910      none	B	[!#1:1][CX4H2:2]!@[CX4H2:3][!#1:4]	59.9963	3.99483	-	-	-	-	G
C44391910      none	B	[$([CX3]=O):1][NX3H1:2]!@[CX4H2:3][C:4] 	180	6.46594	-	-	-	-	G
C44391910      none	B	[O:1]=[CX3:2]!@[NX3H1:3][!#1:4]	-0.0118588	63.7893	-	-	-	-	G
C44391910      none	B	[cH1:1][c:2]([cH1])!@[C:3]([NH1,NH2])=[O:4]	-152.993	8.78518	-	-	-	-	G
C44391910      none	B	[$(C=O):1][NX3H1:2]!@[c:3]([cH1])[cH1:4]	89.9809	0.0402739	-	-	-	-	R
C44391910      none	B	[O:1]=[CX3:2]!@[NX3H1:3][!#1:4]	-0.0130102	63.7893	-	-	-	-	G
C44391910      none	B	[cH1:1][c:2]!@[c:3]([cH1])[nX2H0:4]	150.507	1.9028	-	-	-	-	G
C20214217      none	B	[O-:1][N+:2](=O)!@[c:3][a:4]	-0.00750676	18.5814	-	-	-	-	G
C20214217      none	B	[a:1][c:2]!@[C:3]([NH1,NH2])=[O:4]	179.994	9.31373	-	-	-	-	G
C20214217      none	B	[O:1]=[CX3:2]!@[NX3H1:3][!#1:4]	0.00692351	63.7893	-	-	-	-	G
C20214217      none	B	[$(C=O):1][NX3H1:2]!@[CX4H1:3][H:4]	-30.0001	6.97413	-	-	-	-	G
C20214217      none	B	[!#1:1][CX4:2]!@[CX4:3][!#1:4]	180	22.1548	-	-	-	-	G
C20214217      none	B	[O:1]=[C:2]([O-])!@[CX4H1:3][H:4]	0.0049387	0.495663	-	-	-	-	O
C20214217      none	B	[n,o,s:1][c:2]!@[CX4H2:3][CX4:4]	-90.0027	5.3104	-	-	-	-	G
C44391911      none	B	[C:1][CX4:2]!@[CX3:3]=[O:4]	60.0088	2.38699	-	-	-	-	G
C44391911      none	B	[*:1]~[CX4:2]!@[n:3]~[*:4]	-150.004	3.13346	-	-	-	-	G
C44391911      none	B	[O:1]=[CX3:2]!@[NX3H1:3][!#1:4]	-0.00679197	63.7893	-	-	-	-	G
C44391911      none	B	[$([CX3]=O):1][NX3H1:2]!@[CX4H2:3][C:4] 	-149.994	1.7769	-	-	-	-	O
C44391911      none	B	[!#1:1][CX4H2:2]!@[CX4H2:3][!#1:4]	59.9969	3.99483	-	-	-	-	G
C44391911      none	B	[$([CX3]=O):1][NX3H1:2]!@[CX4H2:3][C:4] 	150.011	1.43139	-	-	-	-	O
C44391911      none	B	[O:1]=[CX3:2]!@[NX3H1:3][!#1:4]	-0.00516156	63.7893	-	-	-	-	G
C44391911      none	B	[cH1:1][c:2]([cH1])!@[C:3]([NH1,NH2])=[O:4]	-152.998	8.78518	-	-	-	-	G
C44391911      none	B	[$(C=O):1][NX3H1:2]!@[c:3]([cH1])[cH1:4]	89.9937	0.0402739	-	-	-	-	R
C44391911      none	B	[O:1]=[CX3:2]!@[NX3H1:3][!#1:4]	-0.00244221	63.7893	-	-	-	-	G
C44391911      none	B	[cH1:1][c:2]!@[c:3]([cH1])[nX2H0:4]	150.495	1.9028	-	-	-	-	G
C10701362      none	B	[$([CX3]=O):1][NX3H0:2](C)!@[CX4H2:3][C:4]	-89.9951	15.9949	-	-	-	-	G
C10701362      none	B	[$([CX3]=O):1][NX3H0:2](C)!@[CX4H2:3][C:4]	-90.0055	15.9949	-	-	-	-	G
C10701362      none	B	[O:1]=[CX3:2]!@[NX3H0:3][!#1:4]	-30.0057	0.692521	-	-	-	-	O
C10701362      none	B	N[C:2](=[O:1])!@[CH2:3][N:4]	180	8.33333	-	-	-	-	G
C10701362      none	B	[O:1]=[CX3:2]!@[NX3H1:3][!#1:4]	-0.00395255	63.7893	-	-	-	-	G
C10701362      none	B	[$(C=O):1][NX3H1:2]!@[c:3]([cH1])[cH1:4]	-29.9979	5.05437	-	-	-	-	G
C10701362      none	B	[$(C=O):1][NX3H1:2]!@[c:3]([cH1])[cH1:4]	-89.9768	0.0604108	-	-	-	-	R
C10701362      none	B	[O:1]=[CX3:2]!@[NX3H1:3][!#1:4]	-0.0366345	63.7893	-	-	-	-	G
C10701362      none	B	[C:1][CX4:2]!@[CX3:3]=[O:4]	26.2086	3.28614	-	-	-	-	G
C10701362      none	B	[$(C=O):1][NX3H0:2]!@[c:3]([cH1])[cH1:4]	30.0062	1.15477	-	-	-	-	G
C35529667      none	B	[O:1]=[CX3:2]!@[NX3H0:3][!#1:4]	-0.00329514	25.0866	-	-	-	-	G
C35529667      none	B	[O:1][CX4:2]!@[CX3:3]=[O:4]	0.00852388	13.789	-	-	-	-	G
C35529667      none	B	[C:1][CX4H2:2]!@[OX2:3][c:4]	90.0029	1.05285	-	-	-	-	G
C35529667      none	B	[cH1:1][c:2](cO)!@[O:3][C:4]	-119.999	0.103612	-	-	-	-	R
C35529667      none	B	[a:1][c:2]!@[CX4H1:3][N,O:4]	-63.6125	3.48172	-	-	-	-	G
C35529667      none	B	[cH1:1][c:2](cO)!@[O:3][C:4]	-89.7185	0.35524	-	-	-	-	R
C35529667      none	B	[*^2:1]~[C^2:2]([!H])!@[C^2:3]~[*^2:4]	-120.024	0.661024	-	-	-	-	G
C35529667      none	B	[O:1]=[C:2]!@[O:3]~[C:4]	0.00108416	74.4927	-	-	-	-	G
C35529667      none	B	[$(C=O):1][O:2]!@[CH2:3]~[C:4]	180	23.3458	-	-	-	-	G
C35529667      none	B	[OX2:1][CX4H2:2]!@[CX4H2:3][OX2:4]	-60.0022	9.11809	-	-	-	-	G
C35529667      none	B	[C:1][CH2:2]!@[O:3][CX4:4]	179.994	35.2689	-	-	-	-	G
C34769774      none	B	[cH1,nX2H0:1][c:2]([cH1,nX2H0])!@[NX3r:3][*:4]	120.317	2.56328	-	-	-	-	O
C34769774      none	B	[a:1][c:2]!@[CX3:3]=[CX3H0:4]	120.591	3.34694	-	-	-	-	G
C34769774      none	B	[cH1:1][c:2]!@[c:3]([cH1])[nX2H0:4]	-89.7296	0	-	-	-	-	R
C08987803      none	B	[!#1:1][CX4H2:2]!@[CX4H2:3][!#1:4]	180	58.554	-	-	-	-	G
C08987803      none	B	[C:1][CX4H2:2]!@[OX2:3][c:4]	-149.999	1.28448	-	-	-	-	O
C08987803      none	B	[cH1:1][c:2]([cH1])!@[O:3][C:4]	150.265	0.199809	-	-	-	-	O
C08987803      none	B	[cH1:1][c:2]([cH1])!@[CX3:3]([CX3H0])=[O:4]	90.0017	0	-	-	-	-	R
C08987803      none	B	[*^2:1]~[C^2:2]([!H])!@[C^2:3]~[*^2:4]	-119.679	0.661024	-	-	-	-	G
C08987803      none	B	[$([CX3]=O):1][NX3H0:2](C)!@[CX4H2:3][C:4]	60.008	0.600343	-	-	-	-	O
C08987803      none	B	[a:1][c:2]!@[CX4H1:3][N,O:4]	-56.679	3.48172	-	-	-	-	G
C08987803      none	B	[O-:1][N+:2](=O)!@[c:3]([cH,nX2H0])[cH,nX2H0:4]	179.977	23.2156	-	-	-	-	G
C08987803      none	B	[!#1:1][CX4H2:2]!@[CX4H2:3][!#1:4]	60.0001	3.99483	-	-	-	-	G
C08987803      none	B	[!#1:1][CX4H2:2]!@[CX4H2:3][!#1:4]	179.999	58.554	-	-	-	-	G
C08987803      none	B	[!#1:1][CH2:2]!@[n:3][a:4]	-89.7028	13.2844	-	-	-	-	G
C39029711      none	B	[O:1]=[C:2]([O-])!@[CX4H1:3][H:4]	-0.00179391	0.495663	-	-	-	-	O
C39029711      none	B	[CX3:1]=[CX3:2]!@[CH2:3][C:4]	60.0051	0.169779	-	-	-	-	O
C39029711      none	B	[*:1]~[CX3:2]!@[NX3:3]~[*:4]	180	27.0317	-	-	-	-	G
C39029711      none	B	[!#1:1][CX4H2:2]!@[CX4H2:3][!#1:4]	59.9974	3.99483	-	-	-	-	G
C39029711      none	B	[$([CX3]=O):1][NX3H1:2]!@[CX4H2:3][C:4] 	150.006	1.43139	-	-	-	-	O
C39029711      none	B	[O:1]=[CX3:2]!@[NX3H1:3][!#1:4]	0.000988301	63.7893	-	-	-	-	G
C39029711      none	B	[O:1]=[CX3:2]([NH1])!@[CH2:3][C:4]	-90.0095	1.868	-	-	-	-	O
C39029711      none	B	[!#1:1][CX4H2:2]!@[CX4H2:3][!#1:4]	-60.0067	3.77933	-	-	-	-	G
C39029711      none	B	[C:1][CX4H2:2]!@[CX3:3]=[O:4]	-120.001	0.79457	-	-	-	-	O
C48572182      none	B	[cH0:1][c:2]([cH1])!@[CX3:3]([NX3H1])=[O:4]	60.0049	2.95909	-	-	-	-	G
C48572182      none	B	[O:1]=[CX3:2]!@[NX3H1:3][!#1:4]	-0.00538311	63.7893	-	-	-	-	G
C48572182      none	B	[$([CX3]=O):1][NX3H1:2]!@[CX4H2:3][C:4] 	-59.9946	1.43139	-	-	-	-	G
C48572182      none	B	[!#1:1][CX4:2]!@[CX3H0:3][!#1:4]	-0.0109329	1.41387	-	-	-	-	O
C48572182      none	B	[*:1]~[cX3:2]!@[NX2:3]~[*:4]	0.309751	14.1132	-	-	-	-	G
C14538444      none	B	[C:1][CX4H2:2]!@[OX2:3][c:4]	-150.001	1.28448	-	-	-	-	O
C14538444      none	B	[cH0:1][c:2]([cH1])!@[O:3][C:4]	119.734	0.35639	-	-	-	-	R
C14538444      none	B	[cH0:1][c:2]!@[CX4H2:3][N,O,S:4]	135.001	0.650908	-	-	-	-	G
C14538444      none	B	[!#1:1][CX4H2:2]!@[NX3H1:3][!#1:4]	179.997	11.3535	-	-	-	-	G
C14538444      none	B	[cH1:1][c:2]([cH1])!@[NX3:3][CX4:4]	-179.722	14.7347	-	-	-	-	G
C14538444      none	B	[cH1:1][c:2]([cH1])!@[C:3]([NH1,NH2])=[O:4]	153.024	9.05971	-	-	-	-	G
C14538444      none	B	[aH1:1][c:2]([aH1])!@[SX4:3][!#1:4]	-109.996	4.53328	-	-	-	-	G
C14538444      none	B	[c:1][$(S(=O)=O):2]!@[NX3H0:3][C:4]	89.9936	4.81691	-	-	-	-	G
C14538444      none	B	[O:1]=[CX3:2]!@[NX3H1:3][!#1:4]	-0.00100313	63.7893	-	-	-	-	G
C14538444      none	B	[$([CX3]=O):1][NX3H1:2]!@[CX4H2:3][C:4] 	120.004	2.76407	-	-	-	-	O
C14538444      none	B	[!#1:1][CX4H2:2]!@[CX4H2:3][!#1:4]	-60.0031	3.77933	-	-	-	-	G
C14538444      none	B	[$([CX3]=O):1][NX3H0:2](C)!@[CX4H2:3][C:4]	89.7088	14.7513	-	-	-	-	G
C33318770      none	B	[a:1][c:2]!@[CX4H1:3][N,O:4]	0.481116	1.53503	-	-	-	-	G
C33318770      none	B	[O:1]=[C:2]([O-])!@[CX4H1:3][H:4]	90.0056	0.86741	-	-	-	-	O
C21932406      none	B	[!#1:1][CX4H2:2]!@[CX4H2:3][!#1:4]	59.9997	3.99483	-	-	-	-	G
C21932406      none	B	[!#1:1][CH2:2]!@[n:3][cH0:4]	90.2948	14.7896	-	-	-	-	G
C21932406      none	B	[$(S(=O)(=O)):1][NH0:2]!@[c:3]([cH1])[cH1:4]	-90.0097	17.7686	-	-	-	-	G
C21932406      none	B	[c:1][S:2](=O)(=O)!@[NX2H0-:3]-[*:4]	89.9943	2.77778	-	-	-	-	G
C21932406      none	B	[aH1:1][c:2]([aH1])!@[SX4:3][!#1:4]	90.0088	12.916	-	-	-	-	G
C33574749      none	B	[O:1]=[C:2]!@[O:3]~[C:4]	0.0103229	74.4927	-	-	-	-	G
C33574749      none	B	[cH1:1][c:2]([cH1])!@[CX3:3]=[O:4]	30.273	3.1746	-	-	-	-	O
C33574749      none	B	[cH1:1][c:2]([cH1])!@[CX3:3]=[O:4]	179.997	13.4921	-	-	-	-	G
C33574749      none	B	[O-:1][N+:2](=O)!@[c:3]([cH,nX2H0])[cH,nX2H0:4]	-179.734	23.2156	-	-	-	-	G
C33574749      none	B	[O:1]=[C:2]!@[O:3]~[C:4]	0.00512661	74.4927	-	-	-	-	G
C33574749      none	B	[$(C=O):1][O:2]!@[CH2:3]~[C:4]	179.992	23.3458	-	-	-	-	G
C33574749      none	B	[OX2:1][CX4H2:2]!@[CX3:3]([$([NX3H1,NX3H2])])=[O:4]	90.0091	0.357143	-	-	-	-	R
C33574749      none	B	[O:1]=[CX3:2]!@[NX3H1:3][!#1:4]	-0.000665305	63.7893	-	-	-	-	G
C33574749      none	B	[$([C](=O)):1][NX3:2]!@[a:3](s)[a:4]	-179.681	61.7021	-	-	-	-	G
C33574749      none	B	[$([c]([NH1,NH2])):1][c:2]!@[CX3:3]([!O])=[O:4]	-89.9931	0	-	-	-	-	R
C40558470      none	B	[N:1][CX4:2]!@[CX3:3]=[O:4]	118.279	0.766617	-	-	-	-	O
C40558470      none	B	[O:1]=[CX3:2]!@[NX3H0:3][!#1:4]	-0.00966875	25.0866	-	-	-	-	G
C40558470      none	B	[O:1]=[CX3:2]!@[NX3H0:3][!#1:4]	-29.7099	0.692521	-	-	-	-	O
C40558470      none	B	[*:1]~[CX4:2]!@[NX4:3]~[*:4]	60.0042	15.3058	-	-	-	-	G
C40558470      none	B	[NH1:1][CX4:2]!@[CX3:3]=[O:4]	-90.007	0.352274	-	-	-	-	R
C04787853      none	B	[OX2:1][CX4:2]!@[CX4:3][N:4]	-160.05	1.21348	-	-	-	-	O
C14245651      none	B	[aH0:1][c:2]([aH1])!@[SX4:3][!#1:4]	-64.9992	12.9458	-	-	-	-	G
C14245651      none	B	[c:1][$(S(=O)=O):2]!@[NX3H1:3][C:4]	-60.0032	13.7514	-	-	-	-	G
C14245651      none	B	[$(S(=O)(=O)):1][NX3H1:2]!@[CX4H2:3][!#1:4]	90.0026	3.00429	-	-	-	-	G
C14245651      none	B	N[C:2](=[O:1])!@[CH2:3][N:4]	30.0003	5.20833	-	-	-	-	G
C14245651      none	B	[O:1]=[CX3:2]!@[NX3H0:3][!#1:4]	150.272	1.73707	-	-	-	-	O
C14245651      none	B	[C:1][CX4:2]!@[CX3:3]=[O:4]	29.9304	3.28614	-	-	-	-	G
C14245651      none	B	[O:1]=[CX3:2]!@[NX3H1:3][!#1:4]	0.012236	63.7893	-	-	-	-	G
C14245651      none	B	[$(C=O):1][NX3H1:2]!@[c:3]([cH1])[cH1:4]	-150.006	5.07451	-	-	-	-	G
C37692793      none	B	[O:1]=[CX3:2]!@[NX3H0:3][!#1:4]	29.9951	0.680979	-	-	-	-	O
C37692793      none	B	N[C:2](=[O:1])!@[CH2:3][N:4]	-29.9919	4.7619	-	-	-	-	G
C37692793      none	B	[*:1]~[CX4:2]!@[NX4:3]~[*:4]	59.9955	15.3058	-	-	-	-	G
C37692793      none	B	[*:1]~[CX4:2]!@[NX4:3]~[*:4]	-59.9991	15.3415	-	-	-	-	G
C38769508      none	B	[CX3R:1]=[CX3R:2]!@[CX3:3]=[CX3:4]	179.998	28.0415	-	-	-	-	G
C38769508      none	B	[a:1][a:2]!@[CX3:3]=[CX3H1:4]	-89.6824	0.364605	-	-	-	-	O
C38769508      none	B	[!#1:1][CH2:2]!@[n:3][cH0:4]	135.005	0.318742	-	-	-	-	R
C38769508      none	B	[!#1:1][CX4H2:2]!@[NX3;"N_lp":3][!#1:4]	175.696	4.52135	-	-	-	-	G
C38769508      none	B	[*:1][$(S(=O)=O):2]!@[NX3H0r:3][*:4]	-120	0.995261	-	-	-	-	G
C38769508      none	B	[aH1:1][c:2]([aH1])!@[SX4:3][!#1:4]	-149.73	0.324309	-	-	-	-	R
C38769508      none	B	[O-:1][N+:2](=O)!@[c:3]([cH,nX2H0])[cH,nX2H0:4]	179.973	23.2156	-	-	-	-	G
C36227736      none	B	[!#1:1][CX4:2]!@[CX4:3][!#1:4]	-60.0026	12.2558	-	-	-	-	G
C36227736      none	B	[O:1]=[CX3:2]!@[NX3H0:3][!#1:4]	-0.00213499	25.0866	-	-	-	-	G
C36227736      none	B	[O:1]=[CX3:2]!@[CX3:3]=[O:4]	89.9948	2.94118	-	-	-	-	G
C36227736      none	B	[O:1]=[CX3:2]!@[NX3H1:3][!#1:4]	0.00477046	63.7893	-	-	-	-	G
C36227736      none	B	[$([CX3]=O):1][NX3H1:2]!@[CX4H2:3][C:4] 	89.9983	7.35439	-	-	-	-	G
C36227736      none	B	[!#1:1][CX4:2]!@[CX3H0:3][!#1:4]	30.0023	1.49834	-	-	-	-	G
C20331643      none	B	[cH1:1][c:2]([cH1])!@[O:3][C:4]	0.273415	26.3009	-	-	-	-	G
C20331643      none	B	[!#1:1][CH2:2]!@[n:3][cH0:4]	-90.0052	15.4696	-	-	-	-	G
C20331643      none	B	[!#1:1][CX4H2:2]!@[CX4H2:3][!#1:4]	179.994	58.554	-	-	-	-	G
C20331643      none	B	[!#1:1][CX4H2:2]!@[CX4H2:3][!#1:4]	179.997	58.554	-	-	-	-	G
C20331643      none	B	[!#1:1][CX4H2:2]!@[CX4H2:3][!#1:4]	-59.9966	3.77933	-	-	-	-	G
C20331643      none	B	[N:1][C:2](=O)!@[CX4H2:3][CX4H2:4]	89.9982	1.77112	-	-	-	-	O
C20331643      none	B	[O:1]=[CX3:2]!@[NX3H0:3][!#1:4]	-149.721	1.37927	-	-	-	-	O
C20331643      none	B	[*:1]~[CX4:2]!@[NX4:3]~[*:4]	-159.631	2.15596	-	-	-	-	G
C39997799      none	B	[*:1]~[cX3:2]!@[NX2:3]~[*:4]	-59.9959	1.53044	-	-	-	-	O
C39997799      none	B	[*^2:1]~[C^2:2]([!H])!@[C^2:3]~[*^2:4]	119.998	0.806964	-	-	-	-	G
C39997799      none	B	[a:1][c:2]!@[CX3:3]=[CX3H0:4]	-89.6975	1.59557	-	-	-	-	G
C39997799      none	B	[cH1:1][a:2]([cH1])!@[a:3]([sX2,o,nX2H0,nX3H1:4])([cH1])	0.242347	11.7616	-	-	-	-	G
C39997799      none	B	[c:1][c:2]!@[c:3]([cH0])[nX2H0:4]	60.4487	1.72176	-	-	-	-	O
C39997799      none	B	[aH1:1][c:2]([aH1])!@[SX4:3][!#1:4]	110.017	4.92809	-	-	-	-	G
C39997799      none	B	[c:1][$(S(=O)=O):2]!@[NX3H0:3][C:4]	90.026	4.81691	-	-	-	-	G
C49523690      none	B	[H:1][CX4H1:2]!@[SX4:3][!#1:4]	73.4234	6.16967	-	-	-	-	G
C49523690      none	B	[*:1][$(S(=O)=O):2]!@[NX3H0r:3][*:4]	-59.7187	8.17536	-	-	-	-	O
C49523690      none	B	[!#1:1][CX4:2]!@[CX4:3][!#1:4]	180	22.1548	-	-	-	-	G
C49523690      none	B	[$([CX3]=O):1][NX3H1:2]!@[CX4H2:3][C:4] 	-90.0061	7.35439	-	-	-	-	G
C49523690      none	B	[O:1]=[CX3:2]!@[NX3H1:3][!#1:4]	0.00920407	63.7893	-	-	-	-	G
C49523690      none	B	[O:1]=[CX3:2]!@[CX3:3]=[O:4]	-0.00315378	1.55709	-	-	-	-	R
C50265002      none	B	[aH1:1][c:2]([aH1])!@[SX4:3][!#1:4]	90.0047	12.916	-	-	-	-	G
C50265002      none	B	[c:1][S:2](=O)(=O)!@[NX2H0-:3]-[*:4]	-60.006	11.1111	-	-	-	-	G
C50265002      none	B	[$(S(=O)(=O)):1][N:2]!@[c:3][a:4]	-59.9936	1.85547	-	-	-	-	G
C50655647      none	B	[a:1][a:2]!@[NX3:3][!#1:4]	0.262243	10.9271	-	-	-	-	G
C50655647      none	B	[aH1:1][c:2]([aH1])!@[SX4:3][!#1:4]	90.0019	12.916	-	-	-	-	G
C50655647      none	B	[c:1][S:2](=O)(=O)!@[NX2H0-:3]-[*:4]	89.9998	2.77778	-	-	-	-	G
C50655647      none	B	[$(S(=O)(=O)):1][NH0:2]!@[c:3]([cH1])[cH1:4]	119.68	2.06612	-	-	-	-	G
C24876612      none	B	[cH0:1][c:2]([cH,nX2H0])!@[NX3H0:3][CX4:4]	90.2757	2.06517	-	-	-	-	O
C24876612      none	B	[C:1][CX4:2]!@[CX3:3]=[O:4]	-120.008	3.42432	-	-	-	-	G
C24876612      none	B	[O:1]=[C:2]!@[O:3]~[C:4]	-29.9855	0.0890388	-	-	-	-	R
C24876612      none	B	[$(C=O):1][O:2]!@[CH1:3][H:4]	59.9866	0.586008	-	-	-	-	O
C24876612      none	B	[O:1][CX4:2]!@[CX3:3]=[O:4]	119.998	0.923198	-	-	-	-	O
C24876612      none	B	[O:1]=[CX3:2]!@[NX3H1:3][!#1:4]	179.994	2.24265	-	-	-	-	G
C24876612      none	B	[$(C=O):1][NX3:2]!@[a:3]([nX2H0])[cH0:4]	150.289	4.62963	-	-	-	-	G
C63763330      none	B	[CX3:1]=[CX3:2]!@[CH2:3][!#1:4]	120	8.78049	-	-	-	-	G
C63763330      none	B	[$([CX3]=O):1][NX3H0:2](C)!@[CX4H2:3][C:4]	89.7431	14.7513	-	-	-	-	G
C63763330      none	B	[!#1:1][CX4:2]!@[SX2:3][!#1:4]	-60.0024	7.13757	-	-	-	-	G
C63763330      none	B	[!#1:1][CX4:2]!@[SX2:3][!#1:4]	-60.0019	7.13757	-	-	-	-	G
C63763330      none	B	[!#1:1][CX4:2]!@[CX3H0:3][!#1:4]	-60.011	4.40277	-	-	-	-	G
C63763330      none	B	[*:1]~[cX3:2]!@[NX2:3]~[*:4]	-29.6858	1.57181	-	-	-	-	O
C06742994      none	B	[cH1:1][c:2]!@[c:3]([cH1])[nX2H0:4]	-29.9931	2.33993	-	-	-	-	G
C06742994      none	B	[a:1][a:2]!@[NX3:3][!#1:4]	-19.9998	2.52019	-	-	-	-	G
C06742994      none	B	[!#1:1][CX4H2:2]!@[NX3H1:3][!#1:4]	119.999	2.00811	-	-	-	-	O
C06742994      none	B	[a:1][c:2]!@[CX4H2:3][!#1:4]	90.3027	7.24386	-	-	-	-	G
C28313904      none	B	[C:1][CX4H2:2]!@[OX2:3][c:4]	149.999	0.884397	-	-	-	-	O
C28313904      none	B	[cH1:1][c:2]([cH1])!@[O:3][C:4]	-149.842	0.243246	-	-	-	-	R
C28313904      none	B	[$(C=O):1][NX3H0:2]!@[c:3]([cH1])[cH1:4]	-149.735	1.13754	-	-	-	-	G
C28313904      none	B	[!#1:1][CX4:2]!@[NX3;"N_lp":3]	-38.0223	7.31987	-	-	-	-	G
C28313904      none	B	[*:1]~[NX3:2]!@[NX3:3]~[*:4]	119.998	2.59525	-	-	-	-	G
C28313904      none	B	[O:1]=[CX3:2]!@[NX3H1:3][!#1:4]	-0.0010036	63.7893	-	-	-	-	G
C28313904      none	B	[cH1:1][c:2]([cH1])!@[C:3]([NH1,NH2])=[O:4]	27.0007	8.08167	-	-	-	-	G
C28313904      none	B	[O-:1][N+:2](=O)!@[c:3]([cH,nX2H0])[cH,nX2H0:4]	-179.73	23.2156	-	-	-	-	G
C08972332      none	B	[cH0:1][c:2]!@[CX4H2:3][N,O,S:4]	89.9911	7.74238	-	-	-	-	G
C08972332      none	B	[!#1:1][CX4:2]!@[SX4:3][!#1:4]	-172.253	7.34737	-	-	-	-	G
C08972332      none	B	[aH0:1][c:2]([aH0])!@[SX4:3][!#1:4]	30.0015	0.418994	-	-	-	-	R
C08972332      none	B	[a:1][c:2]!@[CX4H2:3][!#1:4]	135.002	1.69481	-	-	-	-	O
C08972332      none	B	[$(S(=O)(=O)):1][NX3H1:2]!@[CX4H2:3][!#1:4]	120.001	2.14592	-	-	-	-	O
C08972332      none	B	[c:1][$(S(=O)=O):2]!@[NX3H1:3][C:4]	59.9968	14.5215	-	-	-	-	G
C08972332      none	B	[aH1:1][c:2]([aH1])!@[SX4:3][!#1:4]	90.2684	12.916	-	-	-	-	G
CHEMBL492629      none	B	[!#1:1][CH2:2]!@[n:3][cH0:4]	-89.9955	15.4696	-	-	-	-	G
CHEMBL492629      none	B	[!#1:1][CX4:2]!@[CX4:3][!#1:4]	-159.996	1.85018	-	-	-	-	G
CHEMBL492629      none	B	[O:1]=[C:2]([O-])!@[CX4H1:3][H:4]	0.00708863	0.495663	-	-	-	-	O
C40149287      none	B	[O:1]=[C:2]!@[O:3]~[C:4]	-0.00151564	74.4927	-	-	-	-	G
C40149287      none	B	[c:1][CX4:2]!@[CX3:3]=[O:4]	-120	3.75235	-	-	-	-	G
C40149287      none	B	[cH0:1][c:2]!@[CX4H1:3][CX3:4]	59.9948	4.33255	-	-	-	-	G
C40149287      none	B	[cH0:1][c:2]([cH,nX2H0])!@[NX3H1:3][CX4:4]	159.993	3.7196	-	-	-	-	O
C40149287      none	B	[!#1:1][CX4H2:2]!@[NX3H1:3][!#1:4]	-120.003	2.14327	-	-	-	-	O
C40149287      none	B	[!#1:1][CX4H2:2]!@[CX4H2:3][!#1:4]	180	58.554	-	-	-	-	G
C40149287      none	B	[!#1:1][CX4H2:2]!@[CX4H2:3][!#1:4]	-59.9972	3.77933	-	-	-	-	G
C40149287      none	B	[cH0:1][c:2]!@[CX4H2:3][CX4:4]	-89.6922	18.481	-	-	-	-	G
C40149287      none	B	[cH1:1][a:2]([cH1])!@[a:3]([sX2,o,nX2H0,nX3H1:4])([cH0])	-59.459	1.92551	-	-	-	-	G
C43344882      none	B	[n,o,s:1][c:2]!@[CX4H2:3][CX4:4]	90.3193	4.03889	-	-	-	-	G
C43344882      none	B	[$(C=O):1][NX3H1:2]!@[c:3](s)[n:4]	179.995	66.092	-	-	-	-	G
C43344882      none	B	[O,S:1]=[C:2]([$([NX3H1]),$([NX3H2])])!@[$([NX3]c[nH0]):3][H:4]	179.993	19.9219	-	-	-	-	G
C43344882      none	B	[O:1]=[CX3:2]([$([NX3H1]C)])!@[NX3H1:3][!#1:4]	-0.0179326	41.1343	-	-	-	-	G
C43344882      none	B	[$([CX3]=O):1][NX3H1:2]!@[CX4H2:3][C:4] 	150.002	1.43139	-	-	-	-	O
C43344882      none	B	N[C:2](=[O:1])!@[CH2:3][N:4]	-90.0005	0.14881	-	-	-	-	R
C43344882      none	B	[O:1]=[CX3:2]!@[NX3H0:3][!#1:4]	-179.7	18.2537	-	-	-	-	G
C09495022      none	B	[$(C=O):1][NX3:2]!@[a:3][aH0:4]	59.9773	2.5788	-	-	-	-	O
C09495022      none	B	[O:1]=[CX3:2]!@[NX3H1:3][!#1:4]	0.0103741	63.7893	-	-	-	-	G
C09495022      none	B	[!#1:1][CX4H2:2]!@[CX3:3]=[O:4]	119.995	0.613497	-	-	-	-	G
C09495022      none	B	[!#1:1][CX4:2]!@[SX2:3][!#1:4]	-60.005	7.13757	-	-	-	-	G
C09495022      none	B	[aH0:1][c:2]([aH0])!@[SX2:3][!#1:4]	180	14.0278	-	-	-	-	G
C09495022      none	B	[c:1][c:2]!@[c:3][s,o,nX3H1:4]	160.523	3.02726	-	-	-	-	G
C09495022      none	B	[aH1:1][c:2]([aH1])!@[SX4:3][!#1:4]	-110.003	4.53328	-	-	-	-	G
C09495022      none	B	[*:1][$(S(=O)=O):2]!@[NX3H0r:3][*:4]	-89.713	4.88152	-	-	-	-	G
C39273101      none	B	[$(C=O):1][NX3H1:2]!@[CX4H1:3][H:4]	-32.0043	6.97413	-	-	-	-	G
C39273101      none	B	[C:1][CX4:2]!@[CX3:3]=[O:4]	-175.217	0.827213	-	-	-	-	G
C39273101      none	B	[O:1]=[CX3:2]!@[NX3H1:3][!#1:4]	2.46143e-05	63.7893	-	-	-	-	G
C39273101      none	B	[N:1][CX4:2]!@[CX3:3]=[O:4]	-146.881	3.58916	-	-	-	-	G
C39273101      none	B	[*:1]~[CX3:2]!@[NX3:3]~[*:4]	-30.0032	0.593829	-	-	-	-	G
C42357735      none	B	[cH0:1][c:2]!@[CX4H2:3][N,O,S:4]	180	6.20075	-	-	-	-	G
C42357735      none	B	[$(C=O):1][NX3H1:2]!@[CX4H2:3][!#1:4]	-89.9986	7.86473	-	-	-	-	G
C42357735      none	B	[O:1]=[CX3:2]!@[NX3H1:3][!#1:4]	0.00514084	63.7893	-	-	-	-	G
C42357735      none	B	[O:1]=[CX3:2]!@[CX3:3]=[O:4]	-120.009	1.55709	-	-	-	-	G
C42357735      none	B	[O:1]=[CX3:2]!@[NX3H0:3][!#1:4]	-149.73	1.37927	-	-	-	-	O
C15917794      none	B	[O:1]=[CX3:2]!@[NX3H0:3][!#1:4]	-29.7315	0.692521	-	-	-	-	O
C15917794      none	B	[*:1][$(S(=O)=O):2]!@[NX3H0r:3][*:4]	-89.9941	4.88152	-	-	-	-	G
C15917794      none	B	[aH1:1][c:2]([aH1])!@[SX4:3][!#1:4]	-109.716	4.53328	-	-	-	-	G
C15917794      none	B	[cH1:1][c:2]([cH1])!@[C:3]([NH1,NH2])=[O:4]	-153.235	8.78518	-	-	-	-	G
C15917794      none	B	[O:1]=[CX3:2]!@[NX3H1:3][!#1:4]	0.00561718	63.7893	-	-	-	-	G
C15917794      none	B	[$(C=O):1][NX3H1:2]!@[c:3]([cH1])[cH1:4]	-30.0028	5.05437	-	-	-	-	G
C15917794      none	B	[aH1:1][c:2]([aH1])!@[SX4:3][!#1:4]	70.0031	5.04089	-	-	-	-	G
C15917794      none	B	[c:1][$(S(=O)=O):2]!@[NX3H0:3][C:4]	90.0009	4.81691	-	-	-	-	G
C40557498      none	B	[OX2:1][CX4:2]!@[CX4:3][N:4]	-45.8485	6.29213	-	-	-	-	G
C40557498      none	B	[$([CX3]=O):1][NX3H1:2]!@[CX4H2:3][C:4] 	-60.0034	1.43139	-	-	-	-	G
C40557498      none	B	[O:1]=[CX3:2]!@[NX3H1:3][!#1:4]	0.000953269	63.7893	-	-	-	-	G
C40557498      none	B	[O:1]=[CX3:2]!@[NX3H0:3][!#1:4]	150.277	1.73707	-	-	-	-	O
C40557498      none	B	[*:1]~[CX4:2]!@[NX4:3]~[*:4]	-39.9992	2.20693	-	-	-	-	G
C40557498      none	B	[NH1:1][CX4:2]!@[CX3:3]=[O:4]	-90.0026	0.352274	-	-	-	-	R
C14160954      none	B	[nX2H0:1][c:2]([nX2H0])!@[NX3H1:3][C,c:4]	-30.002	0.299401	-	-	-	-	R
C14160954      none	B	[*:1]~[CX3:2]!@[NX3:3]~[*:4]	-29.9962	0.593829	-	-	-	-	G
C14160954      none	B	[*:1]~[CX3:2]!@[NX3:3]~[*:4]	-89.7079	0.0640822	-	-	-	-	R
C14160954      none	B	[*:1]~[CX3:2]!@[NX2:3]~[*:4]	-120.002	0.122371	-	-	-	-	G
C14160954      none	B	[!#1:1][CX3:2](=S)!@[NX3H1:3][!#1:4]	180	37.0618	-	-	-	-	G
C14160954      none	B	[C:1][CX4H2:2]!@[NX3:3][C:4]	180	3.30615	-	-	-	-	G
C14160954      none	B	[OX2:1][CX4:2]!@[CX4:3][N:4]	63.3532	15.2809	-	-	-	-	G
C14160954      none	B	[O:1]=[CX3:2](a)!@[NX3H0:3][!#1:4]	30.0013	0.896722	-	-	-	-	O
C14160954      none	B	[a:1][c:2]!@[C:3]([NH0])=[O:4]	30.303	2.13889	-	-	-	-	G
CHEMBL122313      none	B	[!#1:1][CX4:2]!@[CX4:3][!#1:4]	-60.001	12.2558	-	-	-	-	G
CHEMBL122313      none	B	[C:1][CX4:2]!@[NX3;"N_lp":3][C:4]	-57.836	7.07677	-	-	-	-	G
CHEMBL122313      none	B	[O-:1][N+:2](=O)!@[c:3]([cH0])[cH,nX2H0:4]	-0.0279657	12.6374	-	-	-	-	G
C35986627      none	B	[!#1:1][CX4H2:2]!@[CX4H2:3][!#1:4]	60.0025	3.99483	-	-	-	-	G
C35986627      none	B	[$([CX3]=O):1][NX3H1:2]!@[CX4H2:3][C:4] 	-149.999	1.7769	-	-	-	-	O
C35986627      none	B	[O:1]=[CX3:2]!@[NX3H1:3][!#1:4]	-0.00271406	63.7893	-	-	-	-	G
C35986627      none	B	[N:1][CX4:2]!@[CX3:3]=[O:4]	4.09436	7.55292	-	-	-	-	G
C35986627      none	B	[O:1]=[CX3:2](a)!@[NX3H0:3][!#1:4]	179.993	9.67842	-	-	-	-	G
C35986627      none	B	[a:1][c:2]!@[C:3]([NH0])=[O:4]	90.2811	2.88889	-	-	-	-	G
C35986627      none	B	[O:1]=[CX3:2](a)!@[NX3H0:3][!#1:4]	-150.002	2.19542	-	-	-	-	G
C35986627      none	B	[a:1][c:2]!@[C:3]([NH0])=[O:4]	60.2604	3.02778	-	-	-	-	G
C35986627      none	B	[O-:1][N+:2](=O)!@[c:3]([cH,nX2H0])[cH,nX2H0:4]	-179.71	23.2156	-	-	-	-	G
C09359010      none	B	[cH1:1][c:2]([cH1])!@[CX3:3]=[NX2:4]	179.999	13.9437	-	-	-	-	G
C09359010      none	B	[O-:1][N+:2](=O)!@[c:3]([cH,nX2H0])[cH,nX2H0:4]	179.983	23.2156	-	-	-	-	G
C09359010      none	B	[*:1]~[NX2:2]!@[nX3:3]~[*:4]	60.3237	1.36719	-	-	-	-	G
C09359010      none	B	[a:1][ar5:2]!@[ar5:3][a:4]	120.318	1.03053	-	-	-	-	R
C40861845      none	B	[O-:1][N+:2](=O)!@[c:3]([cH0])[cH,nX2H0:4]	89.9858	0.274725	-	-	-	-	O
C40861845      none	B	[$(S(=O)(=O)):1][NH0:2]!@[c:3]([cH1])[cH1:4]	-60.0176	0.826446	-	-	-	-	G
C40861845      none	B	[*:1]~[N,n:2]!@[S:3]~[*:4]	53.8605	4.53284	-	-	-	-	O
C40861845      none	B	[*:1][$(S(=O)=O):2]!@[NX3H0r:3][*:4]	-89.7122	4.88152	-	-	-	-	G
C04482171      none	B	[a:1][c:2]!@[CX3:3]=[CX3H0:4]	-89.9945	1.59557	-	-	-	-	G
C04482171      none	B	[a:1][a:2]!@[CX3:3]=[CX3H1:4]	120.31	1.12887	-	-	-	-	O
C04482171      none	B	[!#1:1][CH2:2]!@[n:3][cH0:4]	179.997	0.148746	-	-	-	-	R
C04482171      none	B	[!#1:1][CX4H2:2]!@[CX4H2:3][!#1:4]	179.996	58.554	-	-	-	-	G
C09911797      none	B	[O-:1][N+:2](=O)!@[c:3][a:4]	0.000467435	18.5814	-	-	-	-	G
C09911797      none	B	[*:1]~[cX3:2]!@[NX2:3]~[*:4]	-0.00875431	14.1132	-	-	-	-	G
C09911797      none	B	[*^2:1]~[C^2:2]([!H])!@[C^2:3]~[*^2:4]	-89.9965	1.27397	-	-	-	-	G
C09911797      none	B	[O:1]=[CX3:2]!@[NX3H0:3][!#1:4]	-179.721	18.2537	-	-	-	-	G
C09911797      none	B	[C:1][CX4:2]!@[CX3:3]=[O:4]	29.9368	3.28614	-	-	-	-	G
C33266074      none	B	[a:1][c:2]!@[CX4H2:3][!#1:4]	90.0024	7.24386	-	-	-	-	G
C33266074      none	B	[$(C=O):1][NX3H1:2]!@[CX4H2:3][$([c]([cH,nX2H0])[cH,nX2H0]):4]	180	3.5443	-	-	-	-	G
C33266074      none	B	[O:1]=[CX3:2]!@[NX3H1:3][!#1:4]	0.00804822	63.7893	-	-	-	-	G
C33266074      none	B	[N:1][CX4:2]!@[CX3:3]=[O:4]	119.997	0.766617	-	-	-	-	G
C33266074      none	B	[a:1][a:2]!@[CX3:3]=[O:4]	-120	0.825401	-	-	-	-	O
C33266074      none	B	[$(C=O):1][NX3H0:2]!@[c:3]([cH1])[cH1:4]	-60.005	5.10169	-	-	-	-	G
C33266074      none	B	[O:1]=[C:2]!@[O:3]~[C:4]	0.00440695	74.4927	-	-	-	-	G
C28284040      none	B	[aH0:1][c:2]([aH1])!@[SX4:3][!#1:4]	109.971	1.0568	-	-	-	-	O
C28284040      none	B	[c:1][$(S(=O)=O):2]!@[NX3H1:3][C:4]	90.0037	2.64026	-	-	-	-	G
C28284040      none	B	[$(S(=O)(=O)):1][NX3H1:2]!@[CX4H1:3][H:4]	-0.00265348	7.36648	-	-	-	-	G
C28284040      none	B	[$(C=O):1][NX3H0:2]!@[CX4H1:3][H:4]	90.0003	0.168067	-	-	-	-	R
CHEMBL540067      none	B	[!#1:1][CH2:2]!@[n:3][cH0:4]	-89.9955	15.4696	-	-	-	-	G
CHEMBL540067      none	B	[!#1:1][CX4:2]!@[CX4:3][!#1:4]	-159.996	1.85018	-	-	-	-	G
CHEMBL540067      none	B	[O:1]=[C:2]([O-])!@[CX4H1:3][H:4]	0.0104031	0.495663	-	-	-	-	O
C40547639      none	B	[C:1][CX4:2]!@[CX3:3]=[O:4]	120.054	3.75937	-	-	-	-	G
C40547639      none	B	[O:1]=[CX3:2]!@[NX3H0:3][!#1:4]	150.005	1.73707	-	-	-	-	O
C40547639      none	B	[O:1]=[CX3:2]!@[NX3H0:3][!#1:4]	150.285	1.73707	-	-	-	-	O
C40547639      none	B	[*:1]~[CX4:2]!@[NX4:3]~[*:4]	-60.0024	15.3415	-	-	-	-	G
C40547639      none	B	[NH1:1][CX4:2]!@[CX3:3]=[O:4]	-90.005	0.352274	-	-	-	-	R
C36353577      none	B	[cH1:1][c:2]([cH1])!@[CX4H2:3][CX4:4]	-89.9811	11.9355	-	-	-	-	G
C36353577      none	B	[!#1:1][CX4H2:2]!@[CX4H2:3][!#1:4]	180	58.554	-	-	-	-	G
C36353577      none	B	[!#1:1][CX4:2]!@[SX2:3][!#1:4]	80.0027	6.41197	-	-	-	-	G
C36353577      none	B	[!#1:1][CX3:2]!@[SX2:3][!#1:4]	-60.322	3.61446	-	-	-	-	G
C36353577      none	B	[*^2:1]~[C^2:2]([!H])!@[C^2:3]~[*^2:4]	-150	1.11601	-	-	-	-	G
C04065348      none	B	[$(C=O):1][O:2]!@[CH1:3][H:4]	30.0097	10.7465	-	-	-	-	G
C04065348      none	B	[O:1]=[C:2]!@[O:3]~[C:4]	29.9857	0.0796663	-	-	-	-	R
C04065348      none	B	[*^2:1]~[C^2:2]([!H])!@[C^2:3]~[*^2:4]	-59.7078	0.757173	-	-	-	-	O
C04065348      none	B	[a:1][c:2]!@[CX4H1:3][N,O:4]	-37.1482	4.29807	-	-	-	-	G
C04065348      none	B	[O-:1][N+:2](=O)!@[c:3]([cH0])[cH,nX2H0:4]	0.201543	12.6374	-	-	-	-	G
C34928672      none	B	[a:1][c:2]!@[CX4H1:3][N,O:4]	-119.575	3.08052	-	-	-	-	G
C34928672      none	B	[O:1]=[C:2]([O-])!@[CX4H1:3][H:4]	89.9982	0.86741	-	-	-	-	O
C08928125      none	B	[cH1:1][c:2]([cH1])!@[O:3][C:4]	-179.733	26.896	-	-	-	-	G
C08928125      none	B	[aH1:1][c:2]([aH1])!@[SX4:3][!#1:4]	-30.0001	0.190355	-	-	-	-	R
C08928125      none	B	[*:1][$(S(=O)=O):2]!@[NX3H0r:3][*:4]	120.297	1.23223	-	-	-	-	O
C08928125      none	B	[N:1][CX4:2]!@[CX3:3]=[O:4]	121.091	0.766617	-	-	-	-	G
C08928125      none	B	[O:1]=[CX3:2]!@[NX3H1:3][!#1:4]	0.00772516	63.7893	-	-	-	-	G
C08928125      none	B	[$(C=O):1][NX3H1:2]!@[c:3](s)[n:4]	-0.0030926	0.574713	-	-	-	-	R
C08928125      none	B	[O:1]=[CX3:2]!@[NX3H0:3][!#1:4]	0.00353283	25.0866	-	-	-	-	G
C08928125      none	B	[O:1]=[C:2]([N])!@[O:3]~[C:4]	0.00380747	57.729	-	-	-	-	G
C29674961      none	B	[cH1:1][a:2]([cH1])!@[a:3]([sX2,o,nX2H0,nX3H1:4])([cH0])	-30.0029	4.65593	-	-	-	-	G
C29674961      none	B	[$(C=O):1][NX3H1:2]!@[c:3]([cH1])[cH1:4]	-60.0028	0.241643	-	-	-	-	R
C29674961      none	B	[O:1]=[CX3:2]!@[NX3H1:3][!#1:4]	0.00182969	63.7893	-	-	-	-	G
C29674961      none	B	[O:1]=[CX3:2]([NH1])!@[CH2:3][C:4]	-29.9979	4.73225	-	-	-	-	G
C29674961      none	B	[!#1:1][CX4H2:2]!@[CX4H2:3][!#1:4]	180	58.554	-	-	-	-	G
C29674961      none	B	[!#1:1][CH2:2]!@[n:3][cH0:4]	-89.9994	15.4696	-	-	-	-	G
C64057334      none	B	[*^2:1]~[C^2:2]([!H])!@[C^2:3]~[*^2:4]	-0.0409045	20.0453	-	-	-	-	G
C64057334      none	B	[cH1,nX2H0:1][c:2]([cH1,nX2H0])!@[NX3r:3][*:4]	-149.728	2.0583	-	-	-	-	O
C64057334      none	B	[*:1]~[cX3:2]!@[NX2:3]~[*:4]	-119.693	1.40635	-	-	-	-	O
C64057334      none	B	[c:1][c:2]!@[c:3][s,o,nX3H1:4]	-179.686	12.4984	-	-	-	-	G
C08915629      none	B	[$(C=O):1][O:2]!@[CH2:3]~[C:4]	-89.9948	4.43359	-	-	-	-	G
C08915629      none	B	[O:1]=[C:2]!@[O:3]~[C:4]	-0.00928738	74.4927	-	-	-	-	G
C08915629      none	B	[C:1][CX4H2:2]!@[CX3:3]=[O:4]	90.0027	1.30773	-	-	-	-	O
C08915629      none	B	[!#1:1][CX4:2]!@[CX4:3][!#1:4]	80.2329	1.75235	-	-	-	-	G
C08915629      none	B	[cH0:1][c:2]([cH,nX2H0])!@[NX3H0:3][CX4:4]	-119.996	1.65213	-	-	-	-	O
C08915629      none	B	[a:1][c:2]!@[CX3:3]=[CX3H0:4]	119.991	3.34694	-	-	-	-	G
C01080924      none	B	[cH0:1][c:2]([cH1])!@[O:3][C:4]	179.997	48.7454	-	-	-	-	G
C01080924      none	B	[cH1:1][c:2]([cH1])!@[C:3]([NH1,NH2])=[O:4]	27.0186	8.08167	-	-	-	-	G
C01080924      none	B	[aH0:1][c:2]([aH1])!@[SX4:3][!#1:4]	-70.265	15.3236	-	-	-	-	G
C01080924      none	B	[c:1][$(S(=O)=O):2]!@[NX3H1:3][C:4]	89.9981	2.64026	-	-	-	-	G
C01080924      none	B	[$(S(=O)(=O)):1][NX3H1:2]!@[CX4H2:3][!#1:4]	-119.996	2.14592	-	-	-	-	O
C01080924      none	B	[a:1][c:2]!@[CX4H2:3][!#1:4]	-179.681	2.35335	-	-	-	-	O
C01080924      none	B	[O:1]=[CX3:2]!@[NX3H1:3][!#1:4]	0.0049956	63.7893	-	-	-	-	G
C01080924      none	B	[$(C=O):1][NX3:2]!@[a:3][aH0:4]	-89.9978	3.39746	-	-	-	-	G
C09302138      none	B	[CX3:1]=[CX3:2]!@[CH2:3][OX2:4]	150.01	1.83206	-	-	-	-	O
C09302138      none	B	[C:1][CX4H2:2]!@[OX2:3][c:4]	-89.9808	0.86334	-	-	-	-	G
C09302138      none	B	[cH1:1][c:2]([cH1])!@[O:3][C:4]	-149.772	0.243246	-	-	-	-	R
C09302138      none	B	[cH1:1][c:2]([cH1])!@[CX3:3]([CX3H0])=[O:4]	-149.999	3.82514	-	-	-	-	G
C09302138      none	B	[*^2:1]~[C^2:2]([!H])!@[C^2:3]~[*^2:4]	-119.705	0.661024	-	-	-	-	G
C09302138      none	B	[$([CX3]=O):1][NX3H0:2](C)!@[CX4H2:3][C:4]	119.993	2.74443	-	-	-	-	O
C09302138      none	B	[a:1][c:2]!@[CX4H1:3][N,O:4]	153.32	3.7643	-	-	-	-	G
C09302138      none	B	[O-:1][N+:2](=O)!@[c:3]([cH,nX2H0])[cH,nX2H0:4]	-179.837	23.2156	-	-	-	-	G
C09302138      none	B	[!#1:1][CX4H2:2]!@[CX4H2:3][!#1:4]	-59.9992	3.77933	-	-	-	-	G
C09302138      none	B	[!#1:1][CX4H2:2]!@[CX4H2:3][!#1:4]	-59.9984	3.77933	-	-	-	-	G
C09302138      none	B	[!#1:1][CH2:2]!@[n:3][a:4]	-44.6867	0.361056	-	-	-	-	O
C12321622      none	B	[a:1][c:2]!@[CX4H1:3][N,O:4]	73.4593	2.20834	-	-	-	-	G
C12321622      none	B	[cH1:1][c:2](cO)!@[O:3][C:4]	90.0095	0.310835	-	-	-	-	R
C36693970      none	B	[!#1:1][CX4:2]!@[SX4:3][!#1:4]	-60.0012	11.2842	-	-	-	-	G
C36693970      none	B	[aH1:1][c:2]([aH1])!@[SX4:3][!#1:4]	-89.719	12.5987	-	-	-	-	G
C36693970      none	B	[c:1][c:2]!@[c:3][s,o,nX3H1:4]	179.999	12.4984	-	-	-	-	G
C36693970      none	B	[$(C=O):1][NX3H1:2]!@[c:3](o)[n:4]	-0.00328656	0	-	-	-	-	G
C36693970      none	B	[O:1]=[CX3:2]!@[NX3H1:3][!#1:4]	0.00304763	63.7893	-	-	-	-	G
C36693970      none	B	[N:1][CX4:2]!@[CX3:3]=[O:4]	121.015	0.766617	-	-	-	-	G
C36693970      none	B	[*:1][$(S(=O)=O):2]!@[NX3H0r:3][*:4]	90.0058	4.85782	-	-	-	-	G
C36693970      none	B	[aH0:1][c:2]([aH1])!@[SX4:3][!#1:4]	69.6652	11.3606	-	-	-	-	G
C20610983      none	B	[cH0:1][c:2]!@[CX4H1:3][a:4]	-59.5922	3.47123	-	-	-	-	G
C20610983      none	B	[cH0:1][c:2]!@[CX4H2:3][N,O,S:4]	179.998	6.20075	-	-	-	-	G
C20610983      none	B	[O:1]=[C:2]([O-])!@[CX4H1:3][H:4]	90.002	0.86741	-	-	-	-	O
C56631776      none	B	[O:1]=[C:2]([N])!@[O:3]~[C:4]	0.00679533	57.729	-	-	-	-	G
C56631776      none	B	[O:1]=[CX3:2]!@[NX3H1:3][!#1:4]	-0.0150525	63.7893	-	-	-	-	G
C56631776      none	B	[$(C=O):1][NX3H1:2]!@[c:3]([cH1])[cH1:4]	30.0153	5.05437	-	-	-	-	G
C56631776      none	B	[$(C=O):1][NX3H1:2]!@[c:3]([cH1])[cH1:4]	0.291642	7.77286	-	-	-	-	G
C56631776      none	B	[O:1]=[CX3:2]!@[NX3H1:3][!#1:4]	-60.0038	0	-	-	-	-	R
C56631776      none	B	[O:1]=[CX3:2]!@[NX3H0:3][!#1:4]	0.289239	25.0866	-	-	-	-	G
C56631776      none	B	[C:1][CX4:2]!@[CX3:3]=[O:4]	-150.074	1.18876	-	-	-	-	G
C56631776      none	B	[O:1]=[CX3:2]!@[NX3H1:3][!#1:4]	0.00688196	63.7893	-	-	-	-	G
C56631776      none	B	[$(C=O):1][NX3H1:2]!@[CX4H1:3][H:4]	60.0036	6.22422	-	-	-	-	G
C40861232      none	B	[$(S(=O)(=O)):1][NH1:2]!@[c:3]([cH1])[cH1:4]	119.986	4.02542	-	-	-	-	O
C40861232      none	B	[*:1][$(S(=O)=O):2]!@[NX3H1:3][*:4]	-90.0015	4.38465	-	-	-	-	G
C40861232      none	B	[*:1][$(S(=O)=O):2]!@[NX3H0r:3][*:4]	-89.7172	4.88152	-	-	-	-	G
C02853763      none	B	[$(C=O):1][NX3H1:2]!@[CX4H1:3][H:4]	-59.9985	1.23735	-	-	-	-	G
C02853763      none	B	[N:1][CX4:2]!@[CX3:3]=[O:4]	57.8349	0.592386	-	-	-	-	G
C02853763      none	B	[O:1]=[C:2]!@[O:3]~[C:4]	0.010828	74.4927	-	-	-	-	G
C02853763      none	B	[c:1][CX4H2:2]!@[OX2:3][C:4]	149.999	2.00617	-	-	-	-	G
C02853763      none	B	[a:1][c:2]!@[CX4H2:3][!#1:4]	-89.7336	7.30446	-	-	-	-	G
C02853763      none	B	[O-:1][N+:2](=O)!@[c:3]([cH,nX2H0])[cH,nX2H0:4]	179.974	23.2156	-	-	-	-	G
C02853763      none	B	[O:1]=[CX3:2]!@[NX3H1:3][!#1:4]	-0.0075939	63.7893	-	-	-	-	G
C02853763      none	B	[OX2:1][CX4H2:2]!@[CX3:3]([$([NX3H1,NX3H2])])=[O:4]	150.01	1.07143	-	-	-	-	O
C02853763      none	B	[C:1][CX4H2:2]!@[OX2:3][c:4]	-89.9953	0.86334	-	-	-	-	G
C02853763      none	B	[cH1:1][c:2]([cH1])!@[O:3][C:4]	-149.733	0.243246	-	-	-	-	R
C33263634      none	B	[a:1][c:2]!@[CX4H2:3][!#1:4]	89.9989	7.24386	-	-	-	-	G
C33263634      none	B	[$(C=O):1][NX3H1:2]!@[CX4H2:3][$([c]([cH,nX2H0])[cH,nX2H0]):4]	179.999	3.5443	-	-	-	-	G
C33263634      none	B	[O:1]=[CX3:2]!@[NX3H1:3][!#1:4]	0.00638638	63.7893	-	-	-	-	G
C33263634      none	B	[C:1][CX4:2]!@[CX3:3]=[O:4]	119.871	3.75937	-	-	-	-	G
C33263634      none	B	[O:1]=[CX3:2](a)!@[NX3H0:3][!#1:4]	150.004	2.50464	-	-	-	-	G
C33263634      none	B	[a:1][c:2]!@[C:3]([NH0])=[O:4]	-59.6862	3.63889	-	-	-	-	G
C33263634      none	B	[s:1][c:2]!@[C:3]([NH1])=[O:4]	0.292416	23.0769	-	-	-	-	G
C33263634      none	B	[O:1]=[CX3:2]!@[NX3H1:3][!#1:4]	-0.000365981	63.7893	-	-	-	-	G
C33263634      none	B	[$(C=O):1][NX3H1:2]!@[c:3]([cH1])[cH1:4]	-29.995	5.05437	-	-	-	-	G
C40657913      none	B	[cH1:1][c:2]([cH1])!@[C:3]([NH1,NH2])=[O:4]	-27.0114	8.39053	-	-	-	-	G
C40657913      none	B	[O:1]=[CX3:2]!@[NX3H1:3][!#1:4]	0.00434497	63.7893	-	-	-	-	G
C40657913      none	B	[*:1]~[NX3:2]!@[NX3:3]~[*:4]	-119.998	2.7333	-	-	-	-	G
C40657913      none	B	[a:1][a:2]!@[NX3:3][!#1:4]	180	11.4213	-	-	-	-	G
C40657913      none	B	[O-:1][N+:2](=O)!@[c:3]([cH0])[cH0:4]	89.9824	5.69106	-	-	-	-	G
C40657913      none	B	[cH0:1][c:2]([cH,nX2H0])!@[NX3H1:3][CX4:4]	160	3.7196	-	-	-	-	O
C40657913      none	B	[!#1:1][CX4H2:2]!@[NX3H1:3][!#1:4]	-60.0049	1.39023	-	-	-	-	O
C40657913      none	B	[!#1:1][CX4H2:2]!@[CX4H2:3][!#1:4]	-59.995	3.77933	-	-	-	-	G
C40657913      none	B	[CX4:1][CX4H2:2]!@[NX3;"N_lp":3][CX4:4]	-76.369	8.1206	-	-	-	-	G
C42438905      none	B	[O:1]=[CX3:2]!@[NX3H0:3][!#1:4]	0.00560305	25.0866	-	-	-	-	G
C42438905      none	B	[!#1:1][CX4:2]!@[CX4:3][!#1:4]	-60.002	12.2558	-	-	-	-	G
C42438905      none	B	[C:1][CX4H2:2]!@[CX3:3]=[O:4]	-90.0044	1.15875	-	-	-	-	O
C42438905      none	B	[O:1]=[CX3:2]!@[CX3:3]=[O:4]	-90.0034	4.15225	-	-	-	-	G
C42438905      none	B	[O:1]=[CX3:2]!@[NX3H1:3][!#1:4]	-0.000451328	63.7893	-	-	-	-	G
C42438905      none	B	[$([CX3]=O):1][NX3H1:2]!@[CX4H2:3][C:4] 	-90.002	7.35439	-	-	-	-	G
C42438905      none	B	[!#1:1][CX4:2]!@[CX3H0:3][!#1:4]	-29.9958	1.75844	-	-	-	-	G
C06157440      none	B	[OX2:1][CX4:2]!@[CX4:3][OX2:4]	-60.0219	16.2177	-	-	-	-	G
C38794299      none	B	[a:1][c:2]!@[CX4H2:3][!#1:4]	89.9901	7.24386	-	-	-	-	G
C38794299      none	B	[!#1:1][CX4:2]!@[SX4:3][!#1:4]	-74.6693	7.22105	-	-	-	-	G
C38794299      none	B	[H:1][CX4H1:2]!@[SX4:3][!#1:4]	79.9996	1.41388	-	-	-	-	G
C38794299      none	B	[!#1:1][CX4:2]!@[CX4:3][!#1:4]	-160.002	1.85018	-	-	-	-	G
C38794299      none	B	[!#1:1][CX4H2:2]!@[CX4H2:3][!#1:4]	180	58.554	-	-	-	-	G
C38794299      none	B	[$(S(=O)(=O)):1][NX3H1:2]!@[CX4H2:3][!#1:4]	-120.003	2.14592	-	-	-	-	O
C38794299      none	B	[c:1][$(S(=O)=O):2]!@[NX3H1:3][C:4]	60.003	14.5215	-	-	-	-	G
C38794299      none	B	[aH1:1][c:2]([aH1])!@[SX4:3][!#1:4]	90.2742	12.916	-	-	-	-	G
C20739786      none	B	[a:1][ar6:2]!@[ar5:3][a:4]	-149.722	2.77721	-	-	-	-	G
C20739786      none	B	[cH0:1][c:2]!@[CX4H1:3][a:4]	-60.2767	3.47123	-	-	-	-	G
C20739786      none	B	[cH1:1][c:2](cO)!@[O:3][C:4]	-0.276964	49.3635	-	-	-	-	G
C20739786      none	B	[cH0:1][c:2]([cH0])!@[O:3][C:4]	119.999	2.5775	-	-	-	-	G
C50246578      none	B	[O-:1][N+:2](=O)!@[c:3]([cH0])[cH,nX2H0:4]	89.9835	0.274725	-	-	-	-	O
C50246578      none	B	[aH1:1][c:2]([aH1])!@[SX4:3][!#1:4]	-30.0051	0.190355	-	-	-	-	R
C50246578      none	B	[*:1][$(S(=O)=O):2]!@[NX3H0r:3][*:4]	-89.6929	4.88152	-	-	-	-	G
C50246578      none	B	[!#1:1][CX4:2]!@[CX4:3][!#1:4]	180	22.1548	-	-	-	-	G
C59885005      none	B	[cH1:1][a:2]([cH1])!@[a:3]([sX2,o,nX2H0,nX3H1:4])	-179.69	10.6726	-	-	-	-	G
C59885005      none	B	[aH1:1][c:2]([aH0])!@[SX2:3][!#1:4]	-119.985	0.466926	-	-	-	-	O
C59885005      none	B	[!#1:1][CX4:2]!@[SX2:3][!#1:4]	-60.0028	7.13757	-	-	-	-	G
C59885005      none	B	[!#1:1][CX4H2:2]!@[CX3:3]=[O:4]	150.003	0.887211	-	-	-	-	O
C59885005      none	B	[O:1]=[CX3:2]!@[NX3H1:3][!#1:4]	-0.00102774	63.7893	-	-	-	-	G
C59885005      none	B	[$(C=O):1][NX3H1:2]!@[c:3](s)[n:4]	0.00693363	0.574713	-	-	-	-	R
C65880194      none	B	[a:1][ar6:2]!@[ar5:3][a:4]	120.32	2.26536	-	-	-	-	O
C65880194      none	B	[*:1]~[cX3:2]!@[NX2:3]~[*:4]	-150.006	1.73726	-	-	-	-	O
C65880194      none	B	[cH1:1][c:2]([cH0])!@[CX3x0:3]=[NX2:4]	-149.72	0.0354484	-	-	-	-	G
C12376812      none	B	[aH1:1][c:2]([aH1])!@[SX4:3][!#1:4]	90	12.916	-	-	-	-	G
C12376812      none	B	[!#1:1][CX4:2]!@[SX4:3][!#1:4]	179.999	13.1368	-	-	-	-	G
C12376812      none	B	[a:1][c:2]!@[CX4H2:3][!#1:4]	0.313064	2.24426	-	-	-	-	O
C12376812      none	B	[a:1][c:2]!@[C:3]([NH1,NH2])=[O:4]	180	9.31373	-	-	-	-	G
C12376812      none	B	[O:1]=[CX3:2]!@[NX3H1:3][!#1:4]	-0.00562177	63.7893	-	-	-	-	G
C12376812      none	B	[$([CX3]=O):1][NX3H1:2]!@[CX4H2:3][C:4] 	90.0043	7.35439	-	-	-	-	G
C12376812      none	B	[!#1:1][CX4H2:2]!@[CX4H2:3][!#1:4]	59.9949	3.99483	-	-	-	-	G
C12376812      none	B	[$([CX3]=O):1][NX3H1:2]!@[CX4H2:3][C:4] 	-89.9969	7.35439	-	-	-	-	G
C12376812      none	B	[O:1]=[CX3:2]!@[NX3H1:3][!#1:4]	-0.00213344	63.7893	-	-	-	-	G
C12376812      none	B	[OX2:1][CX4H2:2]!@[CX3:3]([$([NX3H1,NX3H2])])=[O:4]	149.998	1.07143	-	-	-	-	O
C12376812      none	B	[C:1][CX4H2:2]!@[OX2:3][c:4]	-150.005	1.28448	-	-	-	-	O
C12376812      none	B	[cH1:1][c:2]([cH1])!@[O:3][C:4]	150.279	0.199809	-	-	-	-	O
C13516052      none	B	[cH1,n:1][c:2]!@[O:3][CRH1:4]	-119.996	0	-	-	-	-	R
C13516052      none	B	[H:1][CX4H1:2]!@[OX2:3][!#1:4]	89.9944	0.00502866	-	-	-	-	R
C13516052      none	B	[OX2:1][CX4:2]!@[CX4:3][OX2:4]	-59.959	16.2177	-	-	-	-	G
C14247037      none	B	[C:1][CX4:2]!@[CX3:3]=[O:4]	30.0026	3.28614	-	-	-	-	G
C14247037      none	B	[!#1:1][CX4:2]!@[SX2:3][!#1:4]	-79.9996	6.01214	-	-	-	-	G
C14247037      none	B	[O:1]=[CX3:2]!@[NX3H1:3][!#1:4]	-0.00365498	63.7893	-	-	-	-	G
C14247037      none	B	[$(C=O):1][NX3H1:2]!@[c:3]([cH1])[cH1:4]	29.998	5.05437	-	-	-	-	G
C14247037      none	B	[aH1:1][c:2]([aH1])!@[SX4:3][!#1:4]	90.0066	12.916	-	-	-	-	G
C14247037      none	B	[*:1][$(S(=O)=O):2]!@[NX3H0r:3][*:4]	-89.7178	4.88152	-	-	-	-	G
C14247037      none	B	[aH0:1][c:2]([aH0])!@[SX2:3][!#1:4]	90.0012	3.2491	-	-	-	-	G
C38586491      none	B	[!#1:1][CX4:2]!@[SX2:3][!#1:4]	-160.004	3.18377	-	-	-	-	G
C38586491      none	B	[!#1:1][CX4:2]!@[SX2:3][!#1:4]	180	11.1654	-	-	-	-	G
C38586491      none	B	[!#1:1][CX4:2]!@[CX3H0:3][!#1:4]	-29.9898	1.75844	-	-	-	-	G
C38586491      none	B	[*:1]~[cX3:2]!@[NX2:3]~[*:4]	-29.6943	1.57181	-	-	-	-	O
CHEMBL13076      none	B	[O-:1][N+:2](=O)!@[c:3]([cH,nX2H0])[cH,nX2H0:4]	179.973	23.2156	-	-	-	-	G
CHEMBL13076      none	B	[$(C=O):1][NX3H1:2]!@[c:3]([cH1])[cH1:4]	-150.007	5.07451	-	-	-	-	G
CHEMBL13076      none	B	[O:1]=[CX3:2]([$([NX3H1]C)])!@[NX3H1:3][!#1:4]	0.000933451	41.1343	-	-	-	-	G
CHEMBL13076      none	B	[O:1]=[CX3:2]([$([NX3H1]C)])!@[NX3H1:3][!#1:4]	179.993	9.5176	-	-	-	-	R
CHEMBL13076      none	B	[$(C=O):1][NX3H1:2]!@[CX4H2:3][$([c]([cH,nX2H0])[cH,nX2H0]):4]	-89.9968	10.1266	-	-	-	-	G
CHEMBL13076      none	B	[a:1][c:2]!@[CX4H2:3][!#1:4]	0.311312	2.24426	-	-	-	-	O
CHEMBL13076      none	B	[cH1:1][a:2]([cH1])!@[a:3]([cH1])[cH0:4]	90.0015	0.671308	-	-	-	-	O
CHEMBL13076      none	B	[!#1:1][CH2:2]!@[n:3][cH0:4]	-89.998	15.4696	-	-	-	-	G
CHEMBL13076      none	B	[!#1:1][CX4H2:2]!@[CX3:3]=[O:4]	-120.009	0.59462	-	-	-	-	G
C21453607      none	B	[cH1:1][c:2]([cH1])!@[O:3][C:4]	-30.0074	0.195465	-	-	-	-	O
C21453607      none	B	[C:1][CX4H2:2]!@[OX2:3][c:4]	-149.994	1.28448	-	-	-	-	O
C21453607      none	B	[OX2:1][CX4H2:2]!@[CX3:3]([$([NX3H1,NX3H2])])=[O:4]	-120.007	0	-	-	-	-	R
C21453607      none	B	[O:1]=[CX3:2]!@[NX3H1:3][!#1:4]	0.0105709	63.7893	-	-	-	-	G
C21453607      none	B	[$([CX3]=O):1][NX3H1:2]!@[CX4H2:3][C:4] 	179.996	6.46594	-	-	-	-	G
C21453607      none	B	[!#1:1][CX4H2:2]!@[CX4H2:3][!#1:4]	-60.0047	3.77933	-	-	-	-	G
C21453607      none	B	[$([CX3]=O):1][NX3H1:2]!@[CX4H2:3][C:4] 	90.0006	7.35439	-	-	-	-	G
C21453607      none	B	[O:1]=[CX3:2]!@[NX3H1:3][!#1:4]	0.00172701	63.7893	-	-	-	-	G
C21453607      none	B	[a:1][c:2]!@[C:3]([NH1,NH2])=[O:4]	-179.702	9.31373	-	-	-	-	G
C21453607      none	B	[a:1][c:2]!@[CX4H2:3][!#1:4]	-44.994	1.62815	-	-	-	-	O
C21453607      none	B	[!#1:1][CX4:2]!@[SX4:3][!#1:4]	-172.263	7.34737	-	-	-	-	G
C21453607      none	B	[aH1:1][c:2]([aH1])!@[SX4:3][!#1:4]	-89.7285	12.5987	-	-	-	-	G
C13305655      none	B	[O:1]=[C:2]!@[NX3H0:3]([a:4])[A]	-30.2916	0.827016	-	-	-	-	O
C13305655      none	B	[aH1:1][c:2]([aH1])!@[SX4:3][!#1:4]	90.0016	12.916	-	-	-	-	G
C13305655      none	B	[c:1][$(S(=O)=O):2]!@[NX3H1:3][C:4]	60.0019	14.5215	-	-	-	-	G
C13305655      none	B	[$(S(=O)(=O)):1][NX3H1:2]!@[CX4H1:3][H:4]	29.9994	11.9705	-	-	-	-	G
C13305655      none	B	[!#1:1][CX4:2]!@[CX4:3][!#1:4]	-80.0019	1.71775	-	-	-	-	G
C13305655      none	B	[O:1]=[C:2]([O-])!@[CX4H1:3][H:4]	0.00168342	0.495663	-	-	-	-	O
C13305655      none	B	[n,o,s:1][c:2]!@[CX4H2:3][CX4:4]	90.0087	4.03889	-	-	-	-	G
C08600253      none	B	[a:1][c:2]!@[C:3]([NH0])=[O:4]	90.0007	2.88889	-	-	-	-	G
C08600253      none	B	[O:1]=[CX3:2](a)!@[NX3H0:3][!#1:4]	150.28	2.50464	-	-	-	-	G
C08600253      none	B	[C:1][CX4:2]!@[CX3:3]=[O:4]	29.931	3.28614	-	-	-	-	G
C08600253      none	B	[O:1]=[CX3:2]!@[NX3H1:3][!#1:4]	-0.0154236	63.7893	-	-	-	-	G
C08600253      none	B	[$(C=O):1][NX3H1:2]!@[c:3]([cH1])[cH1:4]	-29.9989	5.05437	-	-	-	-	G
C08600253      none	B	[cH1:1][c:2](cO)!@[O:3][C:4]	90.0222	0.310835	-	-	-	-	R
C08600253      none	B	[$(cO):1][c:2](cO)!@[O:3][C:4]	-89.9823	10.3565	-	-	-	-	G
C08600253      none	B	[cH1:1][c:2](cO)!@[O:3][C:4]	0.23975	49.3635	-	-	-	-	G
C02632317      none	B	[cH0:1][c:2]([cH1])!@[O:3][C:4]	89.9984	0.6255	-	-	-	-	R
C02632317      none	B	[$(S(=O)(=O)):1][NH1:2]!@[c:3]([cH1])[cH0:4]	89.9935	4.56274	-	-	-	-	G
C02632317      none	B	[c:1][$(S(=O)=O):2]!@[NX3H1:3][c:4]	-59.9929	22.2603	-	-	-	-	G
C02632317      none	B	[aH1:1][c:2]([aH1])!@[SX4:3][!#1:4]	90.2704	12.916	-	-	-	-	G
C02632317      none	B	[cH1:1][c:2]([cH1])!@[C:3]([NH1,NH2])=[O:4]	-27.241	8.39053	-	-	-	-	G
C02632317      none	B	[O:1]=[CX3:2]!@[NX3H1:3][!#1:4]	0.00299616	63.7893	-	-	-	-	G
C02632317      none	B	[*:1]~[NX3:2]!@[NX3:3]~[*:4]	150.001	1.2148	-	-	-	-	G
C02632317      none	B	[O:1]=[CX3:2]!@[NX3H1:3][!#1:4]	-0.00892971	63.7893	-	-	-	-	G
C02632317      none	B	[O:1]=[CX3:2]([NH1])!@[CH2:3][C:4]	-149.996	0	-	-	-	-	R
C02632317      none	B	[!#1:1][CX4:2]!@[CX4:3][!#1:4]	-178.674	22.1548	-	-	-	-	G
C42279365      none	B	[C:1][CH2:2]!@[O:3][CX4:4]	179.998	35.2689	-	-	-	-	G
C42279365      none	B	[!#1:1][CX4H2:2]!@[CX4H2:3][!#1:4]	179.999	58.554	-	-	-	-	G
C42279365      none	B	[!#1:1][CH2:2]!@[n:3][cH0:4]	90.2678	14.7896	-	-	-	-	G
C42279365      none	B	[cH1:1][c:2]([nX2])!@[CX3:3]=[NX2:4]	-119.999	0.395257	-	-	-	-	R
C42279365      none	B	[*:1]~[N,n:2]!@[S:3]~[*:4]	180	8.16343	-	-	-	-	G
C64967818      none	B	[!#1:1][CH2:2]!@[n:3][cH0:4]	-89.7221	15.4696	-	-	-	-	G
C64967818      none	B	[cH0:1][c:2]([cH1])!@[CX3:3]([NX3H1])=[O:4]	-90.0077	1.04439	-	-	-	-	O
C64967818      none	B	[O:1]=[CX3:2]!@[NX3H1:3][!#1:4]	0.00775527	63.7893	-	-	-	-	G
C64967818      none	B	[$([CX3]=O):1][NX3H1:2]!@[CX4H2:3][C:4] 	-60.001	1.43139	-	-	-	-	G
C64967818      none	B	[!#1:1][CX4H2:2]!@[CX4H2:3][!#1:4]	-60.0073	3.77933	-	-	-	-	G
C64967818      none	B	[CX4:1][CX4H2:2]!@[NX3;"N_lp":3][CX4:4]	-76.3572	8.1206	-	-	-	-	G
C64967818      none	B	[!#1:1][CX4H2:2]!@[NX3;"N_lp":3][!#1:4]	180	4.52135	-	-	-	-	G
C64967818      none	B	[a:1][c:2]!@[CX4H2:3][!#1:4]	-134.734	2.0362	-	-	-	-	O
C64967818      none	B	[cH1:1][c:2]([cH1])!@[O:3][C:4]	-0.00150367	26.3009	-	-	-	-	G
C62827756      none	B	[$([C](=O)):1][NX3:2]!@[a:3](s)[a:4]	-29.7421	0	-	-	-	-	R
C62827756      none	B	[O:1]=[C:2]([O-])!@[c:3]([cH0])[cH0:4]	-89.7698	0	-	-	-	-	G
C62827756      none	B	[O:1]=[CX3:2]!@[NX3H1:3][!#1:4]	-29.9913	0.0303061	-	-	-	-	O
C62827756      none	B	[O:1]=[CX3:2]!@[NX3H0:3][!#1:4]	-30.0044	0.692521	-	-	-	-	O
C62827756      none	B	[$(C=O):1][NX3H0:2]!@[CX4H1:3][H:4]	0.00126402	15.8824	-	-	-	-	G
C21318675      none	B	[$(C=O):1][NX3H1:2]!@[c:3](s)[n:4]	-0.00071124	0.574713	-	-	-	-	R
C21318675      none	B	[O:1]=[CX3:2]!@[NX3H1:3][!#1:4]	0.000637838	63.7893	-	-	-	-	G
C21318675      none	B	[!#1:1][CX4H2:2]!@[CX3:3]=[O:4]	60.0006	1.20812	-	-	-	-	G
C21318675      none	B	[!#1:1][CX4:2]!@[SX2:3][!#1:4]	89.9973	2.8728	-	-	-	-	G
C21318675      none	B	[aH0:1][c:2]([aH0])!@[SX2:3][!#1:4]	-29.9981	0.51573	-	-	-	-	O
C21318675      none	B	[a:1][a:2]!@[NX3:3][!#1:4]	179.999	11.4213	-	-	-	-	G
C21318675      none	B	[*:1]~[NX3:2]!@[NX2:3]~[*:4]	-150	0.364964	-	-	-	-	O
C21318675      none	B	[cH1:1][c:2]([$([cH0][OH1])])!@[CX3:3]=[NX2:4]	0.270225	0.652938	-	-	-	-	G
C62606504      none	B	[aH0:1][c:2]([aH0])!@[SX4:3][!#1:4]	-53.8613	1.67598	-	-	-	-	G
C62606504      none	B	[*:1][$(S(=O)=O):2]!@[NX3H0r:3][*:4]	-59.7304	8.17536	-	-	-	-	O
C62606504      none	B	[C:1][CX4:2]!@[CX3:3]=[O:4]	0.127447	5.61823	-	-	-	-	G
C62606504      none	B	[O:1]=[CX3:2]!@[NX3H0:3][!#1:4]	-29.7234	0.692521	-	-	-	-	O
C62606504      none	B	[!#1:1][CX4:2]!@[CX4:3][!#1:4]	159.996	1.81259	-	-	-	-	G
C62606504      none	B	[$([CX3]=O):1][NX3H1:2]!@[CX4H2:3][C:4] 	-59.9994	1.43139	-	-	-	-	G
C62606504      none	B	[O:1]=[CX3:2]!@[NX3H1:3][!#1:4]	0.0028995	63.7893	-	-	-	-	G
C62606504      none	B	[cH1:1][c:2]([cH1])!@[C:3]([NH1,NH2])=[O:4]	26.9839	8.08167	-	-	-	-	G
C24562038      none	B	[$([C](=O)):1][NX3:2]!@[a:3](s)[a:4]	60.3244	0	-	-	-	-	R
C24562038      none	B	[O:1]=[CX3:2]!@[NX3H1:3][!#1:4]	-0.00524127	63.7893	-	-	-	-	G
C24562038      none	B	[O:1]=[CX3:2]!@[NX3H0:3][!#1:4]	-29.7124	0.692521	-	-	-	-	O
C48759093      none	B	[*:1]~[cX3:2]!@[NX2:3]~[*:4]	60.0005	1.58835	-	-	-	-	O
C48759093      none	B	[*^2:1]~[C^2:2]([!H])!@[C^2:3]~[*^2:4]	-89.9966	1.27397	-	-	-	-	G
C48759093      none	B	[O:1]=[CX3:2]!@[NX3H0:3][!#1:4]	149.996	1.73707	-	-	-	-	O
C48759093      none	B	[$([CX3]=O):1][NX3H0:2](C)!@[CX4H2:3][C:4]	-90.0017	15.9949	-	-	-	-	G
C48759093      none	B	[OX2:1][CX4:2]!@[CX4:3][N:4]	-80.0209	3.59551	-	-	-	-	O
C65147148      none	B	[a:1][c:2]!@[CX4H2:3][CX3:4]	90.0201	7.83807	-	-	-	-	G
C65147148      none	B	[$(C=O):1][NX3H0:2]!@[c:3]([s,o])[n:4]	-0.000576662	0	-	-	-	-	G
C65147148      none	B	[c:1][CX4H2:2]!@[CX3:3]=[O:4]	89.9989	2.13675	-	-	-	-	G
C65147148      none	B	[O:1]=[CX3:2]!@[NX3H1:3][!#1:4]	-0.000677132	63.7893	-	-	-	-	G
C65147148      none	B	[*:1]~[NX3:2]!@[NX3:3]~[*:4]	180	7.3164	-	-	-	-	G
C65147148      none	B	[O:1]=[CX3:2]([$([NX3H1]C)])!@[NX3H1:3][!#1:4]	-0.00592595	41.1343	-	-	-	-	G
C65147148      none	B	[O:1]=[CX3:2]([$([NX3H1]C)])!@[NX3H1:3][!#1:4]	0.00755453	41.1343	-	-	-	-	G
C65147148      none	B	[$([CX3]=O):1][NX3H1:2]!@[CX4H2:3][C:4] 	89.995	7.35439	-	-	-	-	G
C65147148      none	B	[OX2:1][CX4:2]!@[CX4:3][N:4]	60.8913	15.2809	-	-	-	-	G
C00962583      none	B	[cH0:1][c:2]([cH1])!@[CX3:3]([NX3H0])=[O:4]	60.0098	6.54545	-	-	-	-	G
C00962583      none	B	[O-:1][N+:2](=O)!@[c:3]([cH,nX2H0])[cH,nX2H0:4]	179.999	23.2156	-	-	-	-	G
C00962583      none	B	[O:1]=[CX3:2](a)!@[NX3H0:3][!#1:4]	-150.003	2.19542	-	-	-	-	G
C00962583      none	B	[$(C=O):1][NX3H0:2]!@[CX4H2:3][!#1:4]	89.997	13.8915	-	-	-	-	G
C00962583      none	B	[$([CX3]=O):1][NX3H0:2](C)!@[CX4H2:3][C:4]	60.0021	0.600343	-	-	-	-	O
C00962583      none	B	[a:1][c:2]!@[CX4H2:3][!#1:4]	-89.6925	7.30446	-	-	-	-	G
C00962583      none	B	[a:1][c:2]!@[C:3]([NH1,NH2])=[O:4]	180	9.31373	-	-	-	-	G
C00962583      none	B	[O:1]=[CX3:2]!@[NX3H1:3][!#1:4]	-0.00353899	63.7893	-	-	-	-	G
C00962583      none	B	[$([CX3]=O):1][NX3H1:2]!@[CX4H2:3][C:4] 	-119.999	2.61599	-	-	-	-	O
C00962583      none	B	[OX2:1][CX4:2]!@[CX4:3][N:4]	-179.113	9.8427	-	-	-	-	G
C00962583      none	B	[OX2:1][CX4:2]!@[CX4:3][N:4]	60.8871	15.2809	-	-	-	-	G
C23141834      none	B	[$(C=O):1][NX3H0:2]!@[c:3]([cH1])[cH1:4]	-150.017	1.13754	-	-	-	-	G
C23141834      none	B	[cH1:1][c:2]([cH1])!@[C:3]([NH1,NH2])=[O:4]	152.98	9.05971	-	-	-	-	G
C23141834      none	B	[O:1]=[CX3:2]!@[NX3H1:3][!#1:4]	-0.00757343	63.7893	-	-	-	-	G
C23141834      none	B	[$([CX3]=O):1][NX3H1:2]!@[CX4H2:3][C:4] 	89.999	7.35439	-	-	-	-	G
C23141834      none	B	[!#1:1][CX4:2]!@[CX3H0:3][!#1:4]	29.9978	1.49834	-	-	-	-	G
C23141834      none	B	[*:1]~[cX3:2]!@[NX2:3]~[*:4]	30.3013	1.49735	-	-	-	-	O
C17220634      none	B	[*:1]~[CX4:2]!@[n:3]~[*:4]	59.9965	3.54922	-	-	-	-	G
C17220634      none	B	[!#1:1][CX4:2]!@[CX4:3][!#1:4]	59.9971	12.3771	-	-	-	-	G
C17220634      none	B	[!#1:1][CX4:2]!@[CX4:3][!#1:4]	-60.0077	12.2558	-	-	-	-	G
C04823432      none	B	[a:1][c:2]!@[CX4H2:3][!#1:4]	-89.9907	7.30446	-	-	-	-	G
C04823432      none	B	[!#1:1][CX4:2]!@[SX2:3][!#1:4]	59.9958	7.53739	-	-	-	-	G
C04823432      none	B	[aH0:1][c:2]([aH0])!@[SX2:3][!#1:4]	60.0046	2.01135	-	-	-	-	G
C04823432      none	B	[*:1]~[CX4:2]!@[n:3]~[*:4]	150.003	3.15253	-	-	-	-	G
C04823432      none	B	[OX2:1][CX4:2]!@[CX4:3][OX2:4]	-63.9777	16.2177	-	-	-	-	G
C62677188      none	B	[O-:1][N+:2](=O)!@[c:3]([cH,nX2H0])[cH,nX2H0:4]	0.010584	22.9313	-	-	-	-	G
C62677188      none	B	[!#1:1][CH2:2]!@[n:3][cH0:4]	180	0.148746	-	-	-	-	R
C62677188      none	B	[!#1:1][CX4:2]!@[CX3H0:3][!#1:4]	-90.003	2.97335	-	-	-	-	G
C62677188      none	B	[*:1]~[N,n:2]!@[S:3]~[*:4]	-60.0012	4.40087	-	-	-	-	G
C62677188      none	B	[*:1][$(S(=O)=O):2]!@[NX3H0r:3][*:4]	90.275	4.85782	-	-	-	-	G
C41105175      none	B	[cH0:1][c:2]([cH,nX2H0])!@[NX3H0:3][CX4:4]	119.722	2.29463	-	-	-	-	O
C41105175      none	B	[aH1:1][c:2]([aH1])!@[SX4:3][!#1:4]	-90.0074	12.5987	-	-	-	-	G
C41105175      none	B	[$(S(=O)(=O)):1][NH1:2]!@[c:3]([cH1])[cH0:4]	150.002	8.74525	-	-	-	-	G
C41105175      none	B	[c:1][$(S(=O)=O):2]!@[NX3H1:3][c:4]	-60.0001	22.2603	-	-	-	-	G
C41105175      none	B	[aH1:1][c:2]([aH1])!@[SX4:3][!#1:4]	-89.7226	12.5987	-	-	-	-	G
C41105175      none	B	[*:1][$(S(=O)=O):2]!@[NX3H0r:3][*:4]	60.2734	7.32227	-	-	-	-	G
C21805227      none	B	[n,o,s:1][c:2]!@[CX4H2:3][CX4:4]	-89.6782	5.3104	-	-	-	-	G
C21805227      none	B	[$(C=O):1][NX3H1:2]!@[c:3](s)[n:4]	179.996	66.092	-	-	-	-	G
C21805227      none	B	[O:1]=[CX3:2]!@[NX3H1:3][!#1:4]	0.00418903	63.7893	-	-	-	-	G
C21805227      none	B	[!#1:1][CX4H2:2]!@[CX3:3]=[O:4]	119.994	0.613497	-	-	-	-	G
C21805227      none	B	[!#1:1][CX4:2]!@[SX2:3][!#1:4]	90.0015	2.8728	-	-	-	-	G
C21805227      none	B	[aH0:1][c:2]([aH0])!@[SX2:3][!#1:4]	-30.0024	0.51573	-	-	-	-	O
C21805227      none	B	[a:1][c:2]!@[CX4H2:3][a:4]	-45.0029	1.95489	-	-	-	-	O
C21805227      none	B	[cH0:1][c:2]!@[CX4H2:3][a:4]	-75.0022	8.00317	-	-	-	-	G
C15085976      none	B	[cH0:1][c:2]([cH0])!@[O:3][C:4]	150	0.168291	-	-	-	-	R
C15085976      none	B	[cH0:1][c:2]!@[CX4H2:3][CX4:4]	-90.0013	18.481	-	-	-	-	G
C15085976      none	B	[cH0:1][c:2]([cH0])!@[O:3][C:4]	-90.0045	14.1718	-	-	-	-	G
C15085976      none	B	[!#1:1][CX4:2]!@[CX4:3][!#1:4]	84.6935	1.75235	-	-	-	-	G
C15085976      none	B	[*^2:1]~[C^2:2]([!H])!@[C^2:3]~[*^2:4]	149.959	1.21045	-	-	-	-	O
C15085976      none	B	[O:1]=[CX3:2]!@[NX3H1:3][!#1:4]	-0.0078024	63.7893	-	-	-	-	G
C15085976      none	B	[*:1]~[NX3:2]!@[NX2:3]~[*:4]	-59.9914	0.223687	-	-	-	-	R
C15085976      none	B	[cH1:1][c:2]([cH1])!@[CX3:3]=[NX2:4]	0.269152	14.4225	-	-	-	-	G
C13068214      none	B	[cH1:1][c:2]([cH1])!@[C:3]([NH1,NH2])=[O:4]	-27.0045	8.39053	-	-	-	-	G
C13068214      none	B	[O:1]=[CX3:2]!@[NX3H1:3][!#1:4]	0.00623827	63.7893	-	-	-	-	G
C13068214      none	B	[*:1]~[NX3:2]!@[NX3:3]~[*:4]	89.9958	3.54776	-	-	-	-	G
C13068214      none	B	[O:1]=[CX3:2]!@[NX3H1:3][!#1:4]	-0.00337773	63.7893	-	-	-	-	G
C13068214      none	B	[OX2:1][CX4H2:2]!@[CX3:3]([$([NX3H1,NX3H2])])=[O:4]	150.002	1.07143	-	-	-	-	O
C13068214      none	B	[$(C=O):1][O:2]!@[CH2:3]~[C:4]	-89.9993	4.43359	-	-	-	-	G
C13068214      none	B	[O:1]=[C:2]!@[O:3]~[C:4]	-0.0062823	74.4927	-	-	-	-	G
C13068214      none	B	[C:1][CX4:2]!@[CX3:3]=[O:4]	175.378	0.827213	-	-	-	-	G
C13068214      none	B	[$(C=O):1][NX3H0:2]!@[c:3]([cH1])[cH1:4]	-29.9989	1.1203	-	-	-	-	G
C16511204      none	B	[cH1:1][c:2]([cH1])!@[O:3][C:4]	-179.71	26.896	-	-	-	-	G
C16511204      none	B	[cH1:1][c:2]([cH1])!@[C:3]([NH1,NH2])=[O:4]	153.023	9.05971	-	-	-	-	G
C16511204      none	B	[O:1]=[CX3:2]!@[NX3H1:3][!#1:4]	-0.00210518	63.7893	-	-	-	-	G
C16511204      none	B	[*:1]~[NX3:2]!@[NX3:3]~[*:4]	180	7.3164	-	-	-	-	G
C16511204      none	B	[O:1]=[CX3:2]!@[NX3H1:3][!#1:4]	0.00156315	63.7893	-	-	-	-	G
C16511204      none	B	[NH1:1][CX4:2]!@[CX3:3]=[O:4]	60.0024	0.459488	-	-	-	-	O
C16511204      none	B	[!#1:1][CX4:2]!@[CX4:3][!#1:4]	-60.0024	12.2558	-	-	-	-	G
C16511204      none	B	[$(S(=O)(=O)):1][NX3H1:2]!@[CX4H1:3][H:4]	-59.9989	0.736648	-	-	-	-	G
C16511204      none	B	[!#1:1][CX4H2:2]!@[CX4H2:3][!#1:4]	180	58.554	-	-	-	-	G
C16511204      none	B	[!#1:1][CX4:2]!@[SX2:3][!#1:4]	79.9967	6.41197	-	-	-	-	G
C16511204      none	B	[c:1][$(S(=O)=O):2]!@[NX3H1:3][C:4]	-89.9997	3.19032	-	-	-	-	G
C16511204      none	B	[aH1:1][c:2]([aH1])!@[SX4:3][!#1:4]	-89.7232	12.5987	-	-	-	-	G
C63079932      none	B	[aH0:1][c:2]([aH0])!@[SX2:3][!#1:4]	-90.003	3.32646	-	-	-	-	G
C63079932      none	B	[!#1:1][CX4:2]!@[SX2:3][!#1:4]	-40.0035	0.858878	-	-	-	-	O
C63079932      none	B	[a:1][c:2]!@[CX4H2:3][!#1:4]	-89.7404	7.30446	-	-	-	-	G
C17330059      none	B	[aH0:1][c:2]([aH1])!@[SX4:3][!#1:4]	-65.0059	15.3236	-	-	-	-	G
C17330059      none	B	[c:1][$(S(=O)=O):2]!@[NX3H1:3][C:4]	-89.9988	3.19032	-	-	-	-	G
C17330059      none	B	[$(S(=O)(=O)):1][NX3H1:2]!@[CX4H1:3][H:4]	-60.0013	0.736648	-	-	-	-	G
C17330059      none	B	[!#1:1][CX4:2]!@[CX4:3][!#1:4]	179.997	22.1548	-	-	-	-	G
C17330059      none	B	[NH1:1][CX4:2]!@[CX3:3]=[O:4]	59.9984	0.459488	-	-	-	-	O
C17330059      none	B	[!#1:1][CX4H2:2]!@[CX4H2:3][!#1:4]	-59.9935	3.77933	-	-	-	-	G
C17330059      none	B	[!#1:1][CX4:2]!@[SX2:3][!#1:4]	-79.999	6.01214	-	-	-	-	G
C17330059      none	B	[O:1]=[CX3:2]!@[NX3H1:3][!#1:4]	-0.00250255	63.7893	-	-	-	-	G
C17330059      none	B	[*:1]~[NX3:2]!@[NX3:3]~[*:4]	180	7.3164	-	-	-	-	G
C17330059      none	B	[O:1]=[CX3:2]!@[NX3H1:3][!#1:4]	-0.00715342	63.7893	-	-	-	-	G
C17330059      none	B	[cH1:1][c:2]([cH1])!@[C:3]([NH1,NH2])=[O:4]	27.012	8.08167	-	-	-	-	G
C17330059      none	B	[O-:1][N+:2](=O)!@[c:3]([cH,nX2H0])[cH,nX2H0:4]	-179.771	23.2156	-	-	-	-	G
C62132231      none	B	[cH0:1][c:2]!@[CX4H1:3][CX4:4]	60.0017	1.73972	-	-	-	-	G
C62132231      none	B	[OX2:1][CX4:2]!@[CX4:3][N:4]	159.995	1.1236	-	-	-	-	O
C62132231      none	B	[$([CX3]=O):1][NX3H1:2]!@[CX4H2:3][C:4] 	60.0075	1.1846	-	-	-	-	G
C62132231      none	B	[O:1]=[CX3:2]!@[NX3H1:3][!#1:4]	-0.0129957	63.7893	-	-	-	-	G
C62132231      none	B	[O:1]=[CX3:2]!@[CX3:3]=[O:4]	180	38.5813	-	-	-	-	G
C62132231      none	B	[O:1]=[CX3:2]!@[NX3H1:3][!#1:4]	0.00359199	63.7893	-	-	-	-	G
C62132231      none	B	[$(C=O):1][NX3H1:2]!@[c:3]([cH1])[cH1:4]	29.9982	5.05437	-	-	-	-	G
C62132231      none	B	[cH1:1][a:2]([cH1])!@[a:3]([sX2,o,nX2H0,nX3H1:4])([cH1])	179.998	11.5003	-	-	-	-	G
C39154523      none	B	[$(C=O):1][O:2]!@[CH2:3]~[C:4]	-90.0007	4.43359	-	-	-	-	G
C39154523      none	B	[O:1]=[C:2]!@[O:3]~[C:4]	0.00164083	74.4927	-	-	-	-	G
C39154523      none	B	[C:1][CX4:2]!@[CX3:3]=[O:4]	115.373	3.75937	-	-	-	-	G
C39154523      none	B	[$(C=O):1][NX3H1:2]!@[CX4H1:3][H:4]	32.0004	9.46757	-	-	-	-	G
C39154523      none	B	[*^2:1]~[C^2:2]([!H])!@[C^2:3]~[*^2:4]	-59.9591	0.757173	-	-	-	-	O
C39154523      none	B	[O:1]=[CX3:2]!@[NX3H1:3][!#1:4]	-0.00607035	63.7893	-	-	-	-	G
C39154523      none	B	[!#1:1][CX4H2:2]!@[CX3:3]=[O:4]	119.995	0.613497	-	-	-	-	G
C39154523      none	B	[!#1:1][CX4:2]!@[SX2:3][!#1:4]	-89.9979	3.00607	-	-	-	-	G
C39154523      none	B	[aH0:1][c:2]([aH0])!@[SX2:3][!#1:4]	90.0004	3.2491	-	-	-	-	G
C40732725      none	B	[cH0:1][c:2]([cH,nX2H0])!@[NX3H0:3][CX4:4]	59.9949	3.25838	-	-	-	-	G
C40732725      none	B	[cH0:1][c:2]([cH,nX2H0])!@[NX3H0:3][CX4:4]	89.9999	2.06517	-	-	-	-	G
C40732725      none	B	[C:1][CX4H2:2]!@[NX3:3][C:4]	-140.003	0.834501	-	-	-	-	O
C40732725      none	B	[C:1][CX4H2:2]!@[NX3:3][C:4]	90.0039	10.0586	-	-	-	-	G
C66410288      none	B	[$(C=O):1][NX3H1:2]!@[c:3]([cH1])[cH1:4]	-30.0299	5.05437	-	-	-	-	G
C66410288      none	B	[O:1]=[CX3:2]!@[NX3H1:3][!#1:4]	-0.000539733	63.7893	-	-	-	-	G
C66410288      none	B	[O:1]=[CX3:2]!@[CX3:3]=[O:4]	-60.003	0.346021	-	-	-	-	R
C66410288      none	B	[O:1]=[CX3:2]!@[NX3H1:3][!#1:4]	-0.000434987	63.7893	-	-	-	-	G
C66410288      none	B	[*:1]~[NX3:2]!@[NX2:3]~[*:4]	120	0.129503	-	-	-	-	R
C66410288      none	B	[c:1][S:2](=O)(=O)!@[NX2H0-:3]-[*:4]	90.0007	2.77778	-	-	-	-	G
C66410288      none	B	[aH0:1][c:2]([aH1])!@[SX4:3][!#1:4]	69.6788	11.3606	-	-	-	-	G
C66410288      none	B	[O-:1][N+:2](=O)!@[c:3][a:4]	0.000384613	18.5814	-	-	-	-	G
C48572244      none	B	[!#1:1][CX4:2]!@[CX3H0:3][!#1:4]	-59.9918	4.40277	-	-	-	-	G
C48572244      none	B	[$(C=O):1][NX3H1:2]!@[CX4H1:3][H:4]	-59.9909	1.23735	-	-	-	-	G
C48572244      none	B	[*:1]~[cX3:2]!@[NX2:3]~[*:4]	-29.6807	1.57181	-	-	-	-	O
C48572244      none	B	[O:1]=[CX3:2]!@[NX3H1:3][!#1:4]	-0.00736421	63.7893	-	-	-	-	G
C48572244      none	B	[s:1][c:2]!@[C:3]([NH1])=[O:4]	179.995	7.69231	-	-	-	-	R
C13128249      none	B	[aH1:1][c:2]([aH1])!@[SX4:3][!#1:4]	109.937	4.92809	-	-	-	-	G
C13128249      none	B	[$(C=O):1][NX3H1:2]!@[c:3]([cH1])[cH1:4]	-120.026	0.302054	-	-	-	-	R
C13128249      none	B	[O:1]=[CX3:2]!@[NX3H1:3][!#1:4]	0.00230916	63.7893	-	-	-	-	G
C13128249      none	B	[!#1:1][CX4H2:2]!@[CX3:3]=[O:4]	89.9996	1.06654	-	-	-	-	G
C13128249      none	B	[!#1:1][CX4:2]!@[SX2:3][!#1:4]	59.9993	7.53739	-	-	-	-	G
C13128249      none	B	[aH0:1][c:2]([aH0])!@[SX2:3][!#1:4]	30.0035	0.412584	-	-	-	-	O
C13128249      none	B	[!#1:1][CH2:2]!@[n:3][cH0:4]	90.0034	14.7896	-	-	-	-	G
C13128249      none	B	[!#1:1][CX4:2]!@[CX4:3][!#1:4]	82.0696	1.75235	-	-	-	-	G
C13128249      none	B	[*:1][$(S(=O)=O):2]!@[NX3H0r:3][*:4]	-89.7423	4.88152	-	-	-	-	G
C12513936      none	B	[cH1:1][c:2]([cH1])!@[C:3]([NH1,NH2])=[O:4]	153.023	9.05971	-	-	-	-	G
C12513936      none	B	[O-:1][N+:2](=O)!@[c:3]([cH0])[cH,nX2H0:4]	90.2613	0.274725	-	-	-	-	O
C12513936      none	B	[O:1]=[CX3:2]!@[NX3H1:3][!#1:4]	-0.00207086	63.7893	-	-	-	-	G
C12513936      none	B	[$([CX3]=O):1][NX3H1:2]!@[CX4H2:3][C:4] 	90.0053	7.35439	-	-	-	-	G
C12513936      none	B	[NH1:1][CX4:2]!@[CX3:3]=[O:4]	180	3.23174	-	-	-	-	O
C12513936      none	B	[O:1]=[C:2]!@[O:3]~[C:4]	0.00134063	74.4927	-	-	-	-	G
C12513936      none	B	[$(C=O):1][O:2]!@[CH2:3]~[C:4]	149.995	2.20243	-	-	-	-	G
C12513936      none	B	[OX2:1][CX4H2:2]!@[CX3:3]([$([NX3H1,NX3H2])])=[O:4]	149.994	1.07143	-	-	-	-	O
C12513936      none	B	[O:1]=[CX3:2]!@[NX3H1:3][!#1:4]	0.00971147	63.7893	-	-	-	-	G
C12513936      none	B	[$([CX3]=O):1][NX3H1:2]!@[CX4H2:3][C:4] 	-90.0033	7.35439	-	-	-	-	G
C12513936      none	B	N[C:2](=[O:1])!@[CH2:3][N:4]	180	8.33333	-	-	-	-	G
C12513936      none	B	[O:1]=[CX3:2]!@[NX3H1:3][!#1:4]	-0.0129138	63.7893	-	-	-	-	G
C12513936      none	B	[$(C=O):1][NX3H1:2]!@[c:3]([cH0]F)[cH:4]	-29.7233	8.77193	-	-	-	-	G
C02082980      none	B	[cH0:1][c:2]([cH1])!@[O:3][C:4]	179.993	48.7454	-	-	-	-	G
C02082980      none	B	[a:1][c:2]!@[CX4H1:3][a:4]	-30.5108	2.35804	-	-	-	-	G
C02082980      none	B	[cH0:1][c:2]!@[CX4H2:3][a:4]	134.991	0.713154	-	-	-	-	G
C02082980      none	B	[!#1:1][CH2:2]!@[n:3][a:4]	-89.6941	13.2844	-	-	-	-	G
C02082980      none	B	[O-:1][N+:2](=O)!@[c:3]([cH,nX2H0])[cH,nX2H0:4]	179.969	23.2156	-	-	-	-	G
C34900802      none	B	[cH1:1][c:2]([cH1])!@[C:3]([NH1,NH2])=[O:4]	27.016	8.08167	-	-	-	-	G
C34900802      none	B	[O:1]=[CX3:2]!@[NX3H1:3][!#1:4]	-0.00371896	63.7893	-	-	-	-	G
C34900802      none	B	[$([CX3]=O):1][NX3H1:2]!@[CX4H2:3][C:4] 	149.996	1.43139	-	-	-	-	O
C34900802      none	B	[!#1:1][CX4H2:2]!@[CX4H2:3][!#1:4]	-59.9949	3.77933	-	-	-	-	G
C34900802      none	B	[!#1:1][CX4H2:2]!@[CX4H2:3][!#1:4]	-59.9968	3.77933	-	-	-	-	G
C34900802      none	B	[$([CX3]=O):1][NX3H1:2]!@[CX4H2:3][C:4] 	150	1.43139	-	-	-	-	O
C34900802      none	B	[O:1]=[CX3:2]!@[NX3H1:3][!#1:4]	0.00272347	63.7893	-	-	-	-	G
C34900802      none	B	[N:1][CX4:2]!@[CX3:3]=[O:4]	-3.48551	7.55292	-	-	-	-	G
C34900802      none	B	[*:1][$(S(=O)=O):2]!@[NX3H0r:3][*:4]	89.9979	4.85782	-	-	-	-	G
C34900802      none	B	[aH1:1][c:2]([aH1])!@[SX4:3][!#1:4]	150.264	0.260857	-	-	-	-	R
C34900802      none	B	[O-:1][N+:2](=O)!@[c:3]([cH,nX2H0])[cH,nX2H0:4]	179.927	23.2156	-	-	-	-	G
C62858248      none	B	[!#1:1][CX4:2]!@[CX4:3][!#1:4]	179.63	22.1548	-	-	-	-	G
C62858248      none	B	[C:1][CX4:2]!@[CX3:3]=[O:4]	59.9997	2.38699	-	-	-	-	G
C62858248      none	B	[O:1]=[CX3:2]!@[NX3H1:3][!#1:4]	0.00384812	63.7893	-	-	-	-	G
C62858248      none	B	[$([CX3]=O):1][NX3H1:2]!@[CX4H2:3][C:4] 	180	6.46594	-	-	-	-	G
C62858248      none	B	[NH1:1][CX4:2]!@[CX3:3]=[O:4]	120.002	0.41354	-	-	-	-	G
C21037360      none	B	[cH1:1][c:2]([cH1])!@[CX3:3]=[NX2:4]	180	13.9437	-	-	-	-	G
C21037360      none	B	[O-:1][N+:2](=O)!@[c:3]([cH,nX2H0])[cH,nX2H0:4]	180	23.2156	-	-	-	-	G
C21037360      none	B	[*:1]~[NX3:2]!@[NX2:3]~[*:4]	180	29.4914	-	-	-	-	G
C21037360      none	B	[a:1][a:2]!@[NX3:3][!#1:4]	-179.679	11.4213	-	-	-	-	G
C21037360      none	B	[aH0:1][c:2]([aH0])!@[SX2:3][!#1:4]	-0.00818822	13.1253	-	-	-	-	G
C21037360      none	B	[!#1:1][CX4:2]!@[SX2:3][!#1:4]	150.004	1.40678	-	-	-	-	G
C21037360      none	B	[!#1:1][CX4H2:2]!@[CX4H2:3][!#1:4]	-60.0045	3.77933	-	-	-	-	G
C21037360      none	B	[O:1]=[CX3:2]([NH1])!@[CH2:3][C:4]	-29.9921	4.73225	-	-	-	-	G
C21037360      none	B	[O:1]=[CX3:2]!@[NX3H1:3][!#1:4]	0.000312854	63.7893	-	-	-	-	G
C21037360      none	B	[$(C=O):1][NX3H1:2]!@[c:3]([cH1])[cH1:4]	29.9975	5.05437	-	-	-	-	G
C21037360      none	B	[$(C=O):1][NX3H0:2]!@[c:3]([cH1])[cH1:4]	-149.743	1.13754	-	-	-	-	G
C10055359      none	B	[$([CX3]=O):1][NX3H0:2](C)!@[CX4H2:3][C:4]	90.0021	14.7513	-	-	-	-	G
C10055359      none	B	[N:1][CX4:2]!@[CX3:3]=[O:4]	180	3.27555	-	-	-	-	G
C10055359      none	B	[O:1]=[C:2]!@[O:3]~[C:4]	-0.00209349	74.4927	-	-	-	-	G
C10055359      none	B	[$(C=O):1][O:2]!@[CH1:3][H:4]	-30.0023	11.3505	-	-	-	-	G
C10055359      none	B	[O:1][CX4:2]!@[CX3:3]=[O:4]	119.994	0.923198	-	-	-	-	O
C10055359      none	B	[O:1]=[CX3:2]!@[NX3H1:3][!#1:4]	-0.00515332	63.7893	-	-	-	-	G
C10055359      none	B	[$(C=O):1][NX3H1:2]!@[CX4H2:3][$([c]([cH,nX2H0])[cH,nX2H0]):4]	150.002	2.27848	-	-	-	-	G
C10055359      none	B	[a:1][c:2]!@[CX4H2:3][!#1:4]	-89.7245	7.30446	-	-	-	-	G
C63778112      none	B	[a:1][c:2]!@[CX4H1:3][N,O:4]	59.9999	3.42939	-	-	-	-	G
C63778112      none	B	[!#1:1][CX3:2]!@[SX2:3][!#1:4]	180	28.238	-	-	-	-	G
C63778112      none	B	[!#1:1][CX4:2]!@[SX2:3][!#1:4]	-80.0012	6.01214	-	-	-	-	G
C63778112      none	B	[!#1:1][CX4:2]!@[CX3H0:3][!#1:4]	90.0051	2.78327	-	-	-	-	G
C63778112      none	B	[*:1]~[cX3:2]!@[NX2:3]~[*:4]	30.3035	1.49735	-	-	-	-	O
C12548474      none	B	[cH1:1][c:2]([cH1])!@[C:3]([NH1,NH2])=[O:4]	27.0221	8.08167	-	-	-	-	G
C12548474      none	B	[aH1:1][c:2]([aH1])!@[SX4:3][!#1:4]	-90.0069	12.5987	-	-	-	-	G
C12548474      none	B	[c:1][$(S(=O)=O):2]!@[NX3H1:3][c:4]	-59.997	22.2603	-	-	-	-	G
C12548474      none	B	[$(S(=O)(=O)):1][NH1:2]!@[c:3]([cH1])[cH1:4]	119.995	4.02542	-	-	-	-	O
C12548474      none	B	[O:1]=[CX3:2]!@[NX3H1:3][!#1:4]	0.00348347	63.7893	-	-	-	-	G
C12548474      none	B	[$([CX3]=O):1][NX3H1:2]!@[CX4H2:3][C:4] 	179.998	6.46594	-	-	-	-	G
C12548474      none	B	N[C:2](=[O:1])!@[CH2:3][N:4]	-0.00684154	9.82143	-	-	-	-	G
C12548474      none	B	[O:1]=[CX3:2]!@[NX3H1:3][!#1:4]	0.0073919	63.7893	-	-	-	-	G
C12548474      none	B	[$(C=O):1][NX3H1:2]!@[CX4H2:3][!#1:4]	-150.005	1.65159	-	-	-	-	G
C12548474      none	B	[a:1][c:2]!@[CX4H2:3][!#1:4]	90.3056	7.24386	-	-	-	-	G
C39098396      none	B	[H:1][CX4H1:2]!@[O:3][CX4:4]	-29.9944	6.07621	-	-	-	-	G
C39098396      none	B	[H:1][CX4H1:2]!@[O:3][CX4:4]	-0.00371714	4.26659	-	-	-	-	G
C39098396      none	B	[OX2:1][CX4:2]!@[CX4:3][OX2:4]	-179.962	13.4277	-	-	-	-	G
C14202254      none	B	[O:1][CX4:2]!@[CX3:3]=[O:4]	150.01	2.2196	-	-	-	-	G
C14202254      none	B	[$(C=O):1][O:2]!@[CH1:3][H:4]	-30.0047	11.3505	-	-	-	-	G
C14202254      none	B	[O:1]=[CX3:2]!@[NX3H1:3][!#1:4]	-0.00626676	63.7893	-	-	-	-	G
C14202254      none	B	[$(C=O):1][NX3:2]!@[a:3][aH0:4]	60.0015	2.5788	-	-	-	-	G
C14202254      none	B	[O:1]=[C:2]!@[O:3]~[C:4]	-29.9938	0.0890388	-	-	-	-	R
C14202254      none	B	[N:1][CX4:2]!@[CX3:3]=[O:4]	-151.393	3.58916	-	-	-	-	G
C14202254      none	B	[*:1][$(S(=O)=O):2]!@[NX3H0r:3][*:4]	119.998	1.23223	-	-	-	-	G
C14202254      none	B	[aH1:1][c:2]([aH1])!@[SX4:3][!#1:4]	-89.7242	12.5987	-	-	-	-	G
C00389399      none	B	[cH1:1][c:2]([cH1])!@[CX3:3]=[O:4]	-59.9942	0.295938	-	-	-	-	R
C00389399      none	B	[!#1:1][CX4H2:2]!@[CX3:3]=[O:4]	60.0021	1.20812	-	-	-	-	G
C00389399      none	B	[!#1:1][CX4:2]!@[SX2:3][!#1:4]	-150.002	1.30312	-	-	-	-	G
C00389399      none	B	[aH1:1][c:2]([aH0])!@[SX2:3][!#1:4]	29.6927	1.8677	-	-	-	-	O
C63447982      none	B	[a:1][c:2]!@[CX4H1:3][H:4]	30.0067	4.04281	-	-	-	-	G
C63447982      none	B	[!#1:1][CX3:2]!@[SX2:3][!#1:4]	59.9998	4.10392	-	-	-	-	G
C63447982      none	B	[!#1:1][CX4:2]!@[SX2:3][!#1:4]	-59.9938	7.13757	-	-	-	-	G
C63447982      none	B	[!#1:1][CX4H2:2]!@[CX3:3]=[O:4]	-60.0066	1.45352	-	-	-	-	G
C63447982      none	B	[O:1]=[CX3:2]!@[NX3H1:3][!#1:4]	0.00207779	63.7893	-	-	-	-	G
C63447982      none	B	[$(C=O):1][NX3H1:2]!@[CX4H2:3][!#1:4]	180	5.78057	-	-	-	-	G
C63447982      none	B	[a:1][c:2]!@[CX4H2:3][!#1:4]	90.3025	7.24386	-	-	-	-	G
C48674741      none	B	[a:1][a:2]!@[CX3:3]=[CX3H1:4]	-150.002	2.20165	-	-	-	-	G
C48674741      none	B	[*^2:1]~[C^2:2]([!H])!@[C^2:3]~[*^2:4]	-119.995	0.661024	-	-	-	-	G
C48674741      none	B	[O:1]=[CX3:2]!@[NX3H1:3][!#1:4]	-0.00601901	63.7893	-	-	-	-	G
C48674741      none	B	[*:1]~[NX3:2]!@[NX3:3]~[*:4]	-89.9979	3.3545	-	-	-	-	G
C48674741      none	B	[O:1]=[CX3:2]!@[NX3H1:3][!#1:4]	0.0036927	63.7893	-	-	-	-	G
C48674741      none	B	[O:1]=[CX3:2]!@[CX3:3]=[O:4]	180	38.5813	-	-	-	-	G
C48674741      none	B	[O:1]=[CX3:2]!@[NX3H1:3][!#1:4]	-0.00435893	63.7893	-	-	-	-	G
C48674741      none	B	[$(C=O):1][NX3H1:2]!@[CX4H1:3][H:4]	-29.9981	6.97413	-	-	-	-	G
C59368790      none	B	[O-:1][N+:2](=O)!@[c:3]([cH,nX2H0])[cH,nX2H0:4]	179.972	23.2156	-	-	-	-	G
C59368790      none	B	[aH0:1][c:2]([aH1])!@[SX4:3][!#1:4]	-70.1883	15.3236	-	-	-	-	G
C59368790      none	B	[*:1]~[N,n:2]!@[S:3]~[*:4]	-60.0055	4.40087	-	-	-	-	G
C59368790      none	B	[cH1:1][c:2]([cH1])!@[CX3:3]=[NX2:4]	-59.7241	0.787951	-	-	-	-	O
C59368790      none	B	[$(S(=O)(=O)):1][NH0:2]!@[c:3]([cH1])[cH1:4]	-59.7248	0.826446	-	-	-	-	G
C11347974      none	B	[c:1][c:2]!@[c:3][s,o,nX3H1:4]	0.00356099	17.837	-	-	-	-	G
C11347974      none	B	[aH0:1][c:2]([aH0])!@[SX2:3][!#1:4]	0.00255953	13.1253	-	-	-	-	G
C11347974      none	B	[!#1:1][CX4:2]!@[SX2:3][!#1:4]	60.0006	7.53739	-	-	-	-	G
C11347974      none	B	[!#1:1][CX4H2:2]!@[CX3:3]=[O:4]	29.999	3.68098	-	-	-	-	G
C11347974      none	B	[O:1]=[CX3:2]!@[NX3H1:3][!#1:4]	0.00247378	63.7893	-	-	-	-	G
C11347974      none	B	[$(C=O):1][NX3H1:2]!@[c:3]([cH1])[cH1:4]	-30.0011	5.05437	-	-	-	-	G
C11347974      none	B	[aH1:1][c:2]([aH1])!@[SX4:3][!#1:4]	109.985	4.92809	-	-	-	-	G
C11347974      none	B	[*:1][$(S(=O)=O):2]!@[NX3H0r:3][*:4]	-89.7235	4.88152	-	-	-	-	G
C13078952      none	B	[cH1,n:1][c:2]!@[O:3][CH1:4]	89.9995	0.0970874	-	-	-	-	R
C13078952      none	B	[H:1][CX4H1:2]!@[OX2:3][!#1:4]	-29.995	9.1924	-	-	-	-	G
C13078952      none	B	[O:1][CX4:2]!@[CX3:3]=[O:4]	-149.997	3.9285	-	-	-	-	G
C13078952      none	B	[O:1]=[CX3:2]!@[NX3H1:3][!#1:4]	0.00796731	63.7893	-	-	-	-	G
C13078952      none	B	[*:1]~[NX3:2]!@[NX3:3]~[*:4]	179.996	7.3164	-	-	-	-	G
C13078952      none	B	[*:1][$(S(=O)=O):2]!@[NX3H1:3][*:4]	89.9957	4.90782	-	-	-	-	G
C13078952      none	B	[aH1:1][c:2]([aH1])!@[SX4:3][!#1:4]	-89.735	12.5987	-	-	-	-	G
C13078952      none	B	[cH1:1][c:2]([cH1])!@[CX4H2:3][CX4:4]	90.017	11.713	-	-	-	-	G
C13078952      none	B	[!#1:1][CX4H2:2]!@[CX4H2:3][!#1:4]	179.999	58.554	-	-	-	-	G
C13078952      none	B	[C:1][CX4H2:2]!@[CX3:3]=[O:4]	119.99	0.695249	-	-	-	-	O
C67205632      none	B	[*:1]~[CX3:2]!@[NX2:3]~[*:4]	90.0009	0.126195	-	-	-	-	G
C67205632      none	B	[N:1][C:2](=O)!@[CX4H2:3][CX4H2:4]	149.996	4.76839	-	-	-	-	G
C67205632      none	B	[!#1:1][CX4H2:2]!@[CX4H2:3][!#1:4]	-59.9997	3.77933	-	-	-	-	G
C67205632      none	B	[!#1:1][CX4H2:2]!@[CX4H2:3][!#1:4]	179.997	58.554	-	-	-	-	G
C67205632      none	B	[!#1:1][CX4H2:2]!@[CX4H2:3][!#1:4]	180	58.554	-	-	-	-	G
C67205632      none	B	[!#1:1][CX4:2]!@[CX4:3][!#1:4]	84.3569	1.75235	-	-	-	-	G
C32802979      none	B	[cH1:1][c:2]([cH1])!@[C:3]([NH1,NH2])=[O:4]	-26.973	8.39053	-	-	-	-	G
C32802979      none	B	[O:1]=[CX3:2]!@[NX3H1:3][!#1:4]	0.00495374	63.7893	-	-	-	-	G
C32802979      none	B	[$([CX3]=O):1][NX3H1:2]!@[CX4H2:3][C:4] 	89.9989	7.35439	-	-	-	-	G
C32802979      none	B	[!#1:1][CX4H2:2]!@[CX4H2:3][!#1:4]	59.996	3.99483	-	-	-	-	G
C32802979      none	B	[$([CX3]=O):1][NX3H1:2]!@[CX4H2:3][C:4] 	89.9997	7.35439	-	-	-	-	G
C32802979      none	B	[O:1]=[CX3:2]!@[NX3H1:3][!#1:4]	0.00688673	63.7893	-	-	-	-	G
C32802979      none	B	[O:1]=[CX3:2]!@[NX3H0:3][!#1:4]	-149.722	1.37927	-	-	-	-	O
C32802979      none	B	[*:1][$(S(=O)=O):2]!@[NX3H0r:3][*:4]	90.0036	4.85782	-	-	-	-	G
C32802979      none	B	[aH1:1][c:2]([aH1])!@[SX4:3][!#1:4]	90.2789	12.916	-	-	-	-	G
C12733286      none	B	[aH0:1][c:2]([aH0])!@[SX4:3][!#1:4]	96.1409	5.58659	-	-	-	-	G
C12733286      none	B	[*:1][$(S(=O)=O):2]!@[NX3H0r:3][*:4]	-89.7182	4.88152	-	-	-	-	G
C12733286      none	B	[C:1][CX4:2]!@[CX3:3]=[O:4]	30.0274	3.28614	-	-	-	-	G
C12733286      none	B	[O:1]=[CX3:2]!@[NX3H1:3][!#1:4]	180	2.24265	-	-	-	-	G
C12733286      none	B	[$(C=O):1][NX3H1:2]!@[c:3](s)[n:4]	-0.00378073	0.574713	-	-	-	-	R
C12733286      none	B	[a:1][c:2]!@[CX4H2:3][!#1:4]	-90.0063	7.30446	-	-	-	-	G
C12733286      none	B	[!#1:1][CX4H2:2]!@[NX3;"N_lp":3][!#1:4]	156.367	5.85388	-	-	-	-	G
C09254495      none	B	[cH0:1][c:2]([cH1])!@[O:3][C:4]	-90.0037	0.64732	-	-	-	-	R
C09254495      none	B	[$(S(=O)(=O)):1][NH1:2]!@[c:3]([cH1])[cH0:4]	-119.997	6.46388	-	-	-	-	G
C09254495      none	B	[c:1][$(S(=O)=O):2]!@[NX3H1:3][c:4]	59.998	16.9521	-	-	-	-	G
C09254495      none	B	[aH1:1][c:2]([aH1])!@[SX4:3][!#1:4]	90.2715	12.916	-	-	-	-	G
C09254495      none	B	[$(C=O):1][NX3H1:2]!@[c:3]([cH1])[cH1:4]	-59.7424	0.241643	-	-	-	-	R
C09254495      none	B	[O:1]=[CX3:2]!@[NX3H1:3][!#1:4]	-0.0122554	63.7893	-	-	-	-	G
C09254495      none	B	[cH1:1][c:2]([cH1])!@[C:3]([NH1,NH2])=[O:4]	153.004	9.05971	-	-	-	-	G
C09254495      none	B	[cH1:1][a:2]([cH1])!@[a:3]([sX2,o,nX2H0,nX3H1:4])([cH1])	0.0108901	11.7616	-	-	-	-	G
C13013431      none	B	[O:1]=[C:2]([O-])!@[CX4H1:3][H:4]	0.00273516	0.495663	-	-	-	-	O
C13013431      none	B	[$(S(=O)(=O)):1][NX3H1:2]!@[CX4H1:3][H:4]	30.001	11.9705	-	-	-	-	G
C13013431      none	B	[c:1][$(S(=O)=O):2]!@[NX3H1:3][C:4]	-89.9999	3.19032	-	-	-	-	G
C13013431      none	B	[aH1:1][c:2]([aH1])!@[SX4:3][!#1:4]	-89.7289	12.5987	-	-	-	-	G
C13013431      none	B	[cH1:1][c:2]([cH1])!@[CX3:3]=[NX2:4]	149.998	2.10453	-	-	-	-	G
C13013431      none	B	[*:1]~[NX3:2]!@[NX2:3]~[*:4]	149.996	0.447375	-	-	-	-	O
C13013431      none	B	[O:1]=[CX3:2]!@[NX3H1:3][!#1:4]	0.00543703	63.7893	-	-	-	-	G
C13013431      none	B	[cH1:1][c:2]([cH1])!@[C:3]([NH1,NH2])=[O:4]	-152.993	8.78518	-	-	-	-	G
C14022439      none	B	[aH1:1][c:2]([aH1])!@[SX4:3][!#1:4]	-110.005	4.53328	-	-	-	-	G
C14022439      none	B	[*:1][$(S(=O)=O):2]!@[NX3H0r:3][*:4]	60.2841	7.32227	-	-	-	-	G
C14022439      none	B	[C:1][CX4:2]!@[CX3:3]=[O:4]	149.943	1.17362	-	-	-	-	G
C14022439      none	B	[O:1]=[CX3:2]!@[NX3H1:3][!#1:4]	-0.019903	63.7893	-	-	-	-	G
C14022439      none	B	[$(C=O):1][NX3H1:2]!@[c:3](o)[n:4]	180	38.4615	-	-	-	-	G
C14022439      none	B	[a:1][c:2]!@[CX4H2:3][!#1:4]	134.998	1.8443	-	-	-	-	O
C14022439      none	B	[!#1:1][CX4:2]!@[SX4:3][!#1:4]	167.743	7.85263	-	-	-	-	G
C14022439      none	B	[aH1:1][c:2]([aH1])!@[SX4:3][!#1:4]	-89.7281	12.5987	-	-	-	-	G
C22472097      none	B	[nr6:1][cr6:2]([nH0r6])!@[C:3]([NH1,NH2])=[O:4]	-30.0054	0	-	-	-	-	G
C22472097      none	B	[O:1]=[CX3:2]!@[NX3H1:3][!#1:4]	0.00154491	63.7893	-	-	-	-	G
C22472097      none	B	[$([CX3]=O):1][NX3H1:2]!@[CX4H2:3][C:4] 	89.9978	7.35439	-	-	-	-	G
C22472097      none	B	[!#1:1][CX4H2:2]!@[CX4H2:3][!#1:4]	180	58.554	-	-	-	-	G
C22472097      none	B	[!#1:1][CX4H2:2]!@[CX4H2:3][!#1:4]	180	58.554	-	-	-	-	G
C22472097      none	B	[$([CX3]=O):1][NX3H0:2](C)!@[CX4H2:3][C:4]	-60.009	0.686106	-	-	-	-	O
C22472097      none	B	[$(C=O):1][NX3H0:2]!@[CX4H1:3][H:4]	0.00169653	15.8824	-	-	-	-	G
C22472097      none	B	[O:1]=[CX3:2](a)!@[NX3H0:3][!#1:4]	-29.9947	1.17502	-	-	-	-	O
C22472097      none	B	[a:1][c:2]!@[C:3]([NH0])=[O:4]	120.274	4.19444	-	-	-	-	G
C56599082      none	B	[$(C=O):1][NX3H1:2]!@[c:3]([cH1])[cH1:4]	150.282	5.05437	-	-	-	-	G
C56599082      none	B	[O:1]=[CX3:2]!@[NX3H1:3][!#1:4]	-29.9876	0.0303061	-	-	-	-	O
C56599082      none	B	[O:1]=[CX3:2]!@[NX3H0:3][!#1:4]	150.27	1.73707	-	-	-	-	O
C56599082      none	B	[$(C=O):1][NX3H1:2]!@[CX4H1:3][H:4]	29.9942	9.46757	-	-	-	-	G
C56599082      none	B	[O:1]=[CX3:2]!@[NX3H1:3][!#1:4]	0.00390324	63.7893	-	-	-	-	G
C56599082      none	B	[cH1:1][c:2]([cH1])!@[C:3]([NH1,NH2])=[O:4]	26.9981	8.08167	-	-	-	-	G
C48869027      none	B	[cH1:1][c:2]([cH0])!@[CX3x0:3]=[NX2:4]	-120.027	0.106345	-	-	-	-	G
C48869027      none	B	[O-:1][N+:2](=O)!@[c:3]([cH0])[cH,nX2H0:4]	0.276377	12.6374	-	-	-	-	G
C48869027      none	B	[*:1]~[N,n:2]!@[S:3]~[*:4]	-59.9979	4.40087	-	-	-	-	G
C48869027      none	B	[*:1][$(S(=O)=O):2]!@[NX3H0:3][*:4]	89.9971	5.90452	-	-	-	-	G
C23370400      none	B	[$(C=O):1][NX3:2]!@[a:3][aH0:4]	120.004	2.43553	-	-	-	-	G
C23370400      none	B	[O-:1][N+:2](=O)!@[c:3]([cH0])[cH,nX2H0:4]	90.2457	0.274725	-	-	-	-	O
C23370400      none	B	[O:1]=[CX3:2]!@[NX3H1:3][!#1:4]	-0.0107278	63.7893	-	-	-	-	G
C23370400      none	B	[!#1:1][CX4H2:2]!@[CX3:3]=[O:4]	-59.9934	1.45352	-	-	-	-	G
C23370400      none	B	[!#1:1][CX4:2]!@[SX2:3][!#1:4]	-60.0039	7.13757	-	-	-	-	G
C23370400      none	B	[aH0:1][c:2]([aH0])!@[SX2:3][!#1:4]	-59.9896	1.39247	-	-	-	-	G
C23370400      none	B	[a:1][ar5:2]!@[ar5:3][a:4]	30.3127	1.41221	-	-	-	-	O
C23370400      none	B	[!#1:1][CH2:2]!@[n:3][cH0:4]	-90.0007	15.4696	-	-	-	-	G
C23370400      none	B	[!#1:1][CX4H2:2]!@[CX4H2:3][!#1:4]	179.999	58.554	-	-	-	-	G
C23370400      none	B	[N:1][C:2](=O)!@[CX4H2:3][CX4H2:4]	-150.005	5.31335	-	-	-	-	G
C09600439      none	B	[a:1][c:2]!@[CX4H2:3][!#1:4]	90.0016	7.24386	-	-	-	-	G
C09600439      none	B	[$(C=O):1][NX3H1:2]!@[CX4H2:3][$([c]([cH,nX2H0])[cH,nX2H0]):4]	119.997	2.53165	-	-	-	-	G
C09600439      none	B	[O:1]=[CX3:2]!@[NX3H1:3][!#1:4]	0.00209769	63.7893	-	-	-	-	G
C09600439      none	B	[O:1]=[CX3:2]!@[CX3:3]=[O:4]	119.998	1.7301	-	-	-	-	G
C09600439      none	B	[O:1]=[CX3:2]!@[NX3H1:3][!#1:4]	0.00217292	63.7893	-	-	-	-	G
C09600439      none	B	[$([CX3]=O):1][NX3H1:2]!@[CX4H2:3][C:4] 	-89.9954	7.35439	-	-	-	-	G
C09600439      none	B	[OX2:1][CX4:2]!@[CX4:3][N:4]	-82.4719	3.59551	-	-	-	-	O
C09600439      none	B	[*:1][$(S(=O)=O):2]!@[NX3H0r:3][*:4]	-90.0015	4.88152	-	-	-	-	G
C09600439      none	B	[aH0:1][c:2]([aH1])!@[SX4:3][!#1:4]	69.7281	11.3606	-	-	-	-	G
CHEMBL12696      none	B	[$(C=O):1][NX3H1:2]!@[c:3]([cH1])[cH1:4]	-149.958	5.07451	-	-	-	-	G
CHEMBL12696      none	B	[O:1]=[CX3:2]([$([NX3H1]C)])!@[NX3H1:3][!#1:4]	-0.00982961	41.1343	-	-	-	-	G
CHEMBL12696      none	B	[O:1]=[CX3:2]([$([NX3H1]C)])!@[NX3H1:3][!#1:4]	0.0140717	41.1343	-	-	-	-	G
CHEMBL12696      none	B	[$(C=O):1][NX3H1:2]!@[CX4H2:3][$([c]([cH,nX2H0])[cH,nX2H0]):4]	-150.001	1.01266	-	-	-	-	G
CHEMBL12696      none	B	[a:1][c:2]!@[CX4H2:3][!#1:4]	135.313	1.69481	-	-	-	-	O
CHEMBL12696      none	B	[cH1:1][a:2]([cH1])!@[a:3]([cH1])[cH0:4]	-120.002	5.02238	-	-	-	-	G
CHEMBL12696      none	B	[!#1:1][CH2:2]!@[n:3][cH0:4]	89.9991	14.7896	-	-	-	-	G
CHEMBL12696      none	B	[!#1:1][CX4H2:2]!@[CX3:3]=[O:4]	120.001	0.613497	-	-	-	-	G
C02639260      none	B	[cH1:1][a:2]([cH1])!@[a:3]([sX2,o,nX2H0,nX3H1:4])([cH1])	-0.00453352	11.7616	-	-	-	-	G
C02639260      none	B	[a:1][a:2]!@[CX3:3]=[CX3H1:4]	-29.9998	2.14556	-	-	-	-	G
C02639260      none	B	[c:1][c:2]!@[c:3]([cH0])[nX2H0:4]	-59.4176	1.82507	-	-	-	-	G
C02639260      none	B	[*^2:1]~[C^2:2]([!H])!@[C^2:3]~[*^2:4]	180	19.9269	-	-	-	-	G
C02639260      none	B	[O:1]=[C:2]!@[O:3]~[C:4]	0.00535278	74.4927	-	-	-	-	G
C02639260      none	B	[$(C=O):1][O:2]!@[CH2:3]~[C:4]	179.99	23.3458	-	-	-	-	G
C02639260      none	B	[OX2:1][CX4H2:2]!@[CX3:3]([$([NX3H1,NX3H2])])=[O:4]	-29.9883	1.07143	-	-	-	-	O
C02639260      none	B	[O:1]=[CX3:2]!@[NX3H1:3][!#1:4]	-0.00824692	63.7893	-	-	-	-	G
C02639260      none	B	[$(C=O):1][NX3H1:2]!@[CX4H1:3][H:4]	-30.0002	6.97413	-	-	-	-	G
C15924677      none	B	[cH1:1][c:2]([cH1])!@[CX3:3]([CX3H0])=[O:4]	-90.0025	0	-	-	-	-	R
C15924677      none	B	[*^2:1]~[C^2:2]([!H])!@[C^2:3]~[*^2:4]	-119.684	0.661024	-	-	-	-	G
C15924677      none	B	[$([CX3]=O):1][NX3H0:2](C)!@[CX4H2:3][C:4]	60.0052	0.600343	-	-	-	-	O
C15924677      none	B	[a:1][c:2]!@[CX4H1:3][N,O:4]	-56.6829	3.48172	-	-	-	-	G
C15924677      none	B	[O-:1][N+:2](=O)!@[c:3]([cH,nX2H0])[cH,nX2H0:4]	179.973	23.2156	-	-	-	-	G
C15924677      none	B	[!#1:1][CX4H2:2]!@[CX4H2:3][!#1:4]	59.9967	3.99483	-	-	-	-	G
C15924677      none	B	[!#1:1][CX4H2:2]!@[CX4H2:3][!#1:4]	179.998	58.554	-	-	-	-	G
C15924677      none	B	[!#1:1][CH2:2]!@[n:3][a:4]	-89.6959	13.2844	-	-	-	-	G
C36266368      none	B	[*:1][$(S(=O)=O):2]!@[NX3H0r:3][*:4]	-90.0003	4.88152	-	-	-	-	G
C36266368      none	B	[aH1:1][c:2]([aH1])!@[SX4:3][!#1:4]	150.275	0.260857	-	-	-	-	R
C04336678      none	B	[OX2:1][CX4:2]!@[CX4:3][OX2:4]	33.3732	0.0745395	-	-	-	-	O
C04336678      none	B	[OX2:1][CX4:2]!@[CX4:3][OX2:4]	-39.9908	0.393994	-	-	-	-	G
C04336678      none	B	[OX2:1][CX4:2]!@[CX4:3][OX2:4]	-80.004	2.4811	-	-	-	-	G
C04336678      none	B	[OX2:1][CX4:2]!@[CX4:3][OX2:4]	40.0015	0.511128	-	-	-	-	G
C35680251      none	B	[O:1]=[CX3:2]!@[NX3H1:3][!#1:4]	0.0048968	63.7893	-	-	-	-	G
C35680251      none	B	[$([CX3]=O):1][NX3H1:2]!@[CX4H2:3][C:4] 	149.998	1.43139	-	-	-	-	O
C35680251      none	B	N[C:2](=[O:1])!@[CH2:3][N:4]	-29.9966	4.7619	-	-	-	-	G
C35680251      none	B	[O:1]=[CX3:2]!@[NX3H0:3][!#1:4]	-149.721	1.37927	-	-	-	-	O
C35680251      none	B	[*:1]~[CX4:2]!@[NX4:3]~[*:4]	-160	2.15596	-	-	-	-	G
C35680251      none	B	[NH1:1][CX4:2]!@[CX3:3]=[O:4]	120.002	0.41354	-	-	-	-	G
C05765615      none	B	[a:1][c:2]!@[CX4H2:3][!#1:4]	-90.0067	7.30446	-	-	-	-	G
C05765615      none	B	[*:1]~[CX4:2]!@[n:3]~[*:4]	150	3.15253	-	-	-	-	G
C05765615      none	B	[OX2:1][CX4:2]!@[CX4:3][OX2:4]	174.156	4.6108	-	-	-	-	G
C61919569      none	B	[cH0:1][c:2]!@[CX4H2:3][N,O,S:4]	134.977	0.685166	-	-	-	-	G
C61919569      none	B	[a:1][a:2]!@[NX3:3][!#1:4]	-119.74	1.58818	-	-	-	-	O
C32565161      none	B	[cH1:1][c:2]!@[c:3]([cH1])[nX2H0:4]	59.9914	0.0514271	-	-	-	-	R
C32565161      none	B	[cH0:1][c:2]([cH,nX2H0])!@[NX3H1:3][CX4:4]	160.003	3.7196	-	-	-	-	O
C32565161      none	B	[!#1:1][CX4H2:2]!@[NX3H1:3][!#1:4]	180	11.3535	-	-	-	-	G
C32565161      none	B	[!#1:1][CX4H2:2]!@[CX4H2:3][!#1:4]	59.9985	3.99483	-	-	-	-	G
C32565161      none	B	[$([CX3]=O):1][NX3H0:2](C)!@[CX4H2:3][C:4]	59.6987	0.600343	-	-	-	-	O
C31817781      none	B	[O:1]=[CX3:2]!@[NX3H0:3][!#1:4]	30.29	0.680979	-	-	-	-	O
C31817781      none	B	[*:1]~[CX4:2]!@[NX4:3]~[*:4]	-60.0055	15.3415	-	-	-	-	G
C31817781      none	B	[cH0:1][c:2]!@[CX4H1:3][CX3:4]	-60.3043	5.15222	-	-	-	-	G
C31817781      none	B	[O:1]=[C:2]([O-])!@[CX4H1:3][H:4]	0.00492778	0.495663	-	-	-	-	O
C31817781      none	B	[$(C=O):1][NX3H1:2]!@[c:3]([cH1])[cH1:4]	149.968	5.05437	-	-	-	-	G
C31817781      none	B	[O:1]=[CX3:2]!@[NX3H1:3][!#1:4]	0.0106295	63.7893	-	-	-	-	G
C31817781      none	B	[O:1]=[CX3:2]([NH1])!@[CH2:3][C:4]	-60.0059	5.85305	-	-	-	-	G
C31817781      none	B	[!#1:1][CX4H2:2]!@[CX4H2:3][!#1:4]	-60.0003	3.77933	-	-	-	-	G
C31817781      none	B	[C:1][CX4H2:2]!@[CX3:3]=[O:4]	119.996	0.695249	-	-	-	-	O
CHEMBL63861      none	B	[a:1][c:2]!@[CX4H2:3][!#1:4]	150.031	1.43221	-	-	-	-	O
CHEMBL63861      none	B	[!#1:1][CX4H2:2]!@[NX3;"N_lp":3][!#1:4]	-76.3017	6.8682	-	-	-	-	G
CHEMBL63861      none	B	[*:1]~[CX4:2]!@[NX4:3]~[*:4]	-159.995	2.15596	-	-	-	-	G
CHEMBL63861      none	B	[a:1][c:2]!@[CX4H2:3][!#1:4]	-134.686	2.0362	-	-	-	-	O
CHEMBL63861      none	B	[cH1:1][a:2]([cH1])!@[a:3]([cH1])[cH0:4]	-59.9923	6.36499	-	-	-	-	G
CHEMBL63861      none	B	[O-:1][N+:2](=O)!@[c:3]([cH0])[cH,nX2H0:4]	90.2729	0.274725	-	-	-	-	O
CHEMBL63861      none	B	[!#1:1][CH2:2]!@[n:3][cH0:4]	89.9994	14.7896	-	-	-	-	G
CHEMBL63861      none	B	[!#1:1][CX4H2:2]!@[CX3:3]=[O:4]	-119.995	0.59462	-	-	-	-	G
C12974048      none	B	[*:1]~[cX3:2]!@[NX2:3]~[*:4]	89.99	1.96062	-	-	-	-	O
C12974048      none	B	[!#1:1][CX4:2]!@[CX3H0:3][!#1:4]	59.9972	4.20603	-	-	-	-	G
C12974048      none	B	[!#1:1][CX4:2]!@[SX2:3][!#1:4]	179.998	11.1654	-	-	-	-	G
C12974048      none	B	[!#1:1][CX4:2]!@[SX2:3][!#1:4]	80.0047	6.41197	-	-	-	-	G
C12974048      none	B	[a:1][c:2]!@[CX4H2:3][!#1:4]	135.266	1.69481	-	-	-	-	O
C37270038      none	B	[*:1]~[CX4:2]!@[NX4:3]~[*:4]	39.9928	2.08461	-	-	-	-	G
C37270038      none	B	[*:1]~[CX4:2]!@[NX4:3]~[*:4]	-78.7795	2.10499	-	-	-	-	G
C61538457      none	B	[a:1][ar6:2]!@[ar5:3][a:4]	0.270198	7.24965	-	-	-	-	G
C61538457      none	B	[cH1,nX2H0:1][c:2]([cH1,nX2H0])!@[NX3r:3][*:4]	-119.699	2.61442	-	-	-	-	O
C61538457      none	B	[OX2:1][CX4:2]!@[CX4:3][N:4]	-79.9979	3.59551	-	-	-	-	G
C17315148      none	B	[C:1][CX4H2:2]!@[OX2:3][c:4]	-149.993	1.28448	-	-	-	-	O
C17315148      none	B	[cH1:1][c:2]([cH1])!@[O:3][C:4]	150.288	0.199809	-	-	-	-	O
C17315148      none	B	[cH1:1][a:2]([cH1])!@[a:3]([cH0])[cH0:4]	60.0094	5.86243	-	-	-	-	G
C17315148      none	B	[a:1][c:2]!@[CX4H2:3][a:4]	-90.0082	5.18797	-	-	-	-	G
C17315148      none	B	[aH0:1][c:2]([aH0])!@[SX2:3][!#1:4]	-119.995	1.95977	-	-	-	-	G
C17315148      none	B	[!#1:1][CX4:2]!@[SX2:3][!#1:4]	89.9974	2.8728	-	-	-	-	G
C17315148      none	B	[!#1:1][CX4H2:2]!@[CX3:3]=[O:4]	-89.9998	1.11373	-	-	-	-	G
C17315148      none	B	[O:1]=[CX3:2]!@[NX3H1:3][!#1:4]	-0.000587166	63.7893	-	-	-	-	G
C17315148      none	B	[$([CX3]=O):1][NX3H1:2]!@[CX4H2:3][C:4] 	149.998	1.43139	-	-	-	-	O
C17315148      none	B	[OX2:1][CX4:2]!@[CX4:3][N:4]	-39.1059	1.41573	-	-	-	-	O
C17315148      none	B	[a:1][c:2]!@[CX4H2:3][a:4]	135.275	1.80451	-	-	-	-	O
C09028531      none	B	[cH0:1][c:2]!@[CX4H2:3][N,O,S:4]	90.0016	7.74238	-	-	-	-	G
C09028531      none	B	[!#1:1][CX4:2]!@[SX4:3][!#1:4]	-172.26	7.34737	-	-	-	-	G
C09028531      none	B	[aH0:1][c:2]([aH0])!@[SX4:3][!#1:4]	30.0026	0.418994	-	-	-	-	R
C09028531      none	B	[a:1][c:2]!@[CX4H2:3][!#1:4]	-135.003	1.61199	-	-	-	-	O
C09028531      none	B	[$(S(=O)(=O)):1][NX3H1:2]!@[CX4H2:3][!#1:4]	90.0019	3.00429	-	-	-	-	G
C09028531      none	B	[c:1][$(S(=O)=O):2]!@[NX3H1:3][C:4]	60.0009	14.5215	-	-	-	-	G
C09028531      none	B	[aH1:1][c:2]([aH1])!@[SX4:3][!#1:4]	-89.7239	12.5987	-	-	-	-	G
C40287781      none	B	[O:1]=[CX3:2]!@[NX3H1:3][!#1:4]	0.00846908	63.7893	-	-	-	-	G
C40287781      none	B	[$(C=O):1][NX3H1:2]!@[c:3]([cH1])[cH1:4]	-0.00594564	7.77286	-	-	-	-	G
C40287781      none	B	[$(C=O):1][NX3H1:2]!@[c:3]([cH1])[cH1:4]	150.263	5.05437	-	-	-	-	G
C40287781      none	B	[O:1]=[CX3:2]!@[NX3H1:3][!#1:4]	-0.00059105	63.7893	-	-	-	-	G
C40287781      none	B	[C:1][CX4:2]!@[CX3:3]=[O:4]	91.2493	3.65147	-	-	-	-	G
C32707884      none	B	[aH0:1][c:2]([aH1])!@[SX4:3][!#1:4]	-149.985	0.1321	-	-	-	-	R
C32707884      none	B	[$(C=O):1][NX3H1:2]!@[c:3]([cH1])[cH1:4]	-29.9989	5.05437	-	-	-	-	G
C32707884      none	B	[O:1]=[CX3:2]!@[NX3H1:3][!#1:4]	-0.000517321	63.7893	-	-	-	-	G
C32707884      none	B	[!#1:1][CX4H2:2]!@[CX3:3]=[O:4]	60.0028	1.20812	-	-	-	-	G
C32707884      none	B	[!#1:1][CX4:2]!@[SX2:3][!#1:4]	149.996	1.40678	-	-	-	-	G
C32707884      none	B	[aH1:1][c:2]([aH0])!@[SX2:3][!#1:4]	180	3.11284	-	-	-	-	G
C32707884      none	B	[cH1:1][a:2]([cH1])!@[a:3]([sX2,o,nX2H0,nX3H1:4])	-179.72	10.6726	-	-	-	-	G
C32707884      none	B	[*:1][$(S(=O)=O):2]!@[NX3H0r:3][*:4]	90.2821	4.85782	-	-	-	-	G
C35687715      none	B	[a:1][c:2]!@[NX3H1:3][$([CX4r]([C;r])([C;r])):4]	90.0068	0	-	-	-	-	R
C35687715      none	B	[!#1:1][CX4H1:2]!@[NX3:3][!#1:4]	158.278	3.23353	-	-	-	-	G
C55158093      none	B	[*:1][$(S(=O)=O):2]!@[NX3H0r:3][*:4]	-89.7204	4.88152	-	-	-	-	G
C55158093      none	B	[N:1][CX4:2]!@[CX3:3]=[O:4]	119.33	0.766617	-	-	-	-	O
C55158093      none	B	[O:1]=[CX3:2]!@[NX3H1:3][!#1:4]	0.00906596	63.7893	-	-	-	-	G
C55158093      none	B	[*:1]~[NX3:2]!@[NX3:3]~[*:4]	89.9974	3.54776	-	-	-	-	G
C55158093      none	B	[O:1]=[CX3:2]!@[NX3H1:3][!#1:4]	0.000277089	63.7893	-	-	-	-	G
C55158093      none	B	[$([cH0][OH1]):1][c:2]([cH1])!@[C:3](=O)[NH1:4]	-149.999	2.54237	-	-	-	-	R
C09510157      none	B	[OX2:1][CX4:2]!@[CX4:3][N:4]	-39.996	1.41573	-	-	-	-	G
C09510157      none	B	[NH1:1][CX4:2]!@[CX3:3]=[O:4]	179.998	3.23174	-	-	-	-	O
C09510157      none	B	[$(S(=O)(=O)):1][NX3H1:2]!@[CX4H1:3][H:4]	-0.00540859	7.36648	-	-	-	-	G
C09510157      none	B	[O:1]=[C:2]!@[O:3]~[C:4]	0.00634789	74.4927	-	-	-	-	G
C09510157      none	B	[$(C=O):1][O:2]!@[CH2:3]~[C:4]	-90.0062	4.43359	-	-	-	-	G
C09510157      none	B	[O:1][CX4:2]!@[CX3:3]=[O:4]	120.003	0.923198	-	-	-	-	O
C09510157      none	B	[cH1:1][c:2]([cH1])!@[CX3:3]=[O:4]	0.283611	14.2319	-	-	-	-	G
C09510157      none	B	[c:1][$(S(=O)=O):2]!@[NX3H1:3][C:4]	-59.9972	13.7514	-	-	-	-	G
C09510157      none	B	[aH1:1][c:2]([aH1])!@[SX4:3][!#1:4]	-89.7281	12.5987	-	-	-	-	G
C12564086      none	B	[O:1]=[C:2]!@[O:3]~[C:4]	0.00493263	74.4927	-	-	-	-	G
C12564086      none	B	[C:1][CX4H2:2]!@[CX3:3]=[O:4]	150.006	0.811124	-	-	-	-	R
C12564086      none	B	[!#1:1][CX4:2]!@[CX4:3][!#1:4]	-80.4018	1.71775	-	-	-	-	G
C12564086      none	B	[O:1]=[CX3:2]!@[NX3H0:3][!#1:4]	179.999	18.2537	-	-	-	-	G
C12564086      none	B	[!#1:1][CX4H2:2]!@[CX3:3]=[O:4]	-0.00339007	19.1789	-	-	-	-	G
C12564086      none	B	[!#1:1][CX4:2]!@[SX2:3][!#1:4]	180	11.1654	-	-	-	-	G
C12564086      none	B	[aH0:1][c:2]([aH0])!@[SX2:3][!#1:4]	29.9978	0.412584	-	-	-	-	O
C12564086      none	B	[a:1][ar5:2]!@[ar5:3][a:4]	120.338	1.03053	-	-	-	-	R
C12564086      none	B	[!#1:1][CH2:2]!@[n:3][cH0:4]	89.9922	14.7896	-	-	-	-	G
C12564086      none	B	[!#1:1][CX4:2]!@[CX4:3][!#1:4]	81.7146	1.75235	-	-	-	-	G
C18191526      none	B	[O-:1][N+:2](=O)!@[c:3]([cH0])[cH,nX2H0:4]	-0.0155777	12.6374	-	-	-	-	G
C18191526      none	B	[a:1][c:2]!@[CX3:3]=[CX3H0:4]	-119.999	3.00312	-	-	-	-	G
C12989030      none	B	[O:1][CX4:2]!@[CX3:3]=[O:4]	-119.996	1.11962	-	-	-	-	O
C12989030      none	B	[$(C=O):1][O:2]!@[CH1:3][H:4]	29.9919	10.7465	-	-	-	-	G
C12989030      none	B	[O:1]=[CX3:2]!@[NX3H1:3][!#1:4]	-0.00717468	63.7893	-	-	-	-	G
C12989030      none	B	[$(C=O):1][NX3H1:2]!@[c:3]([cH1])[cH1:4]	-29.9881	5.05437	-	-	-	-	G
C12989030      none	B	[aH1:1][c:2]([aH1])!@[SX4:3][!#1:4]	89.9963	12.916	-	-	-	-	G
C12989030      none	B	[*:1][$(S(=O)=O):2]!@[NX3H0r:3][*:4]	-89.703	4.88152	-	-	-	-	G
C12989030      none	B	[O:1]=[C:2]!@[O:3]~[C:4]	0.00890485	74.4927	-	-	-	-	G
C12989030      none	B	[C:1][CX4:2]!@[CX3:3]=[O:4]	-63.7877	2.40592	-	-	-	-	G
C12989030      none	B	[$(C=O):1][NX3H0:2]!@[CX4H1:3][H:4]	56.0292	0.252101	-	-	-	-	R
C15106410      none	B	[*:1]~[CX3:2]!@[NX2:3]~[*:4]	90.3381	0.126195	-	-	-	-	G
C15106410      none	B	[!#1:1][CX4:2]!@[CX4:3][!#1:4]	180	22.1548	-	-	-	-	G
C15106410      none	B	[O:1]=[CX3:2]([NH1])!@[CH2:3][C:4]	59.9961	6.84932	-	-	-	-	G
C15106410      none	B	[O:1]=[CX3:2]!@[NX3H1:3][!#1:4]	-0.00296649	63.7893	-	-	-	-	G
C15106410      none	B	[$(C=O):1][NX3H1:2]!@[c:3]([cH1])[cH1:4]	-149.998	5.07451	-	-	-	-	G
C36332388      none	B	[C:1][CX4:2]!@[NX3:3][C:4]	-59.9961	7.03868	-	-	-	-	G
C36332388      none	B	[!#1:1][CX3:2](=S)!@[NX3H1:3][!#1:4]	0.000649022	27.5459	-	-	-	-	G
C36332388      none	B	[!#1:1][CX3:2](=S)!@[NX3H1:3][!#1:4]	150.001	0.033389	-	-	-	-	R
C12659846      none	B	[O-:1][N+:2](=O)!@[c:3]([cH,nX2H0])[cH,nX2H0:4]	179.981	23.2156	-	-	-	-	G
C12659846      none	B	[cH0:1][c:2]!@[CX4H1:3][a:4]	150.602	2.80552	-	-	-	-	G
C12659846      none	B	[O:1]=[C:2]([O-])!@[CX4H1:3][H:4]	0.00184679	0.495663	-	-	-	-	O
C63646673      none	B	[CX3:1]=[CX3:2]!@[CH2:3][!#1:4]	119.975	8.78049	-	-	-	-	G
C63646673      none	B	[!#1:1][CX4:2]!@[SX2:3][!#1:4]	89.9995	2.8728	-	-	-	-	G
C63646673      none	B	[aH1:1][c:2]([aH0])!@[SX2:3][!#1:4]	29.9966	1.8677	-	-	-	-	O
C58365353      none	B	[!#1:1][CX4H0:2]!@[OX2:3][!#1:4]	59.9959	19.4328	-	-	-	-	G
C58365353      none	B	[O:1]=[C:2]!@[O:3]~[CH0:4]	0.00137395	56.519	-	-	-	-	G
C58365353      none	B	[O:1]=[CX3:2]!@[NX3H0:3][!#1:4]	0.315799	25.0866	-	-	-	-	G
C58365353      none	B	[!#1:1][CX4:2]!@[CX3H0:3][!#1:4]	180	7.26386	-	-	-	-	G
C58365353      none	B	[*:1]~[N,n:2]!@[S:3]~[*:4]	179.997	8.16343	-	-	-	-	G
C59887082      none	B	[$(C=O):1][NX3:2]!@[a:3][aH0:4]	120.006	2.43553	-	-	-	-	G
C59887082      none	B	[O:1]=[CX3:2]!@[NX3H1:3][!#1:4]	0.00057773	63.7893	-	-	-	-	G
C59887082      none	B	[!#1:1][CX4H2:2]!@[CX3:3]=[O:4]	-120.003	0.59462	-	-	-	-	G
C59887082      none	B	[!#1:1][CX4:2]!@[SX2:3][!#1:4]	89.9999	2.8728	-	-	-	-	G
C59887082      none	B	[aH0:1][c:2]([aH0])!@[SX2:3][!#1:4]	0.00249385	13.1253	-	-	-	-	G
C59887082      none	B	[a:1][a:2]!@[NX3:3][!#1:4]	180	11.4213	-	-	-	-	G
C59887082      none	B	[*:1]~[NX3:2]!@[NX2:3]~[*:4]	180	29.4914	-	-	-	-	G
C59887082      none	B	[cH1:1][c:2]([cH1])!@[CX3:3]=[NX2:4]	-179.697	13.9437	-	-	-	-	G
C59887082      none	B	[!#1:1][CH2:2]!@[n:3][a:4]	0.00267962	0.0996016	-	-	-	-	R
C59887082      none	B	[!#1:1][CX4H2:2]!@[CX4H2:3][!#1:4]	180	58.554	-	-	-	-	G
C59887082      none	B	[C:1][CH2:2]!@[O:3][CX4:4]	180	35.2689	-	-	-	-	G
C35215696      none	B	[cH1:1][c:2]([cH1])!@[C:3]([NH1,NH2])=[O:4]	153.014	9.05971	-	-	-	-	G
C35215696      none	B	[O:1]=[CX3:2]!@[NX3H1:3][!#1:4]	-0.00539466	63.7893	-	-	-	-	G
C35215696      none	B	[$([CX3]=O):1][NX3H1:2]!@[CX4H2:3][C:4] 	120.006	2.76407	-	-	-	-	O
C35215696      none	B	N[C:2](=[O:1])!@[CH2:3][N:4]	-0.00258202	9.82143	-	-	-	-	G
C35215696      none	B	[O:1]=[CX3:2]!@[NX3H0:3][!#1:4]	-179.719	18.2537	-	-	-	-	G
C35215696      none	B	[OX2:1][CX4:2]!@[CX4:3][N:4]	179.996	9.8427	-	-	-	-	G
C65643797      none	B	[O-:1][N+:2](=O)!@[c:3]([cH,nX2H0])[cH,nX2H0:4]	179.976	23.2156	-	-	-	-	G
C65643797      none	B	[cH1:1][c:2]([cH0])!@[CX3x0:3]=[NX2:4]	90.2961	0.0354484	-	-	-	-	R
C65643797      none	B	[*:1]~[N,n:2]!@[S:3]~[*:4]	179.998	8.16343	-	-	-	-	G
C65643797      none	B	[aH1:1][c:2]([aH1])!@[SX4:3][!#1:4]	90.279	12.916	-	-	-	-	G
C65643797      none	B	[O-:1][N+:2](=O)!@[c:3]([cH0])[cH,nX2H0:4]	90.1539	0.274725	-	-	-	-	O
C11332398      none	B	[c:1][c:2]!@[c:3][s,o,nX3H1:4]	-29.9943	2.72579	-	-	-	-	G
C11332398      none	B	[n,o,s:1][c:2]!@[CX4H2:3][CX4:4]	90.0004	4.03889	-	-	-	-	G
C11332398      none	B	[!#1:1][CX4H2:2]!@[CX4H2:3][!#1:4]	179.999	58.554	-	-	-	-	G
C11332398      none	B	[N:1][C:2](=O)!@[CX4H2:3][CX4H2:4]	179.996	15.2589	-	-	-	-	G
C11332398      none	B	[O:1]=[CX3:2]!@[NX3H0:3][!#1:4]	-179.721	18.2537	-	-	-	-	G
C11332398      none	B	[*:1][$(S(=O)=O):2]!@[NX3H0r:3][*:4]	-89.9999	4.88152	-	-	-	-	G
C11332398      none	B	[aH1:1][c:2]([aH1])!@[SX4:3][!#1:4]	-69.6961	5.44275	-	-	-	-	G
C11332398      none	B	[a:1][c:2]!@[C:3]([NH1,NH2])=[O:4]	179.999	9.31373	-	-	-	-	G
C01229134      none	B	[O-:1][N+:2](=O)!@[c:3]([cH,nX2H0])[cH,nX2H0:4]	179.98	23.2156	-	-	-	-	G
C01229134      none	B	[cH1:1][c:2]([cH1])!@[CX3:3]=[NX2:4]	0.00196133	14.4225	-	-	-	-	G
C01229134      none	B	[*:1]~[NX2:2]!@[nX3:3]~[*:4]	-59.6919	3.71094	-	-	-	-	G
C18052567      none	B	[CX4:1][CX4H2:2]!@[NX3:3][CX4:4]	30.0065	0.0123031	-	-	-	-	R
C18052567      none	B	[cH0:1][c:2]([cH,nX2H0])!@[NX3H0:3][CX4:4]	119.718	2.29463	-	-	-	-	O
C18052567      none	B	[!#1:1][CX4H2:2]!@[CX4H2:3][!#1:4]	179.987	58.554	-	-	-	-	G
C18052567      none	B	[!#1:1][CX4H2:2]!@[CX4H2:3][!#1:4]	60.001	3.99483	-	-	-	-	G
C18052567      none	B	[cH0:1][c:2]!@[CX4H2:3][CX4:4]	90.3111	18.5823	-	-	-	-	G
C18052567      none	B	[aH1:1][c:2]([aH1])!@[SX4:3][!#1:4]	-90.0641	12.5987	-	-	-	-	G
C18052567      none	B	[O-:1][N+:2](=O)!@[c:3]([cH0])[cH,nX2H0:4]	90.2745	0.274725	-	-	-	-	O
C18052567      none	B	[*:1][$(S(=O)=O):2]!@[NX3H0r:3][*:4]	-89.6819	4.88152	-	-	-	-	G
C35831889      none	B	[a:1][c:2]!@[C:3]([NH0])=[O:4]	90.0001	2.88889	-	-	-	-	G
C35831889      none	B	[O:1]=[CX3:2](a)!@[NX3H0:3][!#1:4]	0.285718	23.6549	-	-	-	-	G
C35831889      none	B	[$(C=O):1][NX3H1:2]!@[CX4H1:3][H:4]	-0.00637881	8.26772	-	-	-	-	G
C35831889      none	B	[O:1]=[CX3:2]!@[NX3H1:3][!#1:4]	0.00785636	63.7893	-	-	-	-	G
C35831889      none	B	[$([c]([NH1,NH2])):1][c:2]!@[CX3:3]([!O])=[O:4]	0.273201	27.6243	-	-	-	-	G
C35831889      none	B	[$(C=O):1][NX3:2]!@[a:3]([nX2H0])[cH0:4]	180	12.037	-	-	-	-	G
C35831889      none	B	[O:1]=[CX3:2]!@[NX3H1:3][!#1:4]	0.00164396	63.7893	-	-	-	-	G
C35831889      none	B	[cH1:1][c:2]([cH1])!@[C:3]([NH1,NH2])=[O:4]	-152.999	8.78518	-	-	-	-	G
C58019101      none	B	[a:1][ar6:2]!@[ar5:3][a:4]	-179.703	7.27752	-	-	-	-	G
C58019101      none	B	[$(C=O):1][NX3H1:2]!@[c:3]([cH1])[cH1:4]	29.9832	5.05437	-	-	-	-	G
C58019101      none	B	[O:1]=[CX3:2]!@[NX3H1:3][!#1:4]	30.001	0.0707142	-	-	-	-	O
C58019101      none	B	[O:1]=[CX3:2]!@[NX3H0:3][!#1:4]	-29.7341	0.692521	-	-	-	-	O
C58019101      none	B	[*:1][$(S(=O)=O):2]!@[NX3H0r:3][*:4]	-119.999	0.995261	-	-	-	-	G
C04590487      none	B	[cH0:1][c:2]!@[CX4H1:3][CX3:4]	59.7251	4.33255	-	-	-	-	G
C04590487      none	B	[O-:1][N+:2](=O)!@[c:3]([cH,nX2H0])[cH,nX2H0:4]	179.974	23.2156	-	-	-	-	G
C20832532      none	B	[cH1:1][c:2]([cH1])!@[O:3][C:4]	0.283263	26.3009	-	-	-	-	G
C20832532      none	B	[$(C=O):1][NX3H1:2]!@[c:3](s)[n:4]	0.000186748	0.574713	-	-	-	-	R
C20832532      none	B	[O:1]=[CX3:2]!@[NX3H1:3][!#1:4]	179.993	2.24265	-	-	-	-	G
C20832532      none	B	[!#1:1][CX4H2:2]!@[CX3:3]=[O:4]	-0.00479617	19.1789	-	-	-	-	G
C20832532      none	B	[!#1:1][CX4:2]!@[SX2:3][!#1:4]	89.9991	2.8728	-	-	-	-	G
C20832532      none	B	[aH0:1][c:2]([aH0])!@[SX2:3][!#1:4]	-7.54842e-05	13.1253	-	-	-	-	G
C20832532      none	B	[a:1][a:2]!@[NX3:3][!#1:4]	149.998	1.85775	-	-	-	-	O
C20832532      none	B	[*:1]~[NX3:2]!@[NX2:3]~[*:4]	149.999	0.447375	-	-	-	-	O
C20832532      none	B	[cH1:1][c:2]([$([cH0][OH1])])!@[CX3:3]=[NX2:4]	-29.7112	0	-	-	-	-	G
C20832532      none	B	[O-:1][N+:2](=O)!@[c:3]([cH,nX2H0])[cH,nX2H0:4]	179.975	23.2156	-	-	-	-	G
C49643988      none	B	[$(S(=O)(=O)):1][NH0:2]!@[c:3]([cH1])[cH0:4]	-90.0038	18.0328	-	-	-	-	G
C49643988      none	B	[*:1]~[N,n:2]!@[S:3]~[*:4]	26.033	2.49131	-	-	-	-	G
C49643988      none	B	[H:1][CX4H1:2]!@[SX4:3][!#1:4]	59.8436	14.91	-	-	-	-	G
C66240832      none	B	[$([C](=O)):1][NX3H1:2]!@[$([a]([nH0,o])):3][cH1:4]	60.0024	0	-	-	-	-	R
C66240832      none	B	[*:1]~[CX4:2]!@[n:3]~[*:4]	59.9961	3.54922	-	-	-	-	G
C66240832      none	B	[O:1]=[CX3:2]!@[NX3H1:3][!#1:4]	-0.00115897	63.7893	-	-	-	-	G
C66240832      none	B	[cH1:1][c:2]([cH1])!@[C:3]([NH1,NH2])=[O:4]	-152.99	8.78518	-	-	-	-	G
C66240832      none	B	[cH1:1][a:2]([cH1])!@[a:3]([sX2,o,nX2H0,nX3H1:4])([cH0])	-120.004	2.13068	-	-	-	-	G
C13856717      none	B	[cH1:1][c:2]([cH1])!@[CX3:3]=[O:4]	119.997	0.410277	-	-	-	-	R
C13856717      none	B	[O-:1][N+:2](=O)!@[c:3]([cH,nX2H0])[cH,nX2H0:4]	179.982	23.2156	-	-	-	-	G
C13856717      none	B	[O:1][CX4:2]!@[CX3:3]=[O:4]	150.005	2.2196	-	-	-	-	G
C13856717      none	B	[$(C=O):1][O:2]!@[CH2:3]~[C:4]	120.005	1.25443	-	-	-	-	O
C13856717      none	B	[O:1]=[C:2]!@[O:3]~[C:4]	-0.0148672	74.4927	-	-	-	-	G
C13856717      none	B	[C:1][CX4:2]!@[CX3:3]=[O:4]	-33.7849	3.42621	-	-	-	-	G
C13856717      none	B	[*:1]~[NX3:2]!@[NX3:3]~[*:4]	-120	2.7333	-	-	-	-	G
C13856717      none	B	[O:1]=[CX3:2]!@[NX3H1:3][!#1:4]	-0.00510025	63.7893	-	-	-	-	G
C13856717      none	B	[cH1:1][c:2]([cH1])!@[C:3]([NH1,NH2])=[O:4]	-26.9936	8.39053	-	-	-	-	G
C08877450      none	B	[cH0:1][c:2]([cH1])!@[O:3][C:4]	150.005	0.618227	-	-	-	-	O
C08877450      none	B	[C:1][CX4H2:2]!@[OX2:3][c:4]	-59.9965	0.252685	-	-	-	-	G
C08877450      none	B	[OX2:1][CX4H2:2]!@[CX3:3]([$([NX3H1,NX3H2])])=[O:4]	-60.0078	0.714286	-	-	-	-	R
C08877450      none	B	[O:1]=[CX3:2]!@[NX3H1:3][!#1:4]	0.00288693	63.7893	-	-	-	-	G
C08877450      none	B	[$([CX3]=O):1][NX3H1:2]!@[CX4H2:3][C:4] 	-90.0013	7.35439	-	-	-	-	G
C08877450      none	B	N[C:2](=[O:1])!@[CH2:3][N:4]	150.007	3.125	-	-	-	-	G
C08877450      none	B	[O:1]=[CX3:2]!@[NX3H1:3][!#1:4]	-0.00660725	63.7893	-	-	-	-	G
C08877450      none	B	[$([CX3]=O):1][NX3H1:2]!@[CX4H2:3][C:4] 	180	6.46594	-	-	-	-	G
C08877450      none	B	[NH1:1][CX4:2]!@[CX3:3]=[O:4]	-120	0.275693	-	-	-	-	G
C36050759      none	B	[*^2:1]~[C^2:2]([!H])!@[C^2:3]~[*^2:4]	-89.9939	1.27397	-	-	-	-	G
C36050759      none	B	[a:1][c:2]!@[CX4H1:3][N,O:4]	-59.2561	3.48172	-	-	-	-	G
C36050759      none	B	[C:1][CX4:2]!@[CX3:3][C:4]	60.0297	7.72028	-	-	-	-	G
C36050759      none	B	[O:1]=[CX3:2]([NH1])!@[CH2:3][C:4]	30.0072	5.10585	-	-	-	-	G
C36050759      none	B	[O:1]=[CX3:2]!@[NX3H1:3][!#1:4]	-0.00565688	63.7893	-	-	-	-	G
C36050759      none	B	[$([CX3]=O):1][NX3H1:2]!@[CX4H2:3][C:4] 	89.9999	7.35439	-	-	-	-	G
C36050759      none	B	[OX2:1][CX4:2]!@[CX4:3][N:4]	83.7327	3.55056	-	-	-	-	O
C36050759      none	B	[O-:1][N+:2](=O)!@[c:3]([cH,nX2H0])[cH,nX2H0:4]	179.98	23.2156	-	-	-	-	G
C36050759      none	B	[O:1]=[C:2]!@[O:3]~[C:4]	-0.00300561	74.4927	-	-	-	-	G
C59366823      none	B	[a:1][a:2]!@[NX3:3][!#1:4]	-30.0086	1.93298	-	-	-	-	O
C59366823      none	B	[nX2:1][c:2]([nX2])!@[O:3][C:4]	179.992	41.4474	-	-	-	-	G
C59366823      none	B	[*:1]~[CX3:2]!@[NX3:3]~[*:4]	-30.0101	0.593829	-	-	-	-	G
C59366823      none	B	[*:1]~[N,n:2]!@[S:3]~[*:4]	-29.9968	2.46977	-	-	-	-	G
C59366823      none	B	[aH0:1][c:2]([aH1])!@[SX4:3][!#1:4]	-70.262	15.3236	-	-	-	-	G
C59366823      none	B	[O-:1][N+:2](=O)!@[c:3]([cH,nX2H0])[cH,nX2H0:4]	179.97	23.2156	-	-	-	-	G
C11979602      none	B	[!#1:1][CX4H2:2]!@[NX3:3][!#1:4]	-120.006	1.59404	-	-	-	-	O
C11979602      none	B	[a:1][a:2]!@[NX3:3][!#1:4]	-120.003	1.58818	-	-	-	-	O
C11979602      none	B	[a:1][c:2]!@[CX4H2:3][!#1:4]	-89.724	7.30446	-	-	-	-	G
C11979602      none	B	[cH1:1][c:2]([nX2])!@[O:3][C:4]	149.996	0	-	-	-	-	R
C11979602      none	B	[C:1][CX4H2:2]!@[OX2:3][c:4]	90.0034	1.05285	-	-	-	-	G
C11979602      none	B	[OX2:1][CX4H2:2]!@[CX3:3]([$([NX3H1,NX3H2])])=[O:4]	89.996	0.357143	-	-	-	-	R
C11979602      none	B	[O:1]=[CX3:2]!@[NX3H1:3][!#1:4]	0.00487669	63.7893	-	-	-	-	G
C11979602      none	B	[$([CX3]=O):1][NX3H1:2]!@[CX4H2:3][C:4] 	-120.006	2.61599	-	-	-	-	O
C11979602      none	B	[!#1:1][CX4H2:2]!@[CX4H2:3][!#1:4]	60.004	3.99483	-	-	-	-	G
C11979602      none	B	[n,o,s:1][c:2]!@[CX4H2:3][CX4:4]	-89.6967	5.3104	-	-	-	-	G
C11979602      none	B	[cH1:1][a:2]([cH1])!@[a:3]([sX2,o,nX2H0,nX3H1:4])	-179.732	10.6726	-	-	-	-	G
C58277097      none	B	[cH1:1][c:2]([cH1])!@[C:3]([NH1,NH2])=[O:4]	-152.978	8.78518	-	-	-	-	G
C58277097      none	B	[O:1]=[CX3:2]!@[NX3H1:3][!#1:4]	0.00682442	63.7893	-	-	-	-	G
C58277097      none	B	[$(C=O):1][NX3H1:2]!@[c:3]([cH1])[cH1:4]	29.9979	5.05437	-	-	-	-	G
C58277097      none	B	[$(C=O):1][NX3H1:2]!@[c:3]([cH0]F)[cH:4]	120.245	0	-	-	-	-	R
C58277097      none	B	[O:1]=[CX3:2]!@[NX3H1:3][!#1:4]	0.00377488	63.7893	-	-	-	-	G
C58277097      none	B	[cH0:1][c:2]([cH1])!@[CX3:3]([NX3H1])=[O:4]	-0.00150921	4.8738	-	-	-	-	G
C13394155      none	B	[aH1:1][c:2]([aH1])!@[SX4:3][!#1:4]	89.9987	12.916	-	-	-	-	G
C13394155      none	B	[$(C=O):1][NX3H1:2]!@[c:3]([cH1])[cH1:4]	29.9911	5.05437	-	-	-	-	G
C13394155      none	B	[O:1]=[CX3:2]!@[NX3H1:3][!#1:4]	-0.00637517	63.7893	-	-	-	-	G
C13394155      none	B	[cH1:1][c:2]([cH1])!@[C:3]([NH1,NH2])=[O:4]	153.001	9.05971	-	-	-	-	G
C13394155      none	B	[c:1][$(S(=O)=O):2]!@[NX3H1:3][C:4]	60.005	14.5215	-	-	-	-	G
C13394155      none	B	[$(S(=O)(=O)):1][NX3H1:2]!@[CX4H2:3][!#1:4]	89.9939	3.00429	-	-	-	-	G
C13394155      none	B	[NH1:1][CX4:2]!@[CX3:3]=[O:4]	-120.005	0.275693	-	-	-	-	G
C42339646      none	B	[O-:1][N+:2](=O)!@[c:3]([cH,nX2H0])[cH,nX2H0:4]	179.969	23.2156	-	-	-	-	G
C42339646      none	B	[a:1][c:2]!@[CX4H2:3][!#1:4]	90.0046	7.24386	-	-	-	-	G
C42339646      none	B	[!#1:1][CX4:2]!@[SX4:3][!#1:4]	47.732	4.33684	-	-	-	-	G
C42339646      none	B	[*:1]~[N,n:2]!@[S:3]~[*:4]	60.0038	4.33354	-	-	-	-	G
C42339646      none	B	[cH1:1][c:2]([cH1])!@[CX3:3]=[NX2:4]	-179.694	13.9437	-	-	-	-	G
C55168360      none	B	[O:1]=[CX3:2](a)!@[NX3H0:3][!#1:4]	-0.00848301	23.6549	-	-	-	-	G
C55168360      none	B	[C:1][CX4:2]!@[CX3:3]=[O:4]	-29.9311	3.42621	-	-	-	-	G
C55168360      none	B	[O:1]=[CX3:2]!@[NX3H1:3][!#1:4]	0.00510869	63.7893	-	-	-	-	G
C55168360      none	B	[$([CX3]=O):1][NX3H1:2]!@[CX4H2:3][C:4] 	180	6.46594	-	-	-	-	G
C55168360      none	B	[!#1:1][CX4H2:2]!@[CX4H2:3][!#1:4]	-60.0001	3.77933	-	-	-	-	G
C55168360      none	B	[!#1:1][CX4H2:2]!@[CX4H2:3][!#1:4]	-60.0101	3.77933	-	-	-	-	G
C55168360      none	B	[a:1][c:2]!@[C:3]([NH0])=[O:4]	-149.685	1.44444	-	-	-	-	G
C39964924      none	B	[$(C=O):1][O:2]!@[CH2:3]~[C:4]	180	23.3458	-	-	-	-	G
C39964924      none	B	[O:1]=[C:2]!@[O:3]~[C:4]	-0.000495839	74.4927	-	-	-	-	G
C39964924      none	B	[C:1][CX4:2]!@[CX3:3]=[O:4]	-144.081	1.70553	-	-	-	-	G
C39964924      none	B	[$(C=O):1][NX3H1:2]!@[CX4H1:3][H:4]	-32.0033	6.97413	-	-	-	-	G
C39964924      none	B	[O:1]=[CX3:2]!@[NX3H1:3][!#1:4]	0.00978793	63.7893	-	-	-	-	G
C39964924      none	B	[!#1:1][CX4H2:2]!@[CX3:3]=[O:4]	-120.014	0.59462	-	-	-	-	O
C39964924      none	B	[!#1:1][CX4:2]!@[SX2:3][!#1:4]	59.9961	7.53739	-	-	-	-	G
C39964924      none	B	[aH1:1][c:2]([aH0])!@[SX2:3][!#1:4]	149.692	0.155642	-	-	-	-	R
C39964924      none	B	[cH1:1][a:2]([cH1])!@[a:3]([sX2,o,nX2H0,nX3H1:4])	0.268178	10.7602	-	-	-	-	G
C39964924      none	B	[cH1:1][c:2]([cH1])!@[O:3][C:4]	0.00504067	26.3009	-	-	-	-	G
C39964924      none	B	[cH1:1][c:2]([cH1])!@[O:3][C:4]	179.996	26.896	-	-	-	-	G
C62813329      none	B	[!#1:1][CX4:2]!@[SX4:3][!#1:4]	-159.995	2.90526	-	-	-	-	G
C62813329      none	B	[!#1:1][CX4H2:2]!@[CX4H2:3][!#1:4]	-59.9988	3.77933	-	-	-	-	G
C62813329      none	B	[!#1:1][CX4H2:2]!@[CX4H2:3][!#1:4]	180	58.554	-	-	-	-	G
C62813329      none	B	[$([CX3]=O):1][NX3H1:2]!@[CX4H2:3][C:4] 	149.997	1.43139	-	-	-	-	O
C62813329      none	B	[O:1]=[CX3:2]!@[NX3H1:3][!#1:4]	-0.00063449	63.7893	-	-	-	-	G
C62813329      none	B	[NH1:1][CX4:2]!@[CX3:3]=[O:4]	-150.051	4.5183	-	-	-	-	G
C12515928      none	B	[a:1][ar6:2]!@[ar5:3][a:4]	-179.73	7.27752	-	-	-	-	G
C12515928      none	B	[cH1:1][c:2]([cH1])!@[C:3]([NH1,NH2])=[O:4]	27.0192	8.08167	-	-	-	-	G
C12515928      none	B	[O:1]=[CX3:2]!@[NX3H1:3][!#1:4]	-0.0100512	63.7893	-	-	-	-	G
C12515928      none	B	[$(C=O):1][NX3:2]!@[a:3][aH0:4]	150.006	1.842	-	-	-	-	O
C12515928      none	B	[aH1:1][c:2]([aH1])!@[SX4:3][!#1:4]	70.0042	5.04089	-	-	-	-	G
C12515928      none	B	[cH0:1][c:2]([cH,nX2H0])!@[NX3H0:3][CX4:4]	120.308	2.29463	-	-	-	-	O
C12515928      none	B	[*:1][$(S(=O)=O):2]!@[NX3H0r:3][*:4]	-89.7155	4.88152	-	-	-	-	G
C39961040      none	B	[cH0:1][c:2]!@[CX4H1:3][a:4]	180	0.951022	-	-	-	-	G
C39961040      none	B	[a:1][c:2]!@[CX4H1:3][a:4]	89.9995	4.22522	-	-	-	-	G
C39961040      none	B	[c:1][CX4:2]!@[CX3:3][C:4]	59.679	7.68349	-	-	-	-	G
C39961040      none	B	[c:1][c:2]!@[c:3][s,o,nX3H1:4]	-179.454	12.4984	-	-	-	-	G
C39961040      none	B	[O-:1][N+:2](=O)!@[c:3]([cH0])[cH,nX2H0:4]	90.2865	0.274725	-	-	-	-	O
C62173201      none	B	[C:1][CX4:2]!@[NX3;"N_lp":3][C:4]	-80.0034	6.10869	-	-	-	-	G
C62173201      none	B	[C:1][CX4:2]!@[NX3;"N_lp":3][C:4]	179.602	5.71656	-	-	-	-	G
C64099659      none	B	[!#1:1][CX4:2]!@[CX3H0:3][!#1:4]	-90.0049	2.97335	-	-	-	-	G
C64099659      none	B	[H:1][CX4H1:2]!@[O:3][CX4:4]	40.0019	11.9906	-	-	-	-	G
C64099659      none	B	[*:1]~[N,n:2]!@[S:3]~[*:4]	60.0041	4.33354	-	-	-	-	G
C64099659      none	B	[aH1:1][c:2]([aH1])!@[SX4:3][!#1:4]	90.2692	12.916	-	-	-	-	G
C64099659      none	B	[cH1:1][a:2]([cH1])!@[a:3]([sX2,o,nX2H0,nX3H1:4])([cH1])	180	11.5003	-	-	-	-	G
C64099659      none	B	[C:1][CH2:2]!@[O:3][CX4:4]	160.003	5.67469	-	-	-	-	G
C64099659      none	B	[OX2:1][CX4:2]!@[CX4:3][OX2:4]	-179.973	13.4277	-	-	-	-	G
C20881958      none	B	[C:1][CX4H2:2]!@[OX2:3][c:4]	150.008	0.884397	-	-	-	-	O
C20881958      none	B	[cH1:1][c:2](cO)!@[O:3][C:4]	-119.999	0.103612	-	-	-	-	R
C20881958      none	B	[a:1][c:2]!@[CX4H1:3][H:4]	60.0006	1.05062	-	-	-	-	G
C20881958      none	B	[cH1:1][c:2](cO)!@[O:3][C:4]	-89.7345	0.35524	-	-	-	-	R
C20881958      none	B	[a:1][c:2]!@[CX4H1:3][H:4]	-119.954	0.954033	-	-	-	-	O
C20881958      none	B	[O-:1][N+:2](=O)!@[c:3]([cH0])[cH,nX2H0:4]	90.0248	0.274725	-	-	-	-	O
C20881958      none	B	[cH1:1][c:2](cO)!@[O:3][C:4]	90.2329	0.310835	-	-	-	-	R
C32445554      none	B	[cH0:1][c:2]!@[CX4H1:3][a:4]	179.07	0.951022	-	-	-	-	G
C32445554      none	B	[O:1]=[C:2]([O-])!@[CX4H1:3][H:4]	89.9924	0.86741	-	-	-	-	O
C39593119      none	B	[C:1][CX4H2:2]!@[OX2:3][c:4]	120.013	0.336913	-	-	-	-	R
C39593119      none	B	[cH1:1][c:2](cO)!@[O:3][C:4]	-60.0054	0.103612	-	-	-	-	R
C39593119      none	B	[cH1:1][c:2]([$([cH0][OH1])])!@[CX3:3]=[NX2:4]	0.00165265	0.652938	-	-	-	-	G
C39593119      none	B	[*:1]~[NX3:2]!@[NX2:3]~[*:4]	-89.6847	0.164822	-	-	-	-	R
C39593119      none	B	[!#1:1][CX4r:2]!@[CX4r:3][!#1:4]	-36.7836	1.80981	-	-	-	-	G
C32911031      none	B	[aH1:1][c:2]([aH1])!@[SX4:3][!#1:4]	-69.9972	5.44275	-	-	-	-	G
C32911031      none	B	[*:1][$(S(=O)=O):2]!@[NX3H0r:3][*:4]	-59.6888	8.17536	-	-	-	-	O
C32911031      none	B	[N:1][CX4:2]!@[CX3:3]=[O:4]	30.0017	2.77899	-	-	-	-	G
C32911031      none	B	[O:1]=[C:2]!@[O:3]~[C:4]	-0.000526102	74.4927	-	-	-	-	G
C32911031      none	B	[$(C=O):1][O:2]!@[CH2:3]~[C:4]	-59.9991	0.0287274	-	-	-	-	R
C32911031      none	B	[OX2:1][CX4H2:2]!@[CX3:3]([$([NX3H1,NX3H2])])=[O:4]	-60.0013	0.714286	-	-	-	-	R
C32911031      none	B	[O:1]=[CX3:2]!@[NX3H1:3][!#1:4]	0.000937378	63.7893	-	-	-	-	G
C32911031      none	B	[$(C=O):1][NX3H1:2]!@[c:3]([cH1])[cH1:4]	29.9987	5.05437	-	-	-	-	G
C32911031      none	B	[cH1,nX2H0:1][c:2]([cH1,nX2H0])!@[NX3r:3][*:4]	-59.7246	2.69113	-	-	-	-	O
C24281263      none	B	[cH0:1][c:2]([cH,nX2H0])!@[NX3H0:3][CX4:4]	-89.7389	1.8357	-	-	-	-	G
C24281263      none	B	[$(C=O):1][NX3:2]!@[a:3][aH0:4]	150.003	1.842	-	-	-	-	O
C24281263      none	B	[aH1:1][c:2]([aH1])!@[SX4:3][!#1:4]	-110.002	4.53328	-	-	-	-	G
C24281263      none	B	[*:1][$(S(=O)=O):2]!@[NX3H0r:3][*:4]	-89.7214	4.88152	-	-	-	-	G
C24281263      none	B	[O:1]=[CX3:2]!@[NX3H1:3][!#1:4]	-0.00689001	63.7893	-	-	-	-	G
C24281263      none	B	[O:1]=[CX3:2]([NH1])!@[CH2:3][C:4]	60.0068	6.84932	-	-	-	-	G
C24281263      none	B	[!#1:1][CX4H2:2]!@[CX4H2:3][!#1:4]	59.9872	3.99483	-	-	-	-	G
C24281263      none	B	[$([CX3]=O):1][NX3H0:2](C)!@[CX4H2:3][C:4]	-120.28	2.31561	-	-	-	-	O
C32183132      none	B	[cH1:1][a:2]([cH1])!@[a:3]([sX2,o,nX2H0,nX3H1:4])	120.314	0.939981	-	-	-	-	O
C32183132      none	B	[a:1][c:2]!@[CX4H1:3][H:4]	89.8462	0.477016	-	-	-	-	O
C13230709      none	B	[!#1:1][CX4H2:2]!@[CX4H2:3][!#1:4]	180	58.554	-	-	-	-	G
C13230709      none	B	[$([CX3]=O):1][NX3H0:2](C)!@[CX4H2:3][C:4]	-90.0025	15.9949	-	-	-	-	G
C13230709      none	B	[$(C=O):1][NX3H0:2]!@[CX4H1:3][H:4]	180	19.1176	-	-	-	-	G
C13230709      none	B	[O:1]=[CX3:2]!@[NX3H0:3][!#1:4]	-179.989	18.2537	-	-	-	-	G
C13230709      none	B	[!#1:1][CX4H2:2]!@[CX3:3]=[O:4]	-0.00159374	19.1789	-	-	-	-	G
C13230709      none	B	[!#1:1][CX4:2]!@[SX2:3][!#1:4]	60.0041	7.53739	-	-	-	-	G
C13230709      none	B	[aH0:1][c:2]([aH0])!@[SX2:3][!#1:4]	60.0002	2.01135	-	-	-	-	G
C13230709      none	B	[O:1]=[C:2]([O-])!@[c:3]([cH1])[cH1:4]	179.984	7.35294	-	-	-	-	G
C13230709      none	B	[!#1:1][CH2:2]!@[n:3][cH0:4]	-89.9956	15.4696	-	-	-	-	G
C13230709      none	B	[CX3:1]=[CX3:2]!@[CH2:3][!#1:4]	-119.999	9.03499	-	-	-	-	G
C54095223      none	B	[$([CX3]=O):1][NX3H0:2](C)!@[CX4H2:3][C:4]	90.0023	14.7513	-	-	-	-	G
C54095223      none	B	[O:1]=[CX3:2]!@[NX3H0:3][!#1:4]	0.00554478	25.0866	-	-	-	-	G
C54095223      none	B	[OX2:1][CX4H2:2]!@[CX4H2:3][N:4]	179.998	8.36763	-	-	-	-	G
C54095223      none	B	[C:1][CX4H2:2]!@[OX2:3][c:4]	179.998	43.8829	-	-	-	-	G
C54095223      none	B	[cH0:1][c:2]([cH1])!@[O:3][C:4]	89.7199	0.6255	-	-	-	-	R
C54095223      none	B	[O:1]=[CX3:2]!@[NX3H1:3][!#1:4]	0.00163303	63.7893	-	-	-	-	G
C54095223      none	B	[*:1]~[NX3:2]!@[NX3:3]~[*:4]	-149.998	1.86361	-	-	-	-	G
C54095223      none	B	[O:1]=[CX3:2]!@[NX3H1:3][!#1:4]	-0.0028803	63.7893	-	-	-	-	G
C54095223      none	B	[cH1:1][c:2]([cH1])!@[C:3]([NH1,NH2])=[O:4]	152.994	9.05971	-	-	-	-	G
C54095223      none	B	[cH1:1][a:2]([cH1])!@[a:3]([sX2,o,nX2H0,nX3H1:4])([cH1])	179.999	11.5003	-	-	-	-	G
C14870749      none	B	[O:1]=[CX3:2]!@[NX3H1:3][!#1:4]	0.0223894	63.7893	-	-	-	-	G
C14870749      none	B	[$(C=O):1][NX3H1:2]!@[c:3]([cH1])[cH1:4]	89.9841	0.0402739	-	-	-	-	R
C14870749      none	B	[aH1:1][c:2]([aH1])!@[SX4:3][!#1:4]	-90.0043	12.5987	-	-	-	-	G
C14870749      none	B	[*:1][$(S(=O)=O):2]!@[NX3H1:3][*:4]	60.0004	8.81913	-	-	-	-	G
C14870749      none	B	[*:1]~[NX3:2]!@[NX3:3]~[*:4]	179.998	7.3164	-	-	-	-	G
C14870749      none	B	[O:1]=[CX3:2]!@[NX3H1:3][!#1:4]	0.0055267	63.7893	-	-	-	-	G
C14870749      none	B	[C:1][CX4:2]!@[CX3:3]=[O:4]	120.971	3.75937	-	-	-	-	G
C37647599      none	B	[!#1:1][CX4:2]!@[CX4:3][!#1:4]	179.998	22.1548	-	-	-	-	G
C37647599      none	B	[$(S(=O)(=O)):1][NX3H1:2]!@[CX4H2:3][!#1:4]	150.004	5.15021	-	-	-	-	G
C37647599      none	B	[c:1][$(S(=O)=O):2]!@[NX3H1:3][C:4]	-59.9987	13.7514	-	-	-	-	G
C37647599      none	B	[aH1:1][c:2]([aH1])!@[SX4:3][!#1:4]	90.264	12.916	-	-	-	-	G
C37647599      none	B	[O-:1][N+:2](=O)!@[c:3]([cH0])[cH,nX2H0:4]	90.2265	0.274725	-	-	-	-	O
C09961131      none	B	[a:1][c:2]!@[CX4H0:3][CX3:4]	62.9234	3.59273	-	-	-	-	G
C09961131      none	B	[$([CX3]=O):1][NX3H0:2](C)!@[CX4H2:3][C:4]	-90.0021	15.9949	-	-	-	-	G
C09961131      none	B	N[C:2](=[O:1])!@[CH2:3][N:4]	-60.0004	0.14881	-	-	-	-	O
C09961131      none	B	[O:1]=[CX3:2]!@[NX3H1:3][!#1:4]	0.0106817	63.7893	-	-	-	-	G
C09961131      none	B	[$(C=O):1][NX3H1:2]!@[c:3]([cH0]Cl)[cH:4]	-29.7355	1.88679	-	-	-	-	G
C09961131      none	B	[aH1:1][c:2]([aH1])!@[SX4:3][!#1:4]	-110.003	4.53328	-	-	-	-	G
C09961131      none	B	[c:1][$(S(=O)=O):2]!@[NX3H0:3][C:4]	89.9988	4.81691	-	-	-	-	G
C09961131      none	B	[cH1:1][c:2]([cH1])!@[O:3][C:4]	179.997	26.896	-	-	-	-	G
C12971728      none	B	[cH0:1][c:2]([cH1])!@[O:3][C:4]	179.997	48.7454	-	-	-	-	G
C12971728      none	B	[$(C=O):1][NX3H1:2]!@[c:3]([cH1])[cH1:4]	-30.0258	5.05437	-	-	-	-	G
C12971728      none	B	[aH0:1][c:2]([aH1])!@[SX4:3][!#1:4]	69.7442	11.3606	-	-	-	-	G
C12971728      none	B	[*:1][$(S(=O)=O):2]!@[NX3H0r:3][*:4]	60.265	7.32227	-	-	-	-	G
C12971728      none	B	[O:1]=[CX3:2]!@[NX3H1:3][!#1:4]	-0.0040606	63.7893	-	-	-	-	G
C12971728      none	B	[C:1][CX4:2]!@[CX3:3]=[O:4]	-55.3641	2.40592	-	-	-	-	G
C12971728      none	B	[$(C=O):1][NX3H0:2]!@[c:3]([cH1])[cH1:4]	149.997	1.18925	-	-	-	-	G
C13372139      none	B	[!#1:1][CX4H2:2]!@[CX4H2:3][!#1:4]	179.999	58.554	-	-	-	-	G
C13372139      none	B	[C:1][CX4:2]!@[CX3:3][C:4]	179.676	8.48901	-	-	-	-	G
C13372139      none	B	[$(C=O):1][NX3H0:2]!@[c:3]([cH1])[cH1:4]	179.962	1.68907	-	-	-	-	G
C13372139      none	B	[*:1]~[CX3:2]!@[NX3:3]~[*:4]	149.995	0.571247	-	-	-	-	G
C13372139      none	B	[C:1][CX4H2:2]!@[NX3:3][C:4]	180	3.30615	-	-	-	-	G
C13372139      none	B	[!#1:1][CX4H2:2]!@[CX4H2:3][!#1:4]	60.0016	3.99483	-	-	-	-	G
C13372139      none	B	[cH1:1][c:2]([cH1])!@[CX4H2:3][CX4:4]	90.0023	11.713	-	-	-	-	G
C13372139      none	B	[aH1:1][c:2]([aH1])!@[SX4:3][!#1:4]	-90.0016	12.5987	-	-	-	-	G
C13372139      none	B	[O-:1][N+:2](=O)!@[c:3]([cH,nX2H0])[cH,nX2H0:4]	179.973	23.2156	-	-	-	-	G
C01511367      none	B	[a:1][c:2]!@[CX4H0:3][CX4:4]	-29.9961	1.4575	-	-	-	-	O
C01511367      none	B	[OX2:1][CX4:2]!@[CX4:3][OX2:4]	179.996	13.4277	-	-	-	-	G
C01511367      none	B	[a:1][c:2]!@[CX4H0:3][a:4]	-30.0049	1.97413	-	-	-	-	G
C01511367      none	B	[a:1][c:2]!@[CX4H0:3][a:4]	90.0022	3.39091	-	-	-	-	G
C11806011      none	B	[a:1][c:2]!@[CX4H0:3][CX4:4]	-119.744	5.28723	-	-	-	-	G
C11806011      none	B	[aH0:1][c:2]([aH0])!@[SX2:3][!#1:4]	180	14.0278	-	-	-	-	G
C11806011      none	B	[!#1:1][CX4:2]!@[SX2:3][!#1:4]	90.0002	2.8728	-	-	-	-	G
C11806011      none	B	[!#1:1][CX4H2:2]!@[CX3:3]=[O:4]	-89.9958	1.11373	-	-	-	-	G
C11806011      none	B	[O:1]=[CX3:2]!@[NX3H1:3][!#1:4]	-0.0121185	63.7893	-	-	-	-	G
C11806011      none	B	[$([CX3]=O):1][NX3H1:2]!@[CX4H2:3][C:4] 	-89.9905	7.35439	-	-	-	-	G
C11806011      none	B	[!#1:1][CX4H2:2]!@[CX4H2:3][!#1:4]	-60.0031	3.77933	-	-	-	-	G
C11806011      none	B	[cH1:1][c:2]([cH1])!@[CX4H2:3][CX4:4]	90.0051	11.713	-	-	-	-	G
C22382306      none	B	[a:1][c:2]!@[CX4H1:3][N,O:4]	-60.0047	3.48172	-	-	-	-	G
C22382306      none	B	[$(C=O):1][NX3H1:2]!@[CX4H1:3][H:4]	-31.9933	6.97413	-	-	-	-	G
C22382306      none	B	[cH1:1][a:2]([cH1])!@[a:3]([sX2,o,nX2H0,nX3H1:4])([cH1])	0.00547986	11.7616	-	-	-	-	G
C22382306      none	B	[O:1]=[CX3:2]!@[NX3H1:3][!#1:4]	-0.00619358	63.7893	-	-	-	-	G
C22382306      none	B	[N:1][CX4:2]!@[CX3:3]=[O:4]	-118.593	0.897291	-	-	-	-	O
C22382306      none	B	[*:1][$(S(=O)=O):2]!@[NX3H0r:3][*:4]	-119.993	0.995261	-	-	-	-	G
C22382306      none	B	[aH1:1][c:2]([aH1])!@[SX4:3][!#1:4]	90.2684	12.916	-	-	-	-	G
C04229907      none	B	[cH1:1][c:2]([cH1])!@[CX3:3]=[O:4]	30.0033	3.1746	-	-	-	-	G
C04229907      none	B	[O:1]=[C:2]!@[O:3]~[!#1:4]	-30.0067	0.0844276	-	-	-	-	R
C04229907      none	B	[$(C=O):1][O:2]!@[c:3]~[*:4]	-59.9967	3.51406	-	-	-	-	G
C04229907      none	B	[cH1:1][c:2]([cH1])!@[CX3:3]=[NX2:4]	-0.00376599	14.4225	-	-	-	-	G
C04229907      none	B	[*:1]~[NX3:2]!@[NX2:3]~[*:4]	180	29.4914	-	-	-	-	G
C04229907      none	B	[O:1]=[CX3:2]!@[NX3H1:3][!#1:4]	-0.00664735	63.7893	-	-	-	-	G
C04229907      none	B	[O:1]=[CX3:2]!@[CX3:3]=[O:4]	180	38.5813	-	-	-	-	G
C04229907      none	B	[O:1]=[CX3:2]!@[NX3H1:3][!#1:4]	-0.00195739	63.7893	-	-	-	-	G
C04229907      none	B	[$(C=O):1][NX3:2]!@[a:3][aH0:4]	120.003	2.43553	-	-	-	-	G
C04229907      none	B	[$([c]([NH1,NH2])):1][c:2]!@[CX3:3]([!O])=[O:4]	-60.0098	0.552486	-	-	-	-	R
C04229907      none	B	[O:1]=[CX3:2](a)!@[NX3H0:3][!#1:4]	150.281	2.50464	-	-	-	-	G
C34928675      none	B	[a:1][c:2]!@[CX4H1:3][N,O:4]	59.5856	3.42939	-	-	-	-	G
C34928675      none	B	[O:1]=[C:2]([O-])!@[CX4H1:3][H:4]	89.9952	0.86741	-	-	-	-	O
C56634855      none	B	[*:1]~[CX4:2]!@[n:3]~[*:4]	59.9995	3.54922	-	-	-	-	G
C56634855      none	B	[OX2:1][CX4:2]!@[CX4:3][OX2:4]	-164.146	0.511128	-	-	-	-	G
C27757115      none	B	[aH1:1][c:2]([aH1])!@[SX4:3][!#1:4]	-89.9988	12.5987	-	-	-	-	G
C27757115      none	B	[c:1][$(S(=O)=O):2]!@[NX3H1:3][C:4]	-59.9986	13.7514	-	-	-	-	G
C27757115      none	B	[$(S(=O)(=O)):1][NX3H1:2]!@[CX4H1:3][H:4]	-30.0044	9.39227	-	-	-	-	G
C21038636      none	B	[cH1:1][c:2]([cH1])!@[CX3:3]=[NX2:4]	-0.00384491	14.4225	-	-	-	-	G
C21038636      none	B	[*:1]~[NX3:2]!@[NX2:3]~[*:4]	180	29.4914	-	-	-	-	G
C21038636      none	B	[a:1][a:2]!@[NX3:3][!#1:4]	30.309	1.9288	-	-	-	-	O
C21038636      none	B	[aH0:1][c:2]([aH0])!@[SX2:3][!#1:4]	90.0037	3.2491	-	-	-	-	G
C21038636      none	B	[!#1:1][CX4:2]!@[SX2:3][!#1:4]	60.0047	7.53739	-	-	-	-	G
C21038636      none	B	[!#1:1][CX4:2]!@[CX3H0:3][!#1:4]	-89.9963	2.97335	-	-	-	-	G
C21038636      none	B	[*:1]~[cX3:2]!@[NX2:3]~[*:4]	60.3122	1.58835	-	-	-	-	O
C12795442      none	B	[O:1][CX4:2]!@[CX3:3]=[O:4]	-30.0002	2.69102	-	-	-	-	G
C12795442      none	B	[$(C=O):1][O:2]!@[CH1:3][H:4]	60.0075	0.586008	-	-	-	-	O
C12795442      none	B	[O:1]=[CX3:2]!@[NX3H1:3][!#1:4]	0.00439933	63.7893	-	-	-	-	G
C12795442      none	B	[$(C=O):1][NX3H1:2]!@[c:3]([cH1])[cH1:4]	-29.997	5.05437	-	-	-	-	G
C12795442      none	B	[cH1:1][c:2]([cH1])!@[O:3][c:4]	-134.998	1.88592	-	-	-	-	G
C12795442      none	B	[cH1:1][c:2]([cH1])!@[O:3][c:4]	-134.73	1.88592	-	-	-	-	G
C12795442      none	B	[O:1]=[C:2]!@[O:3]~[C:4]	-30.0086	0.0890388	-	-	-	-	R
C12795442      none	B	[*^2:1]~[C^2:2]([!H])!@[C^2:3]~[*^2:4]	150.275	1.21045	-	-	-	-	G
C12795442      none	B	[$(C=O):1][NX3H0:2]!@[CX4H1:3][H:4]	29.9847	2.94118	-	-	-	-	G
C20745860      none	B	[a:1][ar6:2]!@[ar5:3][a:4]	-119.72	2.39966	-	-	-	-	O
C20745860      none	B	[a:1][c:2]!@[CX4H1:3][a:4]	-59.9986	3.71511	-	-	-	-	G
C65642815      none	B	[O-:1][N+:2](=O)!@[c:3]([cH,nX2H0])[cH,nX2H0:4]	179.97	23.2156	-	-	-	-	G
C65642815      none	B	[cH1:1][c:2]([cH0])!@[CX3x0:3]=[NX2:4]	60.3037	0.212691	-	-	-	-	R
C65642815      none	B	[*:1]~[N,n:2]!@[S:3]~[*:4]	-90.0027	2.07385	-	-	-	-	G
C65642815      none	B	[aH0:1][c:2]([aH1])!@[SX4:3][!#1:4]	69.7189	11.3606	-	-	-	-	G
C65642815      none	B	[O-:1][N+:2](=O)!@[c:3]([cH,nX2H0])[cH,nX2H0:4]	179.973	23.2156	-	-	-	-	G
C67049573      none	B	[*:1]~[cX3:2]!@[NX2:3]~[*:4]	-60.0013	1.53044	-	-	-	-	O
C67049573      none	B	[!#1:1][CX4:2]!@[CX3H0:3][!#1:4]	-149.999	2.58987	-	-	-	-	G
C67049573      none	B	[$([CX3]=O):1][NX3H1:2]!@[CX4H2:3][C:4] 	89.9962	7.35439	-	-	-	-	G
C67049573      none	B	[O:1]=[CX3:2]!@[NX3H1:3][!#1:4]	0.00692407	63.7893	-	-	-	-	G
C67049573      none	B	[s:1][c:2]!@[C:3]([NH1])=[O:4]	-0.0159762	23.0769	-	-	-	-	G
C62098985      none	B	[*:1][$(S(=O)=O):2]!@[NX3H0r:3][*:4]	-59.9984	8.17536	-	-	-	-	G
C62098985      none	B	[!#1:1][CX4:2]!@[SX4:3][!#1:4]	180	13.1368	-	-	-	-	G
C62098985      none	B	[!#1:1][CX4H2:2]!@[CX4H2:3][!#1:4]	-60.0033	3.77933	-	-	-	-	G
C62098985      none	B	[!#1:1][CX4H2:2]!@[CX4H2:3][!#1:4]	-60.001	3.77933	-	-	-	-	G
C62098985      none	B	[!#1:1][CX4H2:2]!@[CX4H2:3][!#1:4]	180	58.554	-	-	-	-	G
C01771863      none	B	[cH1:1][c:2]([nX2])!@[O:3][C:4]	-179.72	59.0909	-	-	-	-	G
C01771863      none	B	[$(S(=O)(=O)):1][N:2]!@[c:3][a:4]	-89.9996	5.66406	-	-	-	-	G
C01771863      none	B	[nX2:1][c:2]([nX2])!@[O:3][C:4]	-0.00233454	40.7895	-	-	-	-	G
C01771863      none	B	[c:1][S:2](=O)(=O)!@[NX2H0-:3]-[*:4]	-59.9982	11.1111	-	-	-	-	G
C01771863      none	B	[aH1:1][c:2]([aH1])!@[SX4:3][!#1:4]	-89.7232	12.5987	-	-	-	-	G
C01771863      none	B	[$(C=O):1][NX3H1:2]!@[c:3]([cH1])[cH1:4]	-30.0129	5.05437	-	-	-	-	G
C01771863      none	B	[O:1]=[CX3:2]!@[NX3H1:3][!#1:4]	-0.00579997	63.7893	-	-	-	-	G
C01771863      none	B	[s:1][c:2]!@[C:3]([NH1])=[O:4]	179.997	7.69231	-	-	-	-	R
C19353092      none	B	[!#1:1][CH2:2]!@[n:3][cH0:4]	-90.0029	15.4696	-	-	-	-	G
C19353092      none	B	[$(C=O):1][NX3:2]!@[a:3][aH0:4]	-119.999	2.3332	-	-	-	-	G
C19353092      none	B	[O:1]=[CX3:2]!@[NX3H1:3][!#1:4]	180	2.24265	-	-	-	-	G
C19353092      none	B	[OX2:1][CX4H2:2]!@[CX3:3]([$([NX3H1,NX3H2])])=[O:4]	-30.009	1.07143	-	-	-	-	O
C19353092      none	B	[$(C=O):1][O:2]!@[CH2:3]~[C:4]	90.0075	4.53893	-	-	-	-	G
C19353092      none	B	[O:1]=[C:2]!@[O:3]~[C:4]	-0.00362813	74.4927	-	-	-	-	G
C19353092      none	B	[!#1:1][CX4H2:2]!@[CX3:3]=[O:4]	149.997	0.887211	-	-	-	-	O
C19353092      none	B	[!#1:1][CH2:2]!@[n:3][cH0:4]	-89.6957	15.4696	-	-	-	-	G
C19353092      none	B	[c:1][c:2]!@[c:3][s,o,nX3H1:4]	-179.725	12.4984	-	-	-	-	G
C19353092      none	B	[a:1][c:2]!@[CX4H2:3][a:4]	90.3123	4.86842	-	-	-	-	G
C23141857      none	B	[$(S(=O)(=O)):1][NH1:2]!@[c:3]([cH1])[cH0:4]	90.0034	4.56274	-	-	-	-	G
C23141857      none	B	[c:1][$(S(=O)=O):2]!@[NX3H1:3][c:4]	59.9978	16.9521	-	-	-	-	G
C23141857      none	B	[aH1:1][c:2]([aH1])!@[SX4:3][!#1:4]	-89.7263	12.5987	-	-	-	-	G
C23141857      none	B	[cH1:1][c:2]([cH1])!@[CX3:3]=[NX2:4]	119.994	0.787951	-	-	-	-	O
C23141857      none	B	[*:1]~[cX3:2]!@[NX2:3]~[*:4]	-59.6757	1.53044	-	-	-	-	O
C64029075      none	B	[H:1][CX4H1:2]!@[SX4:3][!#1:4]	-35.6851	7.45501	-	-	-	-	O
C64029075      none	B	[*^2:1]~[C^2:2]([!H])!@[C^2:3]~[*^2:4]	-29.8272	1.21216	-	-	-	-	G
C64029075      none	B	[*:1]~[cX3:2]!@[NX2:3]~[*:4]	120.301	1.45599	-	-	-	-	O
C64029075      none	B	[*:1][$(S(=O)=O):2]!@[NX3H0r:3][*:4]	-89.7193	4.88152	-	-	-	-	G
CHEMBL125536      none	B	[!#1:1][CX4:2]!@[CX4:3][!#1:4]	60.0048	12.3771	-	-	-	-	G
CHEMBL125536      none	B	[C:1][CX4:2]!@[NX3;"N_lp":3][C:4]	-177.835	5.71656	-	-	-	-	G
C41801760      none	B	[N:1][CX4:2]!@[CX3:3]=[O:4]	-119.342	0.897291	-	-	-	-	O
C41801760      none	B	[*:1]~[CX4:2]!@[NX4:3]~[*:4]	179.993	15.0612	-	-	-	-	G
C41801760      none	B	[*:1]~[CX4:2]!@[NX4:3]~[*:4]	180	15.0612	-	-	-	-	G
C41801760      none	B	[!#1:1][CX4H2:2]!@[CX4H2:3][!#1:4]	-60.0007	3.77933	-	-	-	-	G
C41801760      none	B	[!#1:1][CX4H2:2]!@[CX4H2:3][!#1:4]	59.9978	3.99483	-	-	-	-	G
C52795827      none	B	[cH1:1][c:2]([cH1])!@[CX3:3]=[NX2:4]	-0.00378072	14.4225	-	-	-	-	G
C52795827      none	B	[O-:1][N+:2](=O)!@[c:3]([cH0])[cH,nX2H0:4]	0.291603	12.6374	-	-	-	-	G
C52795827      none	B	[*:1]~[N,n:2]!@[S:3]~[*:4]	-30.0047	2.46977	-	-	-	-	G
C52795827      none	B	[*:1][$(S(=O)=O):2]!@[NX3H0r:3][*:4]	-119.735	0.995261	-	-	-	-	G
C62812637      none	B	[NH1:1][CX4:2]!@[CX3:3]=[O:4]	-119.906	0.275693	-	-	-	-	G
C62812637      none	B	[O:1]=[CX3:2]!@[NX3H0:3][!#1:4]	-149.707	1.37927	-	-	-	-	O
C41085228      none	B	[a:1][c:2]!@[CX3:3]=[CX3H0:4]	-119.686	3.00312	-	-	-	-	G
C41085228      none	B	[c:1][c:2]!@[c:3][s,o,nX3H1:4]	-29.4358	2.72579	-	-	-	-	G
C41085228      none	B	[O-:1][N+:2](=O)!@[c:3]([cH,nX2H0])[cH,nX2H0:4]	-179.936	23.2156	-	-	-	-	G
C41085228      none	B	[aH0:1][c:2]([aH0])!@[SX4:3][!#1:4]	123.985	2.3743	-	-	-	-	G
C41085228      none	B	[!#1:1][CX4:2]!@[SX4:3][!#1:4]	160	2.73684	-	-	-	-	G
C41085228      none	B	[!#1:1][CX4:2]!@[CX4:3][!#1:4]	59.9995	12.3771	-	-	-	-	G
C32629447      none	B	[aH1:1][c:2]([aH1])!@[SX4:3][!#1:4]	-89.7563	12.5987	-	-	-	-	G
C32629447      none	B	[cH1:1][c:2]([cH1])!@[C:3]([NH1,NH2])=[O:4]	-152.978	8.78518	-	-	-	-	G
C32629447      none	B	[O:1]=[CX3:2]!@[NX3H1:3][!#1:4]	0.0033517	63.7893	-	-	-	-	G
C32629447      none	B	[*:1]~[NX3:2]!@[NX3:3]~[*:4]	120.001	2.59525	-	-	-	-	G
C32629447      none	B	[*:1][$(S(=O)=O):2]!@[NX3H1:3][*:4]	89.9931	4.90782	-	-	-	-	G
C32629447      none	B	[aH0:1][c:2]([aH1])!@[SX4:3][!#1:4]	-70.2774	15.3236	-	-	-	-	G
C32629447      none	B	[O-:1][N+:2](=O)!@[c:3]([cH0])[cH,nX2H0:4]	90.2146	0.274725	-	-	-	-	O
C12197652      none	B	[C:1][CX4H2:2]!@[OX2:3][c:4]	180	43.8829	-	-	-	-	G
C12197652      none	B	[cH1:1][c:2](cO)!@[O:3][C:4]	-0.00240646	49.3635	-	-	-	-	G
C12197652      none	B	[cH1:1][c:2]([cH1])!@[CX3:3]=[NX2:4]	-149.999	2.34391	-	-	-	-	G
C12197652      none	B	[O-:1][N+:2](=O)!@[c:3]([cH0])[cH,nX2H0:4]	89.7312	0.274725	-	-	-	-	O
C12197652      none	B	[*:1]~[NX2:2]!@[nX3:3]~[*:4]	30.3261	1.17188	-	-	-	-	G
C24704675      none	B	[*^2:1]~[C^2:2]([!H])!@[C^2:3]~[*^2:4]	150.257	1.21045	-	-	-	-	G
C24704675      none	B	[O:1]=[CX3:2]!@[NX3H1:3][!#1:4]	0.00296833	63.7893	-	-	-	-	G
C24704675      none	B	[*:1]~[NX3:2]!@[NX3:3]~[*:4]	179.994	7.3164	-	-	-	-	G
C24704675      none	B	[O:1]=[CX3:2]!@[NX3H1:3][!#1:4]	0.0153132	63.7893	-	-	-	-	G
C24704675      none	B	[s:1][c:2]!@[C:3]([NH1])=[O:4]	-90.012	0	-	-	-	-	R
C12606380      none	B	[cH1:1][c:2]([cH1])!@[C:3]([NH1,NH2])=[O:4]	27.0227	8.08167	-	-	-	-	G
C12606380      none	B	[aH1:1][c:2]([aH1])!@[SX4:3][!#1:4]	90.0042	12.916	-	-	-	-	G
C12606380      none	B	[*:1][$(S(=O)=O):2]!@[NX3H0r:3][*:4]	90.2829	4.85782	-	-	-	-	G
C12606380      none	B	[O:1]=[CX3:2]!@[NX3H1:3][!#1:4]	0.00338353	63.7893	-	-	-	-	G
C12606380      none	B	[*:1]~[NX3:2]!@[NX3:3]~[*:4]	180	7.3164	-	-	-	-	G
C12606380      none	B	[O:1]=[CX3:2]!@[NX3H1:3][!#1:4]	0.00539453	63.7893	-	-	-	-	G
C12606380      none	B	[O:1]=[CX3:2]([NH1])!@[CH2:3][C:4]	-120.009	0.124533	-	-	-	-	O
C12606380      none	B	[!#1:1][CX4H2:2]!@[CX4H2:3][!#1:4]	180	58.554	-	-	-	-	G
C12606380      none	B	[cH1:1][c:2]([cH1])!@[CX4H2:3][CX4:4]	-89.9991	11.9355	-	-	-	-	G
C66250289      none	B	[O-:1][N+:2](=O)!@[c:3]([cH,nX2H0])[cH,nX2H0:4]	179.973	23.2156	-	-	-	-	G
C66250289      none	B	[aH0:1][c:2]([aH1])!@[SX4:3][!#1:4]	70.1606	11.3606	-	-	-	-	G
C66250289      none	B	[c:1][S:2](=O)(=O)!@[NX2H0-:3]-[*:4]	90.0053	2.77778	-	-	-	-	G
C66250289      none	B	[$(S(=O)(=O)):1][N:2]!@[c:3][a:4]	89.9943	4.78516	-	-	-	-	G
C66250289      none	B	[a:1][a:2]!@[CX3:3]=[O:4]	179.993	14.6728	-	-	-	-	G
C66250289      none	B	[O:1]=[C:2]!@[O:3]~[C:4]	0.000322883	74.4927	-	-	-	-	G
C65097471      none	B	[O:1]=[C:2]!@[O:3]~[C:4]	-0.00972041	74.4927	-	-	-	-	G
C65097471      none	B	[cH1:1][c:2]([cH1])!@[CX3:3]=[O:4]	0.272268	14.2319	-	-	-	-	G
C65097471      none	B	[$(S(=O)(=O)):1][NH0:2]!@[c:3]([cH1])[cH1:4]	-60.0151	0.826446	-	-	-	-	G
C65097471      none	B	[c:1][S:2](=O)(=O)!@[NX2H0-:3]-[*:4]	-59.9997	11.1111	-	-	-	-	G
C65097471      none	B	[aH0:1][c:2]([aH1])!@[SX4:3][!#1:4]	-110.328	1.0568	-	-	-	-	O
C65097471      none	B	[cH1:1][a:2]([cH1])!@[a:3]([sX2,o,nX2H0,nX3H1:4])	-179.689	10.6726	-	-	-	-	G
C65097471      none	B	[a:1][c:2]!@[C:3]([NH0])=[O:4]	179.995	2.08333	-	-	-	-	G
C65097471      none	B	[O:1]=[CX3:2](a)!@[NX3H0:3][!#1:4]	-179.683	9.67842	-	-	-	-	G
C40822220      none	B	[aH0:1][c:2]!@[OX2:3][!#1:4]	-60.015	0.930578	-	-	-	-	O
C40822220      none	B	[O-:1][N+:2](=O)!@[c:3][a:4]	-0.0204926	18.5814	-	-	-	-	G
C40822220      none	B	[*:1]~[OX2:2]!@[P:3]~[*:4]	60.0034	4.54722	-	-	-	-	G
C40822220      none	B	[*:1]~[N,n:2]!@[P:3]~[*:4]	-19.7236	1.70925	-	-	-	-	O
C40822220      none	B	[*:1]~[OX2:2]!@[P:3]~[*:4]	-60.0033	4.56277	-	-	-	-	G
C40822220      none	B	[C:1][CX4H2:2]!@[OX2:3][!#1:4]	149.997	2.01398	-	-	-	-	G
C40822220      none	B	[OX2:1][CX4:2]!@[CX4:3][OX2:4]	-83.8218	2.4811	-	-	-	-	O
C40822220      none	B	[cH0:1][c:2]!@[CX4H1:3][CX4:4]	59.7222	1.73972	-	-	-	-	O
C00514940      none	B	[!#1:1][CH2:2]!@[n:3][cH0:4]	-179.678	0.148746	-	-	-	-	R
C00514940      none	B	[*:1]~[cX3:2]!@[NX2:3]~[*:4]	149.997	1.9358	-	-	-	-	O
C00514940      none	B	[cH1:1][c:2]([cH1])!@[CX3:3]=[NX2:4]	30.2744	2.39378	-	-	-	-	G
C00514940      none	B	[O-:1][N+:2](=O)!@[c:3]([cH0])[cH,nX2H0:4]	90.032	0.274725	-	-	-	-	O
C66569420      none	B	[cH1:1][c:2]([cH1])!@[C:3]([NH1,NH2])=[O:4]	26.7485	8.08167	-	-	-	-	G
C66569420      none	B	[O:1]=[CX3:2]!@[NX3H1:3][!#1:4]	0.000688758	63.7893	-	-	-	-	G
C66569420      none	B	[*:1]~[NX3:2]!@[NX3:3]~[*:4]	90.0032	3.54776	-	-	-	-	G
C66569420      none	B	[O:1]=[CX3:2]!@[NX3H1:3][!#1:4]	-0.00531304	63.7893	-	-	-	-	G
C66569420      none	B	[C:1][CX4:2]!@[CX3:3]=[O:4]	-150.006	1.18876	-	-	-	-	G
C66569420      none	B	[*:1]~[CX4:2]!@[n:3]~[*:4]	-0.00232156	3.06862	-	-	-	-	G
C10263099      none	B	[O:1][CX4:2]!@[CX3:3]=[O:4]	-0.0043409	13.789	-	-	-	-	G
C10263099      none	B	[$(C=O):1][O:2]!@[CH1:3][H:4]	-30.0011	11.3505	-	-	-	-	G
C10263099      none	B	[O:1]=[CX3:2]!@[NX3H1:3][!#1:4]	-0.00177009	63.7893	-	-	-	-	G
C10263099      none	B	[$([C](=O)):1][NX3H1:2]!@[$([a]([nH0,o])):3][cH1:4]	30.3024	2.36559	-	-	-	-	R
C10263099      none	B	[*:1]~[CX4:2]!@[n:3]~[*:4]	120.001	3.12393	-	-	-	-	G
C10263099      none	B	[O:1]=[C:2]!@[O:3]~[C:4]	-0.00149831	74.4927	-	-	-	-	G
C10263099      none	B	[C:1][CX4:2]!@[CX3:3]=[O:4]	60.0616	2.38699	-	-	-	-	G
C10263099      none	B	[*:1][$(S(=O)=O):2]!@[NX3H0r:3][*:4]	-120.001	0.995261	-	-	-	-	G
C10263099      none	B	[aH1:1][c:2]([aH1])!@[SX4:3][!#1:4]	70.2704	5.04089	-	-	-	-	G
C10263099      none	B	[cH1:1][c:2]([cH1])!@[CX3:3]=[O:4]	180	13.4921	-	-	-	-	G
C09257831      none	B	[!#1:1][CH2:2]!@[n:3][cH0:4]	-89.9944	15.4696	-	-	-	-	G
C09257831      none	B	[$(C=O):1][NX3:2]!@[a:3][aH0:4]	59.9994	2.5788	-	-	-	-	G
C09257831      none	B	[O:1]=[CX3:2]!@[NX3H1:3][!#1:4]	-0.00431065	63.7893	-	-	-	-	G
C09257831      none	B	[!#1:1][CX4H2:2]!@[CX3:3]=[O:4]	90.0044	1.06654	-	-	-	-	G
C09257831      none	B	[!#1:1][CX4:2]!@[SX2:3][!#1:4]	-59.9962	7.13757	-	-	-	-	G
C09257831      none	B	[aH0:1][c:2]([aH0])!@[SX2:3][!#1:4]	-60.0018	1.39247	-	-	-	-	G
C09257831      none	B	[a:1][c:2]!@[CX4H1:3][H:4]	-150.007	3.82796	-	-	-	-	G
C09257831      none	B	[!#1:1][CX4:2]!@[CX4:3][!#1:4]	-160.88	1.85018	-	-	-	-	G
C31287902      none	B	[cH1:1][c:2]!@[c:3]([cH1])[nX2H0:4]	-60.0014	0.0514271	-	-	-	-	R
C31287902      none	B	[a:1][c:2]!@[C:3]([NH1,NH2])=[O:4]	150.006	5.34677	-	-	-	-	O
C31287902      none	B	[O:1]=[C:2](c)!@[$([NX3](c([nX2H0])([nX2H0]))):3][H:4]	180	26.6667	-	-	-	-	G
C31287902      none	B	[$(C=O):1][NX3:2]!@[a:3][aH0:4]	0.00278266	4.11379	-	-	-	-	G
C22078410      none	B	[!#1:1][CX4H2:2]!@[NX3;"N_lp":3][!#1:4]	-160.004	6.28481	-	-	-	-	G
C22078410      none	B	[a:1][c:2]!@[CX4H2:3][!#1:4]	45.269	2.0463	-	-	-	-	O
C22078410      none	B	[O-:1][N+:2](=O)!@[c:3]([cH0])[cH,nX2H0:4]	0.208843	12.6374	-	-	-	-	G
C44021274      none	B	[cH1:1][c:2]([cH1])!@[CX3:3]=[O:4]	0.00168919	14.2319	-	-	-	-	G
C44021274      none	B	[a:1][a:2]!@[CX3:3]=[O:4]	-59.7015	0.753398	-	-	-	-	O
C44021274      none	B	[c:1][CX4:2]!@[CX3:3]=[O:4]	-59.9969	1.78236	-	-	-	-	G
C44021274      none	B	[O:1]=[C:2]!@[O:3]~[C:4]	-30.0027	0.0890388	-	-	-	-	R
C44021274      none	B	[$(C=O):1][O:2]!@[CH1:3][H:4]	60.0023	0.586008	-	-	-	-	O
C44021274      none	B	[O:1]=[C:2]([O-])!@[CX4H1:3][H:4]	89.9938	0.86741	-	-	-	-	O
CHEMBL63927      none	B	[!#1:1][CX4H2:2]!@[NX3;"N_lp":3][!#1:4]	159.993	5.85388	-	-	-	-	G
CHEMBL63927      none	B	[!#1:1][CX4H2:2]!@[NX3;"N_lp":3][!#1:4]	-79.9946	6.8682	-	-	-	-	G
CHEMBL63927      none	B	[a:1][c:2]!@[CX4H2:3][!#1:4]	150.276	1.43221	-	-	-	-	O
CHEMBL63927      none	B	[a:1][c:2]!@[CX4H2:3][!#1:4]	135.313	1.69481	-	-	-	-	O
CHEMBL63927      none	B	[cH1:1][a:2]([cH1])!@[a:3]([cH1])[cH0:4]	30.0071	0.845351	-	-	-	-	G
CHEMBL63927      none	B	[O-:1][N+:2](=O)!@[c:3]([cH0])[cH,nX2H0:4]	90.2756	0.274725	-	-	-	-	O
CHEMBL63927      none	B	[!#1:1][CH2:2]!@[n:3][cH0:4]	-90.0012	15.4696	-	-	-	-	G
CHEMBL63927      none	B	[!#1:1][CX4H2:2]!@[CX4H2:3][!#1:4]	180	58.554	-	-	-	-	G
CHEMBL63927      none	B	[C:1][CX4H2:2]!@[CX3:3]=[O:4]	119.994	0.695249	-	-	-	-	O
C10385369      none	B	[a:1][a:2]!@[NX3:3][!#1:4]	90	1.62893	-	-	-	-	O
C10385369      none	B	[!#1:1][CH2:2]!@[n:3][cH0:4]	-89.9905	15.4696	-	-	-	-	G
C10385369      none	B	[!#1:1][CX4:2]!@[CX4:3][!#1:4]	179.999	22.1548	-	-	-	-	G
C10385369      none	B	[OX2:1][CX4:2]!@[CX4:3][OX2:4]	-40.0014	0.393994	-	-	-	-	G
C10385369      none	B	[C:1][CX4H2:2]!@[OX2:3][c:4]	-120.003	0.315856	-	-	-	-	R
C10385369      none	B	[cH1:1][c:2]([cH1])!@[O:3][C:4]	150.274	0.199809	-	-	-	-	O
C10385369      none	B	[cH1:1][c:2]([cH1])!@[O:3][C:4]	0.00122186	26.3009	-	-	-	-	G
C02366061      none	B	[cH0:1][c:2]([cH,nX2H0])!@[NX3H0:3][CX4:4]	60.2622	3.25838	-	-	-	-	G
C02366061      none	B	[a:1][c:2]!@[CX3:3]=[CX3H0:4]	-120	3.00312	-	-	-	-	G
C02366061      none	B	[$(C=O):1][NX3H0:2]!@[CX4H1:3][H:4]	180	19.1176	-	-	-	-	G
C02366061      none	B	[!#1:1][CX4:2]!@[CX4:3][!#1:4]	159.998	1.81259	-	-	-	-	G
C02366061      none	B	[C:1][CX4H2:2]!@[CX3:3]=[O:4]	-60.0046	2.08575	-	-	-	-	O
C02366061      none	B	[O:1]=[C:2]!@[O:3]~[C:4]	0.00162092	74.4927	-	-	-	-	G
C39575432      none	B	[$(C=O):1][NX3:2]!@[a:3][aH0:4]	-89.9977	3.39746	-	-	-	-	G
C39575432      none	B	[O:1]=[CX3:2]!@[NX3H1:3][!#1:4]	-0.00691488	63.7893	-	-	-	-	G
C39575432      none	B	N[C:2](=[O:1])!@[CH2:3][N:4]	-59.9904	0.14881	-	-	-	-	O
C39575432      none	B	[$([CX3]=O):1][NX3H1:2]!@[CX4H2:3][C:4] 	180	6.46594	-	-	-	-	G
C39575432      none	B	[O:1]=[CX3:2]!@[NX3H1:3][!#1:4]	-0.00541771	63.7893	-	-	-	-	G
C39575432      none	B	[O:1][CX4:2]!@[CX3:3]=[O:4]	-120.01	1.11962	-	-	-	-	O
C39575432      none	B	[$(C=O):1][O:2]!@[CH1:3][H:4]	29.9968	10.7465	-	-	-	-	G
C39575432      none	B	[O:1]=[C:2]!@[O:3]~[C:4]	0.00020645	74.4927	-	-	-	-	G
C39575432      none	B	[N:1][CX4:2]!@[CX3:3]=[O:4]	29.9934	2.77899	-	-	-	-	G
C39575432      none	B	[$([CX3]=O):1][NX3H0:2](C)!@[CX4H2:3][C:4]	89.9959	14.7513	-	-	-	-	G
CHEMBL273675      none	B	[$(C=O):1][NX3H1:2]!@[c:3]([cH1])[cH1:4]	-150.03	5.07451	-	-	-	-	G
CHEMBL273675      none	B	[O:1]=[CX3:2]([$([NX3H1]C)])!@[NX3H1:3][!#1:4]	-0.0039532	41.1343	-	-	-	-	G
CHEMBL273675      none	B	[O:1]=[CX3:2]([$([NX3H1]C)])!@[NX3H1:3][!#1:4]	-0.00555676	41.1343	-	-	-	-	G
CHEMBL273675      none	B	[$(C=O):1][NX3H1:2]!@[CX4H2:3][$([c]([cH,nX2H0])[cH,nX2H0]):4]	-149.999	1.01266	-	-	-	-	G
CHEMBL273675      none	B	[a:1][c:2]!@[CX4H2:3][!#1:4]	135.312	1.69481	-	-	-	-	O
CHEMBL273675      none	B	[cH1:1][a:2]([cH1])!@[a:3]([cH1])[cH0:4]	-120.006	5.02238	-	-	-	-	G
CHEMBL273675      none	B	[!#1:1][CH2:2]!@[n:3][cH0:4]	90.0042	14.7896	-	-	-	-	G
CHEMBL273675      none	B	[!#1:1][CX4H2:2]!@[CX3:3]=[O:4]	119.997	0.613497	-	-	-	-	G
C48824172      none	B	[$([cH0]Cl):1][c:2]([cH1])!@[CX3:3]([NX3H1])=[O:4]	-60.0003	9.83607	-	-	-	-	G
C48824172      none	B	[O:1]=[CX3:2]!@[NX3H1:3][!#1:4]	-0.00187631	63.7893	-	-	-	-	G
C48824172      none	B	[*:1]~[NX3:2]!@[NX3:3]~[*:4]	180	7.3164	-	-	-	-	G
C48824172      none	B	[O:1]=[CX3:2]!@[NX3H1:3][!#1:4]	-0.00183347	63.7893	-	-	-	-	G
C48824172      none	B	[O:1][CX4:2]!@[CX3:3]=[O:4]	-89.1159	0.491063	-	-	-	-	O
C62982481      none	B	[*:1]~[CX4:2]!@[NX4:3]~[*:4]	58.6547	15.3058	-	-	-	-	G
C62982481      none	B	[C:1][CX4:2]!@[NX3;"N_lp":3][C:4]	-176.371	5.71656	-	-	-	-	G
C25392168      none	B	[a:1][c:2]!@[CX4H2:3][!#1:4]	89.9911	7.24386	-	-	-	-	G
C25392168      none	B	[$(C=O):1][NX3H1:2]!@[CX4H2:3][!#1:4]	179.996	5.78057	-	-	-	-	G
C25392168      none	B	[O:1]=[CX3:2]!@[NX3H1:3][!#1:4]	0.00622616	63.7893	-	-	-	-	G
C25392168      none	B	[OX2:1][CX4H2:2]!@[CX3:3]([$([NX3H1,NX3H2])])=[O:4]	179.997	30	-	-	-	-	G
C25392168      none	B	[$(C=O):1][O:2]!@[CH2:3]~[C:4]	179.994	23.3458	-	-	-	-	G
C25392168      none	B	[O:1]=[C:2]!@[O:3]~[C:4]	0.000735066	74.4927	-	-	-	-	G
C25392168      none	B	[$([cH0]!@[*^2]):1][c:2]([cH1])!@[CX3:3]=[O:4]	180	12.7363	-	-	-	-	G
C25392168      none	B	[$(S(=O)(=O)):1][NH0:2]!@[c:3]([cH1])[cH1:4]	89.9806	15.7025	-	-	-	-	G
C25392168      none	B	[c:1][S:2](=O)(=O)!@[NX2H0-:3]-[*:4]	-59.9991	11.1111	-	-	-	-	G
C25392168      none	B	[aH1:1][c:2]([aH1])!@[SX4:3][!#1:4]	-89.7365	12.5987	-	-	-	-	G
C25392168      none	B	[O-:1][N+:2](=O)!@[c:3]([cH0])[cH,nX2H0:4]	90.2531	0.274725	-	-	-	-	O
C67622467      none	B	[O:1]=[C:2]([N])!@[O:3]~[C:4]	0.00527562	57.729	-	-	-	-	G
C67622467      none	B	[O:1]=[CX3:2]!@[NX3H0:3][!#1:4]	0.299594	25.0866	-	-	-	-	G
C67622467      none	B	[!#1:1][CX4:2]!@[CX3H0:3][!#1:4]	179.998	7.26386	-	-	-	-	G
C67622467      none	B	[*:1]~[N,n:2]!@[S:3]~[*:4]	-89.9992	2.07385	-	-	-	-	G
C67622467      none	B	[aH1:1][c:2]([aH1])!@[SX4:3][!#1:4]	90.2799	12.916	-	-	-	-	G
C67622467      none	B	[O-:1][N+:2](=O)!@[c:3]([cH,nX2H0])[cH,nX2H0:4]	179.971	23.2156	-	-	-	-	G
C07344279      none	B	[$(C=O):1][NX3:2]!@[a:3][aH0:4]	-0.0102002	4.11379	-	-	-	-	G
C07344279      none	B	[O:1]=[CX3:2]!@[NX3H1:3][!#1:4]	0.0120256	63.7893	-	-	-	-	G
C07344279      none	B	[!#1:1][CX4H2:2]!@[CX3:3]=[O:4]	119.996	0.613497	-	-	-	-	G
C07344279      none	B	[!#1:1][CX4:2]!@[SX2:3][!#1:4]	89.9997	2.8728	-	-	-	-	G
C07344279      none	B	[aH0:1][c:2]([aH0])!@[SX2:3][!#1:4]	90.0044	3.2491	-	-	-	-	G
C04905301      none	B	[$(C=O):1][NX3H0:2]!@[c:3]([s,o])[n:4]	-179.675	52.6316	-	-	-	-	G
C04905301      none	B	[a:1][c:2]!@[CX3:3]=[CX3H0:4]	-59.7349	3.49737	-	-	-	-	G
C04905301      none	B	[O-:1][N+:2](=O)!@[c:3]([cH0])[cH,nX2H0:4]	0.0242504	12.6374	-	-	-	-	G
C04905301      none	B	[cH1:1][c:2](cO)!@[O:3][C:4]	90.2636	0.310835	-	-	-	-	R
C55474931      none	B	[$([cH0](=O)):1][c:2]([cH1])!@[CX3:3]([NX3H1,NX3H2])=[O:4]	-60.0158	0	-	-	-	-	R
C55474931      none	B	[O:1]=[CX3:2]!@[NX3H1:3][!#1:4]	0.00208379	63.7893	-	-	-	-	G
C55474931      none	B	[$([CX3]=O):1][NX3H1:2]!@[CX4H2:3][C:4] 	119.997	2.76407	-	-	-	-	O
C55474931      none	B	[OX2:1][CX4H2:2]!@[CX4H2:3][N:4]	60.0026	17.6955	-	-	-	-	G
C55474931      none	B	[C:1][CH2:2]!@[O:3][CX4:4]	-159.997	4.55295	-	-	-	-	G
C55474931      none	B	[C:1][CH2:2]!@[O:3][CX4:4]	180	35.2689	-	-	-	-	G
C55474931      none	B	[OX2:1][CX4H2:2]!@[CX4H2:3][OX2:4]	-60.0059	9.11809	-	-	-	-	G
C67189841      none	B	[cH1:1][c:2]([cH1])!@[C:3]([NH1,NH2])=[O:4]	-27.2212	8.39053	-	-	-	-	G
C67189841      none	B	[O:1]=[CX3:2]!@[NX3H1:3][!#1:4]	-0.00654011	63.7893	-	-	-	-	G
C67189841      none	B	[*:1]~[NX3:2]!@[NX3:3]~[*:4]	89.995	3.54776	-	-	-	-	G
C67189841      none	B	[O:1]=[CX3:2]!@[NX3H1:3][!#1:4]	0.00418119	63.7893	-	-	-	-	G
C67189841      none	B	[cH0:1][c:2]([cH1])!@[CX3:3]([NX3H1])=[O:4]	-29.9981	2.34987	-	-	-	-	G
C67189841      none	B	[c:1][c:2]!@[c:3]([cH0])[nX2H0:4]	-59.5372	1.82507	-	-	-	-	G
C45136837      none	B	[n,o,s:1][c:2]!@[CX4H2:3][CX4:4]	-90.0007	5.3104	-	-	-	-	G
C45136837      none	B	[!#1:1][CX4H2:2]!@[CX4H2:3][!#1:4]	180	58.554	-	-	-	-	G
C45136837      none	B	[$([CX3]=O):1][NX3H1:2]!@[CX4H2:3][C:4] 	150.002	1.43139	-	-	-	-	O
C45136837      none	B	[O:1]=[CX3:2]!@[NX3H1:3][!#1:4]	0.00300204	63.7893	-	-	-	-	G
C45136837      none	B	[O:1]=[CX3:2]!@[CX3:3]=[O:4]	119.997	1.7301	-	-	-	-	G
C45136837      none	B	[O:1]=[CX3:2]!@[NX3H1:3][!#1:4]	0.00211476	63.7893	-	-	-	-	G
C45136837      none	B	[$([CX3]=O):1][NX3H1:2]!@[CX4H2:3][C:4] 	-90.001	7.35439	-	-	-	-	G
C19422706      none	B	[!#1:1][CH2:2]!@[n:3][a:4]	-89.9953	13.2844	-	-	-	-	G
C19422706      none	B	[!#1:1][CX4H2:2]!@[CX4H2:3][!#1:4]	-60.002	3.77933	-	-	-	-	G
C19422706      none	B	[O:1]=[CX3:2]([NH1])!@[CH2:3][C:4]	-90.014	1.868	-	-	-	-	O
C19422706      none	B	[O:1]=[CX3:2]!@[NX3H1:3][!#1:4]	0.00728191	63.7893	-	-	-	-	G
C19422706      none	B	[$(C=O):1][NX3H1:2]!@[CX4H1:3][H:4]	59.9934	6.22422	-	-	-	-	G
C19422706      none	B	[!#1:1][CX4:2]!@[CX4:3][!#1:4]	180	22.1548	-	-	-	-	G
C19422706      none	B	[O:1]=[C:2]([O-])!@[CX4H1:3][H:4]	-0.00366179	0.495663	-	-	-	-	O
C19422706      none	B	[n,o,s:1][c:2]!@[CX4H2:3][CX4:4]	89.998	4.03889	-	-	-	-	G
C35116498      none	B	[O:1]=[CX3:2]!@[NX3H0:3][!#1:4]	-29.9983	0.692521	-	-	-	-	O
C35116498      none	B	N[C:2](=[O:1])!@[CH2:3][N:4]	30.0027	5.20833	-	-	-	-	G
C35116498      none	B	[*:1]~[CX4:2]!@[NX4:3]~[*:4]	59.9946	15.3058	-	-	-	-	G
C35116498      none	B	[*:1]~[CX4:2]!@[NX4:3]~[*:4]	180	15.0612	-	-	-	-	G
C35116498      none	B	[OX2:1][CX4H2:2]!@[CX4H2:3][N:4]	-60.0061	16.5981	-	-	-	-	G
C29039807      none	B	[a:1][a:2]!@[CX3:3]=[CX3H1:4]	120.272	1.12887	-	-	-	-	O
C29039807      none	B	[*:1][$(S(=O)=O):2]!@[NX3H0r:3][*:4]	90.001	4.85782	-	-	-	-	G
C29039807      none	B	[!#1:1][CX4:2]!@[SX4:3][!#1:4]	180	13.1368	-	-	-	-	G
C29039807      none	B	[!#1:1][CX4:2]!@[CX4:3][!#1:4]	79.927	1.75235	-	-	-	-	G
C29039807      none	B	[C:1][CX4:2]!@[CX3:3]=[O:4]	-89.9945	3.45082	-	-	-	-	G
C29039807      none	B	[O:1]=[CX3:2]!@[NX3H0:3][!#1:4]	180	18.2537	-	-	-	-	G
C29039807      none	B	[O:1]=[C:2]([N])!@[O:3]~[C:4]	-0.00405212	57.729	-	-	-	-	G
C29039807      none	B	[$(C=O):1][O:2]!@[CH1:3][H:4]	30.0029	10.7465	-	-	-	-	G
C29039807      none	B	[O:1]=[CX3:2]!@[NX3H1:3][!#1:4]	0.00659396	63.7893	-	-	-	-	G
C49161887      none	B	[cH1:1][c:2]([cH1])!@[C:3]([NH1,NH2])=[O:4]	-26.9947	8.39053	-	-	-	-	G
C49161887      none	B	[O:1]=[CX3:2]!@[NX3H1:3][!#1:4]	0.0108682	63.7893	-	-	-	-	G
C49161887      none	B	[*:1]~[NX3:2]!@[NX3:3]~[*:4]	180	7.3164	-	-	-	-	G
C49161887      none	B	[O:1]=[CX3:2]([$([NX3H1]C)])!@[NX3H1:3][!#1:4]	-0.00570658	41.1343	-	-	-	-	G
C49161887      none	B	[O:1]=[CX3:2]([$([NX3H1]C)])!@[NX3H1:3][!#1:4]	-0.00250863	41.1343	-	-	-	-	G
C49161887      none	B	[$([CX3]=O):1][NX3H1:2]!@[CX4H2:3][C:4] 	120.001	2.76407	-	-	-	-	O
C49161887      none	B	[OX2:1][CX4:2]!@[CX4:3][N:4]	-36.6397	1.41573	-	-	-	-	O
C40106953      none	B	[cH1:1][c:2]([cH1])!@[C:3]([NH1,NH2])=[O:4]	153.013	9.05971	-	-	-	-	G
C40106953      none	B	[cH1:1][a:2]([cH1])!@[a:3]([sX2,o,nX2H0,nX3H1:4])([cH1])	0.000171229	11.7616	-	-	-	-	G
C40106953      none	B	[O:1]=[CX3:2]!@[NX3H1:3][!#1:4]	-0.000736578	63.7893	-	-	-	-	G
C40106953      none	B	[$(C=O):1][NX3H1:2]!@[c:3]([cH1])[cH1:4]	-59.9946	0.241643	-	-	-	-	R
C40106953      none	B	[aH1:1][c:2]([aH1])!@[SX4:3][!#1:4]	110.018	4.92809	-	-	-	-	G
C40106953      none	B	[*:1][$(S(=O)=O):2]!@[NX3H0r:3][*:4]	-59.7136	8.17536	-	-	-	-	O
C22307206      none	B	[aH0:1][c:2]([aH1])!@[SX4:3][!#1:4]	65.0045	11.3606	-	-	-	-	G
C22307206      none	B	[*:1][$(S(=O)=O):2]!@[NX3H1:3][*:4]	59.996	8.81913	-	-	-	-	G
C22307206      none	B	[*:1]~[NX3:2]!@[NX3:3]~[*:4]	-89.9968	3.3545	-	-	-	-	G
C22307206      none	B	[O:1]=[CX3:2]!@[NX3H1:3][!#1:4]	0.00299108	63.7893	-	-	-	-	G
C22307206      none	B	[cH1:1][c:2]([cH1])!@[C:3]([NH1,NH2])=[O:4]	152.997	9.05971	-	-	-	-	G
C22307206      none	B	[O-:1][N+:2](=O)!@[c:3]([cH,nX2H0])[cH,nX2H0:4]	-179.72	23.2156	-	-	-	-	G
C60609093      none	B	[$(a[OH1]):1][a:2]!@[CX3:3]([NX3H0,CX4H0,c])=[O:4]	-90.0045	1.94175	-	-	-	-	G
C60609093      none	B	[O:1]=[CX3:2](a)!@[NX3H0:3][!#1:4]	-179.72	9.67842	-	-	-	-	G
C60609093      none	B	[O:1]=[CX3:2]!@[NX3H0:3][!#1:4]	-30.0036	0.692521	-	-	-	-	O
C60609093      none	B	[O:1]=[CX3:2]!@[NX3H1:3][!#1:4]	0.00342153	63.7893	-	-	-	-	G
C60609093      none	B	[*:1]~[NX3:2]!@[NX3:3]~[*:4]	179.995	7.3164	-	-	-	-	G
C60609093      none	B	[O:1]=[CX3:2]!@[NX3H1:3][!#1:4]	0.00787357	63.7893	-	-	-	-	G
C60609093      none	B	[cH1:1][c:2]([cH1])!@[C:3]([NH1,NH2])=[O:4]	-153.002	8.78518	-	-	-	-	G
C15919418      none	B	[O-:1][N+:2](=O)!@[c:3]([cH,nX2H0])[cH,nX2H0:4]	179.983	23.2156	-	-	-	-	G
C15919418      none	B	[a:1][c:2]!@[C:3]([NH0])=[O:4]	89.9979	2.88889	-	-	-	-	G
C15919418      none	B	[O:1]=[CX3:2](a)!@[NX3H0:3][!#1:4]	0.275022	23.6549	-	-	-	-	G
C15919418      none	B	[CX4:1][CX4H2:2]!@[NX3;"N_lp":3][CX4:4]	-79.9999	8.1206	-	-	-	-	G
C15919418      none	B	[!#1:1][CX4H2:2]!@[CX4H2:3][!#1:4]	180	58.554	-	-	-	-	G
C15919418      none	B	[$([CX3]=O):1][NX3H1:2]!@[CX4H2:3][C:4] 	89.9919	7.35439	-	-	-	-	G
C15919418      none	B	[O:1]=[CX3:2]!@[NX3H1:3][!#1:4]	0.00772372	63.7893	-	-	-	-	G
C15919418      none	B	[O:1]=[CX3:2]!@[CX3:3]=[O:4]	119.994	1.7301	-	-	-	-	G
C15919418      none	B	[O:1]=[CX3:2]!@[NX3H1:3][!#1:4]	0.00713299	63.7893	-	-	-	-	G
C15919418      none	B	[$(C=O):1][NX3H1:2]!@[c:3]([cH1])[cH1:4]	29.9999	5.05437	-	-	-	-	G
C05344323      none	B	[cH1:1][c:2]([cH1])!@[CX3:3]=[NX2:4]	-0.00778717	14.4225	-	-	-	-	G
C05344323      none	B	[O-:1][N+:2](=O)!@[c:3]([cH,nX2H0])[cH,nX2H0:4]	179.973	23.2156	-	-	-	-	G
C05344323      none	B	[*:1]~[NX2:2]!@[NX2:3]~[*:4]	150	0.538841	-	-	-	-	G
C05344323      none	B	[$(C=O):1][NX3H0:2]!@[CX4H1:3][H:4]	-60.0245	0.378151	-	-	-	-	R
C05344323      none	B	[!#1:1][CX4:2]!@[CX4:3][!#1:4]	80.0059	1.75235	-	-	-	-	G
C05344323      none	B	[C:1][CX4H2:2]!@[CX3:3]=[O:4]	-120.005	0.79457	-	-	-	-	O
C01693741      none	B	[NH1:1][CX4:2]!@[CX3:3]=[O:4]	-121.427	0.275693	-	-	-	-	G
C01693741      none	B	[$(C=O):1][NX3H1:2]!@[CX4H0:3][C:4]	-59.9958	14.7253	-	-	-	-	G
C01693741      none	B	[O:1]=[CX3:2]!@[NX3H1:3][!#1:4]	-0.00415369	63.7893	-	-	-	-	G
C01693741      none	B	[N:1][CX4:2]!@[CX3:3]=[O:4]	-121.609	0.897291	-	-	-	-	G
C61518764      none	B	[!#1:1][CX4H1:2]!@[NX3:3][!#1:4]	60.0094	5.65868	-	-	-	-	G
C61518764      none	B	[a:1][c:2]!@[NX3H1:3][$([CX4r]([C;r])([C;r])):4]	-30.0067	1.42045	-	-	-	-	G
C05898127      none	B	[O-:1][N+:2](=O)!@[c:3]([cH0])[cH,nX2H0:4]	90.0208	0.274725	-	-	-	-	O
C05898127      none	B	[cH0:1][c:2]([cH1])!@[CX3:3]([NX3H1])=[O:4]	-60.0091	2.698	-	-	-	-	G
C05898127      none	B	[O:1]=[CX3:2]!@[NX3H1:3][!#1:4]	-0.00733155	63.7893	-	-	-	-	G
C05898127      none	B	[*:1]~[NX3:2]!@[NX3:3]~[*:4]	-89.9903	3.3545	-	-	-	-	G
C05898127      none	B	[!#1:1][CX4:2]!@[NX3;"N_lp":3]	-83.4136	1.35129	-	-	-	-	O
C40284115      none	B	[cH1:1][c:2]([cH1])!@[CX3:3]=[O:4]	-150.001	3.39656	-	-	-	-	G
C40284115      none	B	[!#1:1][CX4H2:2]!@[CX3:3]=[O:4]	60.0034	1.20812	-	-	-	-	G
C40284115      none	B	[!#1:1][CX4:2]!@[SX2:3][!#1:4]	179.997	11.1654	-	-	-	-	G
C40284115      none	B	[!#1:1][CX3:2]!@[SX2:3][!#1:4]	-30.317	1.54367	-	-	-	-	G
C40284115      none	B	[*^2:1]~[C^2:2]([!H])!@[C^2:3]~[*^2:4]	59.9977	0.650722	-	-	-	-	O
C25584954      none	B	[$(C=O):1][NX3:2]!@[a:3][aH0:4]	-90.015	3.39746	-	-	-	-	G
C25584954      none	B	[O:1]=[CX3:2]!@[NX3H1:3][!#1:4]	0.0471817	63.7893	-	-	-	-	G
C25584954      none	B	[cH1:1][c:2]([cH1])!@[C:3]([NH1,NH2])=[O:4]	152.958	9.05971	-	-	-	-	G
C25584954      none	B	[cH1:1][a:2]([cH1])!@[a:3]([sX2,o,nX2H0,nX3H1:4])([cH1])	-29.9996	3.71145	-	-	-	-	G
C06746651      none	B	[$(C=O):1][NX3:2]!@[$([a]([cH1])):3][$([aH0](!@O)):4]	149.983	3.41463	-	-	-	-	O
C06746651      none	B	[O:1]=[CX3:2]([$([NX3H1]C)])!@[NX3H1:3][!#1:4]	0.000478317	41.1343	-	-	-	-	G
C06746651      none	B	[O:1]=[CX3:2]([$([NX3H1]C)])!@[NX3H1:3][!#1:4]	0.00724635	41.1343	-	-	-	-	G
C06746651      none	B	[$([CX3]=O):1][NX3H1:2]!@[CX4H2:3][C:4] 	120.001	2.76407	-	-	-	-	O
C06746651      none	B	[OX2:1][CX4:2]!@[CX4:3][N:4]	-58.8139	14.8764	-	-	-	-	G
C08894671      none	B	[aH1:1][c:2]([aH1])!@[SX4:3][!#1:4]	-109.999	4.53328	-	-	-	-	G
C08894671      none	B	[*:1][$(S(=O)=O):2]!@[NX3H0r:3][*:4]	-59.7008	8.17536	-	-	-	-	O
C08894671      none	B	[N:1][CX4:2]!@[CX3:3]=[O:4]	-116.458	0.897291	-	-	-	-	O
C08894671      none	B	[O:1]=[CX3:2]!@[NX3H1:3][!#1:4]	-0.00358951	63.7893	-	-	-	-	G
C08894671      none	B	[$(C=O):1][NX3H1:2]!@[c:3](o)[n:4]	180	38.4615	-	-	-	-	G
C08894671      none	B	[a:1][c:2]!@[CX4H2:3][!#1:4]	135.001	1.69481	-	-	-	-	O
C08894671      none	B	[!#1:1][CX4:2]!@[SX4:3][!#1:4]	-172.262	7.34737	-	-	-	-	G
C08894671      none	B	[aH1:1][c:2]([aH1])!@[SX4:3][!#1:4]	-89.7314	12.5987	-	-	-	-	G
C38971378      none	B	[cH1:1][c:2]([cH1])!@[O:3][C:4]	0.265095	26.3009	-	-	-	-	G
C38971378      none	B	[$([cH0]([CX3])):1][c:2]([cH1])!@[O:3][C:4]	180	49.7106	-	-	-	-	G
C38971378      none	B	[cH0:1][c:2]([cH0])!@[CX3!r:3]=[NX2!r:4]	-0.00215878	16.5612	-	-	-	-	G
C38971378      none	B	[$([cH0]([CX3])):1][c:2]([cH1])!@[O:3][C:4]	-89.9918	1.38889	-	-	-	-	R
C38971378      none	B	[*:1]~[NX3:2]!@[NX2:3]~[*:4]	-119.686	0.0824111	-	-	-	-	R
C38971378      none	B	[!#1:1][CX4r:2]!@[CX4r:3][!#1:4]	-176.789	14.3615	-	-	-	-	G
C44021277      none	B	[cH1:1][c:2]([cH1])!@[CX3:3]=[O:4]	-0.000288686	14.2319	-	-	-	-	G
C44021277      none	B	[a:1][a:2]!@[CX3:3]=[O:4]	90.3048	0.65154	-	-	-	-	R
C44021277      none	B	[c:1][CX4:2]!@[CX3:3]=[O:4]	-90.0014	5.19074	-	-	-	-	G
C44021277      none	B	[O:1]=[C:2]!@[O:3]~[C:4]	0.00414996	74.4927	-	-	-	-	G
C44021277      none	B	[$(C=O):1][O:2]!@[CH1:3][H:4]	39.9955	10.1875	-	-	-	-	G
C44021277      none	B	[O:1]=[C:2]([O-])!@[CX4H1:3][H:4]	0.00161857	0.495663	-	-	-	-	O
C56634859      none	B	[*:1]~[CX4:2]!@[n:3]~[*:4]	89.9983	3.25743	-	-	-	-	G
C56634859      none	B	[OX2:1][CX4:2]!@[CX4:3][OX2:4]	-46.7837	3.1839	-	-	-	-	G
C58433364      none	B	[cH1,nX2H0:1][c:2]([cH1,nX2H0])!@[NX3r:3][*:4]	-179.729	6.12375	-	-	-	-	G
C58433364      none	B	[$(C=O):1][NX3H1:2]!@[CX4H1:3][H:4]	59.9919	6.22422	-	-	-	-	G
C58433364      none	B	[O:1]=[CX3:2]!@[NX3H1:3][!#1:4]	0.0112416	63.7893	-	-	-	-	G
C58433364      none	B	N[C:2](=[O:1])!@[CH2:3][N:4]	150.001	3.125	-	-	-	-	G
C58433364      none	B	[$([CX3]=O):1][NX3H1:2]!@[CX4H2:3][C:4] 	-60.0028	1.43139	-	-	-	-	G
C58433364      none	B	[O:1]=[CX3:2]([$([NX3H1]C)])!@[NX3H1:3][!#1:4]	-0.0111404	41.1343	-	-	-	-	G
C58433364      none	B	[O:1]=[CX3:2]([$([NX3H1]C)])!@[NX3H1:3][!#1:4]	0.0132537	41.1343	-	-	-	-	G
C58433364      none	B	[$(C=O):1][NX3H1:2]!@[CX4H1:3][H:4]	-30.0016	6.97413	-	-	-	-	G
C38656221      none	B	[NH1:1][CX4:2]!@[CX3:3]=[O:4]	-64.2419	1.73074	-	-	-	-	O
C38656221      none	B	[O:1]=[C:2]!@[O:3]~[C:4]	-29.9956	0.0890388	-	-	-	-	R
C38656221      none	B	[$(C=O):1][O:2]!@[CH2:3]~[C:4]	-120	1.56085	-	-	-	-	O
C38656221      none	B	[OX2:1][CX4:2]!@[CX4:3][OX2:4]	-160.044	0.511128	-	-	-	-	G
C40378409      none	B	[C:1][CX4:2]!@[CX3:3]=[O:4]	0.0103143	5.61823	-	-	-	-	G
C40378409      none	B	[*:1]~[CX4:2]!@[n:3]~[*:4]	89.999	3.25743	-	-	-	-	G
C40378409      none	B	[O:1]=[CX3:2]!@[NX3H0:3][!#1:4]	150.278	1.73707	-	-	-	-	O
C40378409      none	B	[!#1:1][CX4:2]!@[CX4:3][!#1:4]	160.004	1.81259	-	-	-	-	G
C40378409      none	B	[$(S(=O)(=O)):1][NX3H1:2]!@[CX4H2:3][!#1:4]	120	2.14592	-	-	-	-	O
C40378409      none	B	[*:1][$(S(=O)=O):2]!@[NX3H1:3][*:4]	-89.9991	4.38465	-	-	-	-	G
C66677824      none	B	[$(C=O):1][NX3H0:2]!@[c:3]([cH1])[cH1:4]	60.2773	4.89486	-	-	-	-	G
C66677824      none	B	[$(C=O):1][NX3:2]!@[a:3][aH0:4]	-119.997	2.3332	-	-	-	-	G
C66677824      none	B	[O:1]=[CX3:2]!@[NX3H1:3][!#1:4]	0.00674419	63.7893	-	-	-	-	G
C66677824      none	B	[cH1:1][c:2]([cH1])!@[C:3]([NH1,NH2])=[O:4]	153.003	9.05971	-	-	-	-	G
C47395475      none	B	[cH1:1][c:2]([cH1])!@[C:3]([NH1,NH2])=[O:4]	153.011	9.05971	-	-	-	-	G
C47395475      none	B	[$(C=O):1][NX3H1:2]!@[c:3]([cH1])[cH1:4]	179.978	8.15546	-	-	-	-	G
C47395475      none	B	[O:1]=[CX3:2]!@[NX3H1:3][!#1:4]	-60.0043	0	-	-	-	-	R
C47395475      none	B	[O:1]=[CX3:2]!@[NX3H0:3][!#1:4]	0.283595	25.0866	-	-	-	-	G
C47395475      none	B	[O:1]=[CX3:2]!@[NX3H0:3][!#1:4]	0.0051314	25.0866	-	-	-	-	G
C47395475      none	B	[O:1]=[CX3:2]!@[CX3:3]=[O:4]	-120.004	1.55709	-	-	-	-	G
C47395475      none	B	[O:1]=[CX3:2]!@[NX3H1:3][!#1:4]	-0.000162574	63.7893	-	-	-	-	G
C47395475      none	B	[$(C=O):1][NX3H1:2]!@[CX4H1:3][H:4]	60.0109	6.22422	-	-	-	-	O
C47395475      none	B	[O:1]=[CX3:2]!@[NX3H1:3][!#1:4]	0.00706539	63.7893	-	-	-	-	G
C47395475      none	B	[$(C=O):1][NX3H1:2]!@[CX4H1:3][H:4]	-60.0146	1.23735	-	-	-	-	O
C16136255      none	B	[OX2:1][CX4:2]!@[CX4:3][OX2:4]	179.993	13.4277	-	-	-	-	G
C16136255      none	B	[OX2:1][CX4:2]!@[CX4:3][OX2:4]	-59.9991	16.2177	-	-	-	-	G
C16136255      none	B	[OX2:1][CX4:2]!@[CX4:3][OX2:4]	38.4483	0.511128	-	-	-	-	O
C52767182      none	B	[a:1][a:2]!@[CX3:3]=[CX3H1:4]	149.997	2.24372	-	-	-	-	G
C52767182      none	B	[*^2:1]~[C^2:2]([!H])!@[C^2:3]~[*^2:4]	60.0073	0.650722	-	-	-	-	O
C52767182      none	B	[*:1]~[N,n:2]!@[S:3]~[*:4]	-59.9974	4.40087	-	-	-	-	G
C52767182      none	B	[*:1][$(S(=O)=O):2]!@[NX3H0r:3][*:4]	60.2801	7.32227	-	-	-	-	G
C52767182      none	B	[C:1][CX4:2]!@[CX3:3]=[O:4]	-120.024	3.42432	-	-	-	-	G
C52767182      none	B	[O:1]=[C:2]!@[O:3]~[C:4]	-0.00170315	74.4927	-	-	-	-	G
C51633720      none	B	[!#1:1][CX4H1:2]!@[NX3:3][!#1:4]	-89.9985	3.22537	-	-	-	-	G
C51633720      none	B	[a:1][c:2]!@[NX3H1:3][$([CX4r]([C;r])([C;r])):4]	119.996	0.568182	-	-	-	-	R
C20834195      none	B	[*:1]~[CX3:2]!@[cX3:3]~[*:4]	-30.0013	2.32371	-	-	-	-	O
C20834195      none	B	[*:1]~[NX3:2]!@[NX2:3]~[*:4]	89.9967	0.0824111	-	-	-	-	R
C20834195      none	B	[a:1][a:2]!@[NX3:3][!#1:4]	0.308884	10.9271	-	-	-	-	G
C20834195      none	B	[aH0:1][c:2]([aH0])!@[SX2:3][!#1:4]	-150.007	0.43837	-	-	-	-	O
C20834195      none	B	[!#1:1][CX4:2]!@[SX2:3][!#1:4]	60.0045	7.53739	-	-	-	-	G
C20834195      none	B	[!#1:1][CX4H2:2]!@[CX3:3]=[O:4]	89.9938	1.06654	-	-	-	-	G
C20834195      none	B	[O:1]=[CX3:2]!@[NX3H1:3][!#1:4]	0.00778177	63.7893	-	-	-	-	G
C20834195      none	B	[$(C=O):1][NX3H1:2]!@[c:3]([cH1])[cH1:4]	30.0018	5.05437	-	-	-	-	G
C20834195      none	B	[aH1:1][c:2]([aH1])!@[SX4:3][!#1:4]	109.997	4.92809	-	-	-	-	G
C20834195      none	B	[*:1][$(S(=O)=O):2]!@[NX3H0r:3][*:4]	-89.6918	4.88152	-	-	-	-	G
C13200561      none	B	[O:1]=[C:2]([O-])!@[c:3]([cH1])[cH1:4]	179.974	7.35294	-	-	-	-	G
C13200561      none	B	[aH0:1][c:2]([aH0])!@[SX2:3][!#1:4]	-150	0.43837	-	-	-	-	O
C13200561      none	B	[!#1:1][CX4:2]!@[SX2:3][!#1:4]	-90.0001	3.00607	-	-	-	-	G
C13200561      none	B	[!#1:1][CX4H2:2]!@[CX3:3]=[O:4]	-0.00247525	19.1789	-	-	-	-	G
C13200561      none	B	[O:1]=[CX3:2]!@[NX3H0:3][!#1:4]	0.312097	25.0866	-	-	-	-	G
C13200561      none	B	[a:1][c:2]!@[CX4H1:3][N,O:4]	120	3.12238	-	-	-	-	G
CHEMBL14639      none	B	[$(C=O):1][O:2]!@[CH2:3]~[C:4]	89.9995	4.53893	-	-	-	-	G
CHEMBL14639      none	B	[O:1]=[C:2]!@[O:3]~[C:4]	0.00560364	74.4927	-	-	-	-	G
CHEMBL14639      none	B	[a:1][a:2]!@[CX3:3]=[O:4]	150.31	2.43757	-	-	-	-	G
C50103257      none	B	[*:1]~[CX4:2]!@[NX4:3]~[*:4]	59.9998	15.3058	-	-	-	-	G
C50103257      none	B	[*:1]~[CX4:2]!@[NX4:3]~[*:4]	39.9989	2.08461	-	-	-	-	G
C50103257      none	B	[*:1]~[CX4:2]!@[NX4:3]~[*:4]	159.998	1.9368	-	-	-	-	G
C50103257      none	B	[OX2:1][CX4H2:2]!@[CX4H2:3][N:4]	179.998	8.36763	-	-	-	-	G
C50103257      none	B	[OX2:1][CX4H2:2]!@[CX4H2:3][N:4]	-60.004	16.5981	-	-	-	-	G
C53710356      none	B	[a:1][ar5:2]!@[ar5:3][a:4]	-59.6732	1.04962	-	-	-	-	G
CHEMBL64684      none	B	[O-:1][N+:2](=O)!@[c:3]([cH0])[cH,nX2H0:4]	90.0333	0.274725	-	-	-	-	O
CHEMBL64684      none	B	[O-:1][N+:2](=O)!@[c:3]([cH0])[cH,nX2H0:4]	-0.0294376	12.6374	-	-	-	-	G
CHEMBL64684      none	B	[c:1][c:2]([cH0])!@[c:3][nX2H0:4]	59.9997	2.4918	-	-	-	-	G
C32913640      none	B	[a:1][c:2]!@[C:3]([NH1,NH2])=[O:4]	29.999	4.93827	-	-	-	-	O
C32913640      none	B	[O:1]=[CX3:2]!@[NX3H1:3][!#1:4]	0.00012104	63.7893	-	-	-	-	G
C32913640      none	B	[*:1]~[NX3:2]!@[NX3:3]~[*:4]	90.0027	3.54776	-	-	-	-	G
C32913640      none	B	[O:1]=[CX3:2]!@[NX3H1:3][!#1:4]	-0.00129921	63.7893	-	-	-	-	G
C32913640      none	B	[C:1][CX4:2]!@[CX3:3]=[O:4]	120.033	3.75937	-	-	-	-	G
C32913640      none	B	[O:1]=[CX3:2]!@[NX3H0:3][!#1:4]	-30.0034	0.692521	-	-	-	-	O
C32913640      none	B	[O:1]=[CX3:2]!@[NX3H1:3][!#1:4]	-0.00475692	63.7893	-	-	-	-	G
C32913640      none	B	[$(C=O):1][NX3H1:2]!@[CX4H1:3][H:4]	30.0015	9.46757	-	-	-	-	G
C08599028      none	B	[a:1][a:2]!@[NX3:3][!#1:4]	30.0014	1.9288	-	-	-	-	O
C08599028      none	B	[*:1]~[NX3:2]!@[NX3:3]~[*:4]	-119.999	2.7333	-	-	-	-	G
C08599028      none	B	[O:1]=[CX3:2]!@[NX3H1:3][!#1:4]	-0.00240478	63.7893	-	-	-	-	G
C08599028      none	B	[O:1]=[CX3:2]([NH1])!@[CH2:3][C:4]	-59.9899	5.85305	-	-	-	-	G
C08599028      none	B	[!#1:1][CX4H2:2]!@[CX4H2:3][!#1:4]	-60.0068	3.77933	-	-	-	-	G
C08599028      none	B	[N:1][C:2](=O)!@[CX4H2:3][CX4H2:4]	180	15.2589	-	-	-	-	G
C08599028      none	B	[O:1]=[CX3:2]!@[NX3H0:3][!#1:4]	0.288456	25.0866	-	-	-	-	G
C08599028      none	B	[cH1,nX2H0:1][c:2]([cH1,nX2H0])!@[NX3r:3][*:4]	120.003	2.56328	-	-	-	-	O
C45480272      none	B	[$([CX3]=O):1][NX3H0:2](C)!@[CX4H2:3][C:4]	89.9976	14.7513	-	-	-	-	G
C45480272      none	B	N[C:2](=[O:1])!@[CH2:3][N:4]	-29.9896	4.7619	-	-	-	-	G
C45480272      none	B	[O:1]=[CX3:2]!@[NX3H1:3][!#1:4]	-0.0150795	63.7893	-	-	-	-	G
C45480272      none	B	[*:1]~[NX3:2]!@[NX3:3]~[*:4]	90.0081	3.54776	-	-	-	-	G
C45480272      none	B	[O:1]=[CX3:2]!@[NX3H1:3][!#1:4]	-0.0035258	63.7893	-	-	-	-	G
C45480272      none	B	[cH1:1][c:2]([cH1])!@[C:3]([NH1,NH2])=[O:4]	153.011	9.05971	-	-	-	-	G
C48547995      none	B	[*^2:1]~[C^2:2]([!H])!@[C^2:3]~[*^2:4]	-59.9882	0.757173	-	-	-	-	O
C48547995      none	B	[*^2:1]~[C^2:2]([!H])!@[C^2:3]~[*^2:4]	-30.0029	1.21216	-	-	-	-	G
C66046104      none	B	[c:1][c:2]!@[c:3][s,o,nX3H1:4]	-60.0024	0.590378	-	-	-	-	O
C66046104      none	B	[cH1:1][c:2]([cH0])!@[CX3x0:3]=[NX2:4]	30.0003	0.850762	-	-	-	-	G
C66046104      none	B	[*:1]~[cX3:2]!@[NX2:3]~[*:4]	-119.696	1.40635	-	-	-	-	O
C66046104      none	B	[a,!nX2H0:1][a:2]([!nX2H0])!@[a:3]([nX2H0])[nX2H0:4]	30.6189	0	-	-	-	-	R
C49643520      none	B	[$(S(=O)(=O)):1][NH1:2]!@[c:3]([cH1])[cH1:4]	119.97	4.02542	-	-	-	-	O
C49643520      none	B	[C:1][$(S(=O)=O):2]!@[NX3H1:3][c:4]	-90.0052	0	-	-	-	-	G
C49643520      none	B	[H:1][CX4H1:2]!@[SX4:3][!#1:4]	-80.0009	1.28535	-	-	-	-	G
C66286563      none	B	[O:1]=[CX3:2]!@[NX3H1:3][!#1:4]	0.00274217	63.7893	-	-	-	-	G
C66286563      none	B	[$(C=O):1][NX3H1:2]!@[c:3]([cH0]F)[cH:4]	0.275646	14.0351	-	-	-	-	G
C66286563      none	B	[$(C=O):1][NX3H1:2]!@[c:3]([cH0]F)[cH:4]	119.994	0	-	-	-	-	R
C66286563      none	B	[O:1]=[CX3:2]!@[NX3H1:3][!#1:4]	0.00131222	63.7893	-	-	-	-	G
C66286563      none	B	[cH1:1][c:2]([cH1])!@[C:3]([NH1,NH2])=[O:4]	-26.9964	8.39053	-	-	-	-	G
C32097916      none	B	[*:1]~[CX4:2]!@[n:3]~[*:4]	120	3.12393	-	-	-	-	G
C32097916      none	B	[$(S(=O)(=O)):1][NH0:2]!@[c:3]([cH1])[cH1:4]	-90.0135	17.7686	-	-	-	-	G
C32097916      none	B	[c:1][S:2](=O)(=O)!@[NX2H0-:3]-[*:4]	-60.0032	11.1111	-	-	-	-	G
C32097916      none	B	[aH1:1][c:2]([aH1])!@[SX4:3][!#1:4]	-89.7234	12.5987	-	-	-	-	G
C02792751      none	B	[cH1:1][c:2]([cH1])!@[CX4H2:3][CX4:4]	89.9965	11.713	-	-	-	-	G
C02792751      none	B	[cH1:1][a:2]([cH1])!@[a:3]([cH0])[cH0:4]	59.9959	5.86243	-	-	-	-	G
C02792751      none	B	[a:1][c:2]!@[CX4H2:3][!#1:4]	-89.996	7.30446	-	-	-	-	G
C02792751      none	B	[!#1:1][CX4:2]!@[SX2:3][!#1:4]	-80.0012	6.01214	-	-	-	-	G
C02792751      none	B	[aH0:1][c:2]([aH0])!@[SX2:3][!#1:4]	-90.0027	3.32646	-	-	-	-	G
C02792751      none	B	[a:1][ar5:2]!@[ar5:3][a:4]	-29.6982	1.25954	-	-	-	-	O
C02792751      none	B	[!#1:1][CH2:2]!@[n:3][cH0:4]	90.0017	14.7896	-	-	-	-	G
C02792751      none	B	[!#1:1][CX4:2]!@[CX4:3][!#1:4]	179.114	22.1548	-	-	-	-	G
C49417641      none	B	[H:1][CX4H1:2]!@[SX4:3][!#1:4]	-52.2654	11.8252	-	-	-	-	G
C49417641      none	B	[*:1]~[N,n:2]!@[S:3]~[*:4]	180	8.16343	-	-	-	-	G
C49417641      none	B	[cH1:1][c:2]([cH0])!@[CX3x0:3]=[NX2:4]	60.269	0.212691	-	-	-	-	R
C49417641      none	B	[O-:1][N+:2](=O)!@[c:3]([cH,nX2H0])[cH,nX2H0:4]	179.979	23.2156	-	-	-	-	G
C49417641      none	B	[cH0:1][c:2]([cH,nX2H0])!@[NX3H1:3][CX4:4]	60.0034	0	-	-	-	-	R
C48675826      none	B	[cH1:1][c:2]([cH1])!@[CX4H2:3][CX4:4]	89.9939	11.713	-	-	-	-	G
C48675826      none	B	[$(C=O):1][NX3H0:2]!@[c:3]([cH1])[cH1:4]	-30.0272	1.1203	-	-	-	-	G
C48675826      none	B	[!#1:1][CX4:2]!@[CX3H0:3][!#1:4]	120.005	1.81513	-	-	-	-	O
C48675826      none	B	[*:1]~[N,n:2]!@[S:3]~[*:4]	180	8.16343	-	-	-	-	G
C48675826      none	B	[aH1:1][c:2]([aH1])!@[SX4:3][!#1:4]	90.3092	12.916	-	-	-	-	G
C44892635      none	B	[cH1:1][c:2]([cH1])!@[CX3:3]=[O:4]	-150.004	3.39656	-	-	-	-	G
C44892635      none	B	[!#1:1][CX4H2:2]!@[CX3:3]=[O:4]	60.0104	1.20812	-	-	-	-	G
C44892635      none	B	[!#1:1][CX4:2]!@[SX2:3][!#1:4]	180	11.1654	-	-	-	-	G
C44892635      none	B	[!#1:1][CX3:2]!@[SX2:3][!#1:4]	-30.3089	1.54367	-	-	-	-	G
C44892635      none	B	[*^2:1]~[C^2:2]([!H])!@[C^2:3]~[*^2:4]	59.996	0.650722	-	-	-	-	O
C64422966      none	B	[!#1:1][CX4:2]!@[SX2:3][!#1:4]	-40.0003	0.858878	-	-	-	-	O
C64422966      none	B	[!#1:1][CX4:2]!@[SX2:3][!#1:4]	-160.001	3.18377	-	-	-	-	G
C64422966      none	B	[!#1:1][CX4H2:2]!@[CX4H2:3][!#1:4]	-60.0013	3.77933	-	-	-	-	G
C64422966      none	B	[$([CX3]=O):1][NX3H1:2]!@[CX4H2:3][C:4] 	-149.999	1.7769	-	-	-	-	O
C64422966      none	B	[O:1]=[CX3:2]!@[NX3H1:3][!#1:4]	-3.66401e-05	63.7893	-	-	-	-	G
C64422966      none	B	N[C:2](=[O:1])!@[CH2:3][N:4]	-119.998	0.892857	-	-	-	-	G
C64422966      none	B	[$([CX3]=O):1][NX3H1:2]!@[CX4H2:3][C:4] 	-89.9963	7.35439	-	-	-	-	G
C64422966      none	B	[O:1]=[CX3:2]!@[NX3H1:3][!#1:4]	0.000848567	63.7893	-	-	-	-	G
C64422966      none	B	[*^2:1]~[C^2:2]([!H])!@[C^2:3]~[*^2:4]	150.268	1.21045	-	-	-	-	G
C42692053      none	B	[$([CX3]=O):1][NX3H0:2](C)!@[CX4H2:3][C:4]	-90.0054	15.9949	-	-	-	-	G
C42692053      none	B	[O:1]=[CX3:2]!@[NX3H0:3][!#1:4]	-0.00270921	25.0866	-	-	-	-	G
C42692053      none	B	N[C:2](=[O:1])!@[CH2:3][N:4]	-29.9958	4.7619	-	-	-	-	G
C42692053      none	B	[O:1]=[CX3:2]!@[NX3H1:3][!#1:4]	0.000286402	63.7893	-	-	-	-	G
C42692053      none	B	[$(C=O):1][NX3H1:2]!@[CX4H1:3][H:4]	-59.9997	1.23735	-	-	-	-	G
C42692053      none	B	[O:1]=[CX3:2]!@[CX3:3]=[O:4]	90.0097	2.94118	-	-	-	-	G
C42692053      none	B	[O:1]=[CX3:2]!@[NX3H1:3][!#1:4]	-0.00345925	63.7893	-	-	-	-	G
C42692053      none	B	[$([CX3]=O):1][NX3H1:2]!@[CX4H2:3][C:4] 	-89.9981	7.35439	-	-	-	-	G
C42692053      none	B	[!#1:1][CX4:2]!@[CX3H0:3][!#1:4]	-60.0073	4.40277	-	-	-	-	G
C28196425      none	B	[cH1:1][c:2]([cH1])!@[CX3:3]=[O:4]	-149.997	3.39656	-	-	-	-	G
C28196425      none	B	[aH0:1][c:2]([aH1])!@[SX4:3][!#1:4]	65.0042	11.3606	-	-	-	-	G
C28196425      none	B	[*:1][$(S(=O)=O):2]!@[NX3H1:3][*:4]	59.9934	8.81913	-	-	-	-	G
C28196425      none	B	[*:1]~[NX3:2]!@[NX3:3]~[*:4]	180	7.3164	-	-	-	-	G
C28196425      none	B	[O:1]=[CX3:2]!@[NX3H1:3][!#1:4]	0.00603405	63.7893	-	-	-	-	G
C28196425      none	B	[cH1:1][c:2]([cH1])!@[C:3]([NH1,NH2])=[O:4]	27.0011	8.08167	-	-	-	-	G
C28196425      none	B	[aH1:1][c:2]([aH1])!@[SX4:3][!#1:4]	-110.004	4.53328	-	-	-	-	G
C28196425      none	B	[*:1][$(S(=O)=O):2]!@[NX3H0r:3][*:4]	60.2844	7.32227	-	-	-	-	G
C28196425      none	B	[O:1]=[C:2]!@[O:3]~[C:4]	-0.00318632	74.4927	-	-	-	-	G
C65902476      none	B	[a:1][c:2]!@[C:3]([NH0])=[O:4]	120.004	4.19444	-	-	-	-	G
C65902476      none	B	[$(C=O):1][NX3H1:2]!@[c:3]([cH1])[cH1:4]	-149.995	5.07451	-	-	-	-	G
C65902476      none	B	[O:1]=[CX3:2]!@[NX3H1:3][!#1:4]	-0.00731765	63.7893	-	-	-	-	G
C65902476      none	B	[O:1][CX4:2]!@[CX3:3]=[O:4]	147.903	2.2196	-	-	-	-	G
C65902476      none	B	[O:1]=[CX3:2](a)!@[NX3H0:3][!#1:4]	-179.735	9.67842	-	-	-	-	G
C40346741      none	B	[O:1]=[CX3:2]!@[NX3H0:3][!#1:4]	30.0064	0.680979	-	-	-	-	O
C40346741      none	B	N[C:2](=[O:1])!@[CH2:3][N:4]	90.0022	0	-	-	-	-	R
C40346741      none	B	[C:1][CX4H2:2]!@[NX3;"N_lp":3][C:4]	155.7	5.62549	-	-	-	-	G
C40346741      none	B	[*:1][$(S(=O)=O):2]!@[NX3H0r:3][*:4]	90.0001	4.85782	-	-	-	-	G
C40346741      none	B	[aH0:1][c:2]([aH1])!@[SX4:3][!#1:4]	149.7	0.396301	-	-	-	-	R
C05537383      none	B	[O:1]=[CX3:2]!@[NX3H1:3][!#1:4]	0.000174566	63.7893	-	-	-	-	G
C05537383      none	B	[a:1][c:2]!@[C:3]([NH1,NH2])=[O:4]	-179.696	9.31373	-	-	-	-	G
C05537383      none	B	[*:1]~[CX4:2]!@[n:3]~[*:4]	0.000503875	3.06862	-	-	-	-	G
C05537383      none	B	[OX2:1][CX4:2]!@[CX4:3][OX2:4]	58.0507	14.3222	-	-	-	-	G
C08694134      none	B	[O:1]=[CX3:2]!@[NX3H0:3][!#1:4]	29.9978	0.680979	-	-	-	-	O
C08694134      none	B	[O:1][CX4:2]!@[CX3:3]=[O:4]	-29.9901	2.69102	-	-	-	-	G
C08694134      none	B	[$(C=O):1][O:2]!@[CH2:3]~[C:4]	-59.9961	0.0287274	-	-	-	-	R
C08694134      none	B	[O:1]=[C:2]!@[O:3]~[C:4]	-0.0143438	74.4927	-	-	-	-	G
C08694134      none	B	[N:1][CX4:2]!@[CX3:3]=[O:4]	151.027	6.84729	-	-	-	-	G
C08694134      none	B	[*:1][$(S(=O)=O):2]!@[NX3H0r:3][*:4]	119.999	1.23223	-	-	-	-	G
C08694134      none	B	[aH1:1][c:2]([aH1])!@[SX4:3][!#1:4]	-109.72	4.53328	-	-	-	-	G
C52766247      none	B	[O:1]=[C:2]!@[O:3]~[C:4]	0.00674217	74.4927	-	-	-	-	G
C52766247      none	B	[C:1][CX4:2]!@[CX3:3]=[O:4]	0.0347843	5.61823	-	-	-	-	G
C52766247      none	B	[*:1][$(S(=O)=O):2]!@[NX3H0r:3][*:4]	-90.0042	4.88152	-	-	-	-	G
C52766247      none	B	[*:1]~[N,n:2]!@[S:3]~[*:4]	179.992	8.16343	-	-	-	-	G
C52766247      none	B	[cH1:1][c:2]([cH0])!@[CX3x0:3]=[NX2:4]	-119.716	0.106345	-	-	-	-	R
C52766247      none	B	[O-:1][N+:2](=O)!@[c:3]([cH,nX2H0])[cH,nX2H0:4]	179.98	23.2156	-	-	-	-	G
C09338588      none	B	[aH0:1][c:2]([aH0])!@[SX4:3][!#1:4]	66.1469	5.02793	-	-	-	-	G
C09338588      none	B	[!#1:1][CH2:2]!@[n:3][cH0:4]	89.995	14.7896	-	-	-	-	G
C09338588      none	B	[a:1][c:2]!@[CX4H2:3][a:4]	135.268	1.80451	-	-	-	-	O
C09338588      none	B	[a:1][a:2]!@[NX3:3][!#1:4]	150.012	1.85775	-	-	-	-	O
C09338588      none	B	[cH1:1][c:2]([cH1])!@[NX3H1:3][C,c:4]	150.285	4.21084	-	-	-	-	G
C09338588      none	B	[c:1][$(S(=O)=O):2]!@[NX3H0:3][C:4]	60.0014	7.00418	-	-	-	-	G
C09338588      none	B	[$(S(=O)(=O)):1][NX3H0:2]!@[CX4H2:3][!#1:4]	120.003	5.60345	-	-	-	-	O
C09338588      none	B	[a:1][c:2]!@[CX4H2:3][!#1:4]	-179.677	2.35335	-	-	-	-	O
C32637833      none	B	[cH1:1][a:2]([cH1])!@[a:3]([cH0])[cH0:4]	-59.9957	5.89253	-	-	-	-	G
C32637833      none	B	[a:1][a:2]!@[NX3:3][!#1:4]	150.003	1.85775	-	-	-	-	O
C32637833      none	B	[*:1]~[NX3:2]!@[NX2:3]~[*:4]	60.0006	0.141276	-	-	-	-	R
C32637833      none	B	[cH1:1][c:2]([$([cH0][OH1])])!@[CX3:3]=[NX2:4]	60.2819	0.050226	-	-	-	-	R
C32637833      none	B	[O-:1][N+:2](=O)!@[c:3]([cH,nX2H0])[cH,nX2H0:4]	179.975	23.2156	-	-	-	-	G
C39994539      none	B	[*:1]~[cX3:2]!@[NX2:3]~[*:4]	120.003	1.45599	-	-	-	-	O
C39994539      none	B	[*^2:1]~[C^2:2]([!H])!@[C^2:3]~[*^2:4]	120.002	0.806964	-	-	-	-	G
C39994539      none	B	[a:1][c:2]!@[CX3:3]=[CX3H0:4]	-119.724	3.00312	-	-	-	-	G
C43221969      none	B	[!#1:1][CX4:2]!@[CX4:3][!#1:4]	62.1633	12.3771	-	-	-	-	G
C43221969      none	B	[N:1][CX4:2]!@[CX3:3]=[O:4]	-148.893	3.58916	-	-	-	-	G
C43221969      none	B	[a:1][c:2]!@[CX4H1:3][N,O:4]	-3.90614	1.53503	-	-	-	-	G
C05838382      none	B	[!#1:1][CX3:2]!@[SX2:3][!#1:4]	29.9962	1.50602	-	-	-	-	G
C05838382      none	B	[!#1:1][CX4:2]!@[SX2:3][!#1:4]	160.041	2.91722	-	-	-	-	G
C05838382      none	B	[OX2:1][CX4:2]!@[CX4:3][OX2:4]	179.914	13.4277	-	-	-	-	G
C13142813      none	B	[a:1][ar5:2]!@[ar5:3][a:4]	0.309956	21.2405	-	-	-	-	G
C13142813      none	B	[*:1]~[NX2:2]!@[nX3:3]~[*:4]	59.9985	1.36719	-	-	-	-	G
C13142813      none	B	[cH1:1][c:2]([cH0])!@[CX3x0:3]=[NX2:4]	-149.733	0.0354484	-	-	-	-	G
C13142813      none	B	[O-:1][N+:2](=O)!@[c:3]([cH,nX2H0])[cH,nX2H0:4]	179.981	23.2156	-	-	-	-	G
C20392567      none	B	[cH0:1][c:2]([cH1])!@[O:3][C:4]	180	48.7454	-	-	-	-	G
C20392567      none	B	[cH0:1][c:2]!@[CX4H1:3][N,O,S:4]	-30.0442	1.6003	-	-	-	-	G
C20392567      none	B	[C:1][CX4H2:2]!@[NX3:3][C:4]	179.999	3.30615	-	-	-	-	G
C20392567      none	B	[OX2:1][CX4:2]!@[CX4:3][N:4]	-178.799	9.8427	-	-	-	-	G
C22066193      none	B	[a:1][c:2]!@[CX4H2:3][!#1:4]	-45.0002	1.96752	-	-	-	-	O
C22066193      none	B	[!#1:1][CX4:2]!@[SX2:3][!#1:4]	-60.0017	7.13757	-	-	-	-	G
C22066193      none	B	[aH0:1][c:2]([aH0])!@[SX2:3][!#1:4]	150.004	0.567303	-	-	-	-	O
C22066193      none	B	[*:1]~[CX4:2]!@[n:3]~[*:4]	29.9997	3.02094	-	-	-	-	G
C22066193      none	B	[OX2:1][CX4:2]!@[CX4:3][OX2:4]	63.2531	14.3222	-	-	-	-	G
C12631063      none	B	[cH1:1][c:2]([cH1])!@[C:3]([NH1,NH2])=[O:4]	-152.971	8.78518	-	-	-	-	G
C12631063      none	B	[O-:1][N+:2](=O)!@[c:3]([cH0])[cH,nX2H0:4]	90.251	0.274725	-	-	-	-	O
C12631063      none	B	[O:1]=[CX3:2]!@[NX3H1:3][!#1:4]	-0.000214605	63.7893	-	-	-	-	G
C12631063      none	B	[*:1]~[NX3:2]!@[NX3:3]~[*:4]	179.999	7.3164	-	-	-	-	G
C12631063      none	B	[O:1]=[CX3:2]!@[NX3H1:3][!#1:4]	0.00219424	63.7893	-	-	-	-	G
C12631063      none	B	[OX2:1][CX4H2:2]!@[CX3:3]([$([NX3H1,NX3H2])])=[O:4]	90.0119	0.357143	-	-	-	-	R
C12631063      none	B	[C:1][CH2:2]!@[O:3][CX4:4]	-80.0075	1.18773	-	-	-	-	G
C12631063      none	B	[C:1][CH2:2]!@[O:3][CX4:4]	180	35.2689	-	-	-	-	G
C12631063      none	B	[OX2:1][CX4H2:2]!@[CX3:3]([$([NX3H1,NX3H2])])=[O:4]	-89.9985	0	-	-	-	-	R
C12631063      none	B	[O:1]=[CX3:2]!@[NX3H1:3][!#1:4]	-0.00301906	63.7893	-	-	-	-	G
C12631063      none	B	[$(C=O):1][NX3H1:2]!@[c:3]([cH0]Cl)[cH:4]	-29.721	1.88679	-	-	-	-	G
C40366435      none	B	[!#1:1][CX4:2]!@[CX3H0:3][!#1:4]	119.998	1.81513	-	-	-	-	O
C40366435      none	B	[*:1]~[CX4:2]!@[NX2:3]~[*:4]	180	3.51425	-	-	-	-	G
C40366435      none	B	[*:1]~[N,n:2]!@[S:3]~[*:4]	-156.144	2.91955	-	-	-	-	G
C40366435      none	B	[*:1][$(S(=O)=O):2]!@[NX3H0r:3][*:4]	60.2802	7.32227	-	-	-	-	G
C59332573      none	B	[c:1][c:2]!@[c:3][s,o,nX3H1:4]	149.683	2.6253	-	-	-	-	G
C59332573      none	B	[a:1][c:2]!@[C:3]([NH1,NH2])=[O:4]	60.005	0.626362	-	-	-	-	G
C59332573      none	B	[O:1]=[C:2](c)!@[$([NX3](c([nX2H0])([nX2H0]))):3][H:4]	179.993	26.6667	-	-	-	-	G
C59332573      none	B	[$(C=O):1][NX3:2]!@[a:3][aH0:4]	0.00636745	4.11379	-	-	-	-	G
C22715374      none	B	[a:1][ar5:2]!@[ar5:3][a:4]	0.320656	21.2405	-	-	-	-	G
C22715374      none	B	[aH0:1][c:2]([aH0])!@[SX2:3][!#1:4]	-0.00724204	13.1253	-	-	-	-	G
C22715374      none	B	[!#1:1][CH2:2]!@[n:3][cH0:4]	90.0076	14.7896	-	-	-	-	G
C22715374      none	B	[!#1:1][CX4:2]!@[CX4:3][!#1:4]	-161.2	1.85018	-	-	-	-	G
C22715374      none	B	[!#1:1][CX4:2]!@[SX2:3][!#1:4]	90.0057	2.8728	-	-	-	-	G
C22715374      none	B	[!#1:1][CX4H2:2]!@[CX3:3]=[O:4]	89.9972	1.06654	-	-	-	-	G
C22715374      none	B	[O:1]=[CX3:2]!@[NX3H1:3][!#1:4]	0.00451234	63.7893	-	-	-	-	G
C22715374      none	B	[*:1]~[NX3:2]!@[NX3:3]~[*:4]	179.999	7.3164	-	-	-	-	G
C22715374      none	B	[!#1:1][CX3:2](=S)!@[NX3H1:3][!#1:4]	180	37.0618	-	-	-	-	G
C22715374      none	B	[!#1:1][CX3:2](=S)!@[NX3H1:3][!#1:4]	-0.00704727	27.5459	-	-	-	-	G
C22715374      none	B	[C:1][CX4:2]!@[NX3:3][C:4]	-89.9989	4.74684	-	-	-	-	G
C40471020      none	B	[OX2:1][CX4:2]!@[CX4:3][N:4]	-40.0076	1.41573	-	-	-	-	G
C40471020      none	B	[O:1]=[C:2]([O-])!@[CX4H1:3][H:4]	-0.00498544	0.495663	-	-	-	-	O
C40471020      none	B	[$(C=O):1][NX3H1:2]!@[CX4H1:3][H:4]	-0.00318089	8.26772	-	-	-	-	G
C40471020      none	B	[O:1]=[CX3:2]!@[NX3H1:3][!#1:4]	0.00882171	63.7893	-	-	-	-	G
C40471020      none	B	[N:1][CX4:2]!@[CX3:3]=[O:4]	-56.9701	1.63777	-	-	-	-	G
C40471020      none	B	[C:1][CX4:2]!@[NX3;"N_lp":3][C:4]	-60.3939	7.07677	-	-	-	-	G
C01374659      none	B	[!#1:1][CX4:2]!@[CX4:3][!#1:4]	59.996	12.3771	-	-	-	-	G
C01374659      none	B	[a:1][c:2]!@[CX4H1:3][N,O:4]	-119.999	3.08052	-	-	-	-	G
C01374659      none	B	[C:1][CX4:2]!@[NX3;"N_lp":3][C:4]	79.9981	5.94326	-	-	-	-	G
C01374659      none	B	[!#1:1][CH2:2]!@[n:3][cH0:4]	180	0.148746	-	-	-	-	R
C01374659      none	B	[!#1:1][CX4:2]!@[CX4:3][!#1:4]	62.0867	12.3771	-	-	-	-	G
C01374659      none	B	[!#1:1][CX4H2:2]!@[NX3;"N_lp":3][!#1:4]	80.0001	6.94113	-	-	-	-	G
C01374659      none	B	[!#1:1][CX4H2:2]!@[NX3;"N_lp":3][!#1:4]	-159.998	6.28481	-	-	-	-	G
C01374659      none	B	[a:1][c:2]!@[CX4H2:3][!#1:4]	90.2685	7.24386	-	-	-	-	G
C01374659      none	B	[cH0:1][c:2]!@[CX4H2:3][N,O,S:4]	-134.991	0.856458	-	-	-	-	G
C01374659      none	B	[cH1:1][c:2]([cH1])!@[O:3][C:4]	180	26.896	-	-	-	-	G
C66517310      none	B	[*:1]~[N,n:2]!@[S:3]~[*:4]	59.9963	4.33354	-	-	-	-	G
C66517310      none	B	[$(S(=O)(=O)):1][NH0:2]!@[c:3]([cH1])[cH1:4]	-120.286	1.65289	-	-	-	-	G
C66517310      none	B	[$(C=O):1][O:2]!@[c:3]~[*:4]	59.9984	3.13755	-	-	-	-	G
C66517310      none	B	[O:1]=[C:2]!@[O:3]~[!#1:4]	60.0024	0.00444356	-	-	-	-	R
C66517310      none	B	[c:1][CX4H2:2]!@[CX3:3]=[O:4]	150.003	0.569801	-	-	-	-	O
C66517310      none	B	[a:1][c:2]!@[CX4H2:3][CX3:4]	90.0202	7.83807	-	-	-	-	G
C66517310      none	B	[cH1:1][a:2]([cH1])!@[a:3]([sX2,o,nX2H0,nX3H1:4])([cH1])	-0.000949485	11.7616	-	-	-	-	G
C39894830      none	B	[*:1]~[cX3:2]!@[NX2:3]~[*:4]	-119.999	1.40635	-	-	-	-	O
C39894830      none	B	[!#1:1][CX4:2]!@[CX3H0:3][!#1:4]	179.996	7.26386	-	-	-	-	G
C39894830      none	B	[*:1]~[CX4:2]!@[NX4:3]~[*:4]	179.997	15.0612	-	-	-	-	G
C39894830      none	B	[*:1]~[CX4:2]!@[NX4:3]~[*:4]	-79.9992	2.10499	-	-	-	-	G
C39894830      none	B	[*:1]~[CX4:2]!@[NX4:3]~[*:4]	159.997	1.9368	-	-	-	-	G
C39894830      none	B	[!#1:1][CX4H2:2]!@[CX4H2:3][!#1:4]	-59.9965	3.77933	-	-	-	-	G
C39894830      none	B	[!#1:1][CX4H2:2]!@[CX4H2:3][!#1:4]	59.9941	3.99483	-	-	-	-	G
C39894830      none	B	[!#1:1][CX4H2:2]!@[CX4H2:3][!#1:4]	180	58.554	-	-	-	-	G
C39894830      none	B	[!#1:1][CX4H2:2]!@[CX4H2:3][!#1:4]	-60.0033	3.77933	-	-	-	-	G
C19474985      none	B	[cH1:1][c:2]([cH1])!@[C:3]([NH1,NH2])=[O:4]	-27.0078	8.39053	-	-	-	-	G
C19474985      none	B	[O:1]=[CX3:2]!@[NX3H1:3][!#1:4]	0.00178027	63.7893	-	-	-	-	G
C19474985      none	B	[$([CX3]=O):1][NX3H1:2]!@[CX4H2:3][C:4] 	149.995	1.43139	-	-	-	-	O
C19474985      none	B	N[C:2](=[O:1])!@[CH2:3][N:4]	-29.9974	4.7619	-	-	-	-	G
C19474985      none	B	[O:1]=[CX3:2]!@[NX3H0:3][!#1:4]	-29.7232	0.692521	-	-	-	-	O
C02738566      none	B	[a:1][c:2]!@[C:3]([NH1,NH2])=[O:4]	149.997	5.34677	-	-	-	-	O
C02738566      none	B	[O:1]=[CX3:2]!@[NX3H1:3][!#1:4]	0.00428834	63.7893	-	-	-	-	G
C02738566      none	B	[*:1]~[NX3:2]!@[NX3:3]~[*:4]	150.008	1.2148	-	-	-	-	G
C02738566      none	B	[O:1]=[CX3:2]!@[NX3H1:3][!#1:4]	-0.0121739	63.7893	-	-	-	-	G
C02738566      none	B	[!#1:1][CX4H2:2]!@[CX3:3]=[O:4]	30.0025	3.68098	-	-	-	-	G
C02738566      none	B	[!#1:1][CH2:2]!@[n:3][a:4]	-134.689	0.908865	-	-	-	-	O
C47257150      none	B	[a:1][c:2]!@[C:3]([NH1,NH2])=[O:4]	-120	0.626362	-	-	-	-	G
C47257150      none	B	[cH1:1][a:2]([cH1])!@[a:3]([sX2,o,nX2H0,nX3H1:4])([cH0])	-59.48	1.92551	-	-	-	-	G
C47257150      none	B	[O:1]=[CX3:2]!@[NX3H1:3][!#1:4]	-0.00250877	63.7893	-	-	-	-	G
C47257150      none	B	[$(C=O):1][NX3H1:2]!@[c:3]([cH1])[cH1:4]	30.0006	5.05437	-	-	-	-	G
C47257150      none	B	[cH1:1][a:2]([cH1])!@[a:3]([sX2,o,nX2H0,nX3H1:4])([cH0])	-119.995	2.13068	-	-	-	-	G
C24500464      none	B	[aH1:1][c:2]([aH1])!@[SX4:3][!#1:4]	90.2746	12.916	-	-	-	-	G
C24500464      none	B	[cH0:1][c:2]([cH,nX2H0])!@[NX3H1:3][CX4:4]	159.98	3.7196	-	-	-	-	O
C24500464      none	B	[O-:1][N+:2](=O)!@[c:3]([cH0])[cH,nX2H0:4]	0.231027	12.6374	-	-	-	-	G
C24500464      none	B	[!#1:1][CX4H2:2]!@[NX3H1:3][!#1:4]	-149.998	1.95018	-	-	-	-	O
C24500464      none	B	[!#1:1][CX4H2:2]!@[CX4H2:3][!#1:4]	60.006	3.99483	-	-	-	-	G
C24500464      none	B	[$([CX3]=O):1][NX3H1:2]!@[CX4H2:3][C:4] 	179.999	6.46594	-	-	-	-	G
C24500464      none	B	[O:1]=[CX3:2]!@[NX3H1:3][!#1:4]	0.0016913	63.7893	-	-	-	-	G
C24500464      none	B	[cH1:1][c:2]([cH1])!@[C:3]([NH1,NH2])=[O:4]	-153.004	8.78518	-	-	-	-	G
C24500464      none	B	[$(S(=O)(=O)):1][NH0:2]!@[c:3]([cH1])[cH1:4]	89.9833	15.7025	-	-	-	-	G
C48727726      none	B	[O:1]=[CX3:2]!@[NX3H1:3][!#1:4]	-0.000643767	63.7893	-	-	-	-	G
C48727726      none	B	[$([CX3]=O):1][NX3H1:2]!@[CX4H2:3][C:4] 	-150.004	1.7769	-	-	-	-	O
C48727726      none	B	[!#1:1][CX4H2:2]!@[CX4H2:3][!#1:4]	180	58.554	-	-	-	-	G
C48727726      none	B	[$([CX3]=O):1][NX3H1:2]!@[CX4H2:3][C:4] 	90.0039	7.35439	-	-	-	-	G
C48727726      none	B	[O:1]=[CX3:2]([$([NX3H1]C)])!@[NX3H1:3][!#1:4]	-0.00127624	41.1343	-	-	-	-	G
C48727726      none	B	[O:1]=[CX3:2]([$([NX3H1]C)])!@[NX3H1:3][!#1:4]	-0.00015244	41.1343	-	-	-	-	G
C48727726      none	B	[$(C=O):1][NX3H1:2]!@[CX4H1:3][H:4]	-30	6.97413	-	-	-	-	G
C13001069      none	B	[C:1][CX4H2:2]!@[OX2:3][c:4]	-149.999	1.28448	-	-	-	-	O
C13001069      none	B	[cH1:1][c:2]([cH1])!@[O:3][C:4]	150.282	0.199809	-	-	-	-	O
C13001069      none	B	[cH1:1][c:2]([cH1])!@[C:3]([NH1,NH2])=[O:4]	-26.9748	8.39053	-	-	-	-	G
C13001069      none	B	[O:1]=[CX3:2]!@[NX3H1:3][!#1:4]	0.00377923	63.7893	-	-	-	-	G
C13001069      none	B	[$([CX3]=O):1][NX3H1:2]!@[CX4H2:3][C:4] 	89.9983	7.35439	-	-	-	-	G
C13001069      none	B	N[C:2](=[O:1])!@[CH2:3][N:4]	120.005	0.595238	-	-	-	-	G
C13001069      none	B	[O:1]=[CX3:2]!@[NX3H1:3][!#1:4]	0.000820457	63.7893	-	-	-	-	G
C13001069      none	B	[*:1]~[NX3:2]!@[NX3:3]~[*:4]	-150.003	1.86361	-	-	-	-	G
C13001069      none	B	[O:1]=[CX3:2]!@[NX3H1:3][!#1:4]	0.00299292	63.7893	-	-	-	-	G
C13001069      none	B	N[C:2](=[O:1])!@[CH2:3][N:4]	-60.0084	0.14881	-	-	-	-	O
C13001069      none	B	[$(S(=O)(=O)):1][NX3H0:2]!@[CX4H2:3][!#1:4]	-60.0059	0	-	-	-	-	R
C13001069      none	B	[c:1][$(S(=O)=O):2]!@[NX3H0:3][C:4]	90.005	4.81691	-	-	-	-	G
C13001069      none	B	[aH1:1][c:2]([aH1])!@[SX4:3][!#1:4]	70.2608	5.04089	-	-	-	-	G
C13510400      none	B	[C:1][CX4H2:2]!@[OX2:3][c:4]	149.996	0.884397	-	-	-	-	O
C13510400      none	B	[cH1:1][c:2]([cH1])!@[O:3][C:4]	30.2702	0.264964	-	-	-	-	R
C13510400      none	B	[cH0:1][c:2]!@[CX4H2:3][N,O,S:4]	-90.0123	7.87941	-	-	-	-	G
C13510400      none	B	[!#1:1][CX4H2:2]!@[NX3;"N_lp":3][!#1:4]	-79.9974	6.8682	-	-	-	-	G
C13510400      none	B	[CX4:1][CX4H2:2]!@[NX3;"N_lp":3][CX4:4]	160	6.03015	-	-	-	-	G
C13510400      none	B	[C:1][CX4:2]!@[NX3;"N_lp":3][C:4]	40.0011	0.870045	-	-	-	-	G
C13510400      none	B	[!#1:1][CX4H2:2]!@[CX4H2:3][!#1:4]	180	58.554	-	-	-	-	G
C13510400      none	B	[!#1:1][CX4H2:2]!@[CX4H2:3][!#1:4]	-60.0023	3.77933	-	-	-	-	G
C13510400      none	B	[a:1][c:2]!@[CX4H1:3][N,O:4]	119.999	3.12238	-	-	-	-	G
C13510400      none	B	[!#1:1][CH2:2]!@[n:3][cH0:4]	180	0.148746	-	-	-	-	R
C13510400      none	B	[a:1][c:2]!@[CX4H2:3][a:4]	90.3194	4.86842	-	-	-	-	G
C50851823      none	B	[a:1][c:2]!@[C:3]([NH0])=[O:4]	-60.0054	3.63889	-	-	-	-	G
C50851823      none	B	[$(C=O):1][NX3H1:2]!@[c:3]([cH1])[cH1:4]	-149.993	5.07451	-	-	-	-	G
C50851823      none	B	[O:1]=[CX3:2]!@[NX3H1:3][!#1:4]	-0.00811139	63.7893	-	-	-	-	G
C50851823      none	B	[O:1][CX4:2]!@[CX3:3]=[O:4]	-151.698	3.9285	-	-	-	-	G
C50851823      none	B	[O:1]=[CX3:2](a)!@[NX3H0:3][!#1:4]	0.294315	23.6549	-	-	-	-	G
C50851823      none	B	[O:1][CX4:2]!@[CX3:3]=[O:4]	0.0964227	13.789	-	-	-	-	G
C20849640      none	B	[O-:1][N+:2](=O)!@[c:3]([cH,nX2H0])[cH,nX2H0:4]	179.98	23.2156	-	-	-	-	G
C20849640      none	B	[cH1:1][c:2]([cH1])!@[CX3:3]=[NX2:4]	-149.689	2.34391	-	-	-	-	G
C20849640      none	B	[*^2:1]~[C^2:2]([!H])!@[C^2:3]~[*^2:4]	-90.0215	1.27397	-	-	-	-	G
C20849640      none	B	[cH1:1][c:2]([cH1])!@[CX3:3]=[NX2:4]	90.6698	0.468781	-	-	-	-	O
C09975293      none	B	[$([cH0]([$([NX3H2]),$([NX3H1])])):1][a:2]!@[a:3][nX2:4]	-29.9982	5.7971	-	-	-	-	G
C09975293      none	B	[a:1][a:2]!@[NX3:3][!#1:4]	119.998	1.62057	-	-	-	-	O
C09975293      none	B	[!#1:1][CX3:2](=S)!@[NX3H1:3][!#1:4]	180	37.0618	-	-	-	-	G
C09975293      none	B	[$(C=O):1][NX3H1:2]!@[CX3:3]=[*H0:4]	180	33.8082	-	-	-	-	G
C09975293      none	B	[O:1]=[CX3:2]!@[NX3H1:3][!#1:4]	-0.00341226	63.7893	-	-	-	-	G
C09975293      none	B	[cH1:1][c:2]([cH1])!@[C:3]([NH1,NH2])=[O:4]	-152.975	8.78518	-	-	-	-	G
C09975293      none	B	[cH1:1][c:2](cO)!@[O:3][C:4]	-89.9782	0.35524	-	-	-	-	R
C09975293      none	B	[$(cO):1][c:2](cO)!@[O:3][C:4]	90.0494	10.8863	-	-	-	-	G
C09975293      none	B	[cH1:1][c:2](cO)!@[O:3][C:4]	90.284	0.310835	-	-	-	-	R
CHEMBL429540      none	B	[cH1:1][c:2]([cH1])!@[CX4H2:3][CX4:4]	-89.9821	11.9355	-	-	-	-	G
CHEMBL429540      none	B	[!#1:1][CX4H2:2]!@[CX4H2:3][!#1:4]	180	58.554	-	-	-	-	G
CHEMBL429540      none	B	[!#1:1][CX4H2:2]!@[CX4H2:3][!#1:4]	179.999	58.554	-	-	-	-	G
CHEMBL429540      none	B	[*:1]~[CX4:2]!@[NX4:3]~[*:4]	180	15.0612	-	-	-	-	G
CHEMBL429540      none	B	[*:1]~[CX4:2]!@[NX4:3]~[*:4]	-59.9984	15.3415	-	-	-	-	G
CHEMBL429540      none	B	[a:1][c:2]!@[CX4H2:3][!#1:4]	-89.676	7.30446	-	-	-	-	G
CHEMBL429540      none	B	[cH1:1][a:2]([cH1])!@[a:3]([cH1])[cH0:4]	-59.9961	6.36499	-	-	-	-	G
CHEMBL429540      none	B	[O-:1][N+:2](=O)!@[c:3]([cH0])[cH,nX2H0:4]	90.2667	0.274725	-	-	-	-	O
CHEMBL429540      none	B	[!#1:1][CH2:2]!@[n:3][cH0:4]	90.0086	14.7896	-	-	-	-	G
CHEMBL429540      none	B	[!#1:1][CX4H2:2]!@[CX3:3]=[O:4]	-90.0034	1.11373	-	-	-	-	G
C04534018      none	B	[O:1]=[CX3:2]!@[NX3H1:3][!#1:4]	179.996	2.24265	-	-	-	-	G
C04534018      none	B	[$([C](=O)):1][NX3H1:2]!@[$([a]([nH0,o])):3][cH1:4]	-89.721	0	-	-	-	-	R
C04534018      none	B	[*:1]~[CX4:2]!@[n:3]~[*:4]	29.9942	3.02094	-	-	-	-	G
C04534018      none	B	[OX2:1][CX4:2]!@[CX4:3][OX2:4]	171.167	4.6108	-	-	-	-	G
C65644249      none	B	[!#1:1][CX4H2:2]!@[CX4H2:3][!#1:4]	-60.0105	3.77933	-	-	-	-	G
C65644249      none	B	[!#1:1][CX4H2:2]!@[CX4H2:3][!#1:4]	180	58.554	-	-	-	-	G
C65644249      none	B	[!#1:1][CX4:2]!@[SX4:3][!#1:4]	47.7466	4.33684	-	-	-	-	G
C65644249      none	B	[*:1]~[N,n:2]!@[S:3]~[*:4]	60.0016	4.33354	-	-	-	-	G
C65644249      none	B	[cH1:1][c:2]([nX2])!@[CX3:3]=[NX2:4]	-29.6963	0.658762	-	-	-	-	O
C65644249      none	B	[cH1:1][a:2]([cH1])!@[a:3]([sX2,o,nX2H0,nX3H1:4])([cH1])	-29.4941	3.71145	-	-	-	-	G
C65644249      none	B	[O-:1][N+:2](=O)!@[c:3]([cH,nX2H0])[cH,nX2H0:4]	179.971	23.2156	-	-	-	-	G
C05059924      none	B	[a:1][c:2]!@[C:3](=[N:4])	-150	1.63836	-	-	-	-	G
C05059924      none	B	[*:1]~[NX2:2]!@[OX2:3]~[*:4]	120.002	0.138217	-	-	-	-	R
C05059924      none	B	[O:1]=[C:2]!@[O:3]~[!#1:4]	179.999	0.0688751	-	-	-	-	R
C05059924      none	B	[$([cH0](Cl)):1][c:2]([cH1])!@[CX3:3](O)=[O:4]	-59.9975	0	-	-	-	-	R
C09444308      none	B	[$(S(=O)(=O)):1][N:2]!@[c:3][a:4]	-89.9959	5.66406	-	-	-	-	G
C09444308      none	B	[c:1][S:2](=O)(=O)!@[NX2H0-:3]-[*:4]	89.9955	2.77778	-	-	-	-	G
C09444308      none	B	[aH1:1][c:2]([aH1])!@[SX4:3][!#1:4]	-89.7298	12.5987	-	-	-	-	G
C09444308      none	B	[$(C=O):1][NX3H1:2]!@[c:3]([cH1])[cH1:4]	-60.0212	0.241643	-	-	-	-	R
C09444308      none	B	[O:1]=[CX3:2]!@[NX3H1:3][!#1:4]	-0.00561495	63.7893	-	-	-	-	G
C09444308      none	B	[cH1:1][c:2]([cH1])!@[C:3]([NH1,NH2])=[O:4]	-152.998	8.78518	-	-	-	-	G
C09444308      none	B	[cH0:1][c:2]([cH,nX2H0])!@[NX3H0:3][CX4:4]	120.358	2.29463	-	-	-	-	O
C09444308      none	B	[O-:1][N+:2](=O)!@[c:3]([cH0])[cH,nX2H0:4]	90.2747	0.274725	-	-	-	-	O
C48572180      none	B	[a:1][c:2]!@[CX4H0:3][CX3:4]	175.673	2.34308	-	-	-	-	G
C48572180      none	B	[!#1:1][CX4:2]!@[CX3H0:3][!#1:4]	-89.9959	2.97335	-	-	-	-	G
C48572180      none	B	[*:1]~[cX3:2]!@[NX2:3]~[*:4]	-59.6909	1.53044	-	-	-	-	O
C16956900      none	B	[n,o,s:1][c:2]!@[CX4H2:3][CX4:4]	90.3382	4.03889	-	-	-	-	G
C16956900      none	B	[*:1]~[cX3:2]!@[NX2:3]~[*:4]	60.0095	1.58835	-	-	-	-	O
C16956900      none	B	[cH1:1][c:2]([cH1])!@[CX3:3]=[NX2:4]	-149.723	2.34391	-	-	-	-	G
C16956900      none	B	[O-:1][N+:2](=O)!@[c:3]([cH,nX2H0])[cH,nX2H0:4]	179.976	23.2156	-	-	-	-	G
C16956900      none	B	[O-:1][N+:2](=O)!@[c:3]([cH,nX2H0])[cH,nX2H0:4]	-179.726	23.2156	-	-	-	-	G
C42839784      none	B	[$(C=O):1][NX3H1:2]!@[CX4H1:3][H:4]	-30.0075	6.97413	-	-	-	-	G
C42839784      none	B	[O:1]=[CX3:2]([$([NX3H1]C)])!@[NX3H1:3][!#1:4]	0.0138518	41.1343	-	-	-	-	G
C42839784      none	B	[O:1]=[CX3:2]([$([NX3H1]C)])!@[NX3H1:3][!#1:4]	-0.0137765	41.1343	-	-	-	-	G
C42839784      none	B	[*:1]~[NX3:2]!@[NX3:3]~[*:4]	90.0106	3.54776	-	-	-	-	G
C42839784      none	B	[a:1][a:2]!@[NX3:3][!#1:4]	-0.00554293	10.9271	-	-	-	-	G
C42839784      none	B	[aH1:1][c:2]([aH1])!@[SX4:3][!#1:4]	89.9978	12.916	-	-	-	-	G
C42839784      none	B	[*:1][$(S(=O)=O):2]!@[NX3H0r:3][*:4]	120.284	1.23223	-	-	-	-	O
C21171319      none	B	[*:1]~[cX3:2]!@[NX2:3]~[*:4]	-59.9949	1.53044	-	-	-	-	O
C21171319      none	B	[!#1:1][CX4:2]!@[CX3H0:3][!#1:4]	179.998	7.26386	-	-	-	-	G
C21171319      none	B	[H:1][CX4H1:2]!@[OX2:3][!#1:4]	59.9879	2.10701	-	-	-	-	G
C21171319      none	B	[cH1,n:1][c:2]!@[O:3][CH1:4]	-59.9962	0.582524	-	-	-	-	R
C62328250      none	B	[OX2:1][CX4:2]!@[CX4:3][N:4]	180	9.8427	-	-	-	-	G
C62328250      none	B	[O:1]=[C:2]([O-])!@[CX4H1:3][H:4]	89.9954	0.86741	-	-	-	-	O
C62328250      none	B	[$(C=O):1][NX3H1:2]!@[CX4H1:3][H:4]	0.00657231	8.26772	-	-	-	-	G
C62328250      none	B	[O:1]=[CX3:2]!@[NX3H1:3][!#1:4]	-0.00855038	63.7893	-	-	-	-	G
C62328250      none	B	[O:1]=[CX3:2]!@[NX3H0:3][!#1:4]	30.2839	0.680979	-	-	-	-	O
C40267672      none	B	[cH0:1][c:2]!@[CX4H1:3][CX3:4]	89.9959	2.10773	-	-	-	-	O
C40267672      none	B	[O:1]=[C:2]([O-])!@[c:3][a:4]	-90.1507	0.862069	-	-	-	-	O
C40267672      none	B	[O:1]=[C:2]([O-])!@[CX4H1:3][H:4]	0.00555771	0.495663	-	-	-	-	O
C40267672      none	B	[*:1]~[CX4:2]!@[NX4:3]~[*:4]	-159.936	2.15596	-	-	-	-	G
C40267672      none	B	[C:1][CX4:2]!@[NX3;"N_lp":3][C:4]	-60.7673	7.07677	-	-	-	-	G
C64414400      none	B	[a:1][c:2]!@[C:3]([NH0])=[O:4]	-89.994	2.91667	-	-	-	-	G
C64414400      none	B	[$(C=O):1][NX3H1:2]!@[c:3](s)[n:4]	179.994	66.092	-	-	-	-	G
C64414400      none	B	[O:1]=[CX3:2]!@[NX3H1:3][!#1:4]	0.0165237	63.7893	-	-	-	-	G
C64414400      none	B	[c:1][CX4H2:2]!@[CX3:3]=[O:4]	-150.01	0.712251	-	-	-	-	O
C64414400      none	B	[a:1][c:2]!@[CX4H2:3][CX3:4]	150.277	0.645995	-	-	-	-	R
C64414400      none	B	[$(C=O):1][NX3H1:2]!@[c:3](s)[n:4]	-0.00925065	0.574713	-	-	-	-	R
C64414400      none	B	[O:1]=[CX3:2]!@[NX3H1:3][!#1:4]	0.00626435	63.7893	-	-	-	-	G
C64414400      none	B	[*^2:1]~[C^2:2]([!H])!@[C^2:3]~[*^2:4]	-149.736	1.11601	-	-	-	-	O
C64414400      none	B	[O:1]=[CX3:2](a)!@[NX3H0:3][!#1:4]	-0.0105412	23.6549	-	-	-	-	G
CHEMBL279956      none	B	[!#1:1][CX4:2]!@[CX4:3][!#1:4]	180	22.1548	-	-	-	-	G
CHEMBL279956      none	B	[!#1:1][CH2:2]!@[n:3][cH0:4]	-89.6968	15.4696	-	-	-	-	G
CHEMBL279956      none	B	[N:1][CX4:2]!@[CX3:3]=[O:4]	-59.9924	1.63777	-	-	-	-	G
C63772629      none	B	[cH1:1][c:2]([cH1])!@[CX3:3]=[NX2:4]	-29.6815	2.32396	-	-	-	-	G
C63772629      none	B	[CX3:1]=[CX3:2]!@[CH1:3](C)[C:4]	-95.9783	4.42159	-	-	-	-	O
C63772629      none	B	[*^2:1]~[C^2:2]([!H])!@[C^2:3]~[*^2:4]	120.007	0.806964	-	-	-	-	G
C63772629      none	B	[O:1]=[CX3:2]!@[NX3H1:3][!#1:4]	0.00994341	63.7893	-	-	-	-	G
C63772629      none	B	[$(C=O):1][NX3H1:2]!@[c:3]([cH1])[cH1:4]	59.9991	0.402739	-	-	-	-	R
C63772629      none	B	[aH1:1][c:2]([aH1])!@[SX4:3][!#1:4]	90.0026	12.916	-	-	-	-	G
C63772629      none	B	[c:1][S:2](=O)(=O)!@[NX2H0-:3]-[*:4]	59.9988	8.33333	-	-	-	-	G
C63772629      none	B	[$(S(=O)(=O)):1][N:2]!@[c:3][a:4]	-60.0006	1.85547	-	-	-	-	G
C45476266      none	B	[!#1:1][CX4:2]!@[CX4:3][!#1:4]	179.993	22.1548	-	-	-	-	G
C45476266      none	B	[N:1][CX4:2]!@[CX3:3]=[O:4]	-150.014	3.58916	-	-	-	-	G
C45476266      none	B	[!#1:1][CX4H2:2]!@[CX4H2:3][!#1:4]	-59.9966	3.77933	-	-	-	-	G
C45476266      none	B	[C:1][CH2:2]!@[O:3][CX4:4]	179.997	35.2689	-	-	-	-	G
C45476266      none	B	[C:1][CH2:2]!@[O:3][CX4:4]	179.999	35.2689	-	-	-	-	G
C45476266      none	B	[OX2:1][CX4:2]!@[CX4:3][OX2:4]	83.7254	2.87509	-	-	-	-	O
C05616570      none	B	[a:1][a:2]!@[NX3:3][!#1:4]	90.0067	1.62893	-	-	-	-	O
C05616570      none	B	[O:1]=[C:2]([O-])!@[c:3]([cH1])[$([cH0][NH1,NH2]):4]	-0.00560617	10	-	-	-	-	G
C05616570      none	B	[!#1:1][CX3:2](=S)!@[NX3H1:3][!#1:4]	179.997	37.0618	-	-	-	-	G
C05616570      none	B	[!#1:1][CX3:2](=S)!@[NX3H1:3][!#1:4]	0.00368868	27.5459	-	-	-	-	G
C05616570      none	B	[C:1][CX4:2]!@[NX3:3][C:4]	150.993	2.18767	-	-	-	-	G
CHEMBL122054      none	B	[C:1][CX4:2]!@[NX3;"N_lp":3][C:4]	-177.83	5.71656	-	-	-	-	G
CHEMBL122054      none	B	[O-:1][N+:2](=O)!@[c:3]([cH0])[cH,nX2H0:4]	89.982	0.274725	-	-	-	-	O
C65147553      none	B	[OX2:1][CX4:2]!@[CX4:3][N:4]	43.6795	1.66292	-	-	-	-	G
C65147553      none	B	[$([CX3]=O):1][NX3H1:2]!@[CX4H2:3][C:4] 	60.0005	1.1846	-	-	-	-	G
C65147553      none	B	[O:1]=[CX3:2]([$([NX3H1]C)])!@[NX3H1:3][!#1:4]	0.00166615	41.1343	-	-	-	-	G
C65147553      none	B	[O:1]=[CX3:2]([$([NX3H1]C)])!@[NX3H1:3][!#1:4]	-0.00834597	41.1343	-	-	-	-	G
C65147553      none	B	[*:1]~[NX3:2]!@[NX3:3]~[*:4]	150.001	1.2148	-	-	-	-	G
C65147553      none	B	[O:1]=[CX3:2]!@[NX3H1:3][!#1:4]	0.00682767	63.7893	-	-	-	-	G
C65147553      none	B	N[C:2](=[O:1])!@[CH2:3][N:4]	30.0005	5.20833	-	-	-	-	G
C65147553      none	B	[$([CX3]=O):1][NX3H0:2](C)!@[CX4H2:3][C:4]	60.0059	0.600343	-	-	-	-	O
C49450488      none	B	[a:1][c:2]!@[C:3]([NH0])=[O:4]	120.006	4.19444	-	-	-	-	G
C49450488      none	B	[O:1]=[CX3:2](a)!@[NX3H0:3][!#1:4]	150.27	2.50464	-	-	-	-	G
C49450488      none	B	[$(C=O):1][NX3H0:2]!@[CX4H1:3][H:4]	179.641	19.1176	-	-	-	-	G
C51644802      none	B	[$(C=O):1][NX3H1:2]!@[c:3]([cH0]F)[cH:4]	149.988	0	-	-	-	-	R
C51644802      none	B	[O:1]=[CX3:2]!@[NX3H1:3][!#1:4]	-29.9917	0.0303061	-	-	-	-	O
C51644802      none	B	[O:1]=[CX3:2]!@[NX3H0:3][!#1:4]	-29.7182	0.692521	-	-	-	-	O
C51644802      none	B	[C:1][CX4:2]!@[CX3:3]=[O:4]	149.936	1.17362	-	-	-	-	G
C51644802      none	B	[O:1]=[CX3:2]!@[NX3H1:3][!#1:4]	0.0109519	63.7893	-	-	-	-	G
C51644802      none	B	[$(C=O):1][NX3H1:2]!@[CX4H1:3][H:4]	59.9838	6.22422	-	-	-	-	G
C13547961      none	B	[*:1]~[CX4:2]!@[n:3]~[*:4]	29.9964	3.02094	-	-	-	-	G
C13547961      none	B	[OX2:1][CX4:2]!@[CX4:3][OX2:4]	63.2578	14.3222	-	-	-	-	G
C66628320      none	B	[cH0:1][c:2]([cH1])!@[CX3:3]([NX3H0])=[O:4]	-30.0004	1.81818	-	-	-	-	O
C66628320      none	B	[O:1]=[CX3:2](a)!@[NX3H0:3][!#1:4]	-29.6804	1.17502	-	-	-	-	O
C66628320      none	B	[N:1][CX4:2]!@[CX3:3]=[O:4]	1.72736	7.55292	-	-	-	-	G
C66628320      none	B	[O:1]=[CX3:2]!@[NX3H1:3][!#1:4]	-0.00063919	63.7893	-	-	-	-	G
C66628320      none	B	[$([CX3]=O):1][NX3H1:2]!@[CX4H2:3][C:4] 	179.995	6.46594	-	-	-	-	G
C12842186      none	B	[O:1][CX4:2]!@[CX3:3]=[O:4]	-123.331	1.11962	-	-	-	-	O
C12842186      none	B	[O:1]=[CX3:2]!@[NX3H1:3][!#1:4]	-0.00614592	63.7893	-	-	-	-	G
C12842186      none	B	[*:1]~[NX3:2]!@[NX3:3]~[*:4]	-90.0066	3.3545	-	-	-	-	G
C12842186      none	B	[O:1]=[CX3:2]!@[NX3H1:3][!#1:4]	0.0165864	63.7893	-	-	-	-	G
C12842186      none	B	[nH0r6:1][cr6:2]([cH1r6])!@[C:3]([NH1,NH2])=[O:4]	-150	1.10497	-	-	-	-	G
C19814178      none	B	[C:1][CX4H2:2]!@[OX2:3][c:4]	59.9983	0.147399	-	-	-	-	G
C19814178      none	B	[cH1:1][c:2]([cH1])!@[O:3][C:4]	-149.719	0.243246	-	-	-	-	R
C19814178      none	B	[$(C=O):1][NX3H0:2]!@[c:3]([cH1])[cH1:4]	-59.7432	5.10169	-	-	-	-	G
C19814178      none	B	[a:1][c:2]!@[CX3:3]=[CX3H0:4]	90.3067	1.52036	-	-	-	-	G
C19814178      none	B	[c:1][c:2]!@[c:3][s,o,nX3H1:4]	120.586	0.615501	-	-	-	-	O
C19814178      none	B	[O-:1][N+:2](=O)!@[c:3]([cH,nX2H0])[cH,nX2H0:4]	179.981	23.2156	-	-	-	-	G
C24783578      none	B	[!#1:1][CX4H1:2]!@[NX3:3][!#1:4]	89.9917	2.80893	-	-	-	-	G
C24783578      none	B	[a:1][a:2]!@[NX3:3][!#1:4]	-29.9924	1.93298	-	-	-	-	O
C24783578      none	B	[aH0:1][c:2]([aH0])!@[SX2:3][!#1:4]	-119.999	1.95977	-	-	-	-	G
C24783578      none	B	[!#1:1][CX4:2]!@[SX2:3][!#1:4]	59.9957	7.53739	-	-	-	-	G
C24783578      none	B	[!#1:1][CX4H2:2]!@[CX3:3]=[O:4]	60.0042	1.20812	-	-	-	-	G
C24783578      none	B	[O:1]=[CX3:2]!@[NX3H0:3][!#1:4]	-29.7218	0.692521	-	-	-	-	O
C24783578      none	B	[*:1][$(S(=O)=O):2]!@[NX3H0r:3][*:4]	-90.0032	4.88152	-	-	-	-	G
C24783578      none	B	[aH1:1][c:2]([aH1])!@[SX4:3][!#1:4]	-109.715	4.53328	-	-	-	-	G
C52770319      none	B	[c:1][$(S(=O)=O):2]!@[NX3H0:3][C:4]	89.9936	4.81691	-	-	-	-	G
C52770319      none	B	[aH1:1][c:2]([aH1])!@[SX4:3][!#1:4]	150.279	0.260857	-	-	-	-	R
C52770319      none	B	[cH1:1][c:2]([cH1])!@[CX3:3]=[NX2:4]	-120.003	0.897666	-	-	-	-	O
C52770319      none	B	[*:1]~[N,n:2]!@[S:3]~[*:4]	-60.002	4.40087	-	-	-	-	G
C52770319      none	B	[*:1][$(S(=O)=O):2]!@[NX3H0:3][*:4]	89.9966	5.90452	-	-	-	-	G
C23159246      none	B	[a:1][c:2]!@[C:3]([NH0])=[O:4]	-29.9964	2.55556	-	-	-	-	G
C23159246      none	B	[O:1]=[CX3:2](a)!@[NX3H0:3][!#1:4]	-29.666	1.17502	-	-	-	-	O
C23159246      none	B	[a:1][c:2]!@[CX4H1:3][N,O:4]	120.002	3.12238	-	-	-	-	G
C23159246      none	B	[a:1][c:2]!@[C:3]([NH1,NH2])=[O:4]	0.00764052	9.67683	-	-	-	-	G
C37243878      none	B	[O:1]=[CX3:2]!@[NX3H0:3][!#1:4]	-29.9929	0.692521	-	-	-	-	O
C37243878      none	B	[O:1]=[CX3:2]!@[CX3:3]=[O:4]	119.996	1.7301	-	-	-	-	G
C37243878      none	B	[O:1]=[CX3:2]!@[NX3H1:3][!#1:4]	-0.00708744	63.7893	-	-	-	-	G
C37243878      none	B	[$([CX3]=O):1][NX3H1:2]!@[CX4H2:3][C:4] 	60.0016	1.1846	-	-	-	-	G
C37243878      none	B	[!#1:1][CX4:2]!@[CX3H0:3][!#1:4]	29.9963	1.49834	-	-	-	-	G
C49491176      none	B	[a:1][c:2]!@[NX3H1:3][$([CX4r]([C;r])([C;r])):4]	0.0163774	14.4886	-	-	-	-	G
C49491176      none	B	[!#1:1][CX4H1:2]!@[NX3:3][!#1:4]	159.825	3.23353	-	-	-	-	G
C04277788      none	B	[cH1:1][c:2]([cH1])!@[O:3][C:4]	-179.718	26.896	-	-	-	-	G
C04277788      none	B	[cH1:1][c:2]([cH1])!@[CX4H2:3][$([CX4H1]C(=O)O):4]	-89.976	11.5826	-	-	-	-	G
C04277788      none	B	[!#1:1][CX4:2]!@[CX4:3][!#1:4]	-60.0002	12.2558	-	-	-	-	G
C04277788      none	B	[NH1:1][CX4:2]!@[CX3:3]=[O:4]	0.00910838	6.89233	-	-	-	-	G
C04277788      none	B	[$(C=O):1][NX3H1:2]!@[CX4H1:3][H:4]	29.9918	9.46757	-	-	-	-	G
C04277788      none	B	[O:1]=[C:2]!@[O:3]~[C:4]	-0.00207634	74.4927	-	-	-	-	G
C04277788      none	B	[O:1]=[CX3:2]!@[NX3H1:3][!#1:4]	0.00422221	63.7893	-	-	-	-	G
C04277788      none	B	[N:1][CX4:2]!@[CX3:3]=[O:4]	-89.3269	0.479136	-	-	-	-	O
C04277788      none	B	[*:1][$(S(=O)=O):2]!@[NX3H0r:3][*:4]	-90.0045	4.88152	-	-	-	-	G
C04277788      none	B	[O:1]=[CX3:2](a)!@[NX3H0:3][!#1:4]	30.0026	0.896722	-	-	-	-	O
C04277788      none	B	[a:1][c:2]!@[C:3]([NH0])=[O:4]	30.3565	2.13889	-	-	-	-	G
C11180122      none	B	[$(C=O):1][NX3H1:2]!@[c:3]([cH1])[cH1:4]	-150.022	5.07451	-	-	-	-	G
C11180122      none	B	[$(C=O):1][NX3H1:2]!@[c:3]([cH1])[cH1:4]	59.9581	0.402739	-	-	-	-	R
C11180122      none	B	[O:1]=[CX3:2]!@[NX3H1:3][!#1:4]	-0.00465803	63.7893	-	-	-	-	G
C11180122      none	B	[a:1][c:2]!@[C:3]([NH1,NH2])=[O:4]	30.3074	4.93827	-	-	-	-	O
C11180122      none	B	[O:1]=[CX3:2]!@[NX3H1:3][!#1:4]	-0.0176013	63.7893	-	-	-	-	G
C11180122      none	B	[O:1]=[CX3:2]([NH1])!@[CH2:3][C:4]	90.0109	2.11706	-	-	-	-	O
C11180122      none	B	[!#1:1][CX4H2:2]!@[CX4H2:3][!#1:4]	179.999	58.554	-	-	-	-	G
C11180122      none	B	[$(S(=O)(=O)):1][NX3H1:2]!@[CX4H2:3][!#1:4]	-149.997	7.72532	-	-	-	-	G
C11180122      none	B	[c:1][$(S(=O)=O):2]!@[NX3H1:3][C:4]	59.9963	14.5215	-	-	-	-	G
C11180122      none	B	[aH1:1][c:2]([aH1])!@[SX4:3][!#1:4]	90.2665	12.916	-	-	-	-	G
C65763081      none	B	[O:1]=[CX3:2]!@[NX3H1:3][!#1:4]	-0.00414963	63.7893	-	-	-	-	G
C65763081      none	B	[$(C=O):1][NX3H1:2]!@[c:3]([cH1])[cH1:4]	90.0059	0.0402739	-	-	-	-	R
C65763081      none	B	[cH1:1][c:2]([cH0])!@[CX3x0:3]=[NX2:4]	150.281	0.0708968	-	-	-	-	G
C65763081      none	B	[*:1]~[N,n:2]!@[S:3]~[*:4]	29.9993	2.49131	-	-	-	-	G
C65763081      none	B	[aH1:1][c:2]([aH1])!@[SX4:3][!#1:4]	90.2698	12.916	-	-	-	-	G
C65763081      none	B	[O-:1][N+:2](=O)!@[c:3]([cH,nX2H0])[cH,nX2H0:4]	-179.83	23.2156	-	-	-	-	G
C03852692      none	B	[a:1][c:2]!@[CX4H2:3][!#1:4]	150.028	1.43221	-	-	-	-	O
C03852692      none	B	[$([C](=O)):1][NX3H0:2]!@[CX4H2:3][$([c]([cH,nX2H0])[cH,nX2H0]):4]	89.7185	13.6858	-	-	-	-	G
C03852692      none	B	[C:1][CX4:2]!@[NX3:3][C:4]	145.94	2.18767	-	-	-	-	G
C03852692      none	B	[OX2:1][CX4:2]!@[CX4:3][OX2:4]	176.82	13.4277	-	-	-	-	G
C54397473      none	B	[a:1][c:2]!@[NX3H1:3][$([CX4r]([C;r])([C;r])):4]	-59.967	0.568182	-	-	-	-	R
C54397473      none	B	[*:1]~[CX3:2]!@[cX3:3]~[*:4]	-120.007	1.20163	-	-	-	-	O
C54397473      none	B	[!#1:1][CX4H1:2]!@[NX3:3][!#1:4]	-177.809	2.80076	-	-	-	-	G
C20636244      none	B	[cH0:1][c:2]!@[CX4H1:3][CX4:4]	120.422	7.01281	-	-	-	-	G
C06424975      none	B	[nX2:1][c:2]([nX2])!@[O:3][C:4]	0.273876	40.7895	-	-	-	-	G
C06424975      none	B	[*:1]~[CX4:2]!@[n:3]~[*:4]	-149.998	3.13346	-	-	-	-	G
C06424975      none	B	[CX3:1]=[CX3:2]!@[CH2:3][OX2:4]	29.9963	0.610687	-	-	-	-	O
C67489663      none	B	[a:1][c:2]!@[C:3]([NH1,NH2])=[O:4]	-59.9913	0.499274	-	-	-	-	G
C67489663      none	B	[O:1]=[CX3:2]!@[NX3H1:3][!#1:4]	-0.00241794	63.7893	-	-	-	-	G
C67489663      none	B	[$(C=O):1][NX3H1:2]!@[CX4H1:3][H:4]	29.9983	9.46757	-	-	-	-	G
C01913364      none	B	[a:1][c:2]!@[CX4H2:3][a:4]	60.0167	2.89474	-	-	-	-	G
C01913364      none	B	[!#1:1][CH2:2]!@[n:3][cH0:4]	89.9965	14.7896	-	-	-	-	G
C01913364      none	B	[$([C](=O)):1][NX3H1:2]!@[$([a]([nH0,o])):3][cH1:4]	-60.0109	0	-	-	-	-	R
C01913364      none	B	[O:1]=[CX3:2]!@[NX3H1:3][!#1:4]	-0.00813773	63.7893	-	-	-	-	G
C01913364      none	B	[!#1:1][CX4H2:2]!@[CX3:3]=[O:4]	30.0071	3.68098	-	-	-	-	G
C01913364      none	B	[!#1:1][CX4:2]!@[SX2:3][!#1:4]	90.0018	2.8728	-	-	-	-	G
C01913364      none	B	[aH1:1][c:2]([aH0])!@[SX2:3][!#1:4]	180	3.11284	-	-	-	-	G
C38793974      none	B	[H:1][CX4H1:2]!@[SX4:3][!#1:4]	-59.992	12.2108	-	-	-	-	G
C38793974      none	B	[OX2:1][CX4:2]!@[CX4:3][N:4]	-34.7611	0.404494	-	-	-	-	O
C38793974      none	B	[$(S(=O)(=O)):1][NX3H1:2]!@[CX4H2:3][!#1:4]	119.998	2.14592	-	-	-	-	O
C38793974      none	B	[c:1][$(S(=O)=O):2]!@[NX3H1:3][C:4]	-59.9938	13.7514	-	-	-	-	G
C38793974      none	B	[aH1:1][c:2]([aH1])!@[SX4:3][!#1:4]	90.267	12.916	-	-	-	-	G
C24902955      none	B	[a:1][c:2]!@[CX4H1:3][N,O:4]	150.006	3.7643	-	-	-	-	G
C24902955      none	B	[a:1][c:2]!@[CX4H1:3][N,O:4]	-89.728	1.29082	-	-	-	-	G
C24902955      none	B	[$(C=O):1][NX3H1:2]!@[CX4H1:3][H:4]	-31.9908	6.97413	-	-	-	-	G
C24902955      none	B	[O:1]=[CX3:2]!@[NX3H1:3][!#1:4]	-0.00674346	63.7893	-	-	-	-	G
C24902955      none	B	[OX2:1][CX4H2:2]!@[CX3:3]([$([NX3H1,NX3H2])])=[O:4]	-29.9965	1.07143	-	-	-	-	O
C24902955      none	B	[$(C=O):1][O:2]!@[CH2:3]~[C:4]	-90.0053	4.43359	-	-	-	-	G
C24902955      none	B	[O:1]=[C:2]!@[O:3]~[C:4]	-29.9947	0.0890388	-	-	-	-	R
C24902955      none	B	[cH1:1][c:2]([cH1])!@[CX3:3]=[O:4]	0.285238	14.2319	-	-	-	-	G
C24902955      none	B	[aH1:1][c:2]([aH1])!@[SX4:3][!#1:4]	90.0009	12.916	-	-	-	-	G
C24902955      none	B	[c:1][$(S(=O)=O):2]!@[NX3H1:3][C:4]	59.9972	14.5215	-	-	-	-	G
C24902955      none	B	[$(S(=O)(=O)):1][NX3H1:2]!@[CX4H2:3][!#1:4]	-119.997	2.14592	-	-	-	-	O
C24902955      none	B	[!#1:1][CX4H2:2]!@[CX4H2:3][!#1:4]	180	58.554	-	-	-	-	G
C46020340      none	B	[a:1][c:2]!@[CX4H2:3][!#1:4]	45.0018	2.0463	-	-	-	-	O
C46020340      none	B	[!#1:1][CX4H2:2]!@[NX3H1:3][!#1:4]	-149.993	1.95018	-	-	-	-	O
C46020340      none	B	[a:1][a:2]!@[NX3:3][!#1:4]	160.298	2.58602	-	-	-	-	G
C46020340      none	B	[a:1][c:2]!@[CX4H2:3][!#1:4]	90.0034	7.24386	-	-	-	-	G
C46020340      none	B	[!#1:1][CX4H2:2]!@[NX3;"N_lp":3][!#1:4]	64.3084	4.96553	-	-	-	-	G
C46020340      none	B	[cH1,nX2H0:1][c:2]([cH1,nX2H0])!@[NX3r:3][*:4]	59.9927	2.78062	-	-	-	-	O
C56214129      none	B	[O:1]=[CX3:2]!@[NX3H1:3][!#1:4]	0.0004034	63.7893	-	-	-	-	G
C56214129      none	B	[$(C=O):1][NX3H1:2]!@[CX4H1:3][H:4]	31.9912	9.46757	-	-	-	-	G
C56214129      none	B	[!#1:1][CX4:2]!@[CX4:3][!#1:4]	179.99	22.1548	-	-	-	-	G
C56214129      none	B	[a:1][c:2]!@[CX4H1:3][N,O:4]	-59.9987	3.48172	-	-	-	-	G
C56214129      none	B	[C:1][CX4H2:2]!@[CX3:3]=[O:4]	90.0044	1.30773	-	-	-	-	O
C56214129      none	B	[*:1]~[CX3:2]!@[NX2:3]~[*:4]	-59.9988	0.126195	-	-	-	-	G
C52794246      none	B	[*:1]~[NX3:2]!@[OX2:3]~[*:4]	-79.9985	1.25757	-	-	-	-	G
C52794246      none	B	[c:1][$(S(=O)=O):2]!@[NX3H0:3][C:4]	59.9977	7.00418	-	-	-	-	G
C52794246      none	B	[aH1:1][c:2]([aH1])!@[SX4:3][!#1:4]	70.2739	5.04089	-	-	-	-	G
C52794246      none	B	[cH1:1][c:2]([cH1])!@[CX3:3]=[NX2:4]	90.0031	0.468781	-	-	-	-	O
C52794246      none	B	[*:1]~[N,n:2]!@[S:3]~[*:4]	-60.0048	4.40087	-	-	-	-	G
C52794246      none	B	[*:1][$(S(=O)=O):2]!@[NX3H0r:3][*:4]	60.2714	7.32227	-	-	-	-	G
C06855991      none	B	[CX3:1]=[CX3:2]!@[CH2:3][!#1:4]	90.0004	5.15376	-	-	-	-	G
C06855991      none	B	[$([CX3]=O):1][NX3H0:2](C)!@[CX4H2:3][C:4]	89.9926	14.7513	-	-	-	-	G
C06855991      none	B	[!#1:1][CX4:2]!@[CX4:3][!#1:4]	180	22.1548	-	-	-	-	G
C06855991      none	B	[*:1]~[cX3:2]!@[NX2:3]~[*:4]	-119.73	1.40635	-	-	-	-	O
C06855991      none	B	[O:1]=[CX3:2]([NH1])!@[CH2:3][C:4]	-150.001	0	-	-	-	-	R
C06855991      none	B	[O:1]=[CX3:2]!@[NX3H1:3][!#1:4]	0.000312072	63.7893	-	-	-	-	G
C06855991      none	B	[$([CX3]=O):1][NX3H1:2]!@[CX4H2:3][C:4] 	179.999	6.46594	-	-	-	-	G
C06855991      none	B	[NH1:1][CX4:2]!@[CX3:3]=[O:4]	-120.004	0.275693	-	-	-	-	G
C49591741      none	B	[O-:1][N+:2](=O)!@[c:3][a:4]	-0.0139863	18.5814	-	-	-	-	G
C49591741      none	B	[a:1][c:2]!@[C:3]([NH1,NH2])=[O:4]	30.0047	4.93827	-	-	-	-	O
C49591741      none	B	[O:1]=[CX3:2]!@[NX3H1:3][!#1:4]	0.00528648	63.7893	-	-	-	-	G
C49591741      none	B	[$(C=O):1][NX3H1:2]!@[c:3](s)[n:4]	-0.00754634	0.574713	-	-	-	-	R
C49591741      none	B	[a:1][a:2]!@[CX3:3]=[CX3H1:4]	89.9955	0.399663	-	-	-	-	O
C49591741      none	B	[*^2:1]~[C^2:2]([!H])!@[C^2:3]~[*^2:4]	0.0068054	20.0453	-	-	-	-	G
C62174694      none	B	[*:1]~[CX4:2]!@[NX4:3]~[*:4]	-59.9232	15.3415	-	-	-	-	G
C62174694      none	B	[C:1][CX4:2]!@[NX3;"N_lp":3][C:4]	-39.4475	0.821028	-	-	-	-	O
C53162785      none	B	[a:1][c:2]!@[NX3H1:3][$([CX4r]([C;r])([C;r])):4]	-89.997	0	-	-	-	-	R
C53162785      none	B	[O-:1][N+:2](=O)!@[c:3]([cH0])[cH,nX2H0:4]	90.0166	0.274725	-	-	-	-	O
C53162785      none	B	[!#1:1][CX4H1:2]!@[NX3:3][!#1:4]	-158.493	2.4687	-	-	-	-	G
C20906572      none	B	[cH1:1][c:2]([cH1])!@[CX3:3]=[NX2:4]	-0.00246043	14.4225	-	-	-	-	G
C20906572      none	B	[*:1]~[NX3:2]!@[NX2:3]~[*:4]	-149.998	0.364964	-	-	-	-	O
C20906572      none	B	[a:1][a:2]!@[NX3:3][!#1:4]	30.31	1.9288	-	-	-	-	O
C20906572      none	B	[aH0:1][c:2]([aH0])!@[SX2:3][!#1:4]	120.006	1.75348	-	-	-	-	G
C20906572      none	B	[!#1:1][CX4:2]!@[SX2:3][!#1:4]	60.0037	7.53739	-	-	-	-	G
C20906572      none	B	[!#1:1][CX4:2]!@[CX3H0:3][!#1:4]	-89.9975	2.97335	-	-	-	-	G
C20906572      none	B	[*:1]~[cX3:2]!@[NX2:3]~[*:4]	0.297905	14.1132	-	-	-	-	G
C16156540      none	B	[$([cH0]([CX3])):1][c:2]([cH1])!@[O:3][C:4]	89.9815	0.868056	-	-	-	-	G
C16156540      none	B	[a:1][c:2]!@[CX3:3]=[CX3H0:4]	59.9992	3.25561	-	-	-	-	G
C16156540      none	B	[$(C=O):1][NX3H0:2]!@[c:3]([cH1])[cH1:4]	120.243	4.98104	-	-	-	-	G
C16156540      none	B	[O-:1][N+:2](=O)!@[c:3]([cH,nX2H0])[cH,nX2H0:4]	179.978	23.2156	-	-	-	-	G
C16156540      none	B	[c:1][CX4H2:2]!@[OX2:3][c:4]	-150.001	1.12166	-	-	-	-	R
C16156540      none	B	[a:1][c:2]!@[CX4H2:3][!#1:4]	0.278603	2.24426	-	-	-	-	O
C59880082      none	B	[a:1][c:2]!@[CX4H1:3][H:4]	-29.9945	3.94031	-	-	-	-	G
C59880082      none	B	[!#1:1][CX4:2]!@[SX2:3][!#1:4]	-80.0027	6.01214	-	-	-	-	G
C59880082      none	B	[aH0:1][c:2]([aH0])!@[SX2:3][!#1:4]	-0.000891754	13.1253	-	-	-	-	G
C59880082      none	B	[a:1][c:2]!@[CX4H2:3][!#1:4]	-89.9968	7.30446	-	-	-	-	G
C59880082      none	B	[!#1:1][CX4H2:2]!@[NX3H1:3][!#1:4]	179.999	11.3535	-	-	-	-	G
C59880082      none	B	[cH1:1][c:2]([cH1])!@[NX3:3][CX4:4]	-179.712	14.7347	-	-	-	-	G
C59880082      none	B	[cH1:1][c:2]([cH1])!@[O:3][C:4]	0.00183859	26.3009	-	-	-	-	G
C17109256      none	B	[cH1:1][c:2]([cH1])!@[CX4H2:3][CX4:4]	-89.9693	11.9355	-	-	-	-	G
C17109256      none	B	[!#1:1][CX4:2]!@[CX4:3][!#1:4]	179.997	22.1548	-	-	-	-	G
C17109256      none	B	[a:1][c:2]!@[CX4H1:3][N,O:4]	-150.001	3.72593	-	-	-	-	G
C49548141      none	B	[*:1]~[CX3:2]!@[cX3:3]~[*:4]	90.0027	0.745822	-	-	-	-	O
C49548141      none	B	[$(C=O):1][NX3H0:2]!@[c:3]([s,o])[n:4]	0.316546	0	-	-	-	-	G
C49548141      none	B	[$(C=O):1][NX3H0:2]!@[CX4H2:3][!#1:4]	-90.0017	14.1466	-	-	-	-	G
C49548141      none	B	[O:1]=[C:2]!@[NX3H0:3]([a:4])[A]	179.997	18.3322	-	-	-	-	G
C49548141      none	B	[OX2:1][CX4H2:2]!@[CX4H2:3][N:4]	179.996	8.36763	-	-	-	-	G
C49548141      none	B	[C:1][CH2:2]!@[O:3][CX4:4]	179.996	35.2689	-	-	-	-	G
C49548141      none	B	[*:1]~[cX3:2]!@[NX2:3]~[*:4]	-59.6787	1.53044	-	-	-	-	O
C49548141      none	B	[a:1][c:2]!@[CX4H1:3][N,O:4]	151.195	3.7643	-	-	-	-	G
C59639802      none	B	[cH0:1][c:2]!@[CX4H2:3][N,O,S:4]	-134.999	0.856458	-	-	-	-	G
C59639802      none	B	[!#1:1][CH2:2]!@[n:3][cH0:4]	-89.9936	15.4696	-	-	-	-	G
C59639802      none	B	[!#1:1][CX4H2:2]!@[CX3:3]=[O:4]	119.996	0.613497	-	-	-	-	G
C59639802      none	B	[O:1]=[CX3:2]!@[NX3H1:3][!#1:4]	-0.00189175	63.7893	-	-	-	-	G
C59639802      none	B	[*:1]~[NX3:2]!@[NX2:3]~[*:4]	60.0005	0.141276	-	-	-	-	R
C59639802      none	B	[cH1:1][c:2]([cH0])!@[CX3x0:3]=[NX2:4]	-89.7198	0.0354484	-	-	-	-	R
C59639802      none	B	[O-:1][N+:2](=O)!@[c:3]([cH0])[cH,nX2H0:4]	90.2214	0.274725	-	-	-	-	O
C59639802      none	B	[*:1][CX4:2]!@[O:3][CX4:4]	-159.999	2.38538	-	-	-	-	G
C43942292      none	B	[cH0:1][c:2]([cH1])!@[O:3][C:4]	89.9995	0.6255	-	-	-	-	R
C43942292      none	B	[$(C=O):1][NX3:2]!@[$([a]([cH1])):3][$([aH0](!@O)):4]	119.997	1.95122	-	-	-	-	O
C43942292      none	B	[O:1]=[CX3:2]!@[NX3H1:3][!#1:4]	0.00710122	63.7893	-	-	-	-	G
C43942292      none	B	[O:1]=[CX3:2]!@[CX3:3]=[O:4]	179.999	38.5813	-	-	-	-	G
C43942292      none	B	[O:1]=[CX3:2]!@[NX3H1:3][!#1:4]	0.00212522	63.7893	-	-	-	-	G
C43942292      none	B	[$([CX3]=O):1][NX3H1:2]!@[CX4H2:3][C:4] 	89.9979	7.35439	-	-	-	-	G
C43942292      none	B	[!#1:1][CX4:2]!@[CX4:3][!#1:4]	-179.929	22.1548	-	-	-	-	G
C43942292      none	B	[O:1]=[CX3:2](a)!@[NX3H0:3][!#1:4]	180	9.67842	-	-	-	-	G
C43942292      none	B	[cH0:1][c:2]([cH1])!@[CX3:3]([NX3H0])=[O:4]	89.9906	5.09091	-	-	-	-	G
C43942292      none	B	[cH0:1][c:2]([nX2])!@[O:3][C:4]	180	62.7507	-	-	-	-	G
C63498617      none	B	[$(C=O):1][NX3:2]!@[a:3][aH0:4]	-150.007	1.98526	-	-	-	-	O
C63498617      none	B	[O:1]=[CX3:2]!@[NX3H1:3][!#1:4]	0.0129642	63.7893	-	-	-	-	G
C63498617      none	B	[cH1:1][c:2]([cH1])!@[C:3]([NH1,NH2])=[O:4]	-90.0112	0	-	-	-	-	R
C63498617      none	B	[cH1:1][a:2]([cH1])!@[a:3]([sX2,o,nX2H0,nX3H1:4])([cH1])	179.996	11.5003	-	-	-	-	G
C48869461      none	B	[O:1]=[CX3:2]!@[NX3H1:3][!#1:4]	-0.00816024	63.7893	-	-	-	-	G
C48869461      none	B	[$(C=O):1][NX3H1:2]!@[c:3](s)[n:4]	-179.664	66.092	-	-	-	-	G
C48869461      none	B	[cH1:1][c:2]([nX2])!@[CX3:3]=[NX2:4]	-150.014	0.527009	-	-	-	-	O
C48869461      none	B	[*:1]~[N,n:2]!@[S:3]~[*:4]	59.9994	4.33354	-	-	-	-	G
C48869461      none	B	[*:1][$(S(=O)=O):2]!@[NX3H0r:3][*:4]	120.316	1.23223	-	-	-	-	O
C12971871      none	B	[cH1:1][c:2]([cH1])!@[C:3]([NH1,NH2])=[O:4]	-26.9824	8.39053	-	-	-	-	G
C12971871      none	B	[aH0:1][c:2]([aH1])!@[SX4:3][!#1:4]	-64.9952	12.9458	-	-	-	-	G
C12971871      none	B	[*:1][$(S(=O)=O):2]!@[NX3H0r:3][*:4]	120.278	1.23223	-	-	-	-	O
C12971871      none	B	[O:1]=[CX3:2]!@[NX3H1:3][!#1:4]	0.00243535	63.7893	-	-	-	-	G
C12971871      none	B	[*:1]~[NX3:2]!@[NX3:3]~[*:4]	90.0001	3.54776	-	-	-	-	G
C12971871      none	B	[O:1]=[CX3:2]!@[NX3H1:3][!#1:4]	-0.00174273	63.7893	-	-	-	-	G
C12971871      none	B	[!#1:1][CX4H2:2]!@[CX3:3]=[O:4]	149.999	0.887211	-	-	-	-	O
C12971871      none	B	[!#1:1][CH2:2]!@[n:3][cH0:4]	-179.693	0.148746	-	-	-	-	R
C50467855      none	B	[a:1][c:2]!@[CX4H2:3][!#1:4]	-135.006	1.61199	-	-	-	-	O
C50467855      none	B	[$(C=O):1][NX3H1:2]!@[CX4H2:3][!#1:4]	-119.997	2.75265	-	-	-	-	O
C50467855      none	B	[O:1]=[CX3:2]!@[NX3H1:3][!#1:4]	-0.000488607	63.7893	-	-	-	-	G
C50467855      none	B	[!#1:1][CX4H2:2]!@[CX3:3]=[O:4]	150.008	0.887211	-	-	-	-	O
C50467855      none	B	[!#1:1][CH2:2]!@[n:3][a:4]	-134.682	0.908865	-	-	-	-	O
C48487275      none	B	[*:1]~[CX3:2]!@[cX3:3]~[*:4]	149.992	2.32505	-	-	-	-	O
C48487275      none	B	[*:1]~[N,n:2]!@[S:3]~[*:4]	60.0093	4.33354	-	-	-	-	G
C39114409      none	-	-	-	-	-	-	-	-	-
C38038391      none	B	[!#1:1][CH2:2]!@[n:3][a:4]	-45.0017	0.63496	-	-	-	-	O
C38038391      none	B	[!#1:1][CX4H2:2]!@[CX3:3]=[O:4]	-89.9987	1.11373	-	-	-	-	G
C38038391      none	B	[O:1]=[CX3:2]!@[NX3H1:3][!#1:4]	0.00500045	63.7893	-	-	-	-	G
C38038391      none	B	[$([CX3]=O):1][NX3H1:2]!@[CX4H2:3][C:4] 	89.9941	7.35439	-	-	-	-	G
C38038391      none	B	N[C:2](=[O:1])!@[CH2:3][N:4]	-149.998	2.38095	-	-	-	-	G
C09889699      none	B	[aH1:1][c:2]([aH1])!@[SX4:3][!#1:4]	109.998	4.92809	-	-	-	-	G
C09889699      none	B	[cH1:1][c:2]([cH1])!@[C:3]([NH1,NH2])=[O:4]	26.9916	8.08167	-	-	-	-	G
C09889699      none	B	[O:1]=[CX3:2]!@[NX3H1:3][!#1:4]	-0.00056516	63.7893	-	-	-	-	G
C09889699      none	B	[*:1]~[NX3:2]!@[NX3:3]~[*:4]	-150.004	1.86361	-	-	-	-	G
C09889699      none	B	[O:1]=[CX3:2]!@[NX3H1:3][!#1:4]	0.00484558	63.7893	-	-	-	-	G
C09889699      none	B	[O:1]=[CX3:2]!@[CX3:3]=[O:4]	120.004	1.7301	-	-	-	-	G
C09889699      none	B	[O:1]=[CX3:2]!@[NX3H1:3][!#1:4]	-0.00794291	63.7893	-	-	-	-	G
C09889699      none	B	[$(C=O):1][NX3H1:2]!@[CX4H1:3][H:4]	59.9994	6.22422	-	-	-	-	G
C09889699      none	B	[*:1][$(S(=O)=O):2]!@[NX3H0r:3][*:4]	-89.7171	4.88152	-	-	-	-	G
C21876876      none	B	[cH1:1][c:2]([cH1])!@[C:3]([NH1,NH2])=[O:4]	153.025	9.05971	-	-	-	-	G
C21876876      none	B	[O:1]=[CX3:2]!@[NX3H1:3][!#1:4]	0.00642902	63.7893	-	-	-	-	G
C21876876      none	B	[*:1]~[NX3:2]!@[NX3:3]~[*:4]	179.992	7.3164	-	-	-	-	G
C21876876      none	B	[O:1]=[CX3:2]!@[NX3H1:3][!#1:4]	0.00322344	63.7893	-	-	-	-	G
C21876876      none	B	N[C:2](=[O:1])!@[CH2:3][N:4]	150.005	3.125	-	-	-	-	G
C21876876      none	B	[$([CX3]=O):1][NX3H1:2]!@[CX4H2:3][C:4] 	-60.0045	1.43139	-	-	-	-	G
C21876876      none	B	[O:1]=[CX3:2]!@[NX3H1:3][!#1:4]	0.000590963	63.7893	-	-	-	-	G
C21876876      none	B	[cH1:1][c:2]([cH1])!@[C:3]([NH1,NH2])=[O:4]	-153	8.78518	-	-	-	-	G
C21876876      none	B	[$(C=O):1][NX3H0:2]!@[c:3]([cH1])[cH1:4]	29.9751	1.15477	-	-	-	-	G
C16952677      none	-	-	-	-	-	-	-	-	-
C48846403      none	B	[N:1][CX4:2]!@[CX3:3]=[O:4]	-120.373	0.897291	-	-	-	-	G
C48846403      none	B	[*:1]~[CX4:2]!@[NX4:3]~[*:4]	159.998	1.9368	-	-	-	-	G
C48846403      none	B	[*:1]~[CX4:2]!@[NX4:3]~[*:4]	179.999	15.0612	-	-	-	-	G
C48846403      none	B	N[C:2](=[O:1])!@[CH2:3][N:4]	-0.00424181	9.82143	-	-	-	-	G
C48846403      none	B	[O:1]=[CX3:2]!@[NX3H0:3][!#1:4]	-179.71	18.2537	-	-	-	-	G
C01159355      none	B	[cH0:1][c:2]([cH1])!@[O:3][C:4]	119.999	0.35639	-	-	-	-	R
C01159355      none	B	[C:1][CX4H2:2]!@[OX2:3][c:4]	-59.9999	0.252685	-	-	-	-	G
C01159355      none	B	[O:1][CX4:2]!@[CX3:3]=[O:4]	-59.9967	0.530348	-	-	-	-	O
C01159355      none	B	[O:1]=[CX3:2]!@[NX3H0:3][!#1:4]	30.2821	0.680979	-	-	-	-	O
C01159355      none	B	[C:1][CX4:2]!@[CX3:3]=[O:4]	-30.032	3.42621	-	-	-	-	G
C40508354      none	B	[aH1:1][c:2]([aH1])!@[SX4:3][!#1:4]	-110.002	4.53328	-	-	-	-	G
C40508354      none	B	[*:1][$(S(=O)=O):2]!@[NX3H0r:3][*:4]	60.3106	7.32227	-	-	-	-	G
C40508354      none	B	[N:1][CX4:2]!@[CX3:3]=[O:4]	-58.9011	1.63777	-	-	-	-	G
C40508354      none	B	[O:1]=[CX3:2]!@[NX3H0:3][!#1:4]	30.2767	0.680979	-	-	-	-	O
C15737431      none	B	[C:1][CX4H2:2]!@[OX2:3][c:4]	150.001	0.884397	-	-	-	-	O
C15737431      none	B	[cH1:1][c:2]([cH1])!@[O:3][C:4]	-149.72	0.243246	-	-	-	-	R
C15737431      none	B	[aH1:1][c:2]([aH1])!@[SX4:3][!#1:4]	-90.0051	12.5987	-	-	-	-	G
C15737431      none	B	[c:1][$(S(=O)=O):2]!@[NX3H1:3][c:4]	60.0045	16.9521	-	-	-	-	G
C15737431      none	B	[$(S(=O)(=O)):1][NH1:2]!@[c:3]([cH1])[cH1:4]	59.9977	3.17797	-	-	-	-	G
C15737431      none	B	[cH1:1][c:2]([cH1])!@[C:3]([NH1,NH2])=[O:4]	-152.971	8.78518	-	-	-	-	G
C15737431      none	B	[O:1]=[CX3:2]!@[NX3H1:3][!#1:4]	-0.0162048	63.7893	-	-	-	-	G
C15737431      none	B	[*:1]~[NX3:2]!@[NX3:3]~[*:4]	180	7.3164	-	-	-	-	G
C15737431      none	B	[O:1]=[CX3:2]!@[NX3H1:3][!#1:4]	0.00745855	63.7893	-	-	-	-	G
C15737431      none	B	[*^2:1]~[C^2:2]([!H])!@[C^2:3]~[*^2:4]	120.265	0.806964	-	-	-	-	G
C33141526      none	B	[cH1:1][c:2]([cH1])!@[O:3][C:4]	-179.726	26.896	-	-	-	-	G
C33141526      none	B	[a:1][c:2]!@[CX4H2:3][!#1:4]	134.991	1.8443	-	-	-	-	O
C33141526      none	B	[$(C=O):1][NX3H1:2]!@[CX4H2:3][$([c]([cH,nX2H0])[cH,nX2H0]):4]	120.003	2.53165	-	-	-	-	G
C33141526      none	B	[O:1]=[CX3:2]!@[NX3H1:3][!#1:4]	-0.00416265	63.7893	-	-	-	-	G
C33141526      none	B	[!#1:1][CX4H2:2]!@[CX3:3]=[O:4]	-120.009	0.59462	-	-	-	-	G
C33141526      none	B	[!#1:1][CH2:2]!@[n:3][cH0:4]	-89.9921	15.4696	-	-	-	-	G
C33141526      none	B	[a:1][a:2]!@[NX3:3][!#1:4]	-179.732	11.4213	-	-	-	-	G
C33141526      none	B	[C:1][CX4:2]!@[CX3:3]=[O:4]	-119.937	3.42432	-	-	-	-	G
C33141526      none	B	[O:1]=[CX3:2]!@[NX3H1:3][!#1:4]	-0.00749442	63.7893	-	-	-	-	G
C33141526      none	B	[$(C=O):1][NX3H1:2]!@[CX4H1:3][H:4]	60.0071	6.22422	-	-	-	-	G
C37693306      none	B	[cH1,n:1][c:2]!@[O:3][CRH1:4]	-89.9919	0.203252	-	-	-	-	R
C37693306      none	B	[cH0:1][c:2]!@[CX4H2:3][N,O,S:4]	134.998	0.685166	-	-	-	-	G
C37693306      none	B	[O-:1][N+:2](=O)!@[c:3]([cH,nX2H0])[cH,nX2H0:4]	179.976	23.2156	-	-	-	-	G
C37693306      none	B	[H:1][CX4H1:2]!@[OX2:3][!#1:4]	-60.0026	2.37856	-	-	-	-	G
C17064406      none	B	[a:1][a:2]!@[NX3:3][!#1:4]	30.002	1.9288	-	-	-	-	O
C17064406      none	B	[*:1]~[CX4:2]!@[n:3]~[*:4]	179.999	3.53397	-	-	-	-	G
C17064406      none	B	[!#1:1][CX4:2]!@[CX4:3][!#1:4]	39.9954	0.998355	-	-	-	-	G
C40149938      none	B	[OX2:1][CX4:2]!@[CX4:3][N:4]	81.1912	3.55056	-	-	-	-	O
C40149938      none	B	[$([CX3]=O):1][NX3H1:2]!@[CX4H2:3][C:4] 	60.001	1.1846	-	-	-	-	G
C40149938      none	B	[O:1]=[CX3:2]([$([NX3H1]C)])!@[NX3H1:3][!#1:4]	0.00510062	41.1343	-	-	-	-	G
C40149938      none	B	[O:1]=[CX3:2]([$([NX3H1]C)])!@[NX3H1:3][!#1:4]	-0.00478976	41.1343	-	-	-	-	G
C40149938      none	B	[$([CX3]=O):1][NX3H1:2]!@[CX4H2:3][C:4] 	-90.001	7.35439	-	-	-	-	G
C40149938      none	B	N[C:2](=[O:1])!@[CH2:3][N:4]	179.999	8.33333	-	-	-	-	G
C40149938      none	B	[O:1]=[CX3:2]!@[NX3H1:3][!#1:4]	0.000572556	63.7893	-	-	-	-	G
C40149938      none	B	[$(C=O):1][NX3H1:2]!@[CX4H1:3][H:4]	29.9994	9.46757	-	-	-	-	G
C28284041      none	B	[aH0:1][c:2]([aH1])!@[SX4:3][!#1:4]	-110.019	1.0568	-	-	-	-	O
C28284041      none	B	[c:1][$(S(=O)=O):2]!@[NX3H1:3][C:4]	89.9995	2.64026	-	-	-	-	G
C28284041      none	B	[$(S(=O)(=O)):1][NX3H1:2]!@[CX4H1:3][H:4]	-0.00440049	7.36648	-	-	-	-	G
C28284041      none	B	[$(C=O):1][NX3H0:2]!@[CX4H1:3][H:4]	-0.00960516	15.8824	-	-	-	-	G
C58840685      none	B	[OX2:1][CX4:2]!@[CX4:3][N:4]	-55.7633	14.8764	-	-	-	-	G
C58840685      none	B	[$([CX3]=O):1][NX3H1:2]!@[CX4H2:3][C:4] 	-120.002	2.61599	-	-	-	-	O
C58840685      none	B	[O:1]=[CX3:2]!@[NX3H1:3][!#1:4]	0.000391833	63.7893	-	-	-	-	G
C58840685      none	B	[O:1]=[CX3:2]([NH1])!@[CH2:3][C:4]	-0.00307503	11.7061	-	-	-	-	G
C58840685      none	B	[!#1:1][CX4H2:2]!@[CX4H2:3][!#1:4]	60.005	3.99483	-	-	-	-	G
C58840685      none	B	[O:1]=[CX3:2]([NH1])!@[CH2:3][C:4]	-120.002	0.124533	-	-	-	-	O
C58840685      none	B	[O:1]=[CX3:2]!@[NX3H1:3][!#1:4]	-0.00345813	63.7893	-	-	-	-	G
C38208273      none	B	[cH1,n:1][c:2]!@[O:3][CRH1:4]	89.9996	0.203252	-	-	-	-	R
C38208273      none	B	[H:1][CX4H1:2]!@[OX2:3][!#1:4]	119.997	0	-	-	-	-	R
C38208273      none	B	[OX2:1][CX4:2]!@[CX4:3][OX2:4]	-82.9065	2.4811	-	-	-	-	O
C66370846      none	B	[c:1][c:2]!@[c:3][s,o,nX3H1:4]	160.003	3.02726	-	-	-	-	G
C66370846      none	B	[a:1][c:2]!@[C:3]([NH0])=[O:4]	-60.0033	3.63889	-	-	-	-	G
C66370846      none	B	[O:1]=[CX3:2](a)!@[NX3H0:3][!#1:4]	150.285	2.50464	-	-	-	-	G
C66370846      none	B	[C:1][CX4:2]!@[CX3:3]=[O:4]	-119.875	3.42432	-	-	-	-	G
C38030638      none	B	[*:1][$(S(=O)=O):2]!@[NX3H0r:3][*:4]	60.002	7.32227	-	-	-	-	G
C38030638      none	B	[*:1][$(S(=O)=O):2]!@[NX3H1:3][*:4]	89.9955	4.90782	-	-	-	-	G
C38030638      none	B	[$(S(=O)(=O)):1][NH1:2]!@[c:3]([cH1])[cH1:4]	59.6855	3.17797	-	-	-	-	G
C38030638      none	B	[!#1:1][CH2:2]!@[n:3][a:4]	-90.0008	13.2844	-	-	-	-	G
C38030638      none	B	[!#1:1][CX4H2:2]!@[CX3:3]=[O:4]	-150.002	0.689004	-	-	-	-	O
C38030638      none	B	[O:1]=[C:2]!@[O:3]~[C:4]	8.5888e-05	74.4927	-	-	-	-	G
C10145322      none	B	[$(C=O):1][NX3:2]!@[a:3][aH0:4]	90.0143	3.35653	-	-	-	-	G
C10145322      none	B	[O:1]=[CX3:2]!@[NX3H1:3][!#1:4]	-0.0128965	63.7893	-	-	-	-	G
C10145322      none	B	N[C:2](=[O:1])!@[CH2:3][N:4]	30.0062	5.20833	-	-	-	-	G
C10145322      none	B	[$([CX3]=O):1][NX3H1:2]!@[CX4H2:3][C:4] 	90.0048	7.35439	-	-	-	-	G
C10145322      none	B	[O:1]=[CX3:2]!@[NX3H1:3][!#1:4]	-0.010526	63.7893	-	-	-	-	G
C10145322      none	B	[OX2:1][CX4H2:2]!@[CX3:3]([$([NX3H1,NX3H2])])=[O:4]	0.00368001	3.57143	-	-	-	-	G
C10145322      none	B	[$(C=O):1][O:2]!@[CH2:3]~[C:4]	89.9999	4.53893	-	-	-	-	G
C10145322      none	B	[O:1]=[C:2]!@[O:3]~[C:4]	-0.00331932	74.4927	-	-	-	-	G
C10145322      none	B	[N:1][CX4:2]!@[CX3:3]=[O:4]	180	3.27555	-	-	-	-	G
C10145322      none	B	[$([CX3]=O):1][NX3H0:2](C)!@[CX4H2:3][C:4]	-89.9916	15.9949	-	-	-	-	G
C32261559      none	B	[c:1][c:2]!@[c:3][s,o,nX3H1:4]	0.000525497	17.837	-	-	-	-	G
C32261559      none	B	[a:1][a:2]!@[NX3:3][!#1:4]	-89.7338	1.65296	-	-	-	-	O
C32261559      none	B	[C:1][CX4:2]!@[CX3:3]=[O:4]	120.028	3.75937	-	-	-	-	G
C32261559      none	B	[O:1]=[CX3:2]!@[NX3H1:3][!#1:4]	0.00886624	63.7893	-	-	-	-	G
C32261559      none	B	[*:1]~[NX3:2]!@[NX3:3]~[*:4]	89.9687	3.54776	-	-	-	-	G
C32261559      none	B	[O:1]=[CX3:2]!@[NX3H1:3][!#1:4]	0.0562082	63.7893	-	-	-	-	G
C32261559      none	B	[O:1][CX4:2]!@[CX3:3]=[O:4]	150.85	2.2196	-	-	-	-	G
C05502227      none	B	[OX2:1][CX4:2]!@[CX4:3][N:4]	-38.6929	1.41573	-	-	-	-	O
C05502227      none	B	[OX2:1][CX4:2]!@[CX4:3][N:4]	172.345	5.77528	-	-	-	-	G
C12502260      none	B	[O:1]=[C:2]([N])!@[O:3]~[C:4]	-0.00435762	57.729	-	-	-	-	G
C12502260      none	B	[O:1]=[CX3:2]!@[NX3H1:3][!#1:4]	0.00818891	63.7893	-	-	-	-	G
C12502260      none	B	[*:1]~[NX3:2]!@[NX2:3]~[*:4]	179.993	29.4914	-	-	-	-	G
C12502260      none	B	[$(C=O):1][NX3H1:2]!@[CX3:3]=[NX2:4]	-60.0059	0	-	-	-	-	R
C12502260      none	B	[O:1]=[CX3:2]!@[NX3H1:3][!#1:4]	7.58088e-05	63.7893	-	-	-	-	G
C12502260      none	B	[cH1:1][c:2]([cH1])!@[C:3]([NH1,NH2])=[O:4]	-27.0028	8.39053	-	-	-	-	G
C12502260      none	B	[O-:1][N+:2](=O)!@[c:3]([cH,nX2H0])[cH,nX2H0:4]	179.982	23.2156	-	-	-	-	G
C12502260      none	B	[O-:1][N+:2](=O)!@[c:3]([cH,nX2H0])[cH,nX2H0:4]	-179.745	23.2156	-	-	-	-	G
C59366593      none	B	[C:1][CX4H2:2]!@[OX2:3][c:4]	-90.0067	0.86334	-	-	-	-	G
C59366593      none	B	[nX2:1][c:2]([nX2])!@[O:3][C:4]	-179.72	41.4474	-	-	-	-	G
C59366593      none	B	[nH0r6:1][cr6:2]([nH0r6])!@[cr6:3]([cH1r6])[cH1r6:4]	-30.0052	0.704225	-	-	-	-	O
C59366593      none	B	[*:1]~[cX3:2]!@[NX2:3]~[*:4]	-29.9995	1.57181	-	-	-	-	O
C59366593      none	B	[*:1]~[CX3:2]!@[NX2:3]~[*:4]	-30.0022	0.217973	-	-	-	-	O
C59366593      none	B	[*:1]~[N,n:2]!@[S:3]~[*:4]	-59.9959	4.40087	-	-	-	-	G
C59366593      none	B	[aH0:1][c:2]([aH1])!@[SX4:3][!#1:4]	-90.2753	5.01982	-	-	-	-	O
C59366593      none	B	[O-:1][N+:2](=O)!@[c:3]([cH,nX2H0])[cH,nX2H0:4]	179.967	23.2156	-	-	-	-	G
C05767417      none	B	[cH0:1][c:2]([nX2])!@[O:3][C:4]	90.0029	0.573066	-	-	-	-	R
C05767417      none	B	[*:1]~[CX4:2]!@[n:3]~[*:4]	-60.0074	3.65221	-	-	-	-	G
C05767417      none	B	[CX3:1]=[CX3:2]!@[CH2:3][OX2:4]	-60.0002	0.763359	-	-	-	-	R
C15047987      none	B	[N:1][CX4:2]!@[CX3:3]=[O:4]	149.992	6.84729	-	-	-	-	G
C15047987      none	B	[$(C=O):1][NX3H0:2]!@[CX4H1:3][H:4]	180	19.1176	-	-	-	-	G
C15047987      none	B	[O:1]=[CX3:2]!@[NX3H1:3][!#1:4]	0.00894191	63.7893	-	-	-	-	G
C15047987      none	B	[$([CX3]=O):1][NX3H1:2]!@[CX4H2:3][C:4] 	179.999	6.46594	-	-	-	-	G
C15047987      none	B	[!#1:1][CX4H2:2]!@[CX4H2:3][!#1:4]	-60.0104	3.77933	-	-	-	-	G
C15047987      none	B	[C:1][CX4H2:2]!@[CX3:3]=[O:4]	120.01	0.695249	-	-	-	-	O
C15047987      none	B	[a:1][c:2]!@[CX3:3]=[CX3H0:4]	120.276	3.34694	-	-	-	-	G
C36971660      none	B	[OX2:1][CX4:2]!@[CX4:3][N:4]	59.997	15.2809	-	-	-	-	G
C36971660      none	B	[O:1]=[C:2]([O-])!@[CX4H1:3][H:4]	-0.00454435	0.495663	-	-	-	-	O
C36971660      none	B	[$(C=O):1][NX3H1:2]!@[CX4H1:3][H:4]	-29.9953	6.97413	-	-	-	-	G
C36971660      none	B	[O:1]=[CX3:2]!@[NX3H1:3][!#1:4]	-0.000797472	63.7893	-	-	-	-	G
C36971660      none	B	[cH1:1][c:2]([cH1])!@[C:3]([NH1,NH2])=[O:4]	-152.994	8.78518	-	-	-	-	G
C36971660      none	B	[a:1][ar6:2]!@[ar5:3][a:4]	-179.685	7.27752	-	-	-	-	G
C59293885      none	B	[O:1]=[C:2]!@[O:3]~[C:4]	0.00930573	74.4927	-	-	-	-	G
C59293885      none	B	[*^2:1]~[C^2:2]([!H])!@[C^2:3]~[*^2:4]	120.251	0.806964	-	-	-	-	G
C59293885      none	B	[!#1:1][CX4:2]!@[CX4:3][!#1:4]	-40.0005	0.976141	-	-	-	-	G
C59293885      none	B	[a:1][c:2]!@[CX4H1:3][H:4]	-179.333	7.22227	-	-	-	-	G
C59293885      none	B	[O-:1][N+:2](=O)!@[c:3]([cH,nX2H0])[cH,nX2H0:4]	179.983	23.2156	-	-	-	-	G
C59293885      none	B	[C:1][CX4H2:2]!@[CX3:3]=[O:4]	-90.0084	1.15875	-	-	-	-	O
C09346768      none	B	[*:1][$(S(=O)=O):2]!@[NX3H0r:3][*:4]	89.9941	4.85782	-	-	-	-	G
C09346768      none	B	[aH1:1][c:2]([aH1])!@[SX4:3][!#1:4]	-89.7194	12.5987	-	-	-	-	G
C09346768      none	B	[cH1:1][c:2]([cH1])!@[C:3]([NH1,NH2])=[O:4]	-89.9884	0	-	-	-	-	R
C09346768      none	B	[O:1]=[CX3:2]!@[NX3H1:3][!#1:4]	180	2.24265	-	-	-	-	G
C09346768      none	B	[$(C=O):1][NX3H1:2]!@[c:3](o)[n:4]	-0.00239404	0	-	-	-	-	G
C09346768      none	B	[c:1][c:2]!@[c:3][s,o,nX3H1:4]	0.586565	17.837	-	-	-	-	G
C09346768      none	B	[aH1:1][c:2]([aH1])!@[SX4:3][!#1:4]	90.0038	12.916	-	-	-	-	G
C24290701      none	B	[c:1][c:2]!@[c:3][s,o,nX3H1:4]	-29.3937	2.72579	-	-	-	-	G
C24290701      none	B	[cH0:1][c:2]([cH1])!@[CX3:3]([NX3H1])=[O:4]	-119.994	1.47955	-	-	-	-	G
C24290701      none	B	[cH1:1][a:2]([cH1])!@[a:3]([sX2,o,nX2H0,nX3H1:4])([cH1])	0.56774	11.7616	-	-	-	-	G
C24290701      none	B	[O:1]=[CX3:2]!@[NX3H1:3][!#1:4]	-0.00793112	63.7893	-	-	-	-	G
C24290701      none	B	[*:1]~[NX3:2]!@[NX3:3]~[*:4]	89.999	3.54776	-	-	-	-	G
C24290701      none	B	[O:1]=[CX3:2]!@[NX3H1:3][!#1:4]	0.00138855	63.7893	-	-	-	-	G
C24290701      none	B	[s:1][c:2]!@[C:3]([NH1])=[O:4]	-149.997	1.0989	-	-	-	-	R
C24290701      none	B	[a:1][a:2]!@[NX3:3][!#1:4]	0.276855	10.9271	-	-	-	-	G
C59038675      none	B	[!#1:1][CX4H2:2]!@[CX4H2:3][!#1:4]	179.998	58.554	-	-	-	-	G
C59038675      none	B	[!#1:1][CX4:2]!@[SX2:3][!#1:4]	179.992	11.1654	-	-	-	-	G
C59038675      none	B	[aH0:1][c:2]([aH0])!@[SX2:3][!#1:4]	0.00626546	13.1253	-	-	-	-	G
C59038675      none	B	[$(C=O):1][NX3H1:2]!@[c:3](s)[n:4]	180	66.092	-	-	-	-	G
C59038675      none	B	[O:1]=[CX3:2]!@[NX3H1:3][!#1:4]	0.00194624	63.7893	-	-	-	-	G
C59038675      none	B	[!#1:1][CX4H2:2]!@[CX3:3]=[O:4]	-89.9969	1.11373	-	-	-	-	G
C59038675      none	B	[!#1:1][CX4:2]!@[SX2:3][!#1:4]	-90.0048	3.00607	-	-	-	-	G
C59038675      none	B	[aH0:1][c:2]([aH0])!@[SX2:3][!#1:4]	30.0008	0.412584	-	-	-	-	O
C59038675      none	B	[a:1][a:2]!@[NX3:3][!#1:4]	179.995	11.4213	-	-	-	-	G
C59038675      none	B	[*:1]~[NX3:2]!@[NX2:3]~[*:4]	149.996	0.447375	-	-	-	-	O
C59038675      none	B	[cH1:1][c:2]([nX2])!@[CX3:3]=[NX2:4]	90.2613	0.527009	-	-	-	-	R
C09356697      none	B	[$(C=O):1][NX3H1:2]!@[c:3]([cH1])[cH1:4]	-30.0143	5.05437	-	-	-	-	G
C09356697      none	B	[O:1]=[CX3:2]!@[NX3H1:3][!#1:4]	-0.0201361	63.7893	-	-	-	-	G
C09356697      none	B	[!#1:1][CX4H2:2]!@[CX3:3]=[O:4]	-119.987	0.59462	-	-	-	-	G
C09356697      none	B	[!#1:1][CX4:2]!@[SX2:3][!#1:4]	-79.9989	6.01214	-	-	-	-	G
C09356697      none	B	[!#1:1][CX3:2]!@[SX2:3][!#1:4]	-89.9955	1.24247	-	-	-	-	G
C09356697      none	B	[a:1][c:2]!@[CX4H1:3][H:4]	150.056	3.71955	-	-	-	-	G
C09356697      none	B	[*^2:1]~[C^2:2]([!H])!@[C^2:3]~[*^2:4]	119.979	0.806964	-	-	-	-	G
C09356697      none	B	[O:1]=[C:2]!@[O:3]~[C:4]	0.00336108	74.4927	-	-	-	-	G
C38903739      none	B	[C:1][CX4:2]!@[CX3:3]=[O:4]	91.6422	3.65147	-	-	-	-	G
C38903739      none	B	[O:1]=[CX3:2]!@[NX3H1:3][!#1:4]	179.996	2.24265	-	-	-	-	G
C38903739      none	B	[$(C=O):1][NX3H1:2]!@[c:3](s)[n:4]	0.00989027	0.574713	-	-	-	-	R
C39692406      none	B	[O:1]=[C:2]([O-])!@[CX4H1:3][H:4]	-0.00274038	0.495663	-	-	-	-	O
C39692406      none	B	[a:1][c:2]!@[CX4H2:3][!#1:4]	-90.0012	7.30446	-	-	-	-	G
C39692406      none	B	[!#1:1][CX4:2]!@[SX2:3][!#1:4]	-40.0066	0.858878	-	-	-	-	O
C39692406      none	B	[aH0:1][c:2]([aH0])!@[SX2:3][!#1:4]	120.006	1.75348	-	-	-	-	G
C39692406      none	B	[cH1:1][a:2]([cH1])!@[a:3]([sX2,o,nX2H0,nX3H1:4])	-119.725	0.969173	-	-	-	-	R
C39692406      none	B	[!#1:1][CH2:2]!@[n:3][cH0:4]	-89.9978	15.4696	-	-	-	-	G
C39692406      none	B	[CX3:1]=[CX3:2]!@[CH2:3][!#1:4]	-120.007	9.03499	-	-	-	-	G
C39692406      none	B	[a:1][c:2]!@[CX4H0:3][CX4:4]	-0.00392915	4.9669	-	-	-	-	G
C10251807      none	B	[O-:1][N+:2](=O)!@[c:3]([cH0])[cH,nX2H0:4]	89.985	0.274725	-	-	-	-	O
C10251807      none	B	[aH1:1][c:2]([aH1])!@[SX4:3][!#1:4]	90.0021	12.916	-	-	-	-	G
C10251807      none	B	[O-:1][N+:2](=O)!@[c:3]([cH0])[cH,nX2H0:4]	90.2042	0.274725	-	-	-	-	O
C10251807      none	B	[c:1][S:2](=O)(=O)!@[NX2H0-:3]-[*:4]	-60.0006	11.1111	-	-	-	-	G
C10251807      none	B	[$(S(=O)(=O)):1][NH0:2]!@[c:3]([cH1])[cH1:4]	149.725	0	-	-	-	-	R
C10251807      none	B	[cH1:1][c:2]!@[c:3]([cH1])[nX2H0:4]	59.9406	0.0514271	-	-	-	-	R
C27749654      none	B	[$(S(=O)(=O)):1][N:2]!@[c:3][a:4]	-119.997	1.85547	-	-	-	-	G
C27749654      none	B	[c:1][S:2](=O)(=O)!@[NX2H0-:3]-[*:4]	-89.9985	2.77778	-	-	-	-	G
C27749654      none	B	[aH1:1][c:2]([aH1])!@[SX4:3][!#1:4]	-89.7275	12.5987	-	-	-	-	G
C27749654      none	B	[$(C=O):1][NX3H1:2]!@[c:3]([cH1])[cH1:4]	-30.0341	5.05437	-	-	-	-	G
C27749654      none	B	[O:1]=[CX3:2]!@[NX3H1:3][!#1:4]	0.00228775	63.7893	-	-	-	-	G
C27749654      none	B	[a:1][c:2]!@[C:3]([NH1,NH2])=[O:4]	0.301216	9.67683	-	-	-	-	G
C27749654      none	B	[c:1][c:2]!@[c:3][s,o,nX3H1:4]	-89.7684	0.276347	-	-	-	-	R
C20521105      none	B	[C:1][CX4H2:2]!@[NX3;"N_lp":3][C:4]	160.003	5.62549	-	-	-	-	G
C20521105      none	B	N[C:2](=[O:1])!@[CH2:3][N:4]	150.005	3.125	-	-	-	-	G
C20521105      none	B	[O:1]=[CX3:2]!@[NX3H1:3][!#1:4]	-0.011123	63.7893	-	-	-	-	G
C20521105      none	B	[$([CX3]=O):1][NX3H1:2]!@[CX4H2:3][C:4] 	180	6.46594	-	-	-	-	G
C20521105      none	B	N[C:2](=[O:1])!@[CH2:3][N:4]	150.002	3.125	-	-	-	-	G
C31992855      none	B	[$([CX3]=O):1][NX3H0:2](C)!@[CX4H2:3][C:4]	-89.9978	15.9949	-	-	-	-	G
C31992855      none	B	[OX2:1][CX4H2:2]!@[CX4H2:3][Nr:4]	59.9997	18.1373	-	-	-	-	G
C31992855      none	B	[C:1][CH2:2]!@[O:3][CX4:4]	180	35.2689	-	-	-	-	G
C31992855      none	B	[C:1][CH2:2]!@[O:3][CX4:4]	-160.002	4.55295	-	-	-	-	G
C31992855      none	B	[OX2:1][CX4H2:2]!@[CX4H2:3][OX2:4]	59.9992	8.22123	-	-	-	-	G
C13077915      none	B	[c:1][c:2]([cH0])!@[c:3][nX2H0:4]	-119.717	1.77049	-	-	-	-	O
C13077915      none	B	[aH0:1][c:2]([aH0])!@[SX2:3][!#1:4]	-59.9973	1.39247	-	-	-	-	G
C13077915      none	B	[*:1]~[NX2:2]!@[nX3:3]~[*:4]	120.006	3.32031	-	-	-	-	G
C13077915      none	B	[cH1:1][c:2]([cH0])!@[CX3x0:3]=[NX2:4]	150.278	0.0708968	-	-	-	-	G
C13077915      none	B	[O-:1][N+:2](=O)!@[c:3]([cH0])[cH,nX2H0:4]	90.2729	0.274725	-	-	-	-	O
C13077915      none	B	[!#1:1][CX4:2]!@[SX2:3][!#1:4]	-150.004	1.30312	-	-	-	-	G
C13077915      none	B	[!#1:1][CX4H2:2]!@[CX3:3]=[O:4]	-120.007	0.59462	-	-	-	-	G
C48185140      none	B	[cH0:1][c:2]!@[CX4H2:3][CX4:4]	-89.6938	18.481	-	-	-	-	G
C48185140      none	B	[cH0:1][c:2]([cH0])!@[CX3:3]=[O:4]	29.9939	1.12169	-	-	-	-	O
C48185140      none	B	[a:1][c:2]!@[C:3]([NH1,NH2])=[O:4]	90.0014	0.308642	-	-	-	-	O
C48185140      none	B	[O:1]=[CX3:2]!@[NX3H1:3][!#1:4]	-0.00749588	63.7893	-	-	-	-	G
C48185140      none	B	[*:1]~[NX3:2]!@[NX3:3]~[*:4]	90.0065	3.54776	-	-	-	-	G
C48185140      none	B	[O:1]=[CX3:2]!@[NX3H1:3][!#1:4]	-0.00278587	63.7893	-	-	-	-	G
C48185140      none	B	[cH1:1][c:2]([cH1])!@[C:3]([NH1,NH2])=[O:4]	-153.002	8.78518	-	-	-	-	G
C20258390      none	B	[C:1][CX4:2]!@[CX3:3]=[O:4]	0.00688403	5.61823	-	-	-	-	G
C20258390      none	B	[*:1]~[CX4:2]!@[n:3]~[*:4]	90.0001	3.25743	-	-	-	-	G
C20258390      none	B	[O:1]=[CX3:2]!@[NX3H1:3][!#1:4]	-0.00105832	63.7893	-	-	-	-	G
C20258390      none	B	[$(C=O):1][NX3H1:2]!@[CX4H1:3][H:4]	-30.0023	6.97413	-	-	-	-	G
C20258390      none	B	[!#1:1][CX4:2]!@[CX4:3][!#1:4]	-79.9935	1.71775	-	-	-	-	G
C20258390      none	B	[O:1]=[C:2]([O-])!@[CX4H1:3][H:4]	89.9985	0.86741	-	-	-	-	O
C20258390      none	B	[n,o,s:1][c:2]!@[CX4H2:3][CX4:4]	89.9974	4.03889	-	-	-	-	G
C42025172      none	B	[$(C=O):1][NX3:2]!@[a:3][aH0:4]	-150.001	1.98526	-	-	-	-	O
C42025172      none	B	[O:1]=[CX3:2]!@[NX3H1:3][!#1:4]	0.006213	63.7893	-	-	-	-	G
C42025172      none	B	[O:1]=[CX3:2]!@[CX3:3]=[O:4]	-120	1.55709	-	-	-	-	G
C42025172      none	B	[O:1]=[CX3:2]!@[NX3H1:3][!#1:4]	-0.003461	63.7893	-	-	-	-	G
C42025172      none	B	[$([CX3]=O):1][NX3H1:2]!@[CX4H2:3][C:4] 	149.998	1.43139	-	-	-	-	O
C42025172      none	B	[!#1:1][CX4:2]!@[CX4:3][!#1:4]	155.062	1.81259	-	-	-	-	G
C32501657      none	B	[cH1:1][a:2]([cH1])!@[a:3]([sX2,o,nX2H0,nX3H1:4])	0.304682	10.7602	-	-	-	-	G
C32501657      none	B	[a:1][c:2]!@[CX4H2:3][CX3:4]	-90.0008	7.62274	-	-	-	-	G
C32501657      none	B	[c:1][CX4H2:2]!@[CX3:3]=[O:4]	-0.00581647	11.5385	-	-	-	-	G
C32501657      none	B	[O:1]=[CX3:2]!@[NX3H1:3][!#1:4]	180	2.24265	-	-	-	-	G
C32501657      none	B	[$(C=O):1][NX3H1:2]!@[c:3](s)[n:4]	0.00622286	0.574713	-	-	-	-	R
C59367608      none	B	[$(C=O):1][NX3H0:2]!@[c:3]([cH1])[cH1:4]	149.995	1.18925	-	-	-	-	G
C59367608      none	B	[a:1][c:2]!@[CX4H1:3][N,O:4]	-28.1465	3.61778	-	-	-	-	G
C59367608      none	B	[aH1:1][c:2]([aH1])!@[SX4:3][!#1:4]	180	0.148054	-	-	-	-	R
C66671925      none	B	[cH1:1][c:2]!@[c:3]([cH1])[nX2H0:4]	29.9922	2.23708	-	-	-	-	G
C66671925      none	B	[$(C=O):1][NX3H1:2]!@[c:3]([cH1])[cH1:4]	29.9656	5.05437	-	-	-	-	G
C66671925      none	B	[O:1]=[CX3:2]!@[NX3H1:3][!#1:4]	0.0057068	63.7893	-	-	-	-	G
C66671925      none	B	[O:1]=[CX3:2]!@[NX3H0:3][!#1:4]	-149.725	1.37927	-	-	-	-	O
C66671925      none	B	[C:1][CX4:2]!@[CX3:3]=[O:4]	-119.933	3.42432	-	-	-	-	G
C66671925      none	B	[O:1]=[CX3:2]!@[NX3H1:3][!#1:4]	-0.00178739	63.7893	-	-	-	-	G
C66671925      none	B	[$(C=O):1][NX3H1:2]!@[CX4H1:3][H:4]	-29.9951	6.97413	-	-	-	-	G
C35097572      none	B	[a:1][a:2]!@[CX3:3]=[CX3H1:4]	30.0024	2.28579	-	-	-	-	G
C35097572      none	B	[*^2:1]~[C^2:2]([!H])!@[C^2:3]~[*^2:4]	-119.992	0.661024	-	-	-	-	G
C35097572      none	B	[O:1]=[CX3:2]!@[NX3H1:3][!#1:4]	-0.00426643	63.7893	-	-	-	-	G
C35097572      none	B	[$([CX3]=O):1][NX3H1:2]!@[CX4H2:3][C:4] 	-89.994	7.35439	-	-	-	-	G
C35097572      none	B	N[C:2](=[O:1])!@[CH2:3][N:4]	180	8.33333	-	-	-	-	G
C35097572      none	B	[O:1]=[CX3:2]!@[NX3H1:3][!#1:4]	-0.0130388	63.7893	-	-	-	-	G
C35097572      none	B	[$([CX3]=O):1][NX3H1:2]!@[CX4H2:3][C:4] 	180	6.46594	-	-	-	-	G
C35097572      none	B	[NH1:1][CX4:2]!@[CX3:3]=[O:4]	-119.992	0.275693	-	-	-	-	G
C65748542      none	B	[!#1:1][CX4H2:2]!@[CX4H2:3][!#1:4]	179.997	58.554	-	-	-	-	G
C65748542      none	B	[n,o,s:1][c:2]!@[CX4H2:3][CX4:4]	-149.997	0.747943	-	-	-	-	O
C65748542      none	B	[*:1]~[CX4:2]!@[n:3]~[*:4]	-149.989	3.13346	-	-	-	-	G
C65748542      none	B	[$(C=O):1][O:2]!@[CH1:3][H:4]	30.0011	10.7465	-	-	-	-	G
C65748542      none	B	[$(C=O):1][O:2]!@[CH1:3][H:4]	29.9928	10.7465	-	-	-	-	G
C65748542      none	B	[$(C=O):1][O:2]!@[CH1:3][H:4]	-29.9913	11.3505	-	-	-	-	G
C65748542      none	B	[O:1][CX4:2]!@[CX3:3]=[O:4]	119.974	0.923198	-	-	-	-	O
C65748542      none	B	[O:1]=[C:2]!@[O:3]~[C:4]	-0.00229243	74.4927	-	-	-	-	G
C65748542      none	B	[O:1]=[C:2]!@[O:3]~[C:4]	-0.00401566	74.4927	-	-	-	-	G
C65748542      none	B	[O:1]=[C:2]!@[O:3]~[C:4]	0.00481873	74.4927	-	-	-	-	G
C65748542      none	B	[O:1]=[C:2]!@[O:3]~[C:4]	0.0064233	74.4927	-	-	-	-	G
C05372042      none	B	[*:1]~[OX2:2]!@[SX4:3]~[*:4]	60.0053	3.04735	-	-	-	-	G
C05372042      none	B	[C:1][CX4H2:2]!@[OX2:3][!#1:4]	159.999	4.72228	-	-	-	-	G
C05372042      none	B	[OX2:1][CX4:2]!@[CX4:3][OX2:4]	-80.0316	2.4811	-	-	-	-	O
C44547665      none	B	[C:1][CX4:2]!@[CX3:3]=[O:4]	-6.1463	4.98978	-	-	-	-	G
C44547665      none	B	[!#1:1][CX4:2]!@[CX4:3][!#1:4]	-80.0012	1.71775	-	-	-	-	G
C44547665      none	B	[cH0:1][c:2]!@[CX4H2:3][CX4:4]	89.9949	18.5823	-	-	-	-	G
C10762668      none	B	[$([CX3]=O):1][NX3H0:2](C)!@[CX4H2:3][C:4]	90.002	14.7513	-	-	-	-	G
C10762668      none	B	[N:1][CX4:2]!@[CX3:3]=[O:4]	180	3.27555	-	-	-	-	G
C10762668      none	B	[O:1]=[C:2]!@[O:3]~[C:4]	0.000555989	74.4927	-	-	-	-	G
C10762668      none	B	[$(C=O):1][O:2]!@[CH1:3][H:4]	-30.0023	11.3505	-	-	-	-	G
C10762668      none	B	[O:1][CX4:2]!@[CX3:3]=[O:4]	-150.01	3.9285	-	-	-	-	G
C10762668      none	B	[O:1]=[CX3:2]!@[NX3H1:3][!#1:4]	0.0169353	63.7893	-	-	-	-	G
C10762668      none	B	[$([CX3]=O):1][NX3H1:2]!@[CX4H2:3][C:4] 	-90.0085	7.35439	-	-	-	-	G
C10762668      none	B	N[C:2](=[O:1])!@[CH2:3][N:4]	180	8.33333	-	-	-	-	G
C10762668      none	B	[O:1]=[CX3:2]!@[NX3H1:3][!#1:4]	0.00323634	63.7893	-	-	-	-	G
C10762668      none	B	[$(C=O):1][NX3H1:2]!@[c:3]([cH0]F)[cH:4]	30.2794	10.5263	-	-	-	-	O
C14332154      none	B	[cH0:1][c:2]([cH,nX2H0])!@[NX3H1:3][CX4:4]	159.976	3.7196	-	-	-	-	O
C14332154      none	B	[O-:1][N+:2](=O)!@[c:3]([cH0])[cH,nX2H0:4]	-0.0122695	12.6374	-	-	-	-	G
C14332154      none	B	[aH1:1][c:2]([aH1])!@[SX4:3][!#1:4]	-0.0177998	0.126904	-	-	-	-	R
C14332154      none	B	[!#1:1][CX4H2:2]!@[NX3H1:3][!#1:4]	-89.9986	6.4105	-	-	-	-	G
C14332154      none	B	N[C:2](=[O:1])!@[CH2:3][N:4]	89.9926	0	-	-	-	-	R
C14332154      none	B	[O:1]=[CX3:2]!@[NX3H0:3][!#1:4]	0.314202	25.0866	-	-	-	-	G
C39728630      none	B	[!#1:1][CX4H2:2]!@[CX4H2:3][!#1:4]	-60.0007	3.77933	-	-	-	-	G
C39728630      none	B	[!#1:1][CX4H2:2]!@[CX4H2:3][!#1:4]	180	58.554	-	-	-	-	G
C39728630      none	B	[CX3:1]=[CX3:2]!@[CH2:3][C:4]	0.00576013	3.59932	-	-	-	-	G
C39728630      none	B	[*:1]~[NX2:2]!@[OX2:3]~[*:4]	180	49.4817	-	-	-	-	G
C39728630      none	B	[C:1][CX4H2:2]!@[OX2:3][!#1:4]	180	29.7764	-	-	-	-	G
C39728630      none	B	[OX2:1][CX4H2:2]!@[CX3:3]([$([NX3H1,NX3H2])])=[O:4]	30.0027	0.357143	-	-	-	-	O
C39728630      none	B	[O:1]=[CX3:2]!@[NX3H1:3][!#1:4]	-3.3666e-05	63.7893	-	-	-	-	G
C39728630      none	B	[$(C=O):1][NX3H1:2]!@[c:3]([cH1])[cH1:4]	29.9956	5.05437	-	-	-	-	G
C39728630      none	B	[$(C=O):1][NX3H1:2]!@[c:3]([cH1])[cH1:4]	90.2599	0.0402739	-	-	-	-	R
C39728630      none	B	[O:1]=[CX3:2]!@[NX3H1:3][!#1:4]	0.00445909	63.7893	-	-	-	-	G
C38794044      none	B	[H:1][CX4H1:2]!@[SX4:3][!#1:4]	40.003	6.04113	-	-	-	-	G
C38794044      none	B	[!#1:1][CX4r:2]!@[CX4r:3][!#1:4]	-79.9451	2.26227	-	-	-	-	G
C38794044      none	B	[*:1][$(S(=O)=O):2]!@[NX3H0r:3][*:4]	-59.9969	8.17536	-	-	-	-	G
C38794044      none	B	[aH1:1][c:2]([aH1])!@[SX4:3][!#1:4]	110.284	4.92809	-	-	-	-	G
C58997955      none	B	[a:1][c:2]!@[CX4H1:3][N,O:4]	-30.0069	3.61778	-	-	-	-	G
C58997955      none	B	[$(C=O):1][NX3H1:2]!@[CX4H1:3][H:4]	-29.9989	6.97413	-	-	-	-	G
C58997955      none	B	[O-:1][N+:2](=O)!@[c:3]([cH,nX2H0])[cH,nX2H0:4]	-179.835	23.2156	-	-	-	-	G
C58997955      none	B	[O:1]=[CX3:2]!@[NX3H1:3][!#1:4]	-0.00785484	63.7893	-	-	-	-	G
C58997955      none	B	[cH1:1][c:2]([cH1])!@[C:3]([NH1,NH2])=[O:4]	-152.99	8.78518	-	-	-	-	G
C58997955      none	B	[aH1:1][c:2]([aH1])!@[SX4:3][!#1:4]	-90.0032	12.5987	-	-	-	-	G
C48518428      none	B	[aH0:1][c:2]([aH0])!@[SX4:3][!#1:4]	36.1393	1.25698	-	-	-	-	R
C48518428      none	B	[*:1]~[N,n:2]!@[S:3]~[*:4]	180	8.16343	-	-	-	-	G
C48518428      none	B	[!#1:1][CX4:2]!@[CX3H0:3][!#1:4]	90.0035	2.78327	-	-	-	-	G
C48518428      none	B	[!#1:1][CX4:2]!@[CX4:3][!#1:4]	-80.8818	1.71775	-	-	-	-	G
C57191844      none	B	[cH1:1][a:2]([cH1])!@[a:3]([cH0])[cH0:4]	60.4306	5.86243	-	-	-	-	G
C57191844      none	B	[cH1:1][c:2]([cH1])!@[C:3]([NH1,NH2])=[O:4]	27.0225	8.08167	-	-	-	-	G
C57191844      none	B	[O:1]=[CX3:2]!@[NX3H1:3][!#1:4]	0.000264611	63.7893	-	-	-	-	G
C57191844      none	B	[*:1]~[NX3:2]!@[NX3:3]~[*:4]	-89.9958	3.3545	-	-	-	-	G
C57191844      none	B	[O:1]=[CX3:2]!@[NX3H1:3][!#1:4]	-0.00717947	63.7893	-	-	-	-	G
C57191844      none	B	[cH0:1][c:2]([cH1])!@[CX3:3]([NX3H1])=[O:4]	-149.996	1.39252	-	-	-	-	G
C28969280      none	B	[*:1]~[CX3:2]!@[NX3:3]~[*:4]	150.005	0.571247	-	-	-	-	G
C28969280      none	B	[a:1][a:2]!@[NX3:3][!#1:4]	-29.7261	1.93298	-	-	-	-	O
C28969280      none	B	[aH1:1][c:2]([aH1])!@[SX4:3][!#1:4]	89.9987	12.916	-	-	-	-	G
C66683912      none	B	[a:1][c:2]!@[C:3]([NH0])=[O:4]	-89.9991	2.91667	-	-	-	-	G
C66683912      none	B	[$(C=O):1][NX3:2]!@[a:3][aH0:4]	-149.995	1.98526	-	-	-	-	O
C66683912      none	B	[O:1]=[CX3:2]!@[NX3H1:3][!#1:4]	-0.00214515	63.7893	-	-	-	-	G
C66683912      none	B	[a:1][c:2]!@[C:3]([NH1,NH2])=[O:4]	150.314	5.34677	-	-	-	-	O
C66683912      none	B	[O:1]=[CX3:2](a)!@[NX3H0:3][!#1:4]	150.272	2.50464	-	-	-	-	G
C67078659      none	B	[O-:1][N+:2](=O)!@[c:3]([cH,nX2H0])[cH,nX2H0:4]	179.981	23.2156	-	-	-	-	G
C67078659      none	B	[cH1:1][a:2]([cH1])!@[a:3]([sX2,o,nX2H0,nX3H1:4])([cH1])	-0.0166481	11.7616	-	-	-	-	G
C67078659      none	B	[a:1][c:2]!@[C:3]([NH1,NH2])=[O:4]	29.9905	4.93827	-	-	-	-	O
C67078659      none	B	[O:1]=[CX3:2]!@[NX3H1:3][!#1:4]	0.00306862	63.7893	-	-	-	-	G
C67078659      none	B	[$([CX3]=O):1][NX3H1:2]!@[CX4H2:3][C:4] 	-90.0022	7.35439	-	-	-	-	G
C67078659      none	B	[!#1:1][CX4H2:2]!@[CX4H2:3][!#1:4]	-59.9976	3.77933	-	-	-	-	G
C67078659      none	B	[n,o,s:1][c:2]!@[CX4H2:3][CX4:4]	45.3073	2.99177	-	-	-	-	O
C67078659      none	B	[*:1]~[CX4:2]!@[n:3]~[*:4]	128.623	2.16844	-	-	-	-	G
C13112784      none	B	[C:1][CX4H2:2]!@[CX3:3]=[O:4]	-29.9982	4.17149	-	-	-	-	G
C13112784      none	B	[O:1]=[C:2]!@[NX3H0:3]([a:4])[A]	30.0077	0.827016	-	-	-	-	G
C13112784      none	B	[$(C=O):1][NX3H0:2]!@[c:3]([s,o])[n:4]	0.337047	0	-	-	-	-	G
C13112784      none	B	[$(C=O):1][NX3H0:2]!@[CX4H1:3][H:4]	-94.3256	0.12605	-	-	-	-	R
C13112784      none	B	[aH0:1][c:2]([aH0])!@[SX2:3][!#1:4]	0.00689049	13.1253	-	-	-	-	G
C13112784      none	B	[!#1:1][CX4:2]!@[SX2:3][!#1:4]	-60.0037	7.13757	-	-	-	-	G
C13112784      none	B	[!#1:1][CX4H2:2]!@[CX3:3]=[O:4]	-30.0006	3.82256	-	-	-	-	G
C13112784      none	B	[O:1]=[CX3:2]!@[NX3H1:3][!#1:4]	0.00455264	63.7893	-	-	-	-	G
C13112784      none	B	[$(C=O):1][NX3:2]!@[a:3][aH0:4]	-179.688	13.4466	-	-	-	-	G
C39933655      none	B	[cH0:1][c:2]!@[CX4H2:3][N,O,S:4]	-45.026	1.84995	-	-	-	-	G
C39933655      none	B	[a:1][c:2]!@[CX4H1:3][H:4]	154.87	3.71955	-	-	-	-	G
C39933655      none	B	[O-:1][N+:2](=O)!@[c:3]([cH,nX2H0])[cH,nX2H0:4]	179.974	23.2156	-	-	-	-	G
C39933655      none	B	[*:1][CX4:2]!@[O:3][CX4:4]	-60.0008	12.0509	-	-	-	-	G
C09813147      none	B	[aH0:1][c:2]([aH1])!@[SX4:3][!#1:4]	-150.038	0.1321	-	-	-	-	R
C09813147      none	B	[*:1][$(S(=O)=O):2]!@[NX3H0r:3][*:4]	-89.7221	4.88152	-	-	-	-	G
C09813147      none	B	[C:1][CX4:2]!@[CX3:3]=[O:4]	-30.0316	3.42621	-	-	-	-	G
C09813147      none	B	[O:1]=[CX3:2]!@[NX3H1:3][!#1:4]	0.00485753	63.7893	-	-	-	-	G
C09813147      none	B	[$(C=O):1][NX3H1:2]!@[c:3](o)[n:4]	179.996	38.4615	-	-	-	-	G
C09813147      none	B	[a:1][c:2]!@[CX4H2:3][a:4]	134.994	1.74812	-	-	-	-	O
C09813147      none	B	[a:1][c:2]!@[CX4H2:3][a:4]	-89.7291	5.18797	-	-	-	-	G
C62100037      none	B	[!#1:1][CH2:2]!@[n:3][a:4]	-44.9968	0.361056	-	-	-	-	O
C62100037      none	B	[!#1:1][CX4H2:2]!@[CX3:3]=[O:4]	-30.002	3.82256	-	-	-	-	G
C62100037      none	B	[O:1]=[CX3:2]!@[NX3H0:3][!#1:4]	30.2828	0.680979	-	-	-	-	O
C04860770      none	B	[C:1][CX4:2]!@[CX3:3]=[O:4]	-59.6775	2.40592	-	-	-	-	G
C04860770      none	B	[a:1][c:2]!@[CX4H1:3][H:4]	-179.496	7.22227	-	-	-	-	G
C04860770      none	B	[O-:1][N+:2](=O)!@[c:3]([cH,nX2H0])[cH,nX2H0:4]	-179.836	23.2156	-	-	-	-	G
C43943406      none	B	[$(C=O):1][NX3:2]!@[a:3][aH0:4]	149.98	1.842	-	-	-	-	O
C43943406      none	B	[O-:1][N+:2](=O)!@[c:3]([cH0])[cH,nX2H0:4]	0.235346	12.6374	-	-	-	-	G
C43943406      none	B	[O:1]=[CX3:2]!@[NX3H1:3][!#1:4]	0.000200412	63.7893	-	-	-	-	G
C43943406      none	B	[O:1]=[CX3:2]!@[CX3:3]=[O:4]	-119.996	1.55709	-	-	-	-	G
C43943406      none	B	[O:1]=[CX3:2]!@[NX3H1:3][!#1:4]	9.61063e-05	63.7893	-	-	-	-	G
C43943406      none	B	[$([CX3]=O):1][NX3H1:2]!@[CX4H2:3][C:4] 	120.004	2.76407	-	-	-	-	O
C43943406      none	B	[!#1:1][CX4:2]!@[CX4:3][!#1:4]	60.0592	12.3771	-	-	-	-	G
C43943406      none	B	[*:1][$(S(=O)=O):2]!@[NX3H0r:3][*:4]	-90.006	4.88152	-	-	-	-	G
C43943406      none	B	[H:1][CX4H1:2]!@[SX4:3][!#1:4]	54.3317	10.0257	-	-	-	-	G
C42420301      none	B	[O:1]=[CX3:2]!@[NX3H0:3][!#1:4]	-149.997	1.37927	-	-	-	-	O
C42420301      none	B	[O:1]=[CX3:2]!@[NX3H1:3][!#1:4]	-0.00342749	63.7893	-	-	-	-	G
C42420301      none	B	[$([CX3]=O):1][NX3H1:2]!@[CX4H2:3][C:4] 	180	6.46594	-	-	-	-	G
C42420301      none	B	[NH1:1][CX4:2]!@[CX3:3]=[O:4]	119.997	0.41354	-	-	-	-	G
C21985920      none	B	[*:1]~[CX4:2]!@[n:3]~[*:4]	-149.993	3.13346	-	-	-	-	G
C21985920      none	B	[OX2:1][CX4:2]!@[CX4:3][OX2:4]	-67.8591	16.1644	-	-	-	-	G
C40810599      none	B	[cH1:1][c:2]([cH1])!@[CX3:3]=[NX2:4]	-0.0108262	14.4225	-	-	-	-	G
C40810599      none	B	[*:1]~[NX2:2]!@[OX2:3]~[*:4]	150.008	0.691085	-	-	-	-	R
C40810599      none	B	[H:1][CX4H1:2]!@[OX2:3][!#1:4]	59.9972	2.10701	-	-	-	-	G
C40810599      none	B	[OX2:1][CX4:2]!@[CX4:3][OX2:4]	-60.0496	16.2177	-	-	-	-	G
C35330496      none	B	[cH0:1][c:2]([cH,nX2H0])!@[NX3H0:3][CX4:4]	60.2867	3.25838	-	-	-	-	G
C35330496      none	B	[O-:1][N+:2](=O)!@[c:3]([cH0])[cH,nX2H0:4]	89.9755	0.274725	-	-	-	-	O
C35330496      none	B	[cH1:1][c:2]([cH1])!@[C:3]([NH1,NH2])=[O:4]	-0.029146	4.32395	-	-	-	-	G
C35330496      none	B	[O:1]=[C:2]([O-])!@[CX4H1:3][H:4]	0.0108481	0.495663	-	-	-	-	O
C65382418      none	B	[H:1][CX4H1:2]!@[OX2:3][!#1:4]	-30.0042	9.1924	-	-	-	-	G
C65382418      none	B	[cH1,n:1][c:2]!@[O:3][CH1:4]	-150	2.23301	-	-	-	-	G
C65382418      none	B	[cH1,nX2H0:1][c:2]([cH1,nX2H0])!@[NX3r:3][*:4]	-149.736	2.0583	-	-	-	-	O
C65382418      none	B	[O:1]=[CX3:2]!@[NX3H0:3][!#1:4]	29.9992	0.680979	-	-	-	-	O
C65382418      none	B	[O:1][CX4:2]!@[CX3:3]=[O:4]	28.2794	2.80888	-	-	-	-	G
C41158580      none	B	[a:1][c:2]!@[CX4H2:3][!#1:4]	89.9929	7.24386	-	-	-	-	G
C41158580      none	B	[$(S(=O)(=O)):1][NX3H1:2]!@[CX4H2:3][!#1:4]	-119.999	2.14592	-	-	-	-	O
C41158580      none	B	[c:1][$(S(=O)=O):2]!@[NX3H1:3][C:4]	-89.9968	3.19032	-	-	-	-	G
C41158580      none	B	[aH0:1][c:2]([aH1])!@[SX4:3][!#1:4]	89.9991	4.49141	-	-	-	-	G
C14537526      none	B	[a:1][c:2]!@[CX4H2:3][!#1:4]	45.001	2.0463	-	-	-	-	O
C14537526      none	B	[!#1:1][CX4H2:2]!@[NX3H1:3][!#1:4]	149.997	1.87295	-	-	-	-	O
C14537526      none	B	[cH1:1][c:2]([cH1])!@[NX3:3][CX4:4]	-159.733	2.66685	-	-	-	-	O
C14537526      none	B	[a:1][c:2]!@[C:3]([NH0])=[O:4]	90.004	2.88889	-	-	-	-	G
C14537526      none	B	[aH1:1][c:2]([aH1])!@[SX4:3][!#1:4]	89.9996	12.916	-	-	-	-	G
C14537526      none	B	[*:1][$(S(=O)=O):2]!@[NX3H0r:3][*:4]	90.3138	4.85782	-	-	-	-	G
C14537526      none	B	[O:1]=[CX3:2](a)!@[NX3H0:3][!#1:4]	-149.719	2.19542	-	-	-	-	O
C14537526      none	B	[N:1][CX4:2]!@[CX3:3]=[O:4]	-120.361	0.897291	-	-	-	-	G
C14537526      none	B	[O:1]=[C:2]!@[O:3]~[C:4]	-0.00306681	74.4927	-	-	-	-	G
C05739736      none	B	[cH1:1][c:2]([cH0])!@[CX3x0:3]=[NX2:4]	89.9987	0.0354484	-	-	-	-	R
C05739736      none	B	[cH1:1][a:2]([cH1])!@[a:3]([cH0])[cH0:4]	60.4858	5.86243	-	-	-	-	G
C05739736      none	B	[O:1]=[C:2]([O-])!@[c:3]([cH1])[cH1:4]	-179.749	7.35294	-	-	-	-	G
C05739736      none	B	[*:1]~[NX3:2]!@[NX2:3]~[*:4]	180	29.4914	-	-	-	-	G
C05739736      none	B	[O:1]=[CX3:2]!@[NX3H1:3][!#1:4]	0.00203981	63.7893	-	-	-	-	G
C05739736      none	B	[nH0r6:1][cr6:2]([cH1r6])!@[C:3]([NH1,NH2])=[O:4]	180	49.7238	-	-	-	-	G
C05739736      none	B	[O-:1][N+:2](=O)!@[c:3]([cH,nX2H0])[cH,nX2H0:4]	179.968	23.2156	-	-	-	-	G
C20892549      none	B	[$(C=O):1][NX3H0:2]!@[c:3]([cH1])[cH1:4]	149.974	1.18925	-	-	-	-	G
C20892549      none	B	[C:1][CX4:2]!@[CX3:3]=[O:4]	124.637	3.75937	-	-	-	-	G
C20892549      none	B	[O:1]=[CX3:2]!@[NX3H1:3][!#1:4]	-6.14492e-05	63.7893	-	-	-	-	G
C20892549      none	B	[$([CX3]=O):1][NX3H1:2]!@[CX4H2:3][C:4] 	149.997	1.43139	-	-	-	-	O
C20892549      none	B	[!#1:1][CX4H2:2]!@[CX4H2:3][!#1:4]	59.9987	3.99483	-	-	-	-	G
C20892549      none	B	[CX4:1][CX4H2:2]!@[NX3;"N_lp":3][CX4:4]	-155.699	6.65327	-	-	-	-	G
C20892549      none	B	[O:1]=[CX3:2](a)!@[NX3H0:3][!#1:4]	179.997	9.67842	-	-	-	-	G
C20892549      none	B	[a:1][c:2]!@[C:3]([NH0])=[O:4]	120.285	4.19444	-	-	-	-	G
C20892549      none	B	[O-:1][N+:2](=O)!@[c:3]([cH0])[cH,nX2H0:4]	90.3094	0.274725	-	-	-	-	O
C47355696      none	B	[O-:1][N+:2](=O)!@[c:3]([cH0])[cH,nX2H0:4]	89.9694	0.274725	-	-	-	-	O
C47355696      none	B	[cH0:1][c:2]([cH1])!@[O:3][C:4]	119.996	0.35639	-	-	-	-	R
C47355696      none	B	[C:1][CX4H2:2]!@[OX2:3][c:4]	-60.0063	0.252685	-	-	-	-	G
C47355696      none	B	[O:1][CX4:2]!@[CX3:3]=[O:4]	-59.9987	0.530348	-	-	-	-	O
C47355696      none	B	[O:1]=[CX3:2]!@[NX3H0:3][!#1:4]	-149.733	1.37927	-	-	-	-	O
C47355696      none	B	[C:1][CX4:2]!@[CX3:3]=[O:4]	119.955	3.75937	-	-	-	-	G
CHEMBL67828      none	B	[cH1:1][c:2]([cH1])!@[CX4H2:3][CX4:4]	-89.9746	11.9355	-	-	-	-	G
CHEMBL67828      none	B	[!#1:1][CX4H2:2]!@[CX4H2:3][!#1:4]	-59.9965	3.77933	-	-	-	-	G
CHEMBL67828      none	B	[*:1]~[CX4:2]!@[NX4:3]~[*:4]	-79.9267	2.10499	-	-	-	-	G
CHEMBL67828      none	B	[!#1:1][CX4H2:2]!@[NX3;"N_lp":3][!#1:4]	-79.9991	6.8682	-	-	-	-	G
CHEMBL67828      none	B	[a:1][c:2]!@[CX4H2:3][!#1:4]	-179.67	2.35335	-	-	-	-	O
CHEMBL67828      none	B	[cH1:1][a:2]([cH1])!@[a:3]([cH1])[cH0:4]	-30.0094	0.99453	-	-	-	-	G
CHEMBL67828      none	B	[O-:1][N+:2](=O)!@[c:3]([cH0])[cH,nX2H0:4]	90.2762	0.274725	-	-	-	-	O
CHEMBL67828      none	B	[!#1:1][CH2:2]!@[n:3][cH0:4]	90.0062	14.7896	-	-	-	-	G
CHEMBL67828      none	B	[!#1:1][CX4H2:2]!@[CX3:3]=[O:4]	-119.999	0.59462	-	-	-	-	G
C62097690      none	B	[*:1][$(S(=O)=O):2]!@[NX3H0r:3][*:4]	90.2739	4.85782	-	-	-	-	G
C62097690      none	B	[cH0:1][c:2]([cH,nX2H0])!@[NX3H0:3][CX4:4]	120.002	2.29463	-	-	-	-	O
C62097690      none	B	[*:1]~[CX3:2]!@[cX3:3]~[*:4]	120	1.24319	-	-	-	-	O
C09147553      none	B	[O-:1][N+:2](=O)!@[c:3]([cH,nX2H0])[cH,nX2H0:4]	179.983	23.2156	-	-	-	-	G
C09147553      none	B	[a:1][c:2]!@[CX4H2:3][CX3:4]	90.0652	7.83807	-	-	-	-	G
C09147553      none	B	[c:1][CX4H2:2]!@[CX3:3]=[O:4]	120.004	1.4245	-	-	-	-	O
C09147553      none	B	[O:1]=[C:2]!@[O:3]~[!#1:4]	-60.0078	0.0111089	-	-	-	-	R
C09147553      none	B	[$(C=O):1][O:2]!@[c:3]~[*:4]	149.999	0.200803	-	-	-	-	O
C09147553      none	B	[a:1][c:2]!@[CX4H2:3][!#1:4]	89.9981	7.24386	-	-	-	-	G
C09147553      none	B	[!#1:1][CX4:2]!@[SX2:3][!#1:4]	80.0019	6.41197	-	-	-	-	G
C09147553      none	B	[aH0:1][c:2]([aH0])!@[SX2:3][!#1:4]	29.9959	0.412584	-	-	-	-	O
C09147553      none	B	[$(C=O):1][NX3H1:2]!@[c:3](s)[n:4]	-0.00183352	0.574713	-	-	-	-	R
C09147553      none	B	[O:1]=[CX3:2]!@[NX3H1:3][!#1:4]	180	2.24265	-	-	-	-	G
C09147553      none	B	[O:1]=[CX3:2]!@[CX4H1r3:3][H:4]	-120.001	1.16667	-	-	-	-	O
C66637214      none	B	[$([c]([NH1,NH2])):1][c:2]!@[CX3:3]([!O])=[O:4]	119.981	0	-	-	-	-	R
C66637214      none	B	[O-:1][N+:2](=O)!@[c:3]([cH0])[cH,nX2H0:4]	0.26204	12.6374	-	-	-	-	G
C66637214      none	B	[O:1]=[CX3:2](a)!@[NX3H0:3][!#1:4]	-29.7204	1.17502	-	-	-	-	O
C22178629      none	B	[!#1:1][CX4:2]!@[CX4:3][!#1:4]	8.61693	0.0551082	-	-	-	-	R
C22178629      none	B	[NH1:1][CX4:2]!@[CX3:3]=[O:4]	-30.0068	4.44172	-	-	-	-	G
C22178629      none	B	[$(C=O):1][NX3H1:2]!@[CX4H0:3][C:4]	179.996	11.3993	-	-	-	-	G
C22178629      none	B	[O:1]=[CX3:2]([$([NX3H1]C)])!@[NX3H1:3][!#1:4]	0.00987853	41.1343	-	-	-	-	G
C22178629      none	B	[O:1]=[CX3:2]([$([NX3H1]C)])!@[NX3H1:3][!#1:4]	-0.00627651	41.1343	-	-	-	-	G
C22178629      none	B	[$([CX3]=O):1][NX3H1:2]!@[CX4H2:3][C:4] 	-120.001	2.61599	-	-	-	-	O
C22178629      none	B	N[C:2](=[O:1])!@[CH2:3][N:4]	0.00582973	9.82143	-	-	-	-	G
C22178629      none	B	[O:1]=[CX3:2]!@[NX3H0:3][!#1:4]	0.32332	25.0866	-	-	-	-	G
C02110828      none	B	[cH0:1][c:2]!@[CX4H2:3][CX4:4]	-90.0063	18.481	-	-	-	-	G
C02110828      none	B	[!#1:1][CX4H2:2]!@[CX4H2:3][!#1:4]	179.999	58.554	-	-	-	-	G
C02110828      none	B	[O:1]=[CX3:2]([NH1])!@[CH2:3][C:4]	-89.9962	1.868	-	-	-	-	O
C02110828      none	B	[O:1]=[CX3:2]!@[NX3H1:3][!#1:4]	-0.0046331	63.7893	-	-	-	-	G
C02110828      none	B	[$([CX3]=O):1][NX3H1:2]!@[CX4H2:3][C:4] 	-89.9995	7.35439	-	-	-	-	G
C02110828      none	B	N[C:2](=[O:1])!@[CH2:3][N:4]	180	8.33333	-	-	-	-	G
C02110828      none	B	[O:1]=[CX3:2]!@[NX3H1:3][!#1:4]	0.00481284	63.7893	-	-	-	-	G
C02110828      none	B	[$([CX3]=O):1][NX3H1:2]!@[CX4H2:3][C:4] 	-150.008	1.7769	-	-	-	-	O
C02110828      none	B	N[C:2](=[O:1])!@[CH2:3][N:4]	90.0011	0	-	-	-	-	R
C02110828      none	B	[O:1]=[CX3:2]!@[NX3H1:3][!#1:4]	0.00210622	63.7893	-	-	-	-	G
C02110828      none	B	[$([CX3]=O):1][NX3H1:2]!@[CX4H2:3][C:4] 	179.993	6.46594	-	-	-	-	G
C02110828      none	B	[NH1:1][CX4:2]!@[CX3:3]=[O:4]	-119.994	0.275693	-	-	-	-	G
C13180915      none	B	[aH1:1][c:2]([aH0])!@[SX2:3][!#1:4]	90.0039	1.8677	-	-	-	-	G
C13180915      none	B	[!#1:1][CX4:2]!@[SX2:3][!#1:4]	150.002	1.40678	-	-	-	-	G
C13180915      none	B	[!#1:1][CX4H2:2]!@[CX3:3]=[O:4]	-59.9994	1.45352	-	-	-	-	G
C13180915      none	B	[O:1]=[CX3:2]!@[NX3H1:3][!#1:4]	-0.00962272	63.7893	-	-	-	-	G
C13180915      none	B	[$(C=O):1][NX3H1:2]!@[c:3]([cH1])[cH1:4]	30.0029	5.05437	-	-	-	-	G
C13180915      none	B	[cH1:1][c:2]([cH1])!@[C:3]([NH1,NH2])=[O:4]	153.027	9.05971	-	-	-	-	G
C13180915      none	B	[O:1]=[CX3:2]!@[NX3H1:3][!#1:4]	0.00113404	63.7893	-	-	-	-	G
C13180915      none	B	[$([CX3]=O):1][NX3H1:2]!@[CX4H2:3][C:4] 	179.996	6.46594	-	-	-	-	G
C13180915      none	B	[NH1:1][CX4:2]!@[CX3:3]=[O:4]	119.996	0.41354	-	-	-	-	G
C42470954      none	B	[O:1]=[CX3:2]!@[NX3H0:3][!#1:4]	-0.00278341	25.0866	-	-	-	-	G
C42470954      none	B	[O:1]=[CX3:2]!@[CX3:3]=[O:4]	89.9997	2.94118	-	-	-	-	G
C42470954      none	B	[O:1]=[CX3:2]!@[NX3H1:3][!#1:4]	-0.00280691	63.7893	-	-	-	-	G
C42470954      none	B	[$([CX3]=O):1][NX3H1:2]!@[CX4H2:3][C:4] 	90.0006	7.35439	-	-	-	-	G
C42470954      none	B	[!#1:1][CX4:2]!@[CX3H0:3][!#1:4]	30.0036	1.49834	-	-	-	-	G
C04113138      none	B	[cH0:1][c:2]!@[CX4H1:3][a:4]	-120.012	2.61531	-	-	-	-	G
C04113138      none	B	[a:1][c:2]!@[CX4H1:3][a:4]	179.999	0.93359	-	-	-	-	G
C04113138      none	B	[cH0:1][c:2]!@[CX4H1:3][a:4]	-90.0008	4.66001	-	-	-	-	G
C04113138      none	B	[O-:1][N+:2](=O)!@[c:3][a:4]	0.00508569	18.5814	-	-	-	-	G
C14037751      none	B	[$(S(=O)(=O)):1][N:2]!@[c:3][a:4]	60.006	1.70898	-	-	-	-	G
C14037751      none	B	[c:1][S:2](=O)(=O)!@[NX2H0-:3]-[*:4]	-60.0073	11.1111	-	-	-	-	G
C14037751      none	B	[aH1:1][c:2]([aH1])!@[SX4:3][!#1:4]	-89.7199	12.5987	-	-	-	-	G
C14037751      none	B	[$(C=O):1][NX3H1:2]!@[c:3]([cH1])[cH1:4]	-150.021	5.07451	-	-	-	-	G
C14037751      none	B	[O:1]=[CX3:2]!@[NX3H1:3][!#1:4]	0.0149141	63.7893	-	-	-	-	G
C14037751      none	B	[O:1][CX4:2]!@[CX3:3]=[O:4]	-0.00927363	13.789	-	-	-	-	G
C14037751      none	B	[H:1][CX4H1:2]!@[OX2:3][!#1:4]	-30.0138	9.1924	-	-	-	-	G
C14037751      none	B	[cH1,n:1][c:2]!@[O:3][CH1:4]	60.0038	0.194175	-	-	-	-	R
C14037751      none	B	[O-:1][N+:2](=O)!@[c:3]([cH,nX2H0])[cH,nX2H0:4]	179.988	23.2156	-	-	-	-	G
C40987528      none	B	[aH1:1][c:2]([aH1])!@[SX4:3][!#1:4]	89.9892	12.916	-	-	-	-	G
C40987528      none	B	[$(C=O):1][NX3H1:2]!@[c:3]([cH1])[cH1:4]	-119.958	0.302054	-	-	-	-	R
C40987528      none	B	[O:1]=[CX3:2]!@[NX3H1:3][!#1:4]	-0.00519366	63.7893	-	-	-	-	G
C40987528      none	B	[a:1][c:2]!@[C:3]([NH1,NH2])=[O:4]	30.3041	4.93827	-	-	-	-	O
C40987528      none	B	[*:1]~[CX4:2]!@[n:3]~[*:4]	29.9941	3.02094	-	-	-	-	G
C40987528      none	B	[c:1][S:2](=O)(=O)!@[NX2H0-:3]-[*:4]	-59.9878	11.1111	-	-	-	-	O
C40987528      none	B	[$(S(=O)(=O)):1][N:2]!@[c:3][a:4]	-0.00445984	3.75977	-	-	-	-	G
C40329206      none	B	[$([CX3]=O):1][NX3H0:2](C)!@[CX4H2:3][C:4]	-120.007	2.31561	-	-	-	-	O
C40329206      none	B	[O:1]=[CX3:2]!@[NX3H0:3][!#1:4]	-0.0161762	25.0866	-	-	-	-	G
C40329206      none	B	N[C:2](=[O:1])!@[CH2:3][N:4]	89.9946	0	-	-	-	-	R
C40329206      none	B	[O:1]=[CX3:2]!@[NX3H0:3][!#1:4]	-179.678	18.2537	-	-	-	-	G
C40329206      none	B	[!#1:1][CX4H2:2]!@[CX3:3]=[O:4]	-0.00282737	19.1789	-	-	-	-	G
C40329206      none	B	[!#1:1][CH2:2]!@[n:3][a:4]	-89.6969	13.2844	-	-	-	-	G
C40217527      none	B	[s:1][c:2]!@[C:3]([NH1])=[O:4]	149.979	0	-	-	-	-	R
C40217527      none	B	[O:1]=[CX3:2]!@[NX3H1:3][!#1:4]	0.00107514	63.7893	-	-	-	-	G
C40217527      none	B	[$(C=O):1][NX3H1:2]!@[c:3]([cH1])[cH1:4]	-59.9989	0.241643	-	-	-	-	R
C40217527      none	B	[$(S(=O)(=O)):1][NH1:2]!@[c:3]([cH1])[cH1:4]	30.2493	1.90678	-	-	-	-	O
C40217527      none	B	[*:1][$(S(=O)=O):2]!@[NX3H1:3][*:4]	-90.0008	4.38465	-	-	-	-	G
C52222741      none	B	[n,o,s:1][c:2]!@[CX4H2:3][CX4:4]	45.3225	2.99177	-	-	-	-	O
C52222741      none	B	[a:1][c:2]!@[CX4H2:3][a:4]	179.997	2.38722	-	-	-	-	O
C52222741      none	B	[!#1:1][CH2:2]!@[n:3][a:4]	-89.6906	13.2844	-	-	-	-	G
C52222741      none	B	[a:1][c:2]!@[CX4H2:3][!#1:4]	45.004	2.0463	-	-	-	-	O
C58862451      none	B	[$(C=O):1][NX3:2]!@[a:3][aH0:4]	149.993	1.842	-	-	-	-	O
C58862451      none	B	[O:1]=[CX3:2]([$([NX3H1]C)])!@[NX3H1:3][!#1:4]	60.0049	0	-	-	-	-	R
C58862451      none	B	[O:1]=[CX3:2]([$([NX3H1]C)])!@[NX3H1:3][!#1:4]	-0.00722315	41.1343	-	-	-	-	G
C58862451      none	B	[*:1]~[NX3:2]!@[NX3:3]~[*:4]	180	7.3164	-	-	-	-	G
C58862451      none	B	[O:1]=[CX3:2]!@[NX3H1:3][!#1:4]	0.000786114	63.7893	-	-	-	-	G
C58862451      none	B	[cH1:1][c:2]([cH1])!@[C:3]([NH1,NH2])=[O:4]	27.0015	8.08167	-	-	-	-	G
C58862451      none	B	[a:1][ar6:2]!@[ar5:3][a:4]	-179.695	7.27752	-	-	-	-	G
C63952340      none	B	[!#1:1][CX3:2]!@[SX4:3][!#1:4]	126.095	0.815217	-	-	-	-	R
C63952340      none	B	[!#1:1][CX4:2]!@[CX3H0:3][!#1:4]	-29.9971	1.75844	-	-	-	-	G
C63952340      none	B	[*:1]~[cX3:2]!@[NX2:3]~[*:4]	-59.6927	1.53044	-	-	-	-	O
C63952340      none	B	[*:1][$(S(=O)=O):2]!@[NX3H0r:3][*:4]	120.318	1.23223	-	-	-	-	O
C13523442      none	B	[s:1][c:2]!@[C:3]([NH1])=[O:4]	-179.713	7.69231	-	-	-	-	R
C13523442      none	B	[O:1]=[CX3:2]!@[NX3H1:3][!#1:4]	-0.0097853	63.7893	-	-	-	-	G
C13523442      none	B	[$([CX3]=O):1][NX3H1:2]!@[CX4H2:3][C:4] 	-89.9928	7.35439	-	-	-	-	G
C13523442      none	B	[NH1:1][CX4:2]!@[CX3:3]=[O:4]	179.997	3.23174	-	-	-	-	O
C13523442      none	B	[O:1]=[C:2]!@[O:3]~[C:4]	0.0033411	74.4927	-	-	-	-	G
C13523442      none	B	[$(C=O):1][O:2]!@[CH2:3]~[C:4]	-89.9988	4.43359	-	-	-	-	G
C13523442      none	B	[OX2:1][CX4H2:2]!@[CX3:3]([$([NX3H1,NX3H2])])=[O:4]	-120	0	-	-	-	-	R
C13523442      none	B	[O:1]=[CX3:2]!@[NX3H1:3][!#1:4]	-0.0235423	63.7893	-	-	-	-	G
C13523442      none	B	[$(C=O):1][NX3H1:2]!@[c:3]([cH0]Cl)[cH:4]	30.2929	4.71698	-	-	-	-	G
C13523442      none	B	[aH1:1][c:2]([aH1])!@[SX4:3][!#1:4]	110.004	4.92809	-	-	-	-	G
C13523442      none	B	[*:1][$(S(=O)=O):2]!@[NX3H0r:3][*:4]	90.2861	4.85782	-	-	-	-	G
C60211971      none	B	[*:1][$(S(=O)=O):2]!@[NX3H0r:3][*:4]	-119.698	0.995261	-	-	-	-	G
C60211971      none	B	[cH1:1][c:2]([cH1])!@[C:3]([NH1,NH2])=[O:4]	152.554	9.05971	-	-	-	-	G
C60211971      none	B	[O:1]=[CX3:2]!@[NX3H1:3][!#1:4]	0.000434977	63.7893	-	-	-	-	G
C60211971      none	B	[$(C=O):1][NX3H1:2]!@[CX4H1:3][H:4]	30.0011	9.46757	-	-	-	-	G
C36722164      none	B	[cH1:1][c:2]!@[c:3]([cH1])[nX2H0:4]	-119.997	0.102854	-	-	-	-	R
C36722164      none	B	[cH1:1][a:2]([cH1])!@[a:3]([sX2,o,nX2H0,nX3H1:4])([cH1])	-149.999	2.71824	-	-	-	-	G
C48912158      none	B	[O:1]=[C:2]([N])!@[O:3]~[C:4]	0.0153539	57.729	-	-	-	-	G
C48912158      none	B	[O:1]=[CX3:2]!@[NX3H1:3][!#1:4]	0.000142784	63.7893	-	-	-	-	G
C48912158      none	B	[$([CX3]=O):1][NX3H1:2]!@[CX4H2:3][C:4] 	120.006	2.76407	-	-	-	-	O
C48912158      none	B	N[C:2](=[O:1])!@[CH2:3][N:4]	-60.0098	0.14881	-	-	-	-	O
C48912158      none	B	[O:1]=[CX3:2]!@[NX3H0:3][!#1:4]	150.275	1.73707	-	-	-	-	O
C21886706      none	B	[aH1:1][c:2]([aH1])!@[SX4:3][!#1:4]	30.0017	0.225606	-	-	-	-	R
C21886706      none	B	[*:1][$(S(=O)=O):2]!@[NX3H0r:3][*:4]	90.2773	4.85782	-	-	-	-	G
C21886706      none	B	[cH1,nX2H0:1][c:2]([cH1,nX2H0])!@[NX3r:3][*:4]	60.2753	2.78062	-	-	-	-	O
C08651763      none	B	[!#1:1][CX4:2]!@[SX2:3][!#1:4]	-160	3.18377	-	-	-	-	G
C08651763      none	B	[aH0:1][c:2]([aH0])!@[SX2:3][!#1:4]	60.0009	2.01135	-	-	-	-	G
C47321197      none	B	[$(C=O):1][NX3H1:2]!@[c:3]([cH1])[cH1:4]	-149.731	5.07451	-	-	-	-	G
C47321197      none	B	[O:1]=[CX3:2]!@[NX3H1:3][!#1:4]	30	0.0707142	-	-	-	-	O
C47321197      none	B	[O:1]=[CX3:2]!@[NX3H0:3][!#1:4]	-149.713	1.37927	-	-	-	-	O
C47321197      none	B	[O:1]=[CX3:2]!@[NX3H0:3][!#1:4]	-29.9957	0.692521	-	-	-	-	O
C47321197      none	B	[O:1]=[CX3:2]!@[CX3:3]=[O:4]	-59.997	0.346021	-	-	-	-	R
C47321197      none	B	[O:1]=[CX3:2]!@[NX3H1:3][!#1:4]	-0.00643968	63.7893	-	-	-	-	G
C47321197      none	B	[$(C=O):1][NX3H1:2]!@[CX4H1:3][H:4]	60.0108	6.22422	-	-	-	-	O
C39206062      none	B	[C:1][CX4H2:2]!@[OX2:3][c:4]	-59.999	0.252685	-	-	-	-	G
C39206062      none	B	[cH1:1][c:2](cO)!@[O:3][C:4]	120.004	0.236827	-	-	-	-	R
C39206062      none	B	[a:1][c:2]!@[CX4H1:3][H:4]	0.00250836	6.54616	-	-	-	-	G
C39206062      none	B	[CX3:1]=[CX3:2]!@[CH2:3][OX2:4]	149.998	1.83206	-	-	-	-	G
C39206062      none	B	[C:1][CH2:2]!@[O:3][CX4:4]	79.9948	1.71561	-	-	-	-	G
C66818872      none	B	[a:1][c:2]!@[CX4H2:3][!#1:4]	-89.9947	7.30446	-	-	-	-	G
C66818872      none	B	[!#1:1][CX4H2:2]!@[NX3H1:3][!#1:4]	120.001	2.00811	-	-	-	-	O
C66818872      none	B	[cH0:1][c:2]([cH,nX2H0])!@[NX3H1:3][CX4:4]	-159.712	4.72103	-	-	-	-	O
C36217071      none	B	[O:1]=[CX3:2]!@[NX3H1:3][!#1:4]	0.00833419	63.7893	-	-	-	-	G
C36217071      none	B	[$(C=O):1][NX3H1:2]!@[c:3](s)[n:4]	-179.683	66.092	-	-	-	-	G
C36217071      none	B	[aH0:1][c:2]([aH0])!@[SX4:3][!#1:4]	36.1317	1.25698	-	-	-	-	R
C36217071      none	B	[c:1][$(S(=O)=O):2]!@[NX3H1:3][C:4]	-90.0012	3.19032	-	-	-	-	G
C36217071      none	B	[$(S(=O)(=O)):1][NX3H1:2]!@[CX4H2:3][!#1:4]	-89.9984	3.86266	-	-	-	-	G
C36217071      none	B	N[C:2](=[O:1])!@[CH2:3][N:4]	149.993	3.125	-	-	-	-	G
C36217071      none	B	[O:1]=[CX3:2]!@[NX3H1:3][!#1:4]	0.0118404	63.7893	-	-	-	-	G
C36217071      none	B	[$(C=O):1][NX3H1:2]!@[CX4H1:3][H:4]	-30.0083	6.97413	-	-	-	-	G
C59368908      none	B	[aH0:1][c:2]([aH1])!@[SX4:3][!#1:4]	70.0234	11.3606	-	-	-	-	G
C59368908      none	B	[*:1]~[N,n:2]!@[S:3]~[*:4]	-149.996	1.449	-	-	-	-	G
C59368908      none	B	[cH1:1][c:2]([cH1])!@[CX3:3]=[NX2:4]	-119.729	0.897666	-	-	-	-	O
C59368908      none	B	[cH0:1][a:2]([cH1])!@[a:3]([sX2,o,nX2H0,nX3H1:4])([cH1])	-0.0191482	10.4563	-	-	-	-	G
C59368908      none	B	[O-:1][N+:2](=O)!@[c:3]([cH0])[cH,nX2H0:4]	90.2575	0.274725	-	-	-	-	O
C51037125      none	B	[C:1][CX4:2]!@[CX3:3]=[O:4]	30.0036	3.28614	-	-	-	-	G
C51037125      none	B	[!#1:1][CX4:2]!@[SX2:3][!#1:4]	80.001	6.41197	-	-	-	-	G
C51037125      none	B	[O:1]=[CX3:2]!@[NX3H0:3][!#1:4]	-29.7127	0.692521	-	-	-	-	O
C51037125      none	B	[aH0:1][c:2]([aH0])!@[SX2:3][!#1:4]	149.998	0.567303	-	-	-	-	O
C02477718      none	B	[OX2:1][CX4:2]!@[CX4:3][N:4]	64.2367	15.2809	-	-	-	-	G
C02477718      none	B	[$([CX3]=O):1][NX3H1:2]!@[CX4H2:3][C:4] 	150.001	1.43139	-	-	-	-	O
C02477718      none	B	[O:1]=[CX3:2]!@[NX3H1:3][!#1:4]	-0.00133567	63.7893	-	-	-	-	G
C02477718      none	B	[O:1]=[CX3:2]!@[CX3:3]=[O:4]	0.00429845	1.55709	-	-	-	-	R
C02477718      none	B	[O:1]=[CX3:2]!@[NX3H1:3][!#1:4]	0.00292538	63.7893	-	-	-	-	G
C02477718      none	B	[$([CX3]=O):1][NX3H1:2]!@[CX4H2:3][C:4] 	89.9928	7.35439	-	-	-	-	G
C02477718      none	B	[OX2:1][CX4H2:2]!@[CX4H2:3][N:4]	60.003	17.6955	-	-	-	-	G
C56214328      none	B	[cH0:1][c:2]([cH1])!@[CX3:3]([NX3H1])=[O:4]	-120	1.47955	-	-	-	-	G
C56214328      none	B	[O:1]=[CX3:2]!@[NX3H1:3][!#1:4]	-0.000643691	63.7893	-	-	-	-	G
C56214328      none	B	[$([CX3]=O):1][NX3H1:2]!@[CX4H2:3][C:4] 	179.996	6.46594	-	-	-	-	G
C56214328      none	B	N[C:2](=[O:1])!@[CH2:3][N:4]	-59.9992	0.14881	-	-	-	-	O
C56214328      none	B	[*:1]~[CX3:2]!@[NX2:3]~[*:4]	-60.0063	0.126195	-	-	-	-	G
C02697406      none	B	[a:1][c:2]!@[CX4H2:3][!#1:4]	180	2.35335	-	-	-	-	O
C02697406      none	B	[!#1:1][CX4H2:2]!@[NX3H1:3][!#1:4]	180	11.3535	-	-	-	-	G
C02697406      none	B	[!#1:1][CX3:2](=S)!@[NX3H1:3][!#1:4]	0.000819304	27.5459	-	-	-	-	G
C02697406      none	B	[!#1:1][CX3:2](=S)!@[NX3H1:3][!#1:4]	149.995	0.033389	-	-	-	-	R
C02697406      none	B	[*:1]~[NX3:2]!@[NX3:3]~[*:4]	119.997	2.59525	-	-	-	-	G
C02697406      none	B	[O:1]=[CX3:2]!@[NX3H1:3][!#1:4]	0.00976337	63.7893	-	-	-	-	G
C02697406      none	B	[*^2:1]~[C^2:2]([!H])!@[C^2:3]~[*^2:4]	-179.99	19.9269	-	-	-	-	G
C02697406      none	B	[*^2:1]~[C^2:2]([!H])!@[C^2:3]~[*^2:4]	29.9996	1.05249	-	-	-	-	G
C16901004      none	B	[O:1]=[C:2]([O-])!@[c:3]([cH1])[cH1:4]	179.982	7.35294	-	-	-	-	G
C16901004      none	B	[$(C=O):1][NX3H0:2]!@[c:3]([cH1])[cH1:4]	60.2755	4.89486	-	-	-	-	G
C16901004      none	B	[!#1:1][CX4H1:2]!@[NX3:3][!#1:4]	180	2.80076	-	-	-	-	G
C16901004      none	B	[a:1][c:2]!@[NX3H1:3][$([CX4r]([C;r])([C;r])):4]	30.2764	0.852273	-	-	-	-	O
C16901004      none	B	[O-:1][N+:2](=O)!@[c:3]([cH,nX2H0])[cH,nX2H0:4]	179.975	23.2156	-	-	-	-	G
C08898128      none	B	[cH1:1][c:2]([cH1])!@[C:3]([NH1,NH2])=[O:4]	-26.9725	8.39053	-	-	-	-	G
C08898128      none	B	[O-:1][N+:2](=O)!@[c:3]([cH0])[cH,nX2H0:4]	90.2504	0.274725	-	-	-	-	O
C08898128      none	B	[O:1]=[CX3:2]!@[NX3H1:3][!#1:4]	-0.00509322	63.7893	-	-	-	-	G
C08898128      none	B	[$(C=O):1][NX3H1:2]!@[CX3:3]=[*H0:4]	180	33.8082	-	-	-	-	G
C08898128      none	B	[!#1:1][CX3:2](=S)!@[NX3H1:3][!#1:4]	179.992	37.0618	-	-	-	-	G
C08898128      none	B	[a:1][a:2]!@[NX3:3][!#1:4]	-119.774	1.58818	-	-	-	-	O
C08898128      none	B	[cH1,nX2H0:1][c:2]([cH1,nX2H0])!@[NX3r:3][*:4]	-149.622	2.0583	-	-	-	-	O
C08898128      none	B	[*:1][$(S(=O)=O):2]!@[NX3H0r:3][*:4]	-90.0031	4.88152	-	-	-	-	G
C18047598      none	B	[*:1]~[CX4:2]!@[NX4:3]~[*:4]	40.0004	2.08461	-	-	-	-	G
C18047598      none	B	[!#1:1][CX4:2]!@[CX4:3][!#1:4]	-39.9965	0.976141	-	-	-	-	G
C18047598      none	B	[a:1][c:2]!@[CX4H1:3][N,O:4]	90.0022	1.22453	-	-	-	-	G
C18047598      none	B	[$([CX3]=O):1][NX3H1:2]!@[CX4H2:3][C:4] 	-90.0043	7.35439	-	-	-	-	G
C18047598      none	B	[O:1]=[CX3:2]!@[NX3H1:3][!#1:4]	0.00391561	63.7893	-	-	-	-	G
C18047598      none	B	[cH1:1][c:2]([cH1])!@[C:3]([NH1,NH2])=[O:4]	152.99	9.05971	-	-	-	-	G
C18047598      none	B	[$(S(=O)(=O)):1][NH0:2]!@[c:3]([cH1])[cH1:4]	89.9729	15.7025	-	-	-	-	G
C18047598      none	B	[c:1][S:2](=O)(=O)!@[NX2H0-:3]-[*:4]	-60.0017	11.1111	-	-	-	-	G
C18047598      none	B	[aH1:1][c:2]([aH1])!@[SX4:3][!#1:4]	-89.7317	12.5987	-	-	-	-	G
C18047598      none	B	[O-:1][N+:2](=O)!@[c:3]([cH,nX2H0])[cH,nX2H0:4]	-179.835	23.2156	-	-	-	-	G
C03954377      none	B	[OX2:1][CX4:2]!@[CX4:3][OX2:4]	-60.0019	16.2177	-	-	-	-	G
C03954377      none	B	[H:1][CX4H1:2]!@[OX2:3][!#1:4]	-37.601	10.8116	-	-	-	-	G
C03954377      none	B	[*:1]~[OX2:2]!@[P:3]~[*:4]	59.9995	4.54722	-	-	-	-	G
C48035712      none	B	[$([CX3]=O):1][NX3H0:2](C)!@[CX4H2:3][C:4]	-89.9995	15.9949	-	-	-	-	G
C48035712      none	B	[O:1]=[CX3:2]!@[NX3H0:3][!#1:4]	0.000223105	25.0866	-	-	-	-	G
C48035712      none	B	N[C:2](=[O:1])!@[CH2:3][N:4]	89.9876	0	-	-	-	-	R
C48035712      none	B	[O:1]=[CX3:2]!@[CX3:3]=[O:4]	-90.0033	4.15225	-	-	-	-	G
C48035712      none	B	[O:1]=[CX3:2]!@[NX3H1:3][!#1:4]	180	2.24265	-	-	-	-	G
C48035712      none	B	[$(C=O):1][NX3H1:2]!@[c:3](s)[n:4]	-0.00479551	0.574713	-	-	-	-	R
C50208458      none	B	[*:1]~[CX3:2]!@[cX3:3]~[*:4]	-59.9986	1.26106	-	-	-	-	O
C50208458      none	B	[*:1]~[cX3:2]!@[NX3:3]~[*:4]	120.302	1.20667	-	-	-	-	O
C00404255      none	B	[*:1]~[CX4:2]!@[n:3]~[*:4]	-90.005	3.28413	-	-	-	-	G
C00404255      none	B	[OX2:1][CX4:2]!@[CX4:3][OX2:4]	-167.691	4.55756	-	-	-	-	G
C44587834      none	B	[aH1:1][c:2]([aH1])!@[SX4:3][!#1:4]	-89.9986	12.5987	-	-	-	-	G
C44587834      none	B	[O:1]=[C:2]!@[NX3H0:3]([a:4])[A]	-0.00538934	15.7822	-	-	-	-	G
C44587834      none	B	[a:1][c:2]!@[C:3]([NH0])=[O:4]	-149.694	1.44444	-	-	-	-	G
C19384783      none	B	[cH0:1][c:2]([cH1])!@[O:3][C:4]	119.985	0.35639	-	-	-	-	R
C19384783      none	B	[C:1][CX4H2:2]!@[OX2:3][c:4]	-90.0005	0.86334	-	-	-	-	G
C19384783      none	B	[OX2:1][CX4H2:2]!@[CX3:3]([$([NX3H1,NX3H2])])=[O:4]	89.9961	0.357143	-	-	-	-	R
C19384783      none	B	[O:1]=[CX3:2]!@[NX3H1:3][!#1:4]	-0.000186959	63.7893	-	-	-	-	G
C19384783      none	B	[$(C=O):1][NX3H1:2]!@[CX4H1:3][H:4]	30.003	9.46757	-	-	-	-	G
C66362577      none	B	[aH1:1][c:2]([aH1])!@[SX4:3][!#1:4]	90.2758	12.916	-	-	-	-	G
C66362577      none	B	[$([cH0]F):1][c:2]([cH1])!@[CX3:3]([NX3H1])=[O:4]	-30.0059	2.04082	-	-	-	-	R
C66362577      none	B	[O:1]=[CX3:2]!@[NX3H1:3][!#1:4]	0.00185101	63.7893	-	-	-	-	G
C66362577      none	B	[$(C=O):1][NX3:2]!@[a:3][aH0:4]	-59.9986	2.68113	-	-	-	-	G
C48519493      none	B	[*:1]~[CX3:2]!@[cX3:3]~[*:4]	-120.002	1.20163	-	-	-	-	O
C48519493      none	B	[*:1]~[N,n:2]!@[S:3]~[*:4]	-59.9967	4.40087	-	-	-	-	G
C48519493      none	B	[aH1:1][c:2]([aH1])!@[SX4:3][!#1:4]	90.2668	12.916	-	-	-	-	G
C37244328      none	B	[$(C=O):1][NX3H1:2]!@[CX4H1:3][H:4]	-30.0015	6.97413	-	-	-	-	G
C37244328      none	B	[O:1]=[CX3:2]!@[NX3H1:3][!#1:4]	-0.000433923	63.7893	-	-	-	-	G
C37244328      none	B	[O:1]=[CX3:2]!@[CX3:3]=[O:4]	-120.005	1.55709	-	-	-	-	G
C37244328      none	B	[O:1]=[CX3:2]!@[NX3H1:3][!#1:4]	0.0150129	63.7893	-	-	-	-	G
C37244328      none	B	[$([CX3]=O):1][NX3H1:2]!@[CX4H2:3][C:4] 	-90.0031	7.35439	-	-	-	-	G
C37244328      none	B	[!#1:1][CX4:2]!@[CX3H0:3][!#1:4]	-60.0104	4.40277	-	-	-	-	G
C44548879      none	B	[nX2H0r6:1][cr6:2]([cr6])!@[CX3:3]([!O])=[O:4]	-120.005	1.01138	-	-	-	-	R
C44548879      none	B	[C:1][CX4H2:2]!@[CX3:3]=[O:4]	-29.9955	4.17149	-	-	-	-	G
C44548879      none	B	[!#1:1][CX4:2]!@[CX3H0:3][!#1:4]	89.7396	2.78327	-	-	-	-	G
C04259946      none	B	[!#1:1][CX4:2]!@[CX4:3][!#1:4]	179.999	22.1548	-	-	-	-	G
C04259946      none	B	[!#1:1][CX4:2]!@[CX4:3][!#1:4]	59.9976	12.3771	-	-	-	-	G
C04259946      none	B	[O:1]=[CX3:2]([NH1])!@[CH2:3][C:4]	90.005	2.11706	-	-	-	-	O
C04259946      none	B	[O:1]=[CX3:2]!@[NX3H1:3][!#1:4]	-0.00551655	63.7893	-	-	-	-	G
C04259946      none	B	[$(C=O):1][NX3H1:2]!@[CX4H1:3][H:4]	60.0022	6.22422	-	-	-	-	G
C04259946      none	B	[*:1]~[CX4:2]!@[n:3]~[*:4]	-60.0019	3.65221	-	-	-	-	G
C04259946      none	B	[aH0:1][c:2]!@[OX2:3][!#1:4]	-149.999	0.522607	-	-	-	-	O
C04259946      none	B	[cH1:1][c:2]([cH1])!@[O:3][c:4]	-89.7286	3.72585	-	-	-	-	G
C04259946      none	B	[cH1:1][a:2]([cH1])!@[a:3]([sX2,o,nX2H0,nX3H1:4])([cH1])	180	11.5003	-	-	-	-	G
C04259946      none	B	[C:1][CX4H2:2]!@[CX3:3]=[O:4]	-89.9981	1.15875	-	-	-	-	O
C46865232      none	B	[a:1][c:2]!@[CX4H2:3][!#1:4]	90.0015	7.24386	-	-	-	-	G
C46865232      none	B	[!#1:1][CX4:2]!@[SX2:3][!#1:4]	-60.0047	7.13757	-	-	-	-	G
C46865232      none	B	[!#1:1][CX4:2]!@[SX2:3][!#1:4]	-79.9994	6.01214	-	-	-	-	G
C46865232      none	B	[!#1:1][CX4H2:2]!@[CX3:3]=[O:4]	60.0097	1.20812	-	-	-	-	G
C46865232      none	B	[O:1]=[CX3:2]!@[NX3H1:3][!#1:4]	-0.00772439	63.7893	-	-	-	-	G
C46865232      none	B	[*:1]~[NX3:2]!@[NX3:3]~[*:4]	180	7.3164	-	-	-	-	G
C46865232      none	B	[O:1]=[CX3:2]!@[NX3H1:3][!#1:4]	-0.00200911	63.7893	-	-	-	-	G
C46865232      none	B	[cH1:1][c:2]([cH1])!@[C:3]([NH1,NH2])=[O:4]	-152.996	8.78518	-	-	-	-	G
C46865232      none	B	[aH1:1][c:2]([aH1])!@[SX4:3][!#1:4]	-70.0033	5.44275	-	-	-	-	G
C46865232      none	B	[*:1][$(S(=O)=O):2]!@[NX3H0r:3][*:4]	-89.6615	4.88152	-	-	-	-	G
C39749308      none	B	[a:1][c:2]!@[CX4H1:3][H:4]	149.998	3.71955	-	-	-	-	G
C39749308      none	B	[!#1:1][CX3:2]!@[SX2:3][!#1:4]	-30.0008	1.54367	-	-	-	-	G
C39749308      none	B	[!#1:1][CX4:2]!@[SX2:3][!#1:4]	59.9992	7.53739	-	-	-	-	G
C39749308      none	B	[a:1][c:2]!@[CX4H2:3][!#1:4]	-134.731	2.0362	-	-	-	-	O
C39749308      none	B	[O-:1][N+:2](=O)!@[c:3]([cH,nX2H0])[cH,nX2H0:4]	179.976	23.2156	-	-	-	-	G
C59565725      none	B	[CX3:1]=[CX3:2]!@[CH2:3][!#1:4]	120.003	8.78049	-	-	-	-	G
C59565725      none	B	[$([CX3]=O):1][NX3H0:2](C)!@[CX4H2:3][C:4]	-90.003	15.9949	-	-	-	-	G
C59565725      none	B	[a:1][c:2]!@[CX3:3]=[CX3H0:4]	90.2827	1.52036	-	-	-	-	G
C59565725      none	B	[O-:1][N+:2](=O)!@[c:3]([cH0])[cH,nX2H0:4]	0.314527	12.6374	-	-	-	-	G
C35097891      none	B	[s:1][c:2]!@[C:3]([NH1])=[O:4]	-179.707	7.69231	-	-	-	-	R
C35097891      none	B	[O:1]=[CX3:2]!@[NX3H1:3][!#1:4]	-0.00758632	63.7893	-	-	-	-	G
C35097891      none	B	[$([CX3]=O):1][NX3H1:2]!@[CX4H2:3][C:4] 	89.9993	7.35439	-	-	-	-	G
C35097891      none	B	N[C:2](=[O:1])!@[CH2:3][N:4]	179.998	8.33333	-	-	-	-	G
C35097891      none	B	[O:1]=[CX3:2]!@[NX3H1:3][!#1:4]	0.0012773	63.7893	-	-	-	-	G
C35097891      none	B	[$([CX3]=O):1][NX3H1:2]!@[CX4H2:3][C:4] 	-89.9987	7.35439	-	-	-	-	G
C35097891      none	B	N[C:2](=[O:1])!@[CH2:3][N:4]	119.999	0.595238	-	-	-	-	G
C35097891      none	B	[O:1]=[CX3:2]!@[NX3H1:3][!#1:4]	-0.00210353	63.7893	-	-	-	-	G
C35097891      none	B	[$([CX3]=O):1][NX3H1:2]!@[CX4H2:3][C:4] 	179.998	6.46594	-	-	-	-	G
C35097891      none	B	[NH1:1][CX4:2]!@[CX3:3]=[O:4]	-120.005	0.275693	-	-	-	-	G
C12530616      none	B	[a:1][a:2]!@[CX3:3]=[CX3H1:4]	-60.0001	1.10784	-	-	-	-	O
C12530616      none	B	[a:1][c:2]!@[CX3:3]=[CX3H0:4]	-89.7273	1.59557	-	-	-	-	G
C12530616      none	B	[aH1:1][c:2]([aH0])!@[SX2:3][*R:4]	60.0016	1.02041	-	-	-	-	O
C12530616      none	B	[O-:1][N+:2](=O)!@[c:3]([cH0])[cH,nX2H0:4]	90.2905	0.274725	-	-	-	-	O
C12530616      none	B	[aH0:1][c:2]([aH0])!@[SX2:3][!#1:4]	60.0042	2.01135	-	-	-	-	G
C20081515      none	B	[C:1][CH2:2]!@[O:3][CX4:4]	-80.0074	1.18773	-	-	-	-	G
C20081515      none	B	[!#1:1][CX4:2]!@[CX3H0:3][!#1:4]	-90.313	2.97335	-	-	-	-	G
C20081515      none	B	[a:1][c:2]!@[CX4H1:3][H:4]	0.254131	6.54616	-	-	-	-	G
C20081515      none	B	[cH1:1][c:2](cO)!@[O:3][C:4]	60.0112	0.148017	-	-	-	-	R
C20081515      none	B	[cH1:1][c:2](cO)!@[O:3][C:4]	-89.768	0.35524	-	-	-	-	R
C20081515      none	B	[C:1][CX4H2:2]!@[OX2:3][c:4]	-150.007	1.28448	-	-	-	-	O
C20081515      none	B	[OX2:1][CX4H2:2]!@[CX4H2:3][Nr:4]	179.993	8.33333	-	-	-	-	G
C20081515      none	B	[CX4:1][CX4H2:2]!@[NX3;"N_lp":3][CX4:4]	-76.3644	8.1206	-	-	-	-	G
C20370824      none	B	[O:1]=[CX3:2]!@[NX3H1:3][!#1:4]	-0.00807721	63.7893	-	-	-	-	G
C20370824      none	B	[$(C=O):1][NX3H1:2]!@[c:3]([cH1])[cH1:4]	90.0077	0.0402739	-	-	-	-	R
C20370824      none	B	[$(C=O):1][NX3H0:2]!@[c:3]([cH1])[cH1:4]	149.977	1.18925	-	-	-	-	G
C20370824      none	B	[C:1][CX4:2]!@[CX3:3]=[O:4]	55.3544	2.38699	-	-	-	-	G
C20370824      none	B	[O:1]=[CX3:2]!@[NX3H1:3][!#1:4]	0.001186	63.7893	-	-	-	-	G
C20370824      none	B	[$(C=O):1][NX3:2]!@[$([a]([cH1])):3][$([aH0](!@O)):4]	-59.9942	1.21951	-	-	-	-	O
C20370824      none	B	[O-:1][N+:2](=O)!@[c:3]([cH,nX2H0])[cH,nX2H0:4]	179.932	23.2156	-	-	-	-	G
C20370824      none	B	[cH0:1][c:2]([cH1])!@[O:3][C:4]	179.997	48.7454	-	-	-	-	G
C37732260      none	B	[a:1][c:2]!@[CX4H2:3][!#1:4]	0.000501839	2.24426	-	-	-	-	O
C37732260      none	B	[$(S(=O)(=O)):1][NX3H1:2]!@[CX4H2:3][!#1:4]	-120.003	2.14592	-	-	-	-	O
C37732260      none	B	[c:1][$(S(=O)=O):2]!@[NX3H1:3][C:4]	-59.9958	13.7514	-	-	-	-	G
C37732260      none	B	[aH1:1][c:2]([aH1])!@[SX4:3][!#1:4]	-89.7014	12.5987	-	-	-	-	G
C35097239      none	B	[$([cH0]Cl):1][c:2]([cH1])!@[CX3:3]([NX3H1])=[O:4]	-120.003	3.27869	-	-	-	-	G
C35097239      none	B	[O:1]=[CX3:2]!@[NX3H1:3][!#1:4]	0.00239575	63.7893	-	-	-	-	G
C35097239      none	B	[$([CX3]=O):1][NX3H1:2]!@[CX4H2:3][C:4] 	59.9981	1.1846	-	-	-	-	G
C35097239      none	B	N[C:2](=[O:1])!@[CH2:3][N:4]	-119.994	0.892857	-	-	-	-	G
C35097239      none	B	[O:1]=[CX3:2]!@[NX3H1:3][!#1:4]	-0.00898553	63.7893	-	-	-	-	G
C35097239      none	B	[$([CX3]=O):1][NX3H1:2]!@[CX4H2:3][C:4] 	179.999	6.46594	-	-	-	-	G
C35097239      none	B	[NH1:1][CX4:2]!@[CX3:3]=[O:4]	-120.009	0.275693	-	-	-	-	G
C35384201      none	B	[NH1:1][CX4:2]!@[CX3:3]=[O:4]	-60.9249	1.73074	-	-	-	-	O
C35384201      none	B	[O:1]=[CX3:2]!@[NX3H1:3][!#1:4]	-0.00437105	63.7893	-	-	-	-	G
C35384201      none	B	[$([CX3]=O):1][NX3H1:2]!@[CX4H2:3][C:4] 	-90	7.35439	-	-	-	-	G
C35384201      none	B	N[C:2](=[O:1])!@[CH2:3][N:4]	180	8.33333	-	-	-	-	G
C35384201      none	B	[O:1]=[CX3:2]!@[NX3H1:3][!#1:4]	-0.0076422	63.7893	-	-	-	-	G
C35384201      none	B	[$([CX3]=O):1][NX3H1:2]!@[CX4H2:3][C:4] 	180	6.46594	-	-	-	-	G
C35384201      none	B	[NH1:1][CX4:2]!@[CX3:3]=[O:4]	120.006	0.41354	-	-	-	-	G
C16033862      none	B	[!#1:1][CX4:2]!@[CX4:3][!#1:4]	37.2911	0.998355	-	-	-	-	G
C16033862      none	B	[$([C](=O)):1][NX3H0:2]!@[CX4H2:3][$([c]([cH,nX2H0])[cH,nX2H0]):4]	-89.997	11.8974	-	-	-	-	G
C16033862      none	B	[a:1][c:2]!@[CX4H2:3][!#1:4]	-89.725	7.30446	-	-	-	-	G
C16033862      none	B	[aH1:1][c:2]([aH1])!@[SX4:3][!#1:4]	90.0009	12.916	-	-	-	-	G
C16033862      none	B	[*:1]~[N,n:2]!@[S:3]~[*:4]	-60.0034	4.40087	-	-	-	-	G
C16033862      none	B	[*:1]~[CX3:2]!@[NX3:3]~[*:4]	179.998	27.0317	-	-	-	-	G
C16033862      none	B	[C:1][CX4:2]!@[NX3:3][C:4]	-150.001	1.97343	-	-	-	-	G
C16033862      none	B	[!#1:1][CX4:2]!@[CX4:3][!#1:4]	60.0064	12.3771	-	-	-	-	G
C16033862      none	B	[NH1:1][CX4:2]!@[CX3:3]=[O:4]	-120.002	0.275693	-	-	-	-	G
C16033862      none	B	[O:1]=[C:2]!@[O:3]~[C:4]	-0.00611577	74.4927	-	-	-	-	G
C44963853      none	B	[CX4:1][CX4H2:2]!@[NX3:3][CX4:4]	-120	0.70128	-	-	-	-	R
C44963853      none	B	[*:1]~[NX3:2]!@[NX2:3]~[*:4]	0.00906095	25.1472	-	-	-	-	G
C44963853      none	B	[!#1:1][CX4H2:2]!@[CX4H2:3][!#1:4]	60.0245	3.99483	-	-	-	-	G
C44963853      none	B	[!#1:1][CX4H2:2]!@[CX4H2:3][!#1:4]	179.985	58.554	-	-	-	-	G
C44963853      none	B	[!#1:1][CX4:2]!@[CX4:3][!#1:4]	59.9908	12.3771	-	-	-	-	G
C44963853      none	B	[a:1][c:2]!@[CX4H1:3][N,O:4]	-0.00207682	1.53503	-	-	-	-	G
C44963853      none	B	[H:1][CX4H1:2]!@[O:3][CX4:4]	30.0032	7.15021	-	-	-	-	G
C44963853      none	B	[H:1][CX4H1:2]!@[O:3][CX4:4]	59.9977	4.42842	-	-	-	-	G
C44963853      none	B	[O:1]=[C:2]([O-])!@[CX4H1:3][H:4]	89.9981	0.86741	-	-	-	-	O
C55167357      none	B	[$([CX3]=O):1][NX3H0:2](C)!@[CX4H2:3][C:4]	-90.0022	15.9949	-	-	-	-	G
C55167357      none	B	[$(C=O):1][NX3H0:2]!@[CX4H1:3][H:4]	180	19.1176	-	-	-	-	G
C55167357      none	B	[O:1]=[CX3:2](a)!@[NX3H0:3][!#1:4]	-150.003	2.19542	-	-	-	-	G
C55167357      none	B	[a:1][c:2]!@[C:3]([NH0])=[O:4]	-29.6873	2.55556	-	-	-	-	G
C05458364      none	B	[C:1][CX4H2:2]!@[OX2:3][c:4]	-149.996	1.28448	-	-	-	-	O
C05458364      none	B	[cH1:1][c:2](cO)!@[O:3][C:4]	120.003	0.236827	-	-	-	-	R
C05458364      none	B	[cH1:1][c:2]([cH1])!@[CX3:3]=[NX2:4]	179.999	13.9437	-	-	-	-	G
C05458364      none	B	[*:1]~[NX2:2]!@[nX3:3]~[*:4]	-119.689	2.53906	-	-	-	-	G
C05458364      none	B	[a:1][ar5:2]!@[ar5:3][a:4]	60.312	1.67939	-	-	-	-	G
C65869096      none	B	[!#1:1][CH2:2]!@[n:3][cH0:4]	-134.996	0.892478	-	-	-	-	R
C65869096      none	B	[!#1:1][CX4H2:2]!@[CX3:3]=[O:4]	-119.995	0.59462	-	-	-	-	G
C65869096      none	B	[O:1]=[CX3:2]!@[NX3H0:3][!#1:4]	-149.681	1.37927	-	-	-	-	O
C65869096      none	B	[C:1][CX4:2]!@[CX3:3]=[O:4]	122.783	3.75937	-	-	-	-	G
C65869096      none	B	[O-:1][N+:2](=O)!@[c:3]([cH,nX2H0])[cH,nX2H0:4]	179.961	23.2156	-	-	-	-	G
C19792238      none	B	[a:1][c:2]!@[CX4H1:3][H:4]	0.000407616	6.54616	-	-	-	-	G
C19792238      none	B	[*^2:1]~[C^2:2]([!H])!@[C^2:3]~[*^2:4]	-150.015	1.11601	-	-	-	-	G
C19792238      none	B	[*:1]~[CX4:2]!@[NX2:3]~[*:4]	-149.998	1.74411	-	-	-	-	G
C19792238      none	B	[!#1:1][CX4H2:2]!@[CX4H2:3][!#1:4]	180	58.554	-	-	-	-	G
C19792238      none	B	[CX4:1][CX4H2:2]!@[NX3;"N_lp":3][CX4:4]	-156.204	6.65327	-	-	-	-	G
C19792238      none	B	[C:1][CX4H2:2]!@[NX3;"N_lp":3][C:4]	-79.9993	7.97203	-	-	-	-	G
C19792238      none	B	N[C:2](=[O:1])!@[CH2:3][N:4]	30.007	5.20833	-	-	-	-	G
C19792238      none	B	[O:1]=[CX3:2]!@[NX3H1:3][!#1:4]	-0.0106529	63.7893	-	-	-	-	G
C19792238      none	B	[$(C=O):1][NX3:2]!@[a:3][aH0:4]	150.006	1.842	-	-	-	-	O
C12547862      none	B	[a:1][c:2]!@[CX4H2:3][!#1:4]	134.996	1.8443	-	-	-	-	O
C12547862      none	B	[!#1:1][CX4H2:2]!@[NX3H1:3][!#1:4]	89.9976	6.33327	-	-	-	-	G
C12547862      none	B	[cH0:1][c:2]([cH,nX2H0])!@[NX3H1:3][CX4:4]	-179.727	49.7854	-	-	-	-	G
C38793646      none	B	[OX2:1][CX4:2]!@[CX4:3][N:4]	158.248	1.1236	-	-	-	-	O
C38793646      none	B	[$(S(=O)(=O)):1][NX3H1:2]!@[CX4H1:3][H:4]	0.00381119	7.36648	-	-	-	-	G
C38793646      none	B	[H:1][CX4H1:2]!@[SX4:3][!#1:4]	160.782	0.899743	-	-	-	-	O
C38793646      none	B	[c:1][$(S(=O)=O):2]!@[NX3H1:3][C:4]	90.0008	2.64026	-	-	-	-	G
C38793646      none	B	[aH1:1][c:2]([aH1])!@[SX4:3][!#1:4]	90.272	12.916	-	-	-	-	G
C53067407      none	B	[a:1][ar6:2]!@[ar5:3][a:4]	0.313159	7.24965	-	-	-	-	G
C53067407      none	B	[cH1:1][c:2]([cH1])!@[C:3]([NH1,NH2])=[O:4]	-152.993	8.78518	-	-	-	-	G
C53067407      none	B	[O:1]=[CX3:2]!@[NX3H1:3][!#1:4]	-0.00494722	63.7893	-	-	-	-	G
C53067407      none	B	[$(C=O):1][NX3H1:2]!@[CX4H0:3][C:4]	-66.2873	8.17582	-	-	-	-	G
C53067407      none	B	[OX2:1][CX4:2]!@[CX4:3][N:4]	59.9987	15.2809	-	-	-	-	G
C50244505      none	B	[O:1]=[CX3:2]!@[NX3H0:3][!#1:4]	30.0113	0.680979	-	-	-	-	O
C50244505      none	B	[O:1]=[CX3:2]!@[NX3H0:3][!#1:4]	-150.003	1.37927	-	-	-	-	O
C50244505      none	B	[$([CX3]=O):1][NX3H0:2](C)!@[CX4H2:3][C:4]	-119.995	2.31561	-	-	-	-	O
C50244505      none	B	[$(C=O):1][NX3H0:2]!@[CX4H1:3][H:4]	90.0033	0.168067	-	-	-	-	R
C50244505      none	B	[N:1][CX4:2]!@[CX3:3]=[O:4]	-119.986	0.897291	-	-	-	-	O
C09548977      none	B	[!#1:1][CX4:2]!@[CX4:3][!#1:4]	180	22.1548	-	-	-	-	G
C09548977      none	B	[*:1]~[NX3:2]!@[NX3:3]~[*:4]	-59.9919	2.78851	-	-	-	-	G
C09548977      none	B	[O:1]=[CX3:2]!@[NX3H1:3][!#1:4]	-0.00582305	63.7893	-	-	-	-	G
C09548977      none	B	[cH1:1][c:2]([cH1])!@[C:3]([NH1,NH2])=[O:4]	-153.006	8.78518	-	-	-	-	G
C09548977      none	B	[cH0:1][c:2]([cH1])!@[O:3][C:4]	179.993	48.7454	-	-	-	-	G
C09548977      none	B	[aH0:1][c:2]([aH1])!@[SX4:3][!#1:4]	109.698	1.0568	-	-	-	-	O
C09548977      none	B	[c:1][$(S(=O)=O):2]!@[NX3H1:3][C:4]	-59.9955	13.7514	-	-	-	-	G
C09548977      none	B	[$(S(=O)(=O)):1][NX3H1:2]!@[CX4H1:3][H:4]	29.9973	11.9705	-	-	-	-	G
C09548977      none	B	[!#1:1][CX4H2:2]!@[CX4H2:3][!#1:4]	180	58.554	-	-	-	-	G
C09548977      none	B	[cH1:1][c:2]([cH1])!@[CX4H2:3][CX4:4]	-89.7303	11.9355	-	-	-	-	G
C48869474      none	B	[cH1:1][c:2]([cH1])!@[CX3:3]=[NX2:4]	179.997	13.9437	-	-	-	-	G
C48869474      none	B	[*:1]~[N,n:2]!@[S:3]~[*:4]	-59.9964	4.40087	-	-	-	-	G
C48869474      none	B	[*:1][$(S(=O)=O):2]!@[NX3H0r:3][*:4]	90.3041	4.85782	-	-	-	-	G
C40618497      none	B	[cH1:1][c:2]([cH0])!@[O:3][c:4]	0.104529	9.46237	-	-	-	-	G
C40618497      none	B	[aH0:1][c:2]!@[OX2:3][!#1:4]	-89.7207	6.47358	-	-	-	-	G
C40618497      none	B	[O-:1][N+:2](=O)!@[c:3]([cH0])[cH0:4]	89.9903	5.69106	-	-	-	-	G
C40618497      none	B	[a:1][a:2]!@[NX3:3][!#1:4]	-149.996	1.91104	-	-	-	-	O
C40618497      none	B	[*:1]~[NX3:2]!@[NX3:3]~[*:4]	180	7.3164	-	-	-	-	G
C40618497      none	B	[O:1]=[CX3:2]!@[NX3H1:3][!#1:4]	-0.0070966	63.7893	-	-	-	-	G
C40618497      none	B	[cH1:1][c:2]([cH1])!@[C:3]([NH1,NH2])=[O:4]	153.007	9.05971	-	-	-	-	G
C44934134      none	B	[a:1][c:2]!@[CX4H1:3][N,O:4]	60.0015	3.42939	-	-	-	-	G
C44934134      none	B	[$(S(=O)(=O)):1][NX3H1:2]!@[CX4H1:3][H:4]	0.00630487	7.36648	-	-	-	-	G
C44934134      none	B	[*:1][$(S(=O)=O):2]!@[NX3H1:3][*:4]	-90.0034	4.38465	-	-	-	-	G
C44934134      none	B	[*:1][$(S(=O)=O):2]!@[NX3H0r:3][*:4]	-89.7123	4.88152	-	-	-	-	G
C33113136      none	B	[cH1:1][c:2]([cH1])!@[O:3][C:4]	-179.731	26.896	-	-	-	-	G
C33113136      none	B	[$(C=O):1][NX3H1:2]!@[c:3]([cH1])[cH1:4]	29.9739	5.05437	-	-	-	-	G
C33113136      none	B	[O:1]=[CX3:2]!@[NX3H1:3][!#1:4]	0.00732339	63.7893	-	-	-	-	G
C33113136      none	B	[s:1][c:2]!@[C:3]([NH1])=[O:4]	0.0117544	23.0769	-	-	-	-	G
C33113136      none	B	[a:1][c:2]!@[CX4H1:3][H:4]	180	7.22227	-	-	-	-	G
C33113136      none	B	[O:1]=[CX3:2]!@[NX3H0:3][!#1:4]	179.996	18.2537	-	-	-	-	G
C33113136      none	B	[O:1]=[CX3:2]!@[NX3H1:3][!#1:4]	-29.98	0.0303061	-	-	-	-	O
C33113136      none	B	[$(C=O):1][NX3H1:2]!@[c:3]([cH1])[cH1:4]	-30.0017	5.05437	-	-	-	-	G
C33113136      none	B	[cH1:1][c:2]([cH1])!@[O:3][C:4]	180	26.896	-	-	-	-	G
C33113136      none	B	[cH1:1][c:2]([cH1])!@[O:3][C:4]	180	26.896	-	-	-	-	G
C05521649      none	B	[*:1]~[CX4:2]!@[n:3]~[*:4]	-59.9961	3.65221	-	-	-	-	G
C05521649      none	B	[OX2:1][CX4:2]!@[CX4:3][OX2:4]	-63.8181	16.2177	-	-	-	-	G
C50673851      none	B	[a:1][a:2]!@[NX3:3][!#1:4]	149.963	1.85775	-	-	-	-	O
C50673851      none	B	[aH1:1][c:2]([aH1])!@[SX4:3][!#1:4]	30.0002	0.225606	-	-	-	-	R
C50673851      none	B	[*:1][$(S(=O)=O):2]!@[NX3H0r:3][*:4]	-89.6899	4.88152	-	-	-	-	G
C50673851      none	B	[OX2:1][CX4:2]!@[CX4:3][N:4]	-159.999	1.21348	-	-	-	-	O
C50693509      none	B	[cH1:1][c:2]([cH1])!@[CX3:3]=[NX2:4]	59.9919	0.877718	-	-	-	-	O
C50693509      none	B	[O-:1][N+:2](=O)!@[c:3]([cH0])[cH,nX2H0:4]	90.0072	0.274725	-	-	-	-	O
C50693509      none	B	[*:1]~[cX3:2]!@[NX2:3]~[*:4]	-119.667	1.40635	-	-	-	-	O
C65743420      none	B	[OX2:1][CX4:2]!@[CX4:3][N:4]	-79.9918	3.59551	-	-	-	-	G
C65743420      none	B	[OX2:1][CX4:2]!@[CX4:3][N:4]	-179.976	9.8427	-	-	-	-	G
C65743420      none	B	[!#1:1][CX4:2]!@[SX2:3][!#1:4]	160	2.91722	-	-	-	-	G
C39481047      none	B	[$(S(=O)(=O)):1][NH1:2]!@[c:3]([cH1])[cH0:4]	89.9816	4.56274	-	-	-	-	G
C39481047      none	B	[cH0:1][c:2]([cH,nX2H0])!@[NX3H0:3][CX4:4]	60.2864	3.25838	-	-	-	-	G
C39481047      none	B	[H:1][CX4H1:2]!@[SX4:3][!#1:4]	-74.619	6.2982	-	-	-	-	G
C39481047      none	B	[H:1][CX4H1:2]!@[SX4:3][!#1:4]	-59.9994	12.2108	-	-	-	-	G
C39481047      none	B	[*:1][$(S(=O)=O):2]!@[NX3H1:3][*:4]	90.0019	4.90782	-	-	-	-	G
C39481047      none	B	[*:1]~[*^3:2]!@[*^3:3]~[*:4]	173.861	4.97083	-	-	-	-	G
C39481047      none	B	[aH1:1][c:2]([aH1])!@[SX4:3][!#1:4]	-89.7204	12.5987	-	-	-	-	G
C04899264      none	B	[O:1][CX4:2]!@[CX3:3]=[O:4]	-1.03545	13.789	-	-	-	-	G
C04899264      none	B	[O:1]=[CX3:2]!@[NX3H1:3][!#1:4]	-0.00125471	63.7893	-	-	-	-	G
C04899264      none	B	[*:1]~[NX3:2]!@[NX2:3]~[*:4]	-149.993	0.364964	-	-	-	-	O
C04899264      none	B	[cH1:1][c:2]([cH0])!@[CX3x0:3]=[NX2:4]	60.2791	0.212691	-	-	-	-	R
C04899264      none	B	[O-:1][N+:2](=O)!@[c:3]([cH0])[cH,nX2H0:4]	0.285448	12.6374	-	-	-	-	G
C58843509      none	B	[$(C=O):1][NX3H1:2]!@[c:3]([cH1])[cH1:4]	150.002	5.05437	-	-	-	-	G
C58843509      none	B	[O:1]=[CX3:2]([$([NX3H1]C)])!@[NX3H1:3][!#1:4]	0.0101783	41.1343	-	-	-	-	G
C58843509      none	B	[O:1]=[CX3:2]([$([NX3H1]C)])!@[NX3H1:3][!#1:4]	180	9.5176	-	-	-	-	R
C58843509      none	B	[$(C=O):1][NX3H1:2]!@[CX4H1:3][H:4]	29.9906	9.46757	-	-	-	-	G
C38586543      none	B	[a:1][c:2]!@[CX4H1:3][H:4]	178.834	7.22227	-	-	-	-	G
C38586543      none	B	[*:1]~[CX3:2]!@[NX3:3]~[*:4]	30.2837	0.533408	-	-	-	-	G
C38586543      none	B	[cH1:1][c:2](cO)!@[O:3][C:4]	-89.9746	0.35524	-	-	-	-	R
C38586543      none	B	[cH1:1][c:2](cO)!@[O:3][C:4]	0.234787	49.3635	-	-	-	-	G
C48834233      none	B	[a:1][ar5:2]!@[ar5:3][a:4]	30.3023	1.41221	-	-	-	-	O
C48834233      none	B	[aH0:1][c:2]([aH0])!@[SX2:3][!#1:4]	-90.0062	3.32646	-	-	-	-	G
C48834233      none	B	[!#1:1][CX4:2]!@[SX2:3][!#1:4]	-39.9969	0.858878	-	-	-	-	O
C48834233      none	B	[a:1][c:2]!@[CX4H2:3][!#1:4]	90.3099	7.24386	-	-	-	-	G
C37491572      none	B	[a:1][c:2]!@[NX3H1:3][$([CX4r]([C;r])([C;r])):4]	-120.009	0.284091	-	-	-	-	R
C37491572      none	B	[!#1:1][CX4H1:2]!@[NX3:3][!#1:4]	78.6777	3.82417	-	-	-	-	G
C48415175      none	B	[cH0:1][c:2]!@[CX4H1:3][CX4:4]	-89.9918	3.91099	-	-	-	-	G
C48415175      none	B	[$(C=O):1][NX3H1:2]!@[CX4H1:3][H:4]	-0.00362411	8.26772	-	-	-	-	G
C48415175      none	B	[O:1]=[CX3:2]([$([NX3H1]C)])!@[NX3H1:3][!#1:4]	-0.00705592	41.1343	-	-	-	-	G
C48415175      none	B	[O:1]=[CX3:2]([$([NX3H1]C)])!@[NX3H1:3][!#1:4]	-0.000141825	41.1343	-	-	-	-	G
C48415175      none	B	[$([CX3]=O):1][NX3H1:2]!@[CX4H2:3][C:4] 	60.0051	1.1846	-	-	-	-	G
C48415175      none	B	N[C:2](=[O:1])!@[CH2:3][N:4]	-119.999	0.892857	-	-	-	-	G
C48415175      none	B	[O:1]=[CX3:2]!@[NX3H0:3][!#1:4]	-179.697	18.2537	-	-	-	-	G
C67653693      none	B	[a:1][c:2]!@[CX3:3]=[CX3H0:4]	-59.9946	3.49737	-	-	-	-	G
C67653693      none	B	[$([C](=O)):1][NX3H0:2]!@[CX4H2:3][$([c]([cH,nX2H0])[cH,nX2H0]):4]	90.0006	13.6858	-	-	-	-	G
C67653693      none	B	[a:1][c:2]!@[CX4H2:3][!#1:4]	-89.7246	7.30446	-	-	-	-	G
C39962650      none	B	[!#1:1][CX3:2]!@[SX2:3][!#1:4]	89.9968	1.80723	-	-	-	-	G
C39962650      none	B	[!#1:1][CX4:2]!@[SX2:3][!#1:4]	40.0053	0.636754	-	-	-	-	O
C39962650      none	B	[!#1:1][CX4H2:2]!@[CX3:3]=[O:4]	59.9973	1.20812	-	-	-	-	G
C39962650      none	B	[O:1]=[CX3:2]!@[NX3H1:3][!#1:4]	-0.00709787	63.7893	-	-	-	-	G
C39962650      none	B	[$(C=O):1][NX3H1:2]!@[c:3]([cH1])[cH1:4]	30.008	5.05437	-	-	-	-	G
C39962650      none	B	[aH1:1][c:2]([aH1])!@[SX4:3][!#1:4]	-89.9997	12.5987	-	-	-	-	G
C39962650      none	B	[c:1][S:2](=O)(=O)!@[NX2H0-:3]-[*:4]	60.0019	8.33333	-	-	-	-	G
C39962650      none	B	[$(S(=O)(=O)):1][N:2]!@[c:3][a:4]	-30.0045	2.09961	-	-	-	-	G
C48489867      none	B	[$(C=O):1][NX3H1:2]!@[c:3]([cH0]Cl)[cH:4]	29.986	4.71698	-	-	-	-	G
C48489867      none	B	[O:1]=[CX3:2]!@[NX3H1:3][!#1:4]	0.00472772	63.7893	-	-	-	-	G
C48489867      none	B	[O:1]=[CX3:2]!@[CX3:3]=[O:4]	-60.0086	0.346021	-	-	-	-	R
C48489867      none	B	[O:1]=[CX3:2]!@[NX3H1:3][!#1:4]	-0.00403459	63.7893	-	-	-	-	G
C48489867      none	B	[$([CX3]=O):1][NX3H1:2]!@[CX4H2:3][C:4] 	150.004	1.43139	-	-	-	-	O
C48489867      none	B	[OX2:1][CX4:2]!@[CX4:3][N:4]	-62.0925	14.8764	-	-	-	-	G
C39964928      none	B	[$(C=O):1][O:2]!@[CH2:3]~[C:4]	89.9934	4.53893	-	-	-	-	G
C39964928      none	B	[O:1]=[C:2]!@[O:3]~[C:4]	0.00883556	74.4927	-	-	-	-	G
C39964928      none	B	[C:1][CX4:2]!@[CX3:3]=[O:4]	-145.207	1.18876	-	-	-	-	G
C39964928      none	B	[$(C=O):1][NX3H1:2]!@[CX4H1:3][H:4]	31.9973	9.46757	-	-	-	-	G
C39964928      none	B	[O:1]=[CX3:2]!@[NX3H1:3][!#1:4]	0.00538892	63.7893	-	-	-	-	G
C39964928      none	B	[!#1:1][CX4H2:2]!@[CX3:3]=[O:4]	60.0007	1.20812	-	-	-	-	G
C39964928      none	B	[!#1:1][CX4:2]!@[SX2:3][!#1:4]	60.0004	7.53739	-	-	-	-	G
C39964928      none	B	[aH1:1][c:2]([aH0])!@[SX2:3][!#1:4]	179.692	3.11284	-	-	-	-	G
C39964928      none	B	[cH1:1][a:2]([cH1])!@[a:3]([sX2,o,nX2H0,nX3H1:4])	20.2839	3.73657	-	-	-	-	G
C39964928      none	B	[cH1:1][c:2]([cH1])!@[O:3][C:4]	179.992	26.896	-	-	-	-	G
C39964928      none	B	[cH1:1][c:2]([cH1])!@[O:3][C:4]	179.993	26.896	-	-	-	-	G
C09135548      none	B	[CX3:1]=[CX3:2]!@[CH2:3][OX2:4]	-120	9.31298	-	-	-	-	G
C09135548      none	B	[C:1][CX4H2:2]!@[OX2:3][c:4]	-150.001	1.28448	-	-	-	-	O
C09135548      none	B	[cH1:1][c:2]([cH1])!@[O:3][C:4]	150.265	0.199809	-	-	-	-	O
C09135548      none	B	[cH1:1][c:2]([cH1])!@[CX3:3]([CX3H0])=[O:4]	89.9987	0	-	-	-	-	R
C09135548      none	B	[*^2:1]~[C^2:2]([!H])!@[C^2:3]~[*^2:4]	120.317	0.806964	-	-	-	-	G
C09135548      none	B	[$([CX3]=O):1][NX3H0:2](C)!@[CX4H2:3][C:4]	89.9976	14.7513	-	-	-	-	G
C09135548      none	B	[a:1][c:2]!@[CX4H1:3][N,O:4]	56.8381	3.42939	-	-	-	-	G
C09135548      none	B	[O-:1][N+:2](=O)!@[c:3]([cH,nX2H0])[cH,nX2H0:4]	-179.839	23.2156	-	-	-	-	G
C09135548      none	B	[!#1:1][CX4H2:2]!@[CX4H2:3][!#1:4]	180	58.554	-	-	-	-	G
C09135548      none	B	[CX4:1][CX4H2:2]!@[NX3;"N_lp":3][CX4:4]	156.369	6.03015	-	-	-	-	G
C37053649      none	B	[aH0:1][c:2]([aH1])!@[SX4:3][!#1:4]	-89.9975	5.01982	-	-	-	-	G
C37053649      none	B	[c:1][$(S(=O)=O):2]!@[NX3H1:3][C:4]	-59.9959	13.7514	-	-	-	-	G
C37053649      none	B	[$(S(=O)(=O)):1][NX3H1:2]!@[CX4H1:3][H:4]	-0.00373424	7.36648	-	-	-	-	G
C23141731      none	B	[cH1:1][a:2]([cH1])!@[a:3]([sX2,o,nX2H0,nX3H1:4])	-179.706	10.6726	-	-	-	-	G
C23141731      none	B	[n,o,s:1][c:2]!@[CX4H2:3][CX4:4]	180	8.82573	-	-	-	-	G
C23141731      none	B	[!#1:1][CX4H2:2]!@[CX4H2:3][!#1:4]	60.003	3.99483	-	-	-	-	G
C23141731      none	B	[O:1]=[CX3:2]([NH1])!@[CH2:3][C:4]	30.0114	5.10585	-	-	-	-	G
C23141731      none	B	[O:1]=[C:2]!@[$([NX3](c([nH1])n)):3][H:4]	180	53.1915	-	-	-	-	G
C23141731      none	B	[$(C=O):1][NX3:2]!@[a:3][nH:4]	0.00778464	44.9275	-	-	-	-	G
C06585783      none	B	[cH1:1][c:2]([cH1])!@[O:3][C:4]	-179.736	26.896	-	-	-	-	G
C06585783      none	B	[cH1:1][c:2]([cH1])!@[NX3:3][a:4]	-29.996	4.48578	-	-	-	-	G
C06585783      none	B	[a:1][a:2]!@[NX3:3][!#1:4]	150.305	1.85775	-	-	-	-	O
C06585783      none	B	[cH1:1][c:2]!@[c:3]([cH1])[nX2H0:4]	-149.727	1.79995	-	-	-	-	O
C06585783      none	B	[O-:1][N+:2](=O)!@[c:3]([cH,nX2H0])[cH,nX2H0:4]	179.973	23.2156	-	-	-	-	G
C34928653      none	B	[cH1:1][c:2]([cH1])!@[NX3:3][CX4:4]	60.0039	1.23291	-	-	-	-	O
C34928653      none	B	[a:1][c:2]!@[CX4H1:3][N,O:4]	120.5	3.12238	-	-	-	-	G
C34928653      none	B	[O:1]=[C:2]([O-])!@[CX4H1:3][H:4]	89.9916	0.86741	-	-	-	-	O
C50254501      none	B	[aH1:1][c:2]([aH1])!@[SX4:3][!#1:4]	70.0026	5.04089	-	-	-	-	G
C50254501      none	B	[c:1][S:2](=O)(=O)!@[NX2H0-:3]-[*:4]	90.005	2.77778	-	-	-	-	G
C50254501      none	B	[$(S(=O)(=O)):1][N:2]!@[c:3][a:4]	119.996	2.34375	-	-	-	-	G
C40083712      none	B	[!#1:1][CX4H2:2]!@[CX4H2:3][!#1:4]	59.9988	3.99483	-	-	-	-	G
C40083712      none	B	[!#1:1][CX4H2:2]!@[CX4H2:3][!#1:4]	60.0059	3.99483	-	-	-	-	G
C40083712      none	B	[C:1][CX4H2:2]!@[OX2:3][c:4]	179.999	43.8829	-	-	-	-	G
C40083712      none	B	[cH1:1][c:2]([cH1])!@[O:3][C:4]	-149.724	0.243246	-	-	-	-	R
C40083712      none	B	[cH0:1][c:2]([cH1])!@[CX3:3]=[O:4]	59.9835	1.40891	-	-	-	-	O
C40083712      none	B	[*^2:1]~[C^2:2]([!H])!@[C^2:3]~[*^2:4]	-149.691	1.11601	-	-	-	-	O
C40083712      none	B	[$([CX3]=O):1][NX3H0:2](C)!@[CX4H2:3][C:4]	90.0014	14.7513	-	-	-	-	G
C40083712      none	B	[a:1][c:2]!@[CX4H1:3][N,O:4]	56.8299	3.42939	-	-	-	-	G
C40083712      none	B	[O-:1][N+:2](=O)!@[c:3]([cH,nX2H0])[cH,nX2H0:4]	180	23.2156	-	-	-	-	G
C40083712      none	B	[OX2:1][CX4H2:2]!@[CX4H2:3][Nr:4]	179.994	8.33333	-	-	-	-	G
C24705802      none	B	[O:1][CX4:2]!@[CX3:3]=[O:4]	150.001	2.2196	-	-	-	-	G
C24705802      none	B	[H:1][CX4H1:2]!@[OX2:3][!#1:4]	-60.0118	2.37856	-	-	-	-	R
C24705802      none	B	[O:1]=[CX3:2]!@[NX3H1:3][!#1:4]	0.000331371	63.7893	-	-	-	-	G
C24705802      none	B	[*:1]~[NX3:2]!@[NX3:3]~[*:4]	180	7.3164	-	-	-	-	G
C24705802      none	B	[O:1]=[CX3:2]!@[NX3H1:3][!#1:4]	0.00402256	63.7893	-	-	-	-	G
C24705802      none	B	[cH1:1][c:2]([cH1])!@[C:3]([NH1,NH2])=[O:4]	-27.0011	8.39053	-	-	-	-	G
C24705802      none	B	[aH1:1][c:2]([aH1])!@[SX4:3][!#1:4]	-89.9725	12.5987	-	-	-	-	G
C24705802      none	B	[*:1][$(S(=O)=O):2]!@[NX3H0r:3][*:4]	90.2701	4.85782	-	-	-	-	G
C24705802      none	B	[cH1,n:1][c:2]!@[O:3][CH1:4]	60.0049	0.194175	-	-	-	-	R
C24705802      none	B	[cH1:1][c:2]([cH1])!@[CX3:3]=[O:4]	180	13.4921	-	-	-	-	G
C02524731      none	B	[*:1]~[CX4:2]!@[n:3]~[*:4]	-149.992	3.13346	-	-	-	-	G
C02524731      none	B	[OX2:1][CX4:2]!@[CX4:3][OX2:4]	-68.9168	16.1644	-	-	-	-	G
C20371082      none	B	[O:1]=[CX3:2]!@[NX3H1:3][!#1:4]	-0.000212181	63.7893	-	-	-	-	G
C20371082      none	B	[$(C=O):1][NX3H1:2]!@[c:3]([cH1])[cH1:4]	90.0001	0.0402739	-	-	-	-	R
C20371082      none	B	[$(C=O):1][NX3H0:2]!@[c:3]([cH1])[cH1:4]	149.974	1.18925	-	-	-	-	G
C20371082      none	B	[C:1][CX4:2]!@[CX3:3]=[O:4]	25.3619	3.28614	-	-	-	-	G
C20371082      none	B	[O:1]=[CX3:2]!@[NX3H1:3][!#1:4]	-0.00360671	63.7893	-	-	-	-	G
C20371082      none	B	[$(C=O):1][NX3H1:2]!@[c:3]([cH1])[cH1:4]	-30.0026	5.05437	-	-	-	-	G
C20371082      none	B	[aH1:1][c:2]([aH1])!@[SX4:3][!#1:4]	-90.0048	12.5987	-	-	-	-	G
C20371082      none	B	[c:1][S:2](=O)(=O)!@[NX2H0-:3]-[*:4]	-60.0003	11.1111	-	-	-	-	G
C20371082      none	B	[$(S(=O)(=O)):1][N:2]!@[c:3][a:4]	59.9973	1.70898	-	-	-	-	G
C08872023      none	B	[cH1:1][c:2](cO)!@[O:3][C:4]	-89.7213	0.35524	-	-	-	-	R
C08872023      none	B	[cH1:1][c:2]([cH1])!@[CX3:3]=[NX2:4]	-60.0064	0.787951	-	-	-	-	O
C08872023      none	B	[*:1]~[NX3:2]!@[NX2:3]~[*:4]	-59.9904	0.223687	-	-	-	-	R
C08872023      none	B	[a:1][a:2]!@[NX3:3][!#1:4]	0.269908	10.9271	-	-	-	-	G
C08872023      none	B	[cH1,nX2H0:1][c:2]([cH1,nX2H0])!@[NX3r:3][*:4]	-179.716	6.12375	-	-	-	-	G
C08872023      none	B	[cH1,nX2H0:1][c:2]([cH1,nX2H0])!@[NX3r:3][*:4]	-179.711	6.12375	-	-	-	-	G
C35704560      none	B	[CX3:1]=[CX3:2]!@[CH2:3][C:4]	180	0.950764	-	-	-	-	O
C35704560      none	B	[*^2:1]~[C^2:2]([!H])!@[C^2:3]~[*^2:4]	-59.9944	0.757173	-	-	-	-	O
C35704560      none	B	[a:1][c:2]!@[CX4H1:3][N,O:4]	-59.2521	3.48172	-	-	-	-	G
C35704560      none	B	[C:1][CX4:2]!@[CX3:3][C:4]	-89.9845	3.54604	-	-	-	-	G
C35704560      none	B	[C:1][CX4H2:2]!@[CX3:3]=[O:4]	0.0106219	18.7883	-	-	-	-	G
C35704560      none	B	[O:1]=[CX3:2]!@[NX3H0:3][!#1:4]	-29.709	0.692521	-	-	-	-	O
C35704560      none	B	[O-:1][N+:2](=O)!@[c:3]([cH,nX2H0])[cH,nX2H0:4]	179.981	23.2156	-	-	-	-	G
C35704560      none	B	[O:1]=[C:2]!@[O:3]~[C:4]	-0.0110147	74.4927	-	-	-	-	G
C40387248      none	B	[C:1][$(S(=O)=O):2]!@[NX3H1:3][C:4]	-60.0007	10.2041	-	-	-	-	G
C40387248      none	B	[*:1]~[CX3:2]!@[NX3:3]~[*:4]	0.276502	27.0519	-	-	-	-	G
C40387248      none	B	[*:1]~[CX4:2]!@[NX4:3]~[*:4]	-79.9995	2.10499	-	-	-	-	G
C40387248      none	B	[a:1][c:2]!@[CX4H2:3][!#1:4]	-89.6843	7.30446	-	-	-	-	G
C39422234      none	B	[C:1][CX4H2:2]!@[OX2:3][c:4]	-150.004	1.28448	-	-	-	-	O
C39422234      none	B	[cH1:1][c:2](cO)!@[O:3][C:4]	-59.9915	0.103612	-	-	-	-	R
C39422234      none	B	[a:1][c:2]!@[CX4H1:3][a:4]	60.0022	3.33975	-	-	-	-	G
C39422234      none	B	[cH1:1][c:2]([cH0])!@[O:3][S:4]	-89.731	9.79381	-	-	-	-	G
C39422234      none	B	[*:1]~[OX2:2]!@[SX4:3]~[*:4]	-39.9922	4.33662	-	-	-	-	G
C39422234      none	B	[aH1:1][c:2]([aH1])!@[SX4:3][!#1:4]	-89.7254	12.5987	-	-	-	-	G
C39422234      none	B	[c:1][CX4:2]!@[CX3:3][C:4]	-90.3305	5.27523	-	-	-	-	O
C39422234      none	B	[cH0:1][c:2]!@[CX4H1:3][a:4]	-149.994	2.61531	-	-	-	-	G
C06757849      none	B	[O:1]=[C:2]!@[O:3]~[C:4]	-0.00520925	74.4927	-	-	-	-	G
C06757849      none	B	[cH1:1][c:2]([cH1])!@[CX3:3]=[O:4]	0.278606	14.2319	-	-	-	-	G
C06757849      none	B	[$(S(=O)(=O)):1][NH0:2]!@[c:3]([cH1])[cH1:4]	89.9803	15.7025	-	-	-	-	G
C06757849      none	B	[*:1]~[N,n:2]!@[S:3]~[*:4]	-156.137	2.91955	-	-	-	-	G
C06757849      none	B	[*:1]~[N,n:2]!@[S:3]~[*:4]	29.9977	2.49131	-	-	-	-	G
C06757849      none	B	[cH1:1][c:2]([cH0])!@[CX3x0:3]=[NX2:4]	150.312	0.0708968	-	-	-	-	G
C58838314      none	B	[O:1]=[CX3:2]!@[NX3H0:3][!#1:4]	149.994	1.73707	-	-	-	-	O
C58838314      none	B	[N:1][C:2](=O)!@[CX4H2:3][CX4H2:4]	-150.001	5.31335	-	-	-	-	G
C58838314      none	B	[!#1:1][CX4H2:2]!@[CX4H2:3][!#1:4]	59.9933	3.99483	-	-	-	-	G
C58838314      none	B	[O:1]=[CX3:2]([NH1])!@[CH2:3][C:4]	-120.002	0.124533	-	-	-	-	O
C58838314      none	B	[O:1]=[CX3:2]!@[NX3H1:3][!#1:4]	0.0136077	63.7893	-	-	-	-	G
C62590129      none	B	[C:1][CH2:2]!@[O:3][CX4:4]	159.999	5.67469	-	-	-	-	G
C62590129      none	B	[!#1:1][CX4H2:2]!@[CX4H2:3][!#1:4]	60.0006	3.99483	-	-	-	-	G
C62590129      none	B	[!#1:1][CH2:2]!@[n:3][cH0:4]	-90.0021	15.4696	-	-	-	-	G
C62590129      none	B	[$(C=O):1][NX3:2]!@[a:3][aH0:4]	-90.0002	3.39746	-	-	-	-	G
C62590129      none	B	[cH0:1][c:2]([cH0])!@[NX3:3][CX4:4]	-140.004	1.16618	-	-	-	-	O
C62590129      none	B	[!#1:1][CX4H2:2]!@[NX3H1:3][!#1:4]	120.003	2.00811	-	-	-	-	O
C62590129      none	B	[a:1][c:2]!@[CX4H2:3][!#1:4]	-89.7264	7.30446	-	-	-	-	G
C62590129      none	B	[O:1]=[CX3:2]!@[NX3H1:3][!#1:4]	0.00344133	63.7893	-	-	-	-	G
C62590129      none	B	[a:1][c:2]!@[C:3]([NH1,NH2])=[O:4]	60.0025	0.626362	-	-	-	-	G
C62590129      none	B	[cH1,nX2H0:1][c:2]([cH1,nX2H0])!@[NX3r:3][*:4]	30.3211	2.135	-	-	-	-	O
C01619518      none	B	[c:1][c:2]!@[c:3][s,o,nX3H1:4]	-29.99	2.72579	-	-	-	-	G
C01619518      none	B	[a:1][a:2]!@[NX3:3][!#1:4]	20.0028	2.54004	-	-	-	-	G
C01619518      none	B	[a:1][a:2]!@[NX3:3][!#1:4]	19.9942	2.54004	-	-	-	-	G
C01619518      none	B	[!#1:1][CX4H2:2]!@[NX3H1:3][!#1:4]	119.999	2.00811	-	-	-	-	O
C01619518      none	B	[NH1:1][CX4:2]!@[CX3:3]=[O:4]	119.99	0.41354	-	-	-	-	G
C01619518      none	B	[!#1:1][CX4H2:2]!@[NX3H1:3][!#1:4]	-90.0032	6.4105	-	-	-	-	G
C01619518      none	B	[NH1:1][CX4:2]!@[CX3:3]=[O:4]	120.007	0.41354	-	-	-	-	G
C50455955      none	B	[a:1][c:2]!@[CX4H2:3][!#1:4]	-90.0048	7.30446	-	-	-	-	G
C50455955      none	B	[!#1:1][CX4H2:2]!@[NX3H1:3][!#1:4]	-119.997	2.14327	-	-	-	-	O
C50455955      none	B	[cH0:1][c:2]([cH,nX2H0])!@[NX3H1:3][CX4:4]	160.273	3.7196	-	-	-	-	O
C50455955      none	B	[O-:1][N+:2](=O)!@[c:3]([cH0])[cH0:4]	89.9807	5.69106	-	-	-	-	G
C05339877      none	B	[$(S(=O)(=O)):1][NH0:2]!@[c:3]([cH1])[cH1:4]	-60.0214	0.826446	-	-	-	-	G
C05339877      none	B	[$(C=O):1][NX3:2]!@[a:3][aH0:4]	149.999	1.842	-	-	-	-	O
C05339877      none	B	[O:1]=[CX3:2]!@[NX3H1:3][!#1:4]	-0.00255356	63.7893	-	-	-	-	G
C05339877      none	B	[O:1]=[CX3:2]!@[CX3:3]=[O:4]	89.9952	2.94118	-	-	-	-	G
C05339877      none	B	[O:1]=[CX3:2]!@[NX3H1:3][!#1:4]	0.0152212	63.7893	-	-	-	-	G
C23078565      none	B	[C:1][CX4H2:2]!@[OX2:3][c:4]	150	0.884397	-	-	-	-	O
C23078565      none	B	[cH1:1][c:2]([cH1])!@[O:3][C:4]	-149.729	0.243246	-	-	-	-	R
C23078565      none	B	[cH1:1][c:2]([cH1])!@[O:3][c:4]	135.009	1.83993	-	-	-	-	G
C23078565      none	B	[cH1:1][c:2]([cH0])!@[O:3][c:4]	-59.7307	3.44086	-	-	-	-	G
C23078565      none	B	[aH1:1][c:2]([aH1])!@[SX4:3][!#1:4]	-90.0134	12.5987	-	-	-	-	G
C23078565      none	B	[$(C=O):1][NX3:2]!@[$([a]([cH1])):3][$([aH0](!@O)):4]	150.001	3.41463	-	-	-	-	G
C23078565      none	B	[O:1]=[CX3:2]!@[NX3H1:3][!#1:4]	-0.00878319	63.7893	-	-	-	-	G
C23078565      none	B	[O:1]=[CX3:2]([NH1])!@[CH2:3][C:4]	-59.9979	5.85305	-	-	-	-	G
C23078565      none	B	[!#1:1][CX4H2:2]!@[CX4H2:3][!#1:4]	180	58.554	-	-	-	-	G
C23078565      none	B	[$([CX3]=O):1][NX3H1:2]!@[CX4H2:3][C:4] 	90.0071	7.35439	-	-	-	-	G
C23078565      none	B	[O:1]=[CX3:2]!@[NX3H1:3][!#1:4]	-0.0106736	63.7893	-	-	-	-	G
C23078565      none	B	[*:1][$(S(=O)=O):2]!@[NX3H0r:3][*:4]	-89.7174	4.88152	-	-	-	-	G
CHEMBL12465      none	B	[cH1:1][a:2]([cH1])!@[a:3]([cH1])[cH0:4]	90.0027	0.671308	-	-	-	-	O
CHEMBL12465      none	B	[a:1][c:2]!@[CX4H2:3][!#1:4]	-90.0087	7.30446	-	-	-	-	G
CHEMBL12465      none	B	[O-:1][N+:2](=O)!@[c:3]([cH0])[cH,nX2H0:4]	0.271649	12.6374	-	-	-	-	G
CHEMBL12465      none	B	[!#1:1][CH2:2]!@[n:3][cH0:4]	-90.0011	15.4696	-	-	-	-	G
CHEMBL12465      none	B	[!#1:1][CX4H2:2]!@[CX3:3]=[O:4]	-119.998	0.59462	-	-	-	-	G
C48488350      none	B	[$(C=O):1][NX3:2]!@[a:3][aH0:4]	89.995	3.35653	-	-	-	-	G
C48488350      none	B	[O:1]=[CX3:2]([$([NX3H1]C)])!@[NX3H1:3][!#1:4]	-0.00327238	41.1343	-	-	-	-	G
C48488350      none	B	[O:1]=[CX3:2]([$([NX3H1]C)])!@[NX3H1:3][!#1:4]	180	9.5176	-	-	-	-	R
C48488350      none	B	[$(C=O):1][NX3H1:2]!@[CX4H1:3][H:4]	29.9998	9.46757	-	-	-	-	G
C37269267      none	B	[$([CX3]=O):1][NX3H0:2](C)!@[CX4H2:3][C:4]	-60.0027	0.686106	-	-	-	-	O
C37269267      none	B	[O:1]=[CX3:2](a)!@[NX3H0:3][!#1:4]	149.998	2.50464	-	-	-	-	G
C37269267      none	B	N[C:2](=[O:1])!@[CH2:3][N:4]	120.003	0.595238	-	-	-	-	G
C37269267      none	B	[a:1][c:2]!@[C:3]([NH0])=[O:4]	-59.7251	3.63889	-	-	-	-	G
C40332367      none	B	[$([c]([NH1,NH2])):1][c:2]!@[CX3:3]([!O])=[O:4]	-60.0315	0.552486	-	-	-	-	R
C40332367      none	B	[O:1]=[CX3:2](a)!@[NX3H0:3][!#1:4]	-30.0006	1.17502	-	-	-	-	O
C40332367      none	B	[$([CX3]=O):1][NX3H0:2](C)!@[CX4H2:3][C:4]	-90.0046	15.9949	-	-	-	-	G
C40332367      none	B	[$([CX3]=O):1][NX3H0:2](C)!@[CX4H2:3][C:4]	-89.999	15.9949	-	-	-	-	G
C40332367      none	B	[!#1:1][CX4H2:2]!@[CX4H2:3][!#1:4]	60.0001	3.99483	-	-	-	-	G
C40332367      none	B	[!#1:1][CX4H2:2]!@[CX4H2:3][!#1:4]	179.994	58.554	-	-	-	-	G
C04504998      none	B	[$([C](=O)):1][NX3H1:2]!@[$([a]([nH0,o])):3][cH1:4]	0.000941484	29.6774	-	-	-	-	G
C04504998      none	B	[O:1]=[CX3:2]!@[NX3H1:3][!#1:4]	-0.000571182	63.7893	-	-	-	-	G
C04504998      none	B	[O:1][CX4:2]!@[CX3:3]=[O:4]	-4.69492	13.789	-	-	-	-	G
C04504998      none	B	[cH1:1][c:2]([cH1])!@[CX3:3]=[NX2:4]	0.252238	14.4225	-	-	-	-	G
C25720991      none	B	[!#1:1][CX4:2]!@[CX4:3][!#1:4]	59.9915	12.3771	-	-	-	-	G
C25720991      none	B	[$(C=O):1][NX3H0:2]!@[CX4H1:3][H:4]	-179.981	19.1176	-	-	-	-	G
C25720991      none	B	[$(C=O):1][NX3H0:2]!@[CX4H1:3][H:4]	-0.0067969	15.8824	-	-	-	-	G
C25720991      none	B	[O:1]=[CX3:2]!@[NX3H0:3][!#1:4]	-0.00755603	25.0866	-	-	-	-	G
C25720991      none	B	[O:1][CX4:2]!@[CX3:3]=[O:4]	-0.00460065	13.789	-	-	-	-	G
C25720991      none	B	[$(C=O):1][O:2]!@[CH2:3]~[C:4]	90.0061	4.53893	-	-	-	-	G
C25720991      none	B	[O:1]=[C:2]!@[O:3]~[C:4]	0.00212575	74.4927	-	-	-	-	G
C25720991      none	B	[C:1][CX4:2]!@[CX3:3]=[O:4]	91.968	3.65147	-	-	-	-	G
C25720991      none	B	[*^2:1]~[C^2:2]([!H])!@[C^2:3]~[*^2:4]	-120.012	0.661024	-	-	-	-	G
C25720991      none	B	[*^2:1]~[C^2:2]([!H])!@[C^2:3]~[*^2:4]	-60.0127	0.757173	-	-	-	-	O
C25720991      none	B	[O:1]=[C:2]!@[O:3]~[C:4]	0.000131131	74.4927	-	-	-	-	G
C25720991      none	B	[O:1]=[C:2]!@[O:3]~[C:4]	0.00251471	74.4927	-	-	-	-	G
CHEMBL122082      none	B	[CX4:1][CX4H2:2]!@[NX3;"N_lp":3][CX4:4]	-177.796	5.18593	-	-	-	-	G
CHEMBL122082      none	B	[O-:1][N+:2](=O)!@[c:3]([cH0])[cH,nX2H0:4]	-0.0178605	12.6374	-	-	-	-	G
C00897535      none	B	[OX2:1][CX4:2]!@[CX4:3][OX2:4]	176.936	13.4277	-	-	-	-	G
C00897535      none	B	[C:1][CH2:2]!@[O:3][CX4:4]	79.9966	1.71561	-	-	-	-	G
C00897535      none	B	[H:1][CX4H1:2]!@[O:3][CX4:4]	-59.9976	5.14933	-	-	-	-	G
C00897535      none	B	[OX2:1][CX4:2]!@[CX4:3][OX2:4]	59.9643	14.3222	-	-	-	-	G
C06404175      none	B	[cH0:1][c:2]!@[c:3]([cH0])[nX2H0:4]	60.0002	1.77215	-	-	-	-	G
C09092587      none	B	[a:1][c:2]!@[CX4H0:3][CX3:4]	-62.9192	4.04715	-	-	-	-	G
C09092587      none	B	[$([CX3]=O):1][NX3H0:2](C)!@[CX4H2:3][C:4]	90.0042	14.7513	-	-	-	-	G
C09092587      none	B	N[C:2](=[O:1])!@[CH2:3][N:4]	29.9842	5.20833	-	-	-	-	G
C09092587      none	B	[O:1]=[CX3:2]!@[NX3H1:3][!#1:4]	0.015427	63.7893	-	-	-	-	G
C09092587      none	B	[$(C=O):1][NX3H1:2]!@[c:3]([cH1])[cH1:4]	-30.0018	5.05437	-	-	-	-	G
C09092587      none	B	[cH1:1][c:2](cO)!@[O:3][C:4]	0.0196366	49.3635	-	-	-	-	G
C09092587      none	B	[$(cO):1][c:2](cO)!@[O:3][C:4]	-119.979	3.51638	-	-	-	-	G
C09092587      none	B	[cH1:1][c:2](cO)!@[O:3][C:4]	-89.7406	0.35524	-	-	-	-	R
C15936956      none	B	[cH1:1][c:2](cO)!@[O:3][C:4]	0.279361	49.3635	-	-	-	-	G
C15936956      none	B	[$(C=O):1][NX3H1:2]!@[c:3]([cH1])[cH1:4]	29.9897	5.05437	-	-	-	-	G
C15936956      none	B	[cH1:1][c:2](cO)!@[O:3][C:4]	-0.231407	49.3635	-	-	-	-	G
C15936956      none	B	[$(cO):1][c:2](cO)!@[O:3][C:4]	-90.0001	10.3565	-	-	-	-	G
C15936956      none	B	[O:1]=[CX3:2]!@[NX3H1:3][!#1:4]	-0.014728	63.7893	-	-	-	-	G
C15936956      none	B	[O:1]=[CX3:2]([NH1])!@[CH2:3][C:4]	-59.9884	5.85305	-	-	-	-	G
C15936956      none	B	[!#1:1][CX4H2:2]!@[CX4H2:3][!#1:4]	-60.0037	3.77933	-	-	-	-	G
C15936956      none	B	[$([CX3]=O):1][NX3H1:2]!@[CX4H2:3][C:4] 	-89.9931	7.35439	-	-	-	-	G
C15936956      none	B	[O:1]=[CX3:2]!@[NX3H1:3][!#1:4]	-0.0117274	63.7893	-	-	-	-	G
C15936956      none	B	[!#1:1][CX4H2:2]!@[CX3:3]=[O:4]	-119.995	0.59462	-	-	-	-	G
C15936956      none	B	[!#1:1][CH2:2]!@[n:3][cH0:4]	-89.9952	15.4696	-	-	-	-	G
C20904895      none	B	[*:1][CX4:2]!@[O:3][CX4:4]	-80.0016	2.64732	-	-	-	-	G
C20904895      none	B	[a:1][c:2]!@[CX4H2:3][!#1:4]	135.309	1.69481	-	-	-	-	O
C20904895      none	B	[aH0:1][c:2]([aH0])!@[SX2:3][!#1:4]	0.00495247	13.1253	-	-	-	-	G
C20904895      none	B	[!#1:1][CX4:2]!@[SX2:3][!#1:4]	179.999	11.1654	-	-	-	-	G
C20904895      none	B	[!#1:1][CX4H2:2]!@[CX4H2:3][!#1:4]	179.997	58.554	-	-	-	-	G
C20904895      none	B	[O:1]=[CX3:2]([NH1])!@[CH2:3][C:4]	-29.9974	4.73225	-	-	-	-	G
C20904895      none	B	[O:1]=[CX3:2]!@[NX3H1:3][!#1:4]	-0.00452432	63.7893	-	-	-	-	G
C20904895      none	B	[$(C=O):1][NX3H1:2]!@[c:3]([cH1])[cH1:4]	-29.9949	5.05437	-	-	-	-	G
C20904895      none	B	[aH1:1][c:2]([aH1])!@[SX4:3][!#1:4]	-89.9919	12.5987	-	-	-	-	G
C20904895      none	B	[*:1][$(S(=O)=O):2]!@[NX3H0r:3][*:4]	-119.744	0.995261	-	-	-	-	G
C09384374      none	B	[O:1]=[C:2]([N])!@[O:3]~[C:4]	-0.00506529	57.729	-	-	-	-	G
C09384374      none	B	[O:1]=[C:2]!@[NX3H1:3](C=O)[H:4]	-0.00282692	23.6842	-	-	-	-	G
C09384374      none	B	[O:1]=[C:2]!@[NX3H1:3](C=O)[H:4]	180	35.6725	-	-	-	-	G
C09384374      none	B	[$([c]([NH1,NH2])):1][c:2]!@[CX3:3]([!O])=[O:4]	-89.9932	0	-	-	-	-	R
C09384374      none	B	[$([C](=O)):1][NX3:2]!@[a:3](s)[a:4]	150	0.851064	-	-	-	-	R
C09384374      none	B	[O:1]=[CX3:2]!@[NX3H1:3][!#1:4]	-0.00201839	63.7893	-	-	-	-	G
C09384374      none	B	[cH1:1][c:2]([cH1])!@[C:3]([NH1,NH2])=[O:4]	-153.005	8.78518	-	-	-	-	G
C09384374      none	B	[O-:1][N+:2](=O)!@[c:3]([cH,nX2H0])[cH,nX2H0:4]	179.973	23.2156	-	-	-	-	G
C09384374      none	B	[O-:1][N+:2](=O)!@[c:3]([cH,nX2H0])[cH,nX2H0:4]	-179.739	23.2156	-	-	-	-	G
C05052697      none	B	[aH0:1][c:2]([aH0])!@[SX2:3][!#1:4]	-89.999	3.32646	-	-	-	-	G
C05052697      none	B	[*:1]~[CX4:2]!@[n:3]~[*:4]	180	3.53397	-	-	-	-	G
C05052697      none	B	[OX2:1][CX4:2]!@[CX4:3][OX2:4]	79.9986	2.87509	-	-	-	-	G
C62613422      none	B	[$(S(=O)(=O)):1][NX3H0:2]!@[CX4H1:3][H:4]	-29.9938	4.5	-	-	-	-	G
C62613422      none	B	[*:1][$(S(=O)=O):2]!@[NX3H0:3][*:4]	-90.0018	5.61737	-	-	-	-	G
C62613422      none	B	[*:1][$(S(=O)=O):2]!@[NX3H0r:3][*:4]	-89.7219	4.88152	-	-	-	-	G
C62613422      none	B	[O:1]=[CX3:2]!@[NX3H0:3][!#1:4]	180	18.2537	-	-	-	-	G
C62613422      none	B	N[C:2](=[O:1])!@[CH2:3][N:4]	0.001941	9.82143	-	-	-	-	G
C62613422      none	B	[$([CX3]=O):1][NX3H1:2]!@[CX4H2:3][C:4] 	-90.0023	7.35439	-	-	-	-	G
C62613422      none	B	[O:1]=[CX3:2]!@[NX3H1:3][!#1:4]	0.00627451	63.7893	-	-	-	-	G
C62613422      none	B	[a:1][c:2]!@[C:3]([NH1,NH2])=[O:4]	0.285859	9.67683	-	-	-	-	G
C62613422      none	B	[c:1][c:2]!@[c:3][s,o,nX3H1:4]	-29.7258	2.72579	-	-	-	-	G
C10705526      none	B	[cH1:1][c:2]([cH1])!@[O:3][C:4]	-179.733	26.896	-	-	-	-	G
C10705526      none	B	[$(C=O):1][NX3H0:2]!@[c:3]([cH1])[cH1:4]	-150.01	1.13754	-	-	-	-	G
C10705526      none	B	[C:1][CX4:2]!@[CX3:3]=[O:4]	26.2123	3.28614	-	-	-	-	G
C10705526      none	B	[O:1]=[CX3:2]!@[NX3H1:3][!#1:4]	-0.000951621	63.7893	-	-	-	-	G
C10705526      none	B	[$([CX3]=O):1][NX3H1:2]!@[CX4H2:3][C:4] 	89.9986	7.35439	-	-	-	-	G
C10705526      none	B	[!#1:1][CX4H2:2]!@[CX4H2:3][!#1:4]	180	58.554	-	-	-	-	G
C10705526      none	B	[!#1:1][CX4:2]!@[SX4:3][!#1:4]	-172.263	7.34737	-	-	-	-	G
C10705526      none	B	[*:1][$(S(=O)=O):2]!@[NX3H0r:3][*:4]	60.2844	7.32227	-	-	-	-	G
C10705526      none	B	[cH1:1][c:2](cO)!@[O:3][C:4]	90.0279	0.310835	-	-	-	-	R
C10705526      none	B	[cH1:1][c:2](cO)!@[O:3][C:4]	89.9709	0.310835	-	-	-	-	R
C51617315      none	B	[O:1]=[CX3:2](a)!@[NX3H0:3][!#1:4]	0.000293129	23.6549	-	-	-	-	G
C51617315      none	B	[a:1][c:2]!@[C:3]([NH0])=[O:4]	90.2831	2.88889	-	-	-	-	G
C51617315      none	B	[$(C=O):1][NX3H1:2]!@[c:3]([cH1])[cH1:4]	-150.028	5.07451	-	-	-	-	G
C51617315      none	B	[O:1]=[CX3:2]!@[NX3H1:3][!#1:4]	0.00131324	63.7893	-	-	-	-	G
C51617315      none	B	[O:1]=[CX3:2]!@[NX3H0:3][!#1:4]	-149.718	1.37927	-	-	-	-	O
C51617315      none	B	[O:1][CX4:2]!@[CX3:3]=[O:4]	149.806	2.2196	-	-	-	-	G
C48002900      none	B	[*:1]~[cX3:2]!@[NX2:3]~[*:4]	149.999	1.9358	-	-	-	-	O
C48002900      none	B	[*^2:1]~[C^2:2]([!H])!@[C^2:3]~[*^2:4]	149.995	1.21045	-	-	-	-	G
C48002900      none	B	[O:1]=[CX3:2]!@[NX3H1:3][!#1:4]	0.00574163	63.7893	-	-	-	-	G
C48002900      none	B	[$([CX3]=O):1][NX3H1:2]!@[CX4H2:3][C:4] 	150	1.43139	-	-	-	-	O
C48002900      none	B	[!#1:1][CX4H2:2]!@[CX4H2:3][!#1:4]	180	58.554	-	-	-	-	G
C48002900      none	B	[!#1:1][CX4H2:2]!@[CX4H2:3][!#1:4]	179.998	58.554	-	-	-	-	G
C48002900      none	B	[N:1][C:2](=O)!@[CX4H2:3][CX4H2:4]	149.995	4.76839	-	-	-	-	G
C45961823      none	B	[aH0:1][c:2]([aH0])!@[SX4:3][!#1:4]	-83.8599	8.10056	-	-	-	-	G
C45961823      none	B	[c:1][$(S(=O)=O):2]!@[NX3H1:3][c:4]	-89.9998	1.19863	-	-	-	-	G
C45961823      none	B	[$(S(=O)(=O)):1][NH1:2]!@[c:3]([cH0])[cH0:4]	-60.2701	2.17391	-	-	-	-	O
C45961823      none	B	[cH0:1][c:2]([cH0])!@[NX3:3][CX4:4]	-90.0034	8.30904	-	-	-	-	G
C33249903      none	B	[N:1][CX4:2]!@[CX3:3]=[O:4]	91.5516	0.374597	-	-	-	-	O
C33249903      none	B	[a:1][c:2]!@[C:3]([NH1,NH2])=[O:4]	0.00773626	9.67683	-	-	-	-	G
C33249903      none	B	[O:1]=[CX3:2]!@[NX3H1:3][!#1:4]	-0.013589	63.7893	-	-	-	-	G
C33249903      none	B	[$([CX3]=O):1][NX3H1:2]!@[CX4H2:3][C:4] 	180	6.46594	-	-	-	-	G
C33249903      none	B	[!#1:1][CX4H2:2]!@[CX4H2:3][!#1:4]	60.0095	3.99483	-	-	-	-	G
C33249903      none	B	[!#1:1][CX4H2:2]!@[CX4H2:3][!#1:4]	179.997	58.554	-	-	-	-	G
C33249903      none	B	[CX4:1][CX4H2:2]!@[NX3;"N_lp":3][CX4:4]	163.629	6.03015	-	-	-	-	G
C33249903      none	B	[O:1]=[CX3:2]!@[NX3H1:3][!#1:4]	0.00243289	63.7893	-	-	-	-	G
C33249903      none	B	[$(C=O):1][NX3H1:2]!@[CX4H1:3][H:4]	60.001	6.22422	-	-	-	-	G
C37693307      none	B	[cH1,n:1][c:2]!@[O:3][CRH1:4]	89.9995	0.203252	-	-	-	-	R
C37693307      none	B	[cH0:1][c:2]!@[CX4H2:3][N,O,S:4]	179.999	6.20075	-	-	-	-	G
C37693307      none	B	[O-:1][N+:2](=O)!@[c:3]([cH,nX2H0])[cH,nX2H0:4]	179.97	23.2156	-	-	-	-	G
C37693307      none	B	[H:1][CX4H1:2]!@[OX2:3][!#1:4]	0.00162385	7.47259	-	-	-	-	G
C09866886      none	B	[cH0:1][c:2]([cH1])!@[CX3:3]=[O:4]	30.0048	2.80144	-	-	-	-	G
C09866886      none	B	[*:1]~[CX4:2]!@[n:3]~[*:4]	-0.00180183	3.06862	-	-	-	-	G
C09866886      none	B	[O:1][CX4:2]!@[CX3:3]=[O:4]	59.9979	0.530348	-	-	-	-	O
C09866886      none	B	[$(C=O):1][O:2]!@[CH2:3]~[C:4]	-150	2.4514	-	-	-	-	G
C09866886      none	B	[O:1]=[C:2]!@[O:3]~[C:4]	0.007603	74.4927	-	-	-	-	G
C09866886      none	B	[cH1:1][c:2]([cH1])!@[CX3:3]=[O:4]	0.273012	14.2319	-	-	-	-	G
C09866886      none	B	[a:1][c:2]!@[NX3H1:3][$([CX4r]([C;r])([C;r])):4]	0.0221157	14.4886	-	-	-	-	G
C09866886      none	B	[O-:1][N+:2](=O)!@[c:3]([cH0])[cH,nX2H0:4]	0.292971	12.6374	-	-	-	-	G
C09866886      none	B	[!#1:1][CX4H1:2]!@[NX3:3][!#1:4]	-81.378	4.33043	-	-	-	-	G
C21211405      none	B	[$(C=O):1][NX3:2]!@[a:3][aH0:4]	0.00787703	4.11379	-	-	-	-	G
C21211405      none	B	[O:1]=[C:2](c)!@[$([NX3](c([nX2H0])([nX2H0]))):3][H:4]	179.997	26.6667	-	-	-	-	G
C21211405      none	B	[cH1:1][c:2]([cH1])!@[C:3]([NH1,NH2])=[O:4]	-90.0012	0	-	-	-	-	R
C04576596      none	B	[O:1]=[CX3:2]!@[NX3H1:3][!#1:4]	-0.00434674	63.7893	-	-	-	-	G
C04576596      none	B	[$(C=O):1][NX3H1:2]!@[CX4H1:3][H:4]	30.0011	9.46757	-	-	-	-	G
C04576596      none	B	[OX2:1][CX4:2]!@[CX4:3][OX2:4]	-80.0537	2.4811	-	-	-	-	O
C43474580      none	B	[$(C=O):1][NX3H1:2]!@[c:3]([cH0]F)[cH:4]	-120.001	1.75439	-	-	-	-	R
C43474580      none	B	[O-:1][N+:2](=O)!@[c:3]([cH,nX2H0])[cH,nX2H0:4]	179.979	23.2156	-	-	-	-	G
C43474580      none	B	[O:1]=[CX3:2]([$([NX3H1]C)])!@[NX3H1:3][!#1:4]	-0.00585808	41.1343	-	-	-	-	G
C43474580      none	B	[O:1]=[CX3:2]([$([NX3H1]C)])!@[NX3H1:3][!#1:4]	0.00566673	41.1343	-	-	-	-	G
C43474580      none	B	[$(C=O):1][NX3H1:2]!@[CX4H1:3][H:4]	29.9942	9.46757	-	-	-	-	G
C43474580      none	B	[OX2:1][CX4:2]!@[CX4:3][N:4]	-60.0057	14.8764	-	-	-	-	G
C43474580      none	B	[O:1]=[C:2]([O-])!@[CX4H1:3][H:4]	90.0004	0.86741	-	-	-	-	O
C39360256      none	B	[!#1:1][CX4:2]!@[CX3H0:3][!#1:4]	59.9995	4.20603	-	-	-	-	G
C39360256      none	B	[!#1:1][CX4H2:2]!@[CX4H2:3][!#1:4]	-60.0011	3.77933	-	-	-	-	G
C39360256      none	B	[$([CX3]=O):1][NX3H1:2]!@[CX4H2:3][C:4] 	150.001	1.43139	-	-	-	-	O
C39360256      none	B	[O:1]=[CX3:2]([$([NX3H1]C)])!@[NX3H1:3][!#1:4]	0.00719544	41.1343	-	-	-	-	G
C39360256      none	B	[O,S:1]=[C:2]([$([NX3H1]),$([NX3H2])])!@[$([NX3]c[nH0]):3][H:4]	-179.987	19.9219	-	-	-	-	G
C39360256      none	B	[$([C](=O)([$([NX3H1]),$([NX3H2])])[NX3H1]):1][NX3H1:2]!@[c:3]([nH1])[nH0:4]	179.695	23.5294	-	-	-	-	G
C62709066      none	B	[cH0:1][a:2]([cH1])!@[a:3]([sX2,o,nX2H0,nX3H1:4])([cH0])	-120.025	7.1161	-	-	-	-	G
C62709066      none	B	[a:1][c:2]!@[C:3](=[$([N][CX4]):4])([$(N[CX4])])	-119.736	1.9084	-	-	-	-	G
C35329853      none	B	[O-:1][N+:2](=O)!@[c:3]([cH0])[cH,nX2H0:4]	89.9747	0.274725	-	-	-	-	O
C35329853      none	B	[a:1][c:2]!@[C:3]([NH0])=[O:4]	90.0046	2.88889	-	-	-	-	G
C35329853      none	B	[O:1]=[CX3:2](a)!@[NX3H0:3][!#1:4]	149.991	2.50464	-	-	-	-	G
C35329853      none	B	[$(C=O):1][NX3H0:2]!@[CX4H2:3][!#1:4]	-89.9949	14.1466	-	-	-	-	G
C35329853      none	B	[$([CX3]=O):1][NX3H0:2](C)!@[CX4H2:3][C:4]	-90.0013	15.9949	-	-	-	-	G
C35329853      none	B	[a:1][c:2]!@[CX4H2:3][!#1:4]	135.304	1.69481	-	-	-	-	O
C35329853      none	B	[a:1][c:2]!@[C:3]([NH1,NH2])=[O:4]	180	9.31373	-	-	-	-	G
C35329853      none	B	[O:1]=[CX3:2]!@[NX3H1:3][!#1:4]	0.00172612	63.7893	-	-	-	-	G
C35329853      none	B	[$([CX3]=O):1][NX3H1:2]!@[CX4H2:3][C:4] 	180	6.46594	-	-	-	-	G
C35329853      none	B	[OX2:1][CX4:2]!@[CX4:3][N:4]	58.2845	15.2809	-	-	-	-	G
C35329853      none	B	[OX2:1][CX4:2]!@[CX4:3][N:4]	-61.7054	14.8764	-	-	-	-	G
C39312114      none	B	[*:1][CX4:2]!@[O:3][$([CX3](=[!O])):4]	180	17.7846	-	-	-	-	G
C39312114      none	B	[OX2:1][CX4:2]!@[CX4:3][OX2:4]	59.9976	14.3222	-	-	-	-	G
C39312114      none	B	[OX2:1][CX4:2]!@[CX4:3][OX2:4]	59.9984	14.3222	-	-	-	-	G
C65591987      none	B	[O:1]=[CX3:2]!@[NX3H0:3][!#1:4]	-179.702	18.2537	-	-	-	-	G
C65591987      none	B	[O:1]=[CX3:2]!@[NX3H0:3][!#1:4]	-0.00756336	25.0866	-	-	-	-	G
C65591987      none	B	[O:1]=[CX3:2]!@[NX3H1:3][!#1:4]	0.00155625	63.7893	-	-	-	-	G
C65591987      none	B	[$([CX3]=O):1][NX3H1:2]!@[CX4H2:3][C:4] 	-120.001	2.61599	-	-	-	-	O
C65591987      none	B	[!#1:1][CX4H2:2]!@[CX4H2:3][!#1:4]	60.0039	3.99483	-	-	-	-	G
C65591987      none	B	[$([CX3]=O):1][NX3H1:2]!@[CX4H2:3][C:4] 	89.9963	7.35439	-	-	-	-	G
C65591987      none	B	[O:1]=[CX3:2]!@[NX3H1:3][!#1:4]	0.000606495	63.7893	-	-	-	-	G
C65591987      none	B	[O:1]=[C:2]!@[O:3]~[CH0:4]	-0.00597144	56.519	-	-	-	-	G
C65591987      none	B	[!#1:1][CX4H0:2]!@[OX2:3][!#1:4]	60.0032	19.4328	-	-	-	-	G
C52863809      none	B	[a:1][c:2]!@[CX4H2:3][!#1:4]	0.00429918	2.24426	-	-	-	-	O
C52863809      none	B	[*:1]~[CX4:2]!@[NX4:3]~[*:4]	-86.4802	0.698267	-	-	-	-	O
C52863809      none	B	[!#1:1][CX4r:2]!@[CX4r:3][!#1:4]	-42.8331	1.80981	-	-	-	-	G
C56214188      none	B	[C:1][CX4:2]!@[CX3:3]=[O:4]	29.9997	3.28614	-	-	-	-	G
C56214188      none	B	[*:1]~[CX3:2]!@[NX2:3]~[*:4]	-60.0019	0.126195	-	-	-	-	G
C48725790      none	B	[!#1:1][CX4H2:2]!@[CX4H2:3][!#1:4]	60.0065	3.99483	-	-	-	-	G
C48725790      none	B	[n,o,s:1][c:2]!@[CX4H2:3][CX4:4]	-134.669	1.2715	-	-	-	-	O
C48725790      none	B	[*:1]~[cX3:2]!@[NX2:3]~[*:4]	-30	1.57181	-	-	-	-	O
C48725790      none	B	[*^2:1]~[C^2:2]([!H])!@[C^2:3]~[*^2:4]	-90.0061	1.27397	-	-	-	-	G
C48725790      none	B	[O:1]=[CX3:2]!@[NX3H0:3][!#1:4]	-29.7159	0.692521	-	-	-	-	O
C09970332      none	B	[!#1:1][CX4H0:2]!@[OX2:3][!#1:4]	179.996	20.33	-	-	-	-	G
C09970332      none	B	[a:1][c:2]([a])!@[O:3][CX4H0:4]	30.004	0.967742	-	-	-	-	G
C09970332      none	B	[O-:1][N+:2](=O)!@[c:3]([cH0])[cH,nX2H0:4]	0.260183	12.6374	-	-	-	-	G
C49476760      none	B	[$(C=O):1][NX3:2]!@[a:3][aH0:4]	-60.0071	2.68113	-	-	-	-	G
C49476760      none	B	[O:1]=[CX3:2]!@[NX3H1:3][!#1:4]	0.00446351	63.7893	-	-	-	-	G
C49476760      none	B	[cH1:1][c:2]([cH1])!@[C:3]([NH1,NH2])=[O:4]	-152.989	8.78518	-	-	-	-	G
C49476760      none	B	[cH1:1][a:2]([cH1])!@[a:3]([sX2,o,nX2H0,nX3H1:4])([cH1])	180	11.5003	-	-	-	-	G
C08861599      none	B	[cH0:1][c:2]([cH,nX2H0])!@[NX3H0:3][CX4:4]	-89.7442	1.8357	-	-	-	-	G
C08861599      none	B	[$(C=O):1][NX3:2]!@[a:3][aH0:4]	-150.005	1.98526	-	-	-	-	O
C08861599      none	B	[aH1:1][c:2]([aH1])!@[SX4:3][!#1:4]	89.9913	12.916	-	-	-	-	G
C08861599      none	B	[*:1][$(S(=O)=O):2]!@[NX3H0r:3][*:4]	90.2886	4.85782	-	-	-	-	G
C08861599      none	B	[O:1]=[CX3:2]!@[NX3H1:3][!#1:4]	0.00866162	63.7893	-	-	-	-	G
C08861599      none	B	[!#1:1][CX4H2:2]!@[CX3:3]=[O:4]	-120.005	0.59462	-	-	-	-	G
C08861599      none	B	[!#1:1][CX4:2]!@[SX2:3][!#1:4]	89.9969	2.8728	-	-	-	-	G
C08861599      none	B	[aH1:1][c:2]([aH0])!@[SX2:3][!#1:4]	-149.998	0.466926	-	-	-	-	R
C05220316      none	B	[OX2:1][CX4:2]!@[CX4:3][OX2:4]	-59.9975	16.2177	-	-	-	-	G
C05220316      none	B	[OX2:1][CX4:2]!@[CX4:3][OX2:4]	-60.0018	16.2177	-	-	-	-	G
C05220316      none	B	[OX2:1][CX4:2]!@[CX4:3][OX2:4]	-162.519	0.511128	-	-	-	-	G
C66253968      none	B	[cH1:1][c:2]!@[c:3]([cH1])[nX2H0:4]	120.174	0.0514271	-	-	-	-	R
C66253968      none	B	[$(S(=O)(=O)):1][N:2]!@[c:3][a:4]	-60.0048	1.85547	-	-	-	-	G
C66253968      none	B	[c:1][S:2](=O)(=O)!@[NX2H0-:3]-[*:4]	-89.9958	2.77778	-	-	-	-	G
C66253968      none	B	[aH1:1][c:2]([aH1])!@[SX4:3][!#1:4]	-89.7292	12.5987	-	-	-	-	G
C66253968      none	B	[cH0:1][c:2]([cH1])!@[O:3][C:4]	179.998	48.7454	-	-	-	-	G
C66253968      none	B	[O-:1][N+:2](=O)!@[c:3]([cH0])[cH,nX2H0:4]	0.202654	12.6374	-	-	-	-	G
C35701098      none	B	[*^2:1]~[C^2:2]([!H])!@[C^2:3]~[*^2:4]	89.9944	1.26539	-	-	-	-	G
C35701098      none	B	[a:1][c:2]!@[CX4H1:3][N,O:4]	59.2552	3.42939	-	-	-	-	G
C35701098      none	B	[C:1][CX4:2]!@[CX3:3][C:4]	-30.0222	0.603406	-	-	-	-	G
C35701098      none	B	[O:1]=[CX3:2]([NH1])!@[CH2:3][C:4]	-29.9974	4.73225	-	-	-	-	G
C35701098      none	B	[O:1]=[CX3:2]!@[NX3H1:3][!#1:4]	-0.0170028	63.7893	-	-	-	-	G
C35701098      none	B	[$([CX3]=O):1][NX3H1:2]!@[CX4H2:3][C:4] 	-119.994	2.61599	-	-	-	-	O
C35701098      none	B	[OX2:1][CX4:2]!@[CX4:3][N:4]	-81.7015	3.59551	-	-	-	-	O
C35701098      none	B	[O-:1][N+:2](=O)!@[c:3]([cH,nX2H0])[cH,nX2H0:4]	179.968	23.2156	-	-	-	-	G
C35701098      none	B	[O:1]=[C:2]!@[O:3]~[C:4]	0.00576241	74.4927	-	-	-	-	G
C35701098      none	B	[$(C=O):1][O:2]!@[CH2:3]~[C:4]	90.0006	4.53893	-	-	-	-	G
C35701098      none	B	[OX2:1][CX4H2:2]!@[CX4H2:3][OX2:4]	60.0011	8.22123	-	-	-	-	G
C35701098      none	B	[C:1][CH2:2]!@[O:3][CX4:4]	180	35.2689	-	-	-	-	G
C23142784      none	B	[O-:1][N+:2](=O)!@[c:3]([cH0])[cH,nX2H0:4]	90.0252	0.274725	-	-	-	-	O
C23142784      none	B	[cH1:1][c:2]([cH0])!@[CX3x0:3]=[NX2:4]	179.962	58.419	-	-	-	-	G
C23142784      none	B	[*:1]~[cX3:2]!@[NX2:3]~[*:4]	60.3145	1.58835	-	-	-	-	O
C49047602      none	B	[$(C=O):1][NX3H1:2]!@[c:3]([cH1])[cH1:4]	149.971	5.05437	-	-	-	-	G
C49047602      none	B	[cH1:1][a:2]([cH1])!@[a:3]([sX2,o,nX2H0,nX3H1:4])	-29.7049	3.27534	-	-	-	-	G
C49047602      none	B	[O-:1][N+:2](=O)!@[c:3]([cH,nX2H0])[cH,nX2H0:4]	179.978	23.2156	-	-	-	-	G
C49047602      none	B	[O:1]=[CX3:2]!@[NX3H1:3][!#1:4]	0.00197953	63.7893	-	-	-	-	G
C49047602      none	B	[*^2:1]~[C^2:2]([!H])!@[C^2:3]~[*^2:4]	149.997	1.21045	-	-	-	-	G
C49047602      none	B	[a:1][a:2]!@[CX3:3]=[CX3H1:4]	159.994	2.96592	-	-	-	-	G
C49047602      none	B	[cH1:1][a:2]([cH1])!@[a:3]([sX2,o,nX2H0,nX3H1:4])([cH1])	-179.725	11.5003	-	-	-	-	G
C39154524      none	B	[$(C=O):1][O:2]!@[CH2:3]~[C:4]	-90.0035	4.43359	-	-	-	-	G
C39154524      none	B	[O:1]=[C:2]!@[O:3]~[C:4]	-30.0019	0.0890388	-	-	-	-	R
C39154524      none	B	[C:1][CX4:2]!@[CX3:3]=[O:4]	-85.3505	3.45082	-	-	-	-	G
C39154524      none	B	[$(C=O):1][NX3H1:2]!@[CX4H1:3][H:4]	-32.0122	6.97413	-	-	-	-	G
C39154524      none	B	[*^2:1]~[C^2:2]([!H])!@[C^2:3]~[*^2:4]	-120.048	0.661024	-	-	-	-	G
C39154524      none	B	[O:1]=[CX3:2]!@[NX3H1:3][!#1:4]	0.0127254	63.7893	-	-	-	-	G
C39154524      none	B	[!#1:1][CX4H2:2]!@[CX3:3]=[O:4]	-90.0086	1.11373	-	-	-	-	G
C39154524      none	B	[!#1:1][CX4:2]!@[SX2:3][!#1:4]	-90.0001	3.00607	-	-	-	-	G
C39154524      none	B	[aH0:1][c:2]([aH0])!@[SX2:3][!#1:4]	-149.999	0.43837	-	-	-	-	O
C04802712      none	B	[O:1]=[C:2]!@[O:3]~[C:4]	-0.003045	74.4927	-	-	-	-	G
C04802712      none	B	[$(C=O):1][O:2]!@[CH2:3]~[C:4]	150.001	2.20243	-	-	-	-	G
C04802712      none	B	[OX2:1][CX4:2]!@[CX4:3][OX2:4]	156.843	0.798637	-	-	-	-	O
C04802712      none	B	[$(C=O):1][O:2]!@[CH1:3][H:4]	-0.00403025	9.45727	-	-	-	-	G
C04802712      none	B	[$(C=O):1][O:2]!@[CH1:3][H:4]	-30.0114	11.3505	-	-	-	-	G
C04802712      none	B	[*:1]~[CX4:2]!@[n:3]~[*:4]	-89.9982	3.28413	-	-	-	-	G
C04802712      none	B	[O:1]=[C:2]!@[O:3]~[C:4]	30.0113	0.0796663	-	-	-	-	R
C04802712      none	B	[O:1]=[C:2]!@[O:3]~[C:4]	-30.0016	0.0890388	-	-	-	-	R
CHEMBL333463      none	B	[O-:1][N+:2](=O)!@[c:3]([cH0])[cH,nX2H0:4]	-0.0194918	12.6374	-	-	-	-	G
C49431443      none	B	[c:1][c:2]!@[c:3][s,o,nX3H1:4]	0.000291445	17.837	-	-	-	-	G
C49431443      none	B	[a:1][c:2]!@[CX4H2:3][!#1:4]	90.0003	7.24386	-	-	-	-	G
C49431443      none	B	[$(C=O):1][NX3H1:2]!@[CX4H2:3][$([c]([cH,nX2H0])[cH,nX2H0]):4]	-119.996	2.78481	-	-	-	-	G
C49431443      none	B	[O:1]=[CX3:2]!@[NX3H1:3][!#1:4]	-0.00818602	63.7893	-	-	-	-	G
C49431443      none	B	[a:1][c:2]!@[C:3]([NH1,NH2])=[O:4]	-59.689	0.499274	-	-	-	-	G
C38581529      none	B	[a:1][c:2]!@[CX4H1:3][N,O:4]	90.0011	1.22453	-	-	-	-	G
C38581529      none	B	[!#1:1][CX4:2]!@[SX2:3][!#1:4]	160.003	2.91722	-	-	-	-	G
C38581529      none	B	[!#1:1][CX4:2]!@[SX2:3][!#1:4]	79.9993	6.41197	-	-	-	-	G
C38581529      none	B	[!#1:1][CX4:2]!@[CX3H0:3][!#1:4]	60.0048	4.20603	-	-	-	-	G
C38581529      none	B	[*:1]~[cX3:2]!@[NX2:3]~[*:4]	0.3007	14.1132	-	-	-	-	G
C09994542      none	B	[$([CX3]=O):1][NX3H1:2]!@[CX4H2:3][C:4] 	180	6.46594	-	-	-	-	G
C09994542      none	B	[O:1]=[CX3:2]!@[NX3H1:3][!#1:4]	0.00130587	63.7893	-	-	-	-	G
C09994542      none	B	[O:1]=[CX3:2]!@[CX3:3]=[O:4]	-60.0078	0.346021	-	-	-	-	R
C09994542      none	B	[O:1]=[CX3:2]!@[NX3H0:3][!#1:4]	-29.71	0.692521	-	-	-	-	O
C09994542      none	B	[C:1][CX4:2]!@[CX3:3]=[O:4]	149.968	1.17362	-	-	-	-	G
C22318686      none	B	[$(S(=O)(=O)):1][NX3H0:2]!@[CX4H2:3][!#1:4]	89.9955	6.68103	-	-	-	-	G
C22318686      none	B	[$(S(=O)(=O)):1][NX3H0:2]!@[CX4H2:3][!#1:4]	120.003	5.60345	-	-	-	-	O
C22318686      none	B	[c:1][$(S(=O)=O):2]!@[NX3H0:3][C:4]	89.9952	4.81691	-	-	-	-	G
C22318686      none	B	[aH1:1][c:2]([aH1])!@[SX4:3][!#1:4]	-89.7114	12.5987	-	-	-	-	G
C22318686      none	B	[*:1]~[nX3:2]!@[OX2:3]~[*:4]	-119.997	1.78571	-	-	-	-	O
C22318686      none	B	[C:1][CX4H2:2]!@[OX2:3][!#1:4]	80.0049	3.4026	-	-	-	-	G
C22318686      none	B	[OX2:1][CX4H2:2]!@[CX3:3]([$([NX3H1,NX3H2])])=[O:4]	-30.0164	1.07143	-	-	-	-	R
C22318686      none	B	[O:1]=[CX3:2]!@[NX3H1:3][!#1:4]	0.0158313	63.7893	-	-	-	-	G
C22318686      none	B	[$(C=O):1][NX3H1:2]!@[CX4H1:3][H:4]	-32.0129	6.97413	-	-	-	-	G
C22318686      none	B	[a:1][c:2]!@[CX4H1:3][N,O:4]	30.0056	3.56196	-	-	-	-	G
C43259918      none	B	[$(C=O):1][NX3H1:2]!@[c:3]([cH1])[cH1:4]	-150.022	5.07451	-	-	-	-	G
C43259918      none	B	[O:1]=[CX3:2]!@[NX3H1:3][!#1:4]	0.0060668	63.7893	-	-	-	-	G
C43259918      none	B	[O:1]=[CX3:2]!@[NX3H0:3][!#1:4]	-29.7197	0.692521	-	-	-	-	O
C43259918      none	B	[*:1][$(S(=O)=O):2]!@[NX3H0r:3][*:4]	-90.0012	4.88152	-	-	-	-	G
C43259918      none	B	[N:1][CX4:2]!@[CX3:3]=[O:4]	-149.654	3.58916	-	-	-	-	G
C43259918      none	B	[O:1]=[CX3:2]!@[NX3H1:3][!#1:4]	-0.00276998	63.7893	-	-	-	-	G
C43259918      none	B	[$([CX3]=O):1][NX3H1:2]!@[CX4H2:3][C:4] 	60.0021	1.1846	-	-	-	-	G
C43259918      none	B	[OX2:1][CX4:2]!@[CX4:3][N:4]	63.3544	15.2809	-	-	-	-	G
C43259918      none	B	[aH1:1][c:2]([aH1])!@[SX4:3][!#1:4]	70.2858	5.04089	-	-	-	-	G
C05344245      none	B	[$([cH0]!@[*^2]):1][c:2]([cH1])!@[CX3:3]=[O:4]	120.001	1.0199	-	-	-	-	O
C05344245      none	B	[O-:1][N+:2](=O)!@[c:3]([cH,nX2H0])[cH,nX2H0:4]	180	23.2156	-	-	-	-	G
C05344245      none	B	[*^2:1]~[C^2:2]([!H])!@[C^2:3]~[*^2:4]	150.005	1.21045	-	-	-	-	G
C05344245      none	B	[a:1][a:2]!@[CX3:3]=[CX3H1:4]	-119.734	1.01669	-	-	-	-	O
C05344245      none	B	[O:1]=[C:2]([O-])!@[c:3]([cH1])[cH1:4]	179.967	7.35294	-	-	-	-	G
CHEMBL40807      none	B	[CX3:1]=[CX3:2]!@[CH1:3](C)[C:4]	116.848	10.7969	-	-	-	-	G
CHEMBL40807      none	B	[O:1]=[C:2]([O-])!@[CX4H1:3][H:4]	90.0025	0.86741	-	-	-	-	O
CHEMBL40807      none	B	[C:1][CX4:2]!@[CX3:3]=[O:4]	-60.0052	2.40592	-	-	-	-	G
C54414183      none	B	[O-:1][N+:2](=O)!@[c:3]([cH0])[cH,nX2H0:4]	0.0204135	12.6374	-	-	-	-	G
C54414183      none	B	[cH1:1][c:2]([cH1])!@[C:3]([NH1,NH2])=[O:4]	27.0102	8.08167	-	-	-	-	G
C54414183      none	B	[O:1]=[CX3:2]!@[NX3H1:3][!#1:4]	0.00416533	63.7893	-	-	-	-	G
C54414183      none	B	[$(C=O):1][NX3H1:2]!@[CX4H1:3][H:4]	-30.0053	6.97413	-	-	-	-	G
C38729476      none	B	[a:1][c:2]!@[CX4H0:3][CX4:4]	-60.0701	5.9706	-	-	-	-	G
C38729476      none	B	[O:1]=[CX3:2]!@[NX3H0:3][!#1:4]	-30.0006	0.692521	-	-	-	-	O
C38729476      none	B	[C:1][CX4:2]!@[CX3:3]=[O:4]	29.1843	3.28614	-	-	-	-	G
C38729476      none	B	[C:1][CX4:2]!@[CX3:3]=[O:4]	119.072	3.75937	-	-	-	-	G
C38729476      none	B	[O:1]=[CX3:2]!@[NX3H1:3][!#1:4]	-0.00523021	63.7893	-	-	-	-	G
C38729476      none	B	[$([CX3]=O):1][NX3H1:2]!@[CX4H2:3][C:4] 	-89.9948	7.35439	-	-	-	-	G
C38729476      none	B	[!#1:1][CX4H2:2]!@[CX4H2:3][!#1:4]	59.9984	3.99483	-	-	-	-	G
C38729476      none	B	[!#1:1][CX4H2:2]!@[NX3H1:3][!#1:4]	-149.998	1.95018	-	-	-	-	O
C38729476      none	B	[a:1][a:2]!@[NX3:3][!#1:4]	-179.729	11.4213	-	-	-	-	G
C38729476      none	B	[O-:1][N+:2](=O)!@[c:3]([cH,nX2H0])[cH,nX2H0:4]	179.979	23.2156	-	-	-	-	G
C40507780      none	B	[nH0r6:1][cr6:2]([cH1r6])!@[C:3]([NH1,NH2])=[O:4]	119.98	0	-	-	-	-	R
C40507780      none	B	[O:1]=[CX3:2]!@[NX3H1:3][!#1:4]	-0.00951713	63.7893	-	-	-	-	G
C40507780      none	B	[$([CX3]=O):1][NX3H1:2]!@[CX4H2:3][C:4] 	150	1.43139	-	-	-	-	O
C40507780      none	B	N[C:2](=[O:1])!@[CH2:3][N:4]	0.00908803	9.82143	-	-	-	-	G
C40507780      none	B	[O:1]=[CX3:2]!@[NX3H0:3][!#1:4]	-29.726	0.692521	-	-	-	-	O
C61323541      none	B	[a:1][c:2]!@[CX4H2:3][!#1:4]	-134.999	2.0362	-	-	-	-	O
C61323541      none	B	[$(S(=O)(=O)):1][NX3H1:2]!@[CX4H2:3][!#1:4]	179.999	9.01288	-	-	-	-	G
C61323541      none	B	[c:1][$(S(=O)=O):2]!@[NX3H1:3][C:4]	60.0048	14.5215	-	-	-	-	G
C61323541      none	B	[aH1:1][c:2]([aH1])!@[SX4:3][!#1:4]	-89.7291	12.5987	-	-	-	-	G
C48894013      none	B	[a:1][c:2]!@[NX3H1:3][$([CX4r]([C;r])([C;r])):4]	0.0266788	14.4886	-	-	-	-	G
C48894013      none	B	[!#1:1][CX4H1:2]!@[NX3:3][!#1:4]	82.0826	3.82417	-	-	-	-	G
C67460060      none	B	[cH0:1][c:2]!@[CX4H1:3][CX4:4]	121.033	7.01281	-	-	-	-	G
C67460060      none	B	[C:1][CX4:2]!@[CX3:3]=[O:4]	-33.0949	3.42621	-	-	-	-	G
C67460060      none	B	[NH1:1][CX4:2]!@[CX3:3]=[O:4]	-25.4744	4.44172	-	-	-	-	G
C67460060      none	B	[O:1]=[CX3:2]!@[NX3H1:3][!#1:4]	0.00364099	63.7893	-	-	-	-	G
C67460060      none	B	[$([CX3]=O):1][NX3H1:2]!@[CX4H2:3][C:4] 	179.999	6.46594	-	-	-	-	G
C67460060      none	B	[NH1:1][CX4:2]!@[CX3:3]=[O:4]	119.999	0.41354	-	-	-	-	G
C39693010      none	B	[!#1:1][CX4r:2]!@[CX4r:3][!#1:4]	-60.9046	12.0758	-	-	-	-	G
C39693010      none	B	[!#1:1][CX4:2]!@[SX2:3][!#1:4]	179.997	11.1654	-	-	-	-	G
C39693010      none	B	[!#1:1][CX4:2]!@[SX2:3][!#1:4]	79.9984	6.41197	-	-	-	-	G
C39693010      none	B	[!#1:1][CX4H2:2]!@[CX3:3]=[O:4]	90.0016	1.06654	-	-	-	-	G
C39693010      none	B	[O:1]=[CX3:2]!@[NX3H1:3][!#1:4]	-0.00322593	63.7893	-	-	-	-	G
C39693010      none	B	[$(C=O):1][NX3H1:2]!@[CX4H1:3][H:4]	59.9998	6.22422	-	-	-	-	G
C39693010      none	B	[!#1:1][CX4:2]!@[CX4:3][!#1:4]	-160.008	1.85018	-	-	-	-	G
C39693010      none	B	[O:1]=[C:2]([O-])!@[CX4H1:3][H:4]	0.00184056	0.495663	-	-	-	-	O
C39693010      none	B	[cH0:1][c:2]!@[CX4H2:3][CX4:4]	134.999	0.481013	-	-	-	-	R
C04543940      none	B	[*:1]~[CX4:2]!@[n:3]~[*:4]	-150.004	3.13346	-	-	-	-	G
C04543940      none	B	[OX2:1][CX4:2]!@[CX4:3][OX2:4]	54.2742	3.39687	-	-	-	-	G
C25000091      none	B	[aH1:1][c:2]([aH1])!@[SX4:3][!#1:4]	-0.00441616	0.126904	-	-	-	-	R
C25000091      none	B	[cH1:1][c:2]([cH1])!@[O:3][C:4]	30.0021	0.264964	-	-	-	-	O
C25000091      none	B	[C:1][CX4H2:2]!@[OX2:3][c:4]	149.996	0.884397	-	-	-	-	O
C25000091      none	B	[!#1:1][CX4H2:2]!@[CX4H2:3][!#1:4]	180	58.554	-	-	-	-	G
C25000091      none	B	[!#1:1][CX4:2]!@[SX2:3][!#1:4]	90.0019	2.8728	-	-	-	-	G
C25000091      none	B	[aH0:1][c:2]([aH0])!@[SX2:3][!#1:4]	-60.006	1.39247	-	-	-	-	G
C25000091      none	B	[a:1][a:2]!@[NX3:3][!#1:4]	60.2901	1.72297	-	-	-	-	O
C25000091      none	B	[!#1:1][CH2:2]!@[n:3][cH0:4]	-89.9946	15.4696	-	-	-	-	G
C25000091      none	B	[!#1:1][CX4:2]!@[CX4:3][!#1:4]	-163.737	1.85018	-	-	-	-	G
C59293955      none	B	[$(C=O):1][O:2]!@[CH2:3]~[C:4]	179.994	23.3458	-	-	-	-	G
C59293955      none	B	[O:1]=[C:2]!@[O:3]~[C:4]	0.00508837	74.4927	-	-	-	-	G
C59293955      none	B	[*^2:1]~[C^2:2]([!H])!@[C^2:3]~[*^2:4]	-149.741	1.11601	-	-	-	-	O
C59293955      none	B	[!#1:1][CX4:2]!@[CX4:3][!#1:4]	-80.0027	1.71775	-	-	-	-	G
C59293955      none	B	[a:1][c:2]!@[CX4H1:3][H:4]	29.3284	4.04281	-	-	-	-	G
C59293955      none	B	[cH1:1][c:2](cO)!@[O:3][C:4]	90.0099	0.310835	-	-	-	-	R
C59293955      none	B	[$(cO):1][c:2](cO)!@[O:3][C:4]	-89.957	10.3565	-	-	-	-	G
C59293955      none	B	[cH1:1][c:2](cO)!@[O:3][C:4]	-89.7494	0.35524	-	-	-	-	R
C59293955      none	B	[C:1][CX4H2:2]!@[CX3:3]=[O:4]	119.996	0.695249	-	-	-	-	O
C20247409      none	B	[$(S(=O)(=O)):1][N:2]!@[c:3][a:4]	150.004	2.09961	-	-	-	-	G
C20247409      none	B	[*:1]~[N,n:2]!@[S:3]~[*:4]	173.861	5.49166	-	-	-	-	G
C20247409      none	B	[*:1][$(S(=O)=O):2]!@[NX3H0r:3][*:4]	60.2865	7.32227	-	-	-	-	G
C65042534      none	B	[!#1:1][CH2:2]!@[n:3][a:4]	90.3101	13.2097	-	-	-	-	G
C65042534      none	B	[a:1][c:2]!@[CX4H1:3][N,O:4]	-59.4545	3.48172	-	-	-	-	G
C48762688      none	B	[$(C=O):1][NX3H1:2]!@[c:3]([cH1])[cH1:4]	149.979	5.05437	-	-	-	-	G
C48762688      none	B	[a:1][c:2]!@[C:3]([NH0])=[O:4]	-89.9961	2.91667	-	-	-	-	G
C48762688      none	B	[O:1]=[CX3:2](a)!@[NX3H0:3][!#1:4]	180	9.67842	-	-	-	-	G
C48762688      none	B	[O:1]=[CX3:2]!@[NX3H1:3][!#1:4]	150	0.00505102	-	-	-	-	O
C42489498      none	B	[$([CX3]=O):1][NX3H0:2](C)!@[CX4H2:3][C:4]	-120.005	2.31561	-	-	-	-	O
C42489498      none	B	[O:1]=[CX3:2]!@[NX3H0:3][!#1:4]	29.9982	0.680979	-	-	-	-	O
C42489498      none	B	N[C:2](=[O:1])!@[CH2:3][N:4]	-0.00139973	9.82143	-	-	-	-	G
C42489498      none	B	[O:1]=[CX3:2]!@[NX3H0:3][!#1:4]	0.315356	25.0866	-	-	-	-	G
C42489498      none	B	[O:1]=[CX3:2]!@[CX3:3]=[O:4]	60.0023	0.346021	-	-	-	-	R
C42489498      none	B	[O:1]=[CX3:2]!@[NX3H1:3][!#1:4]	-0.00875691	63.7893	-	-	-	-	G
C35304561      none	B	[*:1]~[CX4:2]!@[NX4:3]~[*:4]	80.002	2.21713	-	-	-	-	G
C35304561      none	B	[*:1]~[CX4:2]!@[NX4:3]~[*:4]	-60.0068	15.3415	-	-	-	-	G
C35304561      none	B	N[C:2](=[O:1])!@[CH2:3][N:4]	0.00812613	9.82143	-	-	-	-	G
C35304561      none	B	[O:1]=[CX3:2]!@[NX3H0:3][!#1:4]	-179.724	18.2537	-	-	-	-	G
C35304561      none	B	[C:1][CX4:2]!@[CX3:3]=[O:4]	-120.064	3.42432	-	-	-	-	G
C35304561      none	B	[NH1:1][CX4:2]!@[CX3:3]=[O:4]	120.005	0.41354	-	-	-	-	G
C40326320      none	B	[!#1:1][CH2:2]!@[n:3][a:4]	-90.0028	13.2844	-	-	-	-	G
C40326320      none	B	[!#1:1][CX4H2:2]!@[CX3:3]=[O:4]	0.00286623	19.1789	-	-	-	-	G
C40326320      none	B	[O:1]=[CX3:2]!@[NX3H0:3][!#1:4]	30.2904	0.680979	-	-	-	-	O
C40326320      none	B	[$(C=O):1][NX3H1:2]!@[CX4H1:3][H:4]	60.0051	6.22422	-	-	-	-	G
C40326320      none	B	[O:1]=[CX3:2]!@[NX3H1:3][!#1:4]	0.00159675	63.7893	-	-	-	-	G
C40326320      none	B	[O:1]=[CX3:2]!@[CX4H1r3:3][H:4]	-0.00255023	1.66667	-	-	-	-	G
C17019755      none	B	[a:1][c:2]!@[C:3]([NH1,NH2])=[O:4]	180	9.31373	-	-	-	-	G
C17019755      none	B	[*:1]~[CX4:2]!@[n:3]~[*:4]	-59.9981	3.65221	-	-	-	-	G
C17019755      none	B	[OX2:1][CX4:2]!@[CX4:3][OX2:4]	64.2571	14.3222	-	-	-	-	G
C16953921      none	B	[C:1][CX4:2]!@[NX3:3][C:4]	-85.9879	4.74684	-	-	-	-	G
C16953921      none	B	[OX2:1][CX4:2]!@[CX4:3][OX2:4]	-176.814	13.4277	-	-	-	-	G
C63851816      none	B	[a:1][c:2]!@[CX4H1:3][H:4]	-0.00885079	6.54616	-	-	-	-	G
C63851816      none	B	[a:1][a:2]!@[NX3:3][!#1:4]	0.00238279	10.9271	-	-	-	-	G
C63851816      none	B	[*:1]~[NX3:2]!@[NX3:3]~[*:4]	-119.998	2.7333	-	-	-	-	G
C63851816      none	B	[O:1]=[CX3:2]!@[NX3H1:3][!#1:4]	-0.00560229	63.7893	-	-	-	-	G
C63851816      none	B	[cH1:1][c:2]([cH1])!@[C:3]([NH1,NH2])=[O:4]	152.999	9.05971	-	-	-	-	G
C63851816      none	B	[aH1:1][c:2]([aH1])!@[SX4:3][!#1:4]	-90.0025	12.5987	-	-	-	-	G
C21874834      none	B	[N:1][CX4:2]!@[CX3:3]=[O:4]	-62.6773	1.63777	-	-	-	-	O
C21874834      none	B	[a:1][c:2]!@[C:3]([NH1,NH2])=[O:4]	179.998	9.31373	-	-	-	-	G
C21874834      none	B	[O:1]=[CX3:2]!@[NX3H1:3][!#1:4]	0.00587165	63.7893	-	-	-	-	G
C21874834      none	B	[$([CX3]=O):1][NX3H1:2]!@[CX4H2:3][C:4] 	89.998	7.35439	-	-	-	-	G
C21874834      none	B	[!#1:1][CX4H2:2]!@[CX4H2:3][!#1:4]	59.9959	3.99483	-	-	-	-	G
C21874834      none	B	[!#1:1][CX4H2:2]!@[CX4H2:3][!#1:4]	59.9973	3.99483	-	-	-	-	G
C21874834      none	B	[$([CX3]=O):1][NX3H0:2](C)!@[CX4H2:3][C:4]	-90.3021	15.9949	-	-	-	-	G
C21874834      none	B	[O:1]=[CX3:2]!@[NX3H1:3][!#1:4]	-0.00558005	63.7893	-	-	-	-	G
C21874834      none	B	[$(C=O):1][NX3H1:2]!@[CX4H1:3][H:4]	30.0035	9.46757	-	-	-	-	G
C20258404      none	B	[C:1][CX4:2]!@[CX3:3]=[O:4]	119.999	3.75937	-	-	-	-	G
C20258404      none	B	[*:1]~[CX4:2]!@[n:3]~[*:4]	-120	3.09532	-	-	-	-	G
C20258404      none	B	[O:1]=[CX3:2]!@[NX3H1:3][!#1:4]	-0.00720233	63.7893	-	-	-	-	G
C20258404      none	B	[$(C=O):1][NX3H1:2]!@[CX4H1:3][H:4]	60.0018	6.22422	-	-	-	-	G
C20258404      none	B	[!#1:1][CX4:2]!@[CX4:3][!#1:4]	179.991	22.1548	-	-	-	-	G
C20258404      none	B	[O:1]=[C:2]([O-])!@[CX4H1:3][H:4]	0.00733827	0.495663	-	-	-	-	O
C20258404      none	B	[n,o,s:1][c:2]!@[CX4H2:3][CX4:4]	89.9981	4.03889	-	-	-	-	G
C15781157      none	B	[*:1]~[CX4:2]!@[n:3]~[*:4]	149.999	3.15253	-	-	-	-	G
C15781157      none	B	[OX2:1][CX4:2]!@[CX4:3][OX2:4]	-54.3307	3.1839	-	-	-	-	G
C09396876      none	B	[aH1:1][c:2]([aH1])!@[SX4:3][!#1:4]	-110.003	4.53328	-	-	-	-	G
C09396876      none	B	[O:1]=[C:2]!@[NX3H0:3]([a:4])[A]	-29.9936	0.827016	-	-	-	-	G
C09396876      none	B	[c:1][$(S(=O)=O):2]!@[NX3H0:3][C:4]	60.0024	7.00418	-	-	-	-	G
C09396876      none	B	[$(S(=O)(=O)):1][NX3H0:2]!@[CX4H2:3][!#1:4]	-89.995	8.83621	-	-	-	-	G
C09396876      none	B	N[C:2](=[O:1])!@[CH2:3][N:4]	-149.991	2.38095	-	-	-	-	G
C09396876      none	B	[O:1]=[CX3:2]!@[NX3H1:3][!#1:4]	-0.00996893	63.7893	-	-	-	-	G
C09396876      none	B	[$(C=O):1][NX3H1:2]!@[c:3]([cH1])[cH1:4]	-29.9999	5.05437	-	-	-	-	G
C09396876      none	B	[cH1:1][c:2](cO)!@[O:3][C:4]	-89.9719	0.35524	-	-	-	-	R
C09396876      none	B	[$(cO):1][c:2](cO)!@[O:3][C:4]	89.9958	10.8863	-	-	-	-	G
C09396876      none	B	[cH1:1][c:2](cO)!@[O:3][C:4]	90.2546	0.310835	-	-	-	-	R
C26330337      none	B	[$(C=O):1][NX3H1:2]!@[c:3]([cH1])[cH1:4]	90.2368	0.0402739	-	-	-	-	R
C26330337      none	B	[O:1]=[CX3:2]!@[NX3H1:3][!#1:4]	-0.00165797	63.7893	-	-	-	-	G
C26330337      none	B	[C:1][CX4:2]!@[CX3:3]=[O:4]	4.87655	5.61823	-	-	-	-	G
C48925082      none	B	[*:1]~[cX3:2]!@[NX2:3]~[*:4]	-150.008	1.73726	-	-	-	-	O
C48925082      none	B	[*^2:1]~[C^2:2]([!H])!@[C^2:3]~[*^2:4]	-119.69	0.661024	-	-	-	-	G
C48925082      none	B	[a:1][c:2]!@[CX4H1:3][N,O:4]	-149.721	3.72593	-	-	-	-	G
C09814292      none	B	[H:1][CX4H1:2]!@[SX4:3][!#1:4]	-172.258	2.9563	-	-	-	-	G
C09814292      none	B	[aH1:1][c:2]([aH1])!@[SX4:3][!#1:4]	-89.7132	12.5987	-	-	-	-	G
C09814292      none	B	[c:1][c:2]!@[c:3][s,o,nX3H1:4]	159.996	3.02726	-	-	-	-	G
C09814292      none	B	[$(C=O):1][NX3H1:2]!@[c:3](o)[n:4]	-0.00747579	0	-	-	-	-	G
C09814292      none	B	[O:1]=[CX3:2]!@[NX3H1:3][!#1:4]	0.0139728	63.7893	-	-	-	-	G
C09814292      none	B	[N:1][CX4:2]!@[CX3:3]=[O:4]	88.9784	0.374597	-	-	-	-	O
C09814292      none	B	[*:1][$(S(=O)=O):2]!@[NX3H0r:3][*:4]	-120.002	0.995261	-	-	-	-	G
C09814292      none	B	[aH0:1][c:2]([aH1])!@[SX4:3][!#1:4]	69.6714	11.3606	-	-	-	-	G
C42438845      none	B	[C:1][CX4:2]!@[CX3:3]=[O:4]	-120.07	3.42432	-	-	-	-	G
C42438845      none	B	[O:1]=[CX3:2]!@[NX3H0:3][!#1:4]	-29.9964	0.692521	-	-	-	-	O
C42438845      none	B	[O:1]=[CX3:2]!@[CX3:3]=[O:4]	-90.0285	4.15225	-	-	-	-	G
C42438845      none	B	[O:1]=[CX3:2]!@[NX3H1:3][!#1:4]	0.0272506	63.7893	-	-	-	-	G
C42438845      none	B	[$([CX3]=O):1][NX3H1:2]!@[CX4H2:3][C:4] 	-90.0034	7.35439	-	-	-	-	G
C22399749      none	B	[cH0:1][c:2]([cH1])!@[O:3][C:4]	-89.992	0.64732	-	-	-	-	R
C22399749      none	B	[$(C=O):1][NX3:2]!@[$([a]([cH1])):3][$([aH0](!@O)):4]	-150.008	2.68293	-	-	-	-	G
C22399749      none	B	[cH0:1][c:2]([cH1])!@[O:3][C:4]	89.9981	0.6255	-	-	-	-	R
C22399749      none	B	[O:1]=[CX3:2]!@[NX3H1:3][!#1:4]	-0.0186555	63.7893	-	-	-	-	G
C22399749      none	B	N[C:2](=[O:1])!@[CH2:3][N:4]	-119.997	0.892857	-	-	-	-	G
C22399749      none	B	[$(S(=O)(=O)):1][NX3H0:2]!@[CX4H2:3][!#1:4]	-90.0035	8.83621	-	-	-	-	G
C22399749      none	B	[$(S(=O)(=O)):1][NH0:2]!@[c:3]([cH1])[cH1:4]	-60.2709	0.826446	-	-	-	-	G
C22399749      none	B	[C:1][$(S(=O)=O):2]!@[NX3H0:3][c:4]	90.0022	11.6279	-	-	-	-	G
C22399749      none	B	[a:1][c:2]!@[C:3]([NH0])=[O:4]	59.9953	3.02778	-	-	-	-	G
C22399749      none	B	[O:1]=[CX3:2](a)!@[NX3H0:3][!#1:4]	-149.723	2.19542	-	-	-	-	O
C33468939      none	B	[C:1][CX4H2:2]!@[OX2:3][c:4]	149.997	0.884397	-	-	-	-	O
C33468939      none	B	[cH1:1][c:2]([cH1])!@[O:3][C:4]	-149.724	0.243246	-	-	-	-	R
C33468939      none	B	[cH1:1][c:2]([cH1])!@[CX3:3]([CX3H0])=[O:4]	-30.0049	3.55191	-	-	-	-	G
C33468939      none	B	[*^2:1]~[C^2:2]([!H])!@[C^2:3]~[*^2:4]	120.307	0.806964	-	-	-	-	G
C33468939      none	B	[$([CX3]=O):1][NX3H0:2](C)!@[CX4H2:3][C:4]	-29.9963	0.0428816	-	-	-	-	R
C33468939      none	B	[a:1][c:2]!@[CX4H1:3][N,O:4]	26.8216	3.56196	-	-	-	-	G
C33468939      none	B	[cH1:1][c:2](cO)!@[O:3][C:4]	-59.7726	0.103612	-	-	-	-	R
C33468939      none	B	[C:1][CX4H2:2]!@[OX2:3][c:4]	-150.009	1.28448	-	-	-	-	O
C33468939      none	B	[!#1:1][CX4H2:2]!@[CX4H2:3][!#1:4]	-60.0052	3.77933	-	-	-	-	G
C33468939      none	B	[!#1:1][CX4H2:2]!@[CX4H2:3][!#1:4]	180	58.554	-	-	-	-	G
C33468939      none	B	[!#1:1][CH2:2]!@[n:3][a:4]	-89.686	13.2844	-	-	-	-	G
C11596866      none	B	[cH1:1][c:2](cO)!@[O:3][C:4]	90.2707	0.310835	-	-	-	-	R
C11596866      none	B	[$(C=O):1][NX3H1:2]!@[c:3]([cH1])[cH1:4]	-30.0179	5.05437	-	-	-	-	G
C11596866      none	B	[cH1:1][c:2](cO)!@[O:3][C:4]	89.7712	0.310835	-	-	-	-	R
C11596866      none	B	[$(cO):1][c:2](cO)!@[O:3][C:4]	-59.9982	1.7341	-	-	-	-	G
C11596866      none	B	[O:1]=[CX3:2]!@[NX3H1:3][!#1:4]	-0.0114291	63.7893	-	-	-	-	G
C11596866      none	B	[N:1][CX4:2]!@[CX3:3]=[O:4]	28.9893	2.77899	-	-	-	-	G
C11596866      none	B	[*:1][$(S(=O)=O):2]!@[NX3H0r:3][*:4]	-119.998	0.995261	-	-	-	-	G
C11596866      none	B	[aH1:1][c:2]([aH1])!@[SX4:3][!#1:4]	-69.7237	5.44275	-	-	-	-	G
C42430327      none	B	[!#1:1][CX4:2]!@[CX4:3][!#1:4]	68.6226	7.06239	-	-	-	-	G
C42430327      none	B	[NH1:1][CX4:2]!@[CX3:3]=[O:4]	-149.999	4.5183	-	-	-	-	G
C42430327      none	B	[$(C=O):1][NX3H1:2]!@[CX4H0:3][C:4]	179.998	11.3993	-	-	-	-	G
C42430327      none	B	[O:1]=[CX3:2]!@[NX3H1:3][!#1:4]	0.00185195	63.7893	-	-	-	-	G
C42430327      none	B	[O:1]=[CX3:2]!@[NX3H0:3][!#1:4]	-149.73	1.37927	-	-	-	-	O
C38488236      none	B	[cH0:1][c:2]!@[CX4H2:3][CX3:4]	89.9989	10.5615	-	-	-	-	G
C38488236      none	B	[c:1][CX4H2:2]!@[CX3:3]=[O:4]	-59.9956	1.56695	-	-	-	-	G
C38488236      none	B	[O:1]=[CX3:2]!@[NX3H0:3][!#1:4]	-29.7293	0.692521	-	-	-	-	O
C38488236      none	B	[a:1][a:2]!@[NX3:3][!#1:4]	179.997	11.4213	-	-	-	-	G
C38488236      none	B	[aH0:1][c:2]([aH0])!@[SX2:3][!#1:4]	-0.00214044	13.1253	-	-	-	-	G
C38488236      none	B	[!#1:1][CX4:2]!@[SX2:3][!#1:4]	59.999	7.53739	-	-	-	-	G
C38488236      none	B	[!#1:1][CX4H2:2]!@[CX3:3]=[O:4]	-150.005	0.689004	-	-	-	-	O
C38488236      none	B	[O:1]=[CX3:2]!@[NX3H1:3][!#1:4]	0.00441644	63.7893	-	-	-	-	G
C38488236      none	B	[$(C=O):1][NX3H1:2]!@[CX4H2:3][!#1:4]	179.997	5.78057	-	-	-	-	G
C38488236      none	B	[a:1][c:2]!@[CX4H2:3][!#1:4]	-179.687	2.35335	-	-	-	-	O
C19518733      none	B	[cH1:1][c:2]([cH1])!@[C:3]([NH1,NH2])=[O:4]	153.041	9.05971	-	-	-	-	G
C19518733      none	B	[O:1]=[CX3:2]!@[NX3H1:3][!#1:4]	0.0111646	63.7893	-	-	-	-	G
C19518733      none	B	[$(C=O):1][NX3H1:2]!@[CX4H1:3][H:4]	-60.0129	1.23735	-	-	-	-	O
C19518733      none	B	[!#1:1][CX4:2]!@[CX4:3][!#1:4]	59.999	12.3771	-	-	-	-	G
C19518733      none	B	[O:1]=[C:2]([O-])!@[CX4H1:3][H:4]	90.0094	0.86741	-	-	-	-	O
C19518733      none	B	[n,o,s:1][c:2]!@[CX4H2:3][CX4:4]	-89.9911	5.3104	-	-	-	-	G
C33086178      none	B	[aH0:1][c:2]([aH0])!@[SX4:3][!#1:4]	-83.8615	8.10056	-	-	-	-	G
C33086178      none	B	[!#1:1][CH2:2]!@[n:3][cH0:4]	-90.0099	15.4696	-	-	-	-	G
C33086178      none	B	[!#1:1][CX4H2:2]!@[CX3:3]=[O:4]	-59.998	1.45352	-	-	-	-	G
C33086178      none	B	[O:1]=[CX3:2]!@[NX3H1:3][!#1:4]	-0.00385447	63.7893	-	-	-	-	G
C33086178      none	B	[$(C=O):1][NX3H1:2]!@[CX4H0:3][C:4]	60.0038	13.3187	-	-	-	-	G
C33086178      none	B	[*:1][$(S(=O)=O):2]!@[NX3H0r:3][*:4]	120.286	1.23223	-	-	-	-	O
C33086178      none	B	[C:1][CX4:2]!@[CX3:3]=[O:4]	119.93	3.75937	-	-	-	-	G
C33086178      none	B	[O:1]=[CX3:2]!@[NX3H0:3][!#1:4]	150.277	1.73707	-	-	-	-	O
C35164002      none	B	[O:1]=[C:2]!@[O:3]~[C:4]	-0.0119236	74.4927	-	-	-	-	G
C35164002      none	B	[NH1:1][CX4:2]!@[CX3:3]=[O:4]	0.00802521	6.89233	-	-	-	-	G
C35164002      none	B	[OX2:1][CX4:2]!@[CX4:3][N:4]	60.0033	15.2809	-	-	-	-	G
C35164002      none	B	[$(C=O):1][NX3H1:2]!@[CX4H1:3][H:4]	-29.9929	6.97413	-	-	-	-	G
C35164002      none	B	[O:1]=[CX3:2]!@[NX3H1:3][!#1:4]	-0.00879979	63.7893	-	-	-	-	G
C35164002      none	B	[C:1][CX4:2]!@[CX3:3]=[O:4]	149.878	1.17362	-	-	-	-	G
C35164002      none	B	[O:1]=[CX3:2]!@[NX3H0:3][!#1:4]	-150.002	1.37927	-	-	-	-	O
C39462636      none	B	[cH0:1][c:2]([cH1])!@[CX3:3]=[O:4]	120	1.2287	-	-	-	-	O
C39462636      none	B	[O:1]=[C:2]!@[O:3]~[C:4]	-0.0042802	74.4927	-	-	-	-	G
C39462636      none	B	[$(C=O):1][O:2]!@[CH1:3][H:4]	60.0091	0.586008	-	-	-	-	O
C39462636      none	B	[O:1][CX4:2]!@[CX3:3]=[O:4]	119.998	0.923198	-	-	-	-	O
C39462636      none	B	[*:1]~[CX3:2]!@[NX2:3]~[*:4]	-90.0004	0.0956023	-	-	-	-	G
C27580428      none	B	[C:1][CX4:2]!@[CX3:3]=[O:4]	120.005	3.75937	-	-	-	-	G
C27580428      none	B	[*:1]~[CX4:2]!@[n:3]~[*:4]	149.999	3.15253	-	-	-	-	G
C27580428      none	B	[O:1]=[CX3:2]!@[NX3H1:3][!#1:4]	-0.000786621	63.7893	-	-	-	-	G
C27580428      none	B	[*:1]~[NX3:2]!@[NX3:3]~[*:4]	180	7.3164	-	-	-	-	G
C27580428      none	B	[O:1]=[CX3:2]!@[NX3H1:3][!#1:4]	0.00163702	63.7893	-	-	-	-	G
C27580428      none	B	[cH1:1][c:2]([cH1])!@[C:3]([NH1,NH2])=[O:4]	-27.008	8.39053	-	-	-	-	G
C40176032      none	B	[a:1][a:2]!@[NX3:3][!#1:4]	90.0007	1.62893	-	-	-	-	O
C40176032      none	B	[!#1:1][CX3:2](=S)!@[NX3H1:3][!#1:4]	180	37.0618	-	-	-	-	G
C40176032      none	B	[!#1:1][CX3:2](=S)!@[NX3H1:3][!#1:4]	-0.00194658	27.5459	-	-	-	-	G
C40176032      none	B	[C:1][CX4:2]!@[NX3:3][C:4]	147.914	2.18767	-	-	-	-	G
C38484173      none	B	[O:1][CX4:2]!@[CX3:3]=[O:4]	178.966	6.67845	-	-	-	-	G
C38484173      none	B	[O:1]=[CX3:2]!@[NX3H1:3][!#1:4]	-0.00919643	63.7893	-	-	-	-	G
C38484173      none	B	[$([CX3]=O):1][NX3H1:2]!@[CX4H2:3][C:4] 	89.9979	7.35439	-	-	-	-	G
C38484173      none	B	[!#1:1][CX4H2:2]!@[CX4H2:3][!#1:4]	179.996	58.554	-	-	-	-	G
C38484173      none	B	[!#1:1][CH2:2]!@[n:3][cH0:4]	90.3231	14.7896	-	-	-	-	G
C38484173      none	B	[cH0:1][c:2]([cH,nX2H0])!@[NX3H1:3][CX4:4]	180	49.7854	-	-	-	-	G
C38484173      none	B	[!#1:1][CX4H2:2]!@[NX3H1:3][!#1:4]	119.998	2.00811	-	-	-	-	O
C38484173      none	B	[OX2:1][CX4H2:2]!@[CX4H2:3][N:4]	-59.9956	16.5981	-	-	-	-	G
C38484173      none	B	[C:1][CH2:2]!@[O:3][CX4:4]	-80.0048	1.18773	-	-	-	-	G
C59293726      none	B	[O:1]=[C:2]!@[O:3]~[C:4]	-0.0105071	74.4927	-	-	-	-	G
C59293726      none	B	[*^2:1]~[C^2:2]([!H])!@[C^2:3]~[*^2:4]	150.28	1.21045	-	-	-	-	G
C59293726      none	B	[a:1][c:2]!@[CX4H1:3][H:4]	-1.02022	6.54616	-	-	-	-	G
C48837193      none	B	[O:1]=[CX3:2]!@[NX3H0:3][!#1:4]	30.0084	0.680979	-	-	-	-	O
C48837193      none	B	[O:1]=[CX3:2]!@[NX3H0:3][!#1:4]	-150.006	1.37927	-	-	-	-	O
C48837193      none	B	[$([CX3]=O):1][NX3H0:2](C)!@[CX4H2:3][C:4]	120.002	2.74443	-	-	-	-	O
C48837193      none	B	[$(C=O):1][NX3H0:2]!@[CX4H1:3][H:4]	-90.0033	0.12605	-	-	-	-	R
C48837193      none	B	[N:1][CX4:2]!@[CX3:3]=[O:4]	119.998	0.766617	-	-	-	-	G
C38012264      none	B	[cH0:1][c:2]!@[CX4H2:3][N,O,S:4]	135	0.650908	-	-	-	-	G
C38012264      none	B	[$(S(=O)(=O)):1][NX3H1:2]!@[CX4H2:3][!#1:4]	-90.0032	3.86266	-	-	-	-	G
C38012264      none	B	[c:1][$(S(=O)=O):2]!@[NX3H1:3][C:4]	90.0004	2.64026	-	-	-	-	G
C38012264      none	B	[aH1:1][c:2]([aH1])!@[SX4:3][!#1:4]	-89.7351	12.5987	-	-	-	-	G
C09518665      none	B	[c:1][$(S(=O)=O):2]!@[NX3H0:3][C:4]	90.0024	4.81691	-	-	-	-	G
C09518665      none	B	[aH1:1][c:2]([aH1])!@[SX4:3][!#1:4]	-89.7255	12.5987	-	-	-	-	G
C09518665      none	B	[cH1:1][c:2]([cH1])!@[C:3]([NH1,NH2])=[O:4]	26.9949	8.08167	-	-	-	-	G
C09518665      none	B	[O:1]=[CX3:2]!@[NX3H1:3][!#1:4]	0.00908975	63.7893	-	-	-	-	G
C09518665      none	B	[$(C=O):1][NX3H1:2]!@[CX4H2:3][!#1:4]	149.996	1.53362	-	-	-	-	G
C09518665      none	B	[a:1][c:2]!@[CX4H2:3][!#1:4]	90.3122	7.24386	-	-	-	-	G
C09518665      none	B	[aH0:1][c:2]([aH0])!@[SX2:3][!#1:4]	-0.0052746	13.1253	-	-	-	-	G
C09518665      none	B	[!#1:1][CX4:2]!@[SX2:3][!#1:4]	90.0008	2.8728	-	-	-	-	G
C09518665      none	B	[!#1:1][CX4H2:2]!@[CX3:3]=[O:4]	0.00387297	19.1789	-	-	-	-	G
C09518665      none	B	[O:1]=[CX3:2]!@[NX3H0:3][!#1:4]	0.268933	25.0866	-	-	-	-	G
C40445521      none	B	[cH0:1][c:2]!@[CX4H1:3][CX4:4]	150.003	3.06136	-	-	-	-	G
C40445521      none	B	[!#1:1][CX4H1:2]!@[NX3:3][!#1:4]	180	2.80076	-	-	-	-	G
C40445521      none	B	[a:1][a:2]!@[NX3:3][!#1:4]	150.003	1.85775	-	-	-	-	O
C40445521      none	B	[O-:1][N+:2](=O)!@[c:3]([cH,nX2H0])[cH,nX2H0:4]	179.973	23.2156	-	-	-	-	G
C21586851      none	B	[aH1:1][c:2]([aH0])!@[SX2:3][!#1:4]	-30.0398	1.8677	-	-	-	-	O
C21586851      none	B	[!#1:1][CX4:2]!@[SX2:3][!#1:4]	-80.002	6.01214	-	-	-	-	G
C21586851      none	B	[C:1][CX4:2]!@[CX3:3]=[O:4]	-60.0013	2.40592	-	-	-	-	G
C21586851      none	B	[O:1]=[C:2]!@[NX3:3](C=O)[*:4]	-29.6859	1.95489	-	-	-	-	G
C51395278      none	B	[*:1]~[CX4:2]!@[NX4:3]~[*:4]	80.0017	2.21713	-	-	-	-	G
C51395278      none	B	[*:1]~[CX4:2]!@[NX4:3]~[*:4]	80.0028	2.21713	-	-	-	-	G
C51395278      none	B	[OX2:1][CX4:2]!@[CX4:3][N:4]	41.2519	1.66292	-	-	-	-	G
C51395278      none	B	[O:1]=[C:2]([O-])!@[CX4H1:3][H:4]	89.9986	0.86741	-	-	-	-	O
C51395278      none	B	N[C:2](=[O:1])!@[CH2:3][N:4]	-60.0012	0.14881	-	-	-	-	O
C51156509      none	B	[O-:1][N+:2](=O)!@[c:3]([cH0])[cH,nX2H0:4]	89.8422	0.274725	-	-	-	-	O
C51156509      none	B	[aH0:1][c:2]([aH0])!@[SX4:3][!#1:4]	66.1443	5.02793	-	-	-	-	G
C51156509      none	B	[c:1][$(S(=O)=O):2]!@[NX3H1:3][C:4]	59.9997	14.5215	-	-	-	-	G
C51156509      none	B	[$(S(=O)(=O)):1][NX3H1:2]!@[CX4H1:3][H:4]	-29.9994	9.39227	-	-	-	-	G
C16123892      none	B	[$(S(=O)(=O)):1][NH0:2]!@[c:3]([cH1])[cH1:4]	119.979	2.06612	-	-	-	-	G
C16123892      none	B	[aH1:1][c:2]([aH1])!@[SX4:3][!#1:4]	-90.0045	12.5987	-	-	-	-	G
C16123892      none	B	[*:1][$(S(=O)=O):2]!@[NX3H0r:3][*:4]	60.2777	7.32227	-	-	-	-	G
C16123892      none	B	[c:1][S:2](=O)(=O)!@[NX2H0-:3]-[*:4]	-60.0004	11.1111	-	-	-	-	G
C16123892      none	B	[aH1:1][c:2]([aH1])!@[SX4:3][!#1:4]	-89.7197	12.5987	-	-	-	-	G
C16123892      none	B	[O-:1][N+:2](=O)!@[c:3]([cH,nX2H0])[cH,nX2H0:4]	179.979	23.2156	-	-	-	-	G
C61684645      none	B	[*:1]~[CX4:2]!@[NX4:3]~[*:4]	59.9987	15.3058	-	-	-	-	G
C61684645      none	B	[*:1]~[cX3:2]!@[NX4:3]~[*:4]	120.005	5.80808	-	-	-	-	G
C61684645      none	B	[aH0:1][c:2]([aH0])!@[SX4:3][!#1:4]	96.1377	5.58659	-	-	-	-	G
C61684645      none	B	[c:1][S:2](=O)(=O)!@[NX2H0-:3]-[*:4]	60.0014	8.33333	-	-	-	-	G
C61684645      none	B	[$(S(=O)(=O)):1][N:2]!@[c:3][a:4]	90.0082	4.78516	-	-	-	-	G
C09046657      none	B	[CX3:1]=[CX3:2]!@[CH2:3][OX2:4]	119.995	6.41221	-	-	-	-	G
C09046657      none	B	[C:1][CX4H2:2]!@[OX2:3][c:4]	149.979	0.884397	-	-	-	-	O
C09046657      none	B	[cH1:1][c:2]([cH1])!@[O:3][C:4]	-149.721	0.243246	-	-	-	-	R
C09046657      none	B	[cH1:1][c:2]([cH1])!@[CX3:3]([CX3H0])=[O:4]	179.999	9.0847	-	-	-	-	G
C09046657      none	B	[*^2:1]~[C^2:2]([!H])!@[C^2:3]~[*^2:4]	120.304	0.806964	-	-	-	-	G
C09046657      none	B	[$([CX3]=O):1][NX3H0:2](C)!@[CX4H2:3][C:4]	-120.006	2.31561	-	-	-	-	O
C09046657      none	B	[a:1][c:2]!@[CX4H1:3][N,O:4]	56.8387	3.42939	-	-	-	-	G
C09046657      none	B	[O-:1][N+:2](=O)!@[c:3]([cH,nX2H0])[cH,nX2H0:4]	179.976	23.2156	-	-	-	-	G
C09046657      none	B	[!#1:1][CX4H2:2]!@[CX4H2:3][!#1:4]	180	58.554	-	-	-	-	G
C09046657      none	B	[!#1:1][CX4H2:2]!@[CX4H2:3][!#1:4]	59.9971	3.99483	-	-	-	-	G
C09046657      none	B	[CX4:1][CX4H2:2]!@[NX3;"N_lp":3][CX4:4]	-156.358	6.65327	-	-	-	-	G
C49515118      none	B	[a:1][c:2]!@[CX4H2:3][!#1:4]	135.002	1.69481	-	-	-	-	O
C49515118      none	B	[!#1:1][CX4:2]!@[SX4:3][!#1:4]	-172.263	7.34737	-	-	-	-	G
C49515118      none	B	[*:1]~[N,n:2]!@[S:3]~[*:4]	59.9955	4.33354	-	-	-	-	G
C49515118      none	B	[!#1:1][CX4:2]!@[CX3H0:3][!#1:4]	55.6571	4.20603	-	-	-	-	G
C49515118      none	B	[!#1:1][CX4H1:2]!@[NX3:3][!#1:4]	-149.995	2.59662	-	-	-	-	G
C07277929      none	B	[cH0:1][c:2]!@[CX4H2:3][N,O,S:4]	179.986	6.20075	-	-	-	-	G
C07277929      none	B	[cH0:1][c:2]([nX2])!@[O:3][C:4]	120.002	0.573066	-	-	-	-	R
C07277929      none	B	[C:1][CX4H2:2]!@[OX2:3][c:4]	-60.0005	0.252685	-	-	-	-	G
C07277929      none	B	[OX2:1][CX4H2:2]!@[CX3:3]([$([NX3H1,NX3H2])])=[O:4]	-89.9961	0	-	-	-	-	R
C07277929      none	B	[O:1]=[CX3:2]!@[NX3H1:3][!#1:4]	-0.000522139	63.7893	-	-	-	-	G
C07277929      none	B	[*:1][CX4:2]!@[O:3][CX4:4]	180	12.0478	-	-	-	-	G
C33128805      none	B	[cH1:1][c:2]([cH1])!@[CX3:3]=[O:4]	30.2861	3.1746	-	-	-	-	O
C33128805      none	B	[$(C=O):1][NX3H1:2]!@[c:3]([cH1])[cH1:4]	149.99	5.05437	-	-	-	-	G
C33128805      none	B	[O:1]=[CX3:2]!@[NX3H1:3][!#1:4]	-30.0002	0.0303061	-	-	-	-	O
C33128805      none	B	[O:1]=[CX3:2]!@[NX3H0:3][!#1:4]	-0.00572896	25.0866	-	-	-	-	G
C33128805      none	B	[$([CX3]=O):1][NX3H0:2](C)!@[CX4H2:3][C:4]	-90.0056	15.9949	-	-	-	-	G
C33128805      none	B	[!#1:1][CX4H2:2]!@[CX4H2:3][!#1:4]	179.995	58.554	-	-	-	-	G
C33128805      none	B	[n,o,s:1][c:2]!@[CX4H2:3][CX4:4]	-89.6837	5.3104	-	-	-	-	G
C33128805      none	B	[c:1][c:2]!@[c:3][s,o,nX3H1:4]	0.252394	17.837	-	-	-	-	G
C33128805      none	B	[a:1][c:2]!@[C:3]([NH0])=[O:4]	59.9985	3.02778	-	-	-	-	G
C33128805      none	B	[O:1]=[CX3:2](a)!@[NX3H0:3][!#1:4]	-149.723	2.19542	-	-	-	-	O
C13280006      none	B	[CX3:1]=[CX3:2]!@[CH2:3][!#1:4]	119.996	8.78049	-	-	-	-	G
C13280006      none	B	[!#1:1][CH2:2]!@[n:3][cH0:4]	-89.7216	15.4696	-	-	-	-	G
C13280006      none	B	[O:1]=[C:2]([O-])!@[c:3]([cH1])[cH1:4]	179.98	7.35294	-	-	-	-	G
C13280006      none	B	[aH0:1][c:2]([aH0])!@[SX2:3][!#1:4]	-150.006	0.43837	-	-	-	-	O
C13280006      none	B	[!#1:1][CX4:2]!@[SX2:3][!#1:4]	60.0023	7.53739	-	-	-	-	G
C13280006      none	B	[!#1:1][CX4H2:2]!@[CX3:3]=[O:4]	-0.00322211	19.1789	-	-	-	-	G
C13280006      none	B	[O:1]=[CX3:2]!@[NX3H1:3][!#1:4]	0.00120033	63.7893	-	-	-	-	G
C13280006      none	B	[$(C=O):1][NX3H1:2]!@[c:3]([cH1])[cH1:4]	-30.004	5.05437	-	-	-	-	G
C13280006      none	B	[$(C=O):1][NX3H0:2]!@[c:3]([cH1])[cH1:4]	-149.747	1.13754	-	-	-	-	G
C31160251      none	B	[OX2:1][CX4:2]!@[CX4:3][OX2:4]	-116.214	0.0319455	-	-	-	-	R
C31160251      none	B	[*:1][CX4:2]!@[O:3][CX4:4]	80.0011	2.41638	-	-	-	-	G
C31160251      none	B	[H:1][CX4H1:2]!@[O:3][CX4:4]	-30.0002	6.07621	-	-	-	-	G
C31160251      none	B	[OX2:1][CX4:2]!@[CX4:3][OX2:4]	-179.916	13.4277	-	-	-	-	G
C31160251      none	B	[$(C=O):1][O:2]!@[CH2:3]~[C:4]	150	2.20243	-	-	-	-	G
C31160251      none	B	[O:1]=[C:2]!@[O:3]~[C:4]	-0.00921372	74.4927	-	-	-	-	G
C31160251      none	B	[C:1][CX4H2:2]!@[CX3:3]=[O:4]	-149.986	0.413839	-	-	-	-	R
C31160251      none	B	[C:1][CX4H2:2]!@[CX3:3]=[O:4]	-119.986	0.79457	-	-	-	-	O
C59288742      none	B	[!#1:1][CX4:2]!@[CX4:3][!#1:4]	-60.2937	12.2558	-	-	-	-	G
C59288742      none	B	[*:1][$(S(=O)=O):2]!@[NX3H0r:3][*:4]	-59.9832	8.17536	-	-	-	-	O
C59288742      none	B	[aH1:1][c:2]([aH1])!@[SX4:3][!#1:4]	150.256	0.260857	-	-	-	-	R
C59288742      none	B	[$(S(=O)(=O)):1][NH0:2]!@[c:3]([cH1])[cH1:4]	-90.0273	17.7686	-	-	-	-	G
C59288742      none	B	[c:1][S:2](=O)(=O)!@[NX2H0-:3]-[*:4]	-59.9988	11.1111	-	-	-	-	G
C59288742      none	B	[aH1:1][c:2]([aH1])!@[SX4:3][!#1:4]	-89.7236	12.5987	-	-	-	-	G
C59288742      none	B	[O-:1][N+:2](=O)!@[c:3]([cH,nX2H0])[cH,nX2H0:4]	179.973	23.2156	-	-	-	-	G
C48647876      none	B	[aH1:1][c:2]([aH1])!@[SX4:3][!#1:4]	-90.0046	12.5987	-	-	-	-	G
C48647876      none	B	[*:1]~[N,n:2]!@[S:3]~[*:4]	-149.999	1.449	-	-	-	-	G
C48647876      none	B	[cH1:1][c:2]([cH1])!@[CX3:3]=[NX2:4]	0.275958	14.4225	-	-	-	-	G
C20982661      none	B	[a:1][c:2]!@[CX4H2:3][!#1:4]	-134.999	2.0362	-	-	-	-	O
C20982661      none	B	[a:1][c:2]!@[CX4H1:3][H:4]	154.336	3.71955	-	-	-	-	G
C20982661      none	B	[!#1:1][CX4:2]!@[SX2:3][!#1:4]	159.998	2.91722	-	-	-	-	G
C20982661      none	B	[aH0:1][c:2]([aH0])!@[SX2:3][!#1:4]	-0.00448699	13.1253	-	-	-	-	G
C00533672      none	B	[a:1][c:2]!@[CX4H1:3][H:4]	149.131	3.71955	-	-	-	-	G
C00533672      none	B	[*^2:1]~[C^2:2]([!H])!@[C^2:3]~[*^2:4]	60.0136	0.650722	-	-	-	-	O
C00533672      none	B	[O:1]=[C:2]!@[O:3]~[C:4]	0.00964059	74.4927	-	-	-	-	G
C15106299      none	B	[cH1:1][c:2](cO)!@[O:3][C:4]	0.263143	49.3635	-	-	-	-	G
C15106299      none	B	[cH0:1][c:2]!@[CX4H1:3][CX4:4]	-120.223	7.57923	-	-	-	-	G
C15106299      none	B	[cH0:1][c:2]([cH0])!@[O:3][C:4]	180	0.248007	-	-	-	-	R
C15106299      none	B	[C:1][CX4:2]!@[CX3:3][C:4]	-150.004	1.84328	-	-	-	-	G
C15106299      none	B	[C:1][CX4H2:2]!@[CX3:3]=[O:4]	90.0037	1.30773	-	-	-	-	O
C15106299      none	B	[O:1]=[C:2]!@[O:3]~[C:4]	-0.00519436	74.4927	-	-	-	-	G
C35379040      none	B	[aH0:1][c:2]([aH1])!@[SX4:3][!#1:4]	-90.0024	5.01982	-	-	-	-	G
C35379040      none	B	[*:1][$(S(=O)=O):2]!@[NX3H0r:3][*:4]	90.2702	4.85782	-	-	-	-	G
C35379040      none	B	[C:1][CX4:2]!@[CX3:3]=[O:4]	0.0582278	5.61823	-	-	-	-	G
C35379040      none	B	[O:1]=[CX3:2]!@[NX3H1:3][!#1:4]	-0.000727899	63.7893	-	-	-	-	G
C35379040      none	B	[$(C=O):1][NX3:2]!@[$([a]([cH1])):3][$([aH0](!@O)):4]	-119.995	0.731707	-	-	-	-	O
C35379040      none	B	[cH1:1][c:2]([cH1])!@[O:3][C:4]	-0.0235407	26.3009	-	-	-	-	G
C35379040      none	B	[cH0:1][c:2]([cH1])!@[O:3][C:4]	89.9937	0.6255	-	-	-	-	R
C66942120      none	B	[a:1][c:2]!@[C:3]([NH0])=[O:4]	90.0012	2.88889	-	-	-	-	G
C66942120      none	B	[O:1]=[CX3:2](a)!@[NX3H0:3][!#1:4]	-149.715	2.19542	-	-	-	-	O
C66942120      none	B	[$(C=O):1][NX3H1:2]!@[CX4H1:3][H:4]	-30.0039	6.97413	-	-	-	-	G
C66942120      none	B	[O:1]=[CX3:2]!@[NX3H1:3][!#1:4]	0.00951915	63.7893	-	-	-	-	G
C66942120      none	B	[cH1:1][c:2]([cH1])!@[C:3]([NH1,NH2])=[O:4]	-27.0161	8.39053	-	-	-	-	G
C50420166      none	B	[!#1:1][CX4:2]!@[CX3H0:3][!#1:4]	-30.0074	1.75844	-	-	-	-	G
C50420166      none	B	[C:1][CX4:2]!@[CX3:3]=[O:4]	29.9999	3.28614	-	-	-	-	G
C50420166      none	B	[O:1]=[CX3:2]!@[NX3H1:3][!#1:4]	-0.00580679	63.7893	-	-	-	-	G
C50420166      none	B	[$(C=O):1][NX3H1:2]!@[CX4H2:3][!#1:4]	-89.9965	7.86473	-	-	-	-	G
C50420166      none	B	[a:1][c:2]!@[CX4H2:3][!#1:4]	90.322	7.24386	-	-	-	-	G
C67162944      none	B	[cH1:1][c:2]([cH1])!@[C:3]([NH1,NH2])=[O:4]	27.032	8.08167	-	-	-	-	G
C67162944      none	B	[$(C=O):1][NX3H0:2]!@[c:3]([cH1])[cH1:4]	150.251	1.18925	-	-	-	-	G
C67162944      none	B	[O:1]=[CX3:2]!@[NX3H1:3][!#1:4]	0.00328412	63.7893	-	-	-	-	G
C67162944      none	B	[$(C=O):1][NX3H1:2]!@[CX4H1:3][H:4]	-60.0045	1.23735	-	-	-	-	G
C49274302      none	B	[n,o,s:1][c:2]!@[CX4H2:3][CX4:4]	-89.6799	5.3104	-	-	-	-	G
C49274302      none	B	[*:1]~[cX3:2]!@[NX2:3]~[*:4]	-119.998	1.40635	-	-	-	-	O
C49274302      none	B	[*^2:1]~[C^2:2]([!H])!@[C^2:3]~[*^2:4]	149.996	1.21045	-	-	-	-	G
C49274302      none	B	[O:1]=[CX3:2]!@[NX3H1:3][!#1:4]	0.00315089	63.7893	-	-	-	-	G
C49274302      none	B	[$([CX3]=O):1][NX3H1:2]!@[CX4H2:3][C:4] 	90.0013	7.35439	-	-	-	-	G
C49274302      none	B	[!#1:1][CX4H2:2]!@[CX4H2:3][!#1:4]	179.997	58.554	-	-	-	-	G
C49274302      none	B	[!#1:1][CX4H2:2]!@[CX4H2:3][!#1:4]	59.9991	3.99483	-	-	-	-	G
C49274302      none	B	[N:1][C:2](=O)!@[CX4H2:3][CX4H2:4]	-120.002	3.67847	-	-	-	-	G
C28674425      none	B	[O:1]=[C:2]!@[NX3:3](C=O)[*:4]	-30.0079	1.95489	-	-	-	-	G
C28674425      none	B	[!#1:1][CX4H2:2]!@[CX3:3]=[O:4]	-0.00758271	19.1789	-	-	-	-	G
C28674425      none	B	[!#1:1][CX4:2]!@[SX2:3][!#1:4]	90.0044	2.8728	-	-	-	-	G
C28674425      none	B	[aH0:1][c:2]([aH0])!@[SX2:3][!#1:4]	-29.9991	0.51573	-	-	-	-	O
C28674425      none	B	[a:1][c:2]!@[CX4H1:3][H:4]	-85.6586	0.504612	-	-	-	-	O
C37471505      none	B	[aH0:1][c:2]([aH1])!@[SX4:3][!#1:4]	109.996	1.0568	-	-	-	-	O
C37471505      none	B	[c:1][$(S(=O)=O):2]!@[NX3H0:3][C:4]	-60.0019	7.66773	-	-	-	-	G
C37471505      none	B	[$(S(=O)(=O)):1][NX3H0:2]!@[CX4H2:3][!#1:4]	-89.9974	8.83621	-	-	-	-	G
C37471505      none	B	[$(S(=O)(=O)):1][NX3H0:2]!@[CX4H2:3][!#1:4]	149.995	7.32759	-	-	-	-	G
C53067139      none	B	[cH1:1][a:2]([cH1])!@[a:3]([sX2,o,nX2H0,nX3H1:4])([cH1])	0.0035054	11.7616	-	-	-	-	G
C53067139      none	B	[cH1:1][c:2]([cH1])!@[C:3]([NH1,NH2])=[O:4]	27.0102	8.08167	-	-	-	-	G
C53067139      none	B	[O:1]=[CX3:2]!@[NX3H1:3][!#1:4]	-0.00139096	63.7893	-	-	-	-	G
C53067139      none	B	[$(C=O):1][NX3H1:2]!@[CX4H0:3][C:4]	176.345	11.3993	-	-	-	-	G
C53067139      none	B	[OX2:1][CX4:2]!@[CX4:3][N:4]	-59.9974	14.8764	-	-	-	-	G
C48624641      none	B	[cH0:1][c:2]!@[CX4H2:3][N,O,S:4]	-90.0161	7.87941	-	-	-	-	G
C48624641      none	B	[a:1][ar6:2]!@[ar5:3][a:4]	-149.689	2.77721	-	-	-	-	G
C48624641      none	B	[$(C=O):1][NX3H1:2]!@[CX4H2:3][!#1:4]	-150.001	1.65159	-	-	-	-	G
C48624641      none	B	[O:1]=[CX3:2]!@[NX3H1:3][!#1:4]	0.00708243	63.7893	-	-	-	-	G
C48624641      none	B	[s:1][c:2]!@[C:3]([NH1])=[O:4]	-0.0076146	23.0769	-	-	-	-	G
C38665141      none	B	[*:1]~[OX2:2]!@[P:3]~[*:4]	179.999	7.48543	-	-	-	-	G
C38665141      none	B	[*:1]~[N,n:2]!@[P:3]~[*:4]	-159.999	2.56087	-	-	-	-	G
C38665141      none	B	[*:1]~[OX2:2]!@[P:3]~[*:4]	59.9925	4.54722	-	-	-	-	G
C38665141      none	B	[!#1:1][CX4H1:2]!@[NX3:3][!#1:4]	90.0312	2.80893	-	-	-	-	G
C38665141      none	B	[OX2:1][CX4:2]!@[CX4:3][OX2:4]	179.954	13.4277	-	-	-	-	G
C62253577      none	B	[c:1][c:2]!@[c:3][s,o,nX3H1:4]	179.998	12.4984	-	-	-	-	G
C62253577      none	B	[a:1][c:2]!@[CX4H1:3][H:4]	179.838	7.22227	-	-	-	-	G
C13397521      none	B	[cH0:1][c:2]([cH1])!@[CX3:3]([NX3H1])=[O:4]	-59.9929	2.698	-	-	-	-	G
C13397521      none	B	[O-:1][N+:2](=O)!@[c:3]([cH,nX2H0])[cH,nX2H0:4]	179.979	23.2156	-	-	-	-	G
C13397521      none	B	[O-:1][N+:2](=O)!@[c:3]([cH0])[cH,nX2H0:4]	0.248859	12.6374	-	-	-	-	G
C13397521      none	B	[O:1]=[CX3:2]!@[NX3H1:3][!#1:4]	-0.0731337	63.7893	-	-	-	-	G
C13397521      none	B	[$(C=O):1][NX3H1:2]!@[c:3]([cH1])[cH1:4]	60.0967	0.402739	-	-	-	-	R
C13397521      none	B	[aH1:1][c:2]([aH1])!@[SX4:3][!#1:4]	109.998	4.92809	-	-	-	-	G
C13397521      none	B	[*:1][$(S(=O)=O):2]!@[NX3H0r:3][*:4]	-89.7237	4.88152	-	-	-	-	G
C13397521      none	B	[O:1]=[C:2]([O-])!@[CX4H1:3][H:4]	0.00361519	0.495663	-	-	-	-	O
C49425709      none	B	[a:1][c:2]!@[CX4H2:3][!#1:4]	-0.00635379	2.24426	-	-	-	-	O
C49425709      none	B	[$(C=O):1][NX3H1:2]!@[CX4H2:3][!#1:4]	-89.9954	7.86473	-	-	-	-	G
C49425709      none	B	[O:1]=[CX3:2]!@[NX3H1:3][!#1:4]	-0.00397621	63.7893	-	-	-	-	G
C49425709      none	B	[O:1]=[CX3:2]!@[NX3H0:3][!#1:4]	30.2844	0.680979	-	-	-	-	O
C49425709      none	B	[C:1][CX4:2]!@[CX3:3]=[O:4]	119.882	3.75937	-	-	-	-	G
C49425709      none	B	[O:1]=[CX3:2]!@[NX3H1:3][!#1:4]	0.0114039	63.7893	-	-	-	-	G
C49425709      none	B	[$(C=O):1][NX3H1:2]!@[c:3]([cH1])[cH1:4]	29.9997	5.05437	-	-	-	-	G
C49425709      none	B	[aH1:1][c:2]([aH1])!@[SX4:3][!#1:4]	-90.0001	12.5987	-	-	-	-	G
C49425709      none	B	[c:1][S:2](=O)(=O)!@[NX2H0-:3]-[*:4]	59.9961	8.33333	-	-	-	-	G
C49425709      none	B	[$(S(=O)(=O)):1][N:2]!@[c:3][a:4]	-120.005	1.85547	-	-	-	-	G
C37841916      none	B	[!#1:1][CX4:2]!@[CX4:3][!#1:4]	-160.005	1.85018	-	-	-	-	G
C37841916      none	B	[O:1]=[CX3:2]!@[NX3H0:3][!#1:4]	180	18.2537	-	-	-	-	G
C37841916      none	B	[*^2:1]~[C^2:2]([!H])!@[C^2:3]~[*^2:4]	-89.7302	1.27397	-	-	-	-	G
C37841916      none	B	[$(S(=O)(=O)):1][NX3H1:2]!@[CX4H2:3][!#1:4]	119.999	2.14592	-	-	-	-	O
C37841916      none	B	[*:1][$(S(=O)=O):2]!@[NX3H1:3][*:4]	-59.9975	9.96512	-	-	-	-	G
C37791753      none	B	[$(C=O):1][NX3H1:2]!@[c:3]([cH1])[cH1:4]	29.9638	5.05437	-	-	-	-	G
C37791753      none	B	[$(C=O):1][NX3H1:2]!@[c:3]([cH1])[cH1:4]	-120.044	0.302054	-	-	-	-	R
C37791753      none	B	[O:1]=[CX3:2]!@[NX3H1:3][!#1:4]	-0.00105466	63.7893	-	-	-	-	G
C37791753      none	B	[O:1]=[CX3:2]!@[CX4H1r3:3][H:4]	-89.9973	0	-	-	-	-	R
C37791753      none	B	[O:1]=[CX3:2]!@[NX3H1:3][!#1:4]	0.00024014	63.7893	-	-	-	-	G
C37791753      none	B	[O:1]=[CX3:2]([NH1])!@[CH2:3][C:4]	90.0058	2.11706	-	-	-	-	O
C37791753      none	B	[!#1:1][CX4H2:2]!@[CX4H2:3][!#1:4]	179.998	58.554	-	-	-	-	G
C37791753      none	B	[!#1:1][CX4H2:2]!@[CX4H2:3][!#1:4]	180	58.554	-	-	-	-	G
C37791753      none	B	[C:1][CX4H2:2]!@[CX3:3]=[O:4]	-120.003	0.79457	-	-	-	-	O
C14162275      none	B	[a:1][c:2]!@[CX4H0:3][CX3:4]	-87.0751	2.24368	-	-	-	-	G
C14162275      none	B	[$([CX3]=O):1][NX3H0:2](C)!@[CX4H2:3][C:4]	-90.0064	15.9949	-	-	-	-	G
C14162275      none	B	N[C:2](=[O:1])!@[CH2:3][N:4]	-119.998	0.892857	-	-	-	-	G
C14162275      none	B	[O:1]=[CX3:2]!@[NX3H1:3][!#1:4]	-0.00603404	63.7893	-	-	-	-	G
C14162275      none	B	[$(C=O):1][NX3H1:2]!@[c:3]([cH1])[cH1:4]	29.9974	5.05437	-	-	-	-	G
C14162275      none	B	[$(C=O):1][NX3H0:2]!@[c:3]([cH1])[cH1:4]	149.989	1.18925	-	-	-	-	G
C14162275      none	B	[cH1:1][c:2](cO)!@[O:3][C:4]	-89.984	0.35524	-	-	-	-	R
C14162275      none	B	[$(cO):1][c:2](cO)!@[O:3][C:4]	60.0415	1.68593	-	-	-	-	G
C14162275      none	B	[cH1:1][c:2](cO)!@[O:3][C:4]	-89.7459	0.35524	-	-	-	-	R
C48619376      none	B	[cH1:1][c:2]([nX3H1])!@[CX3:3]=[NX2:4]	149.999	0	-	-	-	-	R
C48619376      none	B	[*:1]~[N,n:2]!@[S:3]~[*:4]	-89.9981	2.07385	-	-	-	-	G
C48619376      none	B	[aH0:1][c:2]([aH0])!@[SX4:3][!#1:4]	-89.9944	9.35754	-	-	-	-	G
C09126308      none	B	[a:1][c:2]!@[CX4H0:3][CX3:4]	-65.8304	3.19512	-	-	-	-	G
C09126308      none	B	[$([CX3]=O):1][NX3H0:2](C)!@[CX4H2:3][C:4]	89.9878	14.7513	-	-	-	-	G
C09126308      none	B	N[C:2](=[O:1])!@[CH2:3][N:4]	-89.9986	0.14881	-	-	-	-	R
C09126308      none	B	[O:1]=[CX3:2]!@[NX3H1:3][!#1:4]	0.00649915	63.7893	-	-	-	-	G
C09126308      none	B	[$(C=O):1][NX3H1:2]!@[c:3]([cH1])[cH1:4]	29.9906	5.05437	-	-	-	-	G
C09126308      none	B	[aH1:1][c:2]([aH1])!@[SX4:3][!#1:4]	-69.9896	5.44275	-	-	-	-	G
C09126308      none	B	[*:1][$(S(=O)=O):2]!@[NX3H0r:3][*:4]	90.2747	4.85782	-	-	-	-	G
C47343254      none	B	[cH0:1][c:2]([cH0])!@[CX3:3]=[O:4]	149.997	1.0877	-	-	-	-	O
C47343254      none	B	[*:1]~[CX3:2]!@[cX3:3]~[*:4]	0.005424	13.8319	-	-	-	-	G
C47343254      none	B	[*:1]~[cX3:2]!@[NX2:3]~[*:4]	60.3045	1.58835	-	-	-	-	O
C47343254      none	B	[a:1][ar6:2]!@[ar5:3][a:4]	150.274	2.78735	-	-	-	-	G
C47343254      none	B	[O:1]=[C:2]!@[O:3]~[C:4]	0.00371644	74.4927	-	-	-	-	G
C05023200      none	B	[cH1:1][c:2]([$([cH0][OH1])])!@[CX3:3]=[NX2:4]	29.9497	0	-	-	-	-	G
C05023200      none	B	[*:1]~[NX2:2]!@[NX2:3]~[*:4]	149.996	0.538841	-	-	-	-	G
C05023200      none	B	[$(C=O):1][NX3H0:2]!@[c:3]([cH1])[cH1:4]	-120.022	4.75698	-	-	-	-	G
C05023200      none	B	[!#1:1][CX4:2]!@[CX4:3][!#1:4]	40.0032	0.998355	-	-	-	-	G
C05023200      none	B	[C:1][CX4H2:2]!@[CX3:3]=[O:4]	-119.998	0.79457	-	-	-	-	O
C14839042      none	B	[cH1:1][c:2]([cH1])!@[C:3]([NH1,NH2])=[O:4]	26.98	8.08167	-	-	-	-	G
C14839042      none	B	[a:1][a:2]!@[NX3:3][!#1:4]	120.008	1.62057	-	-	-	-	O
C14839042      none	B	[!#1:1][CX3:2](=S)!@[NX3H1:3][!#1:4]	180	37.0618	-	-	-	-	G
C14839042      none	B	[$(C=O):1][NX3H1:2]!@[CX3:3]=[*H0:4]	180	33.8082	-	-	-	-	G
C14839042      none	B	[O:1]=[CX3:2]!@[NX3H1:3][!#1:4]	-0.000337001	63.7893	-	-	-	-	G
C14839042      none	B	[cH1:1][c:2]([cH1])!@[C:3]([NH1,NH2])=[O:4]	-90.0061	0	-	-	-	-	R
C14839042      none	B	[O-:1][N+:2](=O)!@[c:3]([cH,nX2H0])[cH,nX2H0:4]	179.983	23.2156	-	-	-	-	G
C14839042      none	B	[O-:1][N+:2](=O)!@[c:3]([cH,nX2H0])[cH,nX2H0:4]	-179.701	23.2156	-	-	-	-	G
C14839042      none	B	[O:1]=[CX3:2]!@[NX3H1:3][!#1:4]	-9.31175e-05	63.7893	-	-	-	-	G
C14839042      none	B	[$([CX3]=O):1][NX3H1:2]!@[CX4H2:3][C:4] 	89.9981	7.35439	-	-	-	-	G
C14839042      none	B	[OX2:1][CX4:2]!@[CX4:3][N:4]	83.723	3.55056	-	-	-	-	O
C63340635      none	B	[aH0:1][c:2]([aH1])!@[SX4:3][!#1:4]	180	1.4531	-	-	-	-	G
C63340635      none	B	[cH0:1][c:2]([cH1])!@[CX3:3]([NX3H0])=[O:4]	-29.9962	1.81818	-	-	-	-	O
C63340635      none	B	[O:1]=[CX3:2](a)!@[NX3H0:3][!#1:4]	-29.6936	1.17502	-	-	-	-	O
C63340635      none	B	[a:1][c:2]!@[CX4H1:3][N,O:4]	-29.9973	3.61778	-	-	-	-	G
C09029635      none	B	[!#1:1][CX4:2]!@[CX4:3][!#1:4]	60.0056	12.3771	-	-	-	-	G
C09029635      none	B	[a:1][c:2]!@[CX4H1:3][N,O:4]	-29.9958	3.61778	-	-	-	-	G
C09029635      none	B	[$(S(=O)(=O)):1][NX3H1:2]!@[CX4H1:3][H:4]	30.0037	11.9705	-	-	-	-	G
C09029635      none	B	[aH0:1][c:2]([aH0])!@[SX4:3][!#1:4]	63.973	4.18994	-	-	-	-	G
C09029635      none	B	[!#1:1][CX4:2]!@[SX4:3][!#1:4]	-80.0032	3.11579	-	-	-	-	G
C09029635      none	B	[a:1][c:2]!@[CX4H2:3][!#1:4]	-89.7216	7.30446	-	-	-	-	G
C09029635      none	B	[c:1][$(S(=O)=O):2]!@[NX3H1:3][C:4]	-89.9999	3.19032	-	-	-	-	G
C09029635      none	B	[aH1:1][c:2]([aH1])!@[SX4:3][!#1:4]	90.2671	12.916	-	-	-	-	G
C09600538      none	B	[aH1:1][c:2]([aH1])!@[SX4:3][!#1:4]	90.0001	12.916	-	-	-	-	G
C09600538      none	B	[*:1][$(S(=O)=O):2]!@[NX3H0r:3][*:4]	-89.6854	4.88152	-	-	-	-	G
C09600538      none	B	[OX2:1][CX4:2]!@[CX4:3][N:4]	84.8549	3.55056	-	-	-	-	O
C09600538      none	B	[$([CX3]=O):1][NX3H1:2]!@[CX4H2:3][C:4] 	90.0059	7.35439	-	-	-	-	G
C09600538      none	B	[O:1]=[CX3:2]!@[NX3H1:3][!#1:4]	-0.0121384	63.7893	-	-	-	-	G
C09600538      none	B	[O:1]=[CX3:2]!@[CX3:3]=[O:4]	-119.99	1.55709	-	-	-	-	G
C09600538      none	B	[O:1]=[CX3:2]!@[NX3H1:3][!#1:4]	-0.0122842	63.7893	-	-	-	-	G
C09600538      none	B	[$(C=O):1][NX3H1:2]!@[CX4H2:3][$([c]([cH,nX2H0])[cH,nX2H0]):4]	120.01	2.53165	-	-	-	-	O
C09600538      none	B	[a:1][c:2]!@[CX4H2:3][!#1:4]	90.2655	7.24386	-	-	-	-	G
C37487574      none	B	[O:1]=[CX3:2]!@[NX3H1:3][!#1:4]	0.0022434	63.7893	-	-	-	-	G
C37487574      none	B	[$([CX3]=O):1][NX3H1:2]!@[CX4H2:3][C:4] 	-150.002	1.7769	-	-	-	-	O
C37487574      none	B	[!#1:1][CX4H2:2]!@[CX4H2:3][!#1:4]	179.999	58.554	-	-	-	-	G
C37487574      none	B	[CX4:1][CX4H2:2]!@[NX3;"N_lp":3][CX4:4]	179.999	5.18593	-	-	-	-	G
C37487574      none	B	[C:1][CX4:2]!@[NX3;"N_lp":3][C:4]	-78.2106	6.10869	-	-	-	-	G
C61972276      none	B	[O:1]=[CX3:2]!@[NX3H1:3][!#1:4]	0.00451884	63.7893	-	-	-	-	G
C61972276      none	B	[$([CX3]=O):1][NX3H1:2]!@[CX4H2:3][C:4] 	149.997	1.43139	-	-	-	-	O
C61972276      none	B	[!#1:1][CX4H2:2]!@[CX4H2:3][!#1:4]	179.996	58.554	-	-	-	-	G
C61972276      none	B	[N:1][C:2](=O)!@[CX4H2:3][CX4H2:4]	-149.998	5.31335	-	-	-	-	G
C61972276      none	B	[O:1]=[CX3:2]!@[NX3H0:3][!#1:4]	150.281	1.73707	-	-	-	-	O
C61972276      none	B	[C:1][CX4:2]!@[CX3:3]=[O:4]	-0.0627303	5.61823	-	-	-	-	G
C61972276      none	B	[O:1]=[CX3:2]!@[NX3H0:3][!#1:4]	-29.723	0.692521	-	-	-	-	O
C61972276      none	B	[C:1][CX4:2]!@[CX3:3]=[O:4]	120.032	3.75937	-	-	-	-	G
C48449687      none	B	[O:1]=[CX3:2]!@[NX3H1:3][!#1:4]	-0.00324784	63.7893	-	-	-	-	G
C48449687      none	B	[*:1]~[NX3:2]!@[NX3:3]~[*:4]	90.008	3.54776	-	-	-	-	G
C48449687      none	B	[O:1]=[CX3:2]!@[NX3H1:3][!#1:4]	-0.00779951	63.7893	-	-	-	-	G
C48449687      none	B	[c:1][CX4H2:2]!@[CX3:3]=[O:4]	150	0.569801	-	-	-	-	O
C48449687      none	B	[a:1][c:2]!@[CX4H2:3][CX3:4]	-149.723	0.689061	-	-	-	-	R
C48449687      none	B	[c:1][c:2]!@[c:3][s,o,nX3H1:4]	20.2895	3.32873	-	-	-	-	G
C05042635      none	B	[$(C=O):1][NX3H0:2]!@[c:3]([s,o])[n:4]	120.292	0	-	-	-	-	R
C00823558      none	B	[$(C=O):1][O:2]!@[CH1:3][H:4]	30.0039	10.7465	-	-	-	-	G
C00823558      none	B	[O:1]=[C:2]!@[O:3]~[C:4]	-0.0034128	74.4927	-	-	-	-	G
C00823558      none	B	[*^2:1]~[C^2:2]([!H])!@[C^2:3]~[*^2:4]	120.272	0.806964	-	-	-	-	G
C00823558      none	B	[a:1][c:2]!@[CX4H1:3][N,O:4]	-142.607	3.95967	-	-	-	-	G
C00823558      none	B	[O-:1][N+:2](=O)!@[c:3]([cH0])[cH,nX2H0:4]	0.198726	12.6374	-	-	-	-	G
C42678069      none	B	[c:1][c:2]([cH0])!@[c:3][nX2H0:4]	120.258	2.09836	-	-	-	-	O
C42678069      none	B	[aH0:1][c:2]([aH0])!@[SX2:3][!#1:4]	29.995	0.412584	-	-	-	-	O
C42678069      none	B	[aH1:1][c:2]([aH0])!@[SX2:3][*R:4]	90.0025	2.04082	-	-	-	-	G
C42678069      none	B	[O-:1][N+:2](=O)!@[c:3]([cH,nX2H0])[cH,nX2H0:4]	179.983	23.2156	-	-	-	-	G
C42678069      none	B	[O-:1][N+:2](=O)!@[c:3]([cH0])[cH,nX2H0:4]	0.282592	12.6374	-	-	-	-	G
C65740544      none	B	[cH0:1][c:2]([cH0])!@[O:3][C:4]	120.003	2.5775	-	-	-	-	G
C65740544      none	B	[H:1][CX4H1:2]!@[OX2:3][!#1:4]	59.9914	2.10701	-	-	-	-	G
C65740544      none	B	[O:1]=[C:2]([O-])!@[CX4H1:3][H:4]	89.9905	0.86741	-	-	-	-	O
C50675074      none	B	[$(S(=O)(=O)):1][NX3H0:2]!@[CX4H2:3][!#1:4]	-120.006	6.46552	-	-	-	-	O
C50675074      none	B	[c:1][$(S(=O)=O):2]!@[NX3H0:3][C:4]	89.9955	4.81691	-	-	-	-	G
C50675074      none	B	[a:1][c:2]!@[CX4H2:3][!#1:4]	-89.7217	7.30446	-	-	-	-	G
C50675074      none	B	[aH1:1][c:2]([aH1])!@[SX4:3][!#1:4]	150.273	0.260857	-	-	-	-	R
C38008184      none	B	[aH0:1][c:2]([aH0])!@[SX4:3][!#1:4]	-173.862	0.837989	-	-	-	-	R
C38008184      none	B	[c:1][$(S(=O)=O):2]!@[NX3H1:3][C:4]	-60.0009	13.7514	-	-	-	-	G
C38008184      none	B	[$(S(=O)(=O)):1][NX3H1:2]!@[CX4H2:3][!#1:4]	-120.004	2.14592	-	-	-	-	O
C38008184      none	B	[a:1][c:2]!@[CX4H2:3][!#1:4]	45.3132	2.0463	-	-	-	-	O
C11242075      none	B	[aH1:1][c:2]([aH1])!@[SX4:3][!#1:4]	89.9949	12.916	-	-	-	-	G
C11242075      none	B	[*:1][$(S(=O)=O):2]!@[NX3H0r:3][*:4]	90.2766	4.85782	-	-	-	-	G
C11242075      none	B	[C:1][CX4:2]!@[CX3:3]=[O:4]	-30.0008	3.42621	-	-	-	-	G
C11242075      none	B	[O:1]=[C:2]!@[O:3]~[C:4]	-29.9992	0.0890388	-	-	-	-	R
C11242075      none	B	[$(C=O):1][O:2]!@[CH2:3]~[C:4]	89.9983	4.53893	-	-	-	-	G
C11242075      none	B	[OX2:1][CX4H2:2]!@[CX3:3]([$([NX3H1,NX3H2])])=[O:4]	119.999	0	-	-	-	-	R
C11242075      none	B	[O:1]=[C:2]!@[NX3H1:3](C=O)[H:4]	180	35.6725	-	-	-	-	G
C11242075      none	B	[O:1]=[C:2]([NH1])!@[NX3H1:3](C=O)[H:4]	-0.00584771	58.9474	-	-	-	-	G
C11242075      none	B	[O:1]=[CX3:2]([$([NX3H1]C)])!@[NX3H1:3][!#1:4]	-0.00441642	41.1343	-	-	-	-	G
C11242075      none	B	[$(C=O):1][NX3H1:2]!@[CX4H2:3][!#1:4]	-90.0026	7.86473	-	-	-	-	G
C11242075      none	B	[a:1][c:2]!@[CX4H2:3][!#1:4]	90.3218	7.24386	-	-	-	-	G
C13013260      none	B	[a:1][a:2]!@[NX3:3][!#1:4]	-90.0024	1.65296	-	-	-	-	O
C13013260      none	B	[!#1:1][CX3:2](=S)!@[NX3H1:3][!#1:4]	-0.00372841	27.5459	-	-	-	-	G
C13013260      none	B	[!#1:1][CX3:2](=S)!@[NX3H1:3][!#1:4]	-149.994	0.033389	-	-	-	-	R
C13013260      none	B	[*:1]~[NX3:2]!@[NX2:3]~[*:4]	150.006	0.447375	-	-	-	-	O
C13013260      none	B	[cH1:1][c:2]([cH1])!@[CX3:3]=[NX2:4]	150.266	2.10453	-	-	-	-	G
C13013260      none	B	[aH1:1][c:2]([aH1])!@[SX4:3][!#1:4]	-90.0268	12.5987	-	-	-	-	G
C13013260      none	B	[c:1][$(S(=O)=O):2]!@[NX3H1:3][C:4]	60.0233	14.5215	-	-	-	-	G
C13013260      none	B	[$(S(=O)(=O)):1][NX3H1:2]!@[CX4H1:3][H:4]	-0.00344027	7.36648	-	-	-	-	G
C13013260      none	B	[O:1]=[C:2]([O-])!@[CX4H1:3][H:4]	-0.00340182	0.495663	-	-	-	-	O
C40119852      none	B	[$(C=O):1][NX3H1:2]!@[CX4H1:3][H:4]	26.6313	9.46757	-	-	-	-	G
C40119852      none	B	[O:1]=[CX3:2]([$([NX3H1]C)])!@[NX3H1:3][!#1:4]	0.0103258	41.1343	-	-	-	-	G
C40119852      none	B	[O:1]=[CX3:2]([$([NX3H1]C)])!@[NX3H1:3][!#1:4]	179.991	9.5176	-	-	-	-	R
C40119852      none	B	[$([CX3]=O):1][NX3H1:2]!@[CX4H2:3][C:4] 	-90.0024	7.35439	-	-	-	-	G
C40119852      none	B	[OX2:1][CX4:2]!@[CX4:3][N:4]	80.8965	3.55056	-	-	-	-	O
C21287993      none	B	[n,o,s:1][c:2]!@[CX4H2:3][CX4:4]	0.339526	6.43231	-	-	-	-	G
C21287993      none	B	[*:1]~[cX3:2]!@[NX2:3]~[*:4]	-0.00330005	14.1132	-	-	-	-	G
C21287993      none	B	[cH1:1][c:2]([cH1])!@[CX3:3]=[NX2:4]	30.273	2.39378	-	-	-	-	G
C21287993      none	B	[cH1:1][c:2](cO)!@[O:3][C:4]	-89.9844	0.35524	-	-	-	-	R
C38038408      none	B	[!#1:1][CH2:2]!@[n:3][a:4]	-90.0059	13.2844	-	-	-	-	G
C38038408      none	B	[!#1:1][CX4H2:2]!@[CX3:3]=[O:4]	-89.9908	1.11373	-	-	-	-	G
C38038408      none	B	[O:1]=[CX3:2]!@[NX3H0:3][!#1:4]	30.2824	0.680979	-	-	-	-	O
C38038408      none	B	[C:1][CX4:2]!@[CX3:3]=[O:4]	-0.0747586	5.61823	-	-	-	-	G
CHEMBL416685      none	B	[a:1][c:2]!@[CX4H1:3][H:4]	29.8666	4.04281	-	-	-	-	G
CHEMBL416685      none	B	[*:1]~[CX4:2]!@[NX4:3]~[*:4]	-80.0012	2.10499	-	-	-	-	G
CHEMBL416685      none	B	[a:1][c:2]!@[CX4H2:3][!#1:4]	-89.6909	7.30446	-	-	-	-	G
CHEMBL416685      none	B	[cH1:1][a:2]([cH1])!@[a:3]([cH1])[cH0:4]	-120.001	5.02238	-	-	-	-	G
CHEMBL416685      none	B	[O-:1][N+:2](=O)!@[c:3]([cH0])[cH,nX2H0:4]	90.2786	0.274725	-	-	-	-	O
CHEMBL416685      none	B	[!#1:1][CH2:2]!@[n:3][cH0:4]	-89.9994	15.4696	-	-	-	-	G
CHEMBL416685      none	B	[!#1:1][CX4H2:2]!@[CX3:3]=[O:4]	-89.9956	1.11373	-	-	-	-	G
C38984205      none	B	[!#1:1][CX4:2]!@[NX3;"N_lp":3]	-178.154	7.96925	-	-	-	-	G
C09235040      none	B	[cH1,nX2H0:1][c:2]([cH1,nX2H0])!@[NX3r:3][*:4]	-179.693	6.12375	-	-	-	-	G
C09235040      none	B	[a:1][a:2]!@[CX3:3]=[CX3H1:4]	20.001	2.80466	-	-	-	-	G
C09235040      none	B	[a:1][a:2]!@[CX3:3]=[CX3H1:4]	60.2781	0.974618	-	-	-	-	O
C09235040      none	B	[O-:1][N+:2](=O)!@[c:3]([cH0])[cH0:4]	89.9637	5.69106	-	-	-	-	G
C13816232      none	B	[*:1]~[CX4:2]!@[n:3]~[*:4]	119.991	3.12393	-	-	-	-	G
C13816232      none	B	[OX2:1][CX4:2]!@[CX4:3][OX2:4]	175.891	13.4277	-	-	-	-	G
C67371311      none	B	[O:1]=[C:2]([N])!@[O:3]~[C:4]	-0.00982807	57.729	-	-	-	-	G
C67371311      none	B	[O:1]=[CX3:2]!@[NX3H0:3][!#1:4]	-179.717	18.2537	-	-	-	-	G
C67371311      none	B	[!#1:1][CX4H1:2]!@[NX3:3][!#1:4]	90.0016	2.80893	-	-	-	-	G
C67371311      none	B	[a:1][c:2]!@[NX3H1:3][$([CX4r]([C;r])([C;r])):4]	59.9954	1.13636	-	-	-	-	R
C04403640      none	B	[OX2:1][CX4:2]!@[CX4:3][OX2:4]	180	13.4277	-	-	-	-	G
C04403640      none	B	[OX2:1][CX4:2]!@[CX4:3][OX2:4]	79.9931	2.87509	-	-	-	-	G
C04403640      none	B	[OX2:1][CX4:2]!@[CX4:3][OX2:4]	-37.967	0.393994	-	-	-	-	O
C41071020      none	B	[aH1:1][c:2]([aH1])!@[SX4:3][!#1:4]	-90.0011	12.5987	-	-	-	-	G
C41071020      none	B	[a:1][a:2]!@[NX3:3][!#1:4]	29.9996	1.9288	-	-	-	-	O
C41071020      none	B	[c:1][$(S(=O)=O):2]!@[NX3H1:3][C:4]	-59.9939	13.7514	-	-	-	-	G
C41071020      none	B	[$(S(=O)(=O)):1][NX3H1:2]!@[CX4H1:3][H:4]	29.9951	11.9705	-	-	-	-	G
C47871160      none	B	[O-:1][N+:2](=O)!@[c:3]([cH0])[cH,nX2H0:4]	90.034	0.274725	-	-	-	-	O
C47871160      none	B	[a:1][a:2]!@[NX3:3][!#1:4]	-150	1.91104	-	-	-	-	O
C47871160      none	B	[*:1]~[NX3:2]!@[NX3:3]~[*:4]	180	7.3164	-	-	-	-	G
C47871160      none	B	[O:1]=[CX3:2]!@[NX3H1:3][!#1:4]	0.00491628	63.7893	-	-	-	-	G
C47871160      none	B	[cH1:1][c:2]([cH1])!@[C:3]([NH1,NH2])=[O:4]	153.001	9.05971	-	-	-	-	G
C42116774      none	B	[$(C=O):1][NX3H0:2]!@[CX4H2:3][!#1:4]	-120.015	2.94527	-	-	-	-	O
C42116774      none	B	N[C:2](=[O:1])!@[CH2:3][N:4]	-150.002	2.38095	-	-	-	-	G
C42116774      none	B	[O:1]=[CX3:2]!@[NX3H1:3][!#1:4]	0.00543085	63.7893	-	-	-	-	G
C42116774      none	B	[$([CX3]=O):1][NX3H1:2]!@[CX4H2:3][C:4] 	-89.9974	7.35439	-	-	-	-	G
C21970712      none	B	[$(C=O):1][O:2]!@[CH2:3]~[C:4]	89.9937	4.53893	-	-	-	-	G
C21970712      none	B	[O:1]=[C:2]([N])!@[O:3]~[C:4]	30.0049	0.110889	-	-	-	-	R
C21970712      none	B	[O:1]=[CX3:2]!@[NX3H0:3][!#1:4]	-29.7264	0.692521	-	-	-	-	O
C21970712      none	B	[$(C=O):1][NX3H1:2]!@[CX4H1:3][H:4]	-29.9888	6.97413	-	-	-	-	G
C21970712      none	B	[O:1]=[CX3:2]!@[NX3H1:3][!#1:4]	-0.0164792	63.7893	-	-	-	-	G
C21970712      none	B	[cH1:1][c:2]([cH1])!@[C:3]([NH1,NH2])=[O:4]	-152.978	8.78518	-	-	-	-	G
C21970712      none	B	[$(S(=O)(=O)):1][NH0:2]!@[c:3]([cH1])[cH1:4]	-90.0321	17.7686	-	-	-	-	G
C21970712      none	B	[c:1][S:2](=O)(=O)!@[NX2H0-:3]-[*:4]	-59.9954	11.1111	-	-	-	-	G
C21970712      none	B	[aH1:1][c:2]([aH1])!@[SX4:3][!#1:4]	-89.7277	12.5987	-	-	-	-	G
C21970712      none	B	[O-:1][N+:2](=O)!@[c:3]([cH0])[cH,nX2H0:4]	90.1592	0.274725	-	-	-	-	O
C65815294      none	B	[C:1][CX4:2]!@[CX3:3]=[O:4]	-59.2506	2.40592	-	-	-	-	G
C65815294      none	B	[O:1]=[CX3:2]!@[NX3H0:3][!#1:4]	30.2672	0.680979	-	-	-	-	O
C09101282      none	B	[$([CX3]=O):1][NX3H0:2](C)!@[CX4H2:3][C:4]	90.0049	14.7513	-	-	-	-	G
C09101282      none	B	[$([CX3]=O):1][NX3H0:2](C)!@[CX4H2:3][C:4]	-89.9958	15.9949	-	-	-	-	G
C09101282      none	B	[O:1]=[CX3:2]!@[NX3H0:3][!#1:4]	0.00501491	25.0866	-	-	-	-	G
C09101282      none	B	[!#1:1][CX4H2:2]!@[CX4H2:3][!#1:4]	180	58.554	-	-	-	-	G
C09101282      none	B	[cH1:1][c:2]([cH1])!@[CX4H2:3][CX4:4]	89.9977	11.713	-	-	-	-	G
C09101282      none	B	[O:1]=[CX3:2]!@[CX3:3]=[O:4]	-120.004	1.55709	-	-	-	-	G
C09101282      none	B	[O:1]=[CX3:2]!@[NX3H1:3][!#1:4]	0.00188574	63.7893	-	-	-	-	G
C09101282      none	B	[$([CX3]=O):1][NX3H1:2]!@[CX4H2:3][C:4] 	-60.001	1.43139	-	-	-	-	G
C09101282      none	B	[!#1:1][CX4:2]!@[CX4:3][!#1:4]	180	22.1548	-	-	-	-	G
C09101282      none	B	[a:1][c:2]!@[CX4H1:3][H:4]	30.0063	4.04281	-	-	-	-	G
C09101282      none	B	[H:1][CX4H1:2]!@[SX4:3][!#1:4]	67.7466	6.16967	-	-	-	-	G
C09101282      none	B	[aH1:1][c:2]([aH1])!@[SX4:3][!#1:4]	-89.734	12.5987	-	-	-	-	G
C39957202      none	B	[OX2:1][CX4:2]!@[CX4:3][OX2:4]	-159.997	0.511128	-	-	-	-	G
C39957202      none	B	[OX2:1][CX4:2]!@[CX4:3][OX2:4]	-44.2857	0.393994	-	-	-	-	G
C39957202      none	B	[OX2:1][CX4:2]!@[CX4:3][OX2:4]	60.0016	14.3222	-	-	-	-	G
C39957202      none	B	[OX2:1][CX4:2]!@[CX4:3][OX2:4]	-79.9891	2.4811	-	-	-	-	G
C38018698      none	B	[a:1][c:2]!@[CX4H2:3][!#1:4]	-134.999	2.0362	-	-	-	-	O
C38018698      none	B	[!#1:1][CX4H2:2]!@[NX3H1;"N_lp":3][!#1:4]	80.0002	3.50263	-	-	-	-	G
C38018698      none	B	[C:1][CX4:2]!@[NX3;"N_lp":3][C:4]	78.6786	5.94326	-	-	-	-	G
C50421996      none	B	[!#1:1][CX4:2]!@[CX3H0:3][!#1:4]	-120.011	1.6873	-	-	-	-	O
C50421996      none	B	[C:1][CX4:2]!@[CX3:3]=[O:4]	89.9948	3.65147	-	-	-	-	G
C50421996      none	B	[O:1]=[CX3:2]!@[NX3H1:3][!#1:4]	-0.000918275	63.7893	-	-	-	-	G
C50421996      none	B	[$(C=O):1][NX3H1:2]!@[CX4H2:3][!#1:4]	-119.999	2.75265	-	-	-	-	O
C50421996      none	B	[a:1][c:2]!@[CX4H2:3][!#1:4]	90.3129	7.24386	-	-	-	-	G
C61705453      none	B	[cH0:1][c:2]!@[CX4H2:3][CX3:4]	-134.994	0.40107	-	-	-	-	R
C61705453      none	B	[c:1][CX4H2:2]!@[CX3:3]=[O:4]	60.0008	1.9943	-	-	-	-	G
C61705453      none	B	[O:1]=[CX3:2]!@[NX3H0:3][!#1:4]	0.313985	25.0866	-	-	-	-	G
C44362026      none	B	[C:1][CX4:2]!@[CX3:3]=[O:4]	-121.556	3.42432	-	-	-	-	G
C44362026      none	B	[O:1]=[CX3:2]!@[NX3H1:3][!#1:4]	-0.00749904	63.7893	-	-	-	-	G
C44362026      none	B	[*:1]~[NX3:2]!@[NX3:3]~[*:4]	90.0022	3.54776	-	-	-	-	G
C44362026      none	B	[O:1]=[CX3:2]!@[NX3H1:3][!#1:4]	-0.00151639	63.7893	-	-	-	-	G
C44362026      none	B	[O:1]=[CX3:2]!@[CX4H1r3:3][H:4]	150.004	5.16667	-	-	-	-	G
C44362026      none	B	[!#1:1][CX4H1:2]!@[NX3:3][!#1:4]	119.996	4.42569	-	-	-	-	O
C37809614      none	B	[a:1][c:2]!@[C:3]([NH0])=[O:4]	-59.9983	3.63889	-	-	-	-	G
C37809614      none	B	[O:1]=[CX3:2](a)!@[NX3H0:3][!#1:4]	-0.00459681	23.6549	-	-	-	-	G
C37809614      none	B	[$([CX3]=O):1][NX3H0:2](C)!@[CX4H2:3][C:4]	-89.9964	15.9949	-	-	-	-	G
C37809614      none	B	[$(C=O):1][NX3H0:2]!@[CX4H1:3][H:4]	29.9982	2.94118	-	-	-	-	G
C37809614      none	B	[OX2:1][CX4H2:2]!@[CX4H2:3][N:4]	180	8.36763	-	-	-	-	G
C23143289      none	B	[*:1]~[cX3:2]!@[NX2:3]~[*:4]	59.9985	1.58835	-	-	-	-	O
C23143289      none	B	[!#1:1][CX4:2]!@[CX3H0:3][!#1:4]	120.007	1.81513	-	-	-	-	O
C23143289      none	B	[$([CX3]=O):1][NX3H0:2](C)!@[CX4H2:3][C:4]	89.996	14.7513	-	-	-	-	G
C40168032      none	B	[C:1][CX4:2]!@[NX3:3][C:4]	60.0049	6.16204	-	-	-	-	G
C40168032      none	B	[!#1:1][CX3:2](=S)!@[NX3H1:3][!#1:4]	29.9947	0.200334	-	-	-	-	R
C40168032      none	B	[!#1:1][CX3:2](=S)!@[NX3H1:3][!#1:4]	30.0036	0.200334	-	-	-	-	R
C16952030      none	B	[*:1]~[CX4:2]!@[n:3]~[*:4]	-119.995	3.09532	-	-	-	-	G
C16952030      none	B	[OX2:1][CX4:2]!@[CX4:3][OX2:4]	-43.9783	0.393994	-	-	-	-	G
C09027734      none	B	[a:1][c:2]!@[CX4H2:3][!#1:4]	-89.9989	7.30446	-	-	-	-	G
C09027734      none	B	[!#1:1][CX4:2]!@[SX4:3][!#1:4]	-172.257	7.34737	-	-	-	-	G
C09027734      none	B	[aH0:1][c:2]([aH0])!@[SX4:3][!#1:4]	29.9998	0.418994	-	-	-	-	R
C09027734      none	B	[n,o,s:1][c:2]!@[CX4H2:3][CX4:4]	134.998	0.747943	-	-	-	-	O
C09027734      none	B	[!#1:1][CX4H2:2]!@[CX4H2:3][!#1:4]	-59.9951	3.77933	-	-	-	-	G
C09027734      none	B	[!#1:1][CX4H2:2]!@[CX4H2:3][!#1:4]	180	58.554	-	-	-	-	G
C09027734      none	B	[$(S(=O)(=O)):1][NX3H1:2]!@[CX4H2:3][!#1:4]	-90.0053	3.86266	-	-	-	-	G
C09027734      none	B	[C:1][$(S(=O)=O):2]!@[NX3H1:3][C:4]	-64.5943	10.2041	-	-	-	-	G
C09027734      none	B	[H:1][CX4H1:2]!@[SX4:3][!#1:4]	59.998	14.91	-	-	-	-	G
C40347049      none	B	[a:1][c:2]!@[CX4H2:3][!#1:4]	-135.002	1.61199	-	-	-	-	O
C40347049      none	B	[$(S(=O)(=O)):1][NX3H1:2]!@[CX4H2:3][!#1:4]	-119.999	2.14592	-	-	-	-	O
C40347049      none	B	[c:1][$(S(=O)=O):2]!@[NX3H1:3][C:4]	-59.9943	13.7514	-	-	-	-	G
C40347049      none	B	[aH0:1][c:2]([aH1])!@[SX4:3][!#1:4]	-110.315	1.0568	-	-	-	-	O
C49044882      none	B	[s:1][c:2]!@[C:3]([NH1])=[O:4]	0.221534	23.0769	-	-	-	-	G
C49044882      none	B	[O:1]=[CX3:2]!@[NX3H1:3][!#1:4]	0.00486857	63.7893	-	-	-	-	G
C49044882      none	B	[*:1]~[NX3:2]!@[NX3:3]~[*:4]	-90.0036	3.3545	-	-	-	-	G
C49044882      none	B	[O:1]=[CX3:2]!@[NX3H1:3][!#1:4]	-0.00343682	63.7893	-	-	-	-	G
C49044882      none	B	[C:1][CX4:2]!@[CX3:3]=[O:4]	-89.9943	3.45082	-	-	-	-	G
C49044882      none	B	[*:1]~[CX4:2]!@[n:3]~[*:4]	-120.002	3.09532	-	-	-	-	G
C44886915      none	B	[!#1:1][CX4:2]!@[NX3:3][!#1:4]	-59.9968	6.13257	-	-	-	-	G
C44886915      none	B	[c:1][$(S(=O)=O):2]!@[NX3H1:3][C:4]	147	0	-	-	-	-	R
C44886915      none	B	[aH0:1][c:2]([aH1])!@[SX4:3][!#1:4]	-70.3092	15.3236	-	-	-	-	G
C20610981      none	B	[cH0:1][c:2]!@[CX4H1:3][a:4]	89.5783	4.46981	-	-	-	-	G
C20610981      none	B	[cH0:1][c:2]!@[CX4H2:3][N,O,S:4]	180	6.20075	-	-	-	-	G
C20610981      none	B	[O:1]=[C:2]([O-])!@[CX4H1:3][H:4]	89.9986	0.86741	-	-	-	-	O
C13443492      none	B	[$(C=O):1][NX3H1:2]!@[c:3]([cH1])[cH1:4]	149.97	5.05437	-	-	-	-	G
C13443492      none	B	[O:1]=[CX3:2]!@[NX3H1:3][!#1:4]	0.0085796	63.7893	-	-	-	-	G
C13443492      none	B	[C:1][CX4:2]!@[CX3:3]=[O:4]	119.961	3.75937	-	-	-	-	G
C13443492      none	B	[O:1]=[CX3:2]!@[NX3H0:3][!#1:4]	29.994	0.680979	-	-	-	-	O
C13443492      none	B	[!#1:1][CX4H2:2]!@[CX3:3]=[O:4]	-60.0077	1.45352	-	-	-	-	G
C13443492      none	B	[!#1:1][CX4:2]!@[SX2:3][!#1:4]	179.998	11.1654	-	-	-	-	G
C13443492      none	B	[aH0:1][c:2]([aH0])!@[SX2:3][!#1:4]	0.00614858	13.1253	-	-	-	-	G
C13443492      none	B	[a:1][ar5:2]!@[ar5:3][a:4]	60.3327	1.67939	-	-	-	-	G
C13443492      none	B	[!#1:1][CH2:2]!@[n:3][cH0:4]	-89.996	15.4696	-	-	-	-	G
C13443492      none	B	[!#1:1][CX4H2:2]!@[CX3:3]=[O:4]	119.995	0.613497	-	-	-	-	G
C40528134      none	B	[aH1:1][c:2]([aH1])!@[SX4:3][!#1:4]	69.9964	5.04089	-	-	-	-	G
C40528134      none	B	[a:1][c:2]!@[C:3]([NH1,NH2])=[O:4]	-89.9969	0.299564	-	-	-	-	O
C40528134      none	B	[c:1][$(S(=O)=O):2]!@[NX3H0:3][C:4]	59.9957	7.00418	-	-	-	-	G
C40528134      none	B	[$(S(=O)(=O)):1][NX3H0:2]!@[CX4H2:3][!#1:4]	-90.0013	8.83621	-	-	-	-	G
C40528134      none	B	N[C:2](=[O:1])!@[CH2:3][N:4]	179.996	8.33333	-	-	-	-	G
C27598156      none	B	[aH1:1][c:2]([aH1])!@[SX4:3][!#1:4]	-90.004	12.5987	-	-	-	-	G
C27598156      none	B	[c:1][S:2](=O)(=O)!@[NX2H0-:3]-[*:4]	-89.9935	2.77778	-	-	-	-	G
C27598156      none	B	[$(S(=O)(=O)):1][NH0:2]!@[c:3]([cH1])[cH0:4]	-90.279	18.0328	-	-	-	-	G
C27598156      none	B	[cH1:1][c:2]([cH1])!@[C:3]([NH1,NH2])=[O:4]	0.00378501	4.32395	-	-	-	-	G
C39460339      none	B	[O:1][CX4:2]!@[CX3:3]=[O:4]	149.994	2.2196	-	-	-	-	G
C39460339      none	B	[$(C=O):1][O:2]!@[CH1:3][H:4]	29.9924	10.7465	-	-	-	-	G
C39460339      none	B	[*:1]~[CX3:2]!@[NX2:3]~[*:4]	-89.9916	0.0956023	-	-	-	-	G
C39460339      none	B	[O:1]=[C:2]!@[O:3]~[C:4]	0.00353853	74.4927	-	-	-	-	G
C39460339      none	B	[O:1][CX4:2]!@[CX3:3]=[O:4]	-150.001	3.9285	-	-	-	-	G
C39460339      none	B	[C:1][CX4H2:2]!@[OX2:3][c:4]	180	43.8829	-	-	-	-	G
C39460339      none	B	[cH0:1][c:2]([cH1])!@[O:3][C:4]	149.731	0.618227	-	-	-	-	R
C39460339      none	B	[cH0:1][c:2]!@[CX4H2:3][a:4]	-90.2735	7.44849	-	-	-	-	G
C39460339      none	B	[a:1][c:2]!@[CX4H2:3][a:4]	-89.7388	5.18797	-	-	-	-	G
C13630292      none	B	[C:1][CH2:2]!@[O:3][CX4:4]	180	35.2689	-	-	-	-	G
C13630292      none	B	[C:1][CH2:2]!@[O:3][CX4:4]	179.997	35.2689	-	-	-	-	G
C13630292      none	B	[OX2:1][CX4H2:2]!@[CX4H2:3][OX2:4]	180	10.6129	-	-	-	-	G
C13630292      none	B	[C:1][CX4H2:2]!@[OX2:3][c:4]	180	43.8829	-	-	-	-	G
C13630292      none	B	[$([cH0]([CX3])):1][c:2]([cH1])!@[O:3][C:4]	119.72	0.462963	-	-	-	-	G
C13630292      none	B	[$([cH0][OH0]):1][c:2]([cH1])!@[C:3](=O)[NH1:4]	29.9928	0.78125	-	-	-	-	G
C13630292      none	B	[O:1]=[CX3:2]!@[NX3H1:3][!#1:4]	-0.0154261	63.7893	-	-	-	-	G
C13630292      none	B	[$(C=O):1][NX3H1:2]!@[CX3:3]=[*H0:4]	-179.989	33.8082	-	-	-	-	G
C13630292      none	B	[!#1:1][CX3:2](=S)!@[NX3H1:3][!#1:4]	180	37.0618	-	-	-	-	G
C13630292      none	B	[*:1]~[NX3:2]!@[NX3:3]~[*:4]	180	7.3164	-	-	-	-	G
C13630292      none	B	[O:1]=[CX3:2]!@[NX3H1:3][!#1:4]	0.000453289	63.7893	-	-	-	-	G
C13630292      none	B	[C:1][CX4:2]!@[CX3:3]=[O:4]	-124.651	3.42432	-	-	-	-	G
C13630292      none	B	[$(C=O):1][NX3H0:2]!@[CX4H2:3][!#1:4]	90.0037	13.8915	-	-	-	-	G
C13630292      none	B	[a:1][c:2]!@[CX4H2:3][!#1:4]	-89.6897	7.30446	-	-	-	-	G
C62244930      none	B	[cH0:1][c:2]!@[CX4H1:3][CX4:4]	119.999	7.01281	-	-	-	-	G
C62244930      none	B	[cH1:1][a:2]([cH1])!@[a:3]([sX2,o,nX2H0,nX3H1:4])([cH0])	90.4528	0.441919	-	-	-	-	R
C62244930      none	B	[aH1:1][c:2]([aH1])!@[SX4:3][!#1:4]	89.9969	12.916	-	-	-	-	G
C37440322      none	B	[a:1][c:2]!@[CX4H1:3][N,O:4]	-92.2514	1.29082	-	-	-	-	G
C37440322      none	B	[H:1][CX4H1:2]!@[O:3][CX4:4]	-56.892	5.14933	-	-	-	-	G
C41666948      none	B	[a:1][c:2]!@[CX4H2:3][!#1:4]	90.0011	7.24386	-	-	-	-	G
C41666948      none	B	[cH1:1][c:2]([cH1])!@[C:3]([NH1,NH2])=[O:4]	179.996	3.89499	-	-	-	-	G
C41666948      none	B	[!#1:1][CX4:2]!@[SX2:3][!#1:4]	180	11.1654	-	-	-	-	G
C41666948      none	B	[aH1:1][c:2]([aH0])!@[SX2:3][!#1:4]	59.9971	1.24514	-	-	-	-	O
C41666948      none	B	[O:1]=[C:2]([O-])!@[c:3]([cH1])[cH1:4]	179.982	7.35294	-	-	-	-	G
C59167114      none	B	[cH0:1][c:2]([cH0])!@[CX3!r:3]=[NX2!r:4]	-119.996	0.632911	-	-	-	-	O
C59167114      none	B	[cH1:1][a:2]([cH1])!@[a:3]([sX2,o,nX2H0,nX3H1:4])([cH0])	30.5482	4.34028	-	-	-	-	G
C59167114      none	B	[*:1]~[NX3:2]!@[NX2:3]~[*:4]	59.9873	0.141276	-	-	-	-	R
C59167114      none	B	[O:1]=[CX3:2]!@[NX3H1:3][!#1:4]	0.00528556	63.7893	-	-	-	-	G
C59167114      none	B	[C:1][CX4:2]!@[CX3:3]=[O:4]	29.7458	3.28614	-	-	-	-	G
C49530136      none	B	[a:1][c:2]!@[CX4H1:3][N,O:4]	180	1.64318	-	-	-	-	G
C49530136      none	B	[$(S(=O)(=O)):1][NX3H1:2]!@[CX4H1:3][H:4]	0.00111673	7.36648	-	-	-	-	G
C49530136      none	B	[c:1][$(S(=O)=O):2]!@[NX3H1:3][C:4]	-60.0031	13.7514	-	-	-	-	G
C49530136      none	B	[aH1:1][c:2]([aH1])!@[SX4:3][!#1:4]	-89.684	12.5987	-	-	-	-	G
C49530136      none	B	[O:1]=[C:2]([O-])!@[c:3][nX3H1:4]	179.974	34.7826	-	-	-	-	G
C52767642      none	B	[cH1:1][c:2]!@[c:3]([cH1])[nX2H0:4]	-30.0014	2.33993	-	-	-	-	G
C52767642      none	B	[*:1]~[CX3:2]!@[cX3:3]~[*:4]	29.9969	2.3246	-	-	-	-	O
C52767642      none	B	[*:1]~[N,n:2]!@[S:3]~[*:4]	-149.995	1.449	-	-	-	-	G
C52767642      none	B	[*:1][$(S(=O)=O):2]!@[NX3H0:3][*:4]	-59.9976	7.32233	-	-	-	-	G
C52812444      none	B	[O-:1][N+:2](=O)!@[c:3]([cH,nX2H0])[cH,nX2H0:4]	179.981	23.2156	-	-	-	-	G
C52812444      none	B	[cH0:1][c:2]([cH,nX2H0])!@[NX3H1:3][CX4:4]	159.999	3.7196	-	-	-	-	O
C52812444      none	B	[!#1:1][CX4H2:2]!@[NX3H1:3][!#1:4]	-120.003	2.14327	-	-	-	-	O
C52812444      none	B	[a:1][c:2]!@[CX4H2:3][!#1:4]	-134.692	2.0362	-	-	-	-	O
C50429766      none	B	[cH0:1][c:2]([cH,nX2H0])!@[NX3H1:3][CX4:4]	89.9975	0	-	-	-	-	R
C50429766      none	B	[!#1:1][CX4H1:2]!@[NX3:3][!#1:4]	80.8878	3.82417	-	-	-	-	G
C48353002      none	B	[O:1]=[CX3:2]!@[NX3H1:3][!#1:4]	0.00489105	63.7893	-	-	-	-	G
C48353002      none	B	[$([CX3]=O):1][NX3H1:2]!@[CX4H2:3][C:4] 	119.998	2.76407	-	-	-	-	O
C48353002      none	B	[!#1:1][CX4:2]!@[CX4:3][!#1:4]	-60.0674	12.2558	-	-	-	-	G
C48353002      none	B	[O:1]=[CX3:2]!@[NX3H0:3][!#1:4]	-30.0053	0.692521	-	-	-	-	O
C48353002      none	B	[C:1][CX4:2]!@[CX3:3]=[O:4]	120.041	3.75937	-	-	-	-	G
C48353002      none	B	[O:1]=[CX3:2]!@[NX3H0:3][!#1:4]	-149.999	1.37927	-	-	-	-	O
C05186688      none	B	[*^2:1]~[C^2:2]([!H])!@[C^2:3]~[*^2:4]	120.032	0.806964	-	-	-	-	G
C05186688      none	B	[*:1]~[CX3:2]!@[NX3:3]~[*:4]	120.004	0.164173	-	-	-	-	G
C35221208      none	B	[a:1][a:2]!@[NX3:3][!#1:4]	30.0072	1.9288	-	-	-	-	O
C35221208      none	B	[aH0:1][c:2]([aH1])!@[SX4:3][!#1:4]	70.0153	11.3606	-	-	-	-	G
C35221208      none	B	[O-:1][N+:2](=O)!@[c:3]([cH,nX2H0])[cH,nX2H0:4]	179.999	23.2156	-	-	-	-	G
C35221208      none	B	[c:1][S:2](=O)(=O)!@[NX2H0-:3]-[*:4]	90.0019	2.77778	-	-	-	-	G
C35221208      none	B	[$(S(=O)(=O)):1][N:2]!@[c:3][a:4]	-120.004	1.85547	-	-	-	-	G
C09877792      none	B	[O:1]=[CX3:2]!@[NX3H1:3][!#1:4]	-0.0062992	63.7893	-	-	-	-	G
C09877792      none	B	[$(C=O):1][NX3:2]!@[a:3]([nX2H0])[cH0:4]	-179.688	12.037	-	-	-	-	G
C09877792      none	B	[$([cH0]([$([NX3H2]),$([NX3H1])])):1][a:2]!@[a:3][nX2:4]	-59.6797	1.44928	-	-	-	-	R
C09877792      none	B	[aH0:1][c:2]([aH0])!@[SX2:3][!#1:4]	-60.0063	1.39247	-	-	-	-	G
C42440735      none	B	[$(C=O):1][NX3H0:2]!@[CX4H1:3][H:4]	-32.0557	2.81513	-	-	-	-	O
C42440735      none	B	[$([CX3]=O):1][NX3H0:2](C)!@[CX4H2:3][C:4]	89.9966	14.7513	-	-	-	-	G
C42440735      none	B	[O:1]=[CX3:2]!@[NX3H0:3][!#1:4]	179.997	18.2537	-	-	-	-	G
C42440735      none	B	N[C:2](=[O:1])!@[CH2:3][N:4]	-60.0039	0.14881	-	-	-	-	O
C42440735      none	B	[O:1]=[CX3:2]!@[CX3:3]=[O:4]	-119.995	1.55709	-	-	-	-	G
C42440735      none	B	[O:1]=[CX3:2]!@[NX3H1:3][!#1:4]	-0.00886029	63.7893	-	-	-	-	G
C26422000      none	B	[OX2:1][CX4:2]!@[CX4:3][N:4]	-165.85	5.52809	-	-	-	-	O
C26422000      none	B	[$([CX3]=O):1][NX3H1:2]!@[CX4H2:3][C:4] 	-89.9936	7.35439	-	-	-	-	G
C26422000      none	B	[O:1]=[CX3:2]!@[NX3H1:3][!#1:4]	-0.00508353	63.7893	-	-	-	-	G
C26422000      none	B	[!#1:1][CX4H2:2]!@[CX3:3]=[O:4]	90.0002	1.06654	-	-	-	-	G
C26422000      none	B	[!#1:1][CH2:2]!@[n:3][cH0:4]	135.308	0.318742	-	-	-	-	R
C64098403      none	B	[a:1][c:2]!@[C:3]([NH0])=[O:4]	30.004	2.13889	-	-	-	-	G
C64098403      none	B	[O:1]=[CX3:2](a)!@[NX3H0:3][!#1:4]	-149.733	2.19542	-	-	-	-	O
C64098403      none	B	[C:1][CX4:2]!@[CX3:3]=[O:4]	0.026358	5.61823	-	-	-	-	G
C64098403      none	B	[O:1]=[CX3:2]!@[NX3H1:3][!#1:4]	0.010317	63.7893	-	-	-	-	G
C64098403      none	B	[$(C=O):1][NX3H1:2]!@[CX4H1:3][H:4]	-30.0062	6.97413	-	-	-	-	G
C21076400      none	B	[$(S(=O)(=O)):1][NX3H0:2]!@[CX4H2:3][!#1:4]	90.0034	6.68103	-	-	-	-	G
C21076400      none	B	[$(S(=O)(=O)):1][NX3H0:2]!@[CX4H2:3][!#1:4]	90.0003	6.68103	-	-	-	-	G
C21076400      none	B	[c:1][$(S(=O)=O):2]!@[NX3H0:3][C:4]	89.9952	4.81691	-	-	-	-	G
C21076400      none	B	[aH1:1][c:2]([aH1])!@[SX4:3][!#1:4]	-89.7212	12.5987	-	-	-	-	G
C21076400      none	B	[$(C=O):1][NX3H1:2]!@[c:3]([cH1])[cH1:4]	-150.021	5.07451	-	-	-	-	G
C21076400      none	B	[O:1]=[CX3:2]!@[NX3H1:3][!#1:4]	0.00231243	63.7893	-	-	-	-	G
C21076400      none	B	[!#1:1][CX4H2:2]!@[CX3:3]=[O:4]	89.9904	1.06654	-	-	-	-	G
C21076400      none	B	[!#1:1][CX4:2]!@[SX2:3][!#1:4]	90.0062	2.8728	-	-	-	-	G
C21076400      none	B	[aH0:1][c:2]([aH0])!@[SX2:3][!#1:4]	-30.0076	0.51573	-	-	-	-	O
C21076400      none	B	[a:1][a:2]!@[NX3:3][!#1:4]	150.012	1.85775	-	-	-	-	O
C21076400      none	B	[*:1]~[NX3:2]!@[NX2:3]~[*:4]	150.001	0.447375	-	-	-	-	O
C21076400      none	B	[*:1]~[CX3:2]!@[cX3:3]~[*:4]	-29.6957	2.32371	-	-	-	-	O
C48480338      none	B	[$(S(=O)(=O)):1][NX3H0:2]!@[CX4H2:3][!#1:4]	-119.999	6.46552	-	-	-	-	O
C48480338      none	B	[$(S(=O)(=O)):1][NX3H0:2]!@[CX4H2:3][!#1:4]	-89.9993	8.83621	-	-	-	-	G
C48480338      none	B	[c:1][$(S(=O)=O):2]!@[NX3H0:3][C:4]	59.9969	7.00418	-	-	-	-	G
C48480338      none	B	[aH1:1][c:2]([aH1])!@[SX4:3][!#1:4]	70.3171	5.04089	-	-	-	-	G
C48480338      none	B	[*:1]~[CX3:2]!@[cX3:3]~[*:4]	-29.9942	2.32371	-	-	-	-	O
C48480338      none	B	[*:1]~[N,n:2]!@[S:3]~[*:4]	179.999	8.16343	-	-	-	-	G
C63666958      none	B	[C:1][CX4:2]!@[CX3:3]=[O:4]	60.0011	2.38699	-	-	-	-	G
C63666958      none	B	[*:1]~[CX4:2]!@[n:3]~[*:4]	180	3.53397	-	-	-	-	G
C63666958      none	B	[O:1]=[CX3:2]!@[NX3H0:3][!#1:4]	-29.7239	0.692521	-	-	-	-	O
C63666958      none	B	[C:1][CX4:2]!@[CX3:3]=[O:4]	-120.069	3.42432	-	-	-	-	G
C16366919      none	B	[n,o,s:1][c:2]!@[CX4H2:3][CX4:4]	-90.0371	5.3104	-	-	-	-	G
C16366919      none	B	[!#1:1][CX4H2:2]!@[CX4H2:3][!#1:4]	60.0004	3.99483	-	-	-	-	G
C16366919      none	B	[$([CX3]=O):1][NX3H1:2]!@[CX4H2:3][C:4] 	120.005	2.76407	-	-	-	-	O
C16366919      none	B	[O:1]=[CX3:2]([$([NX3H1]C)])!@[NX3H1:3][!#1:4]	-0.00668637	41.1343	-	-	-	-	G
C16366919      none	B	[O:1]=[C:2]([NH1])!@[NX3H1:3](C=O)[H:4]	-0.00507574	58.9474	-	-	-	-	G
C16366919      none	B	[O:1]=[C:2]!@[NX3H1:3](C=O)[H:4]	180	35.6725	-	-	-	-	G
C16366919      none	B	[OX2:1][CX4H2:2]!@[CX3:3]([$([NX3H1,NX3H2])])=[O:4]	120.001	0	-	-	-	-	R
C16366919      none	B	[$(C=O):1][O:2]!@[CH2:3]~[C:4]	89.9931	4.53893	-	-	-	-	G
C16366919      none	B	[O:1]=[C:2]!@[O:3]~[C:4]	-29.9976	0.0890388	-	-	-	-	R
C16366919      none	B	[C:1][CX4H2:2]!@[CX3:3]=[O:4]	-59.9998	2.08575	-	-	-	-	O
C16366919      none	B	[!#1:1][CX4H2:2]!@[CX4H2:3][!#1:4]	-60.0042	3.77933	-	-	-	-	G
C16366919      none	B	[!#1:1][CH2:2]!@[n:3][cH0:4]	135.315	0.318742	-	-	-	-	R
C16366919      none	B	[c:1][c:2]!@[c:3][s,o,nX3H1:4]	0.319737	17.837	-	-	-	-	G
C09466106      none	B	[cH1:1][c:2]([cH1])!@[C:3]([NH1,NH2])=[O:4]	-27.225	8.39053	-	-	-	-	G
C09466106      none	B	[O:1]=[CX3:2]!@[NX3H1:3][!#1:4]	-0.0012955	63.7893	-	-	-	-	G
C09466106      none	B	[$([CX3]=O):1][NX3H1:2]!@[CX4H2:3][C:4] 	90.0016	7.35439	-	-	-	-	G
C09466106      none	B	[NH1:1][CX4:2]!@[CX3:3]=[O:4]	180	3.23174	-	-	-	-	O
C09466106      none	B	[O:1]=[C:2]!@[O:3]~[C:4]	-0.00357638	74.4927	-	-	-	-	G
C09466106      none	B	[$(C=O):1][O:2]!@[CH2:3]~[C:4]	179.998	23.3458	-	-	-	-	G
C09466106      none	B	[OX2:1][CX4H2:2]!@[CX3:3]([$([NX3H1,NX3H2])])=[O:4]	150.002	1.07143	-	-	-	-	O
C09466106      none	B	[O:1]=[CX3:2]!@[NX3H1:3][!#1:4]	-0.00842088	63.7893	-	-	-	-	G
C09466106      none	B	[$(C=O):1][NX3:2]!@[a:3][aH0:4]	-149.999	1.98526	-	-	-	-	O
C09466106      none	B	[aH1:1][c:2]([aH1])!@[SX4:3][!#1:4]	-30.0033	0.190355	-	-	-	-	R
C09466106      none	B	[*:1][$(S(=O)=O):2]!@[NX3H0r:3][*:4]	120.288	1.23223	-	-	-	-	O
C62173675      none	B	[*:1]~[CX4:2]!@[NX4:3]~[*:4]	79.9961	2.21713	-	-	-	-	G
C62173675      none	B	[*:1]~[CX4:2]!@[NX4:3]~[*:4]	-79.9932	2.10499	-	-	-	-	G
C62173675      none	B	[*:1]~[CX4:2]!@[NX4:3]~[*:4]	180	15.0612	-	-	-	-	G
C62173675      none	B	[NH1:1][CX4:2]!@[CX3:3]=[O:4]	119.999	0.41354	-	-	-	-	G
C62173675      none	B	[NH1:1][CX4:2]!@[CX3:3]=[O:4]	120.007	0.41354	-	-	-	-	G
C48954350      none	B	[C:1][$(S(=O)=O):2]!@[NX3H1:3][C:4]	90.0008	7.14286	-	-	-	-	G
C48954350      none	B	[$(S(=O)(=O)):1][NX3H1:2]!@[CX4H1:3][H:4]	-29.9995	9.39227	-	-	-	-	G
C48954350      none	B	[O:1]=[CX3:2]!@[NX3H0:3][!#1:4]	-30.003	0.692521	-	-	-	-	O
C48954350      none	B	[O:1]=[CX3:2]!@[NX3H1:3][!#1:4]	-59.9871	0	-	-	-	-	R
C48954350      none	B	[$(C=O):1][NX3H1:2]!@[c:3]([cH1])[cH1:4]	-0.00585354	7.77286	-	-	-	-	G
C13036035      none	B	[$(C=O):1][NX3H1:2]!@[c:3]([cH0]Cl)[cH:4]	-30.0126	1.88679	-	-	-	-	G
C13036035      none	B	[O:1]=[C:2]([O-])!@[c:3]([cH1])[cH1:4]	179.986	7.35294	-	-	-	-	G
C13036035      none	B	[O:1]=[CX3:2]!@[NX3H1:3][!#1:4]	-0.00514953	63.7893	-	-	-	-	G
C13036035      none	B	[!#1:1][CX4H2:2]!@[CX3:3]=[O:4]	60.0004	1.20812	-	-	-	-	G
C13036035      none	B	[!#1:1][CX4:2]!@[SX2:3][!#1:4]	60.0049	7.53739	-	-	-	-	G
C13036035      none	B	[aH0:1][c:2]([aH0])!@[SX2:3][!#1:4]	179.999	14.0278	-	-	-	-	G
C13036035      none	B	[a:1][c:2]!@[CX4H1:3][H:4]	180	7.22227	-	-	-	-	G
C48720934      none	B	[*:1]~[cX3:2]!@[NX2:3]~[*:4]	180	15.3541	-	-	-	-	G
C48720934      none	B	[*^2:1]~[C^2:2]([!H])!@[C^2:3]~[*^2:4]	119.992	0.806964	-	-	-	-	G
C48720934      none	B	[O:1]=[CX3:2]!@[NX3H1:3][!#1:4]	0.00236832	63.7893	-	-	-	-	G
C48720934      none	B	[$(C=O):1][NX3H1:2]!@[CX4H1:3][H:4]	29.9994	9.46757	-	-	-	-	G
C48720934      none	B	[OX2:1][CX4:2]!@[CX4:3][N:4]	-60.0024	14.8764	-	-	-	-	G
C33057958      none	B	[a:1][a:2]!@[a:3][$(a!@a):4]	60.2682	5.52667	-	-	-	-	G
C33057958      none	B	[cH1:1][a:2]([cH1])!@[a:3]([sX2,o,nX2H0,nX3H1:4])([cH0])	30.2349	4.34028	-	-	-	-	G
C33057958      none	B	[*:1]~[CX4:2]!@[n:3]~[*:4]	-29.9967	3.02285	-	-	-	-	G
C33057958      none	B	[C:1][CX4:2]!@[CX3:3]=[O:4]	-29.999	3.42621	-	-	-	-	G
C33057958      none	B	[O:1]=[CX3:2]!@[NX3H1:3][!#1:4]	-0.00377054	63.7893	-	-	-	-	G
C33057958      none	B	[$([CX3]=O):1][NX3H1:2]!@[CX4H2:3][C:4] 	90.0032	7.35439	-	-	-	-	G
C33057958      none	B	[!#1:1][CX4H2:2]!@[CX4H2:3][!#1:4]	59.9945	3.99483	-	-	-	-	G
C33057958      none	B	[!#1:1][CX4H2:2]!@[CX4H2:3][!#1:4]	180	58.554	-	-	-	-	G
C33057958      none	B	[$([CX3]=O):1][NX3H0:2](C)!@[CX4H2:3][C:4]	-90.3072	15.9949	-	-	-	-	G
C64550654      none	B	[$([CX3]=O):1][NX3H1:2]!@[CX4H2:3][C:4] 	-89.9967	7.35439	-	-	-	-	G
C64550654      none	B	[O:1]=[CX3:2]!@[NX3H1:3][!#1:4]	-0.00599903	63.7893	-	-	-	-	G
C64550654      none	B	[O:1]=[CX3:2]([NH1])!@[CH2:3][C:4]	29.9922	5.10585	-	-	-	-	G
C64550654      none	B	[!#1:1][CX4H2:2]!@[CX4H2:3][!#1:4]	180	58.554	-	-	-	-	G
C64550654      none	B	[!#1:1][CX4H2:2]!@[NX3H1:3][!#1:4]	150.041	1.87295	-	-	-	-	O
C64550654      none	B	[cH0:1][c:2]([cH,nX2H0])!@[NX3H1:3][CX4:4]	-160.013	4.72103	-	-	-	-	O
C64550654      none	B	[aH1:1][c:2]([aH1])!@[SX4:3][!#1:4]	29.9991	0.225606	-	-	-	-	R
C64550654      none	B	[O-:1][N+:2](=O)!@[c:3]([cH0])[cH,nX2H0:4]	0.286711	12.6374	-	-	-	-	G
C64550654      none	B	[*:1][$(S(=O)=O):2]!@[NX3H0r:3][*:4]	90.2886	4.85782	-	-	-	-	G
CHEMBL64772      none	B	[cH1:1][a:2]([cH1])!@[a:3]([cH1])[cH0:4]	60.0037	6.16609	-	-	-	-	G
CHEMBL64772      none	B	[O-:1][N+:2](=O)!@[c:3]([cH0])[cH,nX2H0:4]	90.2277	0.274725	-	-	-	-	O
C50632401      none	B	[aH0:1][c:2]([aH0])!@[SX4:3][!#1:4]	96.138	5.58659	-	-	-	-	G
C50632401      none	B	[c:1][$(S(=O)=O):2]!@[NX3H0:3][C:4]	-60.0018	7.66773	-	-	-	-	G
C50632401      none	B	[$(S(=O)(=O)):1][NX3H0:2]!@[CX4H2:3][!#1:4]	179.999	0.215517	-	-	-	-	O
C50632401      none	B	[$(S(=O)(=O)):1][NX3H0:2]!@[CX4H2:3][!#1:4]	89.9975	6.68103	-	-	-	-	G
C39954972      none	B	[!#1:1][CX4H0:2]!@[OX2:3][!#1:4]	59.9952	19.4328	-	-	-	-	G
C39954972      none	B	[O:1]=[C:2]!@[O:3]~[CH0:4]	29.9992	0.319557	-	-	-	-	R
C39954972      none	B	[O:1]=[CX3:2]!@[NX3H0:3][!#1:4]	30.2995	0.680979	-	-	-	-	O
C39954972      none	B	[cH0:1][c:2]!@[CX4H1:3][CX4:4]	-59.9962	1.48348	-	-	-	-	G
C17376115      none	B	[*:1]~[CX4:2]!@[n:3]~[*:4]	179.997	3.53397	-	-	-	-	G
C17376115      none	B	[!#1:1][CX4:2]!@[CX4:3][!#1:4]	179.997	22.1548	-	-	-	-	G
C12546109      none	B	[$(C=O):1][NX3:2]!@[a:3][nH:4]	-0.0344757	44.9275	-	-	-	-	G
C12546109      none	B	[O:1]=[CX3:2]!@[NX3H1:3][!#1:4]	0.00824788	63.7893	-	-	-	-	G
C12546109      none	B	[C:1][CX4:2]!@[CX3:3]=[O:4]	116.202	3.75937	-	-	-	-	G
C12546109      none	B	[$(C=O):1][NX3H0:2]!@[c:3]([cH1])[cH1:4]	149.997	1.18925	-	-	-	-	G
C43360031      none	B	[O:1]=[CX3:2]!@[NX3H0:3][!#1:4]	-29.7145	0.692521	-	-	-	-	O
C43360031      none	B	[$(C=O):1][NX3H1:2]!@[CX4H1:3][H:4]	0.00415844	8.26772	-	-	-	-	G
C43360031      none	B	[O:1]=[CX3:2]([$([NX3H1]C)])!@[NX3H1:3][!#1:4]	-0.000279457	41.1343	-	-	-	-	G
C43360031      none	B	[O,S:1]=[C:2]([$([NX3H1]),$([NX3H2])])!@[$([NX3]c[nH0]):3][H:4]	-179.99	19.9219	-	-	-	-	G
C43360031      none	B	[$(C=O):1][NX3H1:2]!@[c:3](s)[n:4]	-179.663	66.092	-	-	-	-	G
C43360031      none	B	[a:1][c:2]!@[CX4H1:3][H:4]	-115.674	0.954033	-	-	-	-	O
C48843408      none	B	[O:1]=[CX3:2]!@[NX3H0:3][!#1:4]	180	18.2537	-	-	-	-	G
C48843408      none	B	N[C:2](=[O:1])!@[CH2:3][N:4]	-89.9991	0.14881	-	-	-	-	R
C48843408      none	B	[$([CX3]=O):1][NX3H1:2]!@[CX4H2:3][C:4] 	89.9987	7.35439	-	-	-	-	G
C48843408      none	B	[O:1]=[CX3:2]!@[NX3H1:3][!#1:4]	-0.00346333	63.7893	-	-	-	-	G
C48843408      none	B	[O:1]=[CX3:2]!@[NX3H0:3][!#1:4]	0.314474	25.0866	-	-	-	-	G
C48843408      none	B	[O:1]=[C:2]([O-])!@[CX4H1:3][H:4]	-0.00671648	0.495663	-	-	-	-	O
C57531045      none	B	[a:1][c:2]!@[CX4H2:3][!#1:4]	45.0037	2.0463	-	-	-	-	O
C57531045      none	B	[!#1:1][CX4H2:2]!@[NX3;"N_lp":3][!#1:4]	179.996	4.52135	-	-	-	-	G
C57531045      none	B	[!#1:1][CX4H2:2]!@[NX3;"N_lp":3][!#1:4]	60.0009	4.96553	-	-	-	-	G
C57531045      none	B	[!#1:1][CX4:2]!@[NX3;"N_lp":3]	-61.9746	6.10228	-	-	-	-	G
C57531045      none	B	[a:1][c:2]!@[CX4H2:3][!#1:4]	90.3071	7.24386	-	-	-	-	G
C57531045      none	B	[cH0:1][c:2]!@[CX4H1:3][a:4]	179.719	0.951022	-	-	-	-	G
C57531045      none	B	[a:1][c:2]!@[CX4H1:3][N,O:4]	29.9955	3.56196	-	-	-	-	G
C57531045      none	B	[*:1]~[CX4:2]!@[n:3]~[*:4]	-123.181	3.09532	-	-	-	-	G
C49054210      none	B	[OX2:1][CX4:2]!@[CX4:3][N:4]	-59.9904	14.8764	-	-	-	-	G
C49054210      none	B	[$([CX3]=O):1][NX3H1:2]!@[CX4H2:3][C:4] 	-150	1.7769	-	-	-	-	O
C49054210      none	B	[O:1]=[CX3:2]!@[NX3H1:3][!#1:4]	-0.00569283	63.7893	-	-	-	-	G
C49054210      none	B	[*^2:1]~[C^2:2]([!H])!@[C^2:3]~[*^2:4]	-60.0003	0.757173	-	-	-	-	O
C49054210      none	B	[*:1]~[cX3:2]!@[NX2:3]~[*:4]	-59.6737	1.53044	-	-	-	-	O
C49054210      none	B	[a:1][c:2]!@[CX4H1:3][H:4]	-119.998	0.954033	-	-	-	-	G
C38989928      none	B	[*:1]~[CX3:2]!@[OX2:3]~[*:4]	-179.732	34.4565	-	-	-	-	G
C38989928      none	B	[cH0:1][c:2]!@[CX4H1:3][CX4:4]	90.0014	4.45044	-	-	-	-	G
C09081408      none	B	[a:1][c:2]!@[CX4H1:3][H:4]	-30.0003	3.94031	-	-	-	-	G
C09081408      none	B	[!#1:1][CX4:2]!@[CX4:3][!#1:4]	59.9982	12.3771	-	-	-	-	G
C09081408      none	B	[H:1][CX4H1:2]!@[SX4:3][!#1:4]	-52.2575	11.8252	-	-	-	-	G
C09081408      none	B	[$(S(=O)(=O)):1][NX3H1:2]!@[CX4H2:3][!#1:4]	-150.003	7.72532	-	-	-	-	G
C09081408      none	B	[C:1][$(S(=O)=O):2]!@[NX3H1:3][C:4]	-106.1	2.04082	-	-	-	-	O
C09081408      none	B	[H:1][CX4H1:2]!@[SX4:3][!#1:4]	179.995	5.14139	-	-	-	-	G
C09081408      none	B	[aH1:1][c:2]([aH1])!@[SX4:3][!#1:4]	-89.7328	12.5987	-	-	-	-	G
C24773845      none	B	[O:1][CX4:2]!@[CX3:3]=[O:4]	179.993	6.67845	-	-	-	-	G
C24773845      none	B	[$(C=O):1][O:2]!@[CH1:3][H:4]	30.0105	10.7465	-	-	-	-	G
C24773845      none	B	[O:1]=[CX3:2]!@[NX3H1:3][!#1:4]	0.00225998	63.7893	-	-	-	-	G
C24773845      none	B	[$(C=O):1][NX3H1:2]!@[c:3]([cH1])[cH1:4]	29.9981	5.05437	-	-	-	-	G
C24773845      none	B	[cH1,nX2H0:1][c:2]([cH1,nX2H0])!@[NX3r:3][*:4]	60.2817	2.78062	-	-	-	-	O
C24773845      none	B	[O:1]=[C:2]!@[O:3]~[C:4]	-0.01423	74.4927	-	-	-	-	G
C24773845      none	B	[C:1][CX4:2]!@[CX3:3]=[O:4]	64.6592	2.38699	-	-	-	-	G
C24773845      none	B	[$(C=O):1][NX3H0:2]!@[c:3]([cH1])[cH1:4]	-150.002	1.13754	-	-	-	-	G
C66735087      none	B	[aH1:1][c:2]([aH1])!@[SX4:3][!#1:4]	89.9996	12.916	-	-	-	-	G
C66735087      none	B	[*:1]~[N,n:2]!@[S:3]~[*:4]	90.009	2.07924	-	-	-	-	G
C66735087      none	B	[!#1:1][CX4:2]!@[CX3H0:3][!#1:4]	-59.9938	4.40277	-	-	-	-	G
C66735087      none	B	[$(S(=O)(=O)):1][NX3H0:2]!@[CX4H2:3][!#1:4]	-29.9991	0	-	-	-	-	R
C58152985      none	B	[O:1][CX4:2]!@[CX3:3]=[O:4]	-0.000440944	13.789	-	-	-	-	G
C58152985      none	B	[$(C=O):1][O:2]!@[CH1:3][H:4]	30.0026	10.7465	-	-	-	-	G
C58152985      none	B	[O:1]=[C:2]!@[NX3:3](C=O)[*:4]	30.2971	1.75439	-	-	-	-	O
C58152985      none	B	[O:1]=[C:2]!@[O:3]~[C:4]	-0.00367549	74.4927	-	-	-	-	G
C58152985      none	B	[cH1:1][c:2]([cH1])!@[CX3:3]=[O:4]	30.2803	3.1746	-	-	-	-	O
C58152985      none	B	[cH1:1][c:2]([cH1])!@[CX3:3]=[O:4]	-0.0352252	14.2319	-	-	-	-	G
C58152985      none	B	[O:1]=[C:2]!@[O:3]~[C:4]	-30.0082	0.0890388	-	-	-	-	R
C58152985      none	B	[$(C=O):1][O:2]!@[CH1:3][H:4]	60.0083	0.586008	-	-	-	-	O
C58152985      none	B	[O:1][CX4:2]!@[CX3:3]=[O:4]	-30.0054	2.69102	-	-	-	-	G
C58152985      none	B	[O:1]=[C:2]!@[NX3:3](C=O)[*:4]	0.309649	31.5288	-	-	-	-	G
C61874180      none	B	[C:1][CX4:2]!@[CX3:3]=[O:4]	30.0675	3.28614	-	-	-	-	G
C61874180      none	B	[O:1]=[CX3:2](a)!@[NX3H0:3][!#1:4]	30.0034	0.896722	-	-	-	-	O
C61874180      none	B	[a:1][c:2]!@[C:3]([NH0])=[O:4]	60.2558	3.02778	-	-	-	-	G
C52768745      none	B	[*:1][$(S(=O)=O):2]!@[NX3H0:3][*:4]	-59.9954	7.32233	-	-	-	-	G
C52768745      none	B	[*:1]~[N,n:2]!@[S:3]~[*:4]	149.996	1.41668	-	-	-	-	G
C52768745      none	B	[*:1]~[CX3:2]!@[cX3:3]~[*:4]	-59.73	1.26106	-	-	-	-	O
C52768745      none	B	[cH1,nX2H0:1][c:2]([cH1,nX2H0])!@[NX3r:3][*:4]	0.325353	5.93199	-	-	-	-	G
C42397771      none	B	[O:1]=[CX3:2]!@[NX3H1:3][!#1:4]	-0.00342021	63.7893	-	-	-	-	G
C42397771      none	B	[N:1][CX4:2]!@[CX3:3]=[O:4]	151.402	6.84729	-	-	-	-	G
C42397771      none	B	[O:1]=[CX3:2]!@[NX3H0:3][!#1:4]	-0.00445959	25.0866	-	-	-	-	G
C42397771      none	B	[O:1]=[CX3:2]!@[CX3:3]=[O:4]	60.0029	0.346021	-	-	-	-	R
C42397771      none	B	[O:1]=[CX3:2]!@[NX3H1:3][!#1:4]	-0.00579297	63.7893	-	-	-	-	G
C26520660      none	B	[*^2:1]~[C^2:2]([!H])!@[C^2:3]~[*^2:4]	-120.003	0.661024	-	-	-	-	G
C26520660      none	B	[a:1][c:2]!@[CX4H1:3][N,O:4]	-37.2486	4.29807	-	-	-	-	G
C26520660      none	B	[O:1]=[CX3:2]!@[NX3H0:3][!#1:4]	30.0072	0.680979	-	-	-	-	O
C03328495      none	B	[OX2:1][CX4:2]!@[CX4:3][N:4]	-158.806	1.21348	-	-	-	-	O
C03328495      none	B	[$([CX3]=O):1][NX3H1:2]!@[CX4H2:3][C:4] 	149.998	1.43139	-	-	-	-	O
C03328495      none	B	[O:1]=[CX3:2]!@[NX3H1:3][!#1:4]	0.00272756	63.7893	-	-	-	-	G
C03328495      none	B	[cH1:1][c:2]([cH1])!@[C:3]([NH1,NH2])=[O:4]	152.999	9.05971	-	-	-	-	G
C03870927      none	B	[*:1]~[CX4:2]!@[n:3]~[*:4]	30.0014	3.02094	-	-	-	-	G
C03870927      none	B	[OX2:1][CX4:2]!@[CX4:3][OX2:4]	171.169	4.6108	-	-	-	-	G
C43359824      none	B	[a:1][c:2]!@[CX4H2:3][!#1:4]	135.002	1.69481	-	-	-	-	O
C43359824      none	B	[$(C=O):1][NX3H1:2]!@[CX4H2:3][!#1:4]	-89.9936	7.86473	-	-	-	-	G
C43359824      none	B	[O:1]=[CX3:2]([$([NX3H1]C)])!@[NX3H1:3][!#1:4]	0.00835448	41.1343	-	-	-	-	G
C43359824      none	B	[O,S:1]=[C:2]([$([NX3H1]),$([NX3H2])])!@[$([NX3]c[nH0]):3][H:4]	0.00791994	46.0938	-	-	-	-	G
C43359824      none	B	[$(C=O):1][NX3H1:2]!@[c:3](s)[n:4]	0.333005	0.574713	-	-	-	-	R
C43359824      none	B	[a:1][c:2]!@[CX4H1:3][H:4]	94.335	0.477016	-	-	-	-	O
C42969148      none	B	[O:1]=[CX3:2]!@[NX3H1:3][!#1:4]	0.0217717	63.7893	-	-	-	-	G
C42969148      none	B	[$(C=O):1][NX3H1:2]!@[c:3]([cH1])[cH1:4]	89.9981	0.0402739	-	-	-	-	R
C42969148      none	B	[cH1:1][c:2]([cH1])!@[C:3]([NH1,NH2])=[O:4]	152.736	9.05971	-	-	-	-	G
C42969148      none	B	[O:1]=[CX3:2]!@[NX3H1:3][!#1:4]	0.00428348	63.7893	-	-	-	-	G
C42969148      none	B	[*:1]~[NX3:2]!@[NX3:3]~[*:4]	149.999	1.2148	-	-	-	-	G
C42969148      none	B	[O:1]=[CX3:2]!@[NX3H1:3][!#1:4]	-0.00293965	63.7893	-	-	-	-	G
C42969148      none	B	[O:1][CX4:2]!@[CX3:3]=[O:4]	-26.6399	2.69102	-	-	-	-	G
C49411979      none	B	[a:1][c:2]!@[CX4H2:3][!#1:4]	-45.0019	1.96752	-	-	-	-	O
C49411979      none	B	[$([C](=O)):1][NX3H0:2]!@[CX4H2:3][$([c]([cH,nX2H0])[cH,nX2H0]):4]	119.999	4.66563	-	-	-	-	G
C49411979      none	B	[O:1]=[CX3:2](a)!@[NX3H0:3][!#1:4]	30	0.896722	-	-	-	-	O
C49411979      none	B	[a:1][c:2]!@[C:3]([NH0])=[O:4]	-120.001	3.91667	-	-	-	-	G
C45048922      none	B	[a:1][c:2]!@[CX4H1:3][N,O:4]	-149.996	3.72593	-	-	-	-	G
C45048922      none	B	[!#1:1][CX4:2]!@[CX4:3][!#1:4]	-159.998	1.85018	-	-	-	-	G
C45048922      none	B	[!#1:1][CX4H2:2]!@[CX4H2:3][!#1:4]	60.0047	3.99483	-	-	-	-	G
C36064850      none	B	[*^2:1]~[C^2:2]([!H])!@[C^2:3]~[*^2:4]	60.0039	0.650722	-	-	-	-	O
C36064850      none	B	[a:1][c:2]!@[CX4H1:3][N,O:4]	59.2422	3.42939	-	-	-	-	G
C36064850      none	B	[C:1][CX4:2]!@[CX3:3][C:4]	-90.0215	3.54604	-	-	-	-	O
C36064850      none	B	[O:1]=[CX3:2]([NH1])!@[CH2:3][C:4]	-30.0039	4.73225	-	-	-	-	G
C36064850      none	B	[O:1]=[CX3:2]!@[NX3H1:3][!#1:4]	0.0021306	63.7893	-	-	-	-	G
C36064850      none	B	[$([CX3]=O):1][NX3H1:2]!@[CX4H2:3][C:4] 	89.997	7.35439	-	-	-	-	G
C36064850      none	B	[OX2:1][CX4:2]!@[CX4:3][N:4]	60.8884	15.2809	-	-	-	-	G
C36064850      none	B	[cH1:1][c:2]([cH1])!@[O:3][C:4]	180	26.896	-	-	-	-	G
C36064850      none	B	[cH1:1][c:2]([cH1])!@[O:3][C:4]	179.998	26.896	-	-	-	-	G
C36064850      none	B	[O:1]=[C:2]!@[O:3]~[C:4]	29.9997	0.0796663	-	-	-	-	R
C36064850      none	B	[$(C=O):1][O:2]!@[CH1:3][H:4]	-29.9953	11.3505	-	-	-	-	G
C06613554      none	B	[H:1][CX4H1:2]!@[O:3][CX4:4]	-29.9966	6.07621	-	-	-	-	G
C06613554      none	B	[H:1][CX4H1:2]!@[O:3][CX4:4]	0.000429415	4.26659	-	-	-	-	G
C49814545      none	B	[O:1]=[CX3:2]!@[NX3H1:3][!#1:4]	0.00568729	63.7893	-	-	-	-	G
C49814545      none	B	[$(C=O):1][NX3H1:2]!@[CX4H1:3][H:4]	31.9984	9.46757	-	-	-	-	G
C49814545      none	B	[a:1][c:2]!@[CX4H1:3][N,O:4]	29.9927	3.56196	-	-	-	-	G
C49814545      none	B	[!#1:1][CX4:2]!@[CX3H0:3][!#1:4]	-89.9884	2.97335	-	-	-	-	G
C23141395      none	B	[cH0:1][c:2]([cH1])!@[O:3][C:4]	180	48.7454	-	-	-	-	G
C23141395      none	B	[cH1:1][c:2]([cH1])!@[C:3]([NH1,NH2])=[O:4]	-26.9779	8.39053	-	-	-	-	G
C23141395      none	B	[aH0:1][c:2]([aH1])!@[SX4:3][!#1:4]	89.7369	4.49141	-	-	-	-	G
C23141395      none	B	[c:1][$(S(=O)=O):2]!@[NX3H1:3][C:4]	-60.0035	13.7514	-	-	-	-	G
C23141395      none	B	[$(S(=O)(=O)):1][NX3H1:2]!@[CX4H1:3][H:4]	-59.9897	0.736648	-	-	-	-	G
C23141395      none	B	[O:1]=[C:2](c)!@[$([NX3](c([nX2H0])([nX2H0]))):3][H:4]	179.998	26.6667	-	-	-	-	G
C23141395      none	B	[$(C=O):1][NX3:2]!@[a:3][aH0:4]	-149.996	1.98526	-	-	-	-	O
C43509889      none	B	[s:1][c:2]!@[C:3]([NH1])=[O:4]	-149.707	1.0989	-	-	-	-	R
C43509889      none	B	[O:1]=[CX3:2]!@[NX3H1:3][!#1:4]	0.00162336	63.7893	-	-	-	-	G
C43509889      none	B	[$([CX3]=O):1][NX3H1:2]!@[CX4H2:3][C:4] 	-149.998	1.7769	-	-	-	-	O
C43509889      none	B	N[C:2](=[O:1])!@[CH2:3][N:4]	-0.00557145	9.82143	-	-	-	-	G
C43509889      none	B	[O:1]=[CX3:2]!@[NX3H1:3][!#1:4]	0.00188366	63.7893	-	-	-	-	G
C43509889      none	B	[$(C=O):1][NX3H1:2]!@[CX4H0:3][C:4]	-173.168	10.7839	-	-	-	-	G
C43509889      none	B	[NH1:1][CX4:2]!@[CX3:3]=[O:4]	0.00378933	6.89233	-	-	-	-	G
C09381949      none	B	[*:1][$(S(=O)=O):2]!@[NX3H0r:3][*:4]	-120.001	0.995261	-	-	-	-	G
C09381949      none	B	[aH1:1][c:2]([aH1])!@[SX4:3][!#1:4]	-89.7372	12.5987	-	-	-	-	G
C09381949      none	B	[cH1:1][c:2]([cH1])!@[C:3]([NH1,NH2])=[O:4]	-152.979	8.78518	-	-	-	-	G
C09381949      none	B	[O:1]=[CX3:2]!@[NX3H1:3][!#1:4]	0.002555	63.7893	-	-	-	-	G
C09381949      none	B	[*:1]~[NX3:2]!@[NX3:3]~[*:4]	-70.0059	3.00939	-	-	-	-	G
C09381949      none	B	[a:1][a:2]!@[NX3:3][!#1:4]	179.998	11.4213	-	-	-	-	G
C50420151      none	B	[a:1][c:2]!@[CX4H2:3][!#1:4]	-89.9994	7.30446	-	-	-	-	G
C50420151      none	B	[$(C=O):1][NX3H1:2]!@[CX4H2:3][!#1:4]	-89.9949	7.86473	-	-	-	-	G
C50420151      none	B	[O:1]=[CX3:2]!@[NX3H1:3][!#1:4]	-0.0110997	63.7893	-	-	-	-	G
C50420151      none	B	[O:1]=[CX3:2]!@[CX3:3]=[O:4]	180	38.5813	-	-	-	-	G
C50420151      none	B	[O:1]=[CX3:2]!@[NX3H1:3][!#1:4]	-0.00319975	63.7893	-	-	-	-	G
C50420151      none	B	[$([CX3]=O):1][NX3H1:2]!@[CX4H2:3][C:4] 	119.999	2.76407	-	-	-	-	O
C50420151      none	B	[!#1:1][CX4:2]!@[CX3H0:3][!#1:4]	-60.0008	4.40277	-	-	-	-	G
C29271202      none	B	[NH1:1][CX4:2]!@[CX3:3]=[O:4]	179.988	3.23174	-	-	-	-	O
C29271202      none	B	[$(C=O):1][NX3H1:2]!@[CX4H1:3][H:4]	30.0017	9.46757	-	-	-	-	G
C29271202      none	B	[O:1]=[CX3:2]!@[NX3H1:3][!#1:4]	0.0150973	63.7893	-	-	-	-	G
C29271202      none	B	[$(C=O):1][NX3H1:2]!@[c:3]([cH1])[cH1:4]	-150.008	5.07451	-	-	-	-	G
C29271202      none	B	[a:1][ar6:2]!@[ar5:3][a:4]	-149.699	2.77721	-	-	-	-	G
C29271202      none	B	[O:1]=[CX3:2]!@[NX3H1:3][!#1:4]	0.00152753	63.7893	-	-	-	-	G
C29271202      none	B	[cH1:1][c:2]([cH1])!@[C:3]([NH1,NH2])=[O:4]	153.001	9.05971	-	-	-	-	G
C48865680      none	B	[O-:1][N+:2](=O)!@[c:3]([cH0])[cH,nX2H0:4]	-0.0167212	12.6374	-	-	-	-	G
C48865680      none	B	[aH1:1][c:2]([aH1])!@[SX4:3][!#1:4]	30.0002	0.225606	-	-	-	-	R
C48865680      none	B	[*:1][$(S(=O)=O):2]!@[NX3H0r:3][*:4]	-119.697	0.995261	-	-	-	-	G
C48865680      none	B	[OX2:1][CX4:2]!@[CX4:3][N:4]	-80.0026	3.59551	-	-	-	-	G
C28044077      none	B	[cH0:1][c:2]([cH0])!@[CX3:3]=[O:4]	29.9983	1.12169	-	-	-	-	O
C28044077      none	B	[a:1][c:2]!@[C:3]([NH1,NH2])=[O:4]	149.998	5.34677	-	-	-	-	O
C28044077      none	B	[O:1]=[CX3:2]!@[NX3H1:3][!#1:4]	0.0012018	63.7893	-	-	-	-	G
C28044077      none	B	[$(C=O):1][NX3H1:2]!@[CX4H1:3][H:4]	0.000664807	8.26772	-	-	-	-	G
C28044077      none	B	[O:1]=[C:2]!@[O:3]~[C:4]	0.0014203	74.4927	-	-	-	-	G
C62813646      none	B	[O:1]=[CX3:2]!@[NX3H0:3][!#1:4]	-150.001	1.37927	-	-	-	-	O
C62813646      none	B	[NH1:1][CX4:2]!@[CX3:3]=[O:4]	-59.948	1.73074	-	-	-	-	O
CHEMBL155265      none	B	[O-:1][N+:2](=O)!@[c:3]([cH0])[cH,nX2H0:4]	0.0261704	12.6374	-	-	-	-	G
CHEMBL155265      none	B	[O-:1][N+:2](=O)!@[c:3]([cH0])[cH,nX2H0:4]	90.0125	0.274725	-	-	-	-	O
C66200975      none	B	[*:1]~[CX4:2]!@[CX3:3]~[*:4]	-119.996	5.0914	-	-	-	-	G
C66200975      none	B	[*:1]~[CX4:2]!@[NX2:3]~[*:4]	180	3.51425	-	-	-	-	G
C66200975      none	B	[a:1][c:2]!@[CX4H2:3][!#1:4]	-179.725	2.35335	-	-	-	-	O
C66200975      none	B	[aH1:1][c:2]([aH1])!@[SX4:3][!#1:4]	90.0018	12.916	-	-	-	-	G
C22742814      none	B	[!#1:1][CX4H2:2]!@[CX4H2:3][!#1:4]	180	58.554	-	-	-	-	G
C22742814      none	B	[!#1:1][CX4H2:2]!@[CX4H2:3][!#1:4]	-59.9977	3.77933	-	-	-	-	G
C22742814      none	B	[n,o,s:1][c:2]!@[CX4H2:3][CX4:4]	135.335	0.52356	-	-	-	-	O
C22742814      none	B	[$(C=O):1][NX3H1:2]!@[c:3](s)[n:4]	179.959	66.092	-	-	-	-	G
C22742814      none	B	[O:1]=[CX3:2]!@[NX3H1:3][!#1:4]	0.0851445	63.7893	-	-	-	-	G
C22742814      none	B	[cH1:1][c:2]([cH1])!@[C:3]([NH1,NH2])=[O:4]	-153.091	8.78518	-	-	-	-	G
C22742814      none	B	[$(S(=O)(=O)):1][NH0:2]!@[c:3]([cH1])[cH1:4]	-60.0223	0.826446	-	-	-	-	G
C22742814      none	B	[c:1][S:2](=O)(=O)!@[NX2H0-:3]-[*:4]	-59.9976	11.1111	-	-	-	-	G
C22742814      none	B	[aH1:1][c:2]([aH1])!@[SX4:3][!#1:4]	-89.7251	12.5987	-	-	-	-	G
C22742814      none	B	[O-:1][N+:2](=O)!@[c:3]([cH0])[cH,nX2H0:4]	90.1579	0.274725	-	-	-	-	O
C66470288      none	B	[a:1][c:2]!@[CX4H2:3][!#1:4]	45.0025	2.0463	-	-	-	-	O
C66470288      none	B	[!#1:1][CX4H2:2]!@[NX3H1:3][!#1:4]	-90.0034	6.4105	-	-	-	-	G
C66470288      none	B	[cH0:1][c:2]([cH,nX2H0])!@[NX3H1:3][CX4:4]	-160.001	4.72103	-	-	-	-	O
C66470288      none	B	[cH1:1][a:2]([cH1])!@[a:3]([sX2,o,nX2H0,nX3H1:4])([cH0])	90.0075	0.441919	-	-	-	-	R
C08765423      none	B	[cH0:1][c:2]([cH1])!@[O:3][C:4]	150.003	0.618227	-	-	-	-	O
C08765423      none	B	[C:1][CX4H2:2]!@[OX2:3][c:4]	-150	1.28448	-	-	-	-	O
C08765423      none	B	[!#1:1][CX4:2]!@[CX3H0:3][!#1:4]	179.997	7.26386	-	-	-	-	G
C08765423      none	B	[*:1]~[cX3:2]!@[NX2:3]~[*:4]	0.301409	14.1132	-	-	-	-	G
C43427714      none	B	[O:1]=[CX3:2]!@[NX3H0:3][!#1:4]	-29.9931	0.692521	-	-	-	-	O
C43427714      none	B	[O:1]=[CX3:2]!@[CX3:3]=[O:4]	89.9968	2.94118	-	-	-	-	G
C43427714      none	B	[O:1]=[CX3:2]!@[NX3H1:3][!#1:4]	-0.00172249	63.7893	-	-	-	-	G
C43427714      none	B	[$([CX3]=O):1][NX3H1:2]!@[CX4H2:3][C:4] 	90.004	7.35439	-	-	-	-	G
C43427714      none	B	[!#1:1][CX4:2]!@[CX3H0:3][!#1:4]	-29.9978	1.75844	-	-	-	-	G
C21896346      none	B	[n,o,s:1][c:2]!@[CX4H2:3][CX4:4]	90.314	4.03889	-	-	-	-	G
C21896346      none	B	[aH1:1][c:2]([aH0])!@[SX2:3][!#1:4]	89.9689	1.8677	-	-	-	-	G
C21896346      none	B	[!#1:1][CX4:2]!@[SX2:3][!#1:4]	90.0009	2.8728	-	-	-	-	G
C21896346      none	B	[!#1:1][CX4H2:2]!@[CX3:3]=[O:4]	120.004	0.613497	-	-	-	-	G
C21896346      none	B	[O:1]=[C:2]!@[NX3H1:3](C=O)[H:4]	180	35.6725	-	-	-	-	G
C21896346      none	B	[O:1]=[C:2]([NH1])!@[NX3H1:3](C=O)[H:4]	-0.00623484	58.9474	-	-	-	-	G
C21896346      none	B	[O:1]=[CX3:2]([$([NX3H1]C)])!@[NX3H1:3][!#1:4]	-0.000968393	41.1343	-	-	-	-	G
C21896346      none	B	[$(C=O):1][NX3H1:2]!@[CX4H1:3][H:4]	-60.0048	1.23735	-	-	-	-	G
C50649756      none	B	[aH0:1][c:2]([aH1])!@[SX4:3][!#1:4]	-110.016	1.0568	-	-	-	-	O
C50649756      none	B	[c:1][S:2](=O)(=O)!@[NX2H0-:3]-[*:4]	59.995	8.33333	-	-	-	-	G
C50649756      none	B	[$(S(=O)(=O)):1][NH0:2]!@[c:3]([cH1])[cH1:4]	-120.293	1.65289	-	-	-	-	G
C10953282      none	B	[cH0:1][c:2]([cH0])!@[CX3:3]=[O:4]	-150.005	1.01971	-	-	-	-	O
C10953282      none	B	[O:1]=[C:2]!@[O:3]~[C:4]	30.0054	0.0796663	-	-	-	-	R
C10953282      none	B	[$(C=O):1][O:2]!@[CH2:3]~[C:4]	149.997	2.20243	-	-	-	-	G
C10953282      none	B	[OX2:1][CX4H2:2]!@[CX3:3]([$([NX3H1,NX3H2])])=[O:4]	-0.00900547	3.57143	-	-	-	-	G
C10953282      none	B	[O:1]=[C:2]!@[NX3H1:3](C=O)[H:4]	0.00342868	23.6842	-	-	-	-	G
C10953282      none	B	[O:1]=[C:2]([NH1])!@[NX3H1:3](C=O)[H:4]	180	12.6316	-	-	-	-	G
C10953282      none	B	[O:1]=[CX3:2]([$([NX3H1]C)])!@[NX3H1:3][!#1:4]	0.00229918	41.1343	-	-	-	-	G
C10953282      none	B	[$(C=O):1][NX3H1:2]!@[CX4H1:3][H:4]	-60.0004	1.23735	-	-	-	-	G
C57148955      none	B	[a:1][a:2]!@[NX3:3][!#1:4]	-89.997	1.65296	-	-	-	-	O
C57148955      none	B	[cH1:1][c:2]([cH1])!@[NX3:3][a:4]	150.31	4.43889	-	-	-	-	G
C57148955      none	B	[!#1:1][CH2:2]!@[n:3][a:4]	90.0051	13.2097	-	-	-	-	G
C57148955      none	B	[!#1:1][CX4H2:2]!@[CX4H2:3][!#1:4]	59.9904	3.99483	-	-	-	-	G
C65567017      none	B	[!#1:1][CX4H1:2]!@[NX3:3][!#1:4]	-149.997	2.59662	-	-	-	-	G
C65567017      none	B	[a:1][c:2]!@[NX3H1:3][$([CX4r]([C;r])([C;r])):4]	-0.000603334	14.4886	-	-	-	-	G
C64645039      none	B	[a:1][c:2]!@[CX4H1:3][N,O:4]	120.003	3.12238	-	-	-	-	G
C64645039      none	B	[$(C=O):1][NX3H1:2]!@[CX4H1:3][H:4]	-29.9888	6.97413	-	-	-	-	G
C64645039      none	B	[cH1:1][a:2]([cH1])!@[a:3]([sX2,o,nX2H0,nX3H1:4])	-19.7358	3.43881	-	-	-	-	G
C64645039      none	B	[O:1]=[CX3:2]([$([NX3H1]C)])!@[NX3H1:3][!#1:4]	-0.0156088	41.1343	-	-	-	-	G
C64645039      none	B	[O:1]=[CX3:2]([$([NX3H1]C)])!@[NX3H1:3][!#1:4]	0.00655612	41.1343	-	-	-	-	G
C64645039      none	B	[$(C=O):1][NX3H1:2]!@[CX4H1:3][H:4]	-60.0004	1.23735	-	-	-	-	G
C13510397      none	B	[C:1][CX4H2:2]!@[OX2:3][c:4]	-149.997	1.28448	-	-	-	-	O
C13510397      none	B	[cH1:1][c:2]([cH1])!@[O:3][C:4]	-29.7259	0.195465	-	-	-	-	O
C13510397      none	B	[cH0:1][c:2]!@[CX4H2:3][N,O,S:4]	-135.014	0.959233	-	-	-	-	G
C13510397      none	B	[!#1:1][CX4H2:2]!@[NX3;"N_lp":3][!#1:4]	-159.999	6.28481	-	-	-	-	G
C13510397      none	B	[CX4:1][CX4H2:2]!@[NX3;"N_lp":3][CX4:4]	79.9953	8.72362	-	-	-	-	G
C13510397      none	B	[C:1][CX4:2]!@[NX3;"N_lp":3][C:4]	80.0058	5.94326	-	-	-	-	G
C13510397      none	B	[!#1:1][CX4H2:2]!@[CX4H2:3][!#1:4]	60.0026	3.99483	-	-	-	-	G
C13510397      none	B	[!#1:1][CX4H2:2]!@[CX4H2:3][!#1:4]	180	58.554	-	-	-	-	G
C13510397      none	B	[a:1][c:2]!@[CX4H1:3][N,O:4]	-90.0055	1.29082	-	-	-	-	G
C13510397      none	B	[!#1:1][CH2:2]!@[n:3][cH0:4]	90.0057	14.7896	-	-	-	-	G
C13510397      none	B	[a:1][c:2]!@[CX4H2:3][a:4]	-179.688	2.38722	-	-	-	-	O
C35383941      none	B	[a:1][c:2]!@[C:3]([NH1,NH2])=[O:4]	0.00161069	9.67683	-	-	-	-	G
C35383941      none	B	[O:1]=[CX3:2]!@[NX3H1:3][!#1:4]	-0.000343877	63.7893	-	-	-	-	G
C35383941      none	B	[$([CX3]=O):1][NX3H1:2]!@[CX4H2:3][C:4] 	89.9988	7.35439	-	-	-	-	G
C35383941      none	B	N[C:2](=[O:1])!@[CH2:3][N:4]	-149.993	2.38095	-	-	-	-	G
C35383941      none	B	[O:1]=[CX3:2]!@[NX3H1:3][!#1:4]	-0.0119142	63.7893	-	-	-	-	G
C35383941      none	B	[$([CX3]=O):1][NX3H1:2]!@[CX4H2:3][C:4] 	180	6.46594	-	-	-	-	G
C35383941      none	B	[NH1:1][CX4:2]!@[CX3:3]=[O:4]	119.996	0.41354	-	-	-	-	G
C59293874      none	B	[a:1][c:2]!@[CX4H1:3][H:4]	-30.008	3.94031	-	-	-	-	G
C59293874      none	B	[!#1:1][CX4:2]!@[CX4:3][!#1:4]	79.9988	1.75235	-	-	-	-	G
C59293874      none	B	[C:1][CX4H2:2]!@[CX3:3]=[O:4]	120.002	0.695249	-	-	-	-	O
C59293874      none	B	[*^2:1]~[C^2:2]([!H])!@[C^2:3]~[*^2:4]	119.98	0.806964	-	-	-	-	G
C59293874      none	B	[O:1]=[C:2]!@[O:3]~[C:4]	0.00496803	74.4927	-	-	-	-	G
C05052698      none	B	[aH0:1][c:2]([aH0])!@[SX2:3][!#1:4]	0.00482772	13.1253	-	-	-	-	G
C05052698      none	B	[*:1]~[CX4:2]!@[n:3]~[*:4]	-29.9949	3.02285	-	-	-	-	G
C05052698      none	B	[OX2:1][CX4:2]!@[CX4:3][OX2:4]	-160	0.511128	-	-	-	-	G
C06861387      none	B	[a:1][a:2]!@[NX3:3][!#1:4]	179.993	11.4213	-	-	-	-	G
C06861387      none	B	[*:1]~[NX3:2]!@[NX2:3]~[*:4]	59.9979	0.141276	-	-	-	-	R
C06861387      none	B	[*^2:1]~[C^2:2]([!H])!@[C^2:3]~[*^2:4]	-89.7328	1.27397	-	-	-	-	G
C41036358      none	B	[NH1:1][CX4:2]!@[CX3:3]=[O:4]	120.003	0.41354	-	-	-	-	G
C41036358      none	B	[$(C=O):1][NX3H1:2]!@[CX4H0:3][C:4]	59.9994	13.3187	-	-	-	-	G
C41036358      none	B	[O:1]=[CX3:2]([$([NX3H1]C)])!@[NX3H1:3][!#1:4]	0.00504963	41.1343	-	-	-	-	G
C41036358      none	B	[O,S:1]=[C:2]([$([NX3H1]),$([NX3H2])])!@[$([NX3]c[nH0]):3][H:4]	180	19.9219	-	-	-	-	G
C41036358      none	B	[$([C](=O)([$([NX3H1]),$([NX3H2])])[NX3H1]):1][NX3H1:2]!@[c:3]([nH0])[cH1:4]	0.32612	20.6897	-	-	-	-	G
C52770864      none	B	[*:1][$(S(=O)=O):2]!@[NX3H0:3][*:4]	-59.9973	7.32233	-	-	-	-	G
C52770864      none	B	[*:1]~[N,n:2]!@[S:3]~[*:4]	-150	1.449	-	-	-	-	G
C52770864      none	B	[cH1:1][c:2]([cH1])!@[CX3:3]=[NX2:4]	-149.779	2.34391	-	-	-	-	G
C52770864      none	B	[cH0:1][a:2]([cH1])!@[a:3]([sX2,o,nX2H0,nX3H1:4])([cH1])	-60.0278	1.3308	-	-	-	-	O
C52770864      none	B	[O-:1][N+:2](=O)!@[c:3]([cH0])[cH,nX2H0:4]	90.254	0.274725	-	-	-	-	O
C50932594      none	B	[*:1][$(S(=O)=O):2]!@[NX3H0r:3][*:4]	-119.994	0.995261	-	-	-	-	G
C50932594      none	B	[aH1:1][c:2]([aH1])!@[SX4:3][!#1:4]	-109.726	4.53328	-	-	-	-	G
C50932594      none	B	[cH0:1][c:2]([cH,nX2H0])!@[NX3H1:3][CX4:4]	-160.019	4.72103	-	-	-	-	O
C50932594      none	B	[O-:1][N+:2](=O)!@[c:3]([cH0])[cH,nX2H0:4]	0.239062	12.6374	-	-	-	-	G
C50932594      none	B	[!#1:1][CX4H2:2]!@[NX3H1:3][!#1:4]	180	11.3535	-	-	-	-	G
C50932594      none	B	N[C:2](=[O:1])!@[CH2:3][N:4]	89.9969	0	-	-	-	-	R
C50932594      none	B	[O:1]=[CX3:2]!@[NX3H1:3][!#1:4]	0.00792207	63.7893	-	-	-	-	G
C50932594      none	B	[$([CX3]=O):1][NX3H1:2]!@[CX4H2:3][C:4] 	-150.005	1.7769	-	-	-	-	O
C17142522      none	B	[*:1]~[CX4:2]!@[n:3]~[*:4]	-150.007	3.13346	-	-	-	-	G
C17142522      none	B	[CX3:1]=[CX3:2]!@[CH2:3][OX2:4]	0.00273654	15.4198	-	-	-	-	G
C40531257      none	B	[O:1]=[C:2]([O-])!@[CX4H1:3][H:4]	-0.000728011	0.495663	-	-	-	-	O
C40531257      none	B	[*:1]~[CX4:2]!@[NX4:3]~[*:4]	-79.9297	2.10499	-	-	-	-	G
C40531257      none	B	[O:1]=[CX3:2]!@[NX3H0:3][!#1:4]	-149.994	1.37927	-	-	-	-	O
C40531257      none	B	[O:1]=[CX3:2]!@[NX3H1:3][!#1:4]	-0.00410464	63.7893	-	-	-	-	G
C40531257      none	B	[$([CX3]=O):1][NX3H1:2]!@[CX4H2:3][C:4] 	-59.9971	1.43139	-	-	-	-	G
C40531257      none	B	N[C:2](=[O:1])!@[CH2:3][N:4]	149.997	3.125	-	-	-	-	G
C42028893      none	B	[cH1:1][a:2]([cH1])!@[a:3]([sX2,o,nX2H0,nX3H1:4])	-59.6821	0.840729	-	-	-	-	O
C42028893      none	B	[*:1]~[CX4:2]!@[n:3]~[*:4]	-118.784	3.09532	-	-	-	-	G
C37163981      none	B	[aH1:1][c:2]([aH1])!@[SX4:3][!#1:4]	90.0026	12.916	-	-	-	-	G
C37163981      none	B	[c:1][$(S(=O)=O):2]!@[NX3H1:3][C:4]	59.9948	14.5215	-	-	-	-	G
C37163981      none	B	[$(S(=O)(=O)):1][NX3H1:2]!@[CX4H1:3][H:4]	30.0056	11.9705	-	-	-	-	G
C37163981      none	B	[!#1:1][CX4:2]!@[CX4:3][!#1:4]	-79.9971	1.71775	-	-	-	-	G
C37163981      none	B	[O:1]=[C:2]([O-])!@[CX4H1:3][H:4]	0.000762025	0.495663	-	-	-	-	O
C37163981      none	B	[n,o,s:1][c:2]!@[CX4H2:3][CX4:4]	90.002	4.03889	-	-	-	-	G
C64447440      none	B	[cH1:1][a:2]([cH1])!@[a:3]([sX2,o,nX2H0,nX3H1:4])([cH1])	30.0242	2.66597	-	-	-	-	O
C64447440      none	B	[cH1:1][c:2]([cH1])!@[CX3:3]=[O:4]	-29.998	3.22841	-	-	-	-	G
C64447440      none	B	[O:1]=[CX3:2]!@[nX3:3]([aH0:4])([aH0])	0.310469	19.5082	-	-	-	-	G
C45699909      none	B	[cH1:1][c:2]([cH1])!@[O:3][C:4]	-30.0034	0.195465	-	-	-	-	O
C45699909      none	B	[$(C=O):1][NX3H1:2]!@[c:3]([cH1])[cH1:4]	-149.972	5.07451	-	-	-	-	G
C45699909      none	B	[O:1]=[CX3:2]!@[NX3H1:3][!#1:4]	29.9989	0.0707142	-	-	-	-	O
C45699909      none	B	[O:1]=[CX3:2]!@[NX3H0:3][!#1:4]	30.2672	0.680979	-	-	-	-	O
C45699909      none	B	[O:1]=[CX3:2]!@[NX3H0:3][!#1:4]	150.002	1.73707	-	-	-	-	O
C45699909      none	B	[O:1][CX4:2]!@[CX3:3]=[O:4]	148.278	2.2196	-	-	-	-	G
C45699909      none	B	[C:1][CX4H2:2]!@[OX2:3][c:4]	-59.9948	0.252685	-	-	-	-	G
C45699909      none	B	[OX2:1][CX4H2:2]!@[CX3:3]([$([NX3H1,NX3H2])])=[O:4]	120.002	0	-	-	-	-	R
C13087544      none	B	[aH0:1][c:2]([aH1])!@[SX4:3][!#1:4]	110.276	1.0568	-	-	-	-	O
C13087544      none	B	[*:1]~[OX2:2]!@[SX4:3]~[*:4]	-59.9947	3.39897	-	-	-	-	G
C13087544      none	B	[cH1:1][c:2]([cH0])!@[O:3][S:4]	-60.0071	2.57732	-	-	-	-	G
C13087544      none	B	[aH1:1][c:2]([aH1])!@[SX4:3][!#1:4]	89.9982	12.916	-	-	-	-	G
C13087544      none	B	[O-:1][N+:2](=O)!@[c:3]([cH0])[cH,nX2H0:4]	0.268694	12.6374	-	-	-	-	G
C13087544      none	B	[c:1][$(S(=O)=O):2]!@[NX3H1:3][c:4]	60.0027	16.9521	-	-	-	-	G
C13087544      none	B	[$(S(=O)(=O)):1][NH1:2]!@[c:3]([cH1])[cH1:4]	90.0029	1.05932	-	-	-	-	O
C13087544      none	B	[O:1]=[C:2]([O-])!@[c:3]([cH1])[cH1:4]	179.974	7.35294	-	-	-	-	G
C50829545      none	B	[O-:1][N+:2](=O)!@[c:3]([cH0])[cH,nX2H0:4]	-0.0165775	12.6374	-	-	-	-	G
C50829545      none	B	[a:1][c:2]!@[CX4H2:3][!#1:4]	-45.0042	1.96752	-	-	-	-	O
C50829545      none	B	[$(S(=O)(=O)):1][NX3H0:2]!@[CX4H2:3][!#1:4]	-59.9995	0	-	-	-	-	R
C16953091      none	B	[*:1]~[CX4:2]!@[n:3]~[*:4]	-30.0032	3.02285	-	-	-	-	G
C16953091      none	B	[OX2:1][CX4:2]!@[CX4:3][OX2:4]	164.256	0.798637	-	-	-	-	G
C09129596      none	B	[cH1:1][a:2]([cH1])!@[a:3]([sX2,o,nX2H0,nX3H1:4])([cH1])	30.0074	2.66597	-	-	-	-	G
C09129596      none	B	[a:1][c:2]!@[C:3]([NH1,NH2])=[O:4]	120.003	0.644517	-	-	-	-	G
C09129596      none	B	[O:1]=[CX3:2]!@[NX3H1:3][!#1:4]	0.00448644	63.7893	-	-	-	-	G
C09129596      none	B	[$(C=O):1][NX3H1:2]!@[c:3]([cH1])[cH1:4]	29.9994	5.05437	-	-	-	-	G
C09129596      none	B	[aH1:1][c:2]([aH1])!@[SX4:3][!#1:4]	-89.9944	12.5987	-	-	-	-	G
C09129596      none	B	[c:1][S:2](=O)(=O)!@[NX2H0-:3]-[*:4]	59.9959	8.33333	-	-	-	-	G
C09129596      none	B	[$(S(=O)(=O)):1][N:2]!@[c:3][a:4]	179.999	4.19922	-	-	-	-	G
C38743979      none	B	[!#1:1][CX4r:2]!@[CX4r:3][!#1:4]	65.4405	6.94282	-	-	-	-	G
C38743979      none	B	[a:1][c:2]!@[CX4H1:3][H:4]	179.999	7.22227	-	-	-	-	G
C51714457      none	B	[!#1:1][CX4:2]!@[CX4:3][!#1:4]	-40.0068	0.976141	-	-	-	-	G
C51714457      none	B	[a:1][c:2]!@[CX4H0:3][CX4:4]	120.006	5.29969	-	-	-	-	G
C51714457      none	B	[$([CX3]=O):1][NX3H1:2]!@[CX4H2:3][C:4] 	-90.0021	7.35439	-	-	-	-	G
C51714457      none	B	[O:1]=[CX3:2]!@[NX3H1:3][!#1:4]	0.00612202	63.7893	-	-	-	-	G
C51714457      none	B	[O:1]=[CX3:2]!@[NX3H0:3][!#1:4]	-149.721	1.37927	-	-	-	-	O
C51714457      none	B	[O:1][CX4:2]!@[CX3:3]=[O:4]	149.819	2.2196	-	-	-	-	G
C15952862      none	B	[cH1:1][c:2]([cH1])!@[CX3:3]([CX3H0])=[O:4]	-90.0058	0	-	-	-	-	R
C15952862      none	B	[*^2:1]~[C^2:2]([!H])!@[C^2:3]~[*^2:4]	120.3	0.806964	-	-	-	-	G
C15952862      none	B	[$([CX3]=O):1][NX3H0:2](C)!@[CX4H2:3][C:4]	-119.998	2.31561	-	-	-	-	O
C15952862      none	B	[a:1][c:2]!@[CX4H1:3][N,O:4]	-123.159	3.08052	-	-	-	-	G
C15952862      none	B	[cH1:1][c:2](cO)!@[O:3][C:4]	90.0145	0.310835	-	-	-	-	R
C15952862      none	B	[cH1:1][c:2](cO)!@[O:3][C:4]	90.2303	0.310835	-	-	-	-	R
C15952862      none	B	[!#1:1][CX4H2:2]!@[CX4H2:3][!#1:4]	180	58.554	-	-	-	-	G
C15952862      none	B	[!#1:1][CX4H2:2]!@[CX4H2:3][!#1:4]	60.001	3.99483	-	-	-	-	G
C15952862      none	B	[CX4:1][CX4H2:2]!@[NX3;"N_lp":3][CX4:4]	-156.367	6.65327	-	-	-	-	G
C41599385      none	B	[*:1]~[CX4:2]!@[NX4:3]~[*:4]	-160.003	2.15596	-	-	-	-	G
C41599385      none	B	[OX2:1][CX4H2:2]!@[CX4H2:3][Nr:4]	180	8.33333	-	-	-	-	G
C42549939      none	B	[$(C=O):1][NX3H1:2]!@[CX4H1:3][H:4]	0.00597182	8.26772	-	-	-	-	G
C42549939      none	B	[O:1]=[CX3:2]!@[NX3H1:3][!#1:4]	-0.0112165	63.7893	-	-	-	-	G
C42549939      none	B	[O:1]=[CX3:2]!@[NX3H0:3][!#1:4]	0.325879	25.0866	-	-	-	-	G
C42549939      none	B	[O:1]=[C:2]([O-])!@[CX4H1:3][H:4]	90.005	0.86741	-	-	-	-	O
C61886460      none	B	[!#1:1][CH2:2]!@[n:3][cH0:4]	-90.0014	15.4696	-	-	-	-	G
C61886460      none	B	[aH0:1][c:2]([aH1])!@[SX4:3][!#1:4]	-70.0074	15.3236	-	-	-	-	G
C61886460      none	B	[c:1][$(S(=O)=O):2]!@[NX3H1:3][C:4]	-89.9943	3.19032	-	-	-	-	G
C61886460      none	B	[$(S(=O)(=O)):1][NX3H1:2]!@[CX4H1:3][H:4]	-0.00279054	7.36648	-	-	-	-	G
C61886460      none	B	[!#1:1][CX4:2]!@[CX3H0:3][!#1:4]	-59.9933	4.40277	-	-	-	-	G
C49394952      none	B	[!#1:1][CH2:2]!@[n:3][a:4]	89.9974	13.2097	-	-	-	-	G
C49394952      none	B	[!#1:1][CX4H2:2]!@[CX3:3]=[O:4]	-30.0066	3.82256	-	-	-	-	G
C49394952      none	B	[O:1]=[CX3:2]!@[NX3H0:3][!#1:4]	-149.715	1.37927	-	-	-	-	O
C49394952      none	B	[!#1:1][CX4:2]!@[CX4:3][!#1:4]	79.9986	1.75235	-	-	-	-	G
C49394952      none	B	[C:1][CX4H2:2]!@[CX3:3]=[O:4]	180	0.645588	-	-	-	-	R
C38008181      none	B	[aH0:1][c:2]([aH0])!@[SX4:3][!#1:4]	-53.8664	1.67598	-	-	-	-	G
C38008181      none	B	[c:1][$(S(=O)=O):2]!@[NX3H1:3][C:4]	-89.9973	3.19032	-	-	-	-	G
C38008181      none	B	[$(S(=O)(=O)):1][NX3H1:2]!@[CX4H2:3][!#1:4]	-120	2.14592	-	-	-	-	O
C38008181      none	B	[a:1][c:2]!@[CX4H2:3][!#1:4]	90.3156	7.24386	-	-	-	-	G
C13428099      none	B	[cH0:1][c:2]([cH1])!@[O:3][C:4]	180	48.7454	-	-	-	-	G
C13428099      none	B	[$(C=O):1][NX3:2]!@[$([a]([cH1])):3][$([aH0](!@O)):4]	-150.003	2.68293	-	-	-	-	G
C13428099      none	B	[C:1][CX4:2]!@[CX3:3]=[O:4]	-93.7816	3.45082	-	-	-	-	G
C13428099      none	B	[O:1]=[CX3:2]!@[NX3H1:3][!#1:4]	-0.0118368	63.7893	-	-	-	-	G
C13428099      none	B	[$(C=O):1][NX3:2]!@[a:3][aH0:4]	150.002	1.842	-	-	-	-	O
C13428099      none	B	[O:1]=[C:2]([O-])!@[c:3]([cH1])[$([cH0][NH1,NH2]):4]	0.00452558	10	-	-	-	-	G
C45139775      none	B	[a:1][c:2]!@[CX4H2:3][!#1:4]	-44.9975	1.62815	-	-	-	-	O
C45139775      none	B	[$(C=O):1][NX3H1:2]!@[CX4H2:3][$([c]([cH,nX2H0])[cH,nX2H0]):4]	-150.003	1.01266	-	-	-	-	G
C45139775      none	B	[O:1]=[CX3:2]([$([NX3H1]C)])!@[NX3H1:3][!#1:4]	179.992	9.5176	-	-	-	-	R
C45139775      none	B	[O:1]=[CX3:2]([$([NX3H1]C)])!@[NX3H1:3][!#1:4]	0.0135731	41.1343	-	-	-	-	G
C45139775      none	B	[$([CX3]=O):1][NX3H1:2]!@[CX4H2:3][C:4] 	89.9972	7.35439	-	-	-	-	G
C45139775      none	B	N[C:2](=[O:1])!@[CH2:3][N:4]	-149.999	2.38095	-	-	-	-	G
C45139775      none	B	[O:1]=[CX3:2]!@[NX3H1:3][!#1:4]	-0.0109324	63.7893	-	-	-	-	G
C45139775      none	B	[$([CX3]=O):1][NX3H1:2]!@[CX4H2:3][C:4] 	179.999	6.46594	-	-	-	-	G
C45139775      none	B	[NH1:1][CX4:2]!@[CX3:3]=[O:4]	-119.993	0.275693	-	-	-	-	G
C49091077      none	B	[C:1][CX4:2]!@[CX3:3]=[O:4]	-30.075	3.42621	-	-	-	-	G
C49091077      none	B	[O:1]=[CX3:2]!@[NX3H0:3][!#1:4]	-29.9967	0.692521	-	-	-	-	O
C49091077      none	B	[*^2:1]~[C^2:2]([!H])!@[C^2:3]~[*^2:4]	150.276	1.21045	-	-	-	-	G
C44976328      none	B	[!#1:1][CH2:2]!@[n:3][cH0:4]	-89.9966	15.4696	-	-	-	-	G
C44976328      none	B	[a:1][c:2]!@[CX4H2:3][!#1:4]	-90.0045	7.30446	-	-	-	-	G
C44976328      none	B	[!#1:1][CX4H2:2]!@[NX3H1:3][!#1:4]	-89.9968	6.4105	-	-	-	-	G
C44976328      none	B	[cH0:1][c:2]([cH,nX2H0])!@[NX3H1:3][CX4:4]	-179.72	49.7854	-	-	-	-	G
C48130326      none	B	[!#1:1][CH2:2]!@[n:3][cH0:4]	-179.694	0.148746	-	-	-	-	R
C48130326      none	B	[c:1][c:2]!@[c:3][s,o,nX3H1:4]	60.2984	0.665746	-	-	-	-	R
C48130326      none	B	[*:1]~[CX4:2]!@[n:3]~[*:4]	85.9244	3.25743	-	-	-	-	G
C35635592      none	B	[*:1]~[CX4:2]!@[n:3]~[*:4]	149.998	3.15253	-	-	-	-	G
C35635592      none	B	[OX2:1][CX4:2]!@[CX4:3][OX2:4]	63.1743	14.3222	-	-	-	-	G
C59886716      none	B	[C:1][CH2:2]!@[O:3][CX4:4]	180	35.2689	-	-	-	-	G
C59886716      none	B	[!#1:1][CX4H2:2]!@[CX4H2:3][!#1:4]	59.9987	3.99483	-	-	-	-	G
C59886716      none	B	[!#1:1][CH2:2]!@[n:3][a:4]	-89.6961	13.2844	-	-	-	-	G
C59886716      none	B	[cH1:1][c:2]([cH1])!@[CX3:3]=[NX2:4]	-0.00911354	14.4225	-	-	-	-	G
C59886716      none	B	[*:1]~[NX3:2]!@[NX2:3]~[*:4]	179.998	29.4914	-	-	-	-	G
C59886716      none	B	[a:1][a:2]!@[NX3:3][!#1:4]	0.316872	10.9271	-	-	-	-	G
C59886716      none	B	[aH0:1][c:2]([aH0])!@[SX2:3][!#1:4]	-120.001	1.95977	-	-	-	-	G
C59886716      none	B	[!#1:1][CX4:2]!@[SX2:3][!#1:4]	-89.9967	3.00607	-	-	-	-	G
C59886716      none	B	[!#1:1][CX4H2:2]!@[CX3:3]=[O:4]	-119.998	0.59462	-	-	-	-	G
C59886716      none	B	[O:1]=[CX3:2]!@[NX3H1:3][!#1:4]	-0.00168572	63.7893	-	-	-	-	G
C59886716      none	B	[$(C=O):1][NX3H1:2]!@[CX4H2:3][!#1:4]	180	5.78057	-	-	-	-	G
C59886716      none	B	[cH0:1][c:2]!@[CX4H2:3][N,O,S:4]	-89.9988	7.87941	-	-	-	-	G
C11655051      none	B	[cH0:1][c:2]([cH1])!@[CX3:3]([NX3H1])=[O:4]	-150.027	1.39252	-	-	-	-	G
C11655051      none	B	[O:1]=[CX3:2]!@[NX3H1:3][!#1:4]	-0.00237813	63.7893	-	-	-	-	G
C11655051      none	B	[*:1]~[NX3:2]!@[NX3:3]~[*:4]	149.999	1.2148	-	-	-	-	G
C11655051      none	B	[O:1]=[CX3:2]!@[NX3H1:3][!#1:4]	0.00544939	63.7893	-	-	-	-	G
C11655051      none	B	[N:1][CX4:2]!@[CX3:3]=[O:4]	28.9828	2.77899	-	-	-	-	G
C11655051      none	B	[*:1][$(S(=O)=O):2]!@[NX3H0r:3][*:4]	-119.996	0.995261	-	-	-	-	G
C11655051      none	B	[aH1:1][c:2]([aH1])!@[SX4:3][!#1:4]	-89.7273	12.5987	-	-	-	-	G
C51157019      none	B	[aH1:1][c:2]([aH1])!@[SX4:3][!#1:4]	-90	12.5987	-	-	-	-	G
C51157019      none	B	[c:1][$(S(=O)=O):2]!@[NX3H1:3][C:4]	-59.9961	13.7514	-	-	-	-	G
C51157019      none	B	[$(S(=O)(=O)):1][NX3H1:2]!@[CX4H1:3][H:4]	-0.0020237	7.36648	-	-	-	-	G
C49823700      none	B	[$(C=O):1][NX3:2]!@[a:3][aH0:4]	150	1.842	-	-	-	-	O
C49823700      none	B	[O:1]=[CX3:2]!@[NX3H1:3][!#1:4]	0.00494221	63.7893	-	-	-	-	G
C49823700      none	B	[!#1:1][CX4H2:2]!@[CX3:3]=[O:4]	89.9876	1.06654	-	-	-	-	G
C49823700      none	B	[!#1:1][CX4:2]!@[SX2:3][!#1:4]	80.0048	6.41197	-	-	-	-	G
C49823700      none	B	[!#1:1][CX3:2]!@[SX2:3][!#1:4]	179.724	28.238	-	-	-	-	G
C49823700      none	B	[*^2:1]~[C^2:2]([!H])!@[C^2:3]~[*^2:4]	-120.002	0.661024	-	-	-	-	G
C49823700      none	B	[cH0:1][c:2]!@[CX4H1:3][CX4:4]	-90.7843	3.91099	-	-	-	-	G
C49823700      none	B	[O:1]=[C:2]!@[O:3]~[C:4]	0.00284288	74.4927	-	-	-	-	G
C36810539      none	B	[O:1]=[CX3:2]!@[NX3H0:3][!#1:4]	149.994	1.73707	-	-	-	-	O
C36810539      none	B	[O:1]=[CX3:2]!@[CX3:3]=[O:4]	-59.9991	0.346021	-	-	-	-	R
C36810539      none	B	[O:1]=[CX3:2]!@[NX3H1:3][!#1:4]	0.0100996	63.7893	-	-	-	-	G
C55621955      none	B	[aH0:1][c:2]([aH1])!@[SX4:3][!#1:4]	-70.0159	15.3236	-	-	-	-	G
C55621955      none	B	[c:1][S:2](=O)(=O)!@[NX2H0-:3]-[*:4]	-89.9954	2.77778	-	-	-	-	G
C55621955      none	B	[$(S(=O)(=O)):1][NH0:2]!@[c:3]([cH1])[cH1:4]	-90.2761	17.7686	-	-	-	-	G
C55621955      none	B	[cH1:1][c:2]([cH1])!@[C:3]([NH1,NH2])=[O:4]	-27.0192	8.39053	-	-	-	-	G
C55621955      none	B	[O:1]=[CX3:2]!@[NX3H1:3][!#1:4]	0.0352939	63.7893	-	-	-	-	G
C55621955      none	B	[$([CX3]=O):1][NX3H1:2]!@[CX4H2:3][C:4] 	89.9863	7.35439	-	-	-	-	G
C55621955      none	B	[OX2:1][CX4H2:2]!@[CX4H2:3][N:4]	-60.0038	16.5981	-	-	-	-	G
C29389337      none	B	[a:1][c:2]!@[C:3]([NH1,NH2])=[O:4]	59.9982	0.626362	-	-	-	-	G
C29389337      none	B	[O:1]=[C:2](c)!@[$([NX3](c([nX2H0])([nX2H0]))):3][H:4]	180	26.6667	-	-	-	-	G
C29389337      none	B	[$(C=O):1][NX3:2]!@[a:3][aH0:4]	-0.0129418	4.11379	-	-	-	-	G
C23140661      none	B	[cH0:1][c:2]([cH1])!@[CX3:3]([NX3H1])=[O:4]	120.004	1.13142	-	-	-	-	G
C23140661      none	B	[O:1]=[C:2](c)!@[$([NX3](c([nX2H0])([nX2H0]))):3][H:4]	180	26.6667	-	-	-	-	G
C23140661      none	B	[$(C=O):1][NX3:2]!@[a:3][aH0:4]	179.998	13.4466	-	-	-	-	G
C15906813      none	B	[aH1:1][c:2]([aH1])!@[SX4:3][!#1:4]	90.0012	12.916	-	-	-	-	G
C15906813      none	B	[*:1]~[OX2:2]!@[SX4:3]~[*:4]	179.997	9.86873	-	-	-	-	G
C15906813      none	B	[H:1][CX4H1:2]!@[OX2:3][!#1:4]	-39.9978	10.8116	-	-	-	-	G
C15906813      none	B	[OX2:1][CX4:2]!@[CX4:3][OX2:4]	61.6209	14.3222	-	-	-	-	G
C15906813      none	B	[*:1]~[CX4:2]!@[n:3]~[*:4]	-89.9992	3.28413	-	-	-	-	G
C37794859      none	B	[$(C=O):1][NX3H1:2]!@[c:3]([cH1])[cH1:4]	149.975	5.05437	-	-	-	-	G
C37794859      none	B	[cH1:1][c:2]!@[c:3]([cH1])[nX2H0:4]	30.0047	2.23708	-	-	-	-	G
C37794859      none	B	[O:1]=[CX3:2]!@[NX3H1:3][!#1:4]	0.0056068	63.7893	-	-	-	-	G
C37794859      none	B	[O:1]=[CX3:2]([NH1])!@[CH2:3][C:4]	119.994	0.124533	-	-	-	-	O
C37794859      none	B	[!#1:1][CX4H2:2]!@[CX4H2:3][!#1:4]	180	58.554	-	-	-	-	G
C37794859      none	B	[C:1][CX4H2:2]!@[CX3:3]=[O:4]	-119.986	0.79457	-	-	-	-	O
C10691203      none	B	[CX3:1]=[CX3:2]!@[CH2:3][!#1:4]	120.006	8.78049	-	-	-	-	G
C10691203      none	B	[$(S(=O)(=O)):1][NX3H0:2]!@[CX4H2:3][!#1:4]	90.0004	6.68103	-	-	-	-	G
C10691203      none	B	[$(S(=O)(=O)):1][NX3H0:2]!@[CX4H2:3][!#1:4]	89.9997	6.68103	-	-	-	-	G
C10691203      none	B	[c:1][$(S(=O)=O):2]!@[NX3H0:3][C:4]	90.0007	4.81691	-	-	-	-	G
C10691203      none	B	[CX3:1]=[CX3:2]!@[CH2:3][!#1:4]	119.99	8.78049	-	-	-	-	G
C10691203      none	B	[aH1:1][c:2]([aH1])!@[SX4:3][!#1:4]	150.273	0.260857	-	-	-	-	R
C10691203      none	B	[cH1:1][c:2]([cH1])!@[C:3]([NH1,NH2])=[O:4]	153.016	9.05971	-	-	-	-	G
C10691203      none	B	[O:1]=[CX3:2]!@[NX3H1:3][!#1:4]	0.00573994	63.7893	-	-	-	-	G
C10691203      none	B	[$(C=O):1][NX3H1:2]!@[c:3](o)[n:4]	180	38.4615	-	-	-	-	G
C10691203      none	B	[a:1][c:2]!@[CX4H2:3][!#1:4]	-89.9951	7.30446	-	-	-	-	G
C10691203      none	B	[!#1:1][CX4:2]!@[SX4:3][!#1:4]	-32.2669	0.484211	-	-	-	-	O
C10691203      none	B	[aH1:1][c:2]([aH1])!@[SX4:3][!#1:4]	-89.7226	12.5987	-	-	-	-	G
C52759724      none	B	[C:1][CX4:2]!@[CX3:3]=[O:4]	-0.06224	5.61823	-	-	-	-	G
C52759724      none	B	[O:1]=[CX3:2]!@[NX3H0:3][!#1:4]	-150	1.37927	-	-	-	-	O
C52759724      none	B	[O:1]=[CX3:2]!@[NX3H0:3][!#1:4]	-149.694	1.37927	-	-	-	-	O
C52759724      none	B	[!#1:1][CX4:2]!@[CX4:3][!#1:4]	-79.9887	1.71775	-	-	-	-	G
C52759724      none	B	[!#1:1][CX4H2:2]!@[CX4H2:3][!#1:4]	180	58.554	-	-	-	-	G
C52759724      none	B	[!#1:1][CX4H2:2]!@[CX4H2:3][!#1:4]	-60.0081	3.77933	-	-	-	-	G
C40109746      none	B	[!#1:1][CX4H2:2]!@[CX4H2:3][!#1:4]	60.0018	3.99483	-	-	-	-	G
C40109746      none	B	[C:1][CX4H2:2]!@[OX2:3][c:4]	-149.998	1.28448	-	-	-	-	O
C40109746      none	B	[cH1:1][c:2]([cH1])!@[O:3][C:4]	150.271	0.199809	-	-	-	-	O
C40109746      none	B	[a:1][c:2]!@[CX4H1:3][N,O:4]	121.58	3.12238	-	-	-	-	G
C40109746      none	B	[*^2:1]~[C^2:2]([!H])!@[C^2:3]~[*^2:4]	-89.9911	1.27397	-	-	-	-	G
C40109746      none	B	[$([CX3]=O):1][NX3H0:2](C)!@[CX4H2:3][C:4]	90.0343	14.7513	-	-	-	-	G
C40109746      none	B	[OX2:1][CX4H2:2]!@[CX4H2:3][Nr:4]	59.9921	18.1373	-	-	-	-	G
C40109746      none	B	[cH1:1][c:2]([cH1])!@[CX3:3]([CX3H0])=[O:4]	-29.7325	3.55191	-	-	-	-	G
C40109746      none	B	[cH1:1][c:2]([cH1])!@[O:3][C:4]	179.997	26.896	-	-	-	-	G
C40109746      none	B	[c:1][CX4H2:2]!@[OX2:3][c:4]	179.998	39.7757	-	-	-	-	G
C40109746      none	B	[a:1][c:2]!@[CX4H2:3][!#1:4]	-89.715	7.30446	-	-	-	-	G
C19626751      none	B	[cH0:1][c:2]([cH,nX2H0])!@[NX3H0:3][CX4:4]	59.996	3.25838	-	-	-	-	G
C42279369      none	B	[*:1]~[N,n:2]!@[S:3]~[*:4]	90.0182	2.07924	-	-	-	-	G
C42279369      none	B	[cH1:1][c:2]([cH1])!@[CX3:3]=[NX2:4]	-119.786	0.897666	-	-	-	-	O
C42279369      none	B	[$(S(=O)(=O)):1][NH0:2]!@[c:3]([cH1])[cH1:4]	-60.0231	0.826446	-	-	-	-	G
C58244454      none	B	[a:1][c:2]!@[C:3]([NH0])=[O:4]	-30.001	2.55556	-	-	-	-	G
C58244454      none	B	[$(S(=O)(=O)):1][NH0:2]!@[c:3]([cH1])[cH1:4]	-90.0421	17.7686	-	-	-	-	G
C58244454      none	B	[c:1][S:2](=O)(=O)!@[NX2H0-:3]-[*:4]	60.0048	8.33333	-	-	-	-	G
C58244454      none	B	[aH1:1][c:2]([aH1])!@[SX4:3][!#1:4]	-89.6899	12.5987	-	-	-	-	G
C58244454      none	B	[a:1][c:2]!@[C:3]([NH0])=[O:4]	59.9947	3.02778	-	-	-	-	G
C58244454      none	B	[O:1]=[CX3:2](a)!@[NX3H0:3][!#1:4]	-179.694	9.67842	-	-	-	-	G
C58244454      none	B	[O:1]=[CX3:2](a)!@[NX3H0:3][!#1:4]	150.284	2.50464	-	-	-	-	G
C58824920      none	B	[O-:1][N+:2](=O)!@[c:3]([cH,nX2H0])[cH,nX2H0:4]	179.981	23.2156	-	-	-	-	G
C58824920      none	B	[$(C=O):1][NX3:2]!@[a:3][aH0:4]	-120.001	2.3332	-	-	-	-	G
C58824920      none	B	[O:1]=[CX3:2]([$([NX3H1]C)])!@[NX3H1:3][!#1:4]	180	9.5176	-	-	-	-	R
C58824920      none	B	[O:1]=[CX3:2]([$([NX3H1]C)])!@[NX3H1:3][!#1:4]	0.00208567	41.1343	-	-	-	-	G
C58824920      none	B	[$(C=O):1][NX3H1:2]!@[CX4H1:3][H:4]	-30.0037	6.97413	-	-	-	-	G
C06219028      none	B	[a:1][a:2]!@[NX3:3][!#1:4]	-149.999	1.91104	-	-	-	-	O
C06219028      none	B	[*:1]~[NX3:2]!@[NX2:3]~[*:4]	180	29.4914	-	-	-	-	G
C06219028      none	B	[cH1:1][c:2]([cH0])!@[CX3x0:3]=[NX2:4]	-149.731	0.0354484	-	-	-	-	G
C06219028      none	B	[cH0:1][c:2]([cH1])!@[O:3][C:4]	89.9965	0.6255	-	-	-	-	R
C06219028      none	B	[$([cH0]([CX3])):1][c:2]([cH1])!@[O:3][C:4]	180	49.7106	-	-	-	-	G
C51362425      none	B	[a:1][c:2]!@[CX4H1:3][N,O:4]	-89.9955	1.29082	-	-	-	-	G
C51362425      none	B	[a:1][c:2]!@[CX4H1:3][N,O:4]	29.9999	3.56196	-	-	-	-	G
C09911592      none	B	[CX3:1]=[CX3:2]!@[CH2:3][!#1:4]	-90.0072	5.42948	-	-	-	-	G
C09911592      none	B	[$([CX3]=O):1][NX3H1:2]!@[CX4H2:3][C:4] 	150.001	1.43139	-	-	-	-	O
C09911592      none	B	[O:1]=[CX3:2]!@[NX3H1:3][!#1:4]	-0.000887644	63.7893	-	-	-	-	G
C09911592      none	B	[*^2:1]~[C^2:2]([!H])!@[C^2:3]~[*^2:4]	-30.0001	1.21216	-	-	-	-	G
C09911592      none	B	[*:1]~[cX3:2]!@[NX2:3]~[*:4]	120.345	1.45599	-	-	-	-	O
C09911592      none	B	[O-:1][N+:2](=O)!@[c:3][a:4]	-0.00158475	18.5814	-	-	-	-	G
C66783881      none	B	[cH1:1][c:2]([cH1])!@[C:3]([NH1,NH2])=[O:4]	152.754	9.05971	-	-	-	-	G
C66783881      none	B	[O:1]=[CX3:2]!@[NX3H1:3][!#1:4]	-0.00145954	63.7893	-	-	-	-	G
C66783881      none	B	[*:1]~[NX3:2]!@[NX3:3]~[*:4]	-150.001	1.86361	-	-	-	-	G
C66783881      none	B	[O:1]=[CX3:2]!@[NX3H1:3][!#1:4]	0.00461715	63.7893	-	-	-	-	G
C66783881      none	B	N[C:2](=[O:1])!@[CH2:3][N:4]	89.9923	0	-	-	-	-	R
C66783881      none	B	[$(S(=O)(=O)):1][NX3H1:2]!@[CX4H2:3][!#1:4]	-59.998	0	-	-	-	-	O
C66783881      none	B	[c:1][$(S(=O)=O):2]!@[NX3H1:3][C:4]	-90.0024	3.19032	-	-	-	-	G
C66783881      none	B	[aH1:1][c:2]([aH1])!@[SX4:3][!#1:4]	90.3049	12.916	-	-	-	-	G
C04922477      none	B	[cH1:1][a:2]([cH1])!@[a:3]([sX2,o,nX2H0,nX3H1:4])	-119.681	0.969173	-	-	-	-	R
C04922477      none	B	[O-:1][N+:2](=O)!@[c:3]([cH0])[cH,nX2H0:4]	0.0384034	12.6374	-	-	-	-	G
C49692719      none	B	[O:1]=[CX3:2]!@[NX3H0:3][!#1:4]	150.003	1.73707	-	-	-	-	O
C49692719      none	B	N[C:2](=[O:1])!@[CH2:3][N:4]	-60.0173	0.14881	-	-	-	-	R
C49692719      none	B	[$([CX3]=O):1][NX3H1:2]!@[CX4H2:3][C:4] 	89.9971	7.35439	-	-	-	-	G
C49692719      none	B	[O:1]=[CX3:2]!@[NX3H1:3][!#1:4]	0.0112217	63.7893	-	-	-	-	G
C49692719      none	B	N[C:2](=[O:1])!@[CH2:3][N:4]	-30.0026	4.7619	-	-	-	-	G
C43423680      none	B	[O:1]=[CX3:2]!@[NX3H0:3][!#1:4]	30.0002	0.680979	-	-	-	-	O
C43423680      none	B	[O:1]=[CX3:2]!@[CX3:3]=[O:4]	-60.0016	0.346021	-	-	-	-	R
C43423680      none	B	[O:1]=[CX3:2]!@[NX3H1:3][!#1:4]	0.00443286	63.7893	-	-	-	-	G
C43423680      none	B	[$([CX3]=O):1][NX3H1:2]!@[CX4H2:3][C:4] 	90.0026	7.35439	-	-	-	-	G
C43423680      none	B	[!#1:1][CX4H2:2]!@[CX4H2:3][!#1:4]	-59.9963	3.77933	-	-	-	-	G
C05647631      none	B	[*:1]~[CX4:2]!@[n:3]~[*:4]	89.9929	3.25743	-	-	-	-	G
C05647631      none	B	[OX2:1][CX4:2]!@[CX4:3][OX2:4]	54.2809	3.39687	-	-	-	-	G
C42029457      none	B	[cH1:1][a:2]([cH1])!@[a:3]([sX2,o,nX2H0,nX3H1:4])	120.3	0.939981	-	-	-	-	O
C42029457      none	B	[!#1:1][CH2:2]!@[n:3][cH0:4]	134.996	0.637484	-	-	-	-	R
C42029457      none	B	[!#1:1][CX4:2]!@[CX4:3][!#1:4]	-160.133	1.85018	-	-	-	-	G
C49514540      none	B	[aH0:1][c:2]([aH0])!@[SX4:3][!#1:4]	6.13788	0.558659	-	-	-	-	R
C49514540      none	B	[*:1]~[N,n:2]!@[S:3]~[*:4]	180	8.16343	-	-	-	-	G
C49514540      none	B	[!#1:1][CX4:2]!@[CX3H0:3][!#1:4]	-25.6711	1.75844	-	-	-	-	G
C49514540      none	B	[!#1:1][CX4H1:2]!@[NX3:3][!#1:4]	-90.0018	3.22537	-	-	-	-	G
C05819235      none	B	[a:1][a:2]!@[NX3:3][!#1:4]	60.0037	1.72297	-	-	-	-	O
C05819235      none	B	[*:1]~[CX3:2]!@[NX3:3]~[*:4]	-89.6802	0.0640822	-	-	-	-	R
C05372113      none	B	[O:1]=[CX3:2]!@[NX3H1:3][!#1:4]	-0.00726091	63.7893	-	-	-	-	G
C05372113      none	B	[$([CX3]=O):1][NX3H1:2]!@[CX4H2:3][C:4] 	150.005	1.43139	-	-	-	-	O
C05372113      none	B	[OX2:1][CX4:2]!@[CX4:3][N:4]	-60.0216	14.8764	-	-	-	-	G
C27860755      none	B	[!#1:1][CX4:2]!@[CX4:3][!#1:4]	-54.1767	5.00801	-	-	-	-	G
C27860755      none	B	[*:1]~[NX3:2]!@[NX3:3]~[*:4]	-60.0121	2.78851	-	-	-	-	G
C27860755      none	B	[O:1]=[CX3:2]!@[NX3H1:3][!#1:4]	0.0108187	63.7893	-	-	-	-	G
C27860755      none	B	[OX2:1][CX4H2:2]!@[CX3:3]([$([NX3H1,NX3H2])])=[O:4]	-150.005	0.714286	-	-	-	-	O
C27860755      none	B	[C:1][CX4H2:2]!@[OX2:3][c:4]	149.993	0.884397	-	-	-	-	O
C27860755      none	B	[cH0:1][c:2]([cH1])!@[O:3][C:4]	-90.263	0.64732	-	-	-	-	R
C27860755      none	B	[cH1:1][c:2]([cH1])!@[CX3:3]=[O:4]	0.000545091	14.2319	-	-	-	-	G
C27860755      none	B	[O-:1][N+:2](=O)!@[c:3]([cH0])[cH,nX2H0:4]	0.247814	12.6374	-	-	-	-	G
C27860755      none	B	[O:1]=[C:2]!@[O:3]~[C:4]	-0.000794635	74.4927	-	-	-	-	G
C09497675      none	B	[a:1][a:2]!@[NX3:3][!#1:4]	-59.9964	1.73028	-	-	-	-	O
C09497675      none	B	[a:1][c:2]!@[CX4H2:3][!#1:4]	180	2.35335	-	-	-	-	O
C09497675      none	B	[$([C](=O)):1][NX3H0:2]!@[CX4H2:3][$([c]([cH,nX2H0])[cH,nX2H0]):4]	-59.9952	0.233281	-	-	-	-	O
C13396731      none	B	[$([C]([CX4])(=O)):1][NX3H1:2]!@[c:3]([nX2H0])[nX2H0:4]	29.9801	3.84615	-	-	-	-	O
C13396731      none	B	[O:1]=[C:2]([!$([NH1])])!@[NX3H1:3]([H:4])[$(c([nX2H0])([nX2H0]))]	179.999	26.6667	-	-	-	-	G
C13396731      none	B	[C:1][CX4:2]!@[CX3:3]=[O:4]	29.1896	3.28614	-	-	-	-	G
C13396731      none	B	[C:1][CX4:2]!@[CX3:3]=[O:4]	119.072	3.75937	-	-	-	-	G
C13396731      none	B	[O:1]=[C:2]([!$([NH1])])!@[NX3H1:3]([H:4])[$(c([nX2H0])([nX2H0]))]	180	26.6667	-	-	-	-	G
C13396731      none	B	[$([C]([CX4])(=O)):1][NX3H1:2]!@[c:3]([nX2H0])[nX2H0:4]	29.7306	3.84615	-	-	-	-	O
C48422223      none	B	[s:1][c:2]!@[C:3]([NH1])=[O:4]	-60.0287	0	-	-	-	-	R
C48422223      none	B	[O:1]=[CX3:2]!@[NX3H1:3][!#1:4]	-0.00328138	63.7893	-	-	-	-	G
C48422223      none	B	[*:1]~[NX3:2]!@[NX3:3]~[*:4]	-90.0033	3.3545	-	-	-	-	G
C48422223      none	B	[O:1]=[CX3:2]!@[NX3H1:3][!#1:4]	0.00046217	63.7893	-	-	-	-	G
C48422223      none	B	[O:1]=[CX3:2]!@[CX3:3]=[O:4]	180	38.5813	-	-	-	-	G
C48422223      none	B	[O:1]=[CX3:2]!@[NX3H1:3][!#1:4]	-9.70006e-05	63.7893	-	-	-	-	G
C48422223      none	B	[$(C=O):1][NX3H1:2]!@[CX4H1:3][H:4]	-29.9941	6.97413	-	-	-	-	G
C40469221      none	B	[C:1][CX4H2:2]!@[NX3;"N_lp":3][C:4]	79.9966	8.26729	-	-	-	-	G
C40469221      none	B	N[C:2](=[O:1])!@[CH2:3][N:4]	-59.999	0.14881	-	-	-	-	O
C40469221      none	B	[O:1]=[CX3:2]!@[NX3H1:3][!#1:4]	0.00610077	63.7893	-	-	-	-	G
C40469221      none	B	[$([CX3]=O):1][NX3H1:2]!@[CX4H2:3][C:4] 	180	6.46594	-	-	-	-	G
C40469221      none	B	[NH1:1][CX4:2]!@[CX3:3]=[O:4]	120.004	0.41354	-	-	-	-	G
C65406485      none	B	[a:1][a:2]!@[CX3:3]=[CX3H1:4]	59.9998	0.974618	-	-	-	-	O
C65406485      none	B	[*:1]~[CX4:2]!@[CX3:3]~[*:4]	0.00738098	5.30015	-	-	-	-	G
C65406485      none	B	[cH1,nX2H0:1][c:2]([cH1,nX2H0])!@[NX3r:3][*:4]	-149.717	2.0583	-	-	-	-	O
C38008183      none	B	[aH0:1][c:2]([aH1])!@[SX4:3][!#1:4]	-65.0047	15.3236	-	-	-	-	G
C38008183      none	B	[c:1][$(S(=O)=O):2]!@[NX3H1:3][C:4]	-60.0019	13.7514	-	-	-	-	G
C38008183      none	B	[$(S(=O)(=O)):1][NX3H1:2]!@[CX4H2:3][!#1:4]	-120.002	2.14592	-	-	-	-	O
C38008183      none	B	[a:1][c:2]!@[CX4H2:3][!#1:4]	90.3187	7.24386	-	-	-	-	G
C67559532      none	B	[*:1][$(S(=O)=O):2]!@[NX3H0r:3][*:4]	60.2821	7.32227	-	-	-	-	G
C67559532      none	B	[$(C=O):1][NX3H1:2]!@[CX4H1:3][H:4]	-60.0017	1.23735	-	-	-	-	G
C67559532      none	B	[O:1]=[CX3:2]([$([NX3H1]C)])!@[NX3H1:3][!#1:4]	-0.00573438	41.1343	-	-	-	-	G
C67559532      none	B	[O:1]=[CX3:2]([$([NX3H1]C)])!@[NX3H1:3][!#1:4]	-0.00315396	41.1343	-	-	-	-	G
C67559532      none	B	[$(C=O):1][NX3:2]!@[a:3][aH0:4]	150	1.842	-	-	-	-	O
C13949351      none	B	[*:1][$(S(=O)=O):2]!@[NX3H0r:3][*:4]	-89.9854	4.88152	-	-	-	-	G
C13949351      none	B	[aH1:1][c:2]([aH1])!@[SX4:3][!#1:4]	-149.758	0.324309	-	-	-	-	R
C13949351      none	B	[$(S(=O)(=O)):1][NH0:2]!@[c:3]([cH1])[cH1:4]	119.979	2.06612	-	-	-	-	G
C13949351      none	B	[c:1][S:2](=O)(=O)!@[NX2H0-:3]-[*:4]	-89.997	2.77778	-	-	-	-	G
C13949351      none	B	[aH1:1][c:2]([aH1])!@[SX4:3][!#1:4]	-89.727	12.5987	-	-	-	-	G
C13949351      none	B	[O-:1][N+:2](=O)!@[c:3]([cH,nX2H0])[cH,nX2H0:4]	179.978	23.2156	-	-	-	-	G
C47068442      none	B	[$([C](=O)):1][NX3H0:2]!@[CX4H2:3][$([c]([cH,nX2H0])[cH,nX2H0]):4]	90.0053	13.6858	-	-	-	-	G
C47068442      none	B	[O:1]=[CX3:2]!@[NX3H0:3][!#1:4]	-149.998	1.37927	-	-	-	-	O
C47068442      none	B	[a:1][c:2]!@[CX4H2:3][!#1:4]	-44.7264	1.62815	-	-	-	-	O
C47068442      none	B	[O:1]=[CX3:2]!@[NX3H1:3][!#1:4]	0.00274225	63.7893	-	-	-	-	G
C47068442      none	B	[$([CX3]=O):1][NX3H1:2]!@[CX4H2:3][C:4] 	179.995	6.46594	-	-	-	-	G
C47068442      none	B	[!#1:1][CX4:2]!@[CX4:3][!#1:4]	-176.525	22.1548	-	-	-	-	G
C13775183      none	B	[c:1][$(S(=O)=O):2]!@[NX3H0:3][C:4]	89.9942	4.81691	-	-	-	-	G
C13775183      none	B	[aH0:1][c:2]([aH1])!@[SX4:3][!#1:4]	89.7247	4.49141	-	-	-	-	G
C13775183      none	B	[$(C=O):1][NX3H0:2]!@[c:3]([cH1])[cH1:4]	-150.021	1.13754	-	-	-	-	G
C13775183      none	B	[a:1][a:2]!@[NX3:3][!#1:4]	-120.003	1.58818	-	-	-	-	O
C13775183      none	B	[*:1]~[CX3:2]!@[NX3:3]~[*:4]	5.52646e-05	27.0519	-	-	-	-	G
C13775183      none	B	[aH0:1][c:2]([aH1])!@[SX4:3][!#1:4]	-70.276	15.3236	-	-	-	-	G
C48798622      none	B	[c:1][$(S(=O)=O):2]!@[NX3H0:3][C:4]	89.9925	4.81691	-	-	-	-	G
C48798622      none	B	[aH0:1][c:2]([aH1])!@[SX4:3][!#1:4]	-150.301	0.1321	-	-	-	-	R
C48798622      none	B	[a:1][c:2]!@[C:3]([NH1,NH2])=[O:4]	-120.007	0.626362	-	-	-	-	G
C48798622      none	B	[O:1]=[CX3:2]!@[NX3H1:3][!#1:4]	0.0106587	63.7893	-	-	-	-	G
C48798622      none	B	[$([C](=O)):1][NX3H1:2]!@[$([a]([nH0,o])):3][cH1:4]	0.293034	29.6774	-	-	-	-	G
C50709998      none	B	[a:1][c:2]!@[C:3]([NH0])=[O:4]	120	4.19444	-	-	-	-	G
C50709998      none	B	[O:1]=[CX3:2](a)!@[NX3H0:3][!#1:4]	150.279	2.50464	-	-	-	-	G
C20932207      none	B	[*:1]~[NX2:2]!@[nX3:3]~[*:4]	119.996	3.32031	-	-	-	-	G
C20932207      none	B	[cH1:1][c:2]([cH1])!@[CX3:3]=[NX2:4]	-59.7143	0.787951	-	-	-	-	O
C20932207      none	B	[cH0:1][c:2]([cH,nX2H0])!@[NX3H1:3][CX4:4]	-120.024	0	-	-	-	-	R
C20932207      none	B	[O-:1][N+:2](=O)!@[c:3]([cH0])[cH,nX2H0:4]	0.240455	12.6374	-	-	-	-	G
C09126804      none	B	[cH0:1][c:2]!@[CX4H2:3][CX4:4]	-135.003	0.202532	-	-	-	-	R
C09126804      none	B	[!#1:1][CX4H2:2]!@[CX4H2:3][!#1:4]	179.998	58.554	-	-	-	-	G
C09126804      none	B	[!#1:1][CX4H2:2]!@[CX4H2:3][!#1:4]	180	58.554	-	-	-	-	G
C09126804      none	B	[$([CX3]=O):1][NX3H0:2](C)!@[CX4H2:3][C:4]	-90.001	15.9949	-	-	-	-	G
C09126804      none	B	[O:1]=[CX3:2]!@[NX3H0:3][!#1:4]	-29.9982	0.692521	-	-	-	-	O
C09126804      none	B	[N:1][C:2](=O)!@[CX4H2:3][CX4H2:4]	-150.004	5.31335	-	-	-	-	G
C09126804      none	B	[!#1:1][CX4H2:2]!@[CX4H2:3][!#1:4]	60.0113	3.99483	-	-	-	-	G
C09126804      none	B	[n,o,s:1][c:2]!@[CX4H2:3][CX4:4]	-134.75	1.2715	-	-	-	-	O
C48719222      none	B	[*:1]~[cX3:2]!@[NX2:3]~[*:4]	-119.995	1.40635	-	-	-	-	O
C48719222      none	B	[*^2:1]~[C^2:2]([!H])!@[C^2:3]~[*^2:4]	89.9987	1.26539	-	-	-	-	G
C48719222      none	B	[O:1]=[CX3:2]!@[NX3H1:3][!#1:4]	0.00378948	63.7893	-	-	-	-	G
C48719222      none	B	[$(C=O):1][NX3H1:2]!@[CX4H1:3][H:4]	-30.0022	6.97413	-	-	-	-	G
C21815211      none	B	[a:1][a:2]!@[NX3:3][!#1:4]	180	11.4213	-	-	-	-	G
C21815211      none	B	[aH1:1][c:2]([aH1])!@[SX4:3][!#1:4]	-89.9977	12.5987	-	-	-	-	G
C21815211      none	B	[c:1][$(S(=O)=O):2]!@[NX3H1:3][C:4]	-90.0022	3.19032	-	-	-	-	G
C21815211      none	B	[$(S(=O)(=O)):1][NX3H1:2]!@[CX4H1:3][H:4]	0.00699252	7.36648	-	-	-	-	G
C37105789      none	B	[a:1][c:2]!@[CX4H1:3][N,O:4]	-60.007	3.48172	-	-	-	-	G
C37105789      none	B	[!#1:1][CX4H1:2]!@[NX3:3][!#1:4]	120.006	4.42569	-	-	-	-	O
C37105789      none	B	[cH1:1][c:2]([cH1])!@[NX3:3][CX4:4]	-119.994	1.0788	-	-	-	-	O
C37105789      none	B	[cH1:1][a:2]([cH1])!@[a:3]([sX2,o,nX2H0,nX3H1:4])([cH0])	-0.00921397	3.0303	-	-	-	-	G
C41085003      none	B	[a:1][c:2]!@[CX3:3]=[CX3H0:4]	-89.7317	1.59557	-	-	-	-	G
C41085003      none	B	[a:1][a:2]!@[NX3:3][!#1:4]	0.306637	10.9271	-	-	-	-	G
C13425772      none	B	[$(S(=O)(=O)):1][NX3H0:2]!@[CX4H2:3][!#1:4]	119.997	5.60345	-	-	-	-	O
C13425772      none	B	[$(S(=O)(=O)):1][NX3H0:2]!@[CX4H2:3][!#1:4]	-89.9984	8.83621	-	-	-	-	G
C13425772      none	B	[c:1][$(S(=O)=O):2]!@[NX3H0:3][C:4]	-59.9962	7.66773	-	-	-	-	G
C13425772      none	B	[aH1:1][c:2]([aH1])!@[SX4:3][!#1:4]	-69.7224	5.44275	-	-	-	-	G
C13425772      none	B	[$(C=O):1][NX3H0:2]!@[c:3]([cH1])[cH1:4]	29.972	1.15477	-	-	-	-	G
C13425772      none	B	[C:1][CX4:2]!@[CX3:3]=[O:4]	86.2028	3.65147	-	-	-	-	G
C13425772      none	B	[O:1]=[CX3:2]!@[NX3H1:3][!#1:4]	0.0108102	63.7893	-	-	-	-	G
C13425772      none	B	[$(C=O):1][NX3:2]!@[a:3][aH0:4]	149.995	1.842	-	-	-	-	O
C13425772      none	B	[O:1]=[C:2]([O-])!@[c:3]([cH1])[$([cH0][NH1,NH2]):4]	-0.00314611	10	-	-	-	-	G
C36360383      none	B	[$(C=O):1][NX3H1:2]!@[c:3](s)[n:4]	0.0134144	0.574713	-	-	-	-	R
C36360383      none	B	[O:1]=[CX3:2]!@[NX3H1:3][!#1:4]	179.996	2.24265	-	-	-	-	G
C36360383      none	B	[!#1:1][CX4H2:2]!@[CX3:3]=[O:4]	-0.00575304	19.1789	-	-	-	-	G
C36360383      none	B	[!#1:1][CX4:2]!@[SX2:3][!#1:4]	60.0022	7.53739	-	-	-	-	G
C36360383      none	B	[!#1:1][CX3:2]!@[SX2:3][!#1:4]	29.6913	1.50602	-	-	-	-	O
C36360383      none	B	[*^2:1]~[C^2:2]([!H])!@[C^2:3]~[*^2:4]	30.0017	1.05249	-	-	-	-	G
C49412299      none	B	[a:1][c:2]!@[CX4H1:3][H:4]	29.9967	4.04281	-	-	-	-	G
C49412299      none	B	[O:1]=[CX3:2]!@[CX4H1r3:3][H:4]	-29.9911	1.16667	-	-	-	-	G
C49412299      none	B	[O:1]=[CX3:2]!@[NX3H1:3][!#1:4]	-0.00603017	63.7893	-	-	-	-	G
C49412299      none	B	[*:1]~[NX3:2]!@[NX3:3]~[*:4]	90.0071	3.54776	-	-	-	-	G
C49412299      none	B	[O:1]=[CX3:2]!@[NX3H1:3][!#1:4]	-0.0103143	63.7893	-	-	-	-	G
C49412299      none	B	[nH0r6:1][cr6:2]([cH1r6])!@[C:3]([NH1,NH2])=[O:4]	-149.999	1.10497	-	-	-	-	G
C39294104      none	B	[O:1]=[C:2]!@[O:3]~[C:4]	-0.00127546	74.4927	-	-	-	-	G
C39294104      none	B	[C:1][CX4:2]!@[CX3:3]=[O:4]	127.643	2.90187	-	-	-	-	G
C39294104      none	B	[H:1][CX4H1:2]!@[SX4:3][!#1:4]	-54.9768	11.8252	-	-	-	-	G
C39294104      none	B	[!#1:1][CX4:2]!@[CX3H0:3][!#1:4]	-95.6587	2.07745	-	-	-	-	G
C39294104      none	B	[*:1]~[N,n:2]!@[S:3]~[*:4]	60.0003	4.33354	-	-	-	-	G
C39294104      none	B	[*:1]~[CX3:2]!@[OX2:3]~[*:4]	29.997	0.0953965	-	-	-	-	O
C49070780      none	B	[cH1:1][c:2]!@[c:3]([cH1])[nX2H0:4]	60.0075	0.0514271	-	-	-	-	R
C49070780      none	B	[*:1]~[CX4:2]!@[n:3]~[*:4]	-60.003	3.65221	-	-	-	-	G
C49070780      none	B	[OX2:1][CX4:2]!@[CX4:3][OX2:4]	80.038	2.87509	-	-	-	-	O
C65372007      none	B	[cH0:1][c:2]([cH1])!@[CX3:3]([NX3H1])=[O:4]	120.003	1.13142	-	-	-	-	G
C65372007      none	B	[cH0:1][c:2]([cH,nX2H0])!@[NX3H1:3][CX4:4]	179.991	49.7854	-	-	-	-	G
C65372007      none	B	[!#1:1][CX4H2:2]!@[NX3H1:3][!#1:4]	179.999	11.3535	-	-	-	-	G
C65372007      none	B	[a:1][c:2]!@[CX4H2:3][!#1:4]	-134.735	2.0362	-	-	-	-	O
C65372007      none	B	[O:1]=[CX3:2]!@[NX3H1:3][!#1:4]	0.00187979	63.7893	-	-	-	-	G
C65372007      none	B	[$(C=O):1][NX3H1:2]!@[CX4H0:3][C:4]	179.999	11.3993	-	-	-	-	G
C65372007      none	B	[NH1:1][CX4:2]!@[CX3:3]=[O:4]	0.00369647	6.89233	-	-	-	-	G
C42549851      none	B	[$(C=O):1][NX3H1:2]!@[CX4H1:3][H:4]	29.9981	9.46757	-	-	-	-	G
C42549851      none	B	[O:1]=[CX3:2]([$([NX3H1]C)])!@[NX3H1:3][!#1:4]	0.00908271	41.1343	-	-	-	-	G
C42549851      none	B	[O:1]=[CX3:2]([$([NX3H1]C)])!@[NX3H1:3][!#1:4]	179.991	9.5176	-	-	-	-	R
C42549851      none	B	[$([CX3]=O):1][NX3H1:2]!@[CX4H2:3][C:4] 	59.9986	1.1846	-	-	-	-	G
C42549851      none	B	N[C:2](=[O:1])!@[CH2:3][N:4]	60.0031	0.14881	-	-	-	-	O
C42549851      none	B	[O:1]=[CX3:2]!@[NX3H1:3][!#1:4]	-0.00851752	63.7893	-	-	-	-	G
C42549851      none	B	[$([CX3]=O):1][NX3H1:2]!@[CX4H2:3][C:4] 	179.998	6.46594	-	-	-	-	G
C42549851      none	B	[NH1:1][CX4:2]!@[CX3:3]=[O:4]	-119.996	0.275693	-	-	-	-	G
C37987060      none	B	[cH0:1][c:2]([cH,nX2H0])!@[NX3H1:3][CX4:4]	-19.9971	0	-	-	-	-	R
C37987060      none	B	[!#1:1][CX4H2:2]!@[NX3H1:3][!#1:4]	-120.005	2.14327	-	-	-	-	O
C37987060      none	B	[!#1:1][CX4:2]!@[CX4:3][!#1:4]	-78.695	1.71775	-	-	-	-	G
C17013652      none	B	[*:1]~[CX4:2]!@[n:3]~[*:4]	-119.996	3.09532	-	-	-	-	G
C17013652      none	B	[OX2:1][CX4:2]!@[CX4:3][OX2:4]	-81.9555	2.4811	-	-	-	-	O
C65919525      none	B	[$([CX3]=O):1][NX3H0:2](C)!@[CX4H2:3][C:4]	-90.0015	15.9949	-	-	-	-	G
C65919525      none	B	[$([CX3]=O):1][NX3H0:2](C)!@[CX4H2:3][C:4]	-59.9767	0.686106	-	-	-	-	O
C65919525      none	B	N[C:2](=[O:1])!@[CH2:3][N:4]	150.003	3.125	-	-	-	-	G
C65919525      none	B	[O:1]=[CX3:2]!@[NX3H1:3][!#1:4]	-0.00402757	63.7893	-	-	-	-	G
C65919525      none	B	[*:1]~[NX3:2]!@[NX3:3]~[*:4]	-150.003	1.86361	-	-	-	-	G
C65919525      none	B	[O:1]=[CX3:2]([$([NX3H1]C)])!@[NX3H1:3][!#1:4]	0.00728059	41.1343	-	-	-	-	G
C65919525      none	B	[O:1]=[CX3:2]([$([NX3H1]C)])!@[NX3H1:3][!#1:4]	-0.00366254	41.1343	-	-	-	-	G
C65919525      none	B	[$(C=O):1][NX3H1:2]!@[CX4H1:3][H:4]	60.0045	6.22422	-	-	-	-	G
C01126671      none	B	[a:1][a:2]!@[NX3:3][!#1:4]	-119.975	1.58818	-	-	-	-	O
C01126671      none	B	[!#1:1][CX3:2](=S)!@[NX3H1:3][!#1:4]	180	37.0618	-	-	-	-	G
C01126671      none	B	[$(C=O):1][NX3H1:2]!@[CX3:3]=[*H0:4]	179.998	33.8082	-	-	-	-	G
C01126671      none	B	[O:1]=[CX3:2]!@[NX3H1:3][!#1:4]	-0.00239319	63.7893	-	-	-	-	G
C01126671      none	B	[cH1:1][c:2]([cH1])!@[C:3]([NH1,NH2])=[O:4]	153.005	9.05971	-	-	-	-	G
C50964164      none	B	[O:1]=[CX3:2]!@[NX3H0:3][!#1:4]	-29.9915	0.692521	-	-	-	-	O
C50964164      none	B	[O:1][CX4:2]!@[CX3:3]=[O:4]	0.0185828	13.789	-	-	-	-	G
C66247332      none	B	[!#1:1][CH2:2]!@[n:3][a:4]	-89.6848	13.2844	-	-	-	-	G
C66247332      none	B	[aH1:1][c:2]([aH1])!@[SX4:3][!#1:4]	90.001	12.916	-	-	-	-	G
C66247332      none	B	[c:1][S:2](=O)(=O)!@[NX2H0-:3]-[*:4]	89.9881	2.77778	-	-	-	-	G
C66247332      none	B	[$(S(=O)(=O)):1][N:2]!@[c:3][a:4]	-59.9979	1.85547	-	-	-	-	G
C66247332      none	B	[cH1:1][c:2]!@[c:3]([cH1])[nX2H0:4]	60.2793	0.0514271	-	-	-	-	R
C66247332      none	B	[O-:1][N+:2](=O)!@[c:3]([cH,nX2H0])[cH,nX2H0:4]	-179.752	23.2156	-	-	-	-	G
C01402648      none	B	[a:1][c:2]!@[CX4H1:3][H:4]	180	7.22227	-	-	-	-	G
C42550109      none	B	[$(C=O):1][NX3H0:2]!@[CX4H1:3][H:4]	-94.3242	0.12605	-	-	-	-	R
C42550109      none	B	[$([CX3]=O):1][NX3H0:2](C)!@[CX4H2:3][C:4]	59.9947	0.600343	-	-	-	-	O
C42550109      none	B	[O:1]=[CX3:2]!@[NX3H0:3][!#1:4]	-150.003	1.37927	-	-	-	-	O
C42550109      none	B	[!#1:1][CX4H2:2]!@[CX4H2:3][!#1:4]	180	58.554	-	-	-	-	G
C42550109      none	B	[O:1]=[CX3:2]!@[NX3H1:3][!#1:4]	0.00664175	63.7893	-	-	-	-	G
C42550109      none	B	[$([CX3]=O):1][NX3H1:2]!@[CX4H2:3][C:4] 	89.9968	7.35439	-	-	-	-	G
C42550109      none	B	N[C:2](=[O:1])!@[CH2:3][N:4]	-150.001	2.38095	-	-	-	-	G
C42550109      none	B	[O:1]=[CX3:2]!@[NX3H1:3][!#1:4]	0.000441242	63.7893	-	-	-	-	G
C42550109      none	B	[$([CX3]=O):1][NX3H1:2]!@[CX4H2:3][C:4] 	179.996	6.46594	-	-	-	-	G
C42550109      none	B	[NH1:1][CX4:2]!@[CX3:3]=[O:4]	-120.013	0.275693	-	-	-	-	G
C50845789      none	B	[cH0:1][c:2]([cH1])!@[CX3:3]([NX3H1])=[O:4]	-90.0095	1.04439	-	-	-	-	O
C50845789      none	B	[O:1]=[CX3:2]!@[NX3H1:3][!#1:4]	180	2.24265	-	-	-	-	G
C50845789      none	B	[$(C=O):1][NX3H1:2]!@[c:3](s)[n:4]	0.00257188	0.574713	-	-	-	-	R
C50845789      none	B	[a:1][c:2]!@[CX4H2:3][CX3:4]	150.001	0.645995	-	-	-	-	R
C50845789      none	B	[c:1][CX4H2:2]!@[CX3:3]=[O:4]	89.9993	2.13675	-	-	-	-	G
C50845789      none	B	[O:1]=[CX3:2]!@[NX3H0:3][!#1:4]	-179.73	18.2537	-	-	-	-	G
C50845789      none	B	[O:1][CX4:2]!@[CX3:3]=[O:4]	119.808	0.923198	-	-	-	-	O
C40817154      none	B	[$([c]([NH1,NH2])):1][c:2]!@[CX3:3]([!O])=[O:4]	-60.0069	0.552486	-	-	-	-	R
C40817154      none	B	[O:1]=[CX3:2]!@[NX3H1:3][!#1:4]	-0.00073682	63.7893	-	-	-	-	G
C40817154      none	B	[$(C=O):1][NX3H1:2]!@[CX4H2:3][!#1:4]	120.003	2.79198	-	-	-	-	O
C40817154      none	B	[a:1][c:2]!@[CX4H2:3][!#1:4]	0.303265	2.24426	-	-	-	-	O
C66240766      none	B	[cH1:1][a:2]([cH1])!@[a:3]([sX2,o,nX2H0,nX3H1:4])([cH0])	90	0.441919	-	-	-	-	R
C66240766      none	B	[a:1][c:2]!@[C:3]([NH0])=[O:4]	-149.99	1.44444	-	-	-	-	G
C66240766      none	B	[O:1]=[CX3:2](a)!@[NX3H0:3][!#1:4]	-149.763	2.19542	-	-	-	-	O
C37549599      none	B	[$(C=O):1][NX3H1:2]!@[c:3](s)[n:4]	0.0100348	0.574713	-	-	-	-	R
C37549599      none	B	[O:1]=[CX3:2]!@[NX3H1:3][!#1:4]	179.992	2.24265	-	-	-	-	G
C37549599      none	B	[!#1:1][CX4H2:2]!@[CX3:3]=[O:4]	-0.00233726	19.1789	-	-	-	-	G
C37549599      none	B	[!#1:1][CH2:2]!@[n:3][a:4]	90.3114	13.2097	-	-	-	-	G
C37549599      none	B	[!#1:1][CX4H2:2]!@[CX4H2:3][!#1:4]	179.998	58.554	-	-	-	-	G
C03847516      none	B	[O:1]=[C:2]([O-])!@[CX4H1:3][H:4]	90.0069	0.86741	-	-	-	-	O
C03847516      none	B	[O:1]=[C:2]([O-])!@[CX4H1:3][H:4]	90.0028	0.86741	-	-	-	-	O
C59293914      none	B	[O:1]=[C:2]!@[O:3]~[C:4]	-0.0024388	74.4927	-	-	-	-	G
C59293914      none	B	[*^2:1]~[C^2:2]([!H])!@[C^2:3]~[*^2:4]	0.266596	20.0453	-	-	-	-	G
C59293914      none	B	[!#1:1][CX4:2]!@[CX4:3][!#1:4]	79.9967	1.75235	-	-	-	-	G
C59293914      none	B	[a:1][c:2]!@[CX4H1:3][H:4]	119.333	1.00725	-	-	-	-	O
C59293914      none	B	[C:1][CX4H2:2]!@[CX3:3]=[O:4]	-120.011	0.79457	-	-	-	-	R
C37920821      none	B	[a:1][c:2]!@[CX4H2:3][!#1:4]	134.994	1.8443	-	-	-	-	O
C37920821      none	B	[$(C=O):1][NX3H1:2]!@[CX4H2:3][!#1:4]	-60.0012	1.17971	-	-	-	-	O
C37920821      none	B	[O:1]=[CX3:2]!@[NX3H1:3][!#1:4]	0.00243049	63.7893	-	-	-	-	G
C37920821      none	B	[N:1][CX4:2]!@[CX3:3]=[O:4]	87.0127	0.374597	-	-	-	-	O
C37920821      none	B	[O:1]=[CX3:2]!@[NX3H0:3][!#1:4]	29.9944	0.680979	-	-	-	-	O
C37920821      none	B	[O:1]=[CX3:2]!@[CX4H1r3:3][H:4]	89.9959	0.166667	-	-	-	-	R
C53602041      none	B	[a:1][a:2]!@[NX3:3][!#1:4]	89.9991	1.62893	-	-	-	-	O
C53602041      none	B	[!#1:1][CX4H1:2]!@[NX3:3][!#1:4]	-32.0744	0.261296	-	-	-	-	G
C09015376      none	B	[C:1][CX4H2:2]!@[OX2:3][c:4]	-150	1.28448	-	-	-	-	O
C09015376      none	B	[cH1:1][c:2](cO)!@[O:3][C:4]	-29.9947	0.458851	-	-	-	-	O
C09015376      none	B	[a:1][c:2]!@[CX4H1:3][a:4]	-120.921	3.10876	-	-	-	-	G
C09015376      none	B	[cH1:1][c:2](cO)!@[O:3][C:4]	-89.7179	0.35524	-	-	-	-	R
C09015376      none	B	[c:1][CX4H2:2]!@[OX2:3][c:4]	150.004	1.03538	-	-	-	-	R
C09015376      none	B	[a:1][c:2]!@[CX4H2:3][!#1:4]	-89.7029	7.30446	-	-	-	-	G
C09015376      none	B	[a:1][a:2]!@[CX3:3]=[O:4]	30.016	2.37961	-	-	-	-	O
C09015376      none	B	[O:1]=[C:2]!@[O:3]~[C:4]	-0.00804812	74.4927	-	-	-	-	G
C64447669      none	B	[$(C=O):1][NX3:2]!@[a:3][aH0:4]	59.9839	2.5788	-	-	-	-	O
C64447669      none	B	[C:1][CX4:2]!@[CX3:3]=[O:4]	119.999	3.75937	-	-	-	-	G
C64447669      none	B	[O:1]=[CX3:2]!@[nX3:3]([aH0:4])([aH0])	0.310452	19.5082	-	-	-	-	G
C35057749      none	B	[O:1]=[CX3:2]!@[NX3H1:3][!#1:4]	-0.0087358	63.7893	-	-	-	-	G
C35057749      none	B	[$(C=O):1][NX3H1:2]!@[CX4H1:3][H:4]	-29.9972	6.97413	-	-	-	-	G
C35057749      none	B	[H:1][CX4H1:2]!@[O:3][CX4:4]	39.9162	11.9906	-	-	-	-	G
C35057749      none	B	[a:1][c:2]!@[CX4H1:3][N,O:4]	-149.734	3.72593	-	-	-	-	G
C35057749      none	B	[H:1][CX4H1:2]!@[OX2:3][!#1:4]	0.0919613	7.47259	-	-	-	-	G
C35057749      none	B	[cH1,n:1][c:2]!@[O:3][CRH1:4]	-59.995	0.609756	-	-	-	-	R
C35057749      none	B	[C:1][CH2:2]!@[O:3][CX4:4]	-160.002	4.55295	-	-	-	-	G
C35057749      none	B	[O:1][CX4:2]!@[CX3:3]=[O:4]	-120.001	1.11962	-	-	-	-	O
C50397881      none	B	[$(C=O):1][NX3H1:2]!@[CX4H1:3][H:4]	29.9916	9.46757	-	-	-	-	G
C50397881      none	B	[O:1]=[CX3:2]!@[NX3H1:3][!#1:4]	0.00635268	63.7893	-	-	-	-	G
C50397881      none	B	[O:1]=[CX3:2]!@[CX3:3]=[O:4]	180	38.5813	-	-	-	-	G
C50397881      none	B	[O:1]=[CX3:2]!@[NX3H1:3][!#1:4]	-0.00732067	63.7893	-	-	-	-	G
C50397881      none	B	[$([CX3]=O):1][NX3H1:2]!@[CX4H2:3][C:4] 	-89.9935	7.35439	-	-	-	-	G
C04955156      none	B	[*^2:1]~[C^2:2]([!H])!@[C^2:3]~[*^2:4]	-150.034	1.11601	-	-	-	-	G
C04955156      none	B	[*:1]~[CX4:2]!@[NX2:3]~[*:4]	-60.0008	3.306	-	-	-	-	G
C45493247      none	B	[O:1][CX4:2]!@[CX3:3]=[O:4]	-0.00151227	13.789	-	-	-	-	G
C45493247      none	B	[$(C=O):1][O:2]!@[CH1:3][H:4]	-29.9934	11.3505	-	-	-	-	G
C45493247      none	B	[O:1]=[C:2]!@[NX3:3](C=O)[*:4]	30.298	1.75439	-	-	-	-	O
C45493247      none	B	[O:1]=[C:2]!@[O:3]~[C:4]	-0.0136265	74.4927	-	-	-	-	G
C45493247      none	B	[cH1:1][c:2]([cH1])!@[CX3:3]=[O:4]	30.2903	3.1746	-	-	-	-	O
C45493247      none	B	[aH1:1][c:2]([aH1])!@[SX4:3][!#1:4]	-90.0043	12.5987	-	-	-	-	G
C45493247      none	B	[c:1][$(S(=O)=O):2]!@[NX3H1:3][C:4]	-59.9971	13.7514	-	-	-	-	G
C45493247      none	B	[$(S(=O)(=O)):1][NX3H1:2]!@[CX4H2:3][!#1:4]	179.999	9.01288	-	-	-	-	G
C45493247      none	B	[OX2:1][CX4:2]!@[CX4:3][N:4]	163.355	1.1236	-	-	-	-	O
C62843364      none	B	[a:1][c:2]!@[CX4H1:3][H:4]	0.0147819	6.54616	-	-	-	-	G
C62843364      none	B	[a:1][c:2]!@[CX4H0:3][CX4:4]	-60.6754	5.9706	-	-	-	-	G
C12371921      none	B	[aH0:1][c:2]([aH0])!@[SX2:3][!#1:4]	179.997	14.0278	-	-	-	-	G
C12371921      none	B	[a:1][c:2]!@[CX4H2:3][!#1:4]	-90.0042	7.30446	-	-	-	-	G
C12371921      none	B	[!#1:1][CX4:2]!@[SX2:3][!#1:4]	79.9991	6.41197	-	-	-	-	G
C12371921      none	B	[aH0:1][c:2]([aH0])!@[SX2:3][!#1:4]	-30.0031	0.51573	-	-	-	-	O
C48863313      none	B	[cH1:1][c:2]([cH1])!@[O:3][C:4]	-29.9895	0.195465	-	-	-	-	O
C48863313      none	B	[a:1][c:2]!@[C:3]([NH0])=[O:4]	89.994	2.88889	-	-	-	-	G
C48863313      none	B	[O:1]=[CX3:2](a)!@[NX3H0:3][!#1:4]	150.309	2.50464	-	-	-	-	G
C48863313      none	B	[OX2:1][CX4:2]!@[CX4:3][N:4]	-59.9999	14.8764	-	-	-	-	G
C48863313      none	B	[C:1][CX4H2:2]!@[OX2:3][c:4]	119.985	0.336913	-	-	-	-	R
C48863313      none	B	[OX2:1][CX4H2:2]!@[CX3:3]([$([NX3H1,NX3H2])])=[O:4]	-60.0128	0.714286	-	-	-	-	R
C50693518      none	B	[cH1:1][c:2]([cH1])!@[CX3:3]=[NX2:4]	-119.997	0.897666	-	-	-	-	O
C50693518      none	B	[*:1]~[cX3:2]!@[NX2:3]~[*:4]	-119.673	1.40635	-	-	-	-	O
C43800826      none	B	[O:1][CX4:2]!@[CX3:3]=[O:4]	-119.915	1.11962	-	-	-	-	O
C43800826      none	B	[O:1]=[CX3:2]!@[NX3H1:3][!#1:4]	0.00505299	63.7893	-	-	-	-	G
C43800826      none	B	[$([CX3]=O):1][NX3H1:2]!@[CX4H2:3][C:4] 	119.998	2.76407	-	-	-	-	O
C43800826      none	B	[OX2:1][CX4H2:2]!@[CX4H2:3][N:4]	180	8.36763	-	-	-	-	G
C43800826      none	B	[C:1][CH2:2]!@[O:3][CX4:4]	-80.0012	1.18773	-	-	-	-	G
C43800826      none	B	[C:1][CH2:2]!@[O:3][CX4:4]	179.995	35.2689	-	-	-	-	G
C43800826      none	B	[OX2:1][CX4H2:2]!@[CX4H2:3][OX2:4]	59.9997	8.22123	-	-	-	-	G
C39765578      none	B	[O-:1][N+:2](=O)!@[c:3]([cH,nX2H0])[cH,nX2H0:4]	179.977	23.2156	-	-	-	-	G
C39765578      none	B	[c:1][c:2]!@[c:3][s,o,nX3H1:4]	-0.00692012	17.837	-	-	-	-	G
C39765578      none	B	[*:1]~[cX3:2]!@[NX2:3]~[*:4]	-120.01	1.40635	-	-	-	-	O
C64491584      none	B	[*^2:1]~[C^2:2]([!H])!@[C^2:3]~[*^2:4]	-89.9963	1.27397	-	-	-	-	G
C64491584      none	B	[H:1][CX4H1:2]!@[SX4:3][!#1:4]	-28.9335	2.9563	-	-	-	-	R
C64491584      none	B	[*:1][$(S(=O)=O):2]!@[NX3H0r:3][*:4]	-89.7156	4.88152	-	-	-	-	G
C64491584      none	B	[C:1][CX4:2]!@[CX3:3]=[O:4]	-120.039	3.42432	-	-	-	-	G
C64491584      none	B	[O:1]=[CX3:2]!@[NX3H1:3][!#1:4]	0.00359605	63.7893	-	-	-	-	G
C64491584      none	B	[$(C=O):1][NX3H1:2]!@[CX4H2:3][$([c]([cH,nX2H0])[cH,nX2H0]):4]	179.998	3.5443	-	-	-	-	G
C64491584      none	B	[a:1][c:2]!@[CX4H2:3][!#1:4]	45.2782	2.0463	-	-	-	-	O
C64491584      none	B	[O:1]=[CX3:2]!@[NX3H0:3][!#1:4]	-179.727	18.2537	-	-	-	-	G
C59845190      none	B	[a:1][c:2]!@[CX4H1:3][H:4]	-29.9938	3.94031	-	-	-	-	G
C59845190      none	B	[!#1:1][CX4:2]!@[SX2:3][!#1:4]	39.9973	0.636754	-	-	-	-	O
C59845190      none	B	[aH0:1][c:2]([aH0])!@[SX2:3][!#1:4]	-59.9974	1.39247	-	-	-	-	G
C59845190      none	B	[cH1:1][a:2]([cH1])!@[a:3]([sX2,o,nX2H0,nX3H1:4])	-29.7225	3.27534	-	-	-	-	G
CHEMBL125440      none	B	[O:1]=[C:2]([O-])!@[CX4H1:3][H:4]	0.000960008	0.495663	-	-	-	-	O
CHEMBL125440      none	B	[*^2:1]~[C^2:2]([!H])!@[C^2:3]~[*^2:4]	-120.025	0.661024	-	-	-	-	G
C05064902      none	B	[aH0:1][c:2]([aH0])!@[SX2:3][!#1:4]	180	14.0278	-	-	-	-	G
C05064902      none	B	[*:1]~[CX4:2]!@[n:3]~[*:4]	-59.9976	3.65221	-	-	-	-	G
C05064902      none	B	[OX2:1][CX4:2]!@[CX4:3][OX2:4]	-83.9779	2.4811	-	-	-	-	O
C46657169      none	B	[$(C=O):1][NX3:2]!@[a:3][aH0:4]	-149.758	1.98526	-	-	-	-	O
C46657169      none	B	[O:1]=[CX3:2]([$([NX3H1]C)])!@[NX3H1:3][!#1:4]	-0.0090804	41.1343	-	-	-	-	G
C46657169      none	B	[O:1]=[C:2]([NH1])!@[NX3H1:3](C=O)[H:4]	0.000745753	58.9474	-	-	-	-	G
C46657169      none	B	[O:1]=[C:2]!@[NX3H1:3](C=O)[H:4]	179.998	35.6725	-	-	-	-	G
C46657169      none	B	[OX2:1][CX4H2:2]!@[CX3:3]([$([NX3H1,NX3H2])])=[O:4]	-0.00381474	3.57143	-	-	-	-	G
C46657169      none	B	[$(C=O):1][O:2]!@[CH2:3]~[C:4]	-89.994	4.43359	-	-	-	-	G
C46657169      none	B	[O:1]=[C:2]!@[O:3]~[C:4]	-0.00534358	74.4927	-	-	-	-	G
C46657169      none	B	[C:1][CX4:2]!@[CX3:3]=[O:4]	120.057	3.75937	-	-	-	-	G
C46657169      none	B	[*:1][$(S(=O)=O):2]!@[NX3H0r:3][*:4]	-89.9997	4.88152	-	-	-	-	G
C46657169      none	B	[aH1:1][c:2]([aH1])!@[SX4:3][!#1:4]	90.266	12.916	-	-	-	-	G
C30113598      none	B	[cH1,nX2H0:1][c:2]([cH1,nX2H0])!@[NX3r:3][*:4]	-29.7338	1.80261	-	-	-	-	O
C30113598      none	B	[C:1][CX4:2]!@[CX3:3]=[O:4]	-89.8736	3.45082	-	-	-	-	G
C30113598      none	B	[O:1]=[C:2]([!$([NH1])])!@[NX3H1:3]([H:4])[$(c([nX2H0])([nX2H0]))]	-0.011551	20	-	-	-	-	R
C30113598      none	B	[$([C]([CX4])(=O)):1][NX3H1:2]!@[c:3]([nX2H0])[nX2H0:4]	-30.305	1.92308	-	-	-	-	O
C39576899      none	B	[cH1:1][c:2]([cH1])!@[CX3:3]=[NX2:4]	-149.683	2.34391	-	-	-	-	G
C39576899      none	B	[cH1:1][a:2]([cH1])!@[a:3]([sX2,o,nX2H0,nX3H1:4])([cH1])	0.00859026	11.7616	-	-	-	-	G
C39576899      none	B	[O:1]=[C:2]([O-])!@[CX4H1:3][H:4]	-0.00653888	0.495663	-	-	-	-	O
C13625977      none	B	[O:1]=[CX3:2](a)!@[NX3H0:3][!#1:4]	0.0160999	23.6549	-	-	-	-	G
C13625977      none	B	[a:1][c:2]!@[C:3]([NH0])=[O:4]	90.2733	2.88889	-	-	-	-	G
C13625977      none	B	[a:1][a:2]!@[NX3:3][!#1:4]	90.0016	1.62893	-	-	-	-	O
C13625977      none	B	[!#1:1][CX3:2](=S)!@[NX3H1:3][!#1:4]	180	37.0618	-	-	-	-	G
C13625977      none	B	[$(C=O):1][NX3H1:2]!@[CX3:3]=[*H0:4]	179.999	33.8082	-	-	-	-	G
C13625977      none	B	[O:1]=[CX3:2]!@[NX3H1:3][!#1:4]	0.00439308	63.7893	-	-	-	-	G
C13625977      none	B	[cH1:1][c:2]([cH1])!@[C:3]([NH1,NH2])=[O:4]	153.014	9.05971	-	-	-	-	G
C13625977      none	B	[O-:1][N+:2](=O)!@[c:3]([cH,nX2H0])[cH,nX2H0:4]	179.961	23.2156	-	-	-	-	G
C13625977      none	B	[O-:1][N+:2](=O)!@[c:3]([cH,nX2H0])[cH,nX2H0:4]	-179.759	23.2156	-	-	-	-	G
C35270731      none	B	[!#1:1][CX4:2]!@[CX4:3][!#1:4]	180	22.1548	-	-	-	-	G
C35270731      none	B	[!#1:1][CX4H2:2]!@[CX4H2:3][!#1:4]	180	58.554	-	-	-	-	G
C35270731      none	B	[!#1:1][CX4H2:2]!@[CX4H2:3][!#1:4]	-60.0041	3.77933	-	-	-	-	G
C35270731      none	B	[!#1:1][CX4:2]!@[CX4:3][!#1:4]	-179.96	22.1548	-	-	-	-	G
C35270731      none	B	[!#1:1][CX4:2]!@[CX4:3][!#1:4]	79.9973	1.75235	-	-	-	-	G
C35270731      none	B	[*:1]~[NX3:2]!@[OX2:3]~[*:4]	89.9994	2.04937	-	-	-	-	G
C35270731      none	B	[!#1:1][CX4:2]!@[SX2:3][!#1:4]	40.0023	0.636754	-	-	-	-	O
C35270731      none	B	[!#1:1][CX4:2]!@[SX2:3][!#1:4]	60.0023	7.53739	-	-	-	-	G
C35270731      none	B	[!#1:1][CX4:2]!@[CX4:3][!#1:4]	179.998	22.1548	-	-	-	-	G
C35270731      none	B	[O:1]=[C:2]([O-])!@[CX4H1:3][H:4]	89.9997	0.86741	-	-	-	-	O
C09288465      none	B	[$(C=O):1][NX3H1:2]!@[c:3]([cH1])[cH1:4]	149.983	5.05437	-	-	-	-	G
C09288465      none	B	[O-:1][N+:2](=O)!@[c:3]([cH,nX2H0])[cH,nX2H0:4]	179.989	23.2156	-	-	-	-	G
C09288465      none	B	[O:1]=[CX3:2]!@[NX3H1:3][!#1:4]	-0.00515402	63.7893	-	-	-	-	G
C09288465      none	B	[O:1]=[CX3:2]([NH1])!@[CH2:3][C:4]	90.0093	2.11706	-	-	-	-	O
C09288465      none	B	[!#1:1][CX4:2]!@[CX4:3][!#1:4]	-59.69	12.2558	-	-	-	-	G
C09288465      none	B	[O:1]=[C:2]([O-])!@[CX4H1:3][H:4]	90.0048	0.86741	-	-	-	-	O
C40824996      none	B	[cH0:1][c:2]([cH,nX2H0])!@[NX3H0:3][CX4:4]	119.715	2.29463	-	-	-	-	O
C40824996      none	B	[$(S(=O)(=O)):1][NH0:2]!@[c:3]([cH1])[cH0:4]	-119.999	0	-	-	-	-	R
C40824996      none	B	[c:1][S:2](=O)(=O)!@[NX2H0-:3]-[*:4]	60.0017	8.33333	-	-	-	-	G
C40824996      none	B	[aH1:1][c:2]([aH1])!@[SX4:3][!#1:4]	-89.6853	12.5987	-	-	-	-	G
C13203113      none	B	[$(C=O):1][NX3:2]!@[a:3][aH0:4]	149.999	1.842	-	-	-	-	O
C13203113      none	B	[O-:1][N+:2](=O)!@[c:3]([cH0])[cH,nX2H0:4]	90.2596	0.274725	-	-	-	-	O
C13203113      none	B	[O:1]=[CX3:2]!@[NX3H1:3][!#1:4]	-0.00995711	63.7893	-	-	-	-	G
C13203113      none	B	[!#1:1][CX4H2:2]!@[CX3:3]=[O:4]	-89.9924	1.11373	-	-	-	-	G
C13203113      none	B	[!#1:1][CX4:2]!@[SX2:3][!#1:4]	-59.9967	7.13757	-	-	-	-	G
C13203113      none	B	[aH0:1][c:2]([aH0])!@[SX2:3][!#1:4]	-59.9992	1.39247	-	-	-	-	G
C13203113      none	B	[a:1][ar5:2]!@[ar5:3][a:4]	-149.668	1.24046	-	-	-	-	O
C13203113      none	B	[!#1:1][CH2:2]!@[n:3][cH0:4]	89.9999	14.7896	-	-	-	-	G
C13203113      none	B	[!#1:1][CX4H2:2]!@[CX3:3]=[O:4]	119.986	0.613497	-	-	-	-	G
C34786054      none	B	[$([C](=O)):1][NX3:2]!@[a:3](s)[a:4]	-179.734	61.7021	-	-	-	-	G
C34786054      none	B	[$([c]([NH1,NH2])):1][c:2]!@[CX3:3]([!O])=[O:4]	90.2548	0	-	-	-	-	R
C34786054      none	B	[O:1]=[CX3:2]!@[NX3H1:3][!#1:4]	89.9978	0	-	-	-	-	R
C34786054      none	B	[O:1]=[CX3:2]!@[NX3H0:3][!#1:4]	-179.729	18.2537	-	-	-	-	G
C34786054      none	B	[O:1]=[CX3:2]!@[NX3H0:3][!#1:4]	-0.0020033	25.0866	-	-	-	-	G
C50842404      none	B	[*:1]~[CX3:2]!@[cX3:3]~[*:4]	0.313236	13.8319	-	-	-	-	G
C50842404      none	B	[O:1][CX4:2]!@[CX3:3]=[O:4]	55.3541	0.530348	-	-	-	-	O
C50842404      none	B	[O:1]=[CX3:2]!@[NX3H0:3][!#1:4]	150.283	1.73707	-	-	-	-	O
C50842404      none	B	[O:1][CX4:2]!@[CX3:3]=[O:4]	-120.095	1.11962	-	-	-	-	O
C67157721      none	B	[aH0:1][c:2]([aH0])!@[SX4:3][!#1:4]	-29.9988	0.698324	-	-	-	-	R
C67157721      none	B	[$([C]([CX4])(=O)):1][NX3H1:2]!@[c:3]([nX2H0])[nX2H0:4]	29.9815	3.84615	-	-	-	-	O
C67157721      none	B	[O:1]=[C:2]([!$([NH1])])!@[NX3H1:3]([H:4])[$(c([nX2H0])([nX2H0]))]	0.01333	20	-	-	-	-	R
C67157721      none	B	N[C:2](=[O:1])!@[CH2:3][N:4]	-29.9891	4.7619	-	-	-	-	G
C67157721      none	B	[$([CX3]=O):1][NX3H1:2]!@[CX4H2:3][C:4] 	-90.0057	7.35439	-	-	-	-	G
C67157721      none	B	[O:1]=[CX3:2]!@[NX3H1:3][!#1:4]	0.001181	63.7893	-	-	-	-	G
C67157721      none	B	[cH1:1][c:2]([cH1])!@[C:3]([NH1,NH2])=[O:4]	-27.0132	8.39053	-	-	-	-	G
C32741656      none	B	[$(C=O):1][NX3:2]!@[a:3][aH0:4]	149.975	1.842	-	-	-	-	O
C32741656      none	B	[O:1]=[CX3:2]!@[NX3H1:3][!#1:4]	0.00854302	63.7893	-	-	-	-	G
C32741656      none	B	[!#1:1][CX4H2:2]!@[CX3:3]=[O:4]	-150.004	0.689004	-	-	-	-	O
C32741656      none	B	[!#1:1][CX4:2]!@[SX2:3][!#1:4]	60.0012	7.53739	-	-	-	-	G
C32741656      none	B	[aH0:1][c:2]([aH0])!@[SX2:3][!#1:4]	30.0011	0.412584	-	-	-	-	O
C32741656      none	B	[aH1:1][c:2]([aH1])!@[SX4:3][!#1:4]	-89.9965	12.5987	-	-	-	-	G
C32741656      none	B	[c:1][S:2](=O)(=O)!@[NX2H0-:3]-[*:4]	-59.9988	11.1111	-	-	-	-	G
C32741656      none	B	[$(S(=O)(=O)):1][NH0:2]!@[c:3]([cH1])[cH0:4]	119.722	0	-	-	-	-	R
C59293872      none	B	[O:1]=[C:2]!@[O:3]~[C:4]	-0.0016209	74.4927	-	-	-	-	G
C59293872      none	B	[*^2:1]~[C^2:2]([!H])!@[C^2:3]~[*^2:4]	120.262	0.806964	-	-	-	-	G
C59293872      none	B	[!#1:1][CX4:2]!@[CX4:3][!#1:4]	79.9983	1.75235	-	-	-	-	G
C59293872      none	B	[a:1][c:2]!@[CX4H1:3][H:4]	-149.333	3.82796	-	-	-	-	G
C59293872      none	B	[C:1][CX4H2:2]!@[CX3:3]=[O:4]	119.995	0.695249	-	-	-	-	O
C40328945      none	B	[!#1:1][CH2:2]!@[n:3][a:4]	89.995	13.2097	-	-	-	-	G
C40328945      none	B	[!#1:1][CX4H2:2]!@[CX3:3]=[O:4]	-59.9864	1.45352	-	-	-	-	O
C40328945      none	B	[O:1]=[CX3:2]!@[NX3H0:3][!#1:4]	-149.722	1.37927	-	-	-	-	O
C40328945      none	B	[$(C=O):1][NX3H0:2]!@[CX4H1:3][H:4]	-150.27	0.756303	-	-	-	-	O
C44242820      none	B	[*:1][$(S(=O)=O):2]!@[NX3H0r:3][*:4]	-60.0062	8.17536	-	-	-	-	G
C44242820      none	B	[aH1:1][c:2]([aH1])!@[SX4:3][!#1:4]	150.267	0.260857	-	-	-	-	R
C61713789      none	B	[aH0:1][c:2]([aH0])!@[SX4:3][!#1:4]	156.14	1.81564	-	-	-	-	R
C61713789      none	B	[*:1][$(S(=O)=O):2]!@[NX3H0r:3][*:4]	-59.6858	8.17536	-	-	-	-	O
C47594785      none	B	[O:1]=[CX3:2]!@[NX3H0:3][!#1:4]	-0.00181113	25.0866	-	-	-	-	G
C47594785      none	B	N[C:2](=[O:1])!@[CH2:3][N:4]	0.012241	9.82143	-	-	-	-	G
C47594785      none	B	[$([CX3]=O):1][NX3H1:2]!@[CX4H2:3][C:4] 	-120.001	2.61599	-	-	-	-	O
C47594785      none	B	[O:1]=[CX3:2]([$([NX3H1]C)])!@[NX3H1:3][!#1:4]	0.000412089	41.1343	-	-	-	-	G
C47594785      none	B	[O:1]=[CX3:2]([$([NX3H1]C)])!@[NX3H1:3][!#1:4]	180	9.5176	-	-	-	-	R
C47594785      none	B	[$(C=O):1][NX3H1:2]!@[CX4H1:3][H:4]	29.9915	9.46757	-	-	-	-	G
C15406823      none	B	[O-:1][N+:2](=O)!@[c:3]([cH,nX2H0])[cH,nX2H0:4]	179.987	23.2156	-	-	-	-	G
C15406823      none	B	[aH0:1][c:2]([aH1])!@[SX4:3][!#1:4]	-90.0027	5.01982	-	-	-	-	G
C15406823      none	B	[*:1][$(S(=O)=O):2]!@[NX3H0r:3][*:4]	-59.7204	8.17536	-	-	-	-	O
C15406823      none	B	[C:1][CX4H2:2]!@[NX3;"N_lp":3][C:4]	-79.9977	7.97203	-	-	-	-	G
C15406823      none	B	N[C:2](=[O:1])!@[CH2:3][N:4]	89.9996	0	-	-	-	-	R
C15406823      none	B	[O:1]=[C:2]!@[NX3H1:3](C=O)[H:4]	179.993	35.6725	-	-	-	-	G
C15406823      none	B	[O:1]=[C:2]([NH1])!@[NX3H1:3](C=O)[H:4]	0.014943	58.9474	-	-	-	-	G
C15406823      none	B	[O:1]=[CX3:2]([$([NX3H1]C)])!@[NX3H1:3][!#1:4]	-0.00821778	41.1343	-	-	-	-	G
C15406823      none	B	[$([CX3]=O):1][NX3H1:2]!@[CX4H2:3][C:4] 	-90.0164	7.35439	-	-	-	-	G
C48187277      none	B	[c:1][c:2]([cH0])!@[c:3][nX2H0:4]	-119.719	1.77049	-	-	-	-	O
C48187277      none	B	[aH0:1][c:2]([aH0])!@[SX2:3][!#1:4]	-90.0032	3.32646	-	-	-	-	G
C48187277      none	B	[!#1:1][CX4:2]!@[SX2:3][!#1:4]	59.994	7.53739	-	-	-	-	G
C48187277      none	B	[a:1][c:2]!@[CX4H1:3][H:4]	179.997	7.22227	-	-	-	-	G
C63092080      none	B	[cH1:1][a:2]([cH1])!@[a:3]([sX2,o,nX2H0,nX3H1:4])	-179.687	10.6726	-	-	-	-	G
C63092080      none	B	[$(C=O):1][NX3:2]!@[a:3][nH:4]	-0.00427571	44.9275	-	-	-	-	G
C63092080      none	B	[O:1]=[C:2]!@[$([NX3](c([nH1])n)):3][H:4]	-179.974	53.1915	-	-	-	-	G
C63092080      none	B	[cH1:1][c:2]([cH1])!@[C:3]([NH1,NH2])=[O:4]	152.973	9.05971	-	-	-	-	G
C63092080      none	B	[cH1:1][a:2]([cH1])!@[a:3]([cH0])[cH0:4]	-120.003	5.81728	-	-	-	-	G
C40109338      none	B	[cH1:1][c:2]([cH1])!@[CX3:3]([CX3H0])=[O:4]	90.0052	0	-	-	-	-	R
C40109338      none	B	[cH1:1][c:2]([cH1])!@[O:3][C:4]	0.00110906	26.3009	-	-	-	-	G
C40109338      none	B	[c:1][CX4H2:2]!@[OX2:3][c:4]	179.997	39.7757	-	-	-	-	G
C40109338      none	B	[a:1][c:2]!@[CX4H2:3][!#1:4]	-89.7232	7.30446	-	-	-	-	G
C40109338      none	B	[*^2:1]~[C^2:2]([!H])!@[C^2:3]~[*^2:4]	-179.692	19.9269	-	-	-	-	G
C40109338      none	B	[$([CX3]=O):1][NX3H0:2](C)!@[CX4H2:3][C:4]	-60.0046	0.686106	-	-	-	-	O
C40109338      none	B	[a:1][c:2]!@[CX4H1:3][N,O:4]	-56.6762	3.48172	-	-	-	-	G
C40109338      none	B	[O-:1][N+:2](=O)!@[c:3]([cH,nX2H0])[cH,nX2H0:4]	179.974	23.2156	-	-	-	-	G
C40109338      none	B	[OX2:1][CX4H2:2]!@[CX4H2:3][Nr:4]	179.998	8.33333	-	-	-	-	G
C40378414      none	B	[a:1][c:2]!@[C:3]([NH0])=[O:4]	-59.9916	3.63889	-	-	-	-	G
C40378414      none	B	[O:1]=[CX3:2](a)!@[NX3H0:3][!#1:4]	150.275	2.50464	-	-	-	-	G
C40378414      none	B	[!#1:1][CX4:2]!@[CX4:3][!#1:4]	160.001	1.81259	-	-	-	-	G
C40378414      none	B	[$(S(=O)(=O)):1][NX3H1:2]!@[CX4H2:3][!#1:4]	119.999	2.14592	-	-	-	-	O
C40378414      none	B	[*:1][$(S(=O)=O):2]!@[NX3H1:3][*:4]	-89.9988	4.38465	-	-	-	-	G
C55856023      none	B	[cH1:1][a:2]([cH1])!@[a:3]([sX2,o,nX2H0,nX3H1:4])([cH1])	0.0030781	11.7616	-	-	-	-	G
C55856023      none	B	[cH0:1][c:2]([cH,nX2H0])!@[NX3H1:3][CX4:4]	-160	4.72103	-	-	-	-	O
C55856023      none	B	[!#1:1][CX4H2:2]!@[NX3H1:3][!#1:4]	89.9965	6.33327	-	-	-	-	G
C55856023      none	B	[cH0:1][c:2]!@[CX4H2:3][N,O,S:4]	45.0046	1.98698	-	-	-	-	G
C59293853      none	B	[O:1]=[C:2]!@[O:3]~[C:4]	-0.00190754	74.4927	-	-	-	-	G
C59293853      none	B	[*^2:1]~[C^2:2]([!H])!@[C^2:3]~[*^2:4]	60.272	0.650722	-	-	-	-	O
C59293853      none	B	[!#1:1][CX4:2]!@[CX4:3][!#1:4]	-40.0001	0.976141	-	-	-	-	G
C59293853      none	B	[cH0:1][c:2]!@[CX4H1:3][CX3:4]	119.72	7.49415	-	-	-	-	G
C59293853      none	B	[C:1][CX4H2:2]!@[CX3:3]=[O:4]	-90.0037	1.15875	-	-	-	-	O
C04305393      none	B	[O-:1][N+:2](=O)!@[c:3]([cH0])[cH,nX2H0:4]	90.0232	0.274725	-	-	-	-	O
C04305393      none	B	[O-:1][N+:2](=O)!@[c:3]([cH0])[cH,nX2H0:4]	89.9688	0.274725	-	-	-	-	O
C36061172      none	B	[cH0:1][c:2]!@[CX4H1:3][CX3:4]	-90.3009	1.63934	-	-	-	-	O
C36061172      none	B	[*^2:1]~[C^2:2]([!H])!@[C^2:3]~[*^2:4]	-119.979	0.661024	-	-	-	-	G
C36061172      none	B	[C:1][CX4:2]!@[CX3:3][C:4]	89.9774	3.09142	-	-	-	-	G
C36061172      none	B	[O:1]=[CX3:2]([NH1])!@[CH2:3][C:4]	-0.00956974	11.7061	-	-	-	-	G
C36061172      none	B	[O:1]=[CX3:2]!@[NX3H1:3][!#1:4]	-0.000123499	63.7893	-	-	-	-	G
C36061172      none	B	[$(C=O):1][NX3H1:2]!@[CX4H2:3][!#1:4]	90	7.66811	-	-	-	-	G
C36061172      none	B	[a:1][c:2]!@[CX4H2:3][!#1:4]	0.304738	2.24426	-	-	-	-	O
C36061172      none	B	[O:1]=[C:2]!@[O:3]~[C:4]	0.00857944	74.4927	-	-	-	-	G
C36061172      none	B	[$(C=O):1][O:2]!@[CH2:3]~[C:4]	179.998	23.3458	-	-	-	-	G
C36061172      none	B	[OX2:1][CX4H2:2]!@[CX4H2:3][OX2:4]	-60.0064	9.11809	-	-	-	-	G
C36061172      none	B	[C:1][CH2:2]!@[O:3][CX4:4]	180	35.2689	-	-	-	-	G
C62427999      none	B	[!#1:1][CX4:2]!@[SX4:3][!#1:4]	180	13.1368	-	-	-	-	G
C62427999      none	B	[aH0:1][c:2]([aH0])!@[SX4:3][!#1:4]	180	0.27933	-	-	-	-	R
C62427999      none	B	[a:1][ar5:2]!@[ar5:3][a:4]	-179.673	21.4504	-	-	-	-	G
C09424970      none	B	[cH0:1][c:2]!@[CX4H2:3][N,O,S:4]	135.002	0.650908	-	-	-	-	G
C09424970      none	B	[c:1][CX4H2:2]!@[OX2:3][c:4]	180	39.7757	-	-	-	-	G
C09424970      none	B	[cH1:1][c:2]([cH1])!@[O:3][C:4]	-179.728	26.896	-	-	-	-	G
C09424970      none	B	[cH1:1][c:2]([cH1])!@[CX3:3]([CX3H0])=[O:4]	-89.9883	0	-	-	-	-	R
C09424970      none	B	[*^2:1]~[C^2:2]([!H])!@[C^2:3]~[*^2:4]	-119.689	0.661024	-	-	-	-	G
C09424970      none	B	[$([CX3]=O):1][NX3H0:2](C)!@[CX4H2:3][C:4]	-89.9957	15.9949	-	-	-	-	G
C09424970      none	B	[a:1][c:2]!@[CX4H1:3][N,O:4]	-56.6766	3.48172	-	-	-	-	G
C09424970      none	B	[!#1:1][CX4H2:2]!@[CX4H2:3][!#1:4]	60.0003	3.99483	-	-	-	-	G
C09424970      none	B	[!#1:1][CX4H2:2]!@[CX4H2:3][!#1:4]	60.0038	3.99483	-	-	-	-	G
C09424970      none	B	[!#1:1][CH2:2]!@[n:3][a:4]	45.3066	0.859064	-	-	-	-	O
C42333942      none	B	[C:1][CX4:2]!@[NX3;"N_lp":3][C:4]	42.201	0.870045	-	-	-	-	G
C42333942      none	B	[N:1][CX4:2]!@[CX3:3]=[O:4]	90.0017	0.374597	-	-	-	-	O
C45626667      none	B	[*:1]~[CX4:2]!@[NX4:3]~[*:4]	79.9968	2.21713	-	-	-	-	G
C45626667      none	B	[*:1]~[CX4:2]!@[NX4:3]~[*:4]	180	15.0612	-	-	-	-	G
C45626667      none	B	[!#1:1][CX4H2:2]!@[CX4H2:3][!#1:4]	179.999	58.554	-	-	-	-	G
C45626667      none	B	[!#1:1][CX4H2:2]!@[CX4H2:3][!#1:4]	-60.0026	3.77933	-	-	-	-	G
C42280682      none	B	[*:1]~[N,n:2]!@[S:3]~[*:4]	60.0012	4.33354	-	-	-	-	G
C42280682      none	B	[!#1:1][CX4:2]!@[CX3H0:3][!#1:4]	-123.782	1.6873	-	-	-	-	O
C42280682      none	B	[$(C=O):1][NX3H0:2]!@[c:3]([cH1])[cH1:4]	-30.001	1.1203	-	-	-	-	G
C54498374      none	B	[n,o,s:1][c:2]!@[CX4H2:3][CX4:4]	0.00669657	6.43231	-	-	-	-	G
C54498374      none	B	[!#1:1][CX4:2]!@[CX4:3][!#1:4]	179.997	22.1548	-	-	-	-	G
C54498374      none	B	[a:1][c:2]!@[CX4H1:3][N,O:4]	60.0036	3.42939	-	-	-	-	G
C54498374      none	B	[*:1]~[CX4:2]!@[n:3]~[*:4]	-128.619	2.14174	-	-	-	-	G
C59503240      none	B	[aH1:1][c:2]([aH1])!@[SX4:3][!#1:4]	69.9964	5.04089	-	-	-	-	G
C59503240      none	B	[c:1][$(S(=O)=O):2]!@[NX3H0:3][C:4]	60.0043	7.00418	-	-	-	-	G
C59503240      none	B	[O:1]=[CX3:2]!@[NX3H0:3][!#1:4]	-0.00735946	25.0866	-	-	-	-	G
C59503240      none	B	[*:1]~[NX3:2]!@[NX2:3]~[*:4]	-90.0026	0.164822	-	-	-	-	R
C59503240      none	B	[O:1][CX4:2]!@[CX3:3]=[O:4]	0.00256744	13.789	-	-	-	-	G
C59503240      none	B	[C:1][CX4H2:2]!@[OX2:3][c:4]	-60.0011	0.252685	-	-	-	-	G
C59503240      none	B	[cH1:1][c:2]([cH1])!@[O:3][C:4]	150.281	0.199809	-	-	-	-	O
C59503240      none	B	[*:1]~[cX3:2]!@[NX2:3]~[*:4]	-59.7005	1.53044	-	-	-	-	O
C44361741      none	B	[O:1]=[CX3:2]!@[NX3H1:3][!#1:4]	0.0009249	63.7893	-	-	-	-	G
C44361741      none	B	[N:1][CX4:2]!@[CX3:3]=[O:4]	87.0207	0.374597	-	-	-	-	O
C44361741      none	B	[O:1]=[CX3:2](a)!@[NX3H0:3][!#1:4]	-30.0009	1.17502	-	-	-	-	O
C44361741      none	B	[a:1][c:2]!@[C:3]([NH0])=[O:4]	-59.6787	3.63889	-	-	-	-	G
C44361741      none	B	[*:1]~[CX4:2]!@[n:3]~[*:4]	-171.383	2.38586	-	-	-	-	G
C18241177      none	B	[$(C=O):1][NX3:2]!@[$([a]([cH1])):3][$([aH0](!@O)):4]	30.0042	0.731707	-	-	-	-	R
C67137184      none	B	[a:1][c:2]!@[C:3]([NH1,NH2])=[O:4]	-59.9975	0.499274	-	-	-	-	G
C67137184      none	B	[cH1:1][a:2]([cH1])!@[a:3]([sX2,o,nX2H0,nX3H1:4])([cH0])	60.43	1.97285	-	-	-	-	G
C67137184      none	B	[O:1]=[CX3:2]!@[NX3H1:3][!#1:4]	0.00423789	63.7893	-	-	-	-	G
C67137184      none	B	[$([CX3]=O):1][NX3H1:2]!@[CX4H2:3][C:4] 	59.9967	1.1846	-	-	-	-	G
C67137184      none	B	[!#1:1][CX4H2:2]!@[CX4H2:3][!#1:4]	60.0047	3.99483	-	-	-	-	G
C67137184      none	B	[!#1:1][CX4H2:2]!@[CX4H2:3][!#1:4]	180	58.554	-	-	-	-	G
C67137184      none	B	[N:1][C:2](=O)!@[CX4H2:3][CX4H2:4]	-60.0059	0	-	-	-	-	R
C41528722      none	B	[aH0:1][c:2]([aH0])!@[SX2:3][!#1:4]	90.0055	3.2491	-	-	-	-	G
C41528722      none	B	[a:1][c:2]!@[NX3H1:3][$([CX4r]([C;r])([C;r])):4]	180	15.9091	-	-	-	-	G
C41528722      none	B	[!#1:1][CX4H1:2]!@[NX3:3][!#1:4]	-60.2043	6.546	-	-	-	-	G
C54493349      none	B	[C:1][CX4:2]!@[NX3;"N_lp":3][C:4]	-58.218	7.07677	-	-	-	-	G
C54493349      none	B	[!#1:1][CX4:2]!@[CX4:3][!#1:4]	59.9989	12.3771	-	-	-	-	G
C54493349      none	B	[C:1][CX4H2:2]!@[CX3:3]=[O:4]	89.9988	1.30773	-	-	-	-	O
C48708540      none	B	[a:1][c:2]!@[C:3]([NH1,NH2])=[O:4]	29.9931	4.93827	-	-	-	-	O
C48708540      none	B	[O:1]=[CX3:2]!@[NX3H1:3][!#1:4]	0.00142712	63.7893	-	-	-	-	G
C48708540      none	B	[*:1]~[NX3:2]!@[NX3:3]~[*:4]	89.9967	3.54776	-	-	-	-	G
C48708540      none	B	[O:1]=[CX3:2]!@[NX3H1:3][!#1:4]	0.00349381	63.7893	-	-	-	-	G
C48708540      none	B	[C:1][CX4:2]!@[CX3:3]=[O:4]	-60.2034	2.40592	-	-	-	-	G
C52012256      none	B	[NH1:1][CX4:2]!@[CX3:3]=[O:4]	-120.004	0.275693	-	-	-	-	G
C52012256      none	B	[$(C=O):1][NX3H1:2]!@[CX4H0:3][C:4]	-59.9974	14.7253	-	-	-	-	G
C52012256      none	B	[O:1]=[CX3:2]([$([NX3H1]C)])!@[NX3H1:3][!#1:4]	-0.0104309	41.1343	-	-	-	-	G
C52012256      none	B	[O:1]=[CX3:2]([$([NX3H1]C)])!@[NX3H1:3][!#1:4]	0.00410304	41.1343	-	-	-	-	G
C52012256      none	B	[$(C=O):1][NX3H1:2]!@[CX4H1:3][H:4]	-29.9981	6.97413	-	-	-	-	G
C35384313      none	B	[!#1:1][CX4:2]!@[CX4:3][!#1:4]	-60.0032	12.2558	-	-	-	-	G
C35384313      none	B	[O:1]=[CX3:2]([NH1])!@[CH2:3][C:4]	90.005	2.11706	-	-	-	-	O
C35384313      none	B	[O:1]=[CX3:2]!@[NX3H1:3][!#1:4]	-0.00370005	63.7893	-	-	-	-	G
C35384313      none	B	[$([CX3]=O):1][NX3H1:2]!@[CX4H2:3][C:4] 	60.0003	1.1846	-	-	-	-	G
C35384313      none	B	N[C:2](=[O:1])!@[CH2:3][N:4]	-150.004	2.38095	-	-	-	-	G
C35384313      none	B	[O:1]=[CX3:2]!@[NX3H1:3][!#1:4]	0.0006013	63.7893	-	-	-	-	G
C35384313      none	B	[$([CX3]=O):1][NX3H1:2]!@[CX4H2:3][C:4] 	179.998	6.46594	-	-	-	-	G
C35384313      none	B	[NH1:1][CX4:2]!@[CX3:3]=[O:4]	120.004	0.41354	-	-	-	-	G
C53108231      none	B	[OX2:1][CX4:2]!@[CX4:3][N:4]	59.9983	15.2809	-	-	-	-	G
C53108231      none	B	[!#1:1][CX4:2]!@[NX3:3][!#1:4]	29.9994	0.392826	-	-	-	-	G
C53108231      none	B	[c:1][$(S(=O)=O):2]!@[NX3H1:3][C:4]	147	0	-	-	-	-	R
C53108231      none	B	[aH1:1][c:2]([aH1])!@[SX4:3][!#1:4]	-89.7306	12.5987	-	-	-	-	G
C41191042      none	B	[c:1][c:2]!@[c:3][s,o,nX3H1:4]	-0.0416135	17.837	-	-	-	-	G
C41191042      none	B	[a:1][c:2]!@[C:3]([NH0])=[O:4]	89.9926	2.88889	-	-	-	-	G
C41191042      none	B	[O:1]=[CX3:2](a)!@[NX3H0:3][!#1:4]	0.301003	23.6549	-	-	-	-	G
C39679875      none	B	[aH1:1][c:2]([aH1])!@[SX4:3][!#1:4]	90.0011	12.916	-	-	-	-	G
C39679875      none	B	[O:1]=[C:2]([O-])!@[c:3]([cH1])[cH1:4]	179.972	7.35294	-	-	-	-	G
C39679875      none	B	[c:1][$(S(=O)=O):2]!@[NX3H1:3][C:4]	89.998	2.64026	-	-	-	-	G
C39679875      none	B	[$(S(=O)(=O)):1][NX3H1:2]!@[CX4H2:3][!#1:4]	-90.0004	3.86266	-	-	-	-	G
C39679875      none	B	[!#1:1][CX4H2:2]!@[CX4H2:3][!#1:4]	-59.9952	3.77933	-	-	-	-	G
C39679875      none	B	[!#1:1][CX4H2:2]!@[CX4H2:3][!#1:4]	179.996	58.554	-	-	-	-	G
C39679875      none	B	[!#1:1][CX4:2]!@[CX4:3][!#1:4]	163.002	1.81259	-	-	-	-	G
C58047509      none	B	[nH0r6:1][cr6:2]([nH0r6])!@[cr6:3]([cH1r6])[cH1r6:4]	60.2489	0.56338	-	-	-	-	R
C58047509      none	B	[cH0:1][c:2]([cH,nX2H0])!@[NX3H0:3][CX4:4]	-119.709	1.65213	-	-	-	-	O
C02539711      none	B	[O:1]=[CX3:2]!@[NX3H1:3][!#1:4]	0.0036212	63.7893	-	-	-	-	G
C02539711      none	B	[$(C=O):1][NX3H1:2]!@[CX4H1:3][H:4]	29.9976	9.46757	-	-	-	-	G
C02539711      none	B	[OX2:1][CX4:2]!@[CX4:3][OX2:4]	-80.0602	2.4811	-	-	-	-	O
C55167413      none	B	[C:1][$(S(=O)=O):2]!@[NX3H1:3][C:4]	-59.9987	10.2041	-	-	-	-	G
C55167413      none	B	[$(S(=O)(=O)):1][NX3H1:2]!@[CX4H1:3][H:4]	-0.00688289	7.36648	-	-	-	-	G
C55167413      none	B	[O:1]=[CX3:2](a)!@[NX3H0:3][!#1:4]	149.996	2.50464	-	-	-	-	G
C55167413      none	B	[a:1][c:2]!@[C:3]([NH0])=[O:4]	-119.669	3.91667	-	-	-	-	G
C62188662      none	B	[C:1][CX4:2]!@[NX3;"N_lp":3][C:4]	-75.7367	6.10869	-	-	-	-	G
C20442806      none	B	[a:1][c:2]!@[CX3:3]=[CX3H0:4]	-89.7251	1.59557	-	-	-	-	G
C20442806      none	B	[cH1:1][c:2]([cH1])!@[O:3][C:4]	-89.9947	0.464773	-	-	-	-	R
C20442806      none	B	[c:1][CX4H2:2]!@[OX2:3][c:4]	179.997	39.7757	-	-	-	-	G
C20442806      none	B	[a:1][c:2]!@[CX4H2:3][!#1:4]	-134.727	2.0362	-	-	-	-	O
C20442806      none	B	[*^2:1]~[C^2:2]([!H])!@[C^2:3]~[*^2:4]	30.0057	1.05249	-	-	-	-	G
C20442806      none	B	[O:1]=[CX3:2]!@[NX3H0:3][!#1:4]	-179.692	18.2537	-	-	-	-	G
C63083967      none	B	[aH0:1][c:2]([aH0])!@[SX2:3][!#1:4]	119.995	1.75348	-	-	-	-	G
C63083967      none	B	[!#1:1][CX4:2]!@[SX2:3][!#1:4]	-59.9951	7.13757	-	-	-	-	G
C63083967      none	B	[a:1][c:2]!@[CX4H2:3][!#1:4]	-89.7326	7.30446	-	-	-	-	G
C45552111      none	B	[$(C=O):1][NX3H1:2]!@[CX4H1:3][H:4]	-60.1564	1.23735	-	-	-	-	O
C45552111      none	B	[O:1]=[CX3:2]([$([NX3H1]C)])!@[NX3H1:3][!#1:4]	-0.00478438	41.1343	-	-	-	-	G
C45552111      none	B	[O:1]=[CX3:2]([$([NX3H1]C)])!@[NX3H1:3][!#1:4]	0.0122094	41.1343	-	-	-	-	G
C45552111      none	B	[$(C=O):1][NX3H1:2]!@[CX4H1:3][H:4]	60.0003	6.22422	-	-	-	-	G
C61932695      none	B	[*:1]~[CX4:2]!@[NX4:3]~[*:4]	80	2.21713	-	-	-	-	G
C61932695      none	B	[cH1:1][c:2]([cH1])!@[O:3][C:4]	180	26.896	-	-	-	-	G
C48719989      none	B	[a:1][c:2]!@[CX4H1:3][H:4]	59.9936	1.05062	-	-	-	-	G
C48719989      none	B	[*:1]~[cX3:2]!@[NX2:3]~[*:4]	-119.999	1.40635	-	-	-	-	O
C48719989      none	B	[*^2:1]~[C^2:2]([!H])!@[C^2:3]~[*^2:4]	150.001	1.21045	-	-	-	-	G
C48719989      none	B	[O:1]=[CX3:2]!@[NX3H1:3][!#1:4]	-0.00434964	63.7893	-	-	-	-	G
C48719989      none	B	[$([CX3]=O):1][NX3H1:2]!@[CX4H2:3][C:4] 	-89.9983	7.35439	-	-	-	-	G
C48719989      none	B	[!#1:1][CX4H2:2]!@[CX4H2:3][!#1:4]	-60.0026	3.77933	-	-	-	-	G
C48719989      none	B	[$([CX3]=O):1][NX3H1:2]!@[CX4H2:3][C:4] 	119.999	2.76407	-	-	-	-	O
C48719989      none	B	[O:1]=[CX3:2]!@[NX3H1:3][!#1:4]	0.00791554	63.7893	-	-	-	-	G
C16989825      none	B	[C:1][CX4:2]!@[CX3:3]=[O:4]	-24.6057	4.16067	-	-	-	-	G
C38665055      none	B	[*:1]~[CX4:2]!@[n:3]~[*:4]	90.0053	3.25743	-	-	-	-	G
C38665055      none	B	[OX2:1][CX4:2]!@[CX4:3][OX2:4]	-63.1863	16.2177	-	-	-	-	G
C39351898      none	B	[$([C]([CX4])(=O)):1][NX3H1:2]!@[c:3]([nX2H0])[nX2H0:4]	179.986	13.4615	-	-	-	-	G
C39351898      none	B	[O:1]=[C:2]([!$([NH1])])!@[NX3H1:3]([H:4])[$(c([nX2H0])([nX2H0]))]	-0.00300957	20	-	-	-	-	R
C39351898      none	B	[!#1:1][CX4H2:2]!@[CX3:3]=[O:4]	-0.0171999	19.1789	-	-	-	-	G
C39351898      none	B	[!#1:1][CX4:2]!@[SX2:3][!#1:4]	80.0041	6.41197	-	-	-	-	G
C39351898      none	B	[!#1:1][CX3:2]!@[SX2:3][!#1:4]	29.7493	1.50602	-	-	-	-	O
C47068441      none	B	[$([C](=O)):1][NX3H0:2]!@[CX4H2:3][$([c]([cH,nX2H0])[cH,nX2H0]):4]	90.0025	13.6858	-	-	-	-	G
C47068441      none	B	[O:1]=[CX3:2]!@[NX3H0:3][!#1:4]	-150	1.37927	-	-	-	-	O
C47068441      none	B	[a:1][c:2]!@[CX4H2:3][!#1:4]	-44.7227	1.62815	-	-	-	-	O
C47068441      none	B	[O:1]=[CX3:2]!@[NX3H1:3][!#1:4]	0.000733948	63.7893	-	-	-	-	G
C47068441      none	B	[$([CX3]=O):1][NX3H1:2]!@[CX4H2:3][C:4] 	179.999	6.46594	-	-	-	-	G
C47068441      none	B	[!#1:1][CX4:2]!@[CX4:3][!#1:4]	-62.546	12.2558	-	-	-	-	G
C12524787      none	B	[!#1:1][CH2:2]!@[n:3][cH0:4]	90.3228	14.7896	-	-	-	-	G
C12524787      none	B	[aH1:1][c:2]([aH1])!@[SX4:3][!#1:4]	89.9926	12.916	-	-	-	-	G
C12524787      none	B	[a:1][c:2]!@[CX4H2:3][!#1:4]	45.0021	2.0463	-	-	-	-	O
C12524787      none	B	[c:1][CX4H2:2]!@[OX2:3][C:4]	180	23.858	-	-	-	-	G
C12524787      none	B	[O:1]=[C:2]!@[O:3]~[C:4]	-0.00433371	74.4927	-	-	-	-	G
C12524787      none	B	[!#1:1][CX4H2:2]!@[CX3:3]=[O:4]	119.994	0.613497	-	-	-	-	G
C12524787      none	B	[!#1:1][CX4:2]!@[SX2:3][!#1:4]	179.997	11.1654	-	-	-	-	G
C12524787      none	B	[!#1:1][CX4:2]!@[SX2:3][!#1:4]	-59.9959	7.13757	-	-	-	-	G
C12524787      none	B	[C:1][CX4:2]!@[CX3:3]=[O:4]	0.000272175	5.61823	-	-	-	-	G
C12524787      none	B	[O:1]=[CX3:2]!@[NX3H1:3][!#1:4]	0.0071891	63.7893	-	-	-	-	G
C12524787      none	B	[$([C](=O)):1][NX3H1:2]!@[$([a]([nH0,o])):3][cH1:4]	-29.683	3.65591	-	-	-	-	O
C12524787      none	B	[c:1][$(S(=O)=O):2]!@[NX3H0:3][C:4]	90.005	4.81691	-	-	-	-	G
C04217545      none	B	[O-:1][N+:2](=O)!@[c:3]([cH0])[cH,nX2H0:4]	89.7453	0.274725	-	-	-	-	O
C04217545      none	B	[aH0:1][c:2]([aH0])!@[SX2:3][!#1:4]	-89.9935	3.32646	-	-	-	-	G
C04217545      none	B	[aH0:1][c:2]([aH0])!@[SX2:3][!#1:4]	149.997	0.567303	-	-	-	-	O
C54201832      none	B	[$(C=O):1][NX3:2]!@[a:3][aH0:4]	149.997	1.842	-	-	-	-	O
C54201832      none	B	[O:1]=[CX3:2]!@[NX3H1:3][!#1:4]	-0.00218666	63.7893	-	-	-	-	G
C54201832      none	B	[!#1:1][CX4H2:2]!@[CX3:3]=[O:4]	60.0037	1.20812	-	-	-	-	G
C54201832      none	B	[!#1:1][CX4:2]!@[SX2:3][!#1:4]	60.0005	7.53739	-	-	-	-	G
C54201832      none	B	[aH0:1][c:2]([aH0])!@[SX2:3][!#1:4]	-0.00424488	13.1253	-	-	-	-	G
C54201832      none	B	[*:1]~[cX3:2]!@[NX2:3]~[*:4]	-30.0005	1.57181	-	-	-	-	O
C54201832      none	B	[*:1]~[CX3:2]!@[NX2:3]~[*:4]	-149.675	0.198853	-	-	-	-	O
C61321959      none	B	[a:1][c:2]!@[CX4H2:3][!#1:4]	179.997	2.35335	-	-	-	-	O
C61321959      none	B	[!#1:1][CX4H2:2]!@[NX3H1:3][!#1:4]	120.004	2.00811	-	-	-	-	O
C61321959      none	B	[a:1][a:2]!@[NX3:3][!#1:4]	0.337018	10.9271	-	-	-	-	G
C40218216      none	B	[O:1]=[CX3:2]!@[NX3H1:3][!#1:4]	-0.00922298	63.7893	-	-	-	-	G
C40218216      none	B	[$([CX3]=O):1][NX3H1:2]!@[CX4H2:3][C:4] 	120.005	2.76407	-	-	-	-	O
C40218216      none	B	N[C:2](=[O:1])!@[CH2:3][N:4]	-0.00267137	9.82143	-	-	-	-	G
C40218216      none	B	[O:1]=[CX3:2]!@[NX3H0:3][!#1:4]	-179.718	18.2537	-	-	-	-	G
C40218216      none	B	[H:1][CX4H1:2]!@[SX4:3][!#1:4]	167.801	2.18509	-	-	-	-	O
C24895579      none	B	[cH0:1][c:2]([cH1])!@[CX3:3]([NX3H1])=[O:4]	119.99	1.13142	-	-	-	-	G
C24895579      none	B	[O:1]=[CX3:2]!@[NX3H1:3][!#1:4]	-0.00824819	63.7893	-	-	-	-	G
C24895579      none	B	[$(C=O):1][NX3H1:2]!@[c:3]([cH1])[cH1:4]	-60.0013	0.241643	-	-	-	-	R
C24895579      none	B	[$(S(=O)(=O)):1][NH1:2]!@[c:3]([cH1])[cH1:4]	-60.0308	3.81356	-	-	-	-	G
C24895579      none	B	[c:1][$(S(=O)=O):2]!@[NX3H1:3][c:4]	-90.0008	1.19863	-	-	-	-	G
C24895579      none	B	[aH1:1][c:2]([aH1])!@[SX4:3][!#1:4]	90.2693	12.916	-	-	-	-	G
C50661854      none	B	[aH0:1][c:2]([aH0])!@[SX4:3][!#1:4]	126.144	1.67598	-	-	-	-	G
C50661854      none	B	[c:1][$(S(=O)=O):2]!@[NX3H1:3][C:4]	-90.0079	3.19032	-	-	-	-	G
C50661854      none	B	[$(S(=O)(=O)):1][NX3H1:2]!@[CX4H1:3][H:4]	0.00869599	7.36648	-	-	-	-	G
C34797557      none	B	[a:1][c:2]!@[CX4H1:3][N,O:4]	-29.9989	3.61778	-	-	-	-	G
C34797557      none	B	[a:1][ar6:2]!@[ar5:3][a:4]	0.280298	7.24965	-	-	-	-	G
C20855853      none	B	[a:1][ar6:2]!@[ar5:3][a:4]	30.2891	2.76454	-	-	-	-	G
C20855853      none	B	[cH1:1][c:2]!@[c:3]([cH1])[nX2H0:4]	60.2475	0.0514271	-	-	-	-	R
C20855853      none	B	[cH1:1][c:2]!@[c:3]([cH1])[nX2H0:4]	-149.993	1.79995	-	-	-	-	G
C05641327      none	B	[cH0:1][c:2]([cH,nX2H0])!@[NX3H1:3][CX4:4]	179.974	49.7854	-	-	-	-	G
C05641327      none	B	[*:1]~[CX4:2]!@[n:3]~[*:4]	-59.9995	3.65221	-	-	-	-	G
C05641327      none	B	[OX2:1][CX4:2]!@[CX4:3][OX2:4]	-61.9542	16.2177	-	-	-	-	G
C05641327      none	B	[!#1:1][CX4H2:2]!@[NX3H1:3][!#1:4]	179.998	11.3535	-	-	-	-	G
C05641327      none	B	[!#1:1][CX4:2]!@[SX2:3][!#1:4]	159.996	2.91722	-	-	-	-	G
C05641327      none	B	[!#1:1][CX4:2]!@[SX2:3][!#1:4]	-79.9973	6.01214	-	-	-	-	G
C05641327      none	B	[!#1:1][CX4H2:2]!@[CX4H2:3][!#1:4]	179.998	58.554	-	-	-	-	G
C05641327      none	B	[C:1][CX4H2:2]!@[CX3:3]=[O:4]	-120.009	0.79457	-	-	-	-	O
C50813673      none	B	[!#1:1][CX4H2:2]!@[NX3;"N_lp":3][!#1:4]	-159.996	6.28481	-	-	-	-	G
C50813673      none	B	[cH0:1][c:2]!@[CX4H2:3][N,O,S:4]	89.9955	7.74238	-	-	-	-	G
C50813673      none	B	[O-:1][N+:2](=O)!@[c:3]([cH,nX2H0])[cH,nX2H0:4]	179.978	23.2156	-	-	-	-	G
C50813673      none	B	[cH0:1][c:2]([cH,nX2H0])!@[NX3H1:3][CX4:4]	-90.0021	0	-	-	-	-	R
C16321284      none	B	[O:1]=[CX3:2]!@[NX3H1:3][!#1:4]	-0.00748877	63.7893	-	-	-	-	G
C16321284      none	B	[$(C=O):1][NX3H1:2]!@[c:3]([cH1])[cH1:4]	90.0047	0.0402739	-	-	-	-	R
C16321284      none	B	[aH1:1][c:2]([aH1])!@[SX4:3][!#1:4]	89.9964	12.916	-	-	-	-	G
C16321284      none	B	[c:1][$(S(=O)=O):2]!@[NX3H0:3][C:4]	90.0085	4.81691	-	-	-	-	G
C16321284      none	B	[$(S(=O)(=O)):1][NX3H0:2]!@[CX4H2:3][!#1:4]	-89.9923	8.83621	-	-	-	-	G
C16321284      none	B	N[C:2](=[O:1])!@[CH2:3][N:4]	-120.003	0.892857	-	-	-	-	G
C16321284      none	B	[O:1]=[CX3:2]!@[NX3H1:3][!#1:4]	0.00339704	63.7893	-	-	-	-	G
C16321284      none	B	[*:1]~[NX3:2]!@[NX2:3]~[*:4]	-60.0075	0.223687	-	-	-	-	R
C16321284      none	B	[cH1:1][c:2]([cH1])!@[CX3:3]=[NX2:4]	0.281407	14.4225	-	-	-	-	G
C48905714      none	B	[aH0:1][c:2]([aH0])!@[SX4:3][!#1:4]	-113.855	5.86592	-	-	-	-	G
C48905714      none	B	[c:1][$(S(=O)=O):2]!@[NX3H1:3][C:4]	60.0013	14.5215	-	-	-	-	G
C48905714      none	B	[$(S(=O)(=O)):1][NX3H1:2]!@[CX4H1:3][H:4]	-30.0002	9.39227	-	-	-	-	G
C48905714      none	B	[a:1][c:2]!@[CX4H1:3][N,O:4]	-90.0022	1.29082	-	-	-	-	G
C40479641      none	B	[NH1:1][CX4:2]!@[CX3:3]=[O:4]	-120.005	0.275693	-	-	-	-	G
C40479641      none	B	[$(C=O):1][NX3H1:2]!@[CX4H0:3][C:4]	59.9984	13.3187	-	-	-	-	G
C40479641      none	B	[O:1]=[CX3:2]!@[NX3H1:3][!#1:4]	0.00386078	63.7893	-	-	-	-	G
C40479641      none	B	N[C:2](=[O:1])!@[CH2:3][N:4]	-60.0081	0.14881	-	-	-	-	O
C40479641      none	B	[C:1][CX4H2:2]!@[NX3;"N_lp":3][C:4]	-43.696	0.0777001	-	-	-	-	R
C38665241      none	B	[!#1:1][CX4:2]!@[CX4:3][!#1:4]	60.0011	12.3771	-	-	-	-	G
C38665241      none	B	[*:1]~[CX4:2]!@[NX4:3]~[*:4]	-80.0013	2.10499	-	-	-	-	G
C38665241      none	B	[!#1:1][CX4:2]!@[CX4:3][!#1:4]	84.3246	1.75235	-	-	-	-	G
C04937503      none	B	[C:1][CH2:2]!@[O:3][CX4:4]	-79.996	1.18773	-	-	-	-	G
C04937503      none	B	[!#1:1][CX4:2]!@[CX3H0:3][!#1:4]	-150.327	2.58987	-	-	-	-	G
C04937503      none	B	[a:1][c:2]!@[CX4H1:3][H:4]	179.749	7.22227	-	-	-	-	G
C18522631      none	B	[cH0:1][c:2]!@[CX4H2:3][CX4:4]	-89.9997	18.481	-	-	-	-	G
C18522631      none	B	[cH1:1][a:2]([cH1])!@[a:3]([sX2,o,nX2H0,nX3H1:4])([cH0])	-59.4603	1.92551	-	-	-	-	G
C18522631      none	B	[cH1:1][c:2]([cH1])!@[CX3:3]=[O:4]	-149.994	3.39656	-	-	-	-	G
C18522631      none	B	[O:1]=[C:2]!@[O:3]~[C:4]	-0.00868254	74.4927	-	-	-	-	G
C18522631      none	B	[$(C=O):1][O:2]!@[CH1:3][H:4]	30.0093	10.7465	-	-	-	-	G
C18522631      none	B	[O:1][CX4:2]!@[CX3:3]=[O:4]	149.996	2.2196	-	-	-	-	G
C18522631      none	B	[O:1]=[CX3:2]!@[NX3H1:3][!#1:4]	0.00426196	63.7893	-	-	-	-	G
C18522631      none	B	[$([C](=O)):1][NX3:2]!@[a:3](s)[a:4]	-179.686	61.7021	-	-	-	-	G
C18522631      none	B	[$([c]([NH1,NH2])):1][c:2]!@[CX3:3]([!O])=[O:4]	-0.0039247	27.6243	-	-	-	-	G
C18522631      none	B	[!#1:1][CX4H2:2]!@[CX4H2:3][!#1:4]	180	58.554	-	-	-	-	G
C18522631      none	B	[C:1][CX4H2:2]!@[CX3:3]=[O:4]	59.9955	1.60569	-	-	-	-	O
C18522631      none	B	[O:1]=[C:2]!@[O:3]~[C:4]	0.00401326	74.4927	-	-	-	-	G
C44020125      none	B	[cH0:1][c:2]([cH0])!@[O:3][C:4]	120.002	2.5775	-	-	-	-	G
C44020125      none	B	[H:1][CX4H1:2]!@[OX2:3][!#1:4]	59.9942	2.10701	-	-	-	-	G
C44020125      none	B	[O:1]=[C:2]([O-])!@[CX4H1:3][H:4]	89.9921	0.86741	-	-	-	-	O
C35663702      none	B	[a:1][a:2]!@[NX3:3][!#1:4]	-159.995	2.54422	-	-	-	-	G
C35663702      none	B	[!#1:1][CX4H2:2]!@[NX3H1:3][!#1:4]	-90.0044	6.4105	-	-	-	-	G
C35663702      none	B	N[C:2](=[O:1])!@[CH2:3][N:4]	149.997	3.125	-	-	-	-	G
C35663702      none	B	[O:1]=[CX3:2]!@[NX3H1:3][!#1:4]	0.0111619	63.7893	-	-	-	-	G
C35663702      none	B	[$([CX3]=O):1][NX3H1:2]!@[CX4H2:3][C:4] 	179.995	6.46594	-	-	-	-	G
C35663702      none	B	[NH1:1][CX4:2]!@[CX3:3]=[O:4]	120.001	0.41354	-	-	-	-	G
C36357196      none	B	[a:1][ar5:2]!@[ar5:3][a:4]	0.331816	21.2405	-	-	-	-	G
C36357196      none	B	[a:1][c:2]!@[C:3]([NH1,NH2])=[O:4]	-119.997	0.626362	-	-	-	-	G
C36357196      none	B	[O:1]=[CX3:2]!@[NX3H1:3][!#1:4]	-0.00511704	63.7893	-	-	-	-	G
C36357196      none	B	[$(C=O):1][NX3H1:2]!@[CX4H1:3][H:4]	-29.9983	6.97413	-	-	-	-	G
C22471831      none	B	[cH1:1][c:2]([cH1])!@[O:3][C:4]	-150.007	0.243246	-	-	-	-	O
C22471831      none	B	[C:1][CX4H2:2]!@[OX2:3][c:4]	179.995	43.8829	-	-	-	-	G
C22471831      none	B	[O:1][CX4:2]!@[CX3:3]=[O:4]	30.0054	2.80888	-	-	-	-	G
C22471831      none	B	[O:1]=[CX3:2]!@[NX3H0:3][!#1:4]	179.996	18.2537	-	-	-	-	G
C22471831      none	B	[$([CX3]=O):1][NX3H0:2](C)!@[CX4H2:3][C:4]	90.0007	14.7513	-	-	-	-	G
C22471831      none	B	[$([C](=O)):1][NX3H0:2]!@[CX4H2:3][$([c]([cH,nX2H0])[cH,nX2H0]):4]	90.0012	13.6858	-	-	-	-	G
C22471831      none	B	[!#1:1][CX4H2:2]!@[CX4H2:3][!#1:4]	179.996	58.554	-	-	-	-	G
C22471831      none	B	[!#1:1][CX4H2:2]!@[CX4H2:3][!#1:4]	179.998	58.554	-	-	-	-	G
C22471831      none	B	[$([CX3]=O):1][NX3H1:2]!@[CX4H2:3][C:4] 	-150.001	1.7769	-	-	-	-	O
C22471831      none	B	[O:1]=[CX3:2]!@[NX3H1:3][!#1:4]	0.00779904	63.7893	-	-	-	-	G
C22471831      none	B	[nr6:1][cr6:2]([nH0r6])!@[C:3]([NH1,NH2])=[O:4]	-0.284784	12.5	-	-	-	-	O
C22471831      none	B	[a:1][c:2]!@[CX4H2:3][!#1:4]	-89.7288	7.30446	-	-	-	-	G
C13396567      none	B	[cH0:1][c:2]([cH1])!@[O:3][C:4]	150.002	0.618227	-	-	-	-	O
C13396567      none	B	[C:1][CX4H2:2]!@[OX2:3][c:4]	-149.996	1.28448	-	-	-	-	O
C13396567      none	B	[!#1:1][CX4H2:2]!@[CX4H2:3][!#1:4]	59.9963	3.99483	-	-	-	-	G
C13396567      none	B	[!#1:1][CX4H2:2]!@[CX4H2:3][!#1:4]	60.0013	3.99483	-	-	-	-	G
C13396567      none	B	[O:1]=[CX3:2]([NH1])!@[CH2:3][C:4]	60.0029	6.84932	-	-	-	-	G
C13396567      none	B	[O:1]=[CX3:2]!@[NX3H1:3][!#1:4]	0.000687257	63.7893	-	-	-	-	G
C13396567      none	B	[$(C=O):1][NX3H1:2]!@[c:3]([cH1])[cH1:4]	-29.9988	5.05437	-	-	-	-	G
C13396567      none	B	[aH1:1][c:2]([aH1])!@[SX4:3][!#1:4]	110.002	4.92809	-	-	-	-	G
C13396567      none	B	[*:1][$(S(=O)=O):2]!@[NX3H0r:3][*:4]	120.279	1.23223	-	-	-	-	O
C13396567      none	B	[O:1]=[C:2]([O-])!@[CX4H1:3][H:4]	90.0015	0.86741	-	-	-	-	O
C19961404      none	B	[$(S(=O)(=O)):1][N:2]!@[c:3][a:4]	-149.996	2.49023	-	-	-	-	G
C19961404      none	B	[c:1][S:2](=O)(=O)!@[NX2H0-:3]-[*:4]	59.9994	8.33333	-	-	-	-	G
C19961404      none	B	[aH1:1][c:2]([aH1])!@[SX4:3][!#1:4]	-89.7198	12.5987	-	-	-	-	G
C19961404      none	B	[cH1:1][c:2]([cH1])!@[NX3:3][a:4]	0.000555341	2.17255	-	-	-	-	O
C19961404      none	B	[a:1][a:2]!@[NX3:3][!#1:4]	-89.7204	1.65296	-	-	-	-	O
C19961404      none	B	[a:1][a:2]!@[CX3:3]=[O:4]	-149.997	2.51484	-	-	-	-	G
C19961404      none	B	[O:1]=[C:2]!@[O:3]~[C:4]	-0.00641411	74.4927	-	-	-	-	G
C16952439      none	B	[cH0:1][c:2]([cH,nX2H0])!@[NX3H1:3][CX4:4]	150	1.00143	-	-	-	-	O
C16952439      none	B	[nX2:1][c:2]([nX3])!@[O:3][C:4]	0.267984	72.4138	-	-	-	-	G
C16952439      none	B	[!#1:1][CX4H1:2]!@[NX3:3][!#1:4]	-149.972	2.59662	-	-	-	-	G
C67385049      none	B	[O:1]=[CX3:2]!@[NX3H1:3][!#1:4]	0.00739017	63.7893	-	-	-	-	G
C67385049      none	B	[$([CX3]=O):1][NX3H1:2]!@[CX4H2:3][C:4] 	-89.9999	7.35439	-	-	-	-	G
C67385049      none	B	[!#1:1][CX4:2]!@[CX4:3][!#1:4]	-40.0771	0.976141	-	-	-	-	G
C67385049      none	B	[cH0:1][c:2]([cH,nX2H0])!@[NX3H0:3][CX4:4]	-59.9951	5.09408	-	-	-	-	G
C59831785      none	B	[cH1:1][c:2]([cH1])!@[O:3][C:4]	0.276049	26.3009	-	-	-	-	G
C59831785      none	B	[a:1][c:2]!@[CX4H2:3][!#1:4]	-90.0047	7.30446	-	-	-	-	G
C59831785      none	B	[cH1:1][c:2]([cH1])!@[O:3][C:4]	-0.00222399	26.3009	-	-	-	-	G
C59831785      none	B	[$(C=O):1][NX3H1:2]!@[CX4H2:3][$([c]([cH,nX2H0])[cH,nX2H0]):4]	180	3.5443	-	-	-	-	G
C59831785      none	B	[O:1]=[CX3:2]!@[NX3H1:3][!#1:4]	-0.00294171	63.7893	-	-	-	-	G
C59831785      none	B	[!#1:1][CX4H2:2]!@[CX3:3]=[O:4]	-119.996	0.59462	-	-	-	-	G
C59831785      none	B	[!#1:1][CX4:2]!@[SX2:3][!#1:4]	-90.0042	3.00607	-	-	-	-	G
C59831785      none	B	[aH0:1][c:2]([aH0])!@[SX2:3][!#1:4]	-150.003	0.43837	-	-	-	-	O
C59831785      none	B	[a:1][a:2]!@[NX3:3][!#1:4]	-179.988	11.4213	-	-	-	-	G
C59831785      none	B	[*:1]~[NX3:2]!@[NX2:3]~[*:4]	150.003	0.447375	-	-	-	-	O
C59831785      none	B	[cH1:1][c:2]([cH1])!@[CX3:3]=[NX2:4]	-179.683	13.9437	-	-	-	-	G
C59831785      none	B	[!#1:1][CH2:2]!@[n:3][a:4]	-89.9988	13.2844	-	-	-	-	G
C59831785      none	B	[CX3:1]=[CX3:2]!@[CH2:3][!#1:4]	150.006	0.933192	-	-	-	-	G
C09192536      none	B	[cH1:1][c:2]([cH1])!@[C:3]([NH1,NH2])=[O:4]	-152.962	8.78518	-	-	-	-	G
C09192536      none	B	[O:1]=[CX3:2]!@[NX3H1:3][!#1:4]	-0.00904299	63.7893	-	-	-	-	G
C09192536      none	B	[$([CX3]=O):1][NX3H1:2]!@[CX4H2:3][C:4] 	120.003	2.76407	-	-	-	-	O
C09192536      none	B	[!#1:1][CX4H2:2]!@[CX4H2:3][!#1:4]	-59.9995	3.77933	-	-	-	-	G
C09192536      none	B	[!#1:1][CX4H2:2]!@[CX4H2:3][!#1:4]	-60.0022	3.77933	-	-	-	-	G
C09192536      none	B	[$([CX3]=O):1][NX3H1:2]!@[CX4H2:3][C:4] 	-89.9965	7.35439	-	-	-	-	G
C09192536      none	B	[O:1]=[CX3:2]!@[NX3H1:3][!#1:4]	-0.00238775	63.7893	-	-	-	-	G
C09192536      none	B	[cH1:1][c:2]([cH1])!@[C:3]([NH1,NH2])=[O:4]	-152.998	8.78518	-	-	-	-	G
C09192536      none	B	[cH0:1][c:2]([cH,nX2H0])!@[NX3H0:3][CX4:4]	-89.7033	1.8357	-	-	-	-	G
C09192536      none	B	[O-:1][N+:2](=O)!@[c:3]([cH0])[cH,nX2H0:4]	90.2732	0.274725	-	-	-	-	O
C61486101      none	B	[*:1][$(S(=O)=O):2]!@[NX3H0r:3][*:4]	-89.6899	4.88152	-	-	-	-	G
C61486101      none	B	[N:1][CX4:2]!@[CX3:3]=[O:4]	58.9022	0.592386	-	-	-	-	G
C61486101      none	B	[O:1]=[CX3:2]!@[NX3H1:3][!#1:4]	0.00751683	63.7893	-	-	-	-	G
C61486101      none	B	[*:1]~[NX3:2]!@[NX3:3]~[*:4]	89.9965	3.54776	-	-	-	-	G
C61486101      none	B	[O:1]=[CX3:2]!@[NX3H1:3][!#1:4]	0.000230119	63.7893	-	-	-	-	G
C61486101      none	B	[cH1:1][c:2]([cH1])!@[C:3]([NH1,NH2])=[O:4]	26.9994	8.08167	-	-	-	-	G
C36870716      none	B	[!#1:1][CX4:2]!@[CX4:3][!#1:4]	179.999	22.1548	-	-	-	-	G
C36870716      none	B	[O:1]=[CX3:2]([NH1])!@[CH2:3][C:4]	149.997	0.249066	-	-	-	-	R
C36870716      none	B	[O:1]=[CX3:2]!@[NX3H1:3][!#1:4]	0.00441074	63.7893	-	-	-	-	G
C36870716      none	B	[$(C=O):1][NX3H1:2]!@[CX4H1:3][H:4]	30.0002	9.46757	-	-	-	-	G
C36870716      none	B	[OX2:1][CX4:2]!@[CX4:3][N:4]	-59.9922	14.8764	-	-	-	-	G
C36870716      none	B	[O:1]=[C:2]([O-])!@[CX4H1:3][H:4]	0.00332693	0.495663	-	-	-	-	O
C13397946      none	B	[aH1:1][c:2]([aH1])!@[SX4:3][!#1:4]	29.9967	0.225606	-	-	-	-	R
C13397946      none	B	[$(C=O):1][NX3H1:2]!@[c:3]([cH1])[cH1:4]	-149.98	5.07451	-	-	-	-	G
C13397946      none	B	[O:1]=[CX3:2]!@[NX3H1:3][!#1:4]	0.00990301	63.7893	-	-	-	-	G
C13397946      none	B	[a:1][c:2]!@[C:3]([NH1,NH2])=[O:4]	120.271	0.644517	-	-	-	-	G
C13397946      none	B	[*:1][$(S(=O)=O):2]!@[NX3H0r:3][*:4]	60.291	7.32227	-	-	-	-	G
C13397946      none	B	[O:1]=[C:2]([O-])!@[CX4H1:3][H:4]	-0.00236577	0.495663	-	-	-	-	O
C66657275      none	B	[O:1]=[CX3:2]!@[NX3H0:3][!#1:4]	30.0045	0.680979	-	-	-	-	O
C66657275      none	B	[N:1][CX4:2]!@[CX3:3]=[O:4]	-34.2502	5.37503	-	-	-	-	G
C66657275      none	B	[O:1]=[CX3:2]!@[NX3H0:3][!#1:4]	150.003	1.73707	-	-	-	-	O
C66657275      none	B	[C:1][CX4:2]!@[CX3:3]=[O:4]	119.934	3.75937	-	-	-	-	G
C66657275      none	B	[O:1]=[CX3:2]!@[NX3H0:3][!#1:4]	29.9992	0.680979	-	-	-	-	O
C33319964      none	B	[cH1:1][c:2](cO)!@[O:3][C:4]	-89.7255	0.35524	-	-	-	-	R
C33319964      none	B	[a:1][c:2]!@[CX3:3]=[CX3H0:4]	90.0017	1.52036	-	-	-	-	G
C33319964      none	B	[O-:1][N+:2](=O)!@[c:3]([cH0])[cH,nX2H0:4]	-0.0180043	12.6374	-	-	-	-	G
C33319964      none	B	[cH1:1][c:2](cO)!@[O:3][C:4]	0.275801	49.3635	-	-	-	-	G
C33319964      none	B	[$(C=O):1][NX3H0:2]!@[c:3]([cH1])[cH1:4]	-89.7388	2.4302	-	-	-	-	G
C62097334      none	B	[*:1][$(S(=O)=O):2]!@[NX3H0r:3][*:4]	-89.7169	4.88152	-	-	-	-	G
C62097334      none	B	[O:1]=[CX3:2]!@[NX3H0:3][!#1:4]	180	18.2537	-	-	-	-	G
C62097334      none	B	[O:1]=[CX3:2]!@[CX3:3]=[O:4]	-120.01	1.55709	-	-	-	-	G
C62097334      none	B	[O:1]=[CX3:2]!@[NX3H1:3][!#1:4]	0.0141101	63.7893	-	-	-	-	G
C62097334      none	B	[$([CX3]=O):1][NX3H1:2]!@[CX4H2:3][C:4] 	89.987	7.35439	-	-	-	-	G
C62097334      none	B	[!#1:1][CX4:2]!@[CX3H0:3][!#1:4]	30.0173	1.49834	-	-	-	-	G
C63135583      none	B	[n,o,s:1][c:2]!@[CX4H2:3][CX4:4]	-89.9986	5.3104	-	-	-	-	G
C63135583      none	B	[!#1:1][CX4H2:2]!@[CX4H2:3][!#1:4]	179.998	58.554	-	-	-	-	G
C63135583      none	B	[$([CX3]=O):1][NX3H1:2]!@[CX4H2:3][C:4] 	90.0083	7.35439	-	-	-	-	G
C63135583      none	B	[O:1]=[CX3:2]!@[NX3H1:3][!#1:4]	-0.0112034	63.7893	-	-	-	-	G
C63135583      none	B	[O:1]=[CX3:2]!@[CX3:3]=[O:4]	120.005	1.7301	-	-	-	-	G
C63135583      none	B	[O:1]=[CX3:2]!@[NX3H1:3][!#1:4]	0.00420197	63.7893	-	-	-	-	G
C63135583      none	B	[$([CX3]=O):1][NX3H1:2]!@[CX4H2:3][C:4] 	-90.0026	7.35439	-	-	-	-	G
C63135583      none	B	[!#1:1][CX4:2]!@[CX3H0:3][!#1:4]	-0.00196808	1.41387	-	-	-	-	O
C54416120      none	B	[O-:1][N+:2](=O)!@[c:3]([cH0])[cH,nX2H0:4]	90.0189	0.274725	-	-	-	-	O
C54416120      none	B	[a:1][c:2]!@[C:3]([NH0])=[O:4]	59.9965	3.02778	-	-	-	-	G
C54416120      none	B	[O:1]=[CX3:2](a)!@[NX3H0:3][!#1:4]	-149.683	2.19542	-	-	-	-	O
C54416120      none	B	[N:1][CX4:2]!@[CX3:3]=[O:4]	-1.73585	7.55292	-	-	-	-	G
C35936399      none	B	[cH0:1][c:2]([cH1])!@[CX3:3]([NX3H0])=[O:4]	120.008	3.63636	-	-	-	-	G
C35936399      none	B	[O:1]=[CX3:2](a)!@[NX3H0:3][!#1:4]	150.271	2.50464	-	-	-	-	G
C35936399      none	B	[a:1][c:2]!@[C:3]([NH1,NH2])=[O:4]	0.000145147	9.67683	-	-	-	-	G
C35936399      none	B	[O:1]=[CX3:2]!@[NX3H1:3][!#1:4]	0.00273229	63.7893	-	-	-	-	G
C35936399      none	B	[$(C=O):1][NX3H1:2]!@[CX4H1:3][H:4]	59.9961	6.22422	-	-	-	-	G
C17725821      none	B	[!#1:1][CH2:2]!@[n:3][cH0:4]	90.3153	14.7896	-	-	-	-	G
C17725821      none	B	[aH1:1][c:2]([aH1])!@[SX4:3][!#1:4]	-109.996	4.53328	-	-	-	-	G
C17725821      none	B	[aH0:1][c:2]([aH0])!@[SX2:3][!#1:4]	150.002	0.567303	-	-	-	-	O
C17725821      none	B	[!#1:1][CX4:2]!@[SX2:3][!#1:4]	-60.0043	7.13757	-	-	-	-	G
C17725821      none	B	[!#1:1][CX4H2:2]!@[CX3:3]=[O:4]	-59.9993	1.45352	-	-	-	-	G
C17725821      none	B	[O:1]=[CX3:2]!@[NX3H1:3][!#1:4]	0.00401384	63.7893	-	-	-	-	G
C17725821      none	B	[$(C=O):1][NX3:2]!@[a:3][aH0:4]	-119.684	2.3332	-	-	-	-	G
C17725821      none	B	[*:1][$(S(=O)=O):2]!@[NX3H0r:3][*:4]	-119.717	0.995261	-	-	-	-	G
C48889829      none	B	[NH1:1][CX4:2]!@[CX3:3]=[O:4]	0.000224944	6.89233	-	-	-	-	G
C48889829      none	B	[$(C=O):1][NX3H1:2]!@[CX4H0:3][C:4]	-59.9985	14.7253	-	-	-	-	G
C48889829      none	B	[O:1]=[CX3:2]!@[NX3H1:3][!#1:4]	0.00246437	63.7893	-	-	-	-	G
C48889829      none	B	[$(C=O):1][NX3H1:2]!@[CX4H1:3][H:4]	-30.0017	6.97413	-	-	-	-	G
C48889829      none	B	[O:1]=[CX3:2]([$([NX3H1]C)])!@[NX3H1:3][!#1:4]	-0.0116625	41.1343	-	-	-	-	G
C48889829      none	B	[O:1]=[CX3:2]([$([NX3H1]C)])!@[NX3H1:3][!#1:4]	0.0190848	41.1343	-	-	-	-	G
C62811443      none	B	[$([c]([NH1,NH2])):1][c:2]!@[CX3:3]([!O])=[O:4]	30.0096	6.90608	-	-	-	-	G
C62811443      none	B	[O:1]=[CX3:2](a)!@[NX3H0:3][!#1:4]	29.9977	0.896722	-	-	-	-	O
C62811443      none	B	[$([CX3]=O):1][NX3H0:2](C)!@[CX4H2:3][C:4]	59.9968	0.600343	-	-	-	-	O
C62811443      none	B	[$(C=O):1][NX3H0:2]!@[CX4H1:3][H:4]	0.00216826	15.8824	-	-	-	-	G
C62811443      none	B	[OX2:1][CX4H2:2]!@[CX4H2:3][N:4]	-59.9923	16.5981	-	-	-	-	G
C13263922      none	B	[cH1:1][c:2]([cH1])!@[CX3:3]=[NX2:4]	30.2723	2.39378	-	-	-	-	G
C13263922      none	B	[*:1]~[NX3:2]!@[NX2:3]~[*:4]	149.996	0.447375	-	-	-	-	O
C13263922      none	B	[a:1][a:2]!@[NX3:3][!#1:4]	0.271223	10.9271	-	-	-	-	G
C13263922      none	B	[O-:1][N+:2](=O)!@[c:3]([cH,nX2H0])[cH,nX2H0:4]	179.976	23.2156	-	-	-	-	G
C13263922      none	B	[O-:1][N+:2](=O)!@[c:3]([cH0])[cH,nX2H0:4]	0.272573	12.6374	-	-	-	-	G
C13263922      none	B	[aH1:1][c:2]([aH1])!@[SX4:3][!#1:4]	70.0002	5.04089	-	-	-	-	G
C13263922      none	B	[*:1][$(S(=O)=O):2]!@[NX3H0r:3][*:4]	-89.7273	4.88152	-	-	-	-	G
C13263922      none	B	[O:1]=[C:2]([O-])!@[CX4H1:3][H:4]	-0.00480355	0.495663	-	-	-	-	O
C01442002      none	B	[cH1:1][c:2](cO)!@[O:3][C:4]	90.2823	0.310835	-	-	-	-	R
C01442002      none	B	[a:1][c:2]!@[CX4H1:3][N,O:4]	89.6322	1.22453	-	-	-	-	G
C63654561      none	B	[!#1:1][CH2:2]!@[n:3][cH0:4]	-89.9923	15.4696	-	-	-	-	G
C63654561      none	B	[!#1:1][CX4H2:2]!@[CX3:3]=[O:4]	-0.00197551	19.1789	-	-	-	-	G
C63654561      none	B	[O:1]=[CX3:2]!@[NX3H0:3][!#1:4]	-179.715	18.2537	-	-	-	-	G
C63654561      none	B	[C:1][CX4:2]!@[CX3:3]=[O:4]	119.882	3.75937	-	-	-	-	G
C20053553      none	B	[CX4:1][CX4H2:2]!@[NX3;"N_lp":3][CX4:4]	79.9998	8.72362	-	-	-	-	G
C20053553      none	B	[!#1:1][CX4H2:2]!@[CX4H2:3][!#1:4]	60.0039	3.99483	-	-	-	-	G
C20053553      none	B	[*:1]~[CX4:2]!@[NX4:3]~[*:4]	-60.0076	15.3415	-	-	-	-	G
C20053553      none	B	[*:1]~[CX4:2]!@[NX4:3]~[*:4]	59.9982	15.3058	-	-	-	-	G
C20053553      none	B	N[C:2](=[O:1])!@[CH2:3][N:4]	-90.0008	0.14881	-	-	-	-	R
C65533209      none	B	[O:1]=[CX3:2]!@[NX3H0:3][!#1:4]	29.9907	0.680979	-	-	-	-	O
C65533209      none	B	[O:1]=[CX3:2]!@[NX3H0:3][!#1:4]	-149.714	1.37927	-	-	-	-	O
C65533209      none	B	[O:1]=[CX3:2]!@[NX3H0:3][!#1:4]	-29.9957	0.692521	-	-	-	-	O
C65533209      none	B	[O:1]=[CX3:2]!@[NX3H1:3][!#1:4]	-0.00261819	63.7893	-	-	-	-	G
C65533209      none	B	[$([CX3]=O):1][NX3H1:2]!@[CX4H2:3][C:4] 	89.9986	7.35439	-	-	-	-	G
C65533209      none	B	[!#1:1][CX4H2:2]!@[CX4H2:3][!#1:4]	179.998	58.554	-	-	-	-	G
C65533209      none	B	[O:1]=[CX3:2]([NH1])!@[CH2:3][C:4]	120.01	0.124533	-	-	-	-	O
C65533209      none	B	[O:1]=[CX3:2]!@[NX3H1:3][!#1:4]	0.00400689	63.7893	-	-	-	-	G
C65533209      none	B	[$(C=O):1][NX3H1:2]!@[CX4H1:3][H:4]	29.9948	9.46757	-	-	-	-	G
C21082656      none	B	[cH1:1][c:2]([nX2])!@[CX3:3]=[NX2:4]	0.269878	31.7523	-	-	-	-	G
C21082656      none	B	[*:1]~[NX3:2]!@[NX2:3]~[*:4]	-150.003	0.364964	-	-	-	-	O
C21082656      none	B	[a:1][a:2]!@[NX3:3][!#1:4]	0.313422	10.9271	-	-	-	-	G
C21082656      none	B	[aH0:1][c:2]([aH0])!@[SX2:3][!#1:4]	179.997	14.0278	-	-	-	-	G
C21082656      none	B	[!#1:1][CX4:2]!@[SX2:3][!#1:4]	-90.0018	3.00607	-	-	-	-	G
C21082656      none	B	[!#1:1][CX4H2:2]!@[CX3:3]=[O:4]	-89.9944	1.11373	-	-	-	-	G
C21082656      none	B	[O:1]=[CX3:2]!@[NX3H1:3][!#1:4]	-0.00910072	63.7893	-	-	-	-	G
C21082656      none	B	[$(C=O):1][NX3H1:2]!@[c:3](s)[n:4]	180	66.092	-	-	-	-	G
C21082656      none	B	[aH0:1][c:2]([aH0])!@[SX2:3][!#1:4]	-0.00473175	13.1253	-	-	-	-	G
C21082656      none	B	[!#1:1][CX4:2]!@[SX2:3][!#1:4]	-149.998	1.30312	-	-	-	-	G
C21082656      none	B	[!#1:1][CX4H2:2]!@[CX4H2:3][!#1:4]	180	58.554	-	-	-	-	G
C21082656      none	B	[C:1][CH2:2]!@[O:3][CX4:4]	179.997	35.2689	-	-	-	-	G
C39098271      none	B	[a:1][c:2]!@[CX4H1:3][N,O:4]	60.0004	3.42939	-	-	-	-	G
C39098271      none	B	[H:1][CX4H1:2]!@[OX2:3][!#1:4]	40.0003	11.1687	-	-	-	-	G
C39098271      none	B	[*:1]~[OX2:2]!@[SX3:3]~[*:4]	180	6.41026	-	-	-	-	G
C45377578      none	B	[CX4:1][CX4H2:2]!@[NX3;"N_lp":3][CX4:4]	-60.0013	4.98492	-	-	-	-	G
C45377578      none	B	[!#1:1][CX4H2:2]!@[CX4H2:3][!#1:4]	-59.9992	3.77933	-	-	-	-	G
C45377578      none	B	[!#1:1][CX4H2:2]!@[CX4H2:3][!#1:4]	180	58.554	-	-	-	-	G
C45377578      none	B	[!#1:1][CX4:2]!@[CX4:3][!#1:4]	80.0053	1.75235	-	-	-	-	G
C45377578      none	B	[N:1][CX4:2]!@[CX3:3]=[O:4]	-119.998	0.897291	-	-	-	-	G
C40003269      none	B	[a:1][a:2]!@[CX3:3]=[O:4]	-90.0016	0.672614	-	-	-	-	R
C40003269      none	B	[*^2:1]~[C^2:2]([!H])!@[C^2:3]~[*^2:4]	90.3118	1.26539	-	-	-	-	G
C40003269      none	B	[$(C=O):1][NX3H0:2]!@[c:3]([s,o])[n:4]	-179.686	52.6316	-	-	-	-	G
C40003269      none	B	[a:1][c:2]!@[CX4H1:3][N,O:4]	-86.6108	1.29082	-	-	-	-	G
C40003269      none	B	[O-:1][N+:2](=O)!@[c:3]([cH,nX2H0])[cH,nX2H0:4]	-179.846	23.2156	-	-	-	-	G
C58133486      none	B	[cH1:1][a:2]([cH1])!@[a:3]([sX2,o,nX2H0,nX3H1:4])([cH0])	-59.6031	1.92551	-	-	-	-	G
C58133486      none	B	[$(C=O):1][NX3H1:2]!@[c:3]([cH1])[cH1:4]	30.2735	5.05437	-	-	-	-	G
C58133486      none	B	[O:1]=[CX3:2]!@[NX3H1:3][!#1:4]	0.00860744	63.7893	-	-	-	-	G
C58133486      none	B	[NH1:1][CX4:2]!@[CX3:3]=[O:4]	120	0.41354	-	-	-	-	G
C58133486      none	B	[$(C=O):1][NX3H1:2]!@[CX4H0:3][C:4]	-59.9974	14.7253	-	-	-	-	G
C58133486      none	B	[O:1]=[CX3:2]!@[NX3H1:3][!#1:4]	-0.00321931	63.7893	-	-	-	-	G
C37451479      none	B	[cH1:1][c:2]([cH1])!@[C:3]([NH1,NH2])=[O:4]	27.031	8.08167	-	-	-	-	G
C37451479      none	B	[O:1]=[CX3:2]!@[NX3H1:3][!#1:4]	0.00744949	63.7893	-	-	-	-	G
C37451479      none	B	[$(C=O):1][NX3H1:2]!@[CX4H1:3][H:4]	-30.0044	6.97413	-	-	-	-	G
C37451479      none	B	[OX2:1][CX4:2]!@[CX4:3][N:4]	59.9985	15.2809	-	-	-	-	G
C37451479      none	B	[O:1]=[C:2]([O-])!@[CX4H1:3][H:4]	90.0074	0.86741	-	-	-	-	O
C50604519      none	B	[$([cH0]([$([NX3H2]),$([NX3H1])])):1][a:2]!@[a:3][nX2:4]	90.5999	1.44928	-	-	-	-	R
C50604519      none	B	[!#1:1][CH2:2]!@[n:3][cH0:4]	90.0051	14.7896	-	-	-	-	G
C50604519      none	B	[!#1:1][CX4:2]!@[CX4:3][!#1:4]	161.39	1.81259	-	-	-	-	G
C66734231      none	B	[a:1][c:2]!@[C:3]([NH0])=[O:4]	-89.9948	2.91667	-	-	-	-	G
C66734231      none	B	[O:1]=[CX3:2](a)!@[NX3H0:3][!#1:4]	0.289246	23.6549	-	-	-	-	G
C66734231      none	B	[$(C=O):1][NX3H1:2]!@[CX4H1:3][H:4]	-5.67718e-05	8.26772	-	-	-	-	G
C66734231      none	B	[O:1]=[CX3:2]!@[NX3H1:3][!#1:4]	0.00178563	63.7893	-	-	-	-	G
C66734231      none	B	[cH0:1][c:2]([cH1])!@[CX3:3]([NX3H1])=[O:4]	179.998	16.7102	-	-	-	-	G
C39351897      none	B	[$([C]([CX4])(=O)):1][NX3H1:2]!@[c:3]([nX2H0])[nX2H0:4]	179.983	13.4615	-	-	-	-	G
C39351897      none	B	[O:1]=[C:2]([!$([NH1])])!@[NX3H1:3]([H:4])[$(c([nX2H0])([nX2H0]))]	-0.00249602	20	-	-	-	-	R
C39351897      none	B	[!#1:1][CX4H2:2]!@[CX3:3]=[O:4]	-0.00639936	19.1789	-	-	-	-	G
C39351897      none	B	[!#1:1][CX4:2]!@[SX2:3][!#1:4]	-80.0002	6.01214	-	-	-	-	G
C39351897      none	B	[!#1:1][CX3:2]!@[SX2:3][!#1:4]	-0.251893	5.38404	-	-	-	-	G
C33761805      none	B	[a:1][a:2]!@[CX3:3]=[O:4]	30.0046	2.37961	-	-	-	-	G
C33761805      none	B	[$(C=O):1][NX3H0:2]!@[c:3]([s,o])[n:4]	-149.695	0	-	-	-	-	R
C33761805      none	B	[a:1][c:2]!@[CX4H1:3][N,O:4]	-120.001	3.08052	-	-	-	-	G
C33761805      none	B	[*^2:1]~[C^2:2]([!H])!@[C^2:3]~[*^2:4]	119.962	0.806964	-	-	-	-	G
C33761805      none	B	[cH1:1][c:2]([cH1])!@[CX3:3]([CX3H0])=[O:4]	90.2835	0	-	-	-	-	R
C33761805      none	B	[cH1:1][c:2](cO)!@[O:3][C:4]	-89.7759	0.35524	-	-	-	-	R
C66338478      none	B	[O:1]=[C:2]!@[NX3H0:3]([a:4])[A]	-30.0256	0.827016	-	-	-	-	O
C66338478      none	B	[C:1][CX4:2]!@[CX3:3]=[O:4]	-29.9309	3.42621	-	-	-	-	G
C66338478      none	B	[O:1]=[CX3:2]!@[NX3H0:3][!#1:4]	-149.999	1.37927	-	-	-	-	O
C40166530      none	B	[!#1:1][CX4:2]!@[CX4:3][!#1:4]	79.995	1.75235	-	-	-	-	G
C40166530      none	B	[$([CX3]=O):1][NX3H1:2]!@[CX4H2:3][C:4] 	-89.9934	7.35439	-	-	-	-	G
C40166530      none	B	[O:1]=[CX3:2]([$([NX3H1]C)])!@[NX3H1:3][!#1:4]	-0.00479222	41.1343	-	-	-	-	G
C40166530      none	B	[O:1]=[CX3:2]([$([NX3H1]C)])!@[NX3H1:3][!#1:4]	-0.00182935	41.1343	-	-	-	-	G
C40166530      none	B	[$(C=O):1][NX3H1:2]!@[CX4H1:3][H:4]	0.00416629	8.26772	-	-	-	-	G
C64242114      none	B	[!#1:1][CX4:2]!@[CX4:3][!#1:4]	-59.9944	12.2558	-	-	-	-	G
C64242114      none	B	[$([CX3]=O):1][NX3H1:2]!@[CX4H2:3][C:4] 	-89.9996	7.35439	-	-	-	-	G
C64242114      none	B	[O:1]=[CX3:2]!@[NX3H1:3][!#1:4]	-0.000942645	63.7893	-	-	-	-	G
C64242114      none	B	[*^2:1]~[C^2:2]([!H])!@[C^2:3]~[*^2:4]	60.3151	0.650722	-	-	-	-	O
C64242114      none	B	[C:1][CX4:2]!@[CX3:3][C:4]	68.9174	5.04216	-	-	-	-	G
C61537340      none	B	[C:1][CX4H2:2]!@[NX3:3][C:4]	59.9932	2.72009	-	-	-	-	O
C61537340      none	B	[a:1][a:2]!@[NX3:3][!#1:4]	59.9965	1.72297	-	-	-	-	O
C61537340      none	B	N[C:2](=[O:1])!@[CH2:3][N:4]	-119.996	0.892857	-	-	-	-	G
C61537340      none	B	[a:1][ar6:2]!@[ar5:3][a:4]	0.316435	7.24965	-	-	-	-	G
C39727766      none	B	[$(C=O):1][NX3H0:2]!@[c:3]([cH1])[cH1:4]	60.2466	4.89486	-	-	-	-	G
C39727766      none	B	[*^2:1]~[C^2:2]([!H])!@[C^2:3]~[*^2:4]	0.00225384	20.0453	-	-	-	-	G
C39727766      none	B	[O:1]=[CX3:2]!@[NX3H1:3][!#1:4]	0.00572782	63.7893	-	-	-	-	G
C39727766      none	B	[$(C=O):1][NX3:2]!@[$([a]([cH1])):3][$([aH0](!@O)):4]	59.9906	0.97561	-	-	-	-	O
C39727766      none	B	[$(C=O):1][NX3H1:2]!@[c:3]([cH1])[cH1:4]	-90.0299	0.0604108	-	-	-	-	R
C39727766      none	B	[cH0:1][c:2]([cH1])!@[O:3][C:4]	180	48.7454	-	-	-	-	G
C39727766      none	B	[O:1]=[CX3:2]!@[NX3H1:3][!#1:4]	-0.0046849	63.7893	-	-	-	-	G
C27819659      none	B	[$(S(=O)(=O)):1][NX3H0:2]!@[CX4H2:3][!#1:4]	-89.9977	8.83621	-	-	-	-	G
C27819659      none	B	[$(S(=O)(=O)):1][NX3H0:2]!@[CX4H2:3][!#1:4]	-90.0044	8.83621	-	-	-	-	G
C27819659      none	B	[c:1][$(S(=O)=O):2]!@[NX3H0:3][C:4]	90.0032	4.81691	-	-	-	-	G
C27819659      none	B	[aH1:1][c:2]([aH1])!@[SX4:3][!#1:4]	-149.725	0.324309	-	-	-	-	R
C27819659      none	B	[$(C=O):1][NX3H1:2]!@[c:3]([cH1])[cH1:4]	149.974	5.05437	-	-	-	-	G
C27819659      none	B	[O:1]=[CX3:2]!@[NX3H1:3][!#1:4]	0.00169416	63.7893	-	-	-	-	G
C27819659      none	B	[C:1][CX4:2]!@[CX3:3]=[O:4]	-119.956	3.42432	-	-	-	-	G
C27819659      none	B	[cH0:1][c:2]([cH,nX2H0])!@[NX3H0:3][CX4:4]	-119.997	1.65213	-	-	-	-	O
C13449440      none	B	[cH0:1][c:2]!@[CX4H2:3][CX4:4]	135.006	0.329114	-	-	-	-	R
C13449440      none	B	[aH1:1][c:2]([aH0])!@[SX2:3][!#1:4]	-150.006	0.466926	-	-	-	-	R
C13449440      none	B	[!#1:1][CX4:2]!@[SX2:3][!#1:4]	-89.9958	3.00607	-	-	-	-	G
C13449440      none	B	[!#1:1][CX4H2:2]!@[CX3:3]=[O:4]	-120.003	0.59462	-	-	-	-	G
C13449440      none	B	[O:1]=[CX3:2]!@[NX3H1:3][!#1:4]	0.00763154	63.7893	-	-	-	-	G
C13449440      none	B	[$(C=O):1][NX3H1:2]!@[CX4H0:3][C:4]	176.849	11.3993	-	-	-	-	G
C13449440      none	B	[!#1:1][CX4H2:2]!@[CX4H2:3][!#1:4]	-60.0065	3.77933	-	-	-	-	G
C13449440      none	B	[C:1][CX4H2:2]!@[CX3:3]=[O:4]	119.994	0.695249	-	-	-	-	O
C35609770      none	B	[aH1:1][c:2]([aH1])!@[SX4:3][!#1:4]	89.9981	12.916	-	-	-	-	G
C35609770      none	B	[a:1][c:2]!@[C:3]([NH1,NH2])=[O:4]	90.0049	0.308642	-	-	-	-	O
C35609770      none	B	[c:1][$(S(=O)=O):2]!@[NX3H1:3][C:4]	-60.0017	13.7514	-	-	-	-	G
C35609770      none	B	[$(S(=O)(=O)):1][NX3H1:2]!@[CX4H2:3][!#1:4]	-119.999	2.14592	-	-	-	-	O
C35609770      none	B	[!#1:1][CX4H2:2]!@[CX4H2:3][!#1:4]	180	58.554	-	-	-	-	G
C35609770      none	B	[!#1:1][CX4H2:2]!@[CX4H2:3][!#1:4]	-60.0042	3.77933	-	-	-	-	G
C40094946      none	B	[cH1:1][c:2]([cH1])!@[CX3:3]([CX3H0])=[O:4]	179.996	9.0847	-	-	-	-	G
C40094946      none	B	[*^2:1]~[C^2:2]([!H])!@[C^2:3]~[*^2:4]	120.31	0.806964	-	-	-	-	G
C40094946      none	B	[$([CX3]=O):1][NX3H0:2](C)!@[CX4H2:3][C:4]	-120.005	2.31561	-	-	-	-	O
C40094946      none	B	[a:1][c:2]!@[CX4H1:3][N,O:4]	-123.165	3.08052	-	-	-	-	G
C40094946      none	B	[cH1:1][c:2](cO)!@[O:3][C:4]	0.234649	49.3635	-	-	-	-	G
C40094946      none	B	[OX2:1][CX4H2:2]!@[CX4H2:3][Nr:4]	60.0078	18.1373	-	-	-	-	G
C40094946      none	B	[C:1][CH2:2]!@[O:3][CX4:4]	79.9929	1.71561	-	-	-	-	G
C40094946      none	B	[C:1][CH2:2]!@[O:3][CX4:4]	-160.004	4.55295	-	-	-	-	G
C40094946      none	B	[OX2:1][CX4H2:2]!@[CX4H2:3][OX2:4]	179.998	10.6129	-	-	-	-	G
C49478740      none	B	[$(C=O):1][NX3H1:2]!@[c:3](s)[n:4]	-0.00460092	0.574713	-	-	-	-	R
C49478740      none	B	[O:1]=[CX3:2]!@[NX3H1:3][!#1:4]	180	2.24265	-	-	-	-	G
C49478740      none	B	N[C:2](=[O:1])!@[CH2:3][N:4]	-0.00387815	9.82143	-	-	-	-	G
C49478740      none	B	[$([CX3]=O):1][NX3H1:2]!@[CX4H2:3][C:4] 	-90.0012	7.35439	-	-	-	-	G
C49478740      none	B	[O:1]=[CX3:2]!@[NX3H1:3][!#1:4]	0.0132652	63.7893	-	-	-	-	G
C49478740      none	B	[O:1][CX4:2]!@[CX3:3]=[O:4]	29.8661	2.80888	-	-	-	-	G
C13435069      none	B	[aH1:1][c:2]([aH1])!@[SX4:3][!#1:4]	90.0076	12.916	-	-	-	-	G
C13435069      none	B	[*:1]~[OX2:2]!@[SX4:3]~[*:4]	160.005	2.391	-	-	-	-	G
C13435069      none	B	[C:1][CX4H2:2]!@[OX2:3][!#1:4]	79.9966	3.4026	-	-	-	-	G
C13435069      none	B	[OX2:1][CX4:2]!@[CX4:3][OX2:4]	177.912	13.4277	-	-	-	-	G
C13435069      none	B	[*:1]~[CX4:2]!@[n:3]~[*:4]	-89.9988	3.28413	-	-	-	-	G
C38030632      none	B	[*:1][$(S(=O)=O):2]!@[NX3H0r:3][*:4]	119.996	1.23223	-	-	-	-	G
C38030632      none	B	[*:1][$(S(=O)=O):2]!@[NX3H1:3][*:4]	-59.9974	9.96512	-	-	-	-	G
C38030632      none	B	[$(S(=O)(=O)):1][NH1:2]!@[c:3]([cH1])[cH1:4]	-120.317	2.75424	-	-	-	-	O
C38030632      none	B	[!#1:1][CH2:2]!@[n:3][a:4]	89.9952	13.2097	-	-	-	-	G
C38030632      none	B	[!#1:1][CX4H2:2]!@[CX3:3]=[O:4]	30.008	3.68098	-	-	-	-	G
C38030632      none	B	[O:1]=[C:2]!@[O:3]~[C:4]	-0.00500366	74.4927	-	-	-	-	G
C48719991      none	B	[O:1]=[CX3:2]!@[NX3H1:3][!#1:4]	-0.00368433	63.7893	-	-	-	-	G
C48719991      none	B	[$([CX3]=O):1][NX3H1:2]!@[CX4H2:3][C:4] 	150.004	1.43139	-	-	-	-	O
C48719991      none	B	[!#1:1][CX4H2:2]!@[CX4H2:3][!#1:4]	-60.0014	3.77933	-	-	-	-	G
C48719991      none	B	[$([CX3]=O):1][NX3H1:2]!@[CX4H2:3][C:4] 	-90.0075	7.35439	-	-	-	-	G
C48719991      none	B	[O:1]=[CX3:2]!@[NX3H1:3][!#1:4]	0.0113298	63.7893	-	-	-	-	G
C48719991      none	B	[*^2:1]~[C^2:2]([!H])!@[C^2:3]~[*^2:4]	89.9875	1.26539	-	-	-	-	G
C48719991      none	B	[*:1]~[cX3:2]!@[NX2:3]~[*:4]	120.343	1.45599	-	-	-	-	O
C64303410      none	B	[a,!nX2H0:1][a:2]([!nX2H0])!@[a:3]([nX2H0])[nX2H0:4]	60.0063	0	-	-	-	-	R
C64303410      none	B	[*:1]~[cX3:2]!@[NX2:3]~[*:4]	-59.9853	1.53044	-	-	-	-	O
C64303410      none	B	[*^2:1]~[C^2:2]([!H])!@[C^2:3]~[*^2:4]	120.27	0.806964	-	-	-	-	G
C64303410      none	B	[$(C=O):1][NX3H1:2]!@[CX4H1:3][H:4]	-31.9975	6.97413	-	-	-	-	G
C64303410      none	B	[O:1]=[CX3:2]!@[NX3H1:3][!#1:4]	-0.000378114	63.7893	-	-	-	-	G
C15084807      none	B	[a:1][c:2]!@[CX4H1:3][a:4]	90.0033	4.22522	-	-	-	-	G
C15084807      none	B	[nX3H1:1][a:2]!@[a:3][o,s,nX2H0:4]	-29.6926	4.0724	-	-	-	-	O
C15084807      none	B	[cH1:1][c:2](cO)!@[O:3][C:4]	-89.7749	0.35524	-	-	-	-	R
CHEMBL14725      none	B	[O:1]=[C:2]([O-])!@[c:3][nX2H0:4]	179.834	20	-	-	-	-	G
C53278195      none	B	[a:1][c:2]!@[CX4H1:3][N,O:4]	-80.8114	1.59085	-	-	-	-	G
C53278195      none	B	[O:1]=[C:2]([O-])!@[CX4H1:3][H:4]	90.0048	0.86741	-	-	-	-	O
C51090978      none	B	[$(C=O):1][NX3H0:2]!@[CX4H1:3][H:4]	180	19.1176	-	-	-	-	G
C51090978      none	B	[O:1]=[CX3:2](a)!@[NX3H0:3][!#1:4]	-150	2.19542	-	-	-	-	G
C51090978      none	B	[$([c]([NH1,NH2])):1][c:2]!@[CX3:3]([!O])=[O:4]	29.996	6.90608	-	-	-	-	G
C51090978      none	B	[a:1][a:2]!@[NX3:3][!#1:4]	180	11.4213	-	-	-	-	G
C48843406      none	B	[O:1]=[CX3:2]!@[NX3H0:3][!#1:4]	149.996	1.73707	-	-	-	-	O
C48843406      none	B	N[C:2](=[O:1])!@[CH2:3][N:4]	-89.9872	0.14881	-	-	-	-	R
C48843406      none	B	[$([CX3]=O):1][NX3H1:2]!@[CX4H2:3][C:4] 	89.9999	7.35439	-	-	-	-	G
C48843406      none	B	[O:1]=[CX3:2]!@[NX3H1:3][!#1:4]	-0.004155	63.7893	-	-	-	-	G
C48843406      none	B	[O:1]=[CX3:2]!@[NX3H0:3][!#1:4]	30.3144	0.680979	-	-	-	-	O
C48843406      none	B	[O:1]=[C:2]([O-])!@[CX4H1:3][H:4]	0.000554537	0.495663	-	-	-	-	O
C36179019      none	B	[cH1:1][c:2]!@[c:3]([cH1])[nX2H0:4]	-30.0018	2.33993	-	-	-	-	G
C36179019      none	B	[a:1][c:2]!@[CX4H1:3][H:4]	179.838	7.22227	-	-	-	-	G
C59461254      none	B	[O-:1][N+:2](=O)!@[c:3]([cH,nX2H0])[cH,nX2H0:4]	179.996	23.2156	-	-	-	-	G
C59461254      none	B	[a:1][a:2]!@[NX3:3][!#1:4]	-160.003	2.54422	-	-	-	-	G
C59461254      none	B	[!#1:1][CX4H2:2]!@[NX3H1:3][!#1:4]	-150.009	1.95018	-	-	-	-	O
C59461254      none	B	[OX2:1][CX4:2]!@[CX4:3][N:4]	-179.109	9.8427	-	-	-	-	G
C07239043      none	B	[$(C=O):1][NX3H0:2]!@[c:3]([cH1])[cH1:4]	0.0274694	1.75801	-	-	-	-	G
C07239043      none	B	[C:1][CX4:2]!@[CX3:3]=[O:4]	-150.007	1.18876	-	-	-	-	G
C07239043      none	B	[O:1]=[C:2]!@[O:3]~[C:4]	29.9986	0.0796663	-	-	-	-	R
C07239043      none	B	[$(C=O):1][O:2]!@[CH2:3]~[C:4]	-89.99	4.43359	-	-	-	-	G
C07239043      none	B	[OX2:1][CX4H2:2]!@[CX3:3]([$([NX3H1,NX3H2])])=[O:4]	-150.001	0.714286	-	-	-	-	O
C07239043      none	B	[O:1]=[C:2]!@[NX3H1:3](C=O)[H:4]	179.993	35.6725	-	-	-	-	G
C07239043      none	B	[O:1]=[C:2]!@[NX3H1:3](C=O)[H:4]	0.00157285	23.6842	-	-	-	-	G
C65251895      none	B	[N:1][CX4:2]!@[CX3:3]=[O:4]	-29.999	5.37503	-	-	-	-	G
C65251895      none	B	[C:1][CX4:2]!@[NX3;"N_lp":3][C:4]	164.403	4.57693	-	-	-	-	G
C65251895      none	B	[$([c]([NH1,NH2])):1][c:2]!@[CX3:3]([!O])=[O:4]	-29.7292	6.35359	-	-	-	-	G
C65251895      none	B	[C:1][CX4:2]!@[CX3:3]=[O:4]	119.847	3.75937	-	-	-	-	G
C65251895      none	B	[O:1]=[CX3:2]!@[NX3H1:3][!#1:4]	2.26748e-06	63.7893	-	-	-	-	G
C65251895      none	B	[$(C=O):1][NX3H1:2]!@[CX4H1:3][H:4]	-0.0059126	8.26772	-	-	-	-	G
C39749475      none	B	[a:1][c:2]!@[CX4H1:3][H:4]	-179.063	7.22227	-	-	-	-	G
C39749475      none	B	[!#1:1][CX3:2]!@[SX2:3][!#1:4]	-150.005	0.338855	-	-	-	-	R
C39749475      none	B	[!#1:1][CX4:2]!@[SX2:3][!#1:4]	79.9984	6.41197	-	-	-	-	G
C39749475      none	B	[a:1][c:2]!@[CX4H2:3][!#1:4]	-134.726	2.0362	-	-	-	-	O
C39749475      none	B	[O-:1][N+:2](=O)!@[c:3]([cH,nX2H0])[cH,nX2H0:4]	179.977	23.2156	-	-	-	-	G
C19313030      none	B	[!#1:1][CX4:2]!@[CX4:3][!#1:4]	59.9956	12.3771	-	-	-	-	G
C19313030      none	B	[$([CX3]=O):1][NX3H0:2](C)!@[CX4H2:3][C:4]	89.9966	14.7513	-	-	-	-	G
C19313030      none	B	[$(C=O):1][NX3H0:2]!@[CX4H1:3][H:4]	180	19.1176	-	-	-	-	G
C19313030      none	B	[O:1]=[CX3:2]!@[NX3H0:3][!#1:4]	180	18.2537	-	-	-	-	G
C19313030      none	B	N[C:2](=[O:1])!@[CH2:3][N:4]	30.0028	5.20833	-	-	-	-	G
C19313030      none	B	[$([CX3]=O):1][NX3H0:2](C)!@[CX4H2:3][C:4]	90.0001	14.7513	-	-	-	-	G
C19313030      none	B	[a:1][c:2]!@[CX4H0:3][CX3:4]	-0.00175005	2.04487	-	-	-	-	G
C09016339      none	B	[a:1][c:2]!@[CX4H2:3][a:4]	-0.0101697	2.06767	-	-	-	-	O
C09016339      none	B	[!#1:1][CH2:2]!@[n:3][cH0:4]	90.0063	14.7896	-	-	-	-	G
C09016339      none	B	[!#1:1][CH2:2]!@[n:3][cH0:4]	-134.999	0.892478	-	-	-	-	R
C09016339      none	B	[!#1:1][CX4H2:2]!@[CX4H2:3][!#1:4]	59.9941	3.99483	-	-	-	-	G
C09016339      none	B	[$([CX3]=O):1][NX3H1:2]!@[CX4H2:3][C:4] 	90.0042	7.35439	-	-	-	-	G
C09016339      none	B	[O:1]=[CX3:2]!@[NX3H1:3][!#1:4]	0.0017178	63.7893	-	-	-	-	G
C09016339      none	B	[cH1:1][c:2]([cH1])!@[C:3]([NH1,NH2])=[O:4]	-152.996	8.78518	-	-	-	-	G
C09016339      none	B	[aH1:1][c:2]([aH1])!@[SX4:3][!#1:4]	89.9962	12.916	-	-	-	-	G
C09016339      none	B	[c:1][$(S(=O)=O):2]!@[NX3H0:3][C:4]	89.9985	4.81691	-	-	-	-	G
C40751203      none	B	[a:1][c:2]!@[C:3]([NH0])=[O:4]	-30.0028	2.55556	-	-	-	-	G
C40751203      none	B	[O:1]=[CX3:2](a)!@[NX3H0:3][!#1:4]	-30.0036	1.17502	-	-	-	-	O
C40751203      none	B	[$([CX3]=O):1][NX3H0:2](C)!@[CX4H2:3][C:4]	120.001	2.74443	-	-	-	-	O
C40751203      none	B	[$([CX3]=O):1][NX3H0:2](C)!@[CX4H2:3][C:4]	119.999	2.74443	-	-	-	-	O
C40751203      none	B	[OX2:1][CX4H2:2]!@[CX4H2:3][N:4]	-60.0039	16.5981	-	-	-	-	G
C40751203      none	B	[OX2:1][CX4H2:2]!@[CX4H2:3][N:4]	60.0062	17.6955	-	-	-	-	G
C05189523      none	B	[*:1]~[CX4:2]!@[n:3]~[*:4]	-150.001	3.13346	-	-	-	-	G
C05189523      none	B	[OX2:1][CX4:2]!@[CX4:3][OX2:4]	-61.9452	16.2177	-	-	-	-	G
C40581406      none	B	[OX2:1][CX4:2]!@[CX4:3][N:4]	40.0067	1.66292	-	-	-	-	G
C40581406      none	B	[O:1]=[C:2]([O-])!@[CX4H1:3][H:4]	89.9991	0.86741	-	-	-	-	O
C40581406      none	B	[$(C=O):1][NX3H1:2]!@[CX4H1:3][H:4]	-0.00336868	8.26772	-	-	-	-	G
C40581406      none	B	[O:1]=[CX3:2]([$([NX3H1]C)])!@[NX3H1:3][!#1:4]	0.00465955	41.1343	-	-	-	-	G
C40581406      none	B	[O:1]=[CX3:2]([$([NX3H1]C)])!@[NX3H1:3][!#1:4]	179.996	9.5176	-	-	-	-	R
C40581406      none	B	[$(C=O):1][NX3:2]!@[a:3][aH0:4]	-119.996	2.3332	-	-	-	-	G
C19892310      none	B	[*:1]~[CX4:2]!@[NX2:3]~[*:4]	-90.0042	1.67903	-	-	-	-	G
C19892310      none	B	[O:1]=[CX3:2](a)!@[NX3H0:3][!#1:4]	-150.023	2.19542	-	-	-	-	G
C19892310      none	B	[*:1]~[CX4:2]!@[NX2:3]~[*:4]	-90.0007	1.67903	-	-	-	-	G
C19892310      none	B	[a:1][c:2]!@[C:3]([NH0])=[O:4]	-149.717	1.44444	-	-	-	-	G
C34754668      none	B	[O:1]=[CX3:2]([NH1])!@[CH2:3][C:4]	60.0021	6.84932	-	-	-	-	G
C34754668      none	B	[O:1]=[CX3:2]!@[NX3H1:3][!#1:4]	-0.00273882	63.7893	-	-	-	-	G
C34754668      none	B	[$(C=O):1][NX3H1:2]!@[CX4H1:3][H:4]	-59.996	1.23735	-	-	-	-	G
C34754668      none	B	[OX2:1][CX4:2]!@[CX4:3][OX2:4]	-39.9471	0.393994	-	-	-	-	O
C05421253      none	B	[cH1:1][c:2]([cH1])!@[CX3:3]=[NX2:4]	59.9999	0.877718	-	-	-	-	O
C05421253      none	B	[*:1]~[N,n:2]!@[S:3]~[*:4]	-60.0016	4.40087	-	-	-	-	G
C05421253      none	B	[aH1:1][c:2]([aH1])!@[SX4:3][!#1:4]	-89.7332	12.5987	-	-	-	-	G
C38675537      none	B	[!#1:1][CX4H2:2]!@[CX4H2:3][!#1:4]	179.998	58.554	-	-	-	-	G
C38675537      none	B	[!#1:1][CH2:2]!@[n:3][cH0:4]	-89.7055	15.4696	-	-	-	-	G
C38675537      none	B	[aH0:1][c:2]([aH0])!@[SX2:3][!#1:4]	120.004	1.75348	-	-	-	-	G
C38675537      none	B	[!#1:1][CX4:2]!@[SX2:3][!#1:4]	90.0032	2.8728	-	-	-	-	G
C38675537      none	B	[!#1:1][CX4H2:2]!@[CX3:3]=[O:4]	29.9959	3.68098	-	-	-	-	G
C38675537      none	B	[*^2:1]~[C^2:2]([!H])!@[C^2:3]~[*^2:4]	120.289	0.806964	-	-	-	-	G
C38675537      none	B	[$([CX3]=O):1][NX3H0:2](C)!@[CX4H2:3][C:4]	90.0017	14.7513	-	-	-	-	G
C38675537      none	B	[!#1:1][CX4H2:2]!@[CX4H2:3][!#1:4]	180	58.554	-	-	-	-	G
C04237844      none	B	[O-:1][N+:2](=O)!@[c:3]([cH,nX2H0])[cH,nX2H0:4]	179.979	23.2156	-	-	-	-	G
C04237844      none	B	[$(C=O):1][NX3H0:2]!@[c:3]([cH1])[cH1:4]	150.016	1.18925	-	-	-	-	G
C04237844      none	B	[O:1]=[C:2]([O-])!@[CX4H1:3][H:4]	0.00182471	0.495663	-	-	-	-	O
C13154261      none	B	[O:1]=[C:2]([N])!@[O:3]~[C:4]	-0.0029687	57.729	-	-	-	-	G
C13154261      none	B	[O:1]=[CX3:2]!@[NX3H1:3][!#1:4]	180	2.24265	-	-	-	-	G
C13154261      none	B	[$(C=O):1][NX3H1:2]!@[c:3]([cH1])[cH1:4]	30.0199	5.05437	-	-	-	-	G
C13154261      none	B	[aH1:1][c:2]([aH1])!@[SX4:3][!#1:4]	30.007	0.225606	-	-	-	-	R
C13154261      none	B	[*:1][$(S(=O)=O):2]!@[NX3H0r:3][*:4]	90.2698	4.85782	-	-	-	-	G
C13154261      none	B	[CX4:1][CX4H2:2]!@[NX3;"N_lp":3][CX4:4]	-160	6.65327	-	-	-	-	G
C13154261      none	B	[!#1:1][CX4H2:2]!@[CX4H2:3][!#1:4]	60.0024	3.99483	-	-	-	-	G
C13154261      none	B	[$([CX3]=O):1][NX3H0:2](C)!@[CX4H2:3][C:4]	-120.001	2.31561	-	-	-	-	O
C64656277      none	B	[a:1][c:2]!@[C:3]([NH0])=[O:4]	59.9936	3.02778	-	-	-	-	G
C64656277      none	B	[O:1]=[CX3:2](a)!@[NX3H0:3][!#1:4]	-149.722	2.19542	-	-	-	-	O
C62827804      none	B	[$([C](=O)):1][NX3:2]!@[a:3](s)[a:4]	-149.741	0	-	-	-	-	R
C62827804      none	B	[O:1]=[C:2]([O-])!@[c:3]([cH0])[cH0:4]	-179.78	20	-	-	-	-	G
C62827804      none	B	[O:1]=[CX3:2]!@[NX3H1:3][!#1:4]	59.9883	0	-	-	-	-	R
C62827804      none	B	[O:1]=[CX3:2]!@[NX3H0:3][!#1:4]	0.284679	25.0866	-	-	-	-	G
C40915931      none	B	[$(C=O):1][NX3:2]!@[a:3][aH0:4]	150.003	1.842	-	-	-	-	O
C40915931      none	B	[O:1]=[CX3:2]!@[NX3H1:3][!#1:4]	-0.0168995	63.7893	-	-	-	-	G
C40915931      none	B	[*^2:1]~[C^2:2]([!H])!@[C^2:3]~[*^2:4]	-59.7304	0.757173	-	-	-	-	O
C40915931      none	B	[a:1][c:2]!@[CX4H1:3][a:4]	60.0093	3.33975	-	-	-	-	G
C40915931      none	B	[cH1:1][c:2]([cH1])!@[O:3][C:4]	30.002	0.264964	-	-	-	-	O
C40915931      none	B	[C:1][CX4H2:2]!@[OX2:3][c:4]	180	43.8829	-	-	-	-	G
C40915931      none	B	[O:1][CX4:2]!@[CX3:3]=[O:4]	-120.006	1.11962	-	-	-	-	O
C40915931      none	B	[O:1]=[CX3:2]!@[NX3H0:3][!#1:4]	0.283055	25.0866	-	-	-	-	G
C38029999      none	B	[$(C=O):1][NX3H1:2]!@[c:3]([cH1])[cH1:4]	-0.00713373	7.77286	-	-	-	-	G
C38029999      none	B	[!#1:1][CH2:2]!@[n:3][a:4]	44.9969	0.249004	-	-	-	-	O
C38029999      none	B	[!#1:1][CX4H2:2]!@[CX3:3]=[O:4]	-120.012	0.59462	-	-	-	-	O
C38029999      none	B	[O:1]=[CX3:2]!@[NX3H1:3][!#1:4]	0.00645424	63.7893	-	-	-	-	G
C38029999      none	B	[C:1][CX4:2]!@[CX3:3]=[O:4]	-119.938	3.42432	-	-	-	-	G
C38029999      none	B	[O:1]=[CX3:2]!@[NX3H0:3][!#1:4]	-150.003	1.37927	-	-	-	-	O
C61589220      none	B	[a:1][c:2]([a])!@[O:3][CX4H0:4]	90.002	10.3226	-	-	-	-	G
C61589220      none	B	[O-:1][N+:2](=O)!@[c:3]([cH0])[cH,nX2H0:4]	-0.044859	12.6374	-	-	-	-	G
C61589220      none	B	[!#1:1][CX4H0:2]!@[OX2:3][!#1:4]	-89.5348	0.255135	-	-	-	-	R
C61589220      none	B	[O:1][CX4:2]!@[CX3:3]=[O:4]	89.9981	0.432135	-	-	-	-	O
C49270149      none	B	[$([CX3]=O):1][NX3H0:2](C)!@[CX4H2:3][C:4]	-90.0032	15.9949	-	-	-	-	G
C49270149      none	B	[O:1]=[CX3:2]!@[NX3H0:3][!#1:4]	179.994	18.2537	-	-	-	-	G
C49270149      none	B	N[C:2](=[O:1])!@[CH2:3][N:4]	-119.988	0.892857	-	-	-	-	O
C49270149      none	B	[*^2:1]~[C^2:2]([!H])!@[C^2:3]~[*^2:4]	-119.996	0.661024	-	-	-	-	G
C49270149      none	B	[*:1]~[cX3:2]!@[NX2:3]~[*:4]	-59.6764	1.53044	-	-	-	-	O
C49270149      none	B	[a:1][c:2]!@[CX4H1:3][H:4]	-120.001	0.954033	-	-	-	-	G
C48719508      none	B	[OX2:1][CX4:2]!@[CX4:3][N:4]	60.0038	15.2809	-	-	-	-	G
C48719508      none	B	[$([CX3]=O):1][NX3H1:2]!@[CX4H2:3][C:4] 	180	6.46594	-	-	-	-	G
C48719508      none	B	[O:1]=[CX3:2]!@[NX3H1:3][!#1:4]	-0.00822402	63.7893	-	-	-	-	G
C48719508      none	B	[*^2:1]~[C^2:2]([!H])!@[C^2:3]~[*^2:4]	-179.988	19.9269	-	-	-	-	G
C48719508      none	B	[*:1]~[cX3:2]!@[NX2:3]~[*:4]	-119.667	1.40635	-	-	-	-	O
C48719508      none	B	[n,o,s:1][c:2]!@[CX4H2:3][CX4:4]	45.0028	2.99177	-	-	-	-	O
C48719508      none	B	[!#1:1][CX4:2]!@[CX4:3][!#1:4]	59.9988	12.3771	-	-	-	-	G
C33707737      none	B	[cH1,n:1][c:2]!@[O:3][CRH1:4]	-150.004	3.04878	-	-	-	-	G
C33707737      none	B	[H:1][CX4H1:2]!@[OX2:3][!#1:4]	-59.9958	2.37856	-	-	-	-	G
C33707737      none	B	[OX2:1][CX4:2]!@[CX4:3][OX2:4]	-80.0426	2.4811	-	-	-	-	O
C33707737      none	B	[C:1][CX4H2:2]!@[OX2:3][!#1:4]	80.0001	3.4026	-	-	-	-	G
C33707737      none	B	[*:1]~[OX2:2]!@[SX4:3]~[*:4]	40.0052	4.66479	-	-	-	-	G
C15085066      none	B	[a:1][a:2]!@[NX3:3][!#1:4]	179.998	11.4213	-	-	-	-	G
C15085066      none	B	[a:1][c:2]!@[CX4H1:3][a:4]	-60.0022	3.71511	-	-	-	-	G
C44228402      none	B	[OX2:1][CX4:2]!@[CX4:3][OX2:4]	40.0015	0.511128	-	-	-	-	G
C44228402      none	B	[OX2:1][CX4:2]!@[CX4:3][OX2:4]	-39.9966	0.393994	-	-	-	-	G
C44228402      none	B	[OX2:1][CX4:2]!@[CX4:3][OX2:4]	-39.9896	0.393994	-	-	-	-	O
C44228402      none	B	[OX2:1][CX4:2]!@[CX4:3][OX2:4]	-79.9953	2.4811	-	-	-	-	G
C44228402      none	B	[OX2:1][CX4:2]!@[CX4:3][OX2:4]	39.9968	0.511128	-	-	-	-	G
C37519080      none	B	[aH1:1][c:2]([aH1])!@[SX4:3][!#1:4]	89.997	12.916	-	-	-	-	G
C37519080      none	B	[c:1][S:2](=O)(=O)!@[NX2H0-:3]-[*:4]	89.9953	2.77778	-	-	-	-	G
C37519080      none	B	[$(S(=O)(=O)):1][NH0:2]!@[c:3]([cH1])[cH1:4]	-90.2664	17.7686	-	-	-	-	G
C44127255      none	B	[O:1]=[CX3:2]!@[NX3H1:3][!#1:4]	-0.0033671	63.7893	-	-	-	-	G
C44127255      none	B	[$(C=O):1][NX3H1:2]!@[CX4H1:3][H:4]	179.999	0.712411	-	-	-	-	R
C44127255      none	B	[OX2:1][CX4:2]!@[CX4:3][OX2:4]	-160.091	0.511128	-	-	-	-	G
C59861950      none	B	[cH0:1][c:2]([cH1])!@[O:3][C:4]	-90.0009	0.64732	-	-	-	-	R
C59861950      none	B	[O-:1][N+:2](=O)!@[c:3]([cH,nX2H0])[cH,nX2H0:4]	179.973	23.2156	-	-	-	-	G
C59861950      none	B	[c:1][c:2]!@[c:3][s,o,nX3H1:4]	-0.00157907	17.837	-	-	-	-	G
C59861950      none	B	[a:1][c:2]!@[CX3:3]=[CX3H0:4]	-89.9966	1.59557	-	-	-	-	G
C59861950      none	B	[$(C=O):1][NX3H0:2]!@[c:3]([cH1])[cH1:4]	-59.7425	5.10169	-	-	-	-	G
C45648631      none	B	[!#1:1][CX4:2]!@[CX4:3][!#1:4]	59.9954	12.3771	-	-	-	-	G
C45648631      none	B	[$([CX3]=O):1][NX3H1:2]!@[CX4H2:3][C:4] 	179.999	6.46594	-	-	-	-	G
C45648631      none	B	[O:1]=[CX3:2]([$([NX3H1]C)])!@[NX3H1:3][!#1:4]	0.000525139	41.1343	-	-	-	-	G
C45648631      none	B	[O:1]=[CX3:2]([$([NX3H1]C)])!@[NX3H1:3][!#1:4]	0.00916517	41.1343	-	-	-	-	G
C45648631      none	B	[$([CX3]=O):1][NX3H1:2]!@[CX4H2:3][C:4] 	59.9974	1.1846	-	-	-	-	G
C45648631      none	B	N[C:2](=[O:1])!@[CH2:3][N:4]	-149.998	2.38095	-	-	-	-	G
C45648631      none	B	[O:1]=[CX3:2]!@[NX3H1:3][!#1:4]	0.00797835	63.7893	-	-	-	-	G
C45648631      none	B	[$([CX3]=O):1][NX3H1:2]!@[CX4H2:3][C:4] 	179.992	6.46594	-	-	-	-	G
C45648631      none	B	[NH1:1][CX4:2]!@[CX3:3]=[O:4]	119.991	0.41354	-	-	-	-	G
C65383209      none	B	[!#1:1][CX4H0:2]!@[OX2:3][!#1:4]	60.0034	19.4328	-	-	-	-	G
C65383209      none	B	[O:1]=[C:2]!@[O:3]~[CH0:4]	-59.9963	0	-	-	-	-	R
C65383209      none	B	[O:1]=[CX3:2]!@[NX3H0:3][!#1:4]	-179.725	18.2537	-	-	-	-	G
C65383209      none	B	[CX4:1][CX4H2:2]!@[NX3;"N_lp":3][CX4:4]	80.0032	8.72362	-	-	-	-	G
C65383209      none	B	[!#1:1][CX4H2:2]!@[CX4H2:3][!#1:4]	180	58.554	-	-	-	-	G
C65383209      none	B	[$([CX3]=O):1][NX3H1:2]!@[CX4H2:3][C:4] 	119.997	2.76407	-	-	-	-	O
C65383209      none	B	[O:1]=[CX3:2]!@[NX3H1:3][!#1:4]	1.8439e-05	63.7893	-	-	-	-	G
C65383209      none	B	[O:1]=[CX3:2]!@[NX3H0:3][!#1:4]	150.277	1.73707	-	-	-	-	O
C65383209      none	B	[O:1][CX4:2]!@[CX3:3]=[O:4]	30.1925	2.80888	-	-	-	-	G
C42164724      none	B	[$(C=O):1][NX3H1:2]!@[c:3]([cH0]F)[cH:4]	-0.000757973	14.0351	-	-	-	-	G
C42164724      none	B	[O:1]=[CX3:2]!@[NX3H1:3][!#1:4]	-59.9972	0	-	-	-	-	R
C42164724      none	B	[O:1]=[CX3:2]!@[NX3H0:3][!#1:4]	-179.689	18.2537	-	-	-	-	G
C42164724      none	B	[!#1:1][CX4:2]!@[CX4:3][!#1:4]	80.0013	1.75235	-	-	-	-	G
C42164724      none	B	[C:1][CX4H2:2]!@[CX3:3]=[O:4]	-120.004	0.79457	-	-	-	-	O
C44668152      none	B	[a:1][a:2]!@[NX3:3][!#1:4]	-30	1.93298	-	-	-	-	O
C44668152      none	B	[*:1]~[NX3:2]!@[NX3:3]~[*:4]	159.999	3.3545	-	-	-	-	G
C44668152      none	B	[*:1][$(S(=O)=O):2]!@[NX3H1:3][*:4]	59.9989	8.81913	-	-	-	-	G
C44668152      none	B	[aH1:1][c:2]([aH1])!@[SX4:3][!#1:4]	90.2669	12.916	-	-	-	-	G
C58232394      none	B	[*:1][$(S(=O)=O):2]!@[NX3H0:3][*:4]	90.004	5.90452	-	-	-	-	G
C58232394      none	B	[*:1]~[N,n:2]!@[S:3]~[*:4]	59.998	4.33354	-	-	-	-	G
C58232394      none	B	[$(S(=O)(=O)):1][N:2]!@[c:3][a:4]	-60.0036	1.85547	-	-	-	-	G
C58232394      none	B	[a:1][c:2]!@[CX4H1:3][H:4]	-29.9924	3.94031	-	-	-	-	G
C09082244      none	B	[O:1]=[CX3:2]!@[NX3H1:3][!#1:4]	0.0104344	63.7893	-	-	-	-	G
C09082244      none	B	[$(C=O):1][NX3H1:2]!@[c:3]([cH1])[cH1:4]	89.9995	0.0402739	-	-	-	-	R
C09082244      none	B	[aH1:1][c:2]([aH1])!@[SX4:3][!#1:4]	90.0023	12.916	-	-	-	-	G
C09082244      none	B	[c:1][$(S(=O)=O):2]!@[NX3H1:3][C:4]	59.9981	14.5215	-	-	-	-	G
C09082244      none	B	[$(S(=O)(=O)):1][NX3H1:2]!@[CX4H2:3][!#1:4]	149.999	5.15021	-	-	-	-	G
C09082244      none	B	[!#1:1][CX4:2]!@[CX4:3][!#1:4]	60.0005	12.3771	-	-	-	-	G
C09082244      none	B	[a:1][c:2]!@[CX4H1:3][H:4]	0.00552955	6.54616	-	-	-	-	G
C09082244      none	B	[H:1][CX4H1:2]!@[SX4:3][!#1:4]	-52.258	11.8252	-	-	-	-	G
C09082244      none	B	[aH1:1][c:2]([aH1])!@[SX4:3][!#1:4]	-89.7279	12.5987	-	-	-	-	G
C48896367      none	B	[a:1][a:2]!@[NX3:3][!#1:4]	29.9976	1.9288	-	-	-	-	O
C48896367      none	B	[O-:1][N+:2](=O)!@[c:3]([cH0])[cH,nX2H0:4]	-0.0297309	12.6374	-	-	-	-	G
C48896367      none	B	[aH1:1][c:2]([aH1])!@[SX4:3][!#1:4]	-110	4.53328	-	-	-	-	G
C48896367      none	B	[*:1][$(S(=O)=O):2]!@[NX3H0r:3][*:4]	60.2837	7.32227	-	-	-	-	G
C17174166      none	B	[*:1]~[CX4:2]!@[n:3]~[*:4]	-120.004	3.09532	-	-	-	-	G
C17174166      none	B	[OX2:1][CX4:2]!@[CX4:3][OX2:4]	-54.3229	3.1839	-	-	-	-	G
C51578981      none	B	[cH0:1][c:2]!@[C:3](=[N:4])	-90.0262	0.57398	-	-	-	-	G
C51578981      none	B	[cH0:1][c:2]([cH,nX2H0])!@[NX3H0:3][CX4:4]	-89.738	1.8357	-	-	-	-	G
C16110298      none	B	[c:1][$(S(=O)=O):2]!@[NX3H1:3][C:4]	-60.0041	13.7514	-	-	-	-	G
C16110298      none	B	[aH1:1][c:2]([aH1])!@[SX4:3][!#1:4]	90.2722	12.916	-	-	-	-	G
C16110298      none	B	[cH1:1][c:2]([cH1])!@[C:3]([NH1,NH2])=[O:4]	-27.2277	8.39053	-	-	-	-	G
C16110298      none	B	[O:1]=[CX3:2]!@[NX3H1:3][!#1:4]	-0.00755361	63.7893	-	-	-	-	G
C16110298      none	B	[$(C=O):1][NX3H1:2]!@[CX4H1:3][H:4]	30.0047	9.46757	-	-	-	-	G
C02508689      none	B	[cH0:1][c:2]([cH,nX2H0])!@[NX3H1:3][CX4:4]	179.977	49.7854	-	-	-	-	G
C02508689      none	B	[a:1][c:2]!@[CX3:3]=[CX3H0:4]	-120	3.00312	-	-	-	-	G
C02508689      none	B	[$([CX3]=O):1][NX3H0:2](C)!@[CX4H2:3][C:4]	-60.0048	0.686106	-	-	-	-	O
C02508689      none	B	[!#1:1][CX4H2:2]!@[CX4H2:3][!#1:4]	180	58.554	-	-	-	-	G
C02508689      none	B	[!#1:1][CX4H2:2]!@[CX4H2:3][!#1:4]	180	58.554	-	-	-	-	G
C02508689      none	B	[C:1][CX4H2:2]!@[CX3:3]=[O:4]	-120.002	0.79457	-	-	-	-	O
C02508689      none	B	[!#1:1][CX4H2:2]!@[NX3H1:3][!#1:4]	179.999	11.3535	-	-	-	-	G
C02508689      none	B	[a:1][c:2]!@[CX4H2:3][!#1:4]	-179.69	2.35335	-	-	-	-	O
C37839459      none	B	[C:1][CX4H2:2]!@[CX3:3]=[O:4]	120.001	0.695249	-	-	-	-	O
C37839459      none	B	[C:1][CX4H2:2]!@[CX3:3]=[O:4]	0.00691518	18.7883	-	-	-	-	G
C37839459      none	B	[O:1]=[CX3:2]!@[NX3H0:3][!#1:4]	-149.73	1.37927	-	-	-	-	O
C37839459      none	B	[!#1:1][CX4:2]!@[CX4:3][!#1:4]	39.9993	0.998355	-	-	-	-	G
C37839459      none	B	[$(S(=O)(=O)):1][NX3H1:2]!@[CX4H2:3][!#1:4]	-150.002	7.72532	-	-	-	-	G
C37839459      none	B	[*:1][$(S(=O)=O):2]!@[NX3H1:3][*:4]	90.0039	4.90782	-	-	-	-	G
C36902465      none	B	[$([cH0]([CX3])):1][c:2]([cH1])!@[O:3][C:4]	-120.027	0.347222	-	-	-	-	R
C36902465      none	B	[a:1][c:2]!@[C:3]([NH1,NH2])=[O:4]	-89.998	0.299564	-	-	-	-	O
C36902465      none	B	[c:1][CX4H2:2]!@[OX2:3][c:4]	119.998	0.172563	-	-	-	-	R
C36902465      none	B	[a:1][c:2]!@[CX4H2:3][!#1:4]	-89.715	7.30446	-	-	-	-	G
C36902465      none	B	[O:1]=[C:2]([O-])!@[c:3][nX2H0:4]	-179.777	20	-	-	-	-	G
C35057608      none	B	[O:1]=[CX3:2]!@[NX3H1:3][!#1:4]	0.00517821	63.7893	-	-	-	-	G
C35057608      none	B	[$(C=O):1][NX3H1:2]!@[CX4H1:3][H:4]	-30.0019	6.97413	-	-	-	-	G
C35057608      none	B	[H:1][CX4H1:2]!@[O:3][CX4:4]	39.915	11.9906	-	-	-	-	G
C35057608      none	B	[a:1][c:2]!@[CX4H1:3][N,O:4]	-149.733	3.72593	-	-	-	-	G
C35057608      none	B	[H:1][CX4H1:2]!@[OX2:3][!#1:4]	0.0884435	7.47259	-	-	-	-	G
C35057608      none	B	[cH1,n:1][c:2]!@[O:3][CRH1:4]	-59.9954	0.609756	-	-	-	-	R
C35057608      none	B	[C:1][CH2:2]!@[O:3][CX4:4]	-159.999	4.55295	-	-	-	-	G
C35057608      none	B	[O:1][CX4:2]!@[CX3:3]=[O:4]	-119.991	1.11962	-	-	-	-	O
C39462592      none	B	[O:1][CX4:2]!@[CX3:3]=[O:4]	179.999	6.67845	-	-	-	-	G
C39462592      none	B	[$(C=O):1][O:2]!@[CH1:3][H:4]	-30.0087	11.3505	-	-	-	-	G
C39462592      none	B	[*:1]~[CX3:2]!@[NX2:3]~[*:4]	90.003	0.126195	-	-	-	-	G
C39462592      none	B	[O:1]=[C:2]!@[O:3]~[C:4]	30.0106	0.0796663	-	-	-	-	R
C39462592      none	B	[a:1][a:2]!@[CX3:3]=[O:4]	120.284	0.855256	-	-	-	-	O
C39462592      none	B	[c:1][c:2]!@[c:3][s,o,nX3H1:4]	0.278373	17.837	-	-	-	-	G
C59171173      none	B	[$(C=O):1][NX3:2]!@[a:3][aH0:4]	60.2944	2.5788	-	-	-	-	G
C32110881      none	B	[cH1:1][c:2]([cH1])!@[C:3]([NH1,NH2])=[O:4]	27.0239	8.08167	-	-	-	-	G
C32110881      none	B	[O:1]=[CX3:2]!@[NX3H1:3][!#1:4]	-0.00638093	63.7893	-	-	-	-	G
C32110881      none	B	[*:1]~[NX3:2]!@[NX2:3]~[*:4]	90.003	0.0824111	-	-	-	-	R
C32110881      none	B	[cH1:1][c:2]([cH0])!@[CX3x0:3]=[NX2:4]	-59.722	0.248139	-	-	-	-	G
C40568860      none	B	[$(C=O):1][NX3H0:2]!@[CX4H2:3][!#1:4]	119.986	3.3859	-	-	-	-	G
C40568860      none	B	[OX2:1][CX4:2]!@[CX4:3][N:4]	-82.0964	3.59551	-	-	-	-	O
C04006173      none	B	[a:1][c:2]!@[CX4H0:3][CX4:4]	151.199	1.47886	-	-	-	-	O
C50306287      none	B	[$([c]([NH1,NH2])):1][c:2]!@[CX3:3]([!O])=[O:4]	-60.0045	0.552486	-	-	-	-	R
C50306287      none	B	[O:1]=[CX3:2](a)!@[NX3H0:3][!#1:4]	0.00293451	23.6549	-	-	-	-	G
C50306287      none	B	[$([CX3]=O):1][NX3H0:2](C)!@[CX4H2:3][C:4]	-89.9995	15.9949	-	-	-	-	G
C50306287      none	B	[$([CX3]=O):1][NX3H0:2](C)!@[CX4H2:3][C:4]	-90.0025	15.9949	-	-	-	-	G
C50306287      none	B	[!#1:1][CX4H2:2]!@[CX4H2:3][!#1:4]	59.9994	3.99483	-	-	-	-	G
C50306287      none	B	[!#1:1][CX4H2:2]!@[CX4H2:3][!#1:4]	179.999	58.554	-	-	-	-	G
C63911442      none	B	[a:1][c:2]!@[C:3]([NH1,NH2])=[O:4]	-60.0076	0.499274	-	-	-	-	G
C63911442      none	B	[O:1]=[CX3:2]!@[NX3H1:3][!#1:4]	0.00350773	63.7893	-	-	-	-	G
C63911442      none	B	[*:1]~[NX3:2]!@[NX2:3]~[*:4]	180	29.4914	-	-	-	-	G
C63911442      none	B	[c:1][S:2](=O)(=O)!@[NX2H0-:3]-[*:4]	-60.0027	11.1111	-	-	-	-	G
C63911442      none	B	[aH0:1][c:2]([aH1])!@[SX4:3][!#1:4]	-70.3214	15.3236	-	-	-	-	G
C63911442      none	B	[O-:1][N+:2](=O)!@[c:3][a:4]	-0.00177119	18.5814	-	-	-	-	G
C63900029      none	B	[!#1:1][CX4H1:2]!@[NX3:3][!#1:4]	180	2.80076	-	-	-	-	G
C63900029      none	B	[$(C=O):1][NX3H0:2]!@[c:3]([cH1])[cH1:4]	-60.0014	5.10169	-	-	-	-	G
C63900029      none	B	[a:1][c:2]!@[NX3H1:3][$([CX4r]([C;r])([C;r])):4]	-150.002	1.42045	-	-	-	-	G
C29462965      none	B	[O:1]=[CX3:2](a)!@[NX3H0:3][!#1:4]	-30.0007	1.17502	-	-	-	-	O
C29462965      none	B	[a:1][c:2]!@[C:3]([NH0])=[O:4]	-59.707	3.63889	-	-	-	-	G
C36796901      none	B	[aH1:1][c:2]([aH1])!@[SX4:3][!#1:4]	109.999	4.92809	-	-	-	-	G
C36796901      none	B	[a:1][c:2]!@[C:3]([NH1,NH2])=[O:4]	89.997	0.308642	-	-	-	-	O
C36796901      none	B	[*:1][$(S(=O)=O):2]!@[NX3H0r:3][*:4]	-59.7198	8.17536	-	-	-	-	O
C36796901      none	B	[OX2:1][CX4:2]!@[CX4:3][N:4]	80.0014	3.55056	-	-	-	-	G
C59368828      none	B	[*:1]~[CX4:2]!@[n:3]~[*:4]	-59.6912	3.65221	-	-	-	-	G
C59368828      none	B	[cH1:1][c:2]([cH1])!@[C:3]([NH1,NH2])=[O:4]	-89.9832	0	-	-	-	-	R
C59368828      none	B	[O:1]=[CX3:2]!@[NX3H1:3][!#1:4]	0.010418	63.7893	-	-	-	-	G
C59368828      none	B	[*:1]~[NX3:2]!@[NX3:3]~[*:4]	150.002	1.2148	-	-	-	-	G
C59368828      none	B	[O:1]=[CX3:2]!@[NX3H1:3][!#1:4]	-0.00660333	63.7893	-	-	-	-	G
C59368828      none	B	[cH1:1][c:2]([cH1])!@[C:3]([NH1,NH2])=[O:4]	26.9913	8.08167	-	-	-	-	G
C05884311      none	B	[*:1]~[CX4:2]!@[n:3]~[*:4]	180	3.53397	-	-	-	-	G
C05884311      none	B	[CX3:1]=[CX3:2]!@[CH2:3][OX2:4]	-59.9886	0.763359	-	-	-	-	R
C08029861      none	B	[cH1:1][c:2]([cH1])!@[CX4H2:3][CX4:4]	-89.9707	11.9355	-	-	-	-	G
C08029861      none	B	[!#1:1][CX4H2:2]!@[CX4H2:3][!#1:4]	59.9962	3.99483	-	-	-	-	G
C08029861      none	B	[$(S(=O)(=O)):1][NX3H1:2]!@[CX4H2:3][!#1:4]	90.0007	3.00429	-	-	-	-	G
C08029861      none	B	[c:1][$(S(=O)=O):2]!@[NX3H1:3][C:4]	-59.9988	13.7514	-	-	-	-	G
C08029861      none	B	[aH0:1][c:2]([aH1])!@[SX4:3][!#1:4]	89.7284	4.49141	-	-	-	-	G
C08029861      none	B	[O:1]=[C:2]([O-])!@[c:3]([cH1])[cH1:4]	179.98	7.35294	-	-	-	-	G
C59304736      none	B	[a:1][c:2]!@[C:3]([NH1,NH2])=[O:4]	-149.994	5.2923	-	-	-	-	O
C59304736      none	B	[O:1]=[CX3:2]!@[NX3H1:3][!#1:4]	-0.00764005	63.7893	-	-	-	-	G
C59304736      none	B	[*:1]~[NX3:2]!@[NX2:3]~[*:4]	179.999	29.4914	-	-	-	-	G
C59304736      none	B	[cH1:1][c:2]([cH0])!@[CX3x0:3]=[NX2:4]	30.2805	0.850762	-	-	-	-	G
C59304736      none	B	[O-:1][N+:2](=O)!@[c:3]([cH,nX2H0])[cH,nX2H0:4]	179.984	23.2156	-	-	-	-	G
C59304736      none	B	[O-:1][N+:2](=O)!@[c:3]([cH0])[cH,nX2H0:4]	89.7295	0.274725	-	-	-	-	O
C50633877      none	B	[O:1]=[CX3:2]!@[NX3H1:3][!#1:4]	0.00280061	63.7893	-	-	-	-	G
C50633877      none	B	[$([CX3]=O):1][NX3H1:2]!@[CX4H2:3][C:4] 	-90.0107	7.35439	-	-	-	-	G
C50633877      none	B	N[C:2](=[O:1])!@[CH2:3][N:4]	-150.004	2.38095	-	-	-	-	G
C50633877      none	B	[O:1]=[CX3:2]!@[NX3H1:3][!#1:4]	0.0074971	63.7893	-	-	-	-	G
C50633877      none	B	[$([CX3]=O):1][NX3H1:2]!@[CX4H2:3][C:4] 	90.0003	7.35439	-	-	-	-	G
C50633877      none	B	N[C:2](=[O:1])!@[CH2:3][N:4]	179.997	8.33333	-	-	-	-	G
C50633877      none	B	[O:1]=[CX3:2]!@[NX3H1:3][!#1:4]	0.00556982	63.7893	-	-	-	-	G
C50633877      none	B	[$(C=O):1][NX3H1:2]!@[CX4H1:3][H:4]	-30.0039	6.97413	-	-	-	-	G
C48726082      none	B	[$(C=O):1][NX3:2]!@[a:3][aH0:4]	150	1.842	-	-	-	-	O
C48726082      none	B	[O:1]=[CX3:2]!@[NX3H1:3][!#1:4]	0.0117523	63.7893	-	-	-	-	G
C48726082      none	B	[O:1]=[CX3:2]!@[CX3:3]=[O:4]	-90.0029	4.15225	-	-	-	-	G
C48726082      none	B	[O:1]=[CX3:2]!@[NX3H0:3][!#1:4]	0.277111	25.0866	-	-	-	-	G
CHEMBL222519      none	B	[aH0:1][c:2]([aH1])!@[SX4:3][!#1:4]	179.998	1.4531	-	-	-	-	G
CHEMBL222519      none	B	[O-:1][N+:2](=O)!@[c:3]([cH0])[cH,nX2H0:4]	89.98	0.274725	-	-	-	-	O
C12360597      none	B	[a:1][c:2]!@[CX4H1:3][N,O:4]	119.44	3.12238	-	-	-	-	G
C12360597      none	B	[cH1,nX2H0:1][c:2]([cH1,nX2H0])!@[NX3r:3][*:4]	0.00567357	5.93199	-	-	-	-	G
C12360597      none	B	[a:1][a:2]!@[NX3:3][!#1:4]	0.00236375	10.9271	-	-	-	-	G
C12360597      none	B	[nX2:1][c:2]([nX2])!@[O:3][C:4]	-150.004	0	-	-	-	-	R
C12360597      none	B	[C:1][CX4H2:2]!@[OX2:3][c:4]	149.994	0.884397	-	-	-	-	O
C12360597      none	B	[*:1]~[NX3:2]!@[NX2:3]~[*:4]	179.999	29.4914	-	-	-	-	G
C12360597      none	B	[cH1:1][c:2]([cH0])!@[CX3x0:3]=[NX2:4]	0.27871	6.02623	-	-	-	-	G
C12360597      none	B	[O-:1][N+:2](=O)!@[c:3]([cH0])[cH,nX2H0:4]	89.7552	0.274725	-	-	-	-	O
C47427676      none	B	[cH1:1][c:2]([cH1])!@[C:3]([NH1,NH2])=[O:4]	153.033	9.05971	-	-	-	-	G
C47427676      none	B	[cH0:1][a:2]([cH1])!@[a:3]([sX2,o,nX2H0,nX3H1:4])([cH1])	-0.00593167	10.4563	-	-	-	-	G
C47427676      none	B	[O:1]=[CX3:2]!@[NX3H1:3][!#1:4]	-0.00621116	63.7893	-	-	-	-	G
C47427676      none	B	[*:1]~[NX3:2]!@[NX3:3]~[*:4]	-89.9928	3.3545	-	-	-	-	G
C47427676      none	B	[O:1]=[CX3:2]!@[NX3H1:3][!#1:4]	-0.00516347	63.7893	-	-	-	-	G
C47427676      none	B	[O:1]=[CX3:2]!@[CX4H1r3:3][H:4]	179.995	19.5	-	-	-	-	G
C15857628      none	B	[cH1:1][c:2]([cH1])!@[O:3][S:4]	90.0018	8.8	-	-	-	-	G
C15857628      none	B	[cH1:1][c:2]([cH1])!@[CX3:3]=[NX2:4]	0.00257526	14.4225	-	-	-	-	G
C15857628      none	B	[*:1]~[NX2:2]!@[NX2:3]~[*:4]	179.996	68.0512	-	-	-	-	G
C15857628      none	B	[!#1:1][CX4:2]!@[CX4:3][!#1:4]	-159.995	1.85018	-	-	-	-	G
C15857628      none	B	[C:1][CX4H2:2]!@[CX3:3]=[O:4]	-120.004	0.79457	-	-	-	-	O
C15857628      none	B	[*:1]~[OX2:2]!@[SX4:3]~[*:4]	-79.9966	4.57103	-	-	-	-	G
C15857628      none	B	[aH1:1][c:2]([aH1])!@[SX4:3][!#1:4]	-89.7225	12.5987	-	-	-	-	G
C15857628      none	B	[O-:1][N+:2](=O)!@[c:3]([cH,nX2H0])[cH,nX2H0:4]	179.976	23.2156	-	-	-	-	G
C66637161      none	B	[!#1:1][CH2:2]!@[n:3][cH0:4]	-89.6867	15.4696	-	-	-	-	G
C66637161      none	B	[a:1][c:2]!@[CX4H2:3][!#1:4]	-45.0046	1.96752	-	-	-	-	O
C66637161      none	B	[$(C=O):1][NX3H1:2]!@[CX4H2:3][!#1:4]	150.001	1.53362	-	-	-	-	G
C66637161      none	B	[O:1]=[CX3:2]!@[NX3H1:3][!#1:4]	-0.000252811	63.7893	-	-	-	-	G
C66637161      none	B	[cH1:1][c:2]([cH1])!@[C:3]([NH1,NH2])=[O:4]	152.997	9.05971	-	-	-	-	G
C10459569      none	B	[aH0:1][c:2]([aH1])!@[SX4:3][!#1:4]	-69.982	15.3236	-	-	-	-	G
C10459569      none	B	[!#1:1][CH2:2]!@[n:3][cH0:4]	134.997	0.637484	-	-	-	-	R
C10459569      none	B	[!#1:1][CX4H2:2]!@[CX3:3]=[O:4]	-90.0006	1.11373	-	-	-	-	G
C10459569      none	B	[O:1]=[CX3:2]!@[NX3H0:3][!#1:4]	-149.724	1.37927	-	-	-	-	O
C10459569      none	B	[!#1:1][CX4:2]!@[SX4:3][!#1:4]	-39.9969	1.32632	-	-	-	-	G
C10459569      none	B	[!#1:1][CX4H2:2]!@[CX3:3]=[O:4]	-60.0042	1.45352	-	-	-	-	G
C10459569      none	B	[O:1]=[CX3:2]!@[NX3H1:3][!#1:4]	0.00501695	63.7893	-	-	-	-	G
C10459569      none	B	[$(C=O):1][NX3H1:2]!@[c:3]([cH1])[cH1:4]	-30.0069	5.05437	-	-	-	-	G
C10459569      none	B	[O-:1][N+:2](=O)!@[c:3]([cH,nX2H0])[cH,nX2H0:4]	179.977	23.2156	-	-	-	-	G
C37773566      none	B	[a:1][c:2]!@[CX4H1:3][N,O:4]	-0.00288035	1.53503	-	-	-	-	G
C37773566      none	B	[!#1:1][CX4H1:2]!@[NX3:3][!#1:4]	120.003	4.42569	-	-	-	-	O
C37773566      none	B	[cH0:1][c:2]([cH,nX2H0])!@[NX3H1:3][CX4:4]	90.0055	0	-	-	-	-	R
C37773566      none	B	[cH1:1][a:2]([cH1])!@[a:3]([sX2,o,nX2H0,nX3H1:4])([cH1])	-29.9923	3.71145	-	-	-	-	G
C66497240      none	B	[O:1][CX4:2]!@[CX3:3]=[O:4]	-179.908	6.67845	-	-	-	-	G
C66497240      none	B	[C:1][CX4H2:2]!@[NX3;"N_lp":3][C:4]	160.004	5.62549	-	-	-	-	G
C66497240      none	B	N[C:2](=[O:1])!@[CH2:3][N:4]	90.0028	0	-	-	-	-	R
C66497240      none	B	[O:1]=[CX3:2]!@[NX3H1:3][!#1:4]	-0.00789469	63.7893	-	-	-	-	G
C66497240      none	B	[$([CX3]=O):1][NX3H1:2]!@[CX4H2:3][C:4] 	150.003	1.43139	-	-	-	-	O
C48843397      none	B	[O:1]=[CX3:2]!@[NX3H0:3][!#1:4]	180	18.2537	-	-	-	-	G
C48843397      none	B	N[C:2](=[O:1])!@[CH2:3][N:4]	-89.9998	0.14881	-	-	-	-	R
C48843397      none	B	[$([CX3]=O):1][NX3H1:2]!@[CX4H2:3][C:4] 	-150.002	1.7769	-	-	-	-	O
C48843397      none	B	[O:1]=[CX3:2]([$([NX3H1]C)])!@[NX3H1:3][!#1:4]	-0.00303595	41.1343	-	-	-	-	G
C48843397      none	B	[O:1]=[CX3:2]([$([NX3H1]C)])!@[NX3H1:3][!#1:4]	0.00122815	41.1343	-	-	-	-	G
C48843397      none	B	[$([CX3]=O):1][NX3H1:2]!@[CX4H2:3][C:4] 	120.004	2.76407	-	-	-	-	O
C48843397      none	B	[!#1:1][CX4H2:2]!@[CX4H2:3][!#1:4]	-60.0016	3.77933	-	-	-	-	G
C48843397      none	B	[!#1:1][CX4H2:2]!@[CX4H2:3][!#1:4]	60.0041	3.99483	-	-	-	-	G
C48843397      none	B	[C:1][CX4H2:2]!@[CX3:3]=[O:4]	-119.998	0.79457	-	-	-	-	O
C58848651      none	B	[O:1]=[CX3:2]!@[NX3H0:3][!#1:4]	-30.0025	0.692521	-	-	-	-	O
C58848651      none	B	[!#1:1][CX4:2]!@[CX4:3][!#1:4]	-160.002	1.85018	-	-	-	-	G
C58848651      none	B	[!#1:1][CX4H2:2]!@[CX4H2:3][!#1:4]	179.997	58.554	-	-	-	-	G
C58848651      none	B	[O:1]=[CX3:2]!@[CX3:3]=[O:4]	90.0062	2.94118	-	-	-	-	G
C58848651      none	B	[O:1]=[CX3:2]!@[NX3H1:3][!#1:4]	-0.0108433	63.7893	-	-	-	-	G
C65494647      none	B	[cH0:1][c:2]!@[CX4H1:3][CX4:4]	-120.034	7.57923	-	-	-	-	G
C65494647      none	B	[$(C=O):1][NX3H1:2]!@[CX4H1:3][H:4]	30.0027	9.46757	-	-	-	-	G
C65494647      none	B	[O:1]=[CX3:2]([$([NX3H1]C)])!@[NX3H1:3][!#1:4]	0.00634442	41.1343	-	-	-	-	G
C65494647      none	B	[O:1]=[CX3:2]([$([NX3H1]C)])!@[NX3H1:3][!#1:4]	-0.00939221	41.1343	-	-	-	-	G
C65494647      none	B	[*:1]~[NX3:2]!@[NX3:3]~[*:4]	-89.9941	3.3545	-	-	-	-	G
C65494647      none	B	[O:1]=[CX3:2]!@[NX3H1:3][!#1:4]	-0.00312346	63.7893	-	-	-	-	G
C65494647      none	B	[C:1][CX4:2]!@[CX3:3]=[O:4]	120.96	3.75937	-	-	-	-	G
C41033069      none	B	[nH0r6:1][cr6:2]([cH1r6])!@[C:3]([NH1,NH2])=[O:4]	-0.0052594	0	-	-	-	-	R
C41033069      none	B	[a:1][c:2]!@[NX3H1:3][$([CX4r]([C;r])([C;r])):4]	-59.9968	0.568182	-	-	-	-	R
C41033069      none	B	[!#1:1][CX4:2]!@[NX3:3][!#1:4]	-30.0026	0.381602	-	-	-	-	G
C41033069      none	B	[NH1:1][CX4:2]!@[CX3:3]=[O:4]	90.0041	0.183795	-	-	-	-	R
C37692665      none	B	[a:1][c:2]!@[NX3H1:3][$([CX4r]([C;r])([C;r])):4]	-90.0005	0	-	-	-	-	R
C37692665      none	B	[!#1:1][CX4H1:2]!@[NX3:3][!#1:4]	81.3715	3.82417	-	-	-	-	G
C41032912      none	B	[O-:1][N+:2](=O)!@[c:3]([cH0])[cH,nX2H0:4]	0.00761164	12.6374	-	-	-	-	G
C41032912      none	B	[a:1][c:2]!@[NX3H1:3][$([CX4r]([C;r])([C;r])):4]	-89.9959	0	-	-	-	-	R
C41032912      none	B	[!#1:1][CX4:2]!@[NX3:3][!#1:4]	56.343	5.63312	-	-	-	-	G
C41032912      none	B	[NH1:1][CX4:2]!@[CX3:3]=[O:4]	-0.00552971	6.89233	-	-	-	-	G
C01122553      none	B	[a:1][c:2]!@[CX4H1:3][N,O:4]	121.604	3.12238	-	-	-	-	G
C01122553      none	B	[O-:1][N+:2](=O)!@[c:3]([cH,nX2H0])[cH,nX2H0:4]	179.867	23.2156	-	-	-	-	G
C01122553      none	B	[*^2:1]~[C^2:2]([!H])!@[C^2:3]~[*^2:4]	-150.014	1.11601	-	-	-	-	G
C01122553      none	B	[$(C=O):1][NX3H0:2]!@[CX4H2:3][!#1:4]	-89.9814	14.1466	-	-	-	-	G
C01122553      none	B	[a:1][c:2]!@[CX4H2:3][!#1:4]	90.3052	7.24386	-	-	-	-	G
C01122553      none	B	[a:1][a:2]!@[CX3:3]=[O:4]	-149.682	2.51484	-	-	-	-	O
C50397637      none	B	[O-:1][N+:2](=O)!@[c:3]([cH0])[cH,nX2H0:4]	89.9935	0.274725	-	-	-	-	O
C50397637      none	B	[cH1:1][c:2]([cH1])!@[C:3]([NH1,NH2])=[O:4]	153.003	9.05971	-	-	-	-	G
C50397637      none	B	[O:1]=[CX3:2]!@[NX3H1:3][!#1:4]	0.00381625	63.7893	-	-	-	-	G
C50397637      none	B	[$(C=O):1][NX3H1:2]!@[CX4H1:3][H:4]	-30.0014	6.97413	-	-	-	-	G
CHEMBL293206      none	B	[O-:1][N+:2](=O)!@[c:3]([cH0])[cH,nX2H0:4]	-0.0236541	12.6374	-	-	-	-	G
C39954737      none	B	[$(C=O):1][NX3H1:2]!@[CX3:3]=[*H1:4]	-150.025	1.73913	-	-	-	-	O
C39954737      none	B	[O:1]=[CX3:2]!@[NX3H1:3][!#1:4]	-0.000845518	63.7893	-	-	-	-	G
C39954737      none	B	[*^2:1]~[C^2:2]([!H])!@[C^2:3]~[*^2:4]	30.2765	1.05249	-	-	-	-	O
C06424973      none	B	[nX2:1][c:2]([nX2])!@[O:3][C:4]	-179.717	41.4474	-	-	-	-	G
C06424973      none	B	[*:1]~[CX4:2]!@[n:3]~[*:4]	120	3.12393	-	-	-	-	G
C06424973      none	B	[CX3:1]=[CX3:2]!@[CH2:3][OX2:4]	-30.0048	0.152672	-	-	-	-	O
C13180879      none	B	[a:1][c:2]!@[CX4H2:3][!#1:4]	90.0055	7.24386	-	-	-	-	G
C13180879      none	B	[!#1:1][CX4:2]!@[SX2:3][!#1:4]	-80.0031	6.01214	-	-	-	-	G
C13180879      none	B	[!#1:1][CX4:2]!@[SX2:3][!#1:4]	-79.9994	6.01214	-	-	-	-	G
C13180879      none	B	[!#1:1][CX4H2:2]!@[CX3:3]=[O:4]	30	3.68098	-	-	-	-	G
C13180879      none	B	[O:1]=[CX3:2]!@[NX3H1:3][!#1:4]	0.00895736	63.7893	-	-	-	-	G
C13180879      none	B	[$(C=O):1][NX3H1:2]!@[c:3]([cH1])[cH1:4]	-30.0055	5.05437	-	-	-	-	G
C13180879      none	B	[cH1:1][c:2]([cH1])!@[C:3]([NH1,NH2])=[O:4]	-152.989	8.78518	-	-	-	-	G
C13180879      none	B	[O:1]=[CX3:2]!@[NX3H1:3][!#1:4]	0.0017715	63.7893	-	-	-	-	G
C13180879      none	B	[$([CX3]=O):1][NX3H1:2]!@[CX4H2:3][C:4] 	179.997	6.46594	-	-	-	-	G
C13180879      none	B	[NH1:1][CX4:2]!@[CX3:3]=[O:4]	119.995	0.41354	-	-	-	-	G
C42236578      none	B	[O:1]=[C:2]!@[O:3]~[C:4]	0.00828668	74.4927	-	-	-	-	G
C42236578      none	B	[C:1][CX4:2]!@[CX3:3]=[O:4]	-120.038	3.42432	-	-	-	-	G
C42236578      none	B	[O:1]=[CX3:2]!@[NX3H0:3][!#1:4]	-29.9933	0.692521	-	-	-	-	O
C42236578      none	B	[C:1][CX4:2]!@[CX3:3]=[O:4]	120.043	3.75937	-	-	-	-	G
C42236578      none	B	[O:1]=[CX3:2]!@[NX3H0:3][!#1:4]	-150.002	1.37927	-	-	-	-	O
C55211062      none	B	[*:1]~[CX4:2]!@[n:3]~[*:4]	119.994	3.12393	-	-	-	-	G
C55211062      none	B	[OX2:1][CX4:2]!@[CX4:3][OX2:4]	88.2342	0.42594	-	-	-	-	O
C49238603      none	B	[!#1:1][CX4:2]!@[CX4:3][!#1:4]	59.9921	12.3771	-	-	-	-	G
C49238603      none	B	[O:1]=[C:2]([O-])!@[CX4H1:3][H:4]	-0.00665698	0.495663	-	-	-	-	O
C49238603      none	B	[$(C=O):1][NX3H1:2]!@[CX4H1:3][H:4]	29.9989	9.46757	-	-	-	-	G
C49238603      none	B	[O:1]=[CX3:2]([$([NX3H1]C)])!@[NX3H1:3][!#1:4]	-0.00979655	41.1343	-	-	-	-	G
C49238603      none	B	[O,S:1]=[C:2]([$([NX3H1]),$([NX3H2])])!@[$([NX3]c[nH0]):3][H:4]	0.00245895	46.0938	-	-	-	-	G
C49238603      none	B	[$(C=O):1][NX3H1:2]!@[c:3](s)[n:4]	-29.675	0	-	-	-	-	R
C49238603      none	B	[a:1][c:2]!@[CX4H1:3][H:4]	-179.976	7.22227	-	-	-	-	G
C21961192      none	B	[n,o,s:1][c:2]!@[CX4H2:3][CX4:4]	0.0034322	6.43231	-	-	-	-	G
C21961192      none	B	[!#1:1][CX4:2]!@[CX4:3][!#1:4]	-60.0006	12.2558	-	-	-	-	G
C21961192      none	B	[O:1]=[C:2]([O-])!@[CX4H1:3][H:4]	-0.00450381	0.495663	-	-	-	-	O
C21961192      none	B	[$(C=O):1][NX3H1:2]!@[CX4H1:3][H:4]	-30.0037	6.97413	-	-	-	-	G
C21961192      none	B	[O:1]=[CX3:2]!@[NX3H1:3][!#1:4]	0.0029574	63.7893	-	-	-	-	G
C21961192      none	B	[O:1]=[CX3:2]([NH1])!@[CH2:3][C:4]	-90.0035	1.868	-	-	-	-	O
C21961192      none	B	[!#1:1][CX4:2]!@[CX4:3][!#1:4]	-163.173	1.85018	-	-	-	-	G
C65748796      none	B	[!#1:1][CX4H2:2]!@[CX4H2:3][!#1:4]	180	58.554	-	-	-	-	G
C65748796      none	B	[!#1:1][CX4H2:2]!@[CX4H2:3][!#1:4]	179.999	58.554	-	-	-	-	G
C65748796      none	B	[!#1:1][CX4H2:2]!@[CX4H2:3][!#1:4]	179.998	58.554	-	-	-	-	G
C65748796      none	B	[cH1:1][c:2]([cH1])!@[CX4H2:3][CX4:4]	-90.0036	11.9355	-	-	-	-	G
C65748796      none	B	[*^2:1]~[C^2:2]([!H])!@[C^2:3]~[*^2:4]	89.9979	1.26539	-	-	-	-	G
C65748796      none	B	[O:1]=[C:2]!@[O:3]~[C:4]	0.00442386	74.4927	-	-	-	-	G
C65748796      none	B	[$(C=O):1][O:2]!@[CH1:3][H:4]	-40.0025	10.2957	-	-	-	-	G
C65748796      none	B	[O:1]=[C:2]([O-])!@[CX4H1:3][H:4]	-0.000597026	0.495663	-	-	-	-	O
C36971898      none	B	[OX2:1][CX4:2]!@[CX4:3][N:4]	-59.9973	14.8764	-	-	-	-	G
C36971898      none	B	[O:1]=[C:2]([O-])!@[CX4H1:3][H:4]	0.0116304	0.495663	-	-	-	-	O
C36971898      none	B	[$(C=O):1][NX3H1:2]!@[CX4H1:3][H:4]	59.9903	6.22422	-	-	-	-	G
C36971898      none	B	[O:1]=[CX3:2]!@[NX3H1:3][!#1:4]	0.00574693	63.7893	-	-	-	-	G
C36971898      none	B	[c:1][CX4H2:2]!@[CX3:3]=[O:4]	150.006	0.569801	-	-	-	-	O
C36971898      none	B	[a:1][c:2]!@[CX4H2:3][CX3:4]	150.279	0.645995	-	-	-	-	R
C36971898      none	B	[c:1][c:2]!@[c:3][s,o,nX3H1:4]	-179.678	12.4984	-	-	-	-	G
C40378340      none	B	[!#1:1][CX4:2]!@[CX4:3][!#1:4]	80.0006	1.75235	-	-	-	-	G
C40378340      none	B	[O:1]=[CX3:2]!@[NX3H0:3][!#1:4]	-150.005	1.37927	-	-	-	-	O
C40378340      none	B	[O:1][CX4:2]!@[CX3:3]=[O:4]	-28.8134	2.69102	-	-	-	-	G
C40378340      none	B	[$(S(=O)(=O)):1][NX3H1:2]!@[CX4H2:3][!#1:4]	-120.003	2.14592	-	-	-	-	O
C40378340      none	B	[*:1][$(S(=O)=O):2]!@[NX3H1:3][*:4]	90.0055	4.90782	-	-	-	-	G
C48545354      none	B	[!#1:1][CX4:2]!@[CX3H0:3][!#1:4]	59.9999	4.20603	-	-	-	-	G
C48545354      none	B	[!#1:1][CX4H1:2]!@[NX3:3][!#1:4]	180	2.80076	-	-	-	-	G
C48545354      none	B	[*:1]~[cX3:2]!@[NX2:3]~[*:4]	120.304	1.45599	-	-	-	-	O
C58386983      none	B	[O:1]=[CX3:2]!@[NX3H0:3][!#1:4]	-29.9984	0.692521	-	-	-	-	O
C58386983      none	B	[O:1]=[CX3:2]!@[NX3H0:3][!#1:4]	150.285	1.73707	-	-	-	-	O
C58386983      none	B	[C:1][CX4:2]!@[CX3:3]=[O:4]	30.1378	3.28614	-	-	-	-	G
C58386983      none	B	[O:1]=[C:2]([!$([NH1])])!@[NX3H1:3]([H:4])[$(c([nX2H0])([nX2H0]))]	179.992	26.6667	-	-	-	-	G
C58386983      none	B	[$([C]([CX4])(=O)):1][NX3H1:2]!@[c:3]([nX2H0])[nX2H0:4]	-0.299884	13.4615	-	-	-	-	G
C17330060      none	B	[aH0:1][c:2]([aH1])!@[SX4:3][!#1:4]	-65.0017	15.3236	-	-	-	-	G
C17330060      none	B	[c:1][$(S(=O)=O):2]!@[NX3H1:3][C:4]	-90.0012	3.19032	-	-	-	-	G
C17330060      none	B	[$(S(=O)(=O)):1][NX3H1:2]!@[CX4H1:3][H:4]	-29.999	9.39227	-	-	-	-	G
C17330060      none	B	[!#1:1][CX4:2]!@[CX4:3][!#1:4]	-160.001	1.85018	-	-	-	-	G
C17330060      none	B	[NH1:1][CX4:2]!@[CX3:3]=[O:4]	-119.996	0.275693	-	-	-	-	G
C17330060      none	B	[!#1:1][CX4H2:2]!@[CX4H2:3][!#1:4]	180	58.554	-	-	-	-	G
C17330060      none	B	[!#1:1][CX4:2]!@[SX2:3][!#1:4]	-79.9991	6.01214	-	-	-	-	G
C17330060      none	B	[O:1]=[CX3:2]!@[NX3H1:3][!#1:4]	-0.00864659	63.7893	-	-	-	-	G
C17330060      none	B	[*:1]~[NX3:2]!@[NX3:3]~[*:4]	180	7.3164	-	-	-	-	G
C17330060      none	B	[O:1]=[CX3:2]!@[NX3H1:3][!#1:4]	0.00509174	63.7893	-	-	-	-	G
C17330060      none	B	[cH1:1][c:2]([cH1])!@[C:3]([NH1,NH2])=[O:4]	26.9921	8.08167	-	-	-	-	G
C17330060      none	B	[O-:1][N+:2](=O)!@[c:3]([cH,nX2H0])[cH,nX2H0:4]	-179.771	23.2156	-	-	-	-	G
C17020842      none	B	[C:1][CH2:2]!@[O:3][CX4:4]	179.999	35.2689	-	-	-	-	G
C17020842      none	B	[O:1][CX4:2]!@[O:3][CX4:4]	-152.526	0.282486	-	-	-	-	R
C17020842      none	B	[OX2:1][CX4:2]!@[CX4:3][OX2:4]	82.1765	2.87509	-	-	-	-	O
C17020842      none	B	[*:1]~[CX4:2]!@[n:3]~[*:4]	-150.005	3.13346	-	-	-	-	G
C41121428      none	B	[cH0:1][c:2]!@[CX4H1:3][CX4:4]	-59.994	1.48348	-	-	-	-	G
C41121428      none	B	[!#1:1][CX4H1:2]!@[NX3:3][!#1:4]	-149.996	2.59662	-	-	-	-	G
C41121428      none	B	[cH0:1][c:2]([cH,nX2H0])!@[NX3H1:3][CX4:4]	-120.007	0	-	-	-	-	R
C47056319      none	B	[cH1:1][c:2]([cH1])!@[C:3]([NH1,NH2])=[O:4]	153.032	9.05971	-	-	-	-	G
C47056319      none	B	[O:1]=[CX3:2]!@[NX3H1:3][!#1:4]	-0.00341635	63.7893	-	-	-	-	G
C47056319      none	B	[*:1]~[NX3:2]!@[NX3:3]~[*:4]	-90.0038	3.3545	-	-	-	-	G
C47056319      none	B	[O:1]=[CX3:2]!@[NX3H1:3][!#1:4]	0.00582087	63.7893	-	-	-	-	G
C47056319      none	B	[cH1:1][c:2]([cH1])!@[C:3]([NH1,NH2])=[O:4]	-27.0063	8.39053	-	-	-	-	G
C63808606      none	B	[a:1][ar6:2]!@[ar5:3][a:4]	-29.6854	2.74934	-	-	-	-	G
C63808606      none	B	[!#1:1][CX4r:2]!@[CX4r:3][!#1:4]	-76.8729	2.26227	-	-	-	-	G
C37692662      none	B	[a:1][c:2]!@[NX3H1:3][$([CX4r]([C;r])([C;r])):4]	-30.0018	1.42045	-	-	-	-	G
C37692662      none	B	[!#1:1][CX4H1:2]!@[NX3:3][!#1:4]	-58.6271	6.546	-	-	-	-	G
C40084771      none	B	[cH1:1][c:2]([cH1])!@[O:3][C:4]	-29.9991	0.195465	-	-	-	-	O
C40084771      none	B	[cH0:1][c:2]([cH1])!@[CX3:3]=[O:4]	-60.0093	1.6055	-	-	-	-	O
C40084771      none	B	[*^2:1]~[C^2:2]([!H])!@[C^2:3]~[*^2:4]	150.316	1.21045	-	-	-	-	G
C40084771      none	B	[$([CX3]=O):1][NX3H0:2](C)!@[CX4H2:3][C:4]	-59.9989	0.686106	-	-	-	-	O
C40084771      none	B	[a:1][c:2]!@[CX4H1:3][N,O:4]	93.3217	1.22453	-	-	-	-	G
C40084771      none	B	[O-:1][N+:2](=O)!@[c:3]([cH,nX2H0])[cH,nX2H0:4]	-179.836	23.2156	-	-	-	-	G
C40084771      none	B	[OX2:1][CX4H2:2]!@[CX4H2:3][Nr:4]	-59.9967	16.6667	-	-	-	-	G
C40084771      none	B	[C:1][CX4H2:2]!@[OX2:3][c:4]	180	43.8829	-	-	-	-	G
C40084771      none	B	[!#1:1][CX4:2]!@[CX4:3][!#1:4]	59.9948	12.3771	-	-	-	-	G
C66247670      none	B	[O:1]=[C:2]!@[O:3]~[C:4]	-0.0130866	74.4927	-	-	-	-	G
C66247670      none	B	[c:1][CX4H2:2]!@[CX3:3]=[O:4]	-60.0038	1.56695	-	-	-	-	G
C66247670      none	B	[a:1][c:2]!@[CX4H2:3][CX3:4]	150.29	0.645995	-	-	-	-	R
C66247670      none	B	[$(S(=O)(=O)):1][N:2]!@[c:3][a:4]	179.999	4.19922	-	-	-	-	G
C66247670      none	B	[c:1][S:2](=O)(=O)!@[NX2H0-:3]-[*:4]	-60.0002	11.1111	-	-	-	-	G
C66247670      none	B	[aH0:1][c:2]([aH1])!@[SX4:3][!#1:4]	109.673	1.0568	-	-	-	-	O
C66247670      none	B	[O-:1][N+:2](=O)!@[c:3][a:4]	0.00342575	18.5814	-	-	-	-	G
C55167618      none	B	[$(C=O):1][NX3H0:2]!@[CX4H1:3][H:4]	0.658788	15.8824	-	-	-	-	G
C55167618      none	B	[$([CX3]=O):1][NX3H0:2](C)!@[CX4H2:3][C:4]	59.9938	0.600343	-	-	-	-	O
C55167618      none	B	[O:1]=[CX3:2](a)!@[NX3H0:3][!#1:4]	-150	2.19542	-	-	-	-	G
C55167618      none	B	[OX2:1][CX4H2:2]!@[CX4H2:3][N:4]	-59.9972	16.5981	-	-	-	-	G
C55167618      none	B	[a:1][c:2]!@[C:3]([NH0])=[O:4]	-149.7	1.44444	-	-	-	-	G
C48869785      none	B	[cH1:1][c:2]([cH0])!@[CX3x0:3]=[NX2:4]	180	58.419	-	-	-	-	G
C48869785      none	B	[*:1]~[N,n:2]!@[S:3]~[*:4]	-59.9993	4.40087	-	-	-	-	G
C48869785      none	B	[*:1][$(S(=O)=O):2]!@[NX3H0r:3][*:4]	90.2741	4.85782	-	-	-	-	G
C40217854      none	B	[$(C=O):1][NX3H1:2]!@[c:3]([cH1])[cH1:4]	-30.0358	5.05437	-	-	-	-	G
C40217854      none	B	[$(S(=O)(=O)):1][NH1:2]!@[c:3]([cH1])[cH1:4]	-120.013	2.75424	-	-	-	-	O
C40217854      none	B	[*:1][$(S(=O)=O):2]!@[NX3H1:3][*:4]	-90.0062	4.38465	-	-	-	-	G
C40217854      none	B	[O:1]=[CX3:2]!@[NX3H1:3][!#1:4]	0.00802989	63.7893	-	-	-	-	G
C40217854      none	B	[!#1:1][CX4H2:2]!@[CX3:3]=[O:4]	89.9979	1.06654	-	-	-	-	G
C40217854      none	B	[!#1:1][CH2:2]!@[n:3][a:4]	-179.676	0.161853	-	-	-	-	R
C48464969      none	B	[*:1]~[CX4:2]!@[n:3]~[*:4]	180	3.53397	-	-	-	-	G
C48464969      none	B	[c:1][c:2]!@[c:3][s,o,nX3H1:4]	60.3171	0.665746	-	-	-	-	R
C48464969      none	B	[cH0:1][a:2]([cH1])!@[a:3]([sX2,o,nX2H0,nX3H1:4])	0.331968	12.037	-	-	-	-	G
C09970458      none	B	[OX2:1][CX4:2]!@[CX4:3][OX2:4]	-60.0063	16.2177	-	-	-	-	G
C09970458      none	B	[OX2:1][CX4:2]!@[CX4:3][OX2:4]	60.0009	14.3222	-	-	-	-	G
C59158505      none	B	[cH1:1][c:2]([cH1])!@[CX3:3]=[NX2:4]	-29.9956	2.32396	-	-	-	-	G
C59158505      none	B	[*:1]~[NX2:2]!@[nX3:3]~[*:4]	120.309	3.32031	-	-	-	-	G
C40378596      none	B	[aH1:1][c:2]([aH1])!@[SX4:3][!#1:4]	-0.00367198	0.126904	-	-	-	-	R
C40378596      none	B	[$(C=O):1][NX3:2]!@[a:3][aH0:4]	-120.001	2.3332	-	-	-	-	G
C40378596      none	B	[O:1]=[CX3:2]!@[NX3H1:3][!#1:4]	0.00639356	63.7893	-	-	-	-	G
C40378596      none	B	[C:1][CX4:2]!@[CX3:3]=[O:4]	-30.0045	3.42621	-	-	-	-	G
C40378596      none	B	[*:1]~[CX4:2]!@[n:3]~[*:4]	-0.00487158	3.06862	-	-	-	-	G
C40445166      none	B	[cH1:1][c:2]([cH1])!@[C:3]([NH1,NH2])=[O:4]	-153	8.78518	-	-	-	-	G
C40445166      none	B	[O:1]=[CX3:2]!@[NX3H1:3][!#1:4]	0.0126848	63.7893	-	-	-	-	G
C40445166      none	B	[$(C=O):1][NX3H1:2]!@[c:3]([cH1])[cH1:4]	-30.0102	5.05437	-	-	-	-	G
C40445166      none	B	[!#1:1][CH2:2]!@[n:3][a:4]	-90.0028	13.2844	-	-	-	-	G
C40445166      none	B	[!#1:1][CX4H2:2]!@[CX3:3]=[O:4]	-29.9994	3.82256	-	-	-	-	G
C34934681      none	B	[C:1][CX4H2:2]!@[OX2:3][c:4]	-149.999	1.28448	-	-	-	-	O
C34934681      none	B	[cH1:1][c:2](cO)!@[O:3][C:4]	-59.9978	0.103612	-	-	-	-	R
C34934681      none	B	[a:1][c:2]!@[CX4H1:3][N,O:4]	58.4171	3.42939	-	-	-	-	G
C34934681      none	B	[*^2:1]~[C^2:2]([!H])!@[C^2:3]~[*^2:4]	120.001	0.806964	-	-	-	-	G
C34934681      none	B	[$([CX3]=O):1][NX3H0:2](C)!@[CX4H2:3][C:4]	-90.0358	15.9949	-	-	-	-	G
C34934681      none	B	[OX2:1][CX4:2]!@[CX4:3][N:4]	-38.8043	1.41573	-	-	-	-	O
C34934681      none	B	[cH1:1][c:2]([cH1])!@[CX3:3]([CX3H0])=[O:4]	0.263447	10.4508	-	-	-	-	G
C40559503      none	B	[!#1:1][CX4:2]!@[SX2:3][!#1:4]	179.994	11.1654	-	-	-	-	G
C40559503      none	B	[!#1:1][CX4H2:2]!@[CX4H2:3][!#1:4]	180	58.554	-	-	-	-	G
C40559503      none	B	[!#1:1][CX4:2]!@[CX4:3][!#1:4]	-59.9948	12.2558	-	-	-	-	G
C40559503      none	B	[O:1]=[C:2]([O-])!@[CX4H1:3][H:4]	0.00911586	0.495663	-	-	-	-	O
C40559503      none	B	[$(C=O):1][NX3H1:2]!@[CX4H1:3][H:4]	-0.000136922	8.26772	-	-	-	-	G
C40559503      none	B	[O:1]=[CX3:2]([$([NX3H1]C)])!@[NX3H1:3][!#1:4]	0.00177599	41.1343	-	-	-	-	G
C40559503      none	B	[O:1]=[CX3:2]([$([NX3H1]C)])!@[NX3H1:3][!#1:4]	179.997	9.5176	-	-	-	-	R
C40559503      none	B	[$(C=O):1][NX3:2]!@[a:3][aH0:4]	-120	2.3332	-	-	-	-	G
C50478194      none	B	[!#1:1][c:2]!@[SX3:3][!#1:4]	95.4058	6.37255	-	-	-	-	G
C50478194      none	B	[!#1:1][CX4:2]!@[SX3:3][!#1:4]	-160	2.34917	-	-	-	-	G
C50478194      none	B	[!#1:1][CX4H2:2]!@[CX3:3]=[O:4]	-0.00640385	19.1789	-	-	-	-	G
C50478194      none	B	[O:1]=[CX3:2]!@[NX3H1:3][!#1:4]	0.00902647	63.7893	-	-	-	-	G
C50478194      none	B	[$([CX3]=O):1][NX3H1:2]!@[CX4H2:3][C:4] 	-90.0026	7.35439	-	-	-	-	G
C50478194      none	B	[!#1:1][CX4H2:2]!@[CX4H2:3][!#1:4]	180	58.554	-	-	-	-	G
C34788281      none	B	[!#1:1][CX4H1:2]!@[NX3:3][!#1:4]	-121.375	4.10724	-	-	-	-	O
C34788281      none	B	[!#1:1][CX3:2]!@[SX2:3][!#1:4]	-30.0529	1.54367	-	-	-	-	G
C64032373      none	B	[cH1,nX2H0:1][c:2]([cH1,nX2H0])!@[NX3r:3][*:4]	150.275	1.71312	-	-	-	-	O
C64032373      none	B	[cH1:1][c:2]([cH1])!@[C:3]([NH1,NH2])=[O:4]	-153.024	8.78518	-	-	-	-	G
C64032373      none	B	[O:1]=[C:2](c)!@[$([NX3](c([nX2H0])([nX2H0]))):3][H:4]	179.998	26.6667	-	-	-	-	G
C64032373      none	B	[$(C=O):1][NX3:2]!@[a:3][aH0:4]	-149.999	1.98526	-	-	-	-	O
C42280708      none	B	[aH1:1][c:2]([aH1])!@[SX4:3][!#1:4]	90.2683	12.916	-	-	-	-	G
C42280708      none	B	[cH1:1][c:2]([cH1])!@[CX3:3]=[NX2:4]	-120.003	0.897666	-	-	-	-	O
C42280708      none	B	[*:1]~[N,n:2]!@[S:3]~[*:4]	-29.9895	2.46977	-	-	-	-	G
C13044265      none	B	[!#1:1][CX4H2:2]!@[CX4H2:3][!#1:4]	180	58.554	-	-	-	-	G
C13044265      none	B	[!#1:1][CX4H2:2]!@[CX4H2:3][!#1:4]	179.995	58.554	-	-	-	-	G
C13044265      none	B	[!#1:1][CH2:2]!@[n:3][cH0:4]	90.2823	14.7896	-	-	-	-	G
C13044265      none	B	[O:1]=[C:2]([O-])!@[c:3]([cH1])[cH1:4]	179.984	7.35294	-	-	-	-	G
C13044265      none	B	[aH0:1][c:2]([aH0])!@[SX2:3][!#1:4]	-149.999	0.43837	-	-	-	-	O
C13044265      none	B	[!#1:1][CX4:2]!@[SX2:3][!#1:4]	149.995	1.40678	-	-	-	-	G
C13044265      none	B	[!#1:1][CX4H2:2]!@[CX3:3]=[O:4]	-90.0051	1.11373	-	-	-	-	G
C13044265      none	B	[O:1]=[CX3:2]!@[NX3H0:3][!#1:4]	0.00766041	25.0866	-	-	-	-	G
C13044265      none	B	[$([CX3]=O):1][NX3H0:2](C)!@[CX4H2:3][C:4]	89.9977	14.7513	-	-	-	-	G
C13044265      none	B	[$(C=O):1][NX3H0:2]!@[CX4H1:3][H:4]	-30.0008	2.81513	-	-	-	-	G
C64064683      none	B	[*:1]~[CX3:2]!@[cX3:3]~[*:4]	150.32	2.32505	-	-	-	-	O
C64064683      none	B	[*^2:1]~[C^2:2]([!H])!@[C^2:3]~[*^2:4]	149.993	1.21045	-	-	-	-	G
C64064683      none	B	[O:1]=[CX3:2]!@[NX3H1:3][!#1:4]	0.00831212	63.7893	-	-	-	-	G
C64064683      none	B	[$(C=O):1][NX3H1:2]!@[CX4H1:3][H:4]	31.9975	9.46757	-	-	-	-	G
C22165616      none	B	[*:1]~[N,n:2]!@[S:3]~[*:4]	-59.996	4.40087	-	-	-	-	G
C22165616      none	B	[aH1:1][c:2]([aH1])!@[SX4:3][!#1:4]	-89.7163	12.5987	-	-	-	-	G
C42280638      none	B	[cH0:1][c:2]([cH,nX2H0])!@[NX3H1:3][CX4:4]	179.721	49.7854	-	-	-	-	G
C42280638      none	B	[cH1:1][c:2]([cH1])!@[CX3:3]=[NX2:4]	179.996	13.9437	-	-	-	-	G
C42280638      none	B	[O-:1][N+:2](=O)!@[c:3]([cH0])[cH,nX2H0:4]	0.286327	12.6374	-	-	-	-	G
C42280638      none	B	[*:1]~[N,n:2]!@[S:3]~[*:4]	180	8.16343	-	-	-	-	G
C43508798      none	B	[a:1][c:2]!@[CX4H2:3][CX3:4]	90.0184	7.83807	-	-	-	-	G
C43508798      none	B	[c:1][CX4H2:2]!@[CX3:3]=[O:4]	-119.997	0.712251	-	-	-	-	O
C43508798      none	B	[O:1]=[CX3:2]!@[NX3H1:3][!#1:4]	-0.00594403	63.7893	-	-	-	-	G
C43508798      none	B	[$(C=O):1][NX3H1:2]!@[CX4H0:3][C:4]	-59.5316	14.7253	-	-	-	-	G
C43508798      none	B	[NH1:1][CX4:2]!@[CX3:3]=[O:4]	-0.00290553	6.89233	-	-	-	-	G
C06091564      none	B	[*:1]~[CX4:2]!@[n:3]~[*:4]	0.00260525	3.06862	-	-	-	-	G
C06091564      none	B	[OX2:1][CX4:2]!@[CX4:3][OX2:4]	83.5925	2.87509	-	-	-	-	O
C15919858      none	B	[cH1:1][c:2]([cH1])!@[CX3:3]([CX3H0])=[O:4]	60.0003	0.204918	-	-	-	-	R
C15919858      none	B	[*^2:1]~[C^2:2]([!H])!@[C^2:3]~[*^2:4]	-149.672	1.11601	-	-	-	-	O
C15919858      none	B	[$([CX3]=O):1][NX3H0:2](C)!@[CX4H2:3][C:4]	-60.0001	0.686106	-	-	-	-	O
C15919858      none	B	[a:1][c:2]!@[CX4H1:3][N,O:4]	123.321	3.12238	-	-	-	-	G
C15919858      none	B	[OX2:1][CX4H2:2]!@[CX4H2:3][Nr:4]	180	8.33333	-	-	-	-	G
C63857830      none	B	[a:1][c:2]!@[CX4H2:3][!#1:4]	-89.9988	7.30446	-	-	-	-	G
C63857830      none	B	[*:1]~[CX4:2]!@[n:3]~[*:4]	-60.3149	3.65221	-	-	-	-	G
C63857830      none	B	[C:1][CX4:2]!@[NX3;"N_lp":3][C:4]	-57.087	7.07677	-	-	-	-	G
C62119325      none	B	[cH0:1][c:2]([cH1])!@[CX3:3]([NX3H0])=[O:4]	-60.0211	9.09091	-	-	-	-	G
C62119325      none	B	[O-:1][N+:2](=O)!@[c:3]([cH0])[cH,nX2H0:4]	89.9867	0.274725	-	-	-	-	O
C62119325      none	B	[O:1]=[CX3:2](a)!@[NX3H0:3][!#1:4]	-179.692	9.67842	-	-	-	-	G
C62119325      none	B	[O:1]=[C:2]([O-])!@[CX4H1:3][H:4]	-0.00754396	0.495663	-	-	-	-	O
C35097553      none	B	[C:1][CX4:2]!@[CX3:3]=[O:4]	-119.576	3.42432	-	-	-	-	G
C35097553      none	B	[O:1]=[CX3:2]!@[NX3H1:3][!#1:4]	-0.00354107	63.7893	-	-	-	-	G
C35097553      none	B	[$([CX3]=O):1][NX3H1:2]!@[CX4H2:3][C:4] 	90.0079	7.35439	-	-	-	-	G
C35097553      none	B	N[C:2](=[O:1])!@[CH2:3][N:4]	-120.001	0.892857	-	-	-	-	G
C35097553      none	B	[O:1]=[CX3:2]!@[NX3H1:3][!#1:4]	-0.00332667	63.7893	-	-	-	-	G
C35097553      none	B	[$([CX3]=O):1][NX3H1:2]!@[CX4H2:3][C:4] 	180	6.46594	-	-	-	-	G
C35097553      none	B	[NH1:1][CX4:2]!@[CX3:3]=[O:4]	-120.002	0.275693	-	-	-	-	G
C61140409      none	B	[$(C=O):1][NX3H1:2]!@[CX4H1:3][H:4]	-60.1609	1.23735	-	-	-	-	O
C61140409      none	B	[O:1]=[CX3:2]([$([NX3H1]C)])!@[NX3H1:3][!#1:4]	-0.00322338	41.1343	-	-	-	-	G
C61140409      none	B	[O:1]=[CX3:2]([$([NX3H1]C)])!@[NX3H1:3][!#1:4]	0.00362014	41.1343	-	-	-	-	G
C61140409      none	B	[$(C=O):1][NX3H1:2]!@[CX4H1:3][H:4]	60.0102	6.22422	-	-	-	-	O
C35384331      none	B	[NH1:1][CX4:2]!@[CX3:3]=[O:4]	118.024	0.41354	-	-	-	-	G
C35384331      none	B	[O:1]=[CX3:2]!@[NX3H1:3][!#1:4]	-0.0033147	63.7893	-	-	-	-	G
C35384331      none	B	[$([CX3]=O):1][NX3H1:2]!@[CX4H2:3][C:4] 	89.9962	7.35439	-	-	-	-	G
C35384331      none	B	N[C:2](=[O:1])!@[CH2:3][N:4]	-149.994	2.38095	-	-	-	-	G
C35384331      none	B	[O:1]=[CX3:2]!@[NX3H1:3][!#1:4]	-0.00368732	63.7893	-	-	-	-	G
C35384331      none	B	[$([CX3]=O):1][NX3H1:2]!@[CX4H2:3][C:4] 	180	6.46594	-	-	-	-	G
C35384331      none	B	[NH1:1][CX4:2]!@[CX3:3]=[O:4]	-120.008	0.275693	-	-	-	-	G
C17730048      none	B	[*:1]~[CX3:2]!@[cX3:3]~[*:4]	-119.744	1.20163	-	-	-	-	O
C17730048      none	B	[cH0:1][c:2]!@[CX4H1:3][CX4:4]	-61.1452	1.48348	-	-	-	-	G
C17730048      none	B	[O-:1][N+:2](=O)!@[c:3]([cH,nX2H0])[cH,nX2H0:4]	179.979	23.2156	-	-	-	-	G
C43705119      none	B	[*:1]~[CX4:2]!@[n:3]~[*:4]	-60.0091	3.65221	-	-	-	-	G
C43705119      none	B	[a:1][c:2]!@[CX4H1:3][N,O:4]	-29.9142	3.61778	-	-	-	-	G
C41071299      none	B	[!#1:1][CX4:2]!@[CX4:3][!#1:4]	60.0929	12.3771	-	-	-	-	G
C41071299      none	B	[*:1][$(S(=O)=O):2]!@[NX3H0r:3][*:4]	89.9988	4.85782	-	-	-	-	G
C41071299      none	B	[aH1:1][c:2]([aH1])!@[SX4:3][!#1:4]	150.281	0.260857	-	-	-	-	R
C41071299      none	B	[a:1][a:2]!@[NX3:3][!#1:4]	-0.00835706	10.9271	-	-	-	-	G
C67263519      none	B	[cH1:1][c:2]([cH1])!@[O:3][C:4]	-179.75	26.896	-	-	-	-	G
C67263519      none	B	[cH1:1][a:2]([cH1])!@[a:3]([cH0])[cH0:4]	-59.9961	5.89253	-	-	-	-	G
C67263519      none	B	[a:1][a:2]!@[NX3:3][!#1:4]	0.00231965	10.9271	-	-	-	-	G
C67263519      none	B	[!#1:1][CX4H2:2]!@[NX3H1:3][!#1:4]	120	2.00811	-	-	-	-	O
C67263519      none	B	[a:1][c:2]!@[CX4H2:3][!#1:4]	135.267	1.69481	-	-	-	-	O
C06160440      none	B	[*:1][$(S(=O)=O):2]!@[NX3H0:3][*:4]	59.9977	6.8916	-	-	-	-	G
C06160440      none	B	[*:1][$(S(=O)=O):2]!@[NX3H1:3][*:4]	60.0033	8.81913	-	-	-	-	G
C06160440      none	B	[$(S(=O)(=O)):1][NX3H1:2]!@[CX4H1:3][H:4]	30	11.9705	-	-	-	-	G
C06160440      none	B	[!#1:1][CX4:2]!@[CX4:3][!#1:4]	-79.9984	1.71775	-	-	-	-	G
C06160440      none	B	[O:1]=[C:2]([O-])!@[CX4H1:3][H:4]	0.0111658	0.495663	-	-	-	-	O
C06160440      none	B	[n,o,s:1][c:2]!@[CX4H2:3][CX4:4]	90.0008	4.03889	-	-	-	-	G
C16940286      none	B	[*:1]~[CX4:2]!@[n:3]~[*:4]	-149.993	3.13346	-	-	-	-	G
C16940286      none	B	[cH1,nX2H0:1][c:2]([cH1,nX2H0])!@[NX3r:3][*:4]	-59.6898	2.69113	-	-	-	-	O
C16940286      none	B	[OX2:1][CX4:2]!@[CX4:3][OX2:4]	58.0507	14.3222	-	-	-	-	G
C47345379      none	B	[n,o,s:1][c:2]!@[CX4H2:3][CX4:4]	-89.6732	5.3104	-	-	-	-	G
C47345379      none	B	[$(C=O):1][NX3H1:2]!@[c:3](s)[n:4]	-0.00166366	0.574713	-	-	-	-	R
C47345379      none	B	[O,S:1]=[C:2]([$([NX3H1]),$([NX3H2])])!@[$([NX3]c[nH0]):3][H:4]	-0.00304025	46.0938	-	-	-	-	G
C47345379      none	B	[O:1]=[CX3:2]([$([NX3H1]C)])!@[NX3H1:3][!#1:4]	0.0132108	41.1343	-	-	-	-	G
C47345379      none	B	[$(C=O):1][NX3H1:2]!@[CX4H1:3][H:4]	-29.9937	6.97413	-	-	-	-	G
C47345379      none	B	[cH1,nX2H0:1][c:2]([cH1,nX2H0])!@[NX3r:3][*:4]	60.0019	2.78062	-	-	-	-	O
C47594784      none	B	[O:1]=[CX3:2]!@[NX3H0:3][!#1:4]	150.001	1.73707	-	-	-	-	O
C47594784      none	B	N[C:2](=[O:1])!@[CH2:3][N:4]	89.999	0	-	-	-	-	R
C47594784      none	B	[$([CX3]=O):1][NX3H1:2]!@[CX4H2:3][C:4] 	90.007	7.35439	-	-	-	-	G
C47594784      none	B	[O:1]=[CX3:2]([$([NX3H1]C)])!@[NX3H1:3][!#1:4]	-0.00377857	41.1343	-	-	-	-	G
C47594784      none	B	[O:1]=[CX3:2]([$([NX3H1]C)])!@[NX3H1:3][!#1:4]	0.00541457	41.1343	-	-	-	-	G
C47594784      none	B	[$(C=O):1][NX3H1:2]!@[CX4H1:3][H:4]	29.9948	9.46757	-	-	-	-	G
C52767509      none	B	[*:1][$(S(=O)=O):2]!@[NX3H0:3][*:4]	59.9979	6.8916	-	-	-	-	G
C52767509      none	B	[*:1]~[N,n:2]!@[S:3]~[*:4]	-119.998	1.19852	-	-	-	-	G
C52767509      none	B	[cH1:1][c:2]([cH0])!@[CX3x0:3]=[NX2:4]	-149.729	0.0354484	-	-	-	-	G
C52767509      none	B	[O-:1][N+:2](=O)!@[c:3]([cH,nX2H0])[cH,nX2H0:4]	179.982	23.2156	-	-	-	-	G
C04517256      none	B	[*:1]~[CX4:2]!@[n:3]~[*:4]	-89.9986	3.28413	-	-	-	-	G
C20258397      none	B	[C:1][CX4:2]!@[CX3:3]=[O:4]	0.00351572	5.61823	-	-	-	-	G
C20258397      none	B	[*:1]~[CX4:2]!@[n:3]~[*:4]	90.0016	3.25743	-	-	-	-	G
C20258397      none	B	[O:1]=[CX3:2]!@[NX3H1:3][!#1:4]	-0.00683362	63.7893	-	-	-	-	G
C20258397      none	B	[$(C=O):1][NX3H1:2]!@[CX4H1:3][H:4]	-29.9947	6.97413	-	-	-	-	G
C20258397      none	B	[!#1:1][CX4:2]!@[CX4:3][!#1:4]	-79.9911	1.71775	-	-	-	-	G
C20258397      none	B	[O:1]=[C:2]([O-])!@[CX4H1:3][H:4]	90.0017	0.86741	-	-	-	-	O
C20258397      none	B	[n,o,s:1][c:2]!@[CX4H2:3][CX4:4]	89.9998	4.03889	-	-	-	-	G
C41426846      none	B	[aH1:1][c:2]([aH1])!@[SX4:3][!#1:4]	89.9993	12.916	-	-	-	-	G
C41426846      none	B	[c:1][$(S(=O)=O):2]!@[NX3H1:3][C:4]	-60.0037	13.7514	-	-	-	-	G
C41426846      none	B	[$(S(=O)(=O)):1][NX3H1:2]!@[CX4H2:3][!#1:4]	90.0031	3.00429	-	-	-	-	G
C41426846      none	B	[!#1:1][CX4H2:2]!@[CX4H2:3][!#1:4]	180	58.554	-	-	-	-	G
C41426846      none	B	[!#1:1][CX4:2]!@[CX4:3][!#1:4]	-66.6326	7.10938	-	-	-	-	G
C54404593      none	B	[a:1][ar6:2]!@[ar5:3][a:4]	-29.7152	2.74934	-	-	-	-	G
C21992141      none	B	[H:1][CX4H1:2]!@[O:3][CX4:4]	-40.0029	11.8876	-	-	-	-	G
C21992141      none	B	[OX2:1][CX4:2]!@[CX4:3][OX2:4]	46.9176	3.39687	-	-	-	-	G
C21992141      none	B	[*:1]~[CX4:2]!@[n:3]~[*:4]	-89.9994	3.28413	-	-	-	-	G
C44228354      none	B	[OX2:1][CX4:2]!@[CX4:3][OX2:4]	180	13.4277	-	-	-	-	G
C44228354      none	B	[OX2:1][CX4:2]!@[CX4:3][OX2:4]	-60.003	16.2177	-	-	-	-	G
C44228354      none	B	[OX2:1][CX4:2]!@[CX4:3][OX2:4]	-39.9888	0.393994	-	-	-	-	O
C44228354      none	B	[OX2:1][CX4:2]!@[CX4:3][OX2:4]	79.9976	2.87509	-	-	-	-	G
C44228354      none	B	[OX2:1][CX4:2]!@[CX4:3][OX2:4]	80.0062	2.87509	-	-	-	-	G
C23141359      none	B	[!#1:1][CH2:2]!@[n:3][cH0:4]	-89.4281	15.4696	-	-	-	-	G
C23141359      none	B	[!#1:1][CX4H2:2]!@[CX4H2:3][!#1:4]	-59.9993	3.77933	-	-	-	-	G
C23141359      none	B	[!#1:1][CX4H2:2]!@[CX4H2:3][!#1:4]	179.995	58.554	-	-	-	-	G
C23141359      none	B	[O:1]=[CX3:2]([NH1])!@[CH2:3][C:4]	-30.0073	4.73225	-	-	-	-	G
C23141359      none	B	[O:1]=[C:2]([!$([NH1])])!@[NX3H1:3]([H:4])[$(c([nX2H0])([nX2H0]))]	179.987	26.6667	-	-	-	-	G
C23141359      none	B	[$([C]([CX4])(=O)):1][NX3H1:2]!@[c:3]([nX2H0])[nX2H0:4]	-0.30947	13.4615	-	-	-	-	G
C49412295      none	B	[a:1][c:2]!@[CX4H1:3][H:4]	2.08964e-05	6.54616	-	-	-	-	G
C49412295      none	B	[O:1]=[CX3:2]!@[CX4H1r3:3][H:4]	-149.993	3.33333	-	-	-	-	G
C49412295      none	B	[O:1]=[CX3:2]!@[NX3H1:3][!#1:4]	0.00126209	63.7893	-	-	-	-	G
C49412295      none	B	[*:1]~[NX3:2]!@[NX3:3]~[*:4]	89.9998	3.54776	-	-	-	-	G
C49412295      none	B	[O:1]=[CX3:2]!@[NX3H1:3][!#1:4]	-0.00422864	63.7893	-	-	-	-	G
C49412295      none	B	[nH0r6:1][cr6:2]([cH1r6])!@[C:3]([NH1,NH2])=[O:4]	180	49.7238	-	-	-	-	G
C63932380      none	-	-	-	-	-	-	-	-	-
C64242518      none	B	[a:1][c:2]!@[CX4H2:3][CX3:4]	90.0027	7.83807	-	-	-	-	G
C64242518      none	B	[c:1][CX4:2]!@[CX3:3][C:4]	59.7294	7.68349	-	-	-	-	G
C64242518      none	B	[$(C=O):1][NX3H1:2]!@[CX4H1:3][H:4]	23.5556	9.61755	-	-	-	-	G
C64242518      none	B	[O:1]=[CX3:2]!@[NX3H1:3][!#1:4]	-0.00161295	63.7893	-	-	-	-	G
C64242518      none	B	[$([cH0](=O)):1][c:2]([cH1])!@[CX3:3]([NX3H1,NX3H2])=[O:4]	60.0051	0	-	-	-	-	R
C40829297      none	B	[aH0:1][c:2]([aH0])!@[SX4:3][!#1:4]	66.1408	5.02793	-	-	-	-	G
C40829297      none	B	[c:1][S:2](=O)(=O)!@[NX2H0-:3]-[*:4]	59.9934	8.33333	-	-	-	-	G
C40829297      none	B	[$(S(=O)(=O)):1][NH0:2]!@[c:3]([cH1])[cH1:4]	89.7211	15.7025	-	-	-	-	G
C40829297      none	B	[a:1][c:2]!@[C:3]([NH1,NH2])=[O:4]	90.0068	0.308642	-	-	-	-	O
C09192531      none	B	[cH0:1][c:2]([cH,nX2H0])!@[NX3H0:3][CX4:4]	60.2761	3.25838	-	-	-	-	G
C09192531      none	B	[O-:1][N+:2](=O)!@[c:3]([cH0])[cH,nX2H0:4]	89.9772	0.274725	-	-	-	-	O
C09192531      none	B	[cH1:1][c:2]([cH1])!@[C:3]([NH1,NH2])=[O:4]	-153.02	8.78518	-	-	-	-	G
C09192531      none	B	[O:1]=[CX3:2]!@[NX3H1:3][!#1:4]	0.00191313	63.7893	-	-	-	-	G
C09192531      none	B	[$([CX3]=O):1][NX3H1:2]!@[CX4H2:3][C:4] 	-120.004	2.61599	-	-	-	-	O
C09192531      none	B	[!#1:1][CX4H2:2]!@[CX4H2:3][!#1:4]	180	58.554	-	-	-	-	G
C09192531      none	B	[$([CX3]=O):1][NX3H1:2]!@[CX4H2:3][C:4] 	89.9984	7.35439	-	-	-	-	G
C09192531      none	B	[O:1]=[CX3:2]!@[NX3H1:3][!#1:4]	0.00710105	63.7893	-	-	-	-	G
C09192531      none	B	[nH0r6:1][cr6:2]([cH1r6])!@[C:3]([NH1,NH2])=[O:4]	179.995	49.7238	-	-	-	-	G
C00901113      none	B	[*:1]~[CX4:2]!@[n:3]~[*:4]	0.00896486	3.06862	-	-	-	-	G
C00901113      none	B	[OX2:1][CX4:2]!@[CX4:3][OX2:4]	-161.956	0.511128	-	-	-	-	G
C44963370      none	B	[OX2:1][CX4:2]!@[CX4:3][OX2:4]	60.0247	14.3222	-	-	-	-	G
C44963370      none	B	[!#1:1][CX4:2]!@[CX4:3][!#1:4]	160.001	1.81259	-	-	-	-	G
C62640014      none	B	[$([CX3]=O):1][NX3H1:2]!@[CX4H2:3][C:4] 	79.9981	8.34156	-	-	-	-	G
C62640014      none	B	[O:1]=[CX3:2]!@[NX3H1:3][!#1:4]	0.00341335	63.7893	-	-	-	-	G
C62640014      none	B	[C:1][CX4:2]!@[CX3:3]=[O:4]	30.124	3.28614	-	-	-	-	G
C62640014      none	B	[O:1]=[CX3:2]!@[NX3H0:3][!#1:4]	150.004	1.73707	-	-	-	-	O
C62640014      none	B	[C:1][CX4H2:2]!@[CX3:3]=[O:4]	-30.004	4.17149	-	-	-	-	G
C62640014      none	B	[!#1:1][CX4:2]!@[CX4:3][!#1:4]	-40.001	0.976141	-	-	-	-	G
C04787378      none	B	[OX2:1][CX4:2]!@[CX4:3][OX2:4]	-83.427	2.4811	-	-	-	-	O
C04787378      none	B	[*:1]~[CX4:2]!@[n:3]~[*:4]	149.993	3.15253	-	-	-	-	G
C59881630      none	B	[a:1][c:2]!@[CX4H1:3][H:4]	0.00351151	6.54616	-	-	-	-	G
C59881630      none	B	[!#1:1][CX4:2]!@[SX2:3][!#1:4]	-60.0001	7.13757	-	-	-	-	G
C59881630      none	B	[aH0:1][c:2]([aH0])!@[SX2:3][!#1:4]	90.002	3.2491	-	-	-	-	G
C59881630      none	B	[a:1][a:2]!@[NX3:3][!#1:4]	150.007	1.85775	-	-	-	-	O
C59881630      none	B	[*:1]~[NX3:2]!@[NX2:3]~[*:4]	-119.995	0.0824111	-	-	-	-	R
C66377071      none	B	[c:1][c:2]!@[c:3][s,o,nX3H1:4]	180	12.4984	-	-	-	-	G
C66377071      none	B	[s:1][c:2]!@[C:3]([NH1])=[O:4]	-179.709	7.69231	-	-	-	-	R
C66377071      none	B	[O:1]=[C:2](c)!@[$([NX3](c([nX2H0])([nX2H0]))):3][H:4]	179.998	26.6667	-	-	-	-	G
C66377071      none	B	[$(C=O):1][NX3:2]!@[a:3][aH0:4]	0.0040566	4.11379	-	-	-	-	G
C21919278      none	B	[!#1:1][CX4H2:2]!@[CX4H2:3][!#1:4]	180	58.554	-	-	-	-	G
C21919278      none	B	[$([CX3]=O):1][NX3H0:2](C)!@[CX4H2:3][C:4]	-89.9951	15.9949	-	-	-	-	G
C21919278      none	B	[a:1][c:2]!@[C:3]([NH1,NH2])=[O:4]	-149.991	5.2923	-	-	-	-	O
C21919278      none	B	[N:1][CX4:2]!@[CX3:3]=[O:4]	-0.00194162	7.55292	-	-	-	-	G
C21919278      none	B	[O:1]=[CX3:2]!@[NX3H1:3][!#1:4]	-0.00123916	63.7893	-	-	-	-	G
C21919278      none	B	[$([CX3]=O):1][NX3H1:2]!@[CX4H2:3][C:4] 	-89.9969	7.35439	-	-	-	-	G
C21919278      none	B	[!#1:1][CX4H2:2]!@[CX4H2:3][!#1:4]	179.996	58.554	-	-	-	-	G
C21919278      none	B	[!#1:1][CX4:2]!@[CX4:3][!#1:4]	59.9956	12.3771	-	-	-	-	G
C21919278      none	B	[O:1]=[CX3:2]!@[NX3H1:3][!#1:4]	0.00063638	63.7893	-	-	-	-	G
C21919278      none	B	[$([CX3]=O):1][NX3H1:2]!@[CX4H2:3][C:4] 	179.998	6.46594	-	-	-	-	G
C21919278      none	B	[!#1:1][CX4H2:2]!@[CX4H2:3][!#1:4]	60.0002	3.99483	-	-	-	-	G
C21919278      none	B	[CX4:1][CX4H2:2]!@[NX3;"N_lp":3][CX4:4]	-156.362	6.65327	-	-	-	-	G
C25720977      none	B	[!#1:1][CX4:2]!@[CX4:3][!#1:4]	180	22.1548	-	-	-	-	G
C25720977      none	B	[$(C=O):1][NX3H0:2]!@[CX4H1:3][H:4]	0.0133399	15.8824	-	-	-	-	G
C25720977      none	B	[$(C=O):1][NX3H0:2]!@[CX4H1:3][H:4]	-150.005	0.756303	-	-	-	-	O
C25720977      none	B	[O:1]=[CX3:2]!@[NX3H0:3][!#1:4]	179.999	18.2537	-	-	-	-	G
C25720977      none	B	[O:1][CX4:2]!@[CX3:3]=[O:4]	-0.0129812	13.789	-	-	-	-	G
C25720977      none	B	[$(C=O):1][O:2]!@[CH2:3]~[C:4]	89.9999	4.53893	-	-	-	-	G
C25720977      none	B	[O:1]=[C:2]!@[O:3]~[C:4]	0.00412813	74.4927	-	-	-	-	G
C25720977      none	B	[C:1][CX4:2]!@[CX3:3]=[O:4]	-86.9667	3.45082	-	-	-	-	G
C25720977      none	B	[*^2:1]~[C^2:2]([!H])!@[C^2:3]~[*^2:4]	-120.019	0.661024	-	-	-	-	G
C25720977      none	B	[*:1]~[CX3:2]!@[OX2:3]~[*:4]	-150.002	0.0848941	-	-	-	-	O
C25720977      none	B	[O:1]=[C:2]!@[O:3]~[C:4]	-0.00442887	74.4927	-	-	-	-	G
C38793992      none	B	[H:1][CX4H1:2]!@[SX4:3][!#1:4]	-59.9963	12.2108	-	-	-	-	G
C38793992      none	B	[!#1:1][CX4:2]!@[CX4:3][!#1:4]	180	22.1548	-	-	-	-	G
C38793992      none	B	[!#1:1][CX4H2:2]!@[CX4H2:3][!#1:4]	180	58.554	-	-	-	-	G
C38793992      none	B	[$(S(=O)(=O)):1][NX3H1:2]!@[CX4H2:3][!#1:4]	89.9989	3.00429	-	-	-	-	G
C38793992      none	B	[c:1][$(S(=O)=O):2]!@[NX3H1:3][C:4]	59.9935	14.5215	-	-	-	-	G
C38793992      none	B	[aH1:1][c:2]([aH1])!@[SX4:3][!#1:4]	90.2671	12.916	-	-	-	-	G
C21954623      none	B	[nH0r6:1][cr6:2]([cH1r6])!@[C:3]([NH1,NH2])=[O:4]	-150.001	1.10497	-	-	-	-	G
C21954623      none	B	[O:1]=[CX3:2]!@[NX3H1:3][!#1:4]	-0.000755828	63.7893	-	-	-	-	G
C21954623      none	B	[$(C=O):1][NX3H1:2]!@[CX4H1:3][H:4]	-30.002	6.97413	-	-	-	-	G
C21954623      none	B	[!#1:1][CX4:2]!@[CX4:3][!#1:4]	179.999	22.1548	-	-	-	-	G
C21954623      none	B	[O:1]=[C:2]([O-])!@[CX4H1:3][H:4]	0.00751589	0.495663	-	-	-	-	O
C21954623      none	B	[n,o,s:1][c:2]!@[CX4H2:3][CX4:4]	0.000159592	6.43231	-	-	-	-	G
C42524299      none	B	[$(S(=O)(=O)):1][NH0:2]!@[c:3]([cH1])[cH0:4]	-90.2813	18.0328	-	-	-	-	G
C42524299      none	B	[c:1][$(S(=O)=O):2]!@[NX3H0:3][C:4]	-90.0015	4.66945	-	-	-	-	G
C42524299      none	B	[aH0:1][c:2]([aH0])!@[SX4:3][!#1:4]	-120.002	3.63128	-	-	-	-	G
C48952912      none	B	[O:1]=[CX3:2]!@[NX3H0:3][!#1:4]	179.997	18.2537	-	-	-	-	G
C48952912      none	B	[$([CX3]=O):1][NX3H0:2](C)!@[CX4H2:3][C:4]	-120.002	2.31561	-	-	-	-	O
C48952912      none	B	N[C:2](=[O:1])!@[CH2:3][N:4]	-29.9998	4.7619	-	-	-	-	G
C48952912      none	B	[O:1]=[CX3:2]!@[NX3H1:3][!#1:4]	-0.00892772	63.7893	-	-	-	-	G
C48952912      none	B	[*:1]~[NX3:2]!@[NX3:3]~[*:4]	150.005	1.2148	-	-	-	-	G
C48952912      none	B	[O:1]=[CX3:2]([$([NX3H1]C)])!@[NX3H1:3][!#1:4]	0.00281377	41.1343	-	-	-	-	G
C48952912      none	B	[O:1]=[CX3:2]([$([NX3H1]C)])!@[NX3H1:3][!#1:4]	0.000819862	41.1343	-	-	-	-	G
C48952912      none	B	[$(C=O):1][NX3H1:2]!@[CX4H1:3][H:4]	-59.997	1.23735	-	-	-	-	G
C48727108      none	B	[$(C=O):1][NX3:2]!@[a:3][aH0:4]	149.995	1.842	-	-	-	-	O
C48727108      none	B	[O:1]=[CX3:2]!@[NX3H1:3][!#1:4]	-0.00472188	63.7893	-	-	-	-	G
C48727108      none	B	[O:1]=[CX3:2]!@[CX3:3]=[O:4]	-59.9998	0.346021	-	-	-	-	R
C48727108      none	B	[O:1]=[CX3:2]!@[NX3H0:3][!#1:4]	-179.714	18.2537	-	-	-	-	G
C49358060      none	B	[n,o,s:1][c:2]!@[CX4H2:3][CX4:4]	135.341	0.52356	-	-	-	-	O
C49358060      none	B	[$(C=O):1][NX3H1:2]!@[c:3](s)[n:4]	30.0009	0	-	-	-	-	R
C49358060      none	B	[O:1]=[CX3:2]!@[NX3H1:3][!#1:4]	-0.000583476	63.7893	-	-	-	-	G
C49358060      none	B	[O:1]=[CX3:2]!@[NX3H0:3][!#1:4]	-29.7124	0.692521	-	-	-	-	O
C49358060      none	B	[O:1]=[CX3:2]!@[NX3H0:3][!#1:4]	180	18.2537	-	-	-	-	G
C49358060      none	B	[O:1]=[C:2]([N])!@[O:3]~[C:4]	-0.000493928	57.729	-	-	-	-	G
C42435228      none	B	[OX2:1][CX4:2]!@[CX4:3][N:4]	-83.501	3.59551	-	-	-	-	O
C42435228      none	B	[O:1]=[CX3:2]!@[NX3H0:3][!#1:4]	179.999	18.2537	-	-	-	-	G
C42435228      none	B	[O:1]=[CX3:2]!@[CX3:3]=[O:4]	60.0062	0.346021	-	-	-	-	R
C42435228      none	B	[O:1]=[CX3:2]!@[NX3H1:3][!#1:4]	-0.00348889	63.7893	-	-	-	-	G
C20905225      none	B	[cH0:1][c:2]([cH0])!@[CX3!r:3]=[NX2!r:4]	-149.998	1.37131	-	-	-	-	G
C20905225      none	B	[*:1]~[CX4:2]!@[n:3]~[*:4]	90.0068	3.25743	-	-	-	-	G
C20905225      none	B	[*:1]~[NX3:2]!@[NX2:3]~[*:4]	-150.001	0.364964	-	-	-	-	O
C20905225      none	B	[a:1][a:2]!@[NX3:3][!#1:4]	0.318138	10.9271	-	-	-	-	G
C20905225      none	B	[aH0:1][c:2]([aH0])!@[SX2:3][!#1:4]	149.994	0.567303	-	-	-	-	O
C20905225      none	B	[!#1:1][CX4:2]!@[SX2:3][!#1:4]	159.997	2.91722	-	-	-	-	G
C20905225      none	B	[a:1][c:2]!@[CX4H2:3][!#1:4]	90.2978	7.24386	-	-	-	-	G
C22057582      none	B	[a:1][c:2]!@[CX4H1:3][H:4]	-30.0033	3.94031	-	-	-	-	G
C22057582      none	B	[c:1][CX4:2]!@[CX3:3]=[O:4]	-90.0106	5.19074	-	-	-	-	G
C22057582      none	B	[a:1][c:2]!@[CX4H1:3][N,O:4]	180	1.64318	-	-	-	-	G
C22057582      none	B	[a:1][c:2]!@[CX4H1:3][N,O:4]	-89.7222	1.29082	-	-	-	-	G
C22057582      none	B	[O:1]=[C:2]!@[O:3]~[C:4]	30.0107	0.0796663	-	-	-	-	R
C22057582      none	B	[$(C=O):1][O:2]!@[CH1:3][H:4]	-40.0033	10.2957	-	-	-	-	G
C22057582      none	B	[O:1]=[C:2]([O-])!@[CX4H1:3][H:4]	89.9995	0.86741	-	-	-	-	O
C17020622      none	B	[O:1]=[CX3:2]!@[NX3H1:3][!#1:4]	-0.0031755	63.7893	-	-	-	-	G
C17020622      none	B	[$([C](=O)):1][NX3H1:2]!@[$([a]([nH0,o])):3][cH1:4]	-179.721	3.65591	-	-	-	-	R
C17020622      none	B	[*:1]~[CX4:2]!@[n:3]~[*:4]	-150.004	3.13346	-	-	-	-	G
C17020622      none	B	[OX2:1][CX4:2]!@[CX4:3][OX2:4]	58.0418	14.3222	-	-	-	-	G
C37244672      none	B	[$(C=O):1][NX3H0:2]!@[CX4H1:3][H:4]	34.321	2.94118	-	-	-	-	O
C37244672      none	B	[O:1]=[CX3:2]!@[NX3H0:3][!#1:4]	-0.000132468	25.0866	-	-	-	-	G
C37244672      none	B	[O:1]=[CX3:2]!@[CX3:3]=[O:4]	89.9992	2.94118	-	-	-	-	G
C37244672      none	B	[O:1]=[CX3:2]!@[NX3H1:3][!#1:4]	0.000504327	63.7893	-	-	-	-	G
C37244672      none	B	[$([CX3]=O):1][NX3H1:2]!@[CX4H2:3][C:4] 	90.0002	7.35439	-	-	-	-	G
C37244672      none	B	[!#1:1][CX4:2]!@[CX3H0:3][!#1:4]	30.0027	1.49834	-	-	-	-	G
C13466657      none	B	[cH1:1][c:2]([cH1])!@[C:3]([NH1,NH2])=[O:4]	27.0383	8.08167	-	-	-	-	G
C13466657      none	B	[O-:1][N+:2](=O)!@[c:3]([cH,nX2H0])[cH,nX2H0:4]	179.983	23.2156	-	-	-	-	G
C13466657      none	B	[O-:1][N+:2](=O)!@[c:3]([cH,nX2H0])[cH,nX2H0:4]	-179.971	23.2156	-	-	-	-	G
C13466657      none	B	[O:1]=[CX3:2]!@[NX3H1:3][!#1:4]	-0.00792307	63.7893	-	-	-	-	G
C13466657      none	B	[*:1]~[NX3:2]!@[NX3:3]~[*:4]	180	7.3164	-	-	-	-	G
C13466657      none	B	[O:1]=[CX3:2]!@[NX3H1:3][!#1:4]	-0.0053998	63.7893	-	-	-	-	G
C13466657      none	B	[C:1][CX4:2]!@[CX3:3]=[O:4]	59.5846	2.38699	-	-	-	-	G
C13466657      none	B	[O:1]=[C:2]([O-])!@[CX4H1:3][H:4]	90.0052	0.86741	-	-	-	-	O
C54500172      none	B	[aH1:1][c:2]([aH1])!@[SX2:3][!#1:4]	59.9945	2.51537	-	-	-	-	G
C54500172      none	B	[!#1:1][CX4:2]!@[SX2:3][!#1:4]	180	11.1654	-	-	-	-	G
C54500172      none	B	[!#1:1][CX4H2:2]!@[CX3:3]=[O:4]	120.001	0.613497	-	-	-	-	G
C54500172      none	B	[O:1]=[CX3:2]!@[NX3H1:3][!#1:4]	0.00508991	63.7893	-	-	-	-	G
C54500172      none	B	[*:1]~[NX3:2]!@[NX3:3]~[*:4]	-90.0014	3.3545	-	-	-	-	G
C54500172      none	B	[O:1]=[CX3:2]!@[NX3H1:3][!#1:4]	-0.00202741	63.7893	-	-	-	-	G
C54500172      none	B	[C:1][CX4:2]!@[CX3:3]=[O:4]	-2.78994	5.61823	-	-	-	-	G
C54500172      none	B	[O:1]=[C:2]([O-])!@[CX4H1:3][H:4]	0.000977812	0.495663	-	-	-	-	O
C52012261      none	B	[NH1:1][CX4:2]!@[CX3:3]=[O:4]	-120.002	0.275693	-	-	-	-	G
C52012261      none	B	[$(C=O):1][NX3H1:2]!@[CX4H0:3][C:4]	-60.0028	14.7253	-	-	-	-	G
C52012261      none	B	[O:1]=[CX3:2]([$([NX3H1]C)])!@[NX3H1:3][!#1:4]	-0.00271805	41.1343	-	-	-	-	G
C52012261      none	B	[O:1]=[CX3:2]([$([NX3H1]C)])!@[NX3H1:3][!#1:4]	0.0124862	41.1343	-	-	-	-	G
C52012261      none	B	[$(C=O):1][NX3H1:2]!@[CX4H1:3][H:4]	29.9943	9.46757	-	-	-	-	G
C54414184      none	B	[O-:1][N+:2](=O)!@[c:3]([cH0])[cH,nX2H0:4]	0.0293579	12.6374	-	-	-	-	G
C54414184      none	B	[cH1:1][c:2]([cH1])!@[C:3]([NH1,NH2])=[O:4]	26.999	8.08167	-	-	-	-	G
C54414184      none	B	[O:1]=[CX3:2]!@[NX3H1:3][!#1:4]	0.010684	63.7893	-	-	-	-	G
C54414184      none	B	[$(C=O):1][NX3H1:2]!@[CX4H1:3][H:4]	179.997	0.712411	-	-	-	-	R
C65764038      none	B	[*:1]~[N,n:2]!@[S:3]~[*:4]	179.997	8.16343	-	-	-	-	G
C65764038      none	B	[cH1:1][c:2]([cH1])!@[CX3:3]=[NX2:4]	-179.729	13.9437	-	-	-	-	G
C65764038      none	B	[cH1,nX2H0:1][c:2]([cH1,nX2H0])!@[NX3r:3][*:4]	90.2586	1.92406	-	-	-	-	O
C65764038      none	B	[C:1][CX4:2]!@[CX3:3]=[O:4]	-179.933	0.827213	-	-	-	-	G
C57446227      none	B	[a:1][c:2]!@[C:3]([NH1,NH2])=[O:4]	119.988	0.644517	-	-	-	-	G
C57446227      none	B	[O:1]=[CX3:2]!@[NX3H1:3][!#1:4]	0.000230153	63.7893	-	-	-	-	G
C57446227      none	B	[$(C=O):1][NX3H1:2]!@[CX4H1:3][H:4]	30.0081	9.46757	-	-	-	-	G
C57446227      none	B	[O:1]=[CX3:2]!@[NX3H0:3][!#1:4]	179.997	18.2537	-	-	-	-	G
C57446227      none	B	[O:1]=[C:2]([N])!@[O:3]~[C:4]	0.000804345	57.729	-	-	-	-	G
C38522045      none	B	[O:1]=[CX3:2]!@[NX3H1:3][!#1:4]	-0.0137584	63.7893	-	-	-	-	G
C38522045      none	B	[$(C=O):1][NX3H1:2]!@[c:3]([cH1])[cH1:4]	0.0105824	7.77286	-	-	-	-	G
C38522045      none	B	[aH1:1][c:2]([aH1])!@[SX4:3][!#1:4]	89.9976	12.916	-	-	-	-	G
C38522045      none	B	[c:1][$(S(=O)=O):2]!@[NX3H1:3][C:4]	59.9994	14.5215	-	-	-	-	G
C38522045      none	B	[$(S(=O)(=O)):1][NX3H1:2]!@[CX4H2:3][!#1:4]	90.0013	3.00429	-	-	-	-	G
C38522045      none	B	[!#1:1][CX4H2:2]!@[CX4H2:3][!#1:4]	180	58.554	-	-	-	-	G
C38522045      none	B	[!#1:1][CH2:2]!@[n:3][cH0:4]	90.3098	14.7896	-	-	-	-	G
C38522045      none	B	[cH0:1][c:2]([cH,nX2H0])!@[NX3H0:3][CX4:4]	60.276	3.25838	-	-	-	-	G
C44608981      none	B	[a:1][c:2]!@[CX4H2:3][!#1:4]	-45.0017	1.96752	-	-	-	-	O
C44608981      none	B	[$(S(=O)(=O)):1][NX3H0:2]!@[CX4H2:3][!#1:4]	-120.001	6.46552	-	-	-	-	O
C44608981      none	B	[c:1][$(S(=O)=O):2]!@[NX3H0:3][C:4]	-89.9972	4.66945	-	-	-	-	G
C44608981      none	B	[aH0:1][c:2]([aH1])!@[SX4:3][!#1:4]	149.733	0.396301	-	-	-	-	R
C65336601      none	B	[*:1]~[CX4:2]!@[NX2:3]~[*:4]	120.002	6.32565	-	-	-	-	G
C42471649      none	B	[O:1]=[CX3:2]!@[NX3H0:3][!#1:4]	29.9942	0.680979	-	-	-	-	O
C42471649      none	B	[O:1]=[CX3:2]!@[NX3H1:3][!#1:4]	0.00786429	63.7893	-	-	-	-	G
C42471649      none	B	[$([CX3]=O):1][NX3H1:2]!@[CX4H2:3][C:4] 	89.9953	7.35439	-	-	-	-	G
C42471649      none	B	N[C:2](=[O:1])!@[CH2:3][N:4]	-120.002	0.892857	-	-	-	-	G
C42471649      none	B	[O:1]=[CX3:2]!@[NX3H1:3][!#1:4]	0.00184437	63.7893	-	-	-	-	G
C42471649      none	B	[$([CX3]=O):1][NX3H1:2]!@[CX4H2:3][C:4] 	180	6.46594	-	-	-	-	G
C42471649      none	B	[NH1:1][CX4:2]!@[CX3:3]=[O:4]	-119.997	0.275693	-	-	-	-	G
C19330260      none	B	[O:1]=[CX3:2]!@[NX3H1:3][!#1:4]	-0.00169358	63.7893	-	-	-	-	G
C19330260      none	B	[$(C=O):1][NX3H1:2]!@[c:3]([cH1])[cH1:4]	89.9972	0.0402739	-	-	-	-	R
C19330260      none	B	[aH1:1][c:2]([aH1])!@[SX4:3][!#1:4]	90.0062	12.916	-	-	-	-	G
C19330260      none	B	[*:1]~[N,n:2]!@[S:3]~[*:4]	-60.0076	4.40087	-	-	-	-	G
C19330260      none	B	[CX4:1][CX4H2:2]!@[NX3;"N_lp":3][CX4:4]	-160.002	6.65327	-	-	-	-	G
C19330260      none	B	[OX2:1][CX4:2]!@[CX4:3][N:4]	-81.7084	3.59551	-	-	-	-	O
C43109089      none	B	[cH0:1][c:2]!@[CX4H1:3][CX4:4]	-59.996	1.48348	-	-	-	-	G
C43109089      none	B	[cH0:1][c:2]([cH1])!@[CX3:3]([NX3H1])=[O:4]	-89.9856	1.04439	-	-	-	-	O
C43109089      none	B	[a:1][ar6:2]!@[ar5:3][a:4]	120.278	2.26536	-	-	-	-	O
C43109089      none	B	[O:1]=[CX3:2]!@[NX3H1:3][!#1:4]	-0.0187578	63.7893	-	-	-	-	G
C43109089      none	B	[*:1]~[NX3:2]!@[NX3:3]~[*:4]	-149.997	1.86361	-	-	-	-	G
C43109089      none	B	[O:1]=[CX3:2]!@[NX3H1:3][!#1:4]	0.00888071	63.7893	-	-	-	-	G
C43109089      none	B	[O:1][CX4:2]!@[CX3:3]=[O:4]	117.899	0.923198	-	-	-	-	O
C34776315      none	B	[$(C=O):1][NX3:2]!@[a:3][aH0:4]	-59.7124	2.68113	-	-	-	-	O
C17196366      none	B	[!#1:1][CX4:2]!@[CX4:3][!#1:4]	179.995	22.1548	-	-	-	-	G
C17196366      none	B	[$(C=O):1][NX3H0:2]!@[CX4H1:3][H:4]	179.998	19.1176	-	-	-	-	G
C17196366      none	B	[*:1]~[CX3:2]!@[NX3:3]~[*:4]	179.999	27.0317	-	-	-	-	G
C17196366      none	B	[*:1]~[NX3:2]!@[NX3:3]~[*:4]	160.001	3.3545	-	-	-	-	G
C17196366      none	B	[a:1][a:2]!@[NX3:3][!#1:4]	-119.998	1.58818	-	-	-	-	O
C54430777      none	B	[$(C=O):1][NX3H1:2]!@[c:3]([cH0]F)[cH:4]	-60.0146	0	-	-	-	-	R
C54430777      none	B	[cH1:1][a:2]([cH1])!@[a:3]([sX2,o,nX2H0,nX3H1:4])([cH1])	-0.00540839	11.7616	-	-	-	-	G
C54430777      none	B	[O:1]=[CX3:2]!@[NX3H1:3][!#1:4]	-0.00895837	63.7893	-	-	-	-	G
C54430777      none	B	[$([c]([NH1,NH2])):1][c:2]!@[CX3:3]([!O])=[O:4]	-29.6996	6.35359	-	-	-	-	G
C66625506      none	B	[a:1][c:2]!@[CX4H2:3][!#1:4]	-90.003	7.30446	-	-	-	-	G
C66625506      none	B	[$(C=O):1][NX3H1:2]!@[CX4H2:3][!#1:4]	90.0006	7.66811	-	-	-	-	G
C66625506      none	B	[O:1]=[CX3:2]!@[NX3H1:3][!#1:4]	-0.000169659	63.7893	-	-	-	-	G
C66625506      none	B	[cH1:1][c:2]([cH1])!@[C:3]([NH1,NH2])=[O:4]	152.989	9.05971	-	-	-	-	G
C66625506      none	B	[$(S(=O)(=O)):1][NH0:2]!@[c:3]([cH1])[cH0:4]	90.0036	13.1148	-	-	-	-	G
C66625506      none	B	[*:1]~[N,n:2]!@[S:3]~[*:4]	56.0236	4.33354	-	-	-	-	O
C66200242      none	B	[cH0:1][c:2]([cH1])!@[O:3][C:4]	-90.0173	0.64732	-	-	-	-	R
C66200242      none	B	[C:1][CX4H2:2]!@[OX2:3][c:4]	150.004	0.884397	-	-	-	-	O
C66200242      none	B	[OX2:1][CX4H2:2]!@[CX3:3]([$([NX3H1,NX3H2])])=[O:4]	119.992	0	-	-	-	-	R
C66200242      none	B	[O:1]=[CX3:2]!@[NX3H1:3][!#1:4]	0.00542665	63.7893	-	-	-	-	G
C66200242      none	B	[$(C=O):1][NX3H1:2]!@[c:3]([cH1])[cH1:4]	29.9978	5.05437	-	-	-	-	G
C66200242      none	B	[aH1:1][c:2]([aH1])!@[SX4:3][!#1:4]	-90.0028	12.5987	-	-	-	-	G
C66200242      none	B	[c:1][S:2](=O)(=O)!@[NX2H0-:3]-[*:4]	60.0039	8.33333	-	-	-	-	G
C66200242      none	B	[$(S(=O)(=O)):1][N:2]!@[c:3][a:4]	89.9907	4.78516	-	-	-	-	G
C66200242      none	B	[cH0:1][c:2]([nX2])!@[O:3][C:4]	179.996	62.7507	-	-	-	-	G
C15981157      none	B	[OX2:1][CX4:2]!@[CX4:3][N:4]	-81.9857	3.59551	-	-	-	-	O
C15981157      none	B	[!#1:1][CX4H2:2]!@[NX3H1:3][!#1:4]	179.993	11.3535	-	-	-	-	G
C15981157      none	B	[cH0:1][c:2]([cH,nX2H0])!@[NX3H1:3][CX4:4]	160.003	3.7196	-	-	-	-	O
C15981157      none	B	[aH1:1][c:2]([aH1])!@[SX4:3][!#1:4]	-89.9718	12.5987	-	-	-	-	G
C15981157      none	B	[O-:1][N+:2](=O)!@[c:3]([cH0])[cH,nX2H0:4]	90.2758	0.274725	-	-	-	-	O
C15981157      none	B	[c:1][$(S(=O)=O):2]!@[NX3H1:3][C:4]	-90.0126	3.19032	-	-	-	-	G
C15981157      none	B	[$(S(=O)(=O)):1][NX3H1:2]!@[CX4H2:3][!#1:4]	30.0018	0	-	-	-	-	R
C15981157      none	B	[NH1:1][CX4:2]!@[CX3:3]=[O:4]	-90.0018	0.352274	-	-	-	-	R
C04226892      none	B	[H:1][CX4H1:2]!@[SX4:3][!#1:4]	49.4947	10.0257	-	-	-	-	G
C67411045      none	B	[cH0:1][c:2]([cH1])!@[CX3:3]([NX3H1])=[O:4]	0.00418365	4.8738	-	-	-	-	G
C67411045      none	B	[O:1]=[CX3:2]!@[NX3H1:3][!#1:4]	-0.00339914	63.7893	-	-	-	-	G
C67411045      none	B	[$(C=O):1][NX3H1:2]!@[CX4H1:3][H:4]	-30.0009	6.97413	-	-	-	-	G
C67411045      none	B	[O:1]=[CX3:2]!@[NX3H0:3][!#1:4]	29.9973	0.680979	-	-	-	-	O
C67411045      none	B	[O:1]=[CX3:2]!@[NX3H1:3][!#1:4]	0.00699322	63.7893	-	-	-	-	G
C67411045      none	B	[$(C=O):1][NX3H1:2]!@[CX4H1:3][H:4]	-0.00731789	8.26772	-	-	-	-	G
C67411045      none	B	[a:1][c:2]!@[CX4H1:3][N,O:4]	59.9918	3.42939	-	-	-	-	G
C66240708      none	B	[O:1]=[CX3:2]!@[NX3H1:3][!#1:4]	0.000257521	63.7893	-	-	-	-	G
C66240708      none	B	[$(C=O):1][NX3H1:2]!@[CX4H1:3][H:4]	60.0028	6.22422	-	-	-	-	G
C66240708      none	B	[O:1]=[CX3:2](a)!@[NX3H0:3][!#1:4]	29.9322	0.896722	-	-	-	-	O
C66240708      none	B	[a:1][c:2]!@[C:3]([NH0])=[O:4]	90.2644	2.88889	-	-	-	-	G
C66240708      none	B	[cH1:1][a:2]([cH1])!@[a:3]([sX2,o,nX2H0,nX3H1:4])([cH0])	-59.9984	1.92551	-	-	-	-	G
C62001775      none	B	[a:1][c:2]!@[CX4H2:3][!#1:4]	-90.0056	7.30446	-	-	-	-	G
C62001775      none	B	[cH0:1][c:2]!@[CX4H2:3][N,O,S:4]	44.9834	3.35731	-	-	-	-	G
C62001775      none	B	[*:1]~[CX4:2]!@[NX4:3]~[*:4]	-179.631	15.0612	-	-	-	-	G
C62001775      none	B	[O:1]=[C:2]([O-])!@[CX4H1:3][H:4]	89.9946	0.86741	-	-	-	-	O
C38586569      none	B	[cH0:1][c:2]!@[CX4H1:3][CX3:4]	119.727	7.49415	-	-	-	-	G
C38586569      none	B	[*:1]~[CX3:2]!@[NX3:3]~[*:4]	-119.721	0.121451	-	-	-	-	R
C38586569      none	B	[cH1:1][c:2](cO)!@[O:3][C:4]	-90.2632	0.35524	-	-	-	-	R
C38586569      none	B	[cH0:1][c:2]([cH0])!@[O:3][C:4]	-120	2.67493	-	-	-	-	G
C44511158      none	B	[!#1:1][CX4:2]!@[CX4:3][!#1:4]	179.996	22.1548	-	-	-	-	G
C44511158      none	B	[!#1:1][CX4H2:2]!@[CX4H2:3][!#1:4]	-59.9969	3.77933	-	-	-	-	G
C44511158      none	B	[$([CX3]=O):1][NX3H1:2]!@[CX4H2:3][C:4] 	-149.994	1.7769	-	-	-	-	O
C44511158      none	B	[O:1]=[CX3:2]([$([NX3H1]C)])!@[NX3H1:3][!#1:4]	-0.00497628	41.1343	-	-	-	-	G
C44511158      none	B	[O:1]=[CX3:2]([$([NX3H1]C)])!@[NX3H1:3][!#1:4]	-0.00657867	41.1343	-	-	-	-	G
C44511158      none	B	[$([CX3]=O):1][NX3H1:2]!@[CX4H2:3][C:4] 	-89.9951	7.35439	-	-	-	-	G
C44511158      none	B	N[C:2](=[O:1])!@[CH2:3][N:4]	179.995	8.33333	-	-	-	-	G
C44511158      none	B	[O:1]=[CX3:2]!@[NX3H1:3][!#1:4]	0.0129015	63.7893	-	-	-	-	G
C44511158      none	B	[$([CX3]=O):1][NX3H1:2]!@[CX4H2:3][C:4] 	179.995	6.46594	-	-	-	-	G
C44511158      none	B	[NH1:1][CX4:2]!@[CX3:3]=[O:4]	119.978	0.41354	-	-	-	-	G
C37244786      none	B	[cH0:1][c:2]([cH1])!@[CX3:3]([NX3H0])=[O:4]	-90.0316	3.27273	-	-	-	-	G
C37244786      none	B	[O:1]=[CX3:2](a)!@[NX3H0:3][!#1:4]	150.313	2.50464	-	-	-	-	G
C37244786      none	B	[O:1]=[C:2]([O-])!@[CX4H1:3][H:4]	90.0013	0.86741	-	-	-	-	O
C40303471      none	B	[cH1:1][c:2]([cH1])!@[O:3][C:4]	-29.9938	0.195465	-	-	-	-	O
C40303471      none	B	[C:1][CX4H2:2]!@[OX2:3][c:4]	-150.005	1.28448	-	-	-	-	O
C40303471      none	B	[O:1][CX4:2]!@[CX3:3]=[O:4]	150	2.2196	-	-	-	-	G
C40303471      none	B	[O:1]=[CX3:2]!@[NX3H0:3][!#1:4]	150.274	1.73707	-	-	-	-	O
C40303471      none	B	[CX4:1][CX4H2:2]!@[NX3;"N_lp":3][CX4:4]	-79.9974	8.1206	-	-	-	-	G
C40303471      none	B	[OX2:1][CX4H2:2]!@[CX4H2:3][Nr:4]	60.0002	18.1373	-	-	-	-	G
C16346876      none	B	[a:1][c:2]!@[CX4H1:3][H:4]	119.263	1.00725	-	-	-	-	O
C16346876      none	B	[*^2:1]~[C^2:2]([!H])!@[C^2:3]~[*^2:4]	119.98	0.806964	-	-	-	-	G
C16346876      none	B	[O:1]=[C:2]!@[O:3]~[C:4]	-0.00519186	74.4927	-	-	-	-	G
C16346876      none	B	[$(C=O):1][O:2]!@[CH1:3][H:4]	29.9989	10.7465	-	-	-	-	G
C16346876      none	B	[O-:1][N+:2](=O)!@[c:3]([cH0])[cH,nX2H0:4]	0.0216736	12.6374	-	-	-	-	G
C16346876      none	B	[cH1:1][c:2](cO)!@[O:3][C:4]	90.2297	0.310835	-	-	-	-	R
C16346876      none	B	[C:1][CX4:2]!@[CX3:3]=[O:4]	120.244	3.75937	-	-	-	-	G
C16346876      none	B	[O:1]=[C:2]!@[O:3]~[C:4]	-0.0107463	74.4927	-	-	-	-	G
C32673075      none	B	[aH1:1][c:2]([aH1])!@[SX4:3][!#1:4]	90.0008	12.916	-	-	-	-	G
C32673075      none	B	[*:1]~[OX2:2]!@[SX4:3]~[*:4]	-40.0025	4.33662	-	-	-	-	G
C32673075      none	B	[cH1:1][c:2]([cH0])!@[O:3][S:4]	-59.999	2.57732	-	-	-	-	G
C32673075      none	B	[a:1][c:2]!@[CX3:3]=[CX3H0:4]	90.0048	1.52036	-	-	-	-	G
C32673075      none	B	[$(C=O):1][NX3H0:2]!@[c:3]([cH1])[cH1:4]	120.278	4.98104	-	-	-	-	G
C32673075      none	B	[O-:1][N+:2](=O)!@[c:3]([cH,nX2H0])[cH,nX2H0:4]	179.945	23.2156	-	-	-	-	G
C44608925      none	B	[a:1][c:2]!@[CX4H2:3][!#1:4]	89.9973	7.24386	-	-	-	-	G
C44608925      none	B	[$(S(=O)(=O)):1][NX3H0:2]!@[CX4H2:3][!#1:4]	-90.0082	8.83621	-	-	-	-	G
C44608925      none	B	[c:1][$(S(=O)=O):2]!@[NX3H0:3][C:4]	60.0077	7.00418	-	-	-	-	G
C44608925      none	B	[aH0:1][c:2]([aH0])!@[SX4:3][!#1:4]	59.9982	4.18994	-	-	-	-	G
C35383856      none	B	[a:1][a:2]!@[CX3:3]=[CX3H1:4]	-159.999	2.81868	-	-	-	-	G
C35383856      none	B	[*^2:1]~[C^2:2]([!H])!@[C^2:3]~[*^2:4]	-119.994	0.661024	-	-	-	-	G
C35383856      none	B	[O:1]=[CX3:2]!@[NX3H1:3][!#1:4]	-0.0108744	63.7893	-	-	-	-	G
C35383856      none	B	[$([CX3]=O):1][NX3H1:2]!@[CX4H2:3][C:4] 	-89.9964	7.35439	-	-	-	-	G
C35383856      none	B	N[C:2](=[O:1])!@[CH2:3][N:4]	179.997	8.33333	-	-	-	-	G
C35383856      none	B	[O:1]=[CX3:2]!@[NX3H1:3][!#1:4]	0.00616634	63.7893	-	-	-	-	G
C35383856      none	B	[$([CX3]=O):1][NX3H1:2]!@[CX4H2:3][C:4] 	179.996	6.46594	-	-	-	-	G
C35383856      none	B	[NH1:1][CX4:2]!@[CX3:3]=[O:4]	-119.982	0.275693	-	-	-	-	G
C64070248      none	B	[cH1:1][a:2]([cH1])!@[a:3]([sX2,o,nX2H0,nX3H1:4])	30.3183	3.22279	-	-	-	-	O
C64070248      none	B	[$(S(=O)(=O)):1][NH0:2]!@[c:3]([cH1])[cH1:4]	89.9792	15.7025	-	-	-	-	G
C64070248      none	B	[*:1]~[N,n:2]!@[S:3]~[*:4]	23.8624	1.44092	-	-	-	-	G
C64070248      none	B	[!#1:1][CX3:2]!@[SX4:3][!#1:4]	149.692	0.543478	-	-	-	-	R
C64070248      none	B	[*^2:1]~[C^2:2]([!H])!@[C^2:3]~[*^2:4]	120.001	0.806964	-	-	-	-	G
C64070248      none	B	[O:1]=[CX3:2]!@[NX3H0:3][!#1:4]	-179.694	18.2537	-	-	-	-	G
C37980119      none	B	[$(C=O):1][NX3H1:2]!@[c:3]([cH0]Cl)[cH:4]	-89.9962	0	-	-	-	-	R
C37980119      none	B	[O:1]=[CX3:2]!@[NX3H1:3][!#1:4]	-0.00450076	63.7893	-	-	-	-	G
C37980119      none	B	[cH1:1][c:2]([cH1])!@[C:3]([NH1,NH2])=[O:4]	-26.989	8.39053	-	-	-	-	G
C62099227      none	B	[aH1:1][c:2]([aH1])!@[SX4:3][!#1:4]	30.0033	0.225606	-	-	-	-	R
C62099227      none	B	[a:1][a:2]!@[NX3:3][!#1:4]	149.996	1.85775	-	-	-	-	O
C62099227      none	B	[*:1][$(S(=O)=O):2]!@[NX3H0r:3][*:4]	-119.729	0.995261	-	-	-	-	G
C44610314      none	B	[a:1][c:2]!@[CX4H2:3][!#1:4]	0.00225272	2.24426	-	-	-	-	O
C44610314      none	B	[!#1:1][CX4H2:2]!@[NX3H1:3][!#1:4]	180	11.3535	-	-	-	-	G
C44610314      none	B	[a:1][a:2]!@[NX3:3][!#1:4]	-179.719	11.4213	-	-	-	-	G
C42161983      none	B	[cH0:1][c:2]([cH,nX2H0])!@[NX3H0:3][CX4:4]	60.2753	3.25838	-	-	-	-	G
C42161983      none	B	[O-:1][N+:2](=O)!@[c:3]([cH0])[cH,nX2H0:4]	-0.0261647	12.6374	-	-	-	-	G
C42161983      none	B	[!#1:1][CX4:2]!@[CX4:3][!#1:4]	179.999	22.1548	-	-	-	-	G
C42161983      none	B	[C:1][CX4H2:2]!@[CX3:3]=[O:4]	119.995	0.695249	-	-	-	-	O
C64871423      none	B	[a:1][c:2]!@[CX4H2:3][!#1:4]	180	2.35335	-	-	-	-	O
C64871423      none	B	[aH1:1][c:2]([aH1])!@[SX4:3][!#1:4]	179.998	0.148054	-	-	-	-	R
C64871423      none	B	[c:1][CX4H2:2]!@[OX2:3][c:4]	180	39.7757	-	-	-	-	G
C64871423      none	B	[cH1:1][c:2]([cH1])!@[O:3][C:4]	-179.719	26.896	-	-	-	-	G
C64871423      none	B	[cH1:1][c:2]([cH1])!@[CX4H2:3][CX4:4]	30.0226	0.378198	-	-	-	-	R
C64871423      none	B	[!#1:1][CX4H2:2]!@[CX4H2:3][!#1:4]	180	58.554	-	-	-	-	G
C64871423      none	B	[C:1][CX4H2:2]!@[CX3:3]=[O:4]	120.001	0.695249	-	-	-	-	O
C50661864      none	B	[aH1:1][c:2]([aH1])!@[SX4:3][!#1:4]	89.9965	12.916	-	-	-	-	G
C50661864      none	B	[c:1][$(S(=O)=O):2]!@[NX3H1:3][C:4]	-59.9967	13.7514	-	-	-	-	G
C50661864      none	B	[$(S(=O)(=O)):1][NX3H1:2]!@[CX4H1:3][H:4]	-0.00293919	7.36648	-	-	-	-	G
C10033639      none	B	[$(C=O):1][O:2]!@[CH2:3]~[C:4]	180	23.3458	-	-	-	-	G
C10033639      none	B	[O:1]=[C:2]!@[O:3]~[C:4]	-0.00497366	74.4927	-	-	-	-	G
C10033639      none	B	[C:1][CX4:2]!@[CX3:3]=[O:4]	-150.068	1.18876	-	-	-	-	G
C10033639      none	B	[O:1]=[CX3:2]!@[NX3H0:3][!#1:4]	30.0003	0.680979	-	-	-	-	O
C10033639      none	B	[O:1]=[CX3:2]!@[CX3:3]=[O:4]	-120.003	1.55709	-	-	-	-	G
C10033639      none	B	[O:1]=[CX3:2]!@[NX3H1:3][!#1:4]	-0.000690402	63.7893	-	-	-	-	G
C10033639      none	B	[$(C=O):1][NX3:2]!@[a:3][aH0:4]	-59.6897	2.68113	-	-	-	-	O
C10033639      none	B	[cH1:1][a:2]([cH1])!@[a:3]([sX2,o,nX2H0,nX3H1:4])([cH0])	-29.5734	4.65593	-	-	-	-	G
C63768237      none	B	[C:1][CX4:2]!@[CX3:3]=[O:4]	-120.124	3.42432	-	-	-	-	G
C63768237      none	B	[O:1]=[CX3:2]!@[NX3H0:3][!#1:4]	-150.001	1.37927	-	-	-	-	O
C63768237      none	B	[C:1][CX4:2]!@[CX3:3]=[O:4]	89.8689	3.65147	-	-	-	-	G
C63768237      none	B	[*:1][$(S(=O)=O):2]!@[NX3H0r:3][*:4]	89.9922	4.85782	-	-	-	-	G
C65743211      none	B	[!#1:1][CX4H2:2]!@[CX4H2:3][!#1:4]	180	58.554	-	-	-	-	G
C65743211      none	B	[C:1][CH2:2]!@[O:3][CX4:4]	-60.0009	0.329924	-	-	-	-	O
C65743211      none	B	[H:1][CX4H1:2]!@[O:3][CX4:4]	80.0004	0.0588495	-	-	-	-	O
C65743211      none	B	[OX2:1][CX4:2]!@[CX4:3][OX2:4]	40.0422	0.511128	-	-	-	-	G
C01427829      none	B	[cH0:1][c:2]([cH0])!@[CX3:3]=[O:4]	60.0005	2.43032	-	-	-	-	G
C01427829      none	B	[a:1][c:2]!@[CX4H1:3][a:4]	119.998	3.30125	-	-	-	-	G
C01427829      none	B	[O:1]=[C:2]!@[O:3]~[C:4]	0.00294397	74.4927	-	-	-	-	G
C13211762      none	B	[cH0:1][c:2]([cH,nX2H0])!@[NX3H0:3][CX4:4]	-119.735	1.65213	-	-	-	-	O
C13211762      none	B	[O-:1][N+:2](=O)!@[c:3]([cH0])[cH,nX2H0:4]	89.9834	0.274725	-	-	-	-	O
C13211762      none	B	[cH1:1][c:2]([cH1])!@[C:3]([NH1,NH2])=[O:4]	-153.029	8.78518	-	-	-	-	G
C13211762      none	B	[O:1]=[CX3:2]!@[NX3H1:3][!#1:4]	0.0052628	63.7893	-	-	-	-	G
C13211762      none	B	[$([CX3]=O):1][NX3H1:2]!@[CX4H2:3][C:4] 	179.996	6.46594	-	-	-	-	G
C13211762      none	B	[NH1:1][CX4:2]!@[CX3:3]=[O:4]	120.002	0.41354	-	-	-	-	G
C13211762      none	B	[*:1][$(S(=O)=O):2]!@[NX3H0r:3][*:4]	-119.994	0.995261	-	-	-	-	G
C13211762      none	B	[aH1:1][c:2]([aH1])!@[SX4:3][!#1:4]	-109.726	4.53328	-	-	-	-	G
C17105039      none	B	[aH1:1][c:2]([aH1])!@[SX4:3][!#1:4]	-89.9992	12.5987	-	-	-	-	G
C17105039      none	B	[c:1][S:2](=O)(=O)!@[NX2H0-:3]-[*:4]	-90.002	2.77778	-	-	-	-	G
C17105039      none	B	[*:1]~[NX2:2]!@[nX3:3]~[*:4]	89.9983	1.36719	-	-	-	-	G
C49181922      none	B	[cH0:1][c:2]([cH0])!@[O:3][C:4]	-90.0015	14.1718	-	-	-	-	G
C49181922      none	B	[cH0:1][c:2]([cH0])!@[O:3][C:4]	-90.0044	14.1718	-	-	-	-	G
C62708761      none	B	[*:1][$(S(=O)=O):2]!@[NX3H0r:3][*:4]	-59.9996	8.17536	-	-	-	-	G
C62708761      none	B	[aH0:1][c:2]([aH1])!@[SX4:3][!#1:4]	89.6797	4.49141	-	-	-	-	G
C05189868      none	B	[CH0:1][NX3:2]([CH1])!@[c:3][a:4]	-59.9981	1.90174	-	-	-	-	G
C05030590      none	B	[*:1]~[CX4:2]!@[n:3]~[*:4]	-120.002	3.09532	-	-	-	-	G
C05030590      none	B	[OX2:1][CX4:2]!@[CX4:3][OX2:4]	56.6358	14.3222	-	-	-	-	G
C50307208      none	B	[cH0:1][c:2]!@[CX4H2:3][CX4:4]	-89.6851	18.481	-	-	-	-	G
C50307208      none	B	[$([c]([NH1,NH2])):1][c:2]!@[CX3:3]([!O])=[O:4]	-89.9965	0	-	-	-	-	R
C50307208      none	B	[O:1]=[CX3:2](a)!@[NX3H0:3][!#1:4]	-30.003	1.17502	-	-	-	-	O
C50307208      none	B	[$(C=O):1][NX3H0:2]!@[CX4H1:3][H:4]	0.00124837	15.8824	-	-	-	-	G
C67447145      none	B	[nH0r6:1][cr6:2]([cH1r6])!@[C:3]([NH1,NH2])=[O:4]	-60.025	0	-	-	-	-	R
C67447145      none	B	[O:1]=[CX3:2]!@[NX3H1:3][!#1:4]	0.0086701	63.7893	-	-	-	-	G
C67447145      none	B	[$(C=O):1][NX3H1:2]!@[CX4H1:3][H:4]	29.99	9.46757	-	-	-	-	G
C67447145      none	B	[*:1]~[CX4:2]!@[n:3]~[*:4]	-120.003	3.09532	-	-	-	-	G
C63385878      none	B	[C:1][CX4:2]!@[NX3;"N_lp":3][C:4]	155.705	4.57693	-	-	-	-	G
C13398062      none	B	[aH1:1][c:2]([aH1])!@[SX4:3][!#1:4]	-110	4.53328	-	-	-	-	G
C13398062      none	B	[$(C=O):1][NX3H1:2]!@[c:3]([cH1])[cH1:4]	29.9752	5.05437	-	-	-	-	G
C13398062      none	B	[O:1]=[CX3:2]!@[NX3H1:3][!#1:4]	0.00164115	63.7893	-	-	-	-	G
C13398062      none	B	[!#1:1][CX4H2:2]!@[CX3:3]=[O:4]	-89.9953	1.11373	-	-	-	-	G
C13398062      none	B	[!#1:1][CX4:2]!@[SX2:3][!#1:4]	59.9967	7.53739	-	-	-	-	G
C13398062      none	B	[aH1:1][c:2]([aH1])!@[SX2:3][!#1:4]	90.2824	4.22023	-	-	-	-	G
C13398062      none	B	[*:1][$(S(=O)=O):2]!@[NX3H0r:3][*:4]	-59.7178	8.17536	-	-	-	-	O
C13398062      none	B	[O:1]=[C:2]([O-])!@[CX4H1:3][H:4]	90.0019	0.86741	-	-	-	-	O
C58021368      none	B	[c:1][cr6:2]!@[cr5:3][c:4]	-119.721	2.84915	-	-	-	-	G
C58021368      none	B	[O-:1][N+:2](=O)!@[c:3]([cH,nX2H0])[cH,nX2H0:4]	179.978	23.2156	-	-	-	-	G
C58021368      none	B	[a:1][c:2]!@[CX4H2:3][CX3:4]	135	0.904393	-	-	-	-	O
C58021368      none	B	[c:1][CX4H2:2]!@[CX3:3]=[O:4]	120.002	1.4245	-	-	-	-	O
C61938159      none	B	[O:1]=[CX3:2]!@[NX3H0:3][!#1:4]	150	1.73707	-	-	-	-	O
C61938159      none	B	[O:1]=[CX3:2]!@[CX3:3]=[O:4]	90.0105	2.94118	-	-	-	-	G
C61938159      none	B	[O:1]=[CX3:2]!@[NX3H1:3][!#1:4]	-0.0214138	63.7893	-	-	-	-	G
C04859011      none	B	[cH1,nX2H0:1][c:2]([cH1,nX2H0])!@[NX3r:3][*:4]	-179.715	6.12375	-	-	-	-	G
C04859011      none	B	[C:1][CX4:2]!@[CX3:3]=[O:4]	-30.1161	3.42621	-	-	-	-	G
C04859011      none	B	[O:1]=[CX3:2]!@[NX3H1:3][!#1:4]	-0.00168247	63.7893	-	-	-	-	G
C04859011      none	B	[$(C=O):1][NX3H1:2]!@[c:3]([cH1])[cH1:4]	29.9961	5.05437	-	-	-	-	G
C39412803      none	B	[!#1:1][CX4r:2]!@[CX4r:3][!#1:4]	37.0851	1.7162	-	-	-	-	G
C39412803      none	B	[cH1:1][c:2]([cH1])!@[CX3:3]=[NX2:4]	-59.6573	0.787951	-	-	-	-	O
C39412803      none	B	[cH1:1][c:2]([cH1])!@[O:3][C:4]	0.000313566	26.3009	-	-	-	-	G
C13179929      none	B	[$(C=O):1][NX3H1:2]!@[c:3]([cH1])[cH1:4]	-150.016	5.07451	-	-	-	-	G
C13179929      none	B	[cH1:1][c:2]([cH1])!@[C:3]([NH1,NH2])=[O:4]	-27.0146	8.39053	-	-	-	-	G
C13179929      none	B	[O:1]=[CX3:2]!@[NX3H1:3][!#1:4]	-0.00428495	63.7893	-	-	-	-	G
C13179929      none	B	[$([CX3]=O):1][NX3H1:2]!@[CX4H2:3][C:4] 	180	6.46594	-	-	-	-	G
C13179929      none	B	[NH1:1][CX4:2]!@[CX3:3]=[O:4]	120.001	0.41354	-	-	-	-	G
C13179929      none	B	[O:1]=[CX3:2]!@[NX3H1:3][!#1:4]	0.00110396	63.7893	-	-	-	-	G
C13179929      none	B	[O:1]=[CX3:2]([NH1])!@[CH2:3][C:4]	0.00794843	11.7061	-	-	-	-	G
C13179929      none	B	[!#1:1][CX4H2:2]!@[CX4H2:3][!#1:4]	-60.0106	3.77933	-	-	-	-	G
C13179929      none	B	[!#1:1][CX4:2]!@[CX4:3][!#1:4]	-88.1563	0.488284	-	-	-	-	G
C65336596      none	B	[*:1]~[CX4:2]!@[NX2:3]~[*:4]	120.002	6.32565	-	-	-	-	G
C23141902      none	B	[cH1:1][c:2]([cH1])!@[C:3]([NH1,NH2])=[O:4]	-89.9811	0	-	-	-	-	R
C23141902      none	B	[aH1:1][c:2]([aH1])!@[SX4:3][!#1:4]	90.0064	12.916	-	-	-	-	G
C23141902      none	B	[c:1][$(S(=O)=O):2]!@[NX3H1:3][c:4]	59.9973	16.9521	-	-	-	-	G
C23141902      none	B	[$(S(=O)(=O)):1][NH1:2]!@[c:3]([cH1])[cH1:4]	60.003	3.17797	-	-	-	-	G
C23141902      none	B	[O:1]=[C:2](c)!@[$([NX3](c([nX2H0])([nX2H0]))):3][H:4]	0.00307988	0	-	-	-	-	G
C23141902      none	B	[$(C=O):1][NX3:2]!@[a:3][aH0:4]	180	13.4466	-	-	-	-	G
C13443409      none	B	[$(C=O):1][NX3:2]!@[a:3][aH0:4]	149.97	1.842	-	-	-	-	O
C13443409      none	B	[$(C=O):1][NX3:2]!@[a:3][aH0:4]	120.009	2.43553	-	-	-	-	G
C13443409      none	B	[O:1]=[CX3:2]!@[NX3H1:3][!#1:4]	-0.0122082	63.7893	-	-	-	-	G
C13443409      none	B	[!#1:1][CX4H2:2]!@[CX3:3]=[O:4]	120.007	0.613497	-	-	-	-	G
C13443409      none	B	[!#1:1][CX4:2]!@[SX2:3][!#1:4]	90.002	2.8728	-	-	-	-	G
C13443409      none	B	[aH0:1][c:2]([aH0])!@[SX2:3][!#1:4]	-29.9974	0.51573	-	-	-	-	O
C13443409      none	B	[a:1][ar5:2]!@[ar5:3][a:4]	-119.681	1.62214	-	-	-	-	O
C13443409      none	B	[!#1:1][CH2:2]!@[n:3][cH0:4]	45.0019	0.233744	-	-	-	-	R
C13443409      none	B	[!#1:1][CX4H2:2]!@[CX3:3]=[O:4]	-119.993	0.59462	-	-	-	-	G
C42584137      none	B	[aH0:1][c:2]([aH0])!@[SX2:3][!#1:4]	-149.997	0.43837	-	-	-	-	O
C42584137      none	B	[!#1:1][CX4:2]!@[SX2:3][!#1:4]	-162.844	3.18377	-	-	-	-	G
C42584137      none	B	[$(C=O):1][NX3H0:2]!@[CX4H1:3][H:4]	-85.6677	0.12605	-	-	-	-	R
C48607492      none	B	[O:1]=[CX3:2]!@[NX3H1:3][!#1:4]	-0.00283665	63.7893	-	-	-	-	G
C48607492      none	B	[$(C=O):1][NX3H1:2]!@[CX4H1:3][H:4]	29.9993	9.46757	-	-	-	-	G
C48607492      none	B	[O:1]=[CX3:2]!@[NX3H0:3][!#1:4]	-30.0039	0.692521	-	-	-	-	O
C48607492      none	B	[N:1][C:2](=O)!@[CX4H2:3][CX4H2:4]	179.998	15.2589	-	-	-	-	G
C48607492      none	B	[!#1:1][CX4H2:2]!@[CX4H2:3][!#1:4]	179.998	58.554	-	-	-	-	G
C48607492      none	B	[!#1:1][CX4:2]!@[SX2:3][!#1:4]	179.997	11.1654	-	-	-	-	G
C48607492      none	B	[!#1:1][CX4:2]!@[SX2:3][!#1:4]	-59.9973	7.13757	-	-	-	-	G
C48607492      none	B	[!#1:1][CX4H2:2]!@[CX3:3]=[O:4]	120.002	0.613497	-	-	-	-	G
C40378370      none	B	[!#1:1][CX4:2]!@[CX4:3][!#1:4]	80.0028	1.75235	-	-	-	-	G
C40378370      none	B	[O:1]=[CX3:2]!@[NX3H0:3][!#1:4]	-150.002	1.37927	-	-	-	-	O
C40378370      none	B	[NH1:1][CX4:2]!@[CX3:3]=[O:4]	-1.93063	6.89233	-	-	-	-	G
C40378370      none	B	[$(S(=O)(=O)):1][NX3H1:2]!@[CX4H2:3][!#1:4]	-120.003	2.14592	-	-	-	-	O
C40378370      none	B	[*:1][$(S(=O)=O):2]!@[NX3H1:3][*:4]	89.9978	4.90782	-	-	-	-	G
C50661949      none	B	[a:1][c:2]!@[CX4H2:3][!#1:4]	-90.0044	7.30446	-	-	-	-	G
C50661949      none	B	[$(S(=O)(=O)):1][NX3H1:2]!@[CX4H2:3][!#1:4]	-89.999	3.86266	-	-	-	-	G
C50661949      none	B	[c:1][$(S(=O)=O):2]!@[NX3H1:3][C:4]	-60.0026	13.7514	-	-	-	-	G
C50661949      none	B	[aH1:1][c:2]([aH1])!@[SX4:3][!#1:4]	-89.723	12.5987	-	-	-	-	G
C52785340      none	B	[C:1][CH2:2]!@[O:3][CX4:4]	-159.999	4.55295	-	-	-	-	G
C52785340      none	B	[!#1:1][CX4H2:2]!@[CX4H2:3][!#1:4]	59.9952	3.99483	-	-	-	-	G
C52785340      none	B	[!#1:1][CX4:2]!@[CX4:3][!#1:4]	180	22.1548	-	-	-	-	G
C52785340      none	B	[a:1][c:2]!@[CX4H1:3][N,O:4]	0.00153959	1.53503	-	-	-	-	G
C31978752      none	B	[cH1:1][c:2]!@[c:3]([cH1])[nX2H0:4]	59.9975	0.0514271	-	-	-	-	R
C31978752      none	B	[O-:1][N+:2](=O)!@[c:3]([cH,nX2H0])[cH,nX2H0:4]	-179.969	23.2156	-	-	-	-	G
C52096328      none	B	[aH0:1][c:2]([aH1])!@[SX4:3][!#1:4]	69.9957	11.3606	-	-	-	-	G
C52096328      none	B	[c:1][$(S(=O)=O):2]!@[NX3H1:3][C:4]	-90.0044	3.19032	-	-	-	-	G
C52096328      none	B	[$(S(=O)(=O)):1][NX3H1:2]!@[CX4H2:3][!#1:4]	89.9984	3.00429	-	-	-	-	G
C52096328      none	B	[!#1:1][CX4:2]!@[CX3H0:3][!#1:4]	30.0048	1.49834	-	-	-	-	G
C50394844      none	B	[a:1][c:2]!@[CX4H2:3][!#1:4]	135.003	1.69481	-	-	-	-	O
C50394844      none	B	[!#1:1][CX4H2:2]!@[NX3H1;"N_lp":3][!#1:4]	160.001	4.64098	-	-	-	-	G
C50394844      none	B	[C:1][CX4:2]!@[NX3;"N_lp":3][C:4]	160.405	4.57693	-	-	-	-	G
C39582321      none	B	[a:1][c:2]!@[CX4H1:3][H:4]	-0.121248	6.54616	-	-	-	-	G
C05389792      none	B	[a:1][c:2]!@[C:3]([NH1,NH2])=[O:4]	89.9972	0.308642	-	-	-	-	O
C05389792      none	B	[*:1]~[CX4:2]!@[n:3]~[*:4]	-89.9998	3.28413	-	-	-	-	G
C05389792      none	B	[OX2:1][CX4:2]!@[CX4:3][OX2:4]	-166.267	4.55756	-	-	-	-	G
C13211321      none	B	[aH1:1][c:2]([aH1])!@[SX2:3][!#1:4]	120.003	2.09614	-	-	-	-	G
C13211321      none	B	[aH1:1][c:2]([aH0])!@[SX2:3][*R:4]	90.0012	2.04082	-	-	-	-	G
C13211321      none	B	[aH1:1][c:2]([aH1])!@[SX4:3][!#1:4]	90.0104	12.916	-	-	-	-	G
C13211321      none	B	[O-:1][N+:2](=O)!@[c:3]([cH0])[cH,nX2H0:4]	90.2755	0.274725	-	-	-	-	O
C13211321      none	B	[c:1][$(S(=O)=O):2]!@[NX3H1:3][C:4]	-59.9965	13.7514	-	-	-	-	G
C13211321      none	B	[$(S(=O)(=O)):1][NX3H1:2]!@[CX4H2:3][!#1:4]	-90.0092	3.86266	-	-	-	-	G
C13211321      none	B	[!#1:1][CX4H2:2]!@[CX4H2:3][!#1:4]	60.0081	3.99483	-	-	-	-	G
C13211321      none	B	[C:1][CX4H2:2]!@[CX3:3]=[O:4]	-119.995	0.79457	-	-	-	-	O
C33515522      none	B	[a:1][a:2]!@[CX3:3]=[O:4]	-0.00432473	15.3068	-	-	-	-	G
C33515522      none	B	[*^2:1]~[C^2:2]([!H])!@[C^2:3]~[*^2:4]	120.301	0.806964	-	-	-	-	G
C33515522      none	B	[$([CX3]=O):1][NX3H0:2](C)!@[CX4H2:3][C:4]	-120.001	2.31561	-	-	-	-	O
C33515522      none	B	[a:1][c:2]!@[CX4H1:3][N,O:4]	86.8181	1.22453	-	-	-	-	G
C33515522      none	B	[O-:1][N+:2](=O)!@[c:3]([cH,nX2H0])[cH,nX2H0:4]	-179.846	23.2156	-	-	-	-	G
C33515522      none	B	[!#1:1][CX4H2:2]!@[CX4H2:3][!#1:4]	180	58.554	-	-	-	-	G
C33515522      none	B	[!#1:1][CX4H2:2]!@[CX4H2:3][!#1:4]	60.0036	3.99483	-	-	-	-	G
C33515522      none	B	[CX4:1][CX4H2:2]!@[NX3;"N_lp":3][CX4:4]	-156.363	6.65327	-	-	-	-	G
C14122825      none	B	[$([C](=O)):1][NX3:2]!@[a:3](s)[a:4]	179.985	61.7021	-	-	-	-	G
C14122825      none	B	[O:1]=[C:2]([O-])!@[c:3]([cH0])[cH0:4]	179.988	20	-	-	-	-	G
C14122825      none	B	[O:1]=[CX3:2]!@[NX3H1:3][!#1:4]	0.00174769	63.7893	-	-	-	-	G
C14122825      none	B	[N:1][CX4:2]!@[CX3:3]=[O:4]	60.0097	0.592386	-	-	-	-	G
C14122825      none	B	[C:1][CX4:2]!@[NX3;"N_lp":3][C:4]	-64.3127	7.07677	-	-	-	-	G
C14122825      none	B	[*:1][$(S(=O)=O):2]!@[NX3H0r:3][*:4]	90.0003	4.85782	-	-	-	-	G
C14122825      none	B	[aH0:1][c:2]([aH1])!@[SX4:3][!#1:4]	-110.328	1.0568	-	-	-	-	O
C41015840      none	B	[aH0:1][c:2]([aH1])!@[SX4:3][!#1:4]	109.987	1.0568	-	-	-	-	O
C41015840      none	B	[O:1]=[C:2]([O-])!@[c:3]([cH0])[cH0:4]	180	20	-	-	-	-	G
C41015840      none	B	[c:1][$(S(=O)=O):2]!@[NX3H1:3][C:4]	-59.996	13.7514	-	-	-	-	G
C41015840      none	B	[$(S(=O)(=O)):1][NX3H1:2]!@[CX4H2:3][!#1:4]	119.998	2.14592	-	-	-	-	O
C41015840      none	B	[a:1][c:2]!@[CX4H2:3][!#1:4]	-134.692	2.0362	-	-	-	-	O
C37809645      none	B	[a:1][c:2]!@[C:3]([NH0])=[O:4]	120.003	4.19444	-	-	-	-	G
C37809645      none	B	[O:1]=[CX3:2](a)!@[NX3H0:3][!#1:4]	149.995	2.50464	-	-	-	-	G
C37809645      none	B	[$([CX3]=O):1][NX3H0:2](C)!@[CX4H2:3][C:4]	-90.0027	15.9949	-	-	-	-	G
C37809645      none	B	[$(C=O):1][NX3H0:2]!@[CX4H1:3][H:4]	90.0026	0.168067	-	-	-	-	R
C37809645      none	B	[OX2:1][CX4H2:2]!@[CX4H2:3][N:4]	60.0048	17.6955	-	-	-	-	G
C19789936      none	B	[c:1][c:2]!@[c:3][s,o,nX3H1:4]	0.270696	17.837	-	-	-	-	G
C19789936      none	B	[cH1:1][c:2]!@[c:3]([cH1])[nX2H0:4]	150.255	1.9028	-	-	-	-	G
C19789936      none	B	[cH1:1][c:2]!@[c:3]([cH1])[nX2H0:4]	-149.995	1.79995	-	-	-	-	G
C09344274      none	B	[C:1][CX4:2]!@[CX3:3]=[O:4]	-0.0016606	5.61823	-	-	-	-	G
C09344274      none	B	[C:1][CX4:2]!@[CX3:3]=[O:4]	-0.00259839	5.61823	-	-	-	-	G
C09344274      none	B	[O-:1][N+:2](=O)!@[c:3]([cH,nX2H0])[cH,nX2H0:4]	-179.523	23.2156	-	-	-	-	G
C09344274      none	B	[O:1]=[C:2]!@[O:3]~[C:4]	0.000257241	74.4927	-	-	-	-	G
C09043079      none	B	[*^2:1]~[C^2:2]([!H])!@[C^2:3]~[*^2:4]	-60.0048	0.757173	-	-	-	-	O
C09043079      none	B	[C:1][CX4:2]!@[CX3:3]=[O:4]	59.9949	2.38699	-	-	-	-	G
C09043079      none	B	[*^2:1]~[C^2:2]([!H])!@[C^2:3]~[*^2:4]	150.312	1.21045	-	-	-	-	G
C09043079      none	B	[$([CX3]=O):1][NX3H0:2](C)!@[CX4H2:3][C:4]	-119.999	2.31561	-	-	-	-	O
C09043079      none	B	[a:1][c:2]!@[CX4H1:3][N,O:4]	-123.112	3.08052	-	-	-	-	G
C09043079      none	B	[!#1:1][CX4H2:2]!@[CX4H2:3][!#1:4]	59.9988	3.99483	-	-	-	-	G
C09043079      none	B	[CX4:1][CX4H2:2]!@[NX3;"N_lp":3][CX4:4]	-156.367	6.65327	-	-	-	-	G
C09043079      none	B	[O:1]=[C:2]!@[O:3]~[C:4]	0.00558999	74.4927	-	-	-	-	G
C23410929      none	B	[C:1][CX4H2:2]!@[OX2:3][c:4]	89.9937	1.05285	-	-	-	-	G
C23410929      none	B	[cH1:1][c:2](cO)!@[O:3][C:4]	-90.0032	0.35524	-	-	-	-	R
C23410929      none	B	[cH1:1][c:2]([cH0])!@[CX3x0:3]=[NX2:4]	29.9995	0.850762	-	-	-	-	G
C23410929      none	B	[*:1]~[NX3:2]!@[NX2:3]~[*:4]	149.999	0.447375	-	-	-	-	O
C23410929      none	B	[O:1]=[CX3:2]!@[NX3H1:3][!#1:4]	0.00319833	63.7893	-	-	-	-	G
C23410929      none	B	[O:1][CX4:2]!@[CX3:3]=[O:4]	-119.422	1.11962	-	-	-	-	O
C44369224      none	B	[a:1][a:2]!@[NX3:3][!#1:4]	29.9963	1.9288	-	-	-	-	O
C44369224      none	B	[*:1]~[NX3:2]!@[NX3:3]~[*:4]	-89.9928	3.3545	-	-	-	-	G
C44369224      none	B	[O:1]=[CX3:2]!@[NX3H1:3][!#1:4]	-0.00848994	63.7893	-	-	-	-	G
C44369224      none	B	[C:1][CX4:2]!@[CX3:3]=[O:4]	-119.169	3.42432	-	-	-	-	G
C32603435      none	B	[a:1][c:2]!@[CX4H1:3][a:4]	-120.002	3.10876	-	-	-	-	G
C32603435      none	B	[*:1]~[CX4:2]!@[n:3]~[*:4]	-89.9988	3.28413	-	-	-	-	G
C32603435      none	B	[a:1][c:2]!@[CX4H0:3][CX4:4]	-0.00730067	4.9669	-	-	-	-	G
C10425810      none	B	[!#1:1][CX4:2]!@[CX4:3][!#1:4]	179.998	22.1548	-	-	-	-	G
C10425810      none	B	[NH1:1][CX4:2]!@[CX3:3]=[O:4]	59.9989	0.459488	-	-	-	-	O
C10425810      none	B	[$(C=O):1][NX3H1:2]!@[CX4H1:3][H:4]	-30.0074	6.97413	-	-	-	-	G
C10425810      none	B	[O:1]=[CX3:2]!@[NX3H1:3][!#1:4]	-0.000264152	63.7893	-	-	-	-	G
C10425810      none	B	[$([CX3]=O):1][NX3H1:2]!@[CX4H2:3][C:4] 	-149.998	1.7769	-	-	-	-	O
C10425810      none	B	[!#1:1][CX4H2:2]!@[CX4H2:3][!#1:4]	180	58.554	-	-	-	-	G
C10425810      none	B	[!#1:1][CX4H2:2]!@[CX4H2:3][!#1:4]	59.9985	3.99483	-	-	-	-	G
C10425810      none	B	[$([CX3]=O):1][NX3H0:2](C)!@[CX4H2:3][C:4]	59.999	0.600343	-	-	-	-	O
C10425810      none	B	[O:1]=[CX3:2]!@[NX3H1:3][!#1:4]	0.00656295	63.7893	-	-	-	-	G
C10425810      none	B	[cH1:1][c:2]([cH1])!@[C:3]([NH1,NH2])=[O:4]	-27.0001	8.39053	-	-	-	-	G
C10425810      none	B	[cH1:1][c:2]([cH1])!@[O:3][C:4]	0.000636691	26.3009	-	-	-	-	G
C10425810      none	B	[cH1:1][c:2]([cH1])!@[O:3][C:4]	0.0254471	26.3009	-	-	-	-	G
C35696318      none	B	[*^2:1]~[C^2:2]([!H])!@[C^2:3]~[*^2:4]	120.001	0.806964	-	-	-	-	G
C35696318      none	B	[a:1][c:2]!@[CX4H1:3][N,O:4]	29.5316	3.56196	-	-	-	-	G
C35696318      none	B	[C:1][CX4:2]!@[CX3:3][C:4]	-90.027	3.54604	-	-	-	-	O
C35696318      none	B	[O:1]=[CX3:2]([NH1])!@[CH2:3][C:4]	0.000582705	11.7061	-	-	-	-	G
C35696318      none	B	[O:1]=[CX3:2]!@[NX3H1:3][!#1:4]	-0.00865014	63.7893	-	-	-	-	G
C35696318      none	B	[$(C=O):1][NX3H1:2]!@[CX4H2:3][$([c]([cH,nX2H0])[cH,nX2H0]):4]	-89.9938	10.1266	-	-	-	-	G
C35696318      none	B	[a:1][c:2]!@[CX4H2:3][!#1:4]	90.2682	7.24386	-	-	-	-	G
C35696318      none	B	[O:1]=[C:2]!@[O:3]~[C:4]	-0.00320632	74.4927	-	-	-	-	G
C35696318      none	B	[$(C=O):1][O:2]!@[CH2:3]~[C:4]	-89.9945	4.43359	-	-	-	-	G
C35696318      none	B	[OX2:1][CX4H2:2]!@[CX4H2:3][OX2:4]	-59.9984	9.11809	-	-	-	-	G
C35696318      none	B	[C:1][CH2:2]!@[O:3][CX4:4]	180	35.2689	-	-	-	-	G
C39927237      none	B	[*:1]~[CX3:2]!@[NX2:3]~[*:4]	180	40.8031	-	-	-	-	G
C39927237      none	B	[*:1]~[NX2:2]!@[NX2:3]~[*:4]	-60.0044	0.0449035	-	-	-	-	R
C39927237      none	B	[C:1][CX4:2]!@[CX3:3][C:4]	90.0069	3.09142	-	-	-	-	G
C39927237      none	B	[*^2:1]~[C^2:2]([!H])!@[C^2:3]~[*^2:4]	119.996	0.806964	-	-	-	-	G
C39927237      none	B	[C:1][CX4H2:2]!@[CX3:3]=[O:4]	-90.0045	1.15875	-	-	-	-	O
C39927237      none	B	[O:1]=[C:2]!@[O:3]~[C:4]	-0.004312	74.4927	-	-	-	-	G
C39927237      none	B	[O:1]=[C:2]!@[O:3]~[C:4]	-0.00248089	74.4927	-	-	-	-	G
C63078399      none	B	[a:1][c:2]!@[CX4H2:3][!#1:4]	180	2.35335	-	-	-	-	O
C63078399      none	B	[!#1:1][CX4H2:2]!@[NX3;"N_lp":3][!#1:4]	-159.994	6.28481	-	-	-	-	G
C63078399      none	B	[CX4:1][CX4H2:2]!@[NX3;"N_lp":3][CX4:4]	-159.998	6.65327	-	-	-	-	G
C63078399      none	B	[OX2:1][CX4:2]!@[CX4:3][N:4]	60.0219	15.2809	-	-	-	-	G
C40497882      none	B	[$(C=O):1][NX3H1:2]!@[c:3](s)[n:4]	0.00347824	0.574713	-	-	-	-	R
C40497882      none	B	[O:1]=[CX3:2]!@[NX3H1:3][!#1:4]	179.999	2.24265	-	-	-	-	G
C40497882      none	B	[O:1]=[CX3:2]([NH1])!@[CH2:3][C:4]	-30.0103	4.73225	-	-	-	-	G
C40497882      none	B	[!#1:1][CX4H2:2]!@[CX4H2:3][!#1:4]	180	58.554	-	-	-	-	G
C40497882      none	B	[!#1:1][CX4:2]!@[SX2:3][!#1:4]	160.005	2.91722	-	-	-	-	G
C40497882      none	B	[!#1:1][CX4:2]!@[SX2:3][!#1:4]	59.9991	7.53739	-	-	-	-	G
C40497882      none	B	[!#1:1][CX4H2:2]!@[CX3:3]=[O:4]	-89.9964	1.11373	-	-	-	-	G
C35097351      none	B	[s:1][c:2]!@[C:3]([NH1])=[O:4]	-0.0310487	23.0769	-	-	-	-	G
C35097351      none	B	[O:1]=[CX3:2]!@[NX3H1:3][!#1:4]	-0.0074816	63.7893	-	-	-	-	G
C35097351      none	B	[$([CX3]=O):1][NX3H1:2]!@[CX4H2:3][C:4] 	-89.9956	7.35439	-	-	-	-	G
C35097351      none	B	N[C:2](=[O:1])!@[CH2:3][N:4]	180	8.33333	-	-	-	-	G
C35097351      none	B	[O:1]=[CX3:2]!@[NX3H1:3][!#1:4]	-0.0116709	63.7893	-	-	-	-	G
C35097351      none	B	[$([CX3]=O):1][NX3H1:2]!@[CX4H2:3][C:4] 	180	6.46594	-	-	-	-	G
C35097351      none	B	[NH1:1][CX4:2]!@[CX3:3]=[O:4]	-90.0069	0.352274	-	-	-	-	R
C51088948      none	B	[a:1][a:2]!@[NX3:3][!#1:4]	30.0021	1.9288	-	-	-	-	O
C51088948      none	B	[nH0r6:1][cr6:2]([cH1r6])!@[C:3]([NH1,NH2])=[O:4]	29.9798	0	-	-	-	-	R
C51088948      none	B	[O:1]=[CX3:2]!@[NX3H1:3][!#1:4]	-0.0113448	63.7893	-	-	-	-	G
C51088948      none	B	[$(C=O):1][NX3H1:2]!@[CX4H1:3][H:4]	30.0072	9.46757	-	-	-	-	G
C04200839      none	B	[cH1:1][c:2]([cH1])!@[O:3][C:4]	-179.722	26.896	-	-	-	-	G
C04200839      none	B	[$(C=O):1][NX3H1:2]!@[c:3]([cH1])[cH1:4]	29.9795	5.05437	-	-	-	-	G
C04200839      none	B	[O:1]=[CX3:2]([$([NX3H1]C)])!@[NX3H1:3][!#1:4]	-0.0014009	41.1343	-	-	-	-	G
C04200839      none	B	[O:1]=[CX3:2]([$([NX3H1]C)])!@[NX3H1:3][!#1:4]	-0.00534526	41.1343	-	-	-	-	G
C04200839      none	B	[$(C=O):1][NX3H1:2]!@[CX4H1:3][H:4]	30.0001	9.46757	-	-	-	-	G
C04200839      none	B	[N:1][CX4:2]!@[CX3:3]=[O:4]	-57.7042	1.63777	-	-	-	-	G
C04200839      none	B	[O:1]=[CX3:2]!@[NX3H0:3][!#1:4]	0.000396295	25.0866	-	-	-	-	G
C04200839      none	B	[!#1:1][CX4H2:2]!@[CX3:3]=[O:4]	90.0017	1.06654	-	-	-	-	G
C04200839      none	B	[!#1:1][CX4:2]!@[SX2:3][!#1:4]	-60.0064	7.13757	-	-	-	-	G
C04200839      none	B	[O:1]=[CX3:2]!@[NX3H0:3][!#1:4]	-179.695	18.2537	-	-	-	-	G
C04200839      none	B	[N:1][CX4:2]!@[CX3:3]=[O:4]	-1.73339	7.55292	-	-	-	-	G
C04200839      none	B	[O:1]=[C:2]!@[O:3]~[C:4]	0.00114021	74.4927	-	-	-	-	G
C44171501      none	B	[OX2:1][CX4:2]!@[CX4:3][OX2:4]	180	13.4277	-	-	-	-	G
C50701717      none	B	[H:1][CX4H1:2]!@[O:3][CX4:4]	40.0386	11.9906	-	-	-	-	O
C50701717      none	B	[O:1]=[CX3:2](a)!@[NX3H0:3][!#1:4]	30.0036	0.896722	-	-	-	-	O
C50701717      none	B	[cH0:1][c:2]([cH1])!@[CX3:3]([NX3H0])=[O:4]	59.9916	6.54545	-	-	-	-	G
C50701717      none	B	[O-:1][N+:2](=O)!@[c:3]([cH0])[cH,nX2H0:4]	0.272516	12.6374	-	-	-	-	G
C31960129      none	B	[OX2:1][CX4:2]!@[CX4:3][N:4]	59.9932	15.2809	-	-	-	-	G
C31960129      none	B	[!#1:1][CX4H2:2]!@[NX3H1:3][!#1:4]	179.999	11.3535	-	-	-	-	G
C31960129      none	B	[a:1][a:2]!@[NX3:3][!#1:4]	-179.727	11.4213	-	-	-	-	G
C31960129      none	B	[$(C=O):1][NX3H1:2]!@[c:3]([cH1])[cH1:4]	29.9771	5.05437	-	-	-	-	G
C31960129      none	B	[O:1]=[CX3:2]!@[NX3H1:3][!#1:4]	-0.0131431	63.7893	-	-	-	-	G
C31960129      none	B	[O:1]=[CX3:2]([NH1])!@[CH2:3][C:4]	120.008	0.124533	-	-	-	-	O
C31960129      none	B	[!#1:1][CX4H2:2]!@[CX4H2:3][!#1:4]	180	58.554	-	-	-	-	G
C31960129      none	B	[C:1][CX4H2:2]!@[CX3:3]=[O:4]	-119.994	0.79457	-	-	-	-	O
C13704920      none	B	[$(C=O):1][O:2]!@[CH2:3]~[C:4]	89.9976	4.53893	-	-	-	-	G
C13704920      none	B	[O:1]=[C:2]([N])!@[O:3]~[C:4]	0.000135238	57.729	-	-	-	-	G
C13704920      none	B	[O:1]=[CX3:2]!@[NX3H0:3][!#1:4]	0.285722	25.0866	-	-	-	-	G
C13704920      none	B	[$([C](=O)):1][NX3:2]!@[a:3](s)[a:4]	-150.03	0	-	-	-	-	R
C13704920      none	B	[cH0:1][c:2]([cH0])!@[CX3:3]=[O:4]	150	1.0877	-	-	-	-	O
C13704920      none	B	[O:1]=[C:2]!@[O:3]~[C:4]	1.19262e-05	74.4927	-	-	-	-	G
C13704920      none	B	[O:1]=[CX3:2]!@[NX3H1:3][!#1:4]	-0.00847269	63.7893	-	-	-	-	G
C13704920      none	B	[C:1][CX4:2]!@[CX3:3]=[O:4]	0.0796815	5.61823	-	-	-	-	G
C13704920      none	B	[*:1][$(S(=O)=O):2]!@[NX3H0r:3][*:4]	120.002	1.23223	-	-	-	-	G
C41108897      none	B	[*:1]~[cX3:2]!@[NX2:3]~[*:4]	89.9987	1.96062	-	-	-	-	O
C41108897      none	B	[*^2:1]~[C^2:2]([!H])!@[C^2:3]~[*^2:4]	89.9991	1.26539	-	-	-	-	G
C41108897      none	B	[a:1][c:2]!@[CX3:3]=[CX3H0:4]	60.2914	3.25561	-	-	-	-	G
C41108897      none	B	[O-:1][N+:2](=O)!@[c:3]([cH,nX2H0])[cH,nX2H0:4]	179.984	23.2156	-	-	-	-	G
CHEMBL14935      none	B	[O:1]=[C:2]([O-])!@[CX4H1:3][H:4]	89.998	0.86741	-	-	-	-	O
CHEMBL14935      none	B	[!#1:1][CX4:2]!@[CX4:3][!#1:4]	-60.0021	12.2558	-	-	-	-	G
CHEMBL14935      none	B	[!#1:1][CX4H2:2]!@[CX4H2:3][!#1:4]	179.997	58.554	-	-	-	-	G
CHEMBL14935      none	B	[n,o,s:1][c:2]!@[CX4H2:3][CX4:4]	0.00647442	6.43231	-	-	-	-	G
CHEMBL303415      none	B	[cH1:1][a:2]([cH1])!@[a:3]([cH1])[cH0:4]	-119.996	5.02238	-	-	-	-	G
CHEMBL303415      none	B	[a:1][c:2]!@[CX4H2:3][!#1:4]	134.996	1.8443	-	-	-	-	O
CHEMBL303415      none	B	[*:1]~[CX4:2]!@[NX4:3]~[*:4]	-79.634	2.10499	-	-	-	-	G
CHEMBL303415      none	B	[O-:1][N+:2](=O)!@[c:3]([cH0])[cH,nX2H0:4]	90.275	0.274725	-	-	-	-	O
CHEMBL303415      none	B	[!#1:1][CH2:2]!@[n:3][cH0:4]	-89.9951	15.4696	-	-	-	-	G
CHEMBL303415      none	B	[!#1:1][CX4H2:2]!@[CX3:3]=[O:4]	-120	0.59462	-	-	-	-	G
C42013753      none	B	[a:1][c:2]!@[CX4H1:3][N,O:4]	90.003	1.22453	-	-	-	-	G
C42013753      none	B	[!#1:1][CX4:2]!@[CX4:3][!#1:4]	-160.003	1.85018	-	-	-	-	G
C42013753      none	B	[!#1:1][CX4H2:2]!@[CX4H2:3][!#1:4]	-59.9956	3.77933	-	-	-	-	G
C65309378      none	B	[$(C=O):1][NX3:2]!@[a:3][aH0:4]	-150	1.98526	-	-	-	-	O
C65309378      none	B	[O:1]=[CX3:2]!@[NX3H1:3][!#1:4]	0.0193736	63.7893	-	-	-	-	G
C65309378      none	B	N[C:2](=[O:1])!@[CH2:3][N:4]	-150.014	2.38095	-	-	-	-	G
C65309378      none	B	[$([CX3]=O):1][NX3H1:2]!@[CX4H2:3][C:4] 	119.998	2.76407	-	-	-	-	O
C65309378      none	B	[O:1]=[CX3:2]!@[NX3H1:3][!#1:4]	0.000487423	63.7893	-	-	-	-	G
C65309378      none	B	[cH0:1][c:2]([cH1])!@[CX3:3]([NX3H1])=[O:4]	-30.0059	2.34987	-	-	-	-	G
C37675589      none	B	[O:1]=[C:2]([O-])!@[c:3]([cH0])[cH0:4]	179.985	20	-	-	-	-	G
C37675589      none	B	[$([C](=O)):1][NX3:2]!@[a:3](s)[a:4]	149.996	0.851064	-	-	-	-	R
C37675589      none	B	[O:1]=[CX3:2]!@[NX3H1:3][!#1:4]	0.00458337	63.7893	-	-	-	-	G
C37675589      none	B	[s:1][c:2]!@[C:3]([NH1])=[O:4]	149.988	0	-	-	-	-	R
C37675589      none	B	[O-:1][N+:2](=O)!@[c:3][a:4]	-0.0081965	18.5814	-	-	-	-	G
C39350908      none	B	[cH0:1][c:2]!@[CX4H1:3][a:4]	180	0.951022	-	-	-	-	G
C39350908      none	B	[a:1][c:2]!@[CX4H1:3][a:4]	90.0045	4.22522	-	-	-	-	G
C39350908      none	B	[c:1][CX4:2]!@[CX3:3][C:4]	149.673	1.14679	-	-	-	-	G
C39350908      none	B	[O-:1][N+:2](=O)!@[c:3]([cH0])[cH,nX2H0:4]	90.2463	0.274725	-	-	-	-	O
C36743054      none	B	[$(S(=O)(=O)):1][NX3H0:2]!@[CX4H2:3][!#1:4]	-59.9986	0	-	-	-	-	R
C36743054      none	B	[$(S(=O)(=O)):1][NX3H0:2]!@[CX4H2:3][!#1:4]	120.002	5.60345	-	-	-	-	O
C36743054      none	B	[*:1][$(S(=O)=O):2]!@[NX3H0:3][*:4]	90.0047	5.90452	-	-	-	-	G
C36743054      none	B	[*:1]~[N,n:2]!@[S:3]~[*:4]	179.996	8.16343	-	-	-	-	G
C36743054      none	B	[c:1][c:2]!@[c:3][s,o,nX3H1:4]	-179.725	12.4984	-	-	-	-	G
C35383817      none	B	[O:1][CX4:2]!@[CX3:3]=[O:4]	-176.124	6.67845	-	-	-	-	G
C35383817      none	B	[O:1]=[CX3:2]!@[NX3H1:3][!#1:4]	0.0107761	63.7893	-	-	-	-	G
C35383817      none	B	[$([CX3]=O):1][NX3H1:2]!@[CX4H2:3][C:4] 	-60.0035	1.43139	-	-	-	-	G
C35383817      none	B	N[C:2](=[O:1])!@[CH2:3][N:4]	149.998	3.125	-	-	-	-	G
C35383817      none	B	[O:1]=[CX3:2]!@[NX3H1:3][!#1:4]	-0.00177749	63.7893	-	-	-	-	G
C35383817      none	B	[$([CX3]=O):1][NX3H1:2]!@[CX4H2:3][C:4] 	180	6.46594	-	-	-	-	G
C35383817      none	B	[NH1:1][CX4:2]!@[CX3:3]=[O:4]	-119.996	0.275693	-	-	-	-	G
C52767979      none	B	[cH1:1][c:2]([cH1])!@[CX3:3]=[NX2:4]	-29.7343	2.32396	-	-	-	-	G
C52767979      none	B	[*:1]~[NX2:2]!@[OX2:3]~[*:4]	-150.007	1.10574	-	-	-	-	R
C52767979      none	B	[C:1][CX4H2:2]!@[OX2:3][!#1:4]	-79.9944	3.30412	-	-	-	-	G
C52767979      none	B	[!#1:1][CX4:2]!@[CX3H0:3][!#1:4]	59.9949	4.20603	-	-	-	-	G
C52767979      none	B	[*:1]~[N,n:2]!@[S:3]~[*:4]	-90.0018	2.07385	-	-	-	-	G
C52767979      none	B	[*:1][$(S(=O)=O):2]!@[NX3H0:3][*:4]	-59.9999	7.32233	-	-	-	-	G
C37457884      none	B	[!#1:1][CX4:2]!@[CX4:3][!#1:4]	-79.9933	1.71775	-	-	-	-	G
C37457884      none	B	[$(C=O):1][NX3H1:2]!@[CX4H1:3][H:4]	180	0.712411	-	-	-	-	R
C37457884      none	B	[C:1][CX4H2:2]!@[CX3:3]=[O:4]	119.986	0.695249	-	-	-	-	O
C37457884      none	B	[O:1]=[CX3:2]!@[NX3H1:3][!#1:4]	-0.00519679	63.7893	-	-	-	-	G
C37457884      none	B	[nH0r6:1][cr6:2]([cH1r6])!@[C:3]([NH1,NH2])=[O:4]	180	49.7238	-	-	-	-	G
C35179880      none	B	[!#1:1][CX4H1:2]!@[NX3:3][!#1:4]	119.999	4.42569	-	-	-	-	O
C35179880      none	B	[a:1][c:2]!@[NX3H1:3][$([CX4r]([C;r])([C;r])):4]	-120.001	0.284091	-	-	-	-	R
C40216120      none	B	[a:1][c:2]!@[C:3]([NH0])=[O:4]	-150.001	1.44444	-	-	-	-	G
C40216120      none	B	[O:1]=[C:2]!@[NX3H0:3]([a:4])[A]	-0.303743	15.7822	-	-	-	-	G
C40216120      none	B	[aH1:1][c:2]([aH1])!@[SX4:3][!#1:4]	-89.9983	12.5987	-	-	-	-	G
C36853322      none	B	[a:1][c:2]!@[NX3H1:3][$([CX4r]([C;r])([C;r])):4]	-59.9991	0.568182	-	-	-	-	R
C36853322      none	B	[!#1:1][CX4H1:2]!@[NX3:3][!#1:4]	162.84	3.23353	-	-	-	-	G
C36853322      none	B	[$(C=O):1][NX3H0:2]!@[CX4H1:3][H:4]	1.5147	15.8824	-	-	-	-	G
C37577125      none	B	[*:1]~[N,n:2]!@[S:3]~[*:4]	-30.0042	2.46977	-	-	-	-	G
C37577125      none	B	[aH0:1][c:2]([aH1])!@[SX4:3][!#1:4]	69.7267	11.3606	-	-	-	-	G
C61713849      none	B	[cH0:1][c:2]([cH,nX2H0])!@[NX3H1:3][CX4:4]	180	49.7854	-	-	-	-	G
C61713849      none	B	[aH0:1][c:2]([aH0])!@[SX4:3][!#1:4]	-143.857	0.977654	-	-	-	-	R
C61713849      none	B	[*:1][$(S(=O)=O):2]!@[NX3H0r:3][*:4]	60.3073	7.32227	-	-	-	-	G
C45352008      none	B	[*:1][$(S(=O)=O):2]!@[NX3H0r:3][*:4]	90.0151	4.85782	-	-	-	-	G
C45352008      none	B	[aH1:1][c:2]([aH1])!@[SX4:3][!#1:4]	70.2467	5.04089	-	-	-	-	G
C45352008      none	B	[aH1:1][c:2]([aH0])!@[SX2:3][*R:4]	59.9987	1.02041	-	-	-	-	O
C45352008      none	B	[O-:1][N+:2](=O)!@[c:3]([cH0])[cH,nX2H0:4]	90.2251	0.274725	-	-	-	-	O
C45352008      none	B	[aH0:1][c:2]([aH0])!@[SX2:3][!#1:4]	0.00485474	13.1253	-	-	-	-	G
C45352008      none	B	[n,o,s:1][c:2]!@[CX4H2:3][CX4:4]	-0.00169484	6.43231	-	-	-	-	G
C45352008      none	B	[!#1:1][CX4H2:2]!@[CX4H2:3][!#1:4]	59.996	3.99483	-	-	-	-	G
C45352008      none	B	[N:1][C:2](=O)!@[CX4H2:3][CX4H2:4]	-119.997	3.67847	-	-	-	-	G
C03870261      none	B	[*:1]~[CX4:2]!@[n:3]~[*:4]	30.0007	3.02094	-	-	-	-	G
C03870261      none	B	[OX2:1][CX4:2]!@[CX4:3][OX2:4]	171.158	4.6108	-	-	-	-	G
C40497568      none	B	[aH0:1][c:2]([aH1])!@[SX4:3][!#1:4]	-70.0179	15.3236	-	-	-	-	G
C40497568      none	B	[c:1][S:2](=O)(=O)!@[NX2H0-:3]-[*:4]	-89.9959	2.77778	-	-	-	-	G
C40497568      none	B	[$(S(=O)(=O)):1][NH0:2]!@[c:3]([cH1])[cH1:4]	-120.273	1.65289	-	-	-	-	G
C40497568      none	B	[a:1][ar6:2]!@[ar5:3][a:4]	-179.683	7.27752	-	-	-	-	G
C05385823      none	B	[*:1]~[CX4:2]!@[n:3]~[*:4]	89.9951	3.25743	-	-	-	-	G
C51236218      none	B	[s:1][c:2]!@[C:3]([NH1])=[O:4]	-150.029	1.0989	-	-	-	-	R
C51236218      none	B	[O:1]=[CX3:2]!@[NX3H1:3][!#1:4]	-0.00550003	63.7893	-	-	-	-	G
C51236218      none	B	[$(C=O):1][NX3H1:2]!@[CX4H1:3][H:4]	-29.9964	6.97413	-	-	-	-	G
C51236218      none	B	[O:1]=[CX3:2]!@[NX3H0:3][!#1:4]	149.994	1.73707	-	-	-	-	O
C51236218      none	B	[O:1]=[CX3:2]!@[NX3H1:3][!#1:4]	-29.9968	0.0303061	-	-	-	-	O
C51236218      none	B	[$(C=O):1][NX3H1:2]!@[c:3]([cH1])[cH1:4]	-29.9989	5.05437	-	-	-	-	G
C60605061      none	B	[$(C=O):1][NX3:2]!@[a:3][nH:4]	-0.0255108	44.9275	-	-	-	-	G
C60605061      none	B	[O:1]=[CX3:2]!@[NX3H1:3][!#1:4]	0.00331094	63.7893	-	-	-	-	G
C60605061      none	B	[C:1][CX4:2]!@[CX3:3]=[O:4]	90.039	3.65147	-	-	-	-	G
C60605061      none	B	[O:1]=[CX3:2]!@[NX3H0:3][!#1:4]	30.0017	0.680979	-	-	-	-	O
C60605061      none	B	[O:1]=[CX3:2]!@[NX3H0:3][!#1:4]	-149.666	1.37927	-	-	-	-	O
C51113106      none	B	[$([c]([NH1,NH2])):1][c:2]!@[CX3:3]([!O])=[O:4]	-60.027	0.552486	-	-	-	-	R
C51113106      none	B	[a:1][a:2]!@[NX3:3][!#1:4]	180	11.4213	-	-	-	-	G
C51113106      none	B	[O:1]=[CX3:2](a)!@[NX3H0:3][!#1:4]	150.269	2.50464	-	-	-	-	G
C06361513      none	B	[!#1:1][CX4:2]!@[CX4:3][!#1:4]	83.9611	1.75235	-	-	-	-	G
C06361513      none	B	[!#1:1][CX4H2:2]!@[CX4H2:3][!#1:4]	-59.9973	3.77933	-	-	-	-	G
C06361513      none	B	[C:1][CH2:2]!@[O:3][CX4:4]	-79.9981	1.18773	-	-	-	-	G
C06361513      none	B	[H:1][CX4H1:2]!@[O:3][CX4:4]	39.9976	11.9906	-	-	-	-	G
C06361513      none	B	[OX2:1][CX4:2]!@[CX4:3][OX2:4]	59.9588	14.3222	-	-	-	-	G
C39156539      none	B	[*:1]~[CX4:2]!@[CX3:3]~[*:4]	-59.9933	5.31975	-	-	-	-	G
C33301168      none	B	[O:1]=[C:2]!@[O:3]~[C:4]	0.0092326	74.4927	-	-	-	-	G
C33301168      none	B	[cH1:1][c:2]([cH1])!@[CX3:3]=[O:4]	-179.733	13.4921	-	-	-	-	G
C33301168      none	B	[$(C=O):1][NX3H1:2]!@[c:3]([cH1])[cH1:4]	30.2906	5.05437	-	-	-	-	G
C33301168      none	B	[O:1]=[CX3:2]!@[NX3H1:3][!#1:4]	-0.0048801	63.7893	-	-	-	-	G
C33301168      none	B	[C:1][CX4:2]!@[CX3:3]=[O:4]	60.071	2.38699	-	-	-	-	G
C33301168      none	B	[cH0:1][c:2]([cH,nX2H0])!@[NX3H0:3][CX4:4]	-90	1.8357	-	-	-	-	G
C33301168      none	B	[aH0:1][c:2]([aH1])!@[SX4:3][!#1:4]	150.02	0.396301	-	-	-	-	R
C33301168      none	B	[*:1][$(S(=O)=O):2]!@[NX3H0r:3][*:4]	90.279	4.85782	-	-	-	-	G
C49238351      none	B	[OX2:1][CX4:2]!@[CX4:3][N:4]	-39.9943	1.41573	-	-	-	-	G
C49238351      none	B	[O:1]=[C:2]([O-])!@[CX4H1:3][H:4]	0.00350851	0.495663	-	-	-	-	O
C49238351      none	B	[$(C=O):1][NX3H1:2]!@[CX4H1:3][H:4]	0.00290598	8.26772	-	-	-	-	G
C49238351      none	B	[O:1]=[CX3:2]([$([NX3H1]C)])!@[NX3H1:3][!#1:4]	-0.00512211	41.1343	-	-	-	-	G
C49238351      none	B	[O,S:1]=[C:2]([$([NX3H1]),$([NX3H2])])!@[$([NX3]c[nH0]):3][H:4]	180	19.9219	-	-	-	-	G
C49238351      none	B	[$(C=O):1][NX3H1:2]!@[c:3](s)[n:4]	30.3169	0	-	-	-	-	R
C49238351      none	B	[a:1][c:2]!@[CX4H1:3][H:4]	154.328	3.71955	-	-	-	-	G
C40055295      none	B	[a:1][c:2]!@[CX4H2:3][!#1:4]	-90.0039	7.30446	-	-	-	-	G
C40055295      none	B	[c:1][CX4H2:2]!@[OX2:3][c:4]	180	39.7757	-	-	-	-	G
C40055295      none	B	[cH1:1][c:2]([cH1])!@[O:3][C:4]	-179.714	26.896	-	-	-	-	G
C40055295      none	B	[cH1:1][c:2]([cH1])!@[CX3:3]([CX3H0])=[O:4]	60.0064	0.204918	-	-	-	-	R
C40055295      none	B	[*^2:1]~[C^2:2]([!H])!@[C^2:3]~[*^2:4]	60.3229	0.650722	-	-	-	-	O
C40055295      none	B	[$([CX3]=O):1][NX3H0:2](C)!@[CX4H2:3][C:4]	-119.995	2.31561	-	-	-	-	O
C40055295      none	B	[a:1][c:2]!@[CX4H1:3][N,O:4]	56.8361	3.42939	-	-	-	-	G
C40055295      none	B	[O-:1][N+:2](=O)!@[c:3]([cH,nX2H0])[cH,nX2H0:4]	179.98	23.2156	-	-	-	-	G
C40055295      none	B	[!#1:1][CX4H2:2]!@[CX4H2:3][!#1:4]	59.9943	3.99483	-	-	-	-	G
C40055295      none	B	[!#1:1][CX4H2:2]!@[CX4H2:3][!#1:4]	180	58.554	-	-	-	-	G
C37773610      none	B	[cH0:1][c:2]!@[CX4H2:3][N,O,S:4]	-44.9841	3.01473	-	-	-	-	G
C37773610      none	B	[!#1:1][CX4H2:2]!@[NX3H1:3][!#1:4]	-60.0079	1.39023	-	-	-	-	O
C37773610      none	B	[cH0:1][c:2]([cH,nX2H0])!@[NX3H1:3][CX4:4]	160.005	3.7196	-	-	-	-	O
C37773610      none	B	[cH1:1][a:2]([cH1])!@[a:3]([sX2,o,nX2H0,nX3H1:4])([cH1])	-0.00354336	11.7616	-	-	-	-	G
C40658986      none	B	[cH1:1][c:2]([cH1])!@[C:3]([NH1,NH2])=[O:4]	-26.9949	8.39053	-	-	-	-	G
C40658986      none	B	[O:1]=[CX3:2]!@[NX3H1:3][!#1:4]	0.00104303	63.7893	-	-	-	-	G
C40658986      none	B	[*:1]~[NX3:2]!@[NX3:3]~[*:4]	119.999	2.59525	-	-	-	-	G
C40658986      none	B	[a:1][a:2]!@[NX3:3][!#1:4]	149.997	1.85775	-	-	-	-	O
C40658986      none	B	[O-:1][N+:2](=O)!@[c:3]([cH0])[cH0:4]	89.9784	5.69106	-	-	-	-	G
C40658986      none	B	[cH0:1][c:2]([cH,nX2H0])!@[NX3H0:3][CX4:4]	90.2771	2.06517	-	-	-	-	O
C40658986      none	B	[O:1]=[C:2]([O-])!@[CX4H1:3][H:4]	90	0.86741	-	-	-	-	O
C55212106      none	B	[a:1][c:2]!@[C:3]([NH0])=[O:4]	90.005	2.88889	-	-	-	-	G
C55212106      none	B	[aH0:1][c:2]([aH1])!@[SX4:3][!#1:4]	-179.765	1.4531	-	-	-	-	G
C55212106      none	B	[O:1]=[CX3:2](a)!@[NX3H0:3][!#1:4]	0.272949	23.6549	-	-	-	-	G
C55212106      none	B	[!#1:1][CX4:2]!@[CX4:3][!#1:4]	160.005	1.81259	-	-	-	-	G
C55212106      none	B	[CX3:1]=[CX3:2]!@[CH2:3][C:4]	-90.0069	7.30051	-	-	-	-	G
C41693284      none	B	[!#1:1][CX4H2:2]!@[CX4H2:3][!#1:4]	59.998	3.99483	-	-	-	-	G
C41693284      none	B	[O:1]=[CX3:2]([NH1])!@[CH2:3][C:4]	-0.00696873	11.7061	-	-	-	-	G
C41693284      none	B	[O:1]=[CX3:2]!@[NX3H1:3][!#1:4]	0.0042151	63.7893	-	-	-	-	G
C41693284      none	B	[$(C=O):1][NX3H1:2]!@[CX4H1:3][H:4]	29.9965	9.46757	-	-	-	-	G
C41693284      none	B	[OX2:1][CX4:2]!@[CX4:3][OX2:4]	80.0523	2.87509	-	-	-	-	O
C47181371      none	B	[O:1]=[C:2]!@[O:3]~[C:4]	0.0110555	74.4927	-	-	-	-	G
C47181371      none	B	[O:1][CX4:2]!@[CX3:3]=[O:4]	59.9983	0.530348	-	-	-	-	O
C47181371      none	B	[C:1][CX4H2:2]!@[OX2:3][c:4]	90.0056	1.05285	-	-	-	-	G
C47181371      none	B	[cH1:1][c:2]([cH1])!@[O:3][C:4]	150.273	0.199809	-	-	-	-	O
C47181371      none	B	[$(C=O):1][NX3H1:2]!@[c:3]([cH1])[cH1:4]	-60.0214	0.241643	-	-	-	-	R
C47181371      none	B	[O:1]=[CX3:2]!@[NX3H1:3][!#1:4]	-0.00317016	63.7893	-	-	-	-	G
C47181371      none	B	[cH1:1][c:2]([cH1])!@[C:3]([NH1,NH2])=[O:4]	-152.995	8.78518	-	-	-	-	G
C13406606      none	B	[O:1]=[CX3:2]!@[NX3H0:3][!#1:4]	150.001	1.73707	-	-	-	-	O
C13406606      none	B	[O:1]=[C:2]([O-])!@[CX4H1:3][H:4]	-0.0012104	0.495663	-	-	-	-	O
C13406606      none	B	[!#1:1][CX4H2:2]!@[CX3:3]=[O:4]	30.0105	3.68098	-	-	-	-	O
C13406606      none	B	[!#1:1][CX4:2]!@[SX2:3][!#1:4]	-150.003	1.30312	-	-	-	-	G
C13406606      none	B	[aH0:1][c:2]([aH0])!@[SX2:3][!#1:4]	-29.9956	0.51573	-	-	-	-	O
C13406606      none	B	[a:1][a:2]!@[NX3:3][!#1:4]	-19.9893	2.52019	-	-	-	-	G
C13406606      none	B	[!#1:1][CX4H2:2]!@[NX3H1:3][!#1:4]	-120.004	2.14327	-	-	-	-	O
C13406606      none	B	[OX2:1][CX4:2]!@[CX4:3][N:4]	60.8799	15.2809	-	-	-	-	G
C48647280      none	B	[aH1:1][c:2]([aH1])!@[SX4:3][!#1:4]	89.996	12.916	-	-	-	-	G
C48647280      none	B	[*:1]~[N,n:2]!@[S:3]~[*:4]	60.0057	4.33354	-	-	-	-	G
C48647280      none	B	[*^2:1]~[C^2:2]([!H])!@[C^2:3]~[*^2:4]	-120.004	0.661024	-	-	-	-	G
C48647280      none	B	[a:1][a:2]!@[CX3:3]=[CX3H1:4]	-119.996	1.01669	-	-	-	-	O
C13397280      none	B	[aH1:1][c:2]([aH1])!@[SX4:3][!#1:4]	89.9883	12.916	-	-	-	-	G
C13397280      none	B	[$(C=O):1][NX3H1:2]!@[c:3]([cH1])[cH1:4]	30.0329	5.05437	-	-	-	-	G
C13397280      none	B	[O:1]=[CX3:2]!@[NX3H1:3][!#1:4]	-0.00840588	63.7893	-	-	-	-	G
C13397280      none	B	[cH0:1][c:2]([cH1])!@[CX3:3]([NX3H1])=[O:4]	0.00648686	4.8738	-	-	-	-	G
C13397280      none	B	[O-:1][N+:2](=O)!@[c:3]([cH0])[cH,nX2H0:4]	90.3015	0.274725	-	-	-	-	O
C13397280      none	B	[*:1][$(S(=O)=O):2]!@[NX3H0r:3][*:4]	90.2655	4.85782	-	-	-	-	G
C13397280      none	B	[O:1]=[C:2]([O-])!@[CX4H1:3][H:4]	-0.00467136	0.495663	-	-	-	-	O
C48088140      none	B	[a:1][c:2]!@[C:3]([NH0])=[O:4]	29.9998	2.13889	-	-	-	-	G
C48088140      none	B	[O-:1][N+:2](=O)!@[c:3]([cH0])[cH,nX2H0:4]	90.2545	0.274725	-	-	-	-	O
C48088140      none	B	[O:1]=[CX3:2](a)!@[NX3H0:3][!#1:4]	30.2774	0.896722	-	-	-	-	R
C48088140      none	B	[C:1][CX4:2]!@[CX3:3]=[O:4]	-119.933	3.42432	-	-	-	-	G
C36050765      none	B	[*^2:1]~[C^2:2]([!H])!@[C^2:3]~[*^2:4]	60.0068	0.650722	-	-	-	-	O
C36050765      none	B	[a:1][c:2]!@[CX4H1:3][N,O:4]	-29.2509	3.61778	-	-	-	-	G
C36050765      none	B	[C:1][CX4:2]!@[CX3:3][C:4]	90.0306	3.09142	-	-	-	-	O
C36050765      none	B	[C:1][CX4H2:2]!@[CX3:3]=[O:4]	-0.00933243	18.7883	-	-	-	-	G
C36050765      none	B	[O:1]=[CX3:2]!@[NX3H0:3][!#1:4]	-179.711	18.2537	-	-	-	-	G
C36050765      none	B	[O-:1][N+:2](=O)!@[c:3]([cH,nX2H0])[cH,nX2H0:4]	179.975	23.2156	-	-	-	-	G
C36050765      none	B	[O:1]=[C:2]!@[O:3]~[C:4]	-0.00519569	74.4927	-	-	-	-	G
C51584460      none	B	[n,o,s:1][c:2]!@[CX4H2:3][CX4:4]	135.332	0.52356	-	-	-	-	O
C51584460      none	B	[*:1]~[cX3:2]!@[NX2:3]~[*:4]	149.997	1.9358	-	-	-	-	O
C51584460      none	B	[*:1]~[CX3:2]!@[NX3:3]~[*:4]	-59.7229	0.17882	-	-	-	-	G
C51584460      none	B	[O:1][CX4:2]!@[CX3:3]=[O:4]	-89.8155	0.491063	-	-	-	-	O
C59499188      none	B	[$(C=O):1][NX3H0:2]!@[CX3:3]=[*H1:4]	0.285677	2.8777	-	-	-	-	G
C59499188      none	B	[C:1][CX4:2]!@[NX3;"N_lp":3][C:4]	-159.999	4.58918	-	-	-	-	G
C59499188      none	B	[C:1][CX4H2:2]!@[NX3;"N_lp":3][C:4]	59.995	4.78632	-	-	-	-	G
C59499188      none	B	N[C:2](=[O:1])!@[CH2:3][N:4]	-150.002	2.38095	-	-	-	-	G
C22059311      none	B	[O:1][CX4:2]!@[CX3:3]=[O:4]	89.9932	0.432135	-	-	-	-	O
C22059311      none	B	[!#1:1][CX4H0:2]!@[OX2:3][!#1:4]	-90.0021	0.255135	-	-	-	-	R
C22059311      none	B	[O:1]=[C:2]!@[O:3]~[C:4]	30.0102	0.0796663	-	-	-	-	R
C22059311      none	B	[$(C=O):1][O:2]!@[CH1:3][H:4]	-40.0079	10.2957	-	-	-	-	G
C22059311      none	B	[O:1]=[C:2]([O-])!@[CX4H1:3][H:4]	89.9992	0.86741	-	-	-	-	O
C22059311      none	B	[a:1][c:2]([a])!@[O:3][CX4H0:4]	89.9942	10.3226	-	-	-	-	G
C22059311      none	B	[cH1:1][c:2]([cH1])!@[CX3:3]=[O:4]	-59.9994	0.295938	-	-	-	-	R
C22059311      none	B	[cH1:1][c:2]([cH1])!@[CX3:3]=[O:4]	-29.7193	3.22841	-	-	-	-	G
C12398285      none	B	[!#1:1][$(S(=O)=O):2]!@[nX3:3][aH0:4]	-53.8549	1.08696	-	-	-	-	G
C12398285      none	B	[aH0:1][c:2]([aH1])!@[SX4:3][!#1:4]	-70.3162	15.3236	-	-	-	-	G
C13253804      none	B	[O:1]=[C:2]([O-])!@[c:3]([cH1])[cH1:4]	179.971	7.35294	-	-	-	-	G
C13253804      none	B	[cH1:1][c:2]([cH1])!@[C:3]([NH1,NH2])=[O:4]	-27.0037	8.39053	-	-	-	-	G
C13253804      none	B	[O:1]=[CX3:2]!@[NX3H1:3][!#1:4]	-0.00853968	63.7893	-	-	-	-	G
C13253804      none	B	[$(C=O):1][NX3:2]!@[a:3][aH0:4]	-150	1.98526	-	-	-	-	O
C13253804      none	B	[aH1:1][c:2]([aH1])!@[SX4:3][!#1:4]	70.0034	5.04089	-	-	-	-	G
C13253804      none	B	[cH0:1][c:2]([cH,nX2H0])!@[NX3H0:3][CX4:4]	120.279	2.29463	-	-	-	-	O
C13253804      none	B	[*:1][$(S(=O)=O):2]!@[NX3H0r:3][*:4]	60.2812	7.32227	-	-	-	-	G
C49238390      none	B	[a:1][c:2]!@[CX4H1:3][H:4]	4.3279	6.54616	-	-	-	-	G
C49238390      none	B	[$(C=O):1][NX3H1:2]!@[c:3](s)[n:4]	0.00729678	0.574713	-	-	-	-	R
C49238390      none	B	[O,S:1]=[C:2]([$([NX3H1]),$([NX3H2])])!@[$([NX3]c[nH0]):3][H:4]	0.00852957	46.0938	-	-	-	-	G
C49238390      none	B	[O:1]=[CX3:2]([$([NX3H1]C)])!@[NX3H1:3][!#1:4]	0.00635996	41.1343	-	-	-	-	G
C49238390      none	B	[$(C=O):1][NX3H1:2]!@[CX4H1:3][H:4]	59.9979	6.22422	-	-	-	-	G
C49238390      none	B	[OX2:1][CX4:2]!@[CX4:3][N:4]	-79.9976	3.59551	-	-	-	-	G
C49238390      none	B	[O:1]=[C:2]([O-])!@[CX4H1:3][H:4]	-0.00399221	0.495663	-	-	-	-	O
C37286136      none	B	[cH0:1][c:2]([cH1])!@[CX3:3]([NX3H0])=[O:4]	90.0047	5.09091	-	-	-	-	G
C37286136      none	B	[O-:1][N+:2](=O)!@[c:3]([cH,nX2H0])[cH,nX2H0:4]	180	23.2156	-	-	-	-	G
C37286136      none	B	[O:1]=[CX3:2](a)!@[NX3H0:3][!#1:4]	-179.684	9.67842	-	-	-	-	G
C37286136      none	B	[N:1][CX4:2]!@[CX3:3]=[O:4]	1.54943	7.55292	-	-	-	-	G
C41462541      none	B	[aH1:1][c:2]([aH1])!@[SX4:3][!#1:4]	90.0051	12.916	-	-	-	-	G
C41462541      none	B	[cH1:1][c:2]([cH1])!@[C:3]([NH1,NH2])=[O:4]	153	9.05971	-	-	-	-	G
C41462541      none	B	[O:1]=[CX3:2]!@[NX3H1:3][!#1:4]	0.00537835	63.7893	-	-	-	-	G
C41462541      none	B	[*:1][$(S(=O)=O):2]!@[NX3H0r:3][*:4]	-59.7248	8.17536	-	-	-	-	O
C33330803      none	B	[aH0:1][c:2]([aH0])!@[SX4:3][!#1:4]	66.1416	5.02793	-	-	-	-	G
C33330803      none	B	[c:1][S:2](=O)(=O)!@[NX2H0-:3]-[*:4]	60.0082	8.33333	-	-	-	-	G
C33330803      none	B	[$(S(=O)(=O)):1][NH0:2]!@[c:3]([cH1])[cH0:4]	119.713	0	-	-	-	-	R
C33330803      none	B	[cH0:1][c:2]([cH1])!@[CX3:3]([NX3H1])=[O:4]	-150.004	1.39252	-	-	-	-	G
C33330803      none	B	[O:1]=[CX3:2]!@[NX3H1:3][!#1:4]	0.00485928	63.7893	-	-	-	-	G
C33330803      none	B	[$(C=O):1][NX3H1:2]!@[CX4H2:3][$([c]([cH,nX2H0])[cH,nX2H0]):4]	179.998	3.5443	-	-	-	-	G
C33330803      none	B	[a:1][c:2]!@[CX4H2:3][!#1:4]	135.272	1.69481	-	-	-	-	O
C07315111      none	B	[$([CX3]=O):1][NX3H1:2]!@[CX4H2:3][C:4] 	90.0066	7.35439	-	-	-	-	G
C07315111      none	B	[O:1]=[CX3:2]!@[NX3H1:3][!#1:4]	-0.0144702	63.7893	-	-	-	-	G
C07315111      none	B	[!#1:1][CX4H2:2]!@[CX3:3]=[O:4]	120.014	0.613497	-	-	-	-	O
C07315111      none	B	[!#1:1][CX4:2]!@[SX2:3][!#1:4]	-60.002	7.13757	-	-	-	-	G
C07315111      none	B	[aH0:1][c:2]([aH0])!@[SX2:3][!#1:4]	90	3.2491	-	-	-	-	G
C44228267      none	B	[OX2:1][CX4:2]!@[CX4:3][OX2:4]	159.998	0.798637	-	-	-	-	G
C44228267      none	B	[OX2:1][CX4:2]!@[CX4:3][OX2:4]	59.9948	14.3222	-	-	-	-	G
C44228267      none	B	[OX2:1][CX4:2]!@[CX4:3][OX2:4]	-59.995	16.2177	-	-	-	-	G
C44228267      none	B	[OX2:1][CX4:2]!@[CX4:3][OX2:4]	60.0129	14.3222	-	-	-	-	G
C44228267      none	B	[OX2:1][CX4:2]!@[CX4:3][OX2:4]	-80.0033	2.4811	-	-	-	-	G
C41188774      none	B	[c:1][c:2]!@[c:3][s,o,nX3H1:4]	0.00218853	17.837	-	-	-	-	G
C41188774      none	B	[a:1][c:2]!@[C:3]([NH0])=[O:4]	30.0031	2.13889	-	-	-	-	G
C41188774      none	B	[O:1]=[CX3:2](a)!@[NX3H0:3][!#1:4]	30.2783	0.896722	-	-	-	-	R
C41188774      none	B	[O:1]=[CX3:2](a)!@[NX3H0:3][!#1:4]	180	9.67842	-	-	-	-	G
C41188774      none	B	[a:1][c:2]!@[C:3]([NH0])=[O:4]	-59.6822	3.63889	-	-	-	-	G
C01947282      none	B	[cH1:1][c:2]([$([cH0][OH1])])!@[CX3:3]=[NX2:4]	-59.7307	0	-	-	-	-	R
C01947282      none	B	[*:1]~[NX3:2]!@[NX2:3]~[*:4]	-119.998	0.0824111	-	-	-	-	R
C01947282      none	B	[O:1]=[CX3:2]!@[NX3H1:3][!#1:4]	0.00100493	63.7893	-	-	-	-	G
C01947282      none	B	[!#1:1][CX4H2:2]!@[CX3:3]=[O:4]	60.0088	1.20812	-	-	-	-	G
C01947282      none	B	[!#1:1][CH2:2]!@[n:3][a:4]	-134.691	0.908865	-	-	-	-	O
C01947282      none	B	[O-:1][N+:2](=O)!@[c:3]([cH,nX2H0])[cH,nX2H0:4]	0.277071	22.9313	-	-	-	-	G
C38030633      none	B	[*:1][$(S(=O)=O):2]!@[NX3H0r:3][*:4]	119.998	1.23223	-	-	-	-	G
C38030633      none	B	[*:1][$(S(=O)=O):2]!@[NX3H1:3][*:4]	-60.0009	9.96512	-	-	-	-	G
C38030633      none	B	[$(S(=O)(=O)):1][NH1:2]!@[c:3]([cH1])[cH1:4]	-120.319	2.75424	-	-	-	-	O
C38030633      none	B	[!#1:1][CH2:2]!@[n:3][a:4]	89.9937	13.2097	-	-	-	-	G
C38030633      none	B	[!#1:1][CX4H2:2]!@[CX3:3]=[O:4]	29.9961	3.68098	-	-	-	-	G
C38030633      none	B	[O:1]=[C:2]!@[O:3]~[C:4]	0.00457163	74.4927	-	-	-	-	G
C44963080      none	B	[OX2:1][CX4:2]!@[CX4:3][OX2:4]	-168.015	4.55756	-	-	-	-	G
C44963080      none	B	[C:1][CX4H2:2]!@[OX2:3][!#1:4]	160.001	4.72228	-	-	-	-	G
C44963080      none	B	[*:1]~[OX2:2]!@[SX4:3]~[*:4]	60.0012	3.04735	-	-	-	-	G
C08616445      none	B	[O:1]=[C:2]!@[O:3]~[C:4]	-0.00175502	74.4927	-	-	-	-	G
C08616445      none	B	[$(C=O):1][O:2]!@[CH2:3]~[C:4]	120	1.25443	-	-	-	-	O
C08616445      none	B	[OX2:1][CX4:2]!@[CX4:3][OX2:4]	-177.742	13.4277	-	-	-	-	G
C08616445      none	B	[$(C=O):1][O:2]!@[CH1:3][H:4]	-29.9952	11.3505	-	-	-	-	G
C08616445      none	B	[$(C=O):1][O:2]!@[CH1:3][H:4]	-0.00505399	9.45727	-	-	-	-	G
C08616445      none	B	[*:1]~[CX4:2]!@[n:3]~[*:4]	-89.9992	3.28413	-	-	-	-	G
C08616445      none	B	[O:1]=[C:2]!@[O:3]~[C:4]	0.00356202	74.4927	-	-	-	-	G
C08616445      none	B	[O:1]=[C:2]!@[O:3]~[C:4]	-0.000763603	74.4927	-	-	-	-	G
C38665447      none	B	[C:1][CX4:2]!@[CX3:3][C:4]	-92.9088	3.54604	-	-	-	-	O
C38665447      none	B	[OX2:1][CX4:2]!@[CX4:3][OX2:4]	-81.9509	2.4811	-	-	-	-	O
C36970669      none	B	[O:1]=[C:2]([O-])!@[c:3]([cH0])[cH0:4]	-90.0273	0	-	-	-	-	G
C36970669      none	B	[aH0:1][c:2]([aH0])!@[SX2:3][!#1:4]	-90.0047	3.32646	-	-	-	-	G
C36970669      none	B	[!#1:1][CX4:2]!@[SX2:3][!#1:4]	-90.0022	3.00607	-	-	-	-	G
C36970669      none	B	[!#1:1][CX4H2:2]!@[CX3:3]=[O:4]	59.9994	1.20812	-	-	-	-	G
C36970669      none	B	[O:1]=[CX3:2]!@[NX3H1:3][!#1:4]	0.0110517	63.7893	-	-	-	-	G
C36970669      none	B	[*:1]~[NX3:2]!@[NX3:3]~[*:4]	149.999	1.2148	-	-	-	-	G
C36970669      none	B	[O:1]=[CX3:2]!@[NX3H1:3][!#1:4]	-0.00967002	63.7893	-	-	-	-	G
C66241233      none	B	[O:1]=[CX3:2](a)!@[NX3H0:3][!#1:4]	29.9993	0.896722	-	-	-	-	O
C66241233      none	B	[a:1][c:2]!@[C:3]([NH0])=[O:4]	60.2793	3.02778	-	-	-	-	G
C66241233      none	B	[cH1:1][a:2]([cH1])!@[a:3]([sX2,o,nX2H0,nX3H1:4])([cH0])	59.9964	1.97285	-	-	-	-	G
C39377163      none	B	[C:1][CX4:2]!@[CX3:3][C:4]	26.8932	0.735659	-	-	-	-	O
C39377163      none	B	[C:1][CX4:2]!@[CX3:3]=[O:4]	27.0697	3.28614	-	-	-	-	G
C39377163      none	B	[*:1]~[CX3:2]!@[NX3:3]~[*:4]	-0.00562681	27.0519	-	-	-	-	G
C66915641      none	B	[a:1][a:2]!@[CX3:3]=[CX3H1:4]	59.9982	0.974618	-	-	-	-	O
C66915641      none	B	[!#1:1]~[CX3:2]!@[SX4:3]~[!#1:4]	30.0106	1.85841	-	-	-	-	G
C66915641      none	B	[C:1][$(S(=O)=O):2]!@[NX3H1:3][C:4]	-90.0006	6.12245	-	-	-	-	G
C66915641      none	B	[$(S(=O)(=O)):1][NX3H1:2]!@[CX4H1:3][H:4]	-59.9973	0.736648	-	-	-	-	G
C40576808      none	B	[a:1][c:2]!@[CX4H1:3][N,O:4]	-59.994	3.48172	-	-	-	-	G
C40576808      none	B	[$(C=O):1][NX3H1:2]!@[CX4H1:3][H:4]	-59.9947	1.23735	-	-	-	-	G
C40576808      none	B	[O:1]=[CX3:2]([$([NX3H1]C)])!@[NX3H1:3][!#1:4]	-0.00661098	41.1343	-	-	-	-	G
C40576808      none	B	[O:1]=[CX3:2]([$([NX3H1]C)])!@[NX3H1:3][!#1:4]	0.0070461	41.1343	-	-	-	-	G
C40576808      none	B	[$([CX3]=O):1][NX3H1:2]!@[CX4H2:3][C:4] 	89.9991	7.35439	-	-	-	-	G
C40576808      none	B	N[C:2](=[O:1])!@[CH2:3][N:4]	180	8.33333	-	-	-	-	G
C40576808      none	B	[O:1]=[CX3:2]!@[NX3H1:3][!#1:4]	-0.00391936	63.7893	-	-	-	-	G
C40576808      none	B	[$([CX3]=O):1][NX3H1:2]!@[CX4H2:3][C:4] 	179.999	6.46594	-	-	-	-	G
C40576808      none	B	[NH1:1][CX4:2]!@[CX3:3]=[O:4]	120	0.41354	-	-	-	-	G
C48988095      none	B	[$([CX3]=O):1][NX3H0:2](C)!@[CX4H2:3][C:4]	-89.996	15.9949	-	-	-	-	G
C48988095      none	B	[O:1]=[CX3:2]!@[NX3H0:3][!#1:4]	30.0066	0.680979	-	-	-	-	O
C48988095      none	B	N[C:2](=[O:1])!@[CH2:3][N:4]	89.9944	0	-	-	-	-	R
C48988095      none	B	[O:1]=[CX3:2]!@[NX3H0:3][!#1:4]	-179.677	18.2537	-	-	-	-	G
C48988095      none	B	[O:1]=[CX3:2]!@[NX3H1:3][!#1:4]	-0.013073	63.7893	-	-	-	-	G
C48988095      none	B	[$([CX3]=O):1][NX3H1:2]!@[CX4H2:3][C:4] 	90.0037	7.35439	-	-	-	-	G
C48988095      none	B	N[C:2](=[O:1])!@[CH2:3][N:4]	150.002	3.125	-	-	-	-	G
C48988095      none	B	[O:1]=[CX3:2]!@[NX3H1:3][!#1:4]	-0.00147709	63.7893	-	-	-	-	G
C48988095      none	B	[$([CX3]=O):1][NX3H1:2]!@[CX4H2:3][C:4] 	180	6.46594	-	-	-	-	G
C48988095      none	B	[NH1:1][CX4:2]!@[CX3:3]=[O:4]	120.009	0.41354	-	-	-	-	G
C50244583      none	B	[O:1]=[CX3:2]!@[NX3H0:3][!#1:4]	180	18.2537	-	-	-	-	G
C50244583      none	B	[O:1]=[CX3:2]!@[NX3H0:3][!#1:4]	150.315	1.73707	-	-	-	-	O
C50244583      none	B	[O:1]=[C:2]([O-])!@[CX4H1:3][H:4]	-0.00555707	0.495663	-	-	-	-	O
C63772234      none	B	[O-:1][N+:2](=O)!@[c:3]([cH,nX2H0])[cH,nX2H0:4]	179.975	23.2156	-	-	-	-	G
C63772234      none	B	[aH1:1][c:2]([aH1])!@[SX4:3][!#1:4]	-89.9951	12.5987	-	-	-	-	G
C63772234      none	B	[c:1][S:2](=O)(=O)!@[NX2H0-:3]-[*:4]	-90.0085	2.77778	-	-	-	-	G
C63772234      none	B	[*:1]~[NX2:2]!@[NX2:3]~[*:4]	179.999	68.0512	-	-	-	-	G
C63772234      none	B	[*:1]~[CX4:2]!@[CX3:3]~[*:4]	29.9907	1.99379	-	-	-	-	G
C63772234      none	B	[cH1:1][c:2]([cH1])!@[CX3:3]=[NX2:4]	0.34042	14.4225	-	-	-	-	G
C02992775      none	B	[cH0:1][c:2]([cH,nX2H0])!@[NX3H1:3][CX4:4]	179.988	49.7854	-	-	-	-	G
C02992775      none	B	[a:1][c:2]!@[CX3:3]=[CX3H0:4]	-90.0029	1.59557	-	-	-	-	G
C02992775      none	B	[$([CX3]=O):1][NX3H0:2](C)!@[CX4H2:3][C:4]	59.9967	0.600343	-	-	-	-	O
C02992775      none	B	[!#1:1][CX4H2:2]!@[CX4H2:3][!#1:4]	180	58.554	-	-	-	-	G
C02992775      none	B	[!#1:1][CX4H2:2]!@[CX4H2:3][!#1:4]	59.9973	3.99483	-	-	-	-	G
C02992775      none	B	[C:1][CX4H2:2]!@[CX3:3]=[O:4]	-119.999	0.79457	-	-	-	-	O
C02992775      none	B	[!#1:1][CX4H2:2]!@[NX3H1:3][!#1:4]	180	11.3535	-	-	-	-	G
C02992775      none	B	[OX2:1][CX4H2:2]!@[CX4H2:3][N:4]	-60.0031	16.5981	-	-	-	-	G
C12614937      none	B	[$([CX3]=O):1][NX3H0:2](C)!@[CX4H2:3][C:4]	89.9962	14.7513	-	-	-	-	G
C12614937      none	B	N[C:2](=[O:1])!@[CH2:3][N:4]	30.0045	5.20833	-	-	-	-	G
C12614937      none	B	[O:1]=[CX3:2]!@[NX3H1:3][!#1:4]	-0.0084414	63.7893	-	-	-	-	G
C12614937      none	B	[$([CX3]=O):1][NX3H1:2]!@[CX4H2:3][C:4] 	150	1.43139	-	-	-	-	O
C12614937      none	B	N[C:2](=[O:1])!@[CH2:3][N:4]	-90.0048	0.14881	-	-	-	-	R
C12614937      none	B	[O:1]=[CX3:2]!@[NX3H1:3][!#1:4]	0.00915223	63.7893	-	-	-	-	G
C12614937      none	B	[$(C=O):1][NX3H1:2]!@[CX4H0:3][C:4]	60.0011	13.3187	-	-	-	-	G
C44412439      none	B	[O:1]=[CX3:2]!@[NX3H1:3][!#1:4]	-0.0045245	63.7893	-	-	-	-	G
C44412439      none	B	[N:1][CX4:2]!@[CX3:3]=[O:4]	87.0176	0.374597	-	-	-	-	O
C44412439      none	B	[O:1]=[CX3:2]!@[NX3H0:3][!#1:4]	-30.0053	0.692521	-	-	-	-	O
C44412439      none	B	[C:1][CX4H2:2]!@[CX3:3]=[O:4]	90.0017	1.30773	-	-	-	-	O
C44412439      none	B	[!#1:1][CX4:2]!@[CX3H0:3][!#1:4]	89.9983	2.78327	-	-	-	-	G
C38664868      none	B	[OX2:1][CX4:2]!@[CX4:3][OX2:4]	57.5351	14.3222	-	-	-	-	G
C38664868      none	B	[C:1][CX4:2]!@[NX3:3][C:4]	-59.9947	7.03868	-	-	-	-	G
C09637375      none	B	[cH0:1][c:2]!@[CX4H0:3][CX4:4]	-179.727	14.8495	-	-	-	-	G
C09637375      none	B	[*:1]~[NX2:2]!@[nX3:3]~[*:4]	150.001	1.75781	-	-	-	-	G
C09637375      none	B	[cH1:1][c:2]([cH1])!@[CX3:3]=[NX2:4]	-179.716	13.9437	-	-	-	-	G
C09637375      none	B	[O-:1][N+:2](=O)!@[c:3]([cH,nX2H0])[cH,nX2H0:4]	179.985	23.2156	-	-	-	-	G
C46870310      none	B	[$(S(=O)(=O)):1][NH0:2]!@[c:3]([cH1])[cH1:4]	-90.0221	17.7686	-	-	-	-	G
C46870310      none	B	[cH1:1][c:2]([cH1])!@[C:3]([NH1,NH2])=[O:4]	152.996	9.05971	-	-	-	-	G
C46870310      none	B	[O:1]=[CX3:2]!@[NX3H1:3][!#1:4]	-0.0131892	63.7893	-	-	-	-	G
C46870310      none	B	[$([CX3]=O):1][NX3H1:2]!@[CX4H2:3][C:4] 	120.002	2.76407	-	-	-	-	O
C46870310      none	B	[OX2:1][CX4H2:2]!@[CX4H2:3][N:4]	-59.9969	16.5981	-	-	-	-	G
C46870310      none	B	[c:1][S:2](=O)(=O)!@[NX2H0-:3]-[*:4]	59.9994	8.33333	-	-	-	-	G
C46870310      none	B	[aH1:1][c:2]([aH1])!@[SX4:3][!#1:4]	90.2732	12.916	-	-	-	-	G
C45652229      none	B	[cH1:1][c:2]([cH1])!@[C:3]([NH1,NH2])=[O:4]	-26.9831	8.39053	-	-	-	-	G
C45652229      none	B	[O:1]=[CX3:2]!@[NX3H1:3][!#1:4]	-0.0081648	63.7893	-	-	-	-	G
C45652229      none	B	[$(C=O):1][NX3H1:2]!@[CX4H1:3][H:4]	-29.9928	6.97413	-	-	-	-	G
C45652229      none	B	[O:1]=[CX3:2](a)!@[NX3H0:3][!#1:4]	-0.00140221	23.6549	-	-	-	-	G
C45652229      none	B	[a:1][c:2]!@[C:3]([NH0])=[O:4]	-59.7311	3.63889	-	-	-	-	G
C45652229      none	B	[aH1:1][c:2]([aH1])!@[SX4:3][!#1:4]	89.934	12.916	-	-	-	-	G
C45652229      none	B	[c:1][S:2](=O)(=O)!@[NX2H0-:3]-[*:4]	59.9931	8.33333	-	-	-	-	G
C45652229      none	B	[$(S(=O)(=O)):1][NH0:2]!@[c:3]([cH1])[cH1:4]	-150.27	0.413223	-	-	-	-	R
C49098519      none	B	[C:1][CX4:2]!@[CX3:3]=[O:4]	29.9436	3.28614	-	-	-	-	G
C49098519      none	B	[O:1]=[CX3:2](a)!@[NX3H0:3][!#1:4]	29.9959	0.896722	-	-	-	-	O
C49098519      none	B	[a:1][c:2]!@[C:3]([NH0])=[O:4]	-89.7347	2.91667	-	-	-	-	G
C35320880      none	B	[!#1:1][CH2:2]!@[n:3][cH0:4]	-89.9968	15.4696	-	-	-	-	G
C35320880      none	B	[!#1:1][CX4H2:2]!@[CX3:3]=[O:4]	0.00485521	19.1789	-	-	-	-	G
C35320880      none	B	[O:1]=[CX3:2]!@[NX3H0:3][!#1:4]	0.275331	25.0866	-	-	-	-	G
C35320880      none	B	[O:1]=[CX3:2]!@[NX3H0:3][!#1:4]	180	18.2537	-	-	-	-	G
C36146843      none	B	[H:1][CX4H1:2]!@[O:3][CX4:4]	-39.9957	11.8876	-	-	-	-	G
C09325469      none	B	[O:1]=[C:2]([N])!@[O:3]~[C:4]	0.00335962	57.729	-	-	-	-	G
C09325469      none	B	[O:1]=[C:2]!@[NX3H1:3](C=O)[H:4]	-0.00135566	23.6842	-	-	-	-	G
C09325469      none	B	[O:1]=[C:2]!@[NX3H1:3](C=O)[H:4]	180	35.6725	-	-	-	-	G
C09325469      none	B	[$([c]([NH1,NH2])):1][c:2]!@[CX3:3]([!O])=[O:4]	-60.0012	0.552486	-	-	-	-	R
C09325469      none	B	[$([C](=O)):1][NX3:2]!@[a:3](s)[a:4]	-150.004	0	-	-	-	-	R
C09325469      none	B	[O:1]=[CX3:2]!@[NX3H1:3][!#1:4]	0.00702245	63.7893	-	-	-	-	G
C09325469      none	B	[s:1][c:2]!@[C:3]([NH1])=[O:4]	29.9964	0	-	-	-	-	O
C09325469      none	B	[O:1]=[CX3:2]!@[NX3H0:3][!#1:4]	180	18.2537	-	-	-	-	G
C09325469      none	B	[O:1]=[C:2]([N])!@[O:3]~[C:4]	-0.00511966	57.729	-	-	-	-	G
C36266384      none	B	[*:1][$(S(=O)=O):2]!@[NX3H0r:3][*:4]	-119.992	0.995261	-	-	-	-	G
C36266384      none	B	[*:1][$(S(=O)=O):2]!@[NX3H0r:3][*:4]	60.321	7.32227	-	-	-	-	G
C64447087      none	B	[!#1:1][CH2:2]!@[n:3][cH0:4]	90.2686	14.7896	-	-	-	-	G
C64447087      none	B	[cH1:1][c:2]([cH1])!@[CX3:3]=[O:4]	150.001	3.28558	-	-	-	-	G
C64447087      none	B	[O:1]=[CX3:2]!@[nX3:3]([aH0:4])([aH0])	120.298	0	-	-	-	-	R
C66247798      none	B	[$(S(=O)(=O)):1][N:2]!@[c:3][a:4]	60.0051	1.70898	-	-	-	-	G
C66247798      none	B	[c:1][S:2](=O)(=O)!@[NX2H0-:3]-[*:4]	90.0009	2.77778	-	-	-	-	G
C66247798      none	B	[aH1:1][c:2]([aH1])!@[SX4:3][!#1:4]	90.2766	12.916	-	-	-	-	G
C63342078      none	B	[$(C=O):1][NX3:2]!@[a:3][aH0:4]	-59.9952	2.68113	-	-	-	-	G
C63342078      none	B	[O:1]=[CX3:2]!@[NX3H1:3][!#1:4]	0.00680705	63.7893	-	-	-	-	G
C63342078      none	B	[C:1][CX4:2]!@[CX3:3]=[O:4]	30.1208	3.28614	-	-	-	-	G
C63342078      none	B	[cH1,nX2H0:1][c:2]([cH1,nX2H0])!@[NX3r:3][*:4]	0.00278221	5.93199	-	-	-	-	G
C51585810      none	B	[$(C=O):1][NX3H1:2]!@[c:3]([cH1])[cH1:4]	149.968	5.05437	-	-	-	-	G
C51585810      none	B	[O:1]=[CX3:2]!@[NX3H1:3][!#1:4]	30.0073	0.0707142	-	-	-	-	O
C51585810      none	B	[O:1]=[CX3:2]!@[NX3H0:3][!#1:4]	-149.723	1.37927	-	-	-	-	O
C51585810      none	B	[O:1][CX4:2]!@[CX3:3]=[O:4]	-179.894	6.67845	-	-	-	-	G
C40723775      none	B	[cH0:1][c:2]([cH,nX2H0])!@[NX3H0:3][CX4:4]	59.9999	3.25838	-	-	-	-	G
C40723775      none	B	[CX4:1][CX4H2:2]!@[NX3:3][CX4:4]	-140	0.799705	-	-	-	-	O
C40723775      none	B	[CX4:1][CX4H2:2]!@[NX3:3][CX4:4]	90.0048	8.80906	-	-	-	-	G
C40723775      none	B	[!#1:1][CX4H2:2]!@[CX4H2:3][!#1:4]	59.998	3.99483	-	-	-	-	G
C40723775      none	B	[!#1:1][CX4H2:2]!@[CX4H2:3][!#1:4]	180	58.554	-	-	-	-	G
C40003121      none	B	[cH1:1][c:2](cO)!@[O:3][C:4]	-89.7149	0.35524	-	-	-	-	R
C40003121      none	B	[a:1][c:2]!@[CX4H1:3][N,O:4]	-121.591	3.08052	-	-	-	-	G
C40003121      none	B	[*^2:1]~[C^2:2]([!H])!@[C^2:3]~[*^2:4]	149.955	1.21045	-	-	-	-	O
C40003121      none	B	[$(C=O):1][NX3H0:2]!@[c:3]([s,o])[n:4]	-179.689	52.6316	-	-	-	-	G
C40003121      none	B	[aH0:1][c:2]([aH0])!@[SX2:3][!#1:4]	-0.00375487	13.1253	-	-	-	-	G
C40003121      none	B	[cH1:1][c:2]([cH1])!@[CX3:3]([CX3H0])=[O:4]	90.2785	0	-	-	-	-	R
C40003121      none	B	[cH1:1][c:2]([cH1])!@[O:3][C:4]	150.002	0.199809	-	-	-	-	O
C40003121      none	B	[C:1][CX4H2:2]!@[OX2:3][c:4]	-150.004	1.28448	-	-	-	-	O
C40003121      none	B	[CX3:1]=[CX3:2]!@[CH2:3][OX2:4]	119.995	6.41221	-	-	-	-	G
C53774088      none	B	[cH1:1][a:2]([cH1])!@[a:3]([sX2,o,nX2H0,nX3H1:4])([cH1])	180	11.5003	-	-	-	-	G
C53774088      none	B	[O-:1][N+:2](=O)!@[c:3]([cH,nX2H0])[cH,nX2H0:4]	179.975	23.2156	-	-	-	-	G
C53774088      none	B	[a:1][c:2]!@[C:3]([NH1,NH2])=[O:4]	-0.000785456	9.67683	-	-	-	-	G
C53774088      none	B	[O:1]=[CX3:2]!@[NX3H1:3][!#1:4]	-0.00257266	63.7893	-	-	-	-	G
C53774088      none	B	[$([CX3]=O):1][NX3H1:2]!@[CX4H2:3][C:4] 	-59.9946	1.43139	-	-	-	-	G
C53774088      none	B	[!#1:1][CX4H2:2]!@[CX4H2:3][!#1:4]	-60.0002	3.77933	-	-	-	-	G
C53774088      none	B	[!#1:1][CX4:2]!@[SX4:3][!#1:4]	-172.252	7.34737	-	-	-	-	G
C04195021      none	B	[*:1]~[CX4:2]!@[n:3]~[*:4]	-150.003	3.13346	-	-	-	-	G
C04195021      none	B	[OX2:1][CX4:2]!@[CX4:3][OX2:4]	171.168	4.6108	-	-	-	-	G
C35247770      none	B	[O:1]=[CX3:2]!@[NX3H0:3][!#1:4]	-29.9975	0.692521	-	-	-	-	O
C35247770      none	B	[O:1]=[CX3:2]!@[NX3H0:3][!#1:4]	150.279	1.73707	-	-	-	-	O
C35247770      none	B	[C:1][CX4:2]!@[CX3:3]=[O:4]	0.12086	5.61823	-	-	-	-	G
C35247770      none	B	[O:1]=[CX3:2]!@[NX3H1:3][!#1:4]	0.011083	63.7893	-	-	-	-	G
C35247770      none	B	[$(C=O):1][NX3H1:2]!@[c:3]([cH1])[cH1:4]	-30.0084	5.05437	-	-	-	-	G
C49129578      none	B	[$(C=O):1][NX3H1:2]!@[c:3](s)[n:4]	-0.0142732	0.574713	-	-	-	-	R
C49129578      none	B	[O:1]=[CX3:2]!@[NX3H1:3][!#1:4]	0.012851	63.7893	-	-	-	-	G
C49129578      none	B	[O:1]=[CX3:2]!@[NX3H0:3][!#1:4]	30.28	0.680979	-	-	-	-	O
C49129578      none	B	[$(C=O):1][NX3H0:2]!@[CX4H1:3][H:4]	179.767	19.1176	-	-	-	-	G
C40380838      none	B	[O-:1][N+:2](=O)!@[c:3][a:4]	0.00887559	18.5814	-	-	-	-	G
C40380838      none	B	[a:1][c:2]!@[C:3]([NH0])=[O:4]	-150.007	1.44444	-	-	-	-	G
C40380838      none	B	[O:1]=[CX3:2](a)!@[NX3H0:3][!#1:4]	30.2819	0.896722	-	-	-	-	R
C40380838      none	B	[*:1][$(S(=O)=O):2]!@[NX3H0r:3][*:4]	-120.002	0.995261	-	-	-	-	G
C35575666      none	B	[c:1][c:2]!@[c:3][s,o,nX3H1:4]	90.0025	0.30147	-	-	-	-	R
C35575666      none	B	[aH0:1][c:2]([aH0])!@[SX4:3][!#1:4]	-56.0198	1.81564	-	-	-	-	G
C32797563      none	B	[O:1][CX4:2]!@[CX3:3]=[O:4]	0.00340023	13.789	-	-	-	-	G
C32797563      none	B	[$(C=O):1][O:2]!@[CH1:3][H:4]	30.0052	10.7465	-	-	-	-	G
C32797563      none	B	[O:1]=[CX3:2]!@[NX3H1:3][!#1:4]	0.0137191	63.7893	-	-	-	-	G
C32797563      none	B	[$(C=O):1][NX3H1:2]!@[c:3]([cH1])[cH1:4]	29.9813	5.05437	-	-	-	-	G
C32797563      none	B	[aH1:1][c:2]([aH1])!@[SX4:3][!#1:4]	-90.0004	12.5987	-	-	-	-	G
C32797563      none	B	[c:1][S:2](=O)(=O)!@[NX2H0-:3]-[*:4]	-59.9979	11.1111	-	-	-	-	G
C32797563      none	B	[$(S(=O)(=O)):1][N:2]!@[c:3][a:4]	89.9992	4.78516	-	-	-	-	G
C32797563      none	B	[O:1]=[C:2]!@[O:3]~[C:4]	-0.00679493	74.4927	-	-	-	-	G
C32797563      none	B	[s:1][c:2]([aX2,cH1])!@[CX3:3](O)=[O:4]	0.0110331	31.1475	-	-	-	-	G
C40384472      none	B	[$(S(=O)(=O)):1][NH0:2]!@[c:3]([cH1])[cH0:4]	119.971	0	-	-	-	-	R
C40384472      none	B	[aH1:1][c:2]([aH1])!@[SX4:3][!#1:4]	-89.9988	12.5987	-	-	-	-	G
C40384472      none	B	[*:1]~[N,n:2]!@[S:3]~[*:4]	173.858	5.49166	-	-	-	-	G
C40384472      none	B	[*:1][$(S(=O)=O):2]!@[NX3H0r:3][*:4]	60.3303	7.32227	-	-	-	-	G
C20086428      none	B	[cH0:1][c:2]!@[CX4H1:3][a:4]	59.7232	3.09082	-	-	-	-	G
C04146798      none	B	[$([CX3]=O):1][NX3H0:2](C)!@[CX4H2:3][C:4]	-89.997	15.9949	-	-	-	-	G
C04146798      none	B	N[C:2](=[O:1])!@[CH2:3][N:4]	180	8.33333	-	-	-	-	G
C04146798      none	B	[O:1]=[CX3:2]!@[NX3H1:3][!#1:4]	-0.000860293	63.7893	-	-	-	-	G
C04146798      none	B	[$([CX3]=O):1][NX3H1:2]!@[CX4H2:3][C:4] 	-89.9964	7.35439	-	-	-	-	G
C04146798      none	B	N[C:2](=[O:1])!@[CH2:3][N:4]	150.001	3.125	-	-	-	-	G
C57029642      none	B	[a:1][a:2]!@[NX3:3][!#1:4]	30.2797	1.9288	-	-	-	-	O
C57029642      none	B	[O:1]=[CX3:2]!@[NX3H0:3][!#1:4]	-150.004	1.37927	-	-	-	-	O
C57029642      none	B	[O:1]=[CX3:2]!@[NX3H1:3][!#1:4]	30.0083	0.0707142	-	-	-	-	O
C57029642      none	B	[$(C=O):1][NX3H1:2]!@[c:3]([cH1])[cH1:4]	0.00137168	7.77286	-	-	-	-	G
C42356225      none	B	[aH0:1][c:2]([aH1])!@[SX4:3][!#1:4]	89.9938	4.49141	-	-	-	-	G
C42356225      none	B	[*:1]~[CX4:2]!@[n:3]~[*:4]	60.0029	3.54922	-	-	-	-	G
C35454789      none	B	[C:1][CX4:2]!@[CX3:3]=[O:4]	180	0.827213	-	-	-	-	G
C35454789      none	B	[a:1][c:2]!@[CX4H1:3][N,O:4]	113.44	2.22579	-	-	-	-	G
C35454789      none	B	[$(C=O):1][O:2]!@[CH1:3][H:4]	-0.00165939	9.45727	-	-	-	-	G
C35454789      none	B	[OH1:1][CX4:2]!@[CX3:3]=[O:4]	0.0164396	16.8405	-	-	-	-	G
C35454789      none	B	[O:1]=[C:2]!@[O:3]~[C:4]	0.00324142	74.4927	-	-	-	-	G
C35454789      none	B	[O:1]=[C:2]!@[O:3]~[C:4]	-0.00092615	74.4927	-	-	-	-	G
C35454789      none	B	[O:1]=[C:2]!@[O:3]~[C:4]	0.00387858	74.4927	-	-	-	-	G
C20258414      none	B	[n,o,s:1][c:2]!@[CX4H2:3][CX4:4]	89.9928	4.03889	-	-	-	-	G
C20258414      none	B	[!#1:1][CX4:2]!@[CX4:3][!#1:4]	60.0049	12.3771	-	-	-	-	G
C20258414      none	B	[O:1]=[C:2]([O-])!@[CX4H1:3][H:4]	90.0015	0.86741	-	-	-	-	O
C20258414      none	B	[$(C=O):1][NX3H1:2]!@[CX4H1:3][H:4]	29.9958	9.46757	-	-	-	-	G
C20258414      none	B	[O:1]=[CX3:2]!@[NX3H1:3][!#1:4]	0.00992429	63.7893	-	-	-	-	G
C20258414      none	B	[NH1:1][CX4:2]!@[CX3:3]=[O:4]	-3.15982	6.89233	-	-	-	-	G
C09858904      none	B	[$(C=O):1][NX3H1:2]!@[c:3]([cH1])[cH1:4]	-150.025	5.07451	-	-	-	-	G
C09858904      none	B	[O:1]=[CX3:2]!@[NX3H1:3][!#1:4]	-0.00410945	63.7893	-	-	-	-	G
C09858904      none	B	[O:1]=[CX3:2]!@[CX3:3]=[O:4]	59.9909	0.346021	-	-	-	-	R
C09858904      none	B	[O:1]=[CX3:2]!@[NX3H1:3][!#1:4]	0.00852651	63.7893	-	-	-	-	G
C09858904      none	B	[$([CX3]=O):1][NX3H1:2]!@[CX4H2:3][C:4] 	179.995	6.46594	-	-	-	-	G
C09858904      none	B	[!#1:1][CX4H2:2]!@[CX4H2:3][!#1:4]	180	58.554	-	-	-	-	G
C09858904      none	B	[!#1:1][CX4H2:2]!@[CX4H2:3][!#1:4]	179.999	58.554	-	-	-	-	G
C05541271      none	B	[*:1]~[CX4:2]!@[n:3]~[*:4]	-150.004	3.13346	-	-	-	-	G
C05541271      none	B	[OX2:1][CX4:2]!@[CX4:3][OX2:4]	-47.3668	3.1839	-	-	-	-	G
C62084433      none	B	[*:1][$(S(=O)=O):2]!@[NX3H0r:3][*:4]	90.2944	4.85782	-	-	-	-	G
C62084433      none	B	[O:1]=[CX3:2]!@[NX3H0:3][!#1:4]	-29.9965	0.692521	-	-	-	-	O
C62084433      none	B	[O:1]=[CX3:2]!@[NX3H0:3][!#1:4]	150.303	1.73707	-	-	-	-	O
C62084433      none	B	[O:1]=[C:2]([O-])!@[CX4H1:3][H:4]	0.0027328	0.495663	-	-	-	-	O
C13127774      none	B	[a:1][c:2]!@[CX4H1:3][a:4]	150.026	2.30991	-	-	-	-	G
C13127774      none	B	[$(C=O):1][NX3:2]!@[a:3][aH0:4]	-119.7	2.3332	-	-	-	-	G
C05819062      none	B	[cH1:1][c:2]([cH0])!@[CX3x0:3]=[NX2:4]	-90.0089	0.0354484	-	-	-	-	R
C05819062      none	B	[*:1]~[cX3:2]!@[NX2:3]~[*:4]	-149.705	1.73726	-	-	-	-	O
C66467027      none	B	[O-:1][N+:2](=O)!@[c:3]([cH,nX2H0])[cH,nX2H0:4]	179.999	23.2156	-	-	-	-	G
C66467027      none	B	[a:1][a:2]!@[NX3:3][!#1:4]	-149.72	1.91104	-	-	-	-	O
C66467027      none	B	[H:1][CX4H1:2]!@[O:3][CX4:4]	39.9685	11.9906	-	-	-	-	G
C66467027      none	B	[C:1][CH2:2]!@[O:3][CX4:4]	-60.0056	0.329924	-	-	-	-	O
C66467027      none	B	[OX2:1][CX4H2:2]!@[CX3:3]([$([NX3H1,NX3H2])])=[O:4]	-59.9933	0.714286	-	-	-	-	R
C06395657      none	B	[$(C=O):1][NX3H1:2]!@[CX4H1:3][H:4]	-30.3693	6.97413	-	-	-	-	G
C06395657      none	B	[O:1]=[CX3:2]!@[NX3H1:3][!#1:4]	-0.00253443	63.7893	-	-	-	-	G
C06395657      none	B	[a:1][c:2]!@[C:3]([NH1,NH2])=[O:4]	60.0073	0.626362	-	-	-	-	G
C02568035      none	B	[$(C=O):1][NX3H1:2]!@[CX4H2:3][!#1:4]	180	5.78057	-	-	-	-	G
C02568035      none	B	[O:1]=[CX3:2]!@[NX3H1:3][!#1:4]	0.000580198	63.7893	-	-	-	-	G
C02568035      none	B	[O:1]=[CX3:2]!@[NX3H0:3][!#1:4]	-29.9933	0.692521	-	-	-	-	O
C02568035      none	B	[$(C=O):1][NX3H0:2]!@[CX4H2:3][!#1:4]	-60.0058	0.579777	-	-	-	-	G
C02568035      none	B	[$(C=O):1][NX3H0:2]!@[CX4H1:3][H:4]	-29.9919	2.81513	-	-	-	-	G
C38752550      none	B	[O:1]=[CX3:2]!@[NX3H1:3][!#1:4]	-0.00344478	63.7893	-	-	-	-	G
C38752550      none	B	[$(C=O):1][NX3H1:2]!@[CX4H0:3][C:4]	171.754	7.07692	-	-	-	-	G
C38752550      none	B	[$([CX3]=O):1][NX3H0:2](C)!@[CX4H2:3][C:4]	-90.0198	15.9949	-	-	-	-	G
C38752550      none	B	[!#1:1][CX4H2:2]!@[CX4H2:3][!#1:4]	180	58.554	-	-	-	-	G
C38752550      none	B	[cH0:1][c:2]!@[CX4H2:3][CX4:4]	89.9981	18.5823	-	-	-	-	G
C17080789      none	B	[O-:1][N+:2](=O)!@[c:3]([cH0])[cH,nX2H0:4]	0.000133986	12.6374	-	-	-	-	G
C17080789      none	B	[!#1:1][CH2:2]!@[n:3][cH0:4]	-134.998	0.892478	-	-	-	-	R
C17080789      none	B	[!#1:1][CX4H2:2]!@[CX4H2:3][!#1:4]	60.0034	3.99483	-	-	-	-	G
C17080789      none	B	[O:1]=[CX3:2]([NH1])!@[CH2:3][C:4]	89.9949	2.11706	-	-	-	-	O
C17080789      none	B	[O:1]=[CX3:2]!@[NX3H1:3][!#1:4]	-0.00261971	63.7893	-	-	-	-	G
C17080789      none	B	[$(C=O):1][NX3H1:2]!@[CX4H1:3][H:4]	60.0043	6.22422	-	-	-	-	G
C17080789      none	B	[*^2:1]~[C^2:2]([!H])!@[C^2:3]~[*^2:4]	-90.0076	1.27397	-	-	-	-	G
C04534293      none	B	[OX2:1][CX4:2]!@[CX4:3][OX2:4]	-39.9732	0.393994	-	-	-	-	O
C04534293      none	B	[$(C=O):1][NX3H1:2]!@[CX4H1:3][H:4]	-31.9952	6.97413	-	-	-	-	G
C04534293      none	B	[O:1]=[CX3:2]!@[NX3H1:3][!#1:4]	-0.00349967	63.7893	-	-	-	-	G
C04534293      none	B	[!#1:1][CX4H2:2]!@[CX3:3]=[O:4]	29.9944	3.68098	-	-	-	-	G
C48676806      none	B	[H:1][CX4H1:2]!@[OX2:3][!#1:4]	-29.999	9.1924	-	-	-	-	G
C48676806      none	B	[cH1,n:1][c:2]!@[O:3][CH1:4]	149.996	1.26214	-	-	-	-	G
C48676806      none	B	[cH1:1][c:2]([cH1])!@[CX3:3]=[NX2:4]	59.9986	0.877718	-	-	-	-	O
C48676806      none	B	[*:1]~[N,n:2]!@[S:3]~[*:4]	179.997	8.16343	-	-	-	-	G
C48676806      none	B	[aH1:1][c:2]([aH1])!@[SX4:3][!#1:4]	-89.6887	12.5987	-	-	-	-	G
C48598591      none	B	[aH1:1][c:2]([aH0])!@[SX2:3][!#1:4]	-90.0307	2.87938	-	-	-	-	G
C48598591      none	B	[!#1:1][CX4:2]!@[SX2:3][!#1:4]	-150	1.30312	-	-	-	-	G
C48598591      none	B	[!#1:1][CX4H2:2]!@[CX3:3]=[O:4]	-119.992	0.59462	-	-	-	-	G
C48598591      none	B	[O:1]=[CX3:2]!@[NX3H0:3][!#1:4]	-179.7	18.2537	-	-	-	-	G
C48598591      none	B	[N:1][CX4:2]!@[CX3:3]=[O:4]	-121.085	0.897291	-	-	-	-	G
C48598591      none	B	[O:1]=[CX3:2]!@[NX3H1:3][!#1:4]	-0.0164975	63.7893	-	-	-	-	G
C62022662      none	B	[a:1][c:2]!@[C:3]([NH0])=[O:4]	-29.9905	2.55556	-	-	-	-	G
C62022662      none	B	[O:1]=[CX3:2](a)!@[NX3H0:3][!#1:4]	-149.723	2.19542	-	-	-	-	O
C62022662      none	B	[cH1,nX2H0:1][c:2]([cH1,nX2H0])!@[NX3r:3][*:4]	-29.9949	1.80261	-	-	-	-	O
C62022662      none	B	[a:1][a:2]!@[NX3:3][!#1:4]	-150.003	1.91104	-	-	-	-	O
C62022662      none	B	[cH1:1][c:2]([cH1])!@[NX3:3][a:4]	-119.734	2.53204	-	-	-	-	G
C40605158      none	B	[O:1]=[C:2]([O-])!@[CX4H1:3][H:4]	90.0075	0.86741	-	-	-	-	O
C40605158      none	B	[$(C=O):1][NX3H1:2]!@[CX4H1:3][H:4]	30.0034	9.46757	-	-	-	-	G
C40605158      none	B	[O:1]=[CX3:2]([$([NX3H1]C)])!@[NX3H1:3][!#1:4]	-0.00390627	41.1343	-	-	-	-	G
C40605158      none	B	[O:1]=[CX3:2]([$([NX3H1]C)])!@[NX3H1:3][!#1:4]	0.00297607	41.1343	-	-	-	-	G
C40605158      none	B	[$(C=O):1][NX3H1:2]!@[c:3]([cH0]F)[cH:4]	-119.72	1.75439	-	-	-	-	R
CHEMBL277281      none	B	[O:1]=[C:2]([O-])!@[c:3][nX2H0:4]	179.874	20	-	-	-	-	G
C58231597      none	B	[!#1:1][CX4H2:2]!@[CX4H2:3][!#1:4]	-59.9916	3.77933	-	-	-	-	G
C58231597      none	B	[!#1:1][CX4:2]!@[SX4:3][!#1:4]	-152.262	1.51579	-	-	-	-	O
C58231597      none	B	[*:1]~[N,n:2]!@[S:3]~[*:4]	-60.0022	4.40087	-	-	-	-	G
C58231597      none	B	[$(S(=O)(=O)):1][N:2]!@[c:3][a:4]	120.005	2.34375	-	-	-	-	G
C58231597      none	B	[a:1][c:2]!@[CX4H1:3][N,O:4]	89.9994	1.22453	-	-	-	-	G
C67510661      none	B	[cH0:1][c:2]([cH1])!@[CX3:3]([NX3H0])=[O:4]	89.9701	5.09091	-	-	-	-	G
C67510661      none	B	[O:1]=[CX3:2](a)!@[NX3H0:3][!#1:4]	-29.713	1.17502	-	-	-	-	O
C67510661      none	B	[C:1][CX4:2]!@[CX3:3]=[O:4]	-120.075	3.42432	-	-	-	-	G
C03067872      none	B	[$(C=O):1][NX3:2]!@[a:3][aH0:4]	149.988	1.842	-	-	-	-	O
C03067872      none	B	[O:1]=[CX3:2]!@[NX3H1:3][!#1:4]	2.76975e-05	63.7893	-	-	-	-	G
C03067872      none	B	[O:1]=[CX3:2]!@[CX3:3]=[O:4]	-119.992	1.55709	-	-	-	-	G
C03067872      none	B	[O:1]=[CX3:2]!@[NX3H1:3][!#1:4]	0.00970248	63.7893	-	-	-	-	G
C03067872      none	B	[*:1]~[NX3:2]!@[NX2:3]~[*:4]	-150.001	0.364964	-	-	-	-	O
C03067872      none	B	[cH1:1][c:2]([cH0])!@[CX3x0:3]=[NX2:4]	30.2719	0.850762	-	-	-	-	G
C03067872      none	B	[O-:1][N+:2](=O)!@[c:3]([cH,nX2H0])[cH,nX2H0:4]	179.98	23.2156	-	-	-	-	G
C09935926      none	B	[n,o,s:1][c:2]!@[CX4H2:3][CX4:4]	45.3081	2.99177	-	-	-	-	O
C09935926      none	B	[a:1][c:2]!@[CX4H2:3][!#1:4]	90.0005	7.24386	-	-	-	-	G
C09935926      none	B	[!#1:1][CX4:2]!@[SX2:3][!#1:4]	-160.001	3.18377	-	-	-	-	G
C09935926      none	B	[aH0:1][c:2]([aH0])!@[SX2:3][!#1:4]	120.003	1.75348	-	-	-	-	G
C62933325      none	B	[C:1][CX4:2]!@[CX3:3]=[O:4]	-0.00501134	5.61823	-	-	-	-	G
C62933325      none	B	[a:1][a:2]!@[NX3:3][!#1:4]	-90.0045	1.65296	-	-	-	-	O
C62933325      none	B	[O-:1][N+:2](=O)!@[c:3]([cH0])[cH,nX2H0:4]	89.9651	0.274725	-	-	-	-	O
C39749432      none	B	[a:1][c:2]!@[CX4H1:3][H:4]	179.063	7.22227	-	-	-	-	G
C39749432      none	B	[!#1:1][CX3:2]!@[SX2:3][!#1:4]	179.997	28.238	-	-	-	-	G
C39749432      none	B	[!#1:1][CX4:2]!@[SX2:3][!#1:4]	-59.9987	7.13757	-	-	-	-	G
C39749432      none	B	[a:1][c:2]!@[CX4H2:3][!#1:4]	135.279	1.69481	-	-	-	-	O
C39749432      none	B	[O-:1][N+:2](=O)!@[c:3]([cH,nX2H0])[cH,nX2H0:4]	179.972	23.2156	-	-	-	-	G
C41071325      none	B	[aH1:1][c:2]([aH1])!@[SX4:3][!#1:4]	-30.0036	0.190355	-	-	-	-	R
C41071325      none	B	[a:1][a:2]!@[NX3:3][!#1:4]	0.0237725	10.9271	-	-	-	-	G
C41071325      none	B	[*:1][$(S(=O)=O):2]!@[NX3H0r:3][*:4]	90.2734	4.85782	-	-	-	-	G
C41071325      none	B	[CX4:1][CX4H2:2]!@[NX3;"N_lp":3][CX4:4]	-79.9986	8.1206	-	-	-	-	G
C41071325      none	B	[OX2:1][CX4H2:2]!@[CX4H2:3][Nr:4]	-59.999	16.6667	-	-	-	-	G
C40095094      none	B	[!#1:1][CX4H2:2]!@[CX4H2:3][!#1:4]	179.999	58.554	-	-	-	-	G
C40095094      none	B	[C:1][CX4H2:2]!@[OX2:3][c:4]	149.997	0.884397	-	-	-	-	O
C40095094      none	B	[cH1:1][c:2](cO)!@[O:3][C:4]	-120.003	0.103612	-	-	-	-	R
C40095094      none	B	[a:1][c:2]!@[CX4H1:3][N,O:4]	58.4144	3.42939	-	-	-	-	G
C40095094      none	B	[cH1:1][c:2](cO)!@[O:3][C:4]	-59.7354	0.103612	-	-	-	-	R
C40095094      none	B	[C:1][CX4H2:2]!@[OX2:3][c:4]	-150.003	1.28448	-	-	-	-	O
C40095094      none	B	[*^2:1]~[C^2:2]([!H])!@[C^2:3]~[*^2:4]	120.009	0.806964	-	-	-	-	G
C40095094      none	B	[$([CX3]=O):1][NX3H0:2](C)!@[CX4H2:3][C:4]	89.9862	14.7513	-	-	-	-	G
C40095094      none	B	[OX2:1][CX4H2:2]!@[CX4H2:3][Nr:4]	180	8.33333	-	-	-	-	G
C40095094      none	B	[C:1][CH2:2]!@[O:3][CX4:4]	179.996	35.2689	-	-	-	-	G
C40095094      none	B	[C:1][CH2:2]!@[O:3][CX4:4]	80.005	1.71561	-	-	-	-	G
C40095094      none	B	[OX2:1][CX4H2:2]!@[CX4H2:3][OX2:4]	180	10.6129	-	-	-	-	G
C40095094      none	B	[cH1:1][c:2]([cH1])!@[CX3:3]([CX3H0])=[O:4]	90.2781	0	-	-	-	-	R
C59483917      none	B	[!#1:1][CH2:2]!@[n:3][cH0:4]	-135.019	0.148746	-	-	-	-	R
C59483917      none	B	[!#1:1][CX4:2]!@[CX4:3][!#1:4]	-160.006	1.85018	-	-	-	-	G
C59483917      none	B	[OX2:1][CX4:2]!@[CX4:3][N:4]	179.996	9.8427	-	-	-	-	G
C59483917      none	B	[CX4:1][CX4H2:2]!@[NX3;"N_lp":3][CX4:4]	-156.365	6.65327	-	-	-	-	G
C57720085      none	B	[O:1]=[CX3:2]!@[NX3H1:3][!#1:4]	0.00765387	63.7893	-	-	-	-	G
C57720085      none	B	[$(C=O):1][NX3H1:2]!@[c:3]([cH1])[cH1:4]	89.9789	0.0402739	-	-	-	-	R
C57720085      none	B	[aH1:1][c:2]([aH1])!@[SX4:3][!#1:4]	-90.0014	12.5987	-	-	-	-	G
C57720085      none	B	[c:1][S:2](=O)(=O)!@[NX2H0-:3]-[*:4]	59.9996	8.33333	-	-	-	-	G
C57720085      none	B	[$(S(=O)(=O)):1][N:2]!@[c:3][a:4]	-30.0036	2.09961	-	-	-	-	G
C57720085      none	B	[cH1:1][c:2]!@[c:3]([cH1])[nX2H0:4]	-89.7208	0	-	-	-	-	R
C57720085      none	B	[O-:1][N+:2](=O)!@[c:3]([cH,nX2H0])[cH,nX2H0:4]	-179.744	23.2156	-	-	-	-	G
C04776111      none	B	[*:1]~[CX3:2]!@[OX2:3]~[*:4]	-120.005	0.0647646	-	-	-	-	G
C04776111      none	B	[*:1][CX4:2]!@[O:3][$([CX3](=[!O])):4]	-60.0024	17.3744	-	-	-	-	G
C04776111      none	B	[OX2:1][CX4:2]!@[CX4:3][OX2:4]	-80.042	2.4811	-	-	-	-	O
C36818456      none	B	[O:1]=[C:2]!@[O:3]~[C:4]	0.00317698	74.4927	-	-	-	-	G
C36818456      none	B	[c:1][CX4H2:2]!@[CX3:3]=[O:4]	-119.993	0.712251	-	-	-	-	O
C36818456      none	B	[a:1][c:2]!@[CX4H2:3][CX3:4]	-149.709	0.689061	-	-	-	-	R
C36818456      none	B	[$(S(=O)(=O)):1][N:2]!@[c:3][a:4]	60.0024	1.70898	-	-	-	-	G
C36818456      none	B	[*:1]~[N,n:2]!@[S:3]~[*:4]	26.0235	2.49131	-	-	-	-	G
C36818456      none	B	[H:1][CX4H1:2]!@[SX4:3][!#1:4]	60.0036	14.91	-	-	-	-	G
C05883803      none	B	[*:1]~[CX4:2]!@[n:3]~[*:4]	29.9917	3.02094	-	-	-	-	G
C05883803      none	B	[OX2:1][CX4:2]!@[CX4:3][OX2:4]	-86.8286	0.276861	-	-	-	-	O
C27644369      none	B	[OX2:1][CX4:2]!@[CX4:3][N:4]	-51.8011	6.29213	-	-	-	-	G
C27644369      none	B	[OX2:1][CX4:2]!@[CX4:3][OX2:4]	179.997	13.4277	-	-	-	-	G
C27644369      none	B	[CX4:1][CX4H2:2]!@[NX3:3][CX4:4]	-120.001	0.70128	-	-	-	-	R
C39734464      none	B	[a:1][a:2]!@[CX3:3]=[O:4]	149.997	2.43757	-	-	-	-	G
C39734464      none	B	[*^2:1]~[C^2:2]([!H])!@[C^2:3]~[*^2:4]	150.305	1.21045	-	-	-	-	G
C39734464      none	B	[$([CX3]=O):1][NX3H0:2](C)!@[CX4H2:3][C:4]	-119.999	2.31561	-	-	-	-	O
C39734464      none	B	[a:1][c:2]!@[CX4H1:3][N,O:4]	86.8144	1.22453	-	-	-	-	G
C39734464      none	B	[O-:1][N+:2](=O)!@[c:3]([cH,nX2H0])[cH,nX2H0:4]	-179.834	23.2156	-	-	-	-	G
C39734464      none	B	[!#1:1][CX4H2:2]!@[CX4H2:3][!#1:4]	180	58.554	-	-	-	-	G
C39734464      none	B	[!#1:1][CX4H2:2]!@[CX4H2:3][!#1:4]	60.0033	3.99483	-	-	-	-	G
C39734464      none	B	[CX4:1][CX4H2:2]!@[NX3;"N_lp":3][CX4:4]	-156.368	6.65327	-	-	-	-	G
C67303301      none	B	[cH0:1][c:2]!@[CX4H1:3][CX4:4]	60.0028	1.73972	-	-	-	-	G
C67303301      none	B	[$(C=O):1][NX3H1:2]!@[CX4H1:3][H:4]	-30.0193	6.97413	-	-	-	-	G
C67303301      none	B	[O:1]=[CX3:2]!@[NX3H1:3][!#1:4]	0.0140367	63.7893	-	-	-	-	G
C67303301      none	B	[$([cH0][OH0]):1][c:2]([cH1])!@[C:3](=O)[NH1:4]	120.006	0	-	-	-	-	R
C20258820      none	B	[C:1][CX4:2]!@[CX3:3]=[O:4]	119.998	3.75937	-	-	-	-	G
C20258820      none	B	[*:1]~[CX4:2]!@[n:3]~[*:4]	180	3.53397	-	-	-	-	G
C20258820      none	B	[O:1]=[CX3:2]!@[NX3H0:3][!#1:4]	150.282	1.73707	-	-	-	-	O
C20258820      none	B	[O:1]=[C:2]([O-])!@[CX4H1:3][H:4]	90.0015	0.86741	-	-	-	-	O
C48479247      none	B	[*:1]~[N,n:2]!@[S:3]~[*:4]	-60.0018	4.40087	-	-	-	-	G
C48479247      none	B	[!#1:1][CX4:2]!@[CX3H0:3][!#1:4]	29.9899	1.49834	-	-	-	-	G
C48479247      none	B	[C:1][CX4H2:2]!@[OX2:3][c:4]	60.0114	0.147399	-	-	-	-	G
C48479247      none	B	[cH1:1][c:2]([cH1])!@[O:3][C:4]	-149.73	0.243246	-	-	-	-	R
C24362516      none	B	[cH0:1][c:2]([cH1])!@[CX3:3]([NX3H0])=[O:4]	89.9982	5.09091	-	-	-	-	G
C24362516      none	B	[a:1][c:2]!@[CX4H1:3][H:4]	-25.6707	3.94031	-	-	-	-	G
C24362516      none	B	[O:1]=[CX3:2](a)!@[NX3H0:3][!#1:4]	-29.7179	1.17502	-	-	-	-	O
C24362516      none	B	[C:1][CX4:2]!@[CX3:3]=[O:4]	179.967	0.827213	-	-	-	-	G
C03883776      none	B	[O:1]=[C:2]([O-])!@[CX4H1:3][H:4]	-0.00832172	0.495663	-	-	-	-	O
C03883776      none	B	[O:1]=[C:2]([O-])!@[CX4H1:3][H:4]	0.00227259	0.495663	-	-	-	-	O
C02537711      none	B	[aH1:1][c:2]([aH1])!@[SX4:3][!#1:4]	-29.9956	0.190355	-	-	-	-	R
C02537711      none	B	[*:1][$(S(=O)=O):2]!@[NX3H0r:3][*:4]	-119.718	0.995261	-	-	-	-	G
C02537711      none	B	[C:1][CX4:2]!@[CX3:3]=[O:4]	-119.943	3.42432	-	-	-	-	G
C02537711      none	B	[O:1]=[CX3:2]!@[NX3H1:3][!#1:4]	0.00535717	63.7893	-	-	-	-	G
C67287613      none	B	[cH1:1][a:2]([cH1])!@[a:3]([sX2,o,nX2H0,nX3H1:4])([cH1])	-0.00311222	11.7616	-	-	-	-	G
C67287613      none	B	[a:1][c:2]!@[C:3]([NH1,NH2])=[O:4]	179.996	9.31373	-	-	-	-	G
C67287613      none	B	[O:1]=[CX3:2]!@[NX3H1:3][!#1:4]	0.00169647	63.7893	-	-	-	-	G
C67287613      none	B	[*:1]~[NX3:2]!@[NX3:3]~[*:4]	149.997	1.2148	-	-	-	-	G
C67287613      none	B	[O:1]=[CX3:2]!@[NX3H1:3][!#1:4]	0.00632449	63.7893	-	-	-	-	G
C67287613      none	B	N[C:2](=[O:1])!@[CH2:3][N:4]	-149.999	2.38095	-	-	-	-	G
C67287613      none	B	[$([CX3]=O):1][NX3H1:2]!@[CX4H2:3][C:4] 	-119.996	2.61599	-	-	-	-	O
C67287613      none	B	[O:1]=[CX3:2]!@[NX3H1:3][!#1:4]	-0.006289	63.7893	-	-	-	-	G
C67287613      none	B	[!#1:1][CX4H2:2]!@[CX3:3]=[O:4]	-29.9933	3.82256	-	-	-	-	G
C67287613      none	B	[!#1:1][CH2:2]!@[n:3][a:4]	-89.6819	13.2844	-	-	-	-	G
C41160038      none	B	[a:1][c:2]!@[CX4H2:3][!#1:4]	90.0017	7.24386	-	-	-	-	G
C41160038      none	B	[!#1:1][CX4H2:2]!@[NX3H1:3][!#1:4]	179.997	11.3535	-	-	-	-	G
C41160038      none	B	[a:1][a:2]!@[NX3:3][!#1:4]	0.268641	10.9271	-	-	-	-	G
C41160038      none	B	[O-:1][N+:2](=O)!@[c:3]([cH,nX2H0])[cH,nX2H0:4]	179.977	23.2156	-	-	-	-	G
C39265007      none	B	[$([CX3]=O):1][NX3H1:2]!@[CX4H2:3][C:4] 	-80.0023	8.24284	-	-	-	-	G
C39265007      none	B	[O:1]=[CX3:2]!@[NX3H1:3][!#1:4]	-0.000562658	63.7893	-	-	-	-	G
C39265007      none	B	[O:1][CX4:2]!@[CX3:3]=[O:4]	122.7	0.923198	-	-	-	-	O
C39265007      none	B	[*:1]~[CX4:2]!@[n:3]~[*:4]	59.9976	3.54922	-	-	-	-	G
C39265007      none	B	[cH0:1][c:2]([cH,nX2H0])!@[NX3H0:3][CX4:4]	-179.695	4.9564	-	-	-	-	G
C08837976      none	B	[a:1][a:2]!@[CX3:3]=[O:4]	30.0072	2.37961	-	-	-	-	G
C08837976      none	B	[$(C=O):1][NX3H0:2]!@[c:3]([s,o])[n:4]	150.258	2.63158	-	-	-	-	O
C08837976      none	B	[a:1][c:2]!@[CX4H1:3][N,O:4]	60.0009	3.42939	-	-	-	-	G
C08837976      none	B	[*^2:1]~[C^2:2]([!H])!@[C^2:3]~[*^2:4]	-90.0186	1.27397	-	-	-	-	G
C08837976      none	B	[s:1][c:2]([aX2,cH1])!@[CX3:3]=[O:4]	0.0112287	46.5608	-	-	-	-	G
C08837976      none	B	[O-:1][N+:2](=O)!@[c:3]([cH,nX2H0])[cH,nX2H0:4]	-179.842	23.2156	-	-	-	-	G
C08837976      none	B	[O:1]=[C:2]!@[O:3]~[C:4]	-0.00226831	74.4927	-	-	-	-	G
C42805185      none	B	[aH1:1][c:2]([aH1])!@[SX4:3][!#1:4]	-89.7231	12.5987	-	-	-	-	G
C42805185      none	B	[cH1:1][c:2]([cH1])!@[C:3]([NH1,NH2])=[O:4]	90.0162	0	-	-	-	-	R
C42805185      none	B	[O:1]=[CX3:2]!@[NX3H1:3][!#1:4]	-0.0129722	63.7893	-	-	-	-	G
C42805185      none	B	[$([CX3]=O):1][NX3H1:2]!@[CX4H2:3][C:4] 	90.0102	7.35439	-	-	-	-	G
C42805185      none	B	N[C:2](=[O:1])!@[CH2:3][N:4]	-150.005	2.38095	-	-	-	-	G
C41068299      none	B	[a:1][c:2]!@[CX4H1:3][N,O:4]	-149.974	3.72593	-	-	-	-	G
C41068299      none	B	[*:1][$(S(=O)=O):2]!@[NX3H0r:3][*:4]	89.9952	4.85782	-	-	-	-	G
C41068299      none	B	[aH0:1][c:2]([aH1])!@[SX4:3][!#1:4]	149.674	0.396301	-	-	-	-	R
C39987126      none	B	[O-:1][N+:2](=O)!@[c:3]([cH,nX2H0])[cH,nX2H0:4]	179.977	23.2156	-	-	-	-	G
C39987126      none	B	[cH1:1][c:2]([cH1])!@[C:3]([NH1,NH2])=[O:4]	26.9816	8.08167	-	-	-	-	G
C39987126      none	B	[O:1]=[CX3:2]!@[NX3H1:3][!#1:4]	0.0064622	63.7893	-	-	-	-	G
C39987126      none	B	[*:1]~[NX3:2]!@[NX3:3]~[*:4]	-90.0077	3.3545	-	-	-	-	G
C39987126      none	B	[O:1]=[CX3:2]!@[NX3H1:3][!#1:4]	0.00373273	63.7893	-	-	-	-	G
C39987126      none	B	[C:1][CX4:2]!@[CX3:3]=[O:4]	-2.78161	5.61823	-	-	-	-	G
C39987126      none	B	[O:1]=[C:2]([O-])!@[CX4H1:3][H:4]	0.000969043	0.495663	-	-	-	-	O
C33756856      none	B	[aH1:1][c:2]([aH1])!@[SX4:3][!#1:4]	89.9991	12.916	-	-	-	-	G
C33756856      none	B	[O-:1][N+:2](=O)!@[c:3]([cH,nX2H0])[cH,nX2H0:4]	179.907	23.2156	-	-	-	-	G
C33756856      none	B	[aH0:1][c:2]([aH1])!@[SX4:3][!#1:4]	109.676	1.0568	-	-	-	-	O
C33756856      none	B	[$(S(=O)(=O)):1][N:2]!@[c:3][a:4]	120.002	2.34375	-	-	-	-	G
C33756856      none	B	[c:1][S:2](=O)(=O)!@[NX2H0-:3]-[*:4]	-89.9972	2.77778	-	-	-	-	G
C33756856      none	B	[aH0:1][c:2]([aH1])!@[SX4:3][!#1:4]	-70.2706	15.3236	-	-	-	-	G
C46132818      none	B	[cH1:1][c:2](cO)!@[O:3][C:4]	0.272002	49.3635	-	-	-	-	G
C46132818      none	B	[cH1:1][c:2]([cH1])!@[CX3:3]=[O:4]	180	13.4921	-	-	-	-	G
C46132818      none	B	[cH1:1][c:2](cO)!@[O:3][C:4]	-0.246961	49.3635	-	-	-	-	G
C46132818      none	B	[$(cO):1][c:2](cO)!@[O:3][C:4]	-90.0003	10.3565	-	-	-	-	G
C46132818      none	B	[*:1]~[CX3:2]!@[NX2:3]~[*:4]	90.0016	0.126195	-	-	-	-	G
C46132818      none	B	[*:1]~[CX3:2]!@[NX3:3]~[*:4]	179.999	27.0317	-	-	-	-	G
C46132818      none	B	[*:1]~[CX3:2]!@[NX2:3]~[*:4]	0.00353444	40.1033	-	-	-	-	G
C46132818      none	B	[cH1:1][c:2]([cH1])!@[NX3H1:3][C,c:4]	-59.7289	0.910182	-	-	-	-	O
C46132818      none	B	[*:1]~[CX4:2]!@[NX2:3]~[*:4]	149.996	1.57491	-	-	-	-	G
C46132818      none	B	[OX2:1][CX4:2]!@[CX4:3][N:4]	177.913	9.8427	-	-	-	-	G
C44933122      none	B	[$(C=O):1][NX3H1:2]!@[CX4H0:3][C:4]	-60.0018	14.7253	-	-	-	-	G
C44933122      none	B	[O:1]=[CX3:2]!@[NX3H1:3][!#1:4]	0.00359507	63.7893	-	-	-	-	G
C44933122      none	B	[O:1]=[CX3:2]!@[CX3:3]=[O:4]	-60.0062	0.346021	-	-	-	-	R
C44933122      none	B	[O:1]=[CX3:2]!@[NX3H1:3][!#1:4]	-0.00426936	63.7893	-	-	-	-	G
C44933122      none	B	[$([CX3]=O):1][NX3H1:2]!@[CX4H2:3][C:4] 	180	6.46594	-	-	-	-	G
C44933122      none	B	[!#1:1][CX4:2]!@[CX3H0:3][!#1:4]	-60.0009	4.40277	-	-	-	-	G
C13244049      none	B	[cH1:1][a:2]([cH1])!@[a:3]([sX2,o,nX2H0,nX3H1:4])	-179.706	10.6726	-	-	-	-	G
C13244049      none	B	[a:1][c:2]!@[CX4H2:3][!#1:4]	-90.0023	7.30446	-	-	-	-	G
C13244049      none	B	[$(C=O):1][NX3H1:2]!@[CX4H2:3][!#1:4]	-120.006	2.75265	-	-	-	-	O
C13244049      none	B	[O:1]=[CX3:2]([$([NX3H1]C)])!@[NX3H1:3][!#1:4]	-0.000787468	41.1343	-	-	-	-	G
C13244049      none	B	[O:1]=[CX3:2]([$([NX3H1]C)])!@[NX3H1:3][!#1:4]	-0.000998158	41.1343	-	-	-	-	G
C13244049      none	B	[$(C=O):1][NX3H1:2]!@[CX4H1:3][H:4]	-60.0012	1.23735	-	-	-	-	G
C13244049      none	B	[!#1:1][CX4:2]!@[CX4:3][!#1:4]	60.0009	12.3771	-	-	-	-	G
C13244049      none	B	[O:1]=[C:2]([O-])!@[CX4H1:3][H:4]	0.00952662	0.495663	-	-	-	-	O
C13244049      none	B	[C:1][CX4H2:2]!@[CX3:3]=[O:4]	-120.003	0.79457	-	-	-	-	O
C13244049      none	B	[O:1]=[CX3:2]!@[NX3H0:3][!#1:4]	30.2877	0.680979	-	-	-	-	O
C66249796      none	B	[aH1:1][c:2]([aH1])!@[SX4:3][!#1:4]	89.9965	12.916	-	-	-	-	G
C66249796      none	B	[O-:1][N+:2](=O)!@[c:3]([cH,nX2H0])[cH,nX2H0:4]	179.918	23.2156	-	-	-	-	G
C66249796      none	B	[c:1][S:2](=O)(=O)!@[NX2H0-:3]-[*:4]	60.0007	8.33333	-	-	-	-	G
C66249796      none	B	[$(S(=O)(=O)):1][N:2]!@[c:3][a:4]	120.003	2.34375	-	-	-	-	G
C49441947      none	B	[CX4:1][CX4H2:2]!@[NX3;"N_lp":3][CX4:4]	-160	6.65327	-	-	-	-	G
C49441947      none	B	[*:1]~[CX4:2]!@[NX4:3]~[*:4]	-79.9975	2.10499	-	-	-	-	G
C49441947      none	B	[!#1:1][CX4H2:2]!@[CX4H2:3][!#1:4]	179.996	58.554	-	-	-	-	G
C49441947      none	B	[!#1:1][CX4H2:2]!@[CX4H2:3][!#1:4]	179.997	58.554	-	-	-	-	G
C49441947      none	B	[O:1]=[CX3:2]([NH1])!@[CH2:3][C:4]	0.0145869	11.7061	-	-	-	-	G
C49441947      none	B	[O:1]=[C:2]!@[NX3H1:3](C=O)[H:4]	179.997	35.6725	-	-	-	-	G
C49441947      none	B	[O:1]=[C:2]!@[NX3H1:3](C=O)[H:4]	-0.00640913	23.6842	-	-	-	-	G
C50478193      none	B	[!#1:1][c:2]!@[SX3:3][!#1:4]	54.595	2.00163	-	-	-	-	O
C50478193      none	B	[!#1:1][CX4:2]!@[SX3:3][!#1:4]	-80.0014	2.02883	-	-	-	-	G
C50478193      none	B	[!#1:1][CX4H2:2]!@[CX3:3]=[O:4]	120	0.613497	-	-	-	-	G
C50478193      none	B	[O:1]=[CX3:2]!@[NX3H1:3][!#1:4]	0.00181363	63.7893	-	-	-	-	G
C50478193      none	B	[$([CX3]=O):1][NX3H1:2]!@[CX4H2:3][C:4] 	-90.0001	7.35439	-	-	-	-	G
C50478193      none	B	[!#1:1][CX4H2:2]!@[CX4H2:3][!#1:4]	179.999	58.554	-	-	-	-	G
C04873431      none	B	[O:1]=[CX3:2]!@[NX3H1:3][!#1:4]	0.00876411	63.7893	-	-	-	-	G
C04873431      none	B	[$(C=O):1][NX3H1:2]!@[c:3]([cH1])[cH1:4]	-0.00241391	7.77286	-	-	-	-	G
C04873431      none	B	[cH1,n:1][c:2]!@[O:3][CRH1:4]	-119.997	0	-	-	-	-	R
C04873431      none	B	[H:1][CX4H1:2]!@[OX2:3][!#1:4]	-30.0017	9.1924	-	-	-	-	G
C04873431      none	B	[$(C=O):1][NX3H1:2]!@[CX4H1:3][H:4]	30.0003	9.46757	-	-	-	-	G
C04873431      none	B	[O:1]=[CX3:2]!@[NX3H1:3][!#1:4]	-0.00192217	63.7893	-	-	-	-	G
C09109571      none	B	[CX3:1]=[CX3:2]!@[CH2:3][!#1:4]	30.001	0.127253	-	-	-	-	R
C09109571      none	B	[$([CX3]=O):1][NX3H0:2](C)!@[CX4H2:3][C:4]	-120	2.31561	-	-	-	-	O
C09109571      none	B	[a:1][c:2]!@[CX4H1:3][N,O:4]	99.1911	1.61178	-	-	-	-	G
C04403643      none	B	[OX2:1][CX4:2]!@[CX4:3][OX2:4]	60.0046	14.3222	-	-	-	-	G
C04403643      none	B	[OX2:1][CX4:2]!@[CX4:3][OX2:4]	180	13.4277	-	-	-	-	G
C04403643      none	B	[OX2:1][CX4:2]!@[CX4:3][OX2:4]	-78.1091	2.4811	-	-	-	-	G
C33397596      none	B	[a:1][a:2]!@[CX3:3]=[O:4]	-30.0208	2.49728	-	-	-	-	O
C33397596      none	B	[$(C=O):1][NX3H0:2]!@[c:3]([s,o])[n:4]	-179.717	52.6316	-	-	-	-	G
C33397596      none	B	[a:1][c:2]!@[CX4H1:3][N,O:4]	150.005	3.7643	-	-	-	-	G
C33397596      none	B	[*^2:1]~[C^2:2]([!H])!@[C^2:3]~[*^2:4]	-120.038	0.661024	-	-	-	-	G
C33397596      none	B	[cH1:1][c:2]([cH1])!@[CX3:3]([CX3H0])=[O:4]	-179.732	9.0847	-	-	-	-	G
C44830685      none	B	[!#1:1][CX4:2]!@[CX3H0:3][!#1:4]	89.9968	2.78327	-	-	-	-	G
C44830685      none	B	[C:1][CX4:2]!@[CX3:3]=[O:4]	-120.006	3.42432	-	-	-	-	G
C44830685      none	B	[O:1]=[CX3:2]!@[NX3H1:3][!#1:4]	0.003509	63.7893	-	-	-	-	G
C44830685      none	B	[$(C=O):1][NX3H1:2]!@[CX4H1:3][H:4]	30.0004	9.46757	-	-	-	-	G
C03852646      none	-	-	-	-	-	-	-	-	-
C63055401      none	B	[cH1:1][c:2]([cH1])!@[C:3]([NH1,NH2])=[O:4]	153.03	9.05971	-	-	-	-	G
C63055401      none	B	[O:1]=[CX3:2]!@[NX3H1:3][!#1:4]	-0.00386452	63.7893	-	-	-	-	G
C63055401      none	B	[$([CX3]=O):1][NX3H1:2]!@[CX4H2:3][C:4] 	120.002	2.76407	-	-	-	-	O
C63055401      none	B	N[C:2](=[O:1])!@[CH2:3][N:4]	-120.003	0.892857	-	-	-	-	G
C63055401      none	B	[O:1]=[CX3:2]!@[NX3H1:3][!#1:4]	-0.000349833	63.7893	-	-	-	-	G
C63055401      none	B	[$([CX3]=O):1][NX3H1:2]!@[CX4H2:3][C:4] 	180	6.46594	-	-	-	-	G
C63055401      none	B	[NH1:1][CX4:2]!@[CX3:3]=[O:4]	120.006	0.41354	-	-	-	-	G
C40588961      none	B	[O:1]=[CX3:2]!@[NX3H0:3][!#1:4]	150	1.73707	-	-	-	-	O
C40588961      none	B	[CX4:1][CX4H2:2]!@[NX3;"N_lp":3][CX4:4]	160	6.03015	-	-	-	-	G
C40588961      none	B	[OX2:1][CX4H2:2]!@[CX4H2:3][Nr:4]	-59.9982	16.6667	-	-	-	-	G
C40588961      none	B	[O:1]=[CX3:2]!@[NX3H0:3][!#1:4]	-29.6914	0.692521	-	-	-	-	O
C40588961      none	B	[O:1]=[C:2]([O-])!@[CX4H1:3][H:4]	90.0019	0.86741	-	-	-	-	O
C10296281      none	B	[a:1][c:2]!@[CX4H1:3][H:4]	-0.000278816	6.54616	-	-	-	-	G
C10296281      none	B	[a:1][c:2]!@[CX4H1:3][a:4]	30.2756	2.22329	-	-	-	-	G
C10296281      none	B	[c:1][c:2]!@[c:3]([cH0])[nX2H0:4]	60.2462	1.72176	-	-	-	-	O
C10296281      none	B	[O-:1][N+:2](=O)!@[c:3]([cH,nX2H0])[cH,nX2H0:4]	179.977	23.2156	-	-	-	-	G
C37432032      none	B	[OX2:1][CX4:2]!@[CX4:3][N:4]	59.996	15.2809	-	-	-	-	G
C37432032      none	B	[O:1]=[C:2]([O-])!@[CX4H1:3][H:4]	-0.00326123	0.495663	-	-	-	-	O
C37432032      none	B	[$(C=O):1][NX3H1:2]!@[CX4H1:3][H:4]	-29.9953	6.97413	-	-	-	-	G
C37432032      none	B	[O:1]=[CX3:2]!@[NX3H1:3][!#1:4]	0.0017683	63.7893	-	-	-	-	G
C37432032      none	B	[C:1][CX4:2]!@[CX3:3]=[O:4]	179.93	0.827213	-	-	-	-	G
C37432032      none	B	[*:1][$(S(=O)=O):2]!@[NX3H0r:3][*:4]	90.0017	4.85782	-	-	-	-	G
C04338676      none	B	[aH0:1][c:2]([aH1])!@[SX4:3][!#1:4]	70.0208	11.3606	-	-	-	-	G
C04338676      none	B	[*:1][$(S(=O)=O):2]!@[NX3H0r:3][*:4]	-89.7244	4.88152	-	-	-	-	G
C04338676      none	B	[OX2:1][CX4:2]!@[CX4:3][N:4]	161.276	1.1236	-	-	-	-	O
C04338676      none	B	[$([CX3]=O):1][NX3H1:2]!@[CX4H2:3][C:4] 	150.003	1.43139	-	-	-	-	O
C04338676      none	B	[O:1]=[CX3:2]!@[NX3H1:3][!#1:4]	-0.00501533	63.7893	-	-	-	-	G
C04338676      none	B	[O:1]=[CX3:2]!@[CX3:3]=[O:4]	-119.998	1.55709	-	-	-	-	G
C04338676      none	B	[O:1]=[CX3:2]!@[NX3H1:3][!#1:4]	0.00242833	63.7893	-	-	-	-	G
C04338676      none	B	[$([CX3]=O):1][NX3H1:2]!@[CX4H2:3][C:4] 	-90.0006	7.35439	-	-	-	-	G
C04338676      none	B	[OX2:1][CX4H2:2]!@[CX4H2:3][N:4]	-59.9991	16.5981	-	-	-	-	G
C37926493      none	B	[aH0:1][c:2]([aH0])!@[SX4:3][!#1:4]	-143.865	0.977654	-	-	-	-	R
C37926493      none	B	[c:1][S:2](=O)(=O)!@[NX2H0-:3]-[*:4]	-59.9992	11.1111	-	-	-	-	G
C37926493      none	B	[$(S(=O)(=O)):1][NH0:2]!@[c:3]([cH1])[cH0:4]	119.722	0	-	-	-	-	R
C00311330      none	B	[a:1][c:2]!@[C:3]([NH1,NH2])=[O:4]	180	9.31373	-	-	-	-	G
C00311330      none	B	[O:1]=[CX3:2]!@[NX3H1:3][!#1:4]	-0.00898412	63.7893	-	-	-	-	G
C00311330      none	B	[$(C=O):1][NX3H1:2]!@[CX3:3]=[*H0:4]	180	33.8082	-	-	-	-	G
C00311330      none	B	[!#1:1][CX3:2](=S)!@[NX3H1:3][!#1:4]	180	37.0618	-	-	-	-	G
C00311330      none	B	[a:1][a:2]!@[NX3:3][!#1:4]	90.2643	1.62893	-	-	-	-	O
C00311330      none	B	[O:1]=[C:2]([O-])!@[c:3]([cH1])[cH0:4]	89.9991	0	-	-	-	-	R
C52811850      none	B	[a:1][c:2]!@[CX4H2:3][!#1:4]	44.9967	1.59785	-	-	-	-	O
C52811850      none	B	[!#1:1][CX4H2:2]!@[NX3H1:3][!#1:4]	60.0011	1.21645	-	-	-	-	O
C52811850      none	B	[cH0:1][c:2]([cH,nX2H0])!@[NX3H1:3][CX4:4]	-179.727	49.7854	-	-	-	-	G
C50222368      none	B	[NH1:1][CX4:2]!@[CX3:3]=[O:4]	-59.9924	1.73074	-	-	-	-	O
C50222368      none	B	[$(C=O):1][NX3H1:2]!@[CX4H1:3][H:4]	-29.9993	6.97413	-	-	-	-	G
C50222368      none	B	[*:1]~[CX3:2]!@[NX2:3]~[*:4]	-59.9981	0.126195	-	-	-	-	G
C50222368      none	B	[O:1]=[CX3:2]!@[NX3H1:3][!#1:4]	0.00380803	63.7893	-	-	-	-	G
C50222368      none	B	[a:1][c:2]!@[C:3]([NH1,NH2])=[O:4]	-179.674	9.31373	-	-	-	-	G
C27532164      none	B	[cH1:1][c:2](cO)!@[O:3][C:4]	-89.7285	0.35524	-	-	-	-	R
C27532164      none	B	[nH0r6:1][cr6:2]([nH0r6])!@[cr6:3]([cH1r6])[cH1r6:4]	120.241	0.28169	-	-	-	-	R
C27532164      none	B	[cH1:1][c:2](cO)!@[O:3][C:4]	-90.2355	0.35524	-	-	-	-	R
C27532164      none	B	[$(cO):1][c:2](cO)!@[O:3][C:4]	-120	3.51638	-	-	-	-	G
C27532164      none	B	[*:1]~[NX3:2]!@[nX3:3]~[*:4]	119.998	4.96894	-	-	-	-	G
C27532164      none	B	[!#1:1][CX4H2:2]!@[NX3H1;"N_lp":3][!#1:4]	160	4.64098	-	-	-	-	G
C27532164      none	B	[cH0:1][c:2]!@[CX4H2:3][N,O,S:4]	90.0056	7.74238	-	-	-	-	G
C27532164      none	B	[O-:1][N+:2](=O)!@[c:3]([cH0])[cH,nX2H0:4]	-0.257134	12.6374	-	-	-	-	G
C20258416      none	B	[n,o,s:1][c:2]!@[CX4H2:3][CX4:4]	30.0046	1.42109	-	-	-	-	O
C20258416      none	B	[!#1:1][CX4:2]!@[CX4:3][!#1:4]	80.0019	1.75235	-	-	-	-	G
C20258416      none	B	[O:1]=[C:2]([O-])!@[CX4H1:3][H:4]	-0.00497626	0.495663	-	-	-	-	O
C20258416      none	B	[$(C=O):1][NX3H1:2]!@[CX4H1:3][H:4]	-29.9954	6.97413	-	-	-	-	G
C20258416      none	B	[O:1]=[CX3:2]!@[NX3H1:3][!#1:4]	-0.0130813	63.7893	-	-	-	-	G
C20258416      none	B	[NH1:1][CX4:2]!@[CX3:3]=[O:4]	149.14	9.89432	-	-	-	-	G
C14233756      none	B	[cH0:1][c:2]([cH0])!@[CX3:3]=[O:4]	-30.004	1.10469	-	-	-	-	O
C14233756      none	B	[nX3H1:1][a:2]!@[CX3:3]=[O:4]	-179.838	10.8359	-	-	-	-	G
C14233756      none	B	[O:1]=[C:2]!@[O:3]~[C:4]	0.00331557	74.4927	-	-	-	-	G
C14233756      none	B	[$(C=O):1][O:2]!@[CH1:3][H:4]	30.0013	10.7465	-	-	-	-	G
C14233756      none	B	[O:1][CX4:2]!@[CX3:3]=[O:4]	150.002	2.2196	-	-	-	-	G
C14233756      none	B	[O:1]=[CX3:2]!@[NX3H1:3][!#1:4]	0.000593571	63.7893	-	-	-	-	G
C14233756      none	B	[$(C=O):1][NX3H1:2]!@[c:3]([cH1])[cH1:4]	-30.0049	5.05437	-	-	-	-	G
C14233756      none	B	[aH1:1][c:2]([aH1])!@[SX4:3][!#1:4]	109.999	4.92809	-	-	-	-	G
C14233756      none	B	[*:1][$(S(=O)=O):2]!@[NX3H0r:3][*:4]	-89.7265	4.88152	-	-	-	-	G
C14233756      none	B	[O:1]=[C:2]!@[O:3]~[C:4]	0.00613181	74.4927	-	-	-	-	G
C44681083      none	B	[OX2:1][CX4:2]!@[CX4:3][N:4]	-40.0043	1.41573	-	-	-	-	G
C44681083      none	B	[O:1]=[C:2]([O-])!@[CX4H1:3][H:4]	-0.00437967	0.495663	-	-	-	-	O
C44681083      none	B	[$(C=O):1][NX3H1:2]!@[CX4H1:3][H:4]	-59.9949	1.23735	-	-	-	-	G
C44681083      none	B	[O:1]=[CX3:2]([$([NX3H1]C)])!@[NX3H1:3][!#1:4]	180	9.5176	-	-	-	-	R
C44681083      none	B	[O:1]=[CX3:2]([$([NX3H1]C)])!@[NX3H1:3][!#1:4]	-0.00693638	41.1343	-	-	-	-	G
C44681083      none	B	[$(C=O):1][NX3H1:2]!@[CX4H1:3][H:4]	30.0058	9.46757	-	-	-	-	G
C44681083      none	B	[*:1]~[CX4:2]!@[NX4:3]~[*:4]	-91.3723	0.698267	-	-	-	-	O
C50693245      none	B	[a:1][c:2]!@[C:3]([NH0])=[O:4]	119.999	4.19444	-	-	-	-	G
C50693245      none	B	[O:1]=[CX3:2](a)!@[NX3H0:3][!#1:4]	-29.7214	1.17502	-	-	-	-	O
C50693245      none	B	[CX4:1][CX4H2:2]!@[NX3;"N_lp":3][CX4:4]	-160.004	6.65327	-	-	-	-	G
C50693245      none	B	[OX2:1][CX4H2:2]!@[CX4H2:3][Nr:4]	179.997	8.33333	-	-	-	-	G
C49420222      none	B	[$(C=O):1][O:2]!@[c:3]~[*:4]	29.9969	0.150602	-	-	-	-	O
C49420222      none	B	[O:1]=[C:2]!@[O:3]~[!#1:4]	60.0047	0.00444356	-	-	-	-	R
C49420222      none	B	[cH1:1][c:2]([cH1])!@[CX3:3]=[O:4]	0.278137	14.2319	-	-	-	-	G
C49420222      none	B	[nH0r6:1][cr6:2]([cH1r6])!@[C:3]([NH1,NH2])=[O:4]	179.976	49.7238	-	-	-	-	G
CHEMBL121771      none	B	[CX4:1][CX4H2:2]!@[NX3;"N_lp":3][CX4:4]	62.9479	4.1407	-	-	-	-	G
CHEMBL121771      none	B	[O-:1][N+:2](=O)!@[c:3]([cH0])[cH,nX2H0:4]	89.9714	0.274725	-	-	-	-	O
C42522876      none	B	[a:1][c:2]!@[CX4H1:3][N,O:4]	-89.9985	1.29082	-	-	-	-	G
C42522876      none	B	[$(S(=O)(=O)):1][NX3H1:2]!@[CX4H1:3][H:4]	-30.0009	9.39227	-	-	-	-	G
C42522876      none	B	[C:1][$(S(=O)=O):2]!@[NX3H1:3][C:4]	-106.1	2.04082	-	-	-	-	O
C42522876      none	B	[H:1][CX4H1:2]!@[SX4:3][!#1:4]	59.9987	14.91	-	-	-	-	G
C42522876      none	B	[O:1]=[C:2]([O-])!@[CX4H1:3][H:4]	90.0039	0.86741	-	-	-	-	O
C04371052      none	B	[cH1:1][c:2]([cH1])!@[C:3]([NH1,NH2])=[O:4]	-26.9632	8.39053	-	-	-	-	G
C04371052      none	B	[O:1]=[CX3:2]!@[NX3H1:3][!#1:4]	-0.0043963	63.7893	-	-	-	-	G
C04371052      none	B	[*:1]~[NX3:2]!@[NX3:3]~[*:4]	-119.998	2.7333	-	-	-	-	G
C04371052      none	B	[!#1:1][CX4:2]!@[NX3;"N_lp":3]	81.9275	1.31309	-	-	-	-	O
C05837017      none	B	[!#1:1][CX3:2]!@[SX2:3][!#1:4]	89.9992	1.80723	-	-	-	-	G
C05837017      none	B	[!#1:1][CX4:2]!@[SX2:3][!#1:4]	80.0008	6.41197	-	-	-	-	G
C05837017      none	B	[!#1:1][CX4H2:2]!@[CX3:3]=[O:4]	-30.0011	3.82256	-	-	-	-	G
C05837017      none	B	[O:1]=[CX3:2]!@[NX3H1:3][!#1:4]	-0.00225835	63.7893	-	-	-	-	G
C05423649      none	B	[$(C=O):1][NX3H1:2]!@[c:3](s)[n:4]	-0.00490374	0.574713	-	-	-	-	R
C05423649      none	B	[O:1]=[CX3:2]!@[NX3H1:3][!#1:4]	180	2.24265	-	-	-	-	G
C05423649      none	B	[O:1]=[CX3:2]!@[CX3:3]=[O:4]	89.9974	2.94118	-	-	-	-	G
C05423649      none	B	[O:1]=[CX3:2]!@[NX3H1:3][!#1:4]	-0.00629001	63.7893	-	-	-	-	G
C50631287      none	B	[a:1][a:2]!@[NX3:3][!#1:4]	179.88	11.4213	-	-	-	-	G
C50631287      none	B	[aH1:1][c:2]([aH1])!@[SX4:3][!#1:4]	-29.9983	0.190355	-	-	-	-	R
C50631287      none	B	[*:1][$(S(=O)=O):2]!@[NX3H0r:3][*:4]	90.274	4.85782	-	-	-	-	G
C50631287      none	B	[!#1:1][CX4:2]!@[CX4:3][!#1:4]	-60.005	12.2558	-	-	-	-	G
C30986040      none	B	[a:1][c:2]!@[C:3]([NH1,NH2])=[O:4]	180	9.31373	-	-	-	-	G
C30986040      none	B	[O:1]=[CX3:2]!@[NX3H1:3][!#1:4]	0.0012518	63.7893	-	-	-	-	G
C30986040      none	B	[$(C=O):1][NX3H1:2]!@[c:3](s)[n:4]	179.999	66.092	-	-	-	-	G
C30986040      none	B	[cH1:1][c:2]!@[c:3]([cH1])[nX2H0:4]	-29.6798	2.33993	-	-	-	-	G
C30986040      none	B	[nX3H1:1][a:2]!@[CX3:3]=[O:4]	-90.0297	0	-	-	-	-	R
C30986040      none	B	[O:1]=[C:2]!@[O:3]~[C:4]	0.0104331	74.4927	-	-	-	-	G
C44419905      none	B	[!#1:1][CX4H2:2]!@[CX4H2:3][!#1:4]	179.998	58.554	-	-	-	-	G
C44419905      none	B	[CX4:1][CX4H2:2]!@[NX3:3][CX4:4]	-90.0005	8.29232	-	-	-	-	G
C44419905      none	B	[C:1][CX4H2:2]!@[NX3:3][C:4]	140	0.866352	-	-	-	-	O
C44419905      none	B	[a:1][a:2]!@[NX3:3][!#1:4]	90.2822	1.62893	-	-	-	-	O
C44419905      none	B	[N:1][CX4:2]!@[CX3:3]=[O:4]	119.999	0.766617	-	-	-	-	G
C44419905      none	B	[a:1][c:2]!@[C:3]([NH1,NH2])=[O:4]	179.996	9.31373	-	-	-	-	G
C50659079      none	B	[$(S(=O)(=O)):1][NX3H0:2]!@[CX4H1:3][H:4]	-90.3386	0.5	-	-	-	-	R
C50659079      none	B	[c:1][$(S(=O)=O):2]!@[NX3H0:3][C:4]	-90.0039	4.66945	-	-	-	-	G
C50659079      none	B	[aH0:1][c:2]([aH1])!@[SX4:3][!#1:4]	109.73	1.0568	-	-	-	-	O
C50659079      none	B	[O-:1][N+:2](=O)!@[c:3]([cH,nX2H0])[cH,nX2H0:4]	179.975	23.2156	-	-	-	-	G
C40009203      none	B	[*^2:1]~[C^2:2]([!H])!@[C^2:3]~[*^2:4]	-90.0175	1.27397	-	-	-	-	G
C40009203      none	B	[O:1][CX4:2]!@[CX3:3]=[O:4]	120.001	0.923198	-	-	-	-	O
C40009203      none	B	[$(C=O):1][O:2]!@[CH2:3]~[C:4]	89.9943	4.53893	-	-	-	-	G
C40009203      none	B	[O:1]=[C:2]!@[O:3]~[C:4]	29.9968	0.0796663	-	-	-	-	R
C40009203      none	B	[*^2:1]~[C^2:2]([!H])!@[C^2:3]~[*^2:4]	-29.7278	1.21216	-	-	-	-	G
C62238927      none	B	[c:1][cr6:2]!@[cr5:3][c:4]	-89.6883	0.932449	-	-	-	-	G
C62238927      none	B	[cH0:1][c:2]!@[CX4H2:3][N,O,S:4]	179.994	6.20075	-	-	-	-	G
C62238927      none	B	[cH1:1][a:2]([cH1])!@[a:3]([sX2,o,nX2H0,nX3H1:4])([cH0])	-149.55	3.97727	-	-	-	-	G
C40396224      none	B	[aH1:1][c:2]([aH1])!@[SX4:3][!#1:4]	-110.007	4.53328	-	-	-	-	G
C40396224      none	B	[*:1][$(S(=O)=O):2]!@[NX3H0r:3][*:4]	90.3176	4.85782	-	-	-	-	G
C40396224      none	B	[O:1]=[C:2]([O-])!@[CX4H1:3][H:4]	-0.00599041	0.495663	-	-	-	-	O
C50649362      none	B	[aH0:1][c:2]([aH0])!@[SX4:3][!#1:4]	-23.8597	1.53631	-	-	-	-	R
C50649362      none	B	[*:1][$(S(=O)=O):2]!@[NX3H0r:3][*:4]	120.279	1.23223	-	-	-	-	O
C18284410      none	B	[cH0:1][c:2]!@[CX4H1:3][a:4]	119.717	3.09082	-	-	-	-	G
C18284410      none	B	[cH1:1][c:2](cO)!@[O:3][C:4]	-89.9638	0.35524	-	-	-	-	R
C18284410      none	B	[$(cO):1][c:2](cO)!@[O:3][C:4]	60.0022	1.68593	-	-	-	-	G
C18284410      none	B	[cH0:1][c:2]([cH0])!@[O:3][C:4]	-120.002	2.67493	-	-	-	-	G
C40434197      none	B	[cH1:1][c:2]([cH1])!@[C:3]([NH1,NH2])=[O:4]	27.0232	8.08167	-	-	-	-	G
C40434197      none	B	[a:1][c:2]!@[CX4H2:3][!#1:4]	180	2.35335	-	-	-	-	O
C40434197      none	B	[O:1]=[C:2]!@[$([NX3](c([nH1])n)):3][H:4]	180	53.1915	-	-	-	-	G
C40434197      none	B	[$(C=O):1][NX3:2]!@[a:3][nH:4]	-0.000972063	44.9275	-	-	-	-	G
C40519795      none	B	[$(C=O):1][NX3:2]!@[a:3][aH0:4]	-119.999	2.3332	-	-	-	-	G
C40519795      none	B	[O:1]=[CX3:2]([$([NX3H1]C)])!@[NX3H1:3][!#1:4]	0.0190556	41.1343	-	-	-	-	G
C40519795      none	B	[O:1]=[CX3:2]([$([NX3H1]C)])!@[NX3H1:3][!#1:4]	-0.00817836	41.1343	-	-	-	-	G
C40519795      none	B	[$(C=O):1][NX3H1:2]!@[CX4H1:3][H:4]	59.9937	6.22422	-	-	-	-	G
C40519795      none	B	[!#1:1][CX4:2]!@[CX4:3][!#1:4]	160.002	1.81259	-	-	-	-	G
C40519795      none	B	[O:1]=[C:2]([O-])!@[CX4H1:3][H:4]	90.0091	0.86741	-	-	-	-	O
C40519795      none	B	[!#1:1][CX4H2:2]!@[CX4H2:3][!#1:4]	179.998	58.554	-	-	-	-	G
C40519795      none	B	[!#1:1][CX4:2]!@[SX2:3][!#1:4]	-160.002	3.18377	-	-	-	-	G
C55168096      none	B	[C:1][$(S(=O)=O):2]!@[NX3H1:3][C:4]	90.009	7.14286	-	-	-	-	G
C55168096      none	B	[$(S(=O)(=O)):1][NX3H1:2]!@[CX4H2:3][!#1:4]	-90.0038	3.86266	-	-	-	-	G
C55168096      none	B	[!#1:1][CX4:2]!@[CX4:3][!#1:4]	-80.0633	1.71775	-	-	-	-	G
C55168096      none	B	[O:1]=[CX3:2](a)!@[NX3H0:3][!#1:4]	-29.9985	1.17502	-	-	-	-	O
C55168096      none	B	[a:1][c:2]!@[C:3]([NH0])=[O:4]	150.298	1.44444	-	-	-	-	G
C04024172      none	B	[*:1]~[CX4:2]!@[n:3]~[*:4]	-150	3.13346	-	-	-	-	G
C04024172      none	B	[OX2:1][CX4:2]!@[CX4:3][OX2:4]	-86.2022	0.276861	-	-	-	-	O
C48763897      none	B	[$(C=O):1][NX3H1:2]!@[c:3]([cH0]F)[cH:4]	29.9971	10.5263	-	-	-	-	G
C48763897      none	B	[O:1]=[CX3:2]!@[NX3H1:3][!#1:4]	0.00946857	63.7893	-	-	-	-	G
C48763897      none	B	[O:1]=[CX3:2]!@[CX3:3]=[O:4]	119.999	1.7301	-	-	-	-	G
C48763897      none	B	[O:1]=[CX3:2]!@[NX3H1:3][!#1:4]	0.000851989	63.7893	-	-	-	-	G
C48763897      none	B	[$(C=O):1][NX3H1:2]!@[CX4H1:3][H:4]	-31.9997	6.97413	-	-	-	-	G
C39983704      none	B	[*:1]~[CX3:2]!@[NX2:3]~[*:4]	29.9978	0.221797	-	-	-	-	O
C39983704      none	B	[*:1]~[NX2:2]!@[NX2:3]~[*:4]	90.0056	0.0898069	-	-	-	-	R
C39983704      none	B	[$(C=O):1][NX3H0:2]!@[c:3]([cH1])[cH1:4]	119.979	4.98104	-	-	-	-	G
C39983704      none	B	[*^2:1]~[C^2:2]([!H])!@[C^2:3]~[*^2:4]	-149.996	1.11601	-	-	-	-	G
C39983704      none	B	[O:1]=[C:2]!@[O:3]~[C:4]	-0.00601162	74.4927	-	-	-	-	G
C39983704      none	B	[cH1:1][c:2]([cH1])!@[O:3][C:4]	180	26.896	-	-	-	-	G
C39615570      none	B	[O:1][CX4:2]!@[CX3:3]=[O:4]	29.986	2.80888	-	-	-	-	G
C39615570      none	B	[$(C=O):1][O:2]!@[CH1:3][H:4]	-30.0038	11.3505	-	-	-	-	G
C39615570      none	B	[O:1]=[C:2]!@[NX3H0:3]([a:4])[A]	-149.991	3.17023	-	-	-	-	G
C39615570      none	B	[$(C=O):1][NX3H0:2]!@[c:3]([cH1])[cH1:4]	60.0054	4.89486	-	-	-	-	G
C39615570      none	B	[O:1]=[C:2]!@[O:3]~[C:4]	0.00316976	74.4927	-	-	-	-	G
C39615570      none	B	[$([cH0]!@[*^2]):1][c:2]([cH1])!@[CX3:3]=[O:4]	150.007	1.34328	-	-	-	-	O
C39615570      none	B	[$(S(=O)(=O)):1][NH0:2]!@[c:3]([cH1])[cH0:4]	-89.9965	18.0328	-	-	-	-	G
C39615570      none	B	[c:1][S:2](=O)(=O)!@[NX2H0-:3]-[*:4]	-60.0023	11.1111	-	-	-	-	G
C39615570      none	B	[aH1:1][c:2]([aH1])!@[SX4:3][!#1:4]	90.2658	12.916	-	-	-	-	G
C49914764      none	B	[O:1]=[C:2]([O-])!@[c:3][a:4]	-0.00377163	11.4943	-	-	-	-	G
C49914764      none	B	[a:1][c:2]!@[CX4H2:3][!#1:4]	-44.9959	1.62815	-	-	-	-	O
C49914764      none	B	[!#1:1][CX4H2:2]!@[NX3H1:3][!#1:4]	180	11.3535	-	-	-	-	G
C49914764      none	B	[cH1:1][c:2]([cH1])!@[NX3:3][CX4:4]	-179.73	14.7347	-	-	-	-	G
C49914764      none	B	[$(C=O):1][NX3H1:2]!@[c:3]([cH1])[cH1:4]	90.2757	0.0402739	-	-	-	-	R
C49914764      none	B	[O:1]=[CX3:2]!@[NX3H1:3][!#1:4]	-0.00361722	63.7893	-	-	-	-	G
C36530303      none	B	[a:1][c:2]!@[CX4H1:3][N,O:4]	89.9972	1.22453	-	-	-	-	G
C36530303      none	B	[N:1][CX4:2]!@[CX3:3]=[O:4]	-0.0129854	7.55292	-	-	-	-	G
C36530303      none	B	[$(C=O):1][NX3H0:2]!@[CX4H1:3][H:4]	-30.0146	2.81513	-	-	-	-	O
C36530303      none	B	[O:1]=[CX3:2]!@[NX3H1:3][!#1:4]	0.00808014	63.7893	-	-	-	-	G
C36530303      none	B	[$(C=O):1][NX3H1:2]!@[CX4H2:3][!#1:4]	149.994	1.53362	-	-	-	-	G
C36530303      none	B	[!#1:1][CX4:2]!@[SX4:3][!#1:4]	167.733	7.85263	-	-	-	-	G
C36530303      none	B	[aH1:1][c:2]([aH1])!@[SX4:3][!#1:4]	-89.7192	12.5987	-	-	-	-	G
C36530303      none	B	[O:1]=[CX3:2](a)!@[NX3H0:3][!#1:4]	-149.997	2.19542	-	-	-	-	G
C36530303      none	B	[cH0:1][c:2]([cH1])!@[CX3:3]([NX3H0])=[O:4]	-120.008	1.09091	-	-	-	-	G
C36530303      none	B	[O-:1][N+:2](=O)!@[c:3]([cH,nX2H0])[cH,nX2H0:4]	179.979	23.2156	-	-	-	-	G
C22744027      none	B	[C:1][CX4H2:2]!@[OX2:3][c:4]	179.999	43.8829	-	-	-	-	G
C22744027      none	B	[cH1:1][c:2](cO)!@[O:3][C:4]	29.9905	0.429248	-	-	-	-	O
C22744027      none	B	[a:1][c:2]!@[CX4H2:3][a:4]	-89.9993	5.18797	-	-	-	-	G
C22744027      none	B	[cH1:1][c:2](cO)!@[O:3][C:4]	-149.709	0.0592066	-	-	-	-	R
C22744027      none	B	[C:1][CX4H2:2]!@[OX2:3][c:4]	150	0.884397	-	-	-	-	O
C22744027      none	B	[a:1][c:2]!@[CX4H2:3][a:4]	-44.6939	1.48496	-	-	-	-	O
C22744027      none	B	[a:1][c:2]!@[CX4H1:3][a:4]	59.9989	3.33975	-	-	-	-	G
C62102200      none	B	[a:1][c:2]!@[C:3]([NH0])=[O:4]	-29.9948	2.55556	-	-	-	-	G
C62102200      none	B	[O:1]=[CX3:2](a)!@[NX3H0:3][!#1:4]	150.286	2.50464	-	-	-	-	G
C55173389      none	B	[a:1][c:2]!@[C:3]([NH0])=[O:4]	-30.0022	2.55556	-	-	-	-	G
C55173389      none	B	[O:1]=[CX3:2](a)!@[NX3H0:3][!#1:4]	150.286	2.50464	-	-	-	-	G
C55173389      none	B	[*:1][$(S(=O)=O):2]!@[NX3H0r:3][*:4]	59.9974	7.32227	-	-	-	-	G
C37261816      none	B	[C:1][CX4:2]!@[NX3;"N_lp":3][C:4]	-153.079	2.91649	-	-	-	-	G
C37261816      none	B	[CX4:1][CX4H2:2]!@[NX3;"N_lp":3][CX4:4]	179.996	5.18593	-	-	-	-	G
C37261816      none	B	[!#1:1][CX4H2:2]!@[CX4H2:3][!#1:4]	179.998	58.554	-	-	-	-	G
C37261816      none	B	[!#1:1][CX4:2]!@[SX4:3][!#1:4]	-32.2515	0.484211	-	-	-	-	O
C39142912      none	B	[cH1:1][c:2]([cH1])!@[O:3][C:4]	-179.728	26.896	-	-	-	-	G
C39142912      none	B	[$(C=O):1][NX3H0:2]!@[c:3]([cH1])[cH1:4]	120.241	4.98104	-	-	-	-	G
C39142912      none	B	[*^2:1]~[C^2:2]([!H])!@[C^2:3]~[*^2:4]	-119.997	0.661024	-	-	-	-	G
C39142912      none	B	[O:1]=[C:2]!@[O:3]~[C:4]	-0.00900692	74.4927	-	-	-	-	G
C39142912      none	B	[*:1]~[NX2:2]!@[NX2:3]~[*:4]	-149.997	0.628648	-	-	-	-	G
C39142912      none	B	[*:1]~[CX3:2]!@[NX2:3]~[*:4]	30.2675	0.221797	-	-	-	-	O
C13013423      none	B	[O:1]=[C:2]([O-])!@[CX4H1:3][H:4]	-0.00740709	0.495663	-	-	-	-	O
C13013423      none	B	[$(S(=O)(=O)):1][NX3H1:2]!@[CX4H1:3][H:4]	29.9934	11.9705	-	-	-	-	G
C13013423      none	B	[c:1][$(S(=O)=O):2]!@[NX3H1:3][C:4]	-89.9962	3.19032	-	-	-	-	G
C13013423      none	B	[aH1:1][c:2]([aH1])!@[SX4:3][!#1:4]	-89.7237	12.5987	-	-	-	-	G
C13013423      none	B	[cH1:1][c:2]([cH1])!@[CX3:3]=[NX2:4]	59.9946	0.877718	-	-	-	-	O
C13013423      none	B	[*:1]~[NX3:2]!@[NX2:3]~[*:4]	-150	0.364964	-	-	-	-	O
C13013423      none	B	[O:1]=[CX3:2]!@[NX3H1:3][!#1:4]	0.00346829	63.7893	-	-	-	-	G
C13013423      none	B	[cH1:1][c:2]([cH1])!@[C:3]([NH1,NH2])=[O:4]	153	9.05971	-	-	-	-	G
C09033178      none	B	[OH1:1][CX4:2]!@[CX3:3]=[O:4]	-147.754	4.39642	-	-	-	-	G
C09033178      none	B	[*:1]~[NX2:2]!@[OX2:3]~[*:4]	-150.006	1.10574	-	-	-	-	R
C09033178      none	B	[C:1][CX4H2:2]!@[OX2:3][!#1:4]	-80.0033	3.30412	-	-	-	-	G
C09033178      none	B	[OX2:1][CX4H2:2]!@[CX3:3]([$([NX3H1,NX3H2])])=[O:4]	-150.007	0.714286	-	-	-	-	O
C09033178      none	B	[O:1]=[CX3:2]!@[NX3H1:3][!#1:4]	0.0120914	63.7893	-	-	-	-	G
C09033178      none	B	[$([CX3]=O):1][NX3H1:2]!@[CX4H2:3][C:4] 	119.99	2.76407	-	-	-	-	O
C09033178      none	B	[!#1:1][CX4:2]!@[CX4:3][!#1:4]	60.0121	12.3771	-	-	-	-	G
C09033178      none	B	[O:1]=[C:2]([O-])!@[CX4H1:3][H:4]	90.0046	0.86741	-	-	-	-	O
C33933137      none	B	[C:1][CX4:2]!@[CX3:3][C:4]	36.5706	1.12415	-	-	-	-	G
C33933137      none	B	[*:1]~[NX3:2]!@[NX2:3]~[*:4]	179.995	29.4914	-	-	-	-	G
C33933137      none	B	[O:1]=[CX3:2]!@[NX3H1:3][!#1:4]	0.00513042	63.7893	-	-	-	-	G
C40166538      none	B	[$(C=O):1][NX3H1:2]!@[CX4H1:3][H:4]	-29.9914	6.97413	-	-	-	-	G
C40166538      none	B	[O:1]=[CX3:2]([$([NX3H1]C)])!@[NX3H1:3][!#1:4]	-0.0096926	41.1343	-	-	-	-	G
C40166538      none	B	[O:1]=[CX3:2]([$([NX3H1]C)])!@[NX3H1:3][!#1:4]	0.00580078	41.1343	-	-	-	-	G
C40166538      none	B	[$(C=O):1][NX3H1:2]!@[CX4H1:3][H:4]	-30.0056	6.97413	-	-	-	-	G
C38086830      none	B	[a:1][c:2]!@[CX4H1:3][N,O:4]	-59.9915	3.48172	-	-	-	-	G
C38086830      none	B	[*:1]~[CX4:2]!@[NX4:3]~[*:4]	62.7785	15.3058	-	-	-	-	G
C28157376      none	B	[C:1][CX4H2:2]!@[OX2:3][c:4]	150.001	0.884397	-	-	-	-	O
C28157376      none	B	[cH1:1][c:2]([cH1])!@[O:3][C:4]	-149.721	0.243246	-	-	-	-	R
C28157376      none	B	[a:1][c:2]!@[CX4H1:3][N,O:4]	57.1656	3.42939	-	-	-	-	G
C28157376      none	B	[cH1:1][c:2]([cH1])!@[CX3:3]=[NX2:4]	0.281956	14.4225	-	-	-	-	G
C28157376      none	B	[*:1]~[CX3:2]!@[NX3:3]~[*:4]	0.310035	27.0519	-	-	-	-	G
C28157376      none	B	[!#1:1][CX4:2]!@[CX4:3][!#1:4]	-39.9991	0.976141	-	-	-	-	G
C28157376      none	B	[O:1]=[CX3:2]([NH1])!@[CH2:3][C:4]	-30.0017	4.73225	-	-	-	-	G
C28157376      none	B	[O:1]=[CX3:2]!@[NX3H1:3][!#1:4]	0.000617687	63.7893	-	-	-	-	G
C28157376      none	B	[$([CX3]=O):1][NX3H1:2]!@[CX4H2:3][C:4] 	-120.003	2.61599	-	-	-	-	O
C28157376      none	B	[!#1:1][CX4H2:2]!@[CX4H2:3][!#1:4]	-59.9955	3.77933	-	-	-	-	G
C28157376      none	B	[C:1][CX4H2:2]!@[CX3:3]=[O:4]	-119.998	0.79457	-	-	-	-	O
C48249715      none	B	[O:1]=[C:2]!@[O:3]~[C:4]	0.00462938	74.4927	-	-	-	-	G
C48249715      none	B	[nX2H0:1][a:2]([nX2H0])!@[CX3:3]=[O:4]	-59.6959	0	-	-	-	-	R
C48249715      none	B	[*:1]~[cX3:2]!@[NX2:3]~[*:4]	-149.996	1.73726	-	-	-	-	O
C48249715      none	B	[cH1:1][c:2]([cH1])!@[CX3:3]=[NX2:4]	-89.7265	0.478755	-	-	-	-	O
C48249715      none	B	[aH1:1][c:2]([aH1])!@[SX4:3][!#1:4]	89.9988	12.916	-	-	-	-	G
C59293954      none	B	[$(C=O):1][O:2]!@[CH2:3]~[C:4]	180	23.3458	-	-	-	-	G
C59293954      none	B	[O:1]=[C:2]!@[O:3]~[C:4]	0.0139345	74.4927	-	-	-	-	G
C59293954      none	B	[*^2:1]~[C^2:2]([!H])!@[C^2:3]~[*^2:4]	30.2591	1.05249	-	-	-	-	O
C59293954      none	B	[!#1:1][CX4:2]!@[CX4:3][!#1:4]	80.0056	1.75235	-	-	-	-	G
C59293954      none	B	[a:1][c:2]!@[CX4H1:3][H:4]	179.324	7.22227	-	-	-	-	G
C59293954      none	B	[cH1:1][c:2](cO)!@[O:3][C:4]	0.0276139	49.3635	-	-	-	-	G
C59293954      none	B	[$(cO):1][c:2](cO)!@[O:3][C:4]	90.084	10.8863	-	-	-	-	G
C59293954      none	B	[cH1:1][c:2](cO)!@[O:3][C:4]	90.2504	0.310835	-	-	-	-	R
C59293954      none	B	[C:1][CX4H2:2]!@[CX3:3]=[O:4]	-120.001	0.79457	-	-	-	-	O
C33533411      none	B	[OX2:1][CX4:2]!@[CX4:3][N:4]	89.9928	1.01124	-	-	-	-	O
C33533411      none	B	[N:1][CX4:2]!@[CX3:3]=[O:4]	-148.053	3.58916	-	-	-	-	G
C33533411      none	B	[a:1][c:2]!@[CX4H1:3][N,O:4]	-37.1606	4.29807	-	-	-	-	G
C33533411      none	B	[cH1:1][c:2]([cH1])!@[O:3][c:4]	-90.0033	3.72585	-	-	-	-	G
C33533411      none	B	[cH1:1][c:2]([cH1])!@[O:3][c:4]	-89.7208	3.72585	-	-	-	-	G
C37559663      none	B	[O:1]=[CX3:2]!@[NX3H0:3][!#1:4]	29.99	0.680979	-	-	-	-	O
C37559663      none	B	[N:1][CX4:2]!@[CX3:3]=[O:4]	57.1673	0.592386	-	-	-	-	G
C37559663      none	B	[*:1][$(S(=O)=O):2]!@[NX3H0r:3][*:4]	119.994	1.23223	-	-	-	-	G
C37559663      none	B	[aH0:1][c:2]([aH1])!@[SX4:3][!#1:4]	-110.309	1.0568	-	-	-	-	O
C66621221      none	B	[a:1][ar5:2]!@[ar5:3][a:4]	60.318	1.67939	-	-	-	-	G
C66621221      none	B	[$(C=O):1][NX3H1:2]!@[c:3](s)[n:4]	-0.00378023	0.574713	-	-	-	-	R
C66621221      none	B	[O:1]=[CX3:2]!@[NX3H1:3][!#1:4]	0.0073571	63.7893	-	-	-	-	G
C66621221      none	B	[cH0:1][c:2]([cH1])!@[CX3:3]([NX3H1])=[O:4]	-30.0063	2.34987	-	-	-	-	G
C66621221      none	B	[!#1:1][CH2:2]!@[n:3][cH0:4]	89.9992	14.7896	-	-	-	-	G
C66621221      none	B	[CX3:1]=[CX3:2]!@[CH2:3][!#1:4]	-120.002	9.03499	-	-	-	-	G
C66200476      none	B	[!#1:1][CX4:2]!@[CX4:3][!#1:4]	60.0146	12.3771	-	-	-	-	G
C66200476      none	B	[O:1][CX4:2]!@[CX3:3]=[O:4]	179.998	6.67845	-	-	-	-	G
C66200476      none	B	[H:1][CX4H1:2]!@[OX2:3][!#1:4]	30.0028	9.32817	-	-	-	-	G
C66200476      none	B	[O:1]=[CX3:2]!@[NX3H1:3][!#1:4]	0.0175467	63.7893	-	-	-	-	G
C66200476      none	B	[$(C=O):1][NX3H1:2]!@[c:3]([cH1])[cH1:4]	29.9916	5.05437	-	-	-	-	G
C66200476      none	B	[aH1:1][c:2]([aH1])!@[SX4:3][!#1:4]	90.0014	12.916	-	-	-	-	G
C66200476      none	B	[c:1][S:2](=O)(=O)!@[NX2H0-:3]-[*:4]	59.9991	8.33333	-	-	-	-	G
C66200476      none	B	[$(S(=O)(=O)):1][N:2]!@[c:3][a:4]	-90.0028	5.66406	-	-	-	-	G
C66200476      none	B	[cH1:1][c:2]([nX2])!@[O:3][C:4]	179.997	59.0909	-	-	-	-	G
C66200476      none	B	[cH1,n:1][c:2]!@[O:3][CH1:4]	-60.0035	0.582524	-	-	-	-	R
C52012262      none	B	[NH1:1][CX4:2]!@[CX3:3]=[O:4]	-119.997	0.275693	-	-	-	-	G
C52012262      none	B	[$(C=O):1][NX3H1:2]!@[CX4H0:3][C:4]	-59.9947	14.7253	-	-	-	-	G
C52012262      none	B	[O:1]=[CX3:2]([$([NX3H1]C)])!@[NX3H1:3][!#1:4]	-0.0110711	41.1343	-	-	-	-	G
C52012262      none	B	[O:1]=[CX3:2]([$([NX3H1]C)])!@[NX3H1:3][!#1:4]	0.00182902	41.1343	-	-	-	-	G
C52012262      none	B	[$(C=O):1][NX3H1:2]!@[CX4H1:3][H:4]	-29.9925	6.97413	-	-	-	-	G
C22159456      none	B	[aH1:1][c:2]([aH1])!@[SX4:3][!#1:4]	-0.000386377	0.126904	-	-	-	-	R
C22159456      none	B	[a:1][c:2]!@[C:3]([NH0])=[O:4]	-59.998	3.63889	-	-	-	-	G
C22159456      none	B	[O:1]=[CX3:2](a)!@[NX3H0:3][!#1:4]	150.29	2.50464	-	-	-	-	G
C22159456      none	B	[O:1]=[C:2]([O-])!@[CX4H1:3][H:4]	0.0026653	0.495663	-	-	-	-	O
C41915868      none	B	[c:1][CX4:2]!@[CX3:3]=[O:4]	89.9979	4.7217	-	-	-	-	G
C41915868      none	B	[*:1]~[CX4:2]!@[n:3]~[*:4]	0.00712332	3.06862	-	-	-	-	G
C41915868      none	B	[O-:1][N+:2](=O)!@[c:3]([cH,nX2H0])[cH,nX2H0:4]	-59.7042	0	-	-	-	-	R
C60436863      none	B	[O-:1][N+:2](=O)!@[c:3]([cH0])[cH,nX2H0:4]	90.0136	0.274725	-	-	-	-	O
C60436863      none	B	[aH0:1][c:2]([aH1])!@[SX4:3][!#1:4]	-109.967	1.0568	-	-	-	-	O
C60436863      none	B	[c:1][S:2](=O)(=O)!@[NX2H0-:3]-[*:4]	60.0012	8.33333	-	-	-	-	G
C60436863      none	B	[$(S(=O)(=O)):1][NH0:2]!@[c:3]([cH1])[cH1:4]	-60.2738	0.826446	-	-	-	-	G
C60436863      none	B	[O-:1][N+:2](=O)!@[c:3]([cH0])[cH,nX2H0:4]	0.276365	12.6374	-	-	-	-	G
C50671722      none	B	[$(S(=O)(=O)):1][NX3H0:2]!@[CX4H2:3][!#1:4]	-90.0001	8.83621	-	-	-	-	G
C50671722      none	B	[c:1][$(S(=O)=O):2]!@[NX3H0:3][C:4]	90.004	4.81691	-	-	-	-	G
C50671722      none	B	[a:1][c:2]!@[CX4H2:3][!#1:4]	-44.6819	1.62815	-	-	-	-	O
C50671722      none	B	[aH1:1][c:2]([aH1])!@[SX4:3][!#1:4]	150.265	0.260857	-	-	-	-	R
C50702796      none	B	[O:1]=[CX3:2](a)!@[NX3H0:3][!#1:4]	-30.0019	1.17502	-	-	-	-	O
C50702796      none	B	[cH0:1][c:2]([cH1])!@[CX3:3]([NX3H0])=[O:4]	-60.0086	9.09091	-	-	-	-	G
C50702796      none	B	[O-:1][N+:2](=O)!@[c:3]([cH0])[cH,nX2H0:4]	0.265725	12.6374	-	-	-	-	G
C64517029      none	B	[!#1:1][CX4r:2]!@[CX4r:3][!#1:4]	43.2737	1.7162	-	-	-	-	G
C64517029      none	B	[*:1][$(S(=O)=O):2]!@[NX3H0r:3][*:4]	-120.004	0.995261	-	-	-	-	G
C64517029      none	B	[aH0:1][c:2]([aH1])!@[SX4:3][!#1:4]	-150.304	0.1321	-	-	-	-	R
C01351308      none	B	[cH1:1][c:2]([cH1])!@[O:3][C:4]	-179.72	26.896	-	-	-	-	G
C01351308      none	B	[cH1:1][c:2]!@[c:3]([cH1])[nX2H0:4]	30.0012	2.23708	-	-	-	-	G
C01351308      none	B	[a:1][c:2]!@[NX3H1:3][$([CX4r]([C;r])([C;r])):4]	89.9882	0	-	-	-	-	R
C01351308      none	B	[!#1:1][CX4H1:2]!@[NX3:3][!#1:4]	-171.374	2.2945	-	-	-	-	G
C64316243      none	B	[a:1][c:2]!@[CX4H1:3][N,O:4]	89.9978	1.22453	-	-	-	-	G
C64316243      none	B	[$(C=O):1][NX3H1:2]!@[CX4H1:3][H:4]	-60.0021	1.23735	-	-	-	-	G
C64316243      none	B	[O:1]=[CX3:2]!@[NX3H1:3][!#1:4]	-0.00550795	63.7893	-	-	-	-	G
C64316243      none	B	[cH1:1][c:2]([cH1])!@[C:3]([NH1,NH2])=[O:4]	-26.9912	8.39053	-	-	-	-	G
C64316243      none	B	[cH1:1][a:2]([cH1])!@[a:3]([sX2,o,nX2H0,nX3H1:4])([cH1])	180	11.5003	-	-	-	-	G
C36795765      none	B	[$(S(=O)(=O)):1][N:2]!@[c:3][a:4]	29.9957	2.05078	-	-	-	-	G
C36795765      none	B	[c:1][S:2](=O)(=O)!@[NX2H0-:3]-[*:4]	60.0053	8.33333	-	-	-	-	G
C36795765      none	B	[aH1:1][c:2]([aH1])!@[SX4:3][!#1:4]	-89.7296	12.5987	-	-	-	-	G
C36795765      none	B	[$(C=O):1][NX3H1:2]!@[c:3]([cH1])[cH1:4]	29.989	5.05437	-	-	-	-	G
C36795765      none	B	[O:1]=[CX3:2]!@[NX3H1:3][!#1:4]	-0.0128629	63.7893	-	-	-	-	G
C36795765      none	B	N[C:2](=[O:1])!@[CH2:3][N:4]	60.0006	0.14881	-	-	-	-	O
C36795765      none	B	[$([CX3]=O):1][NX3H0:2](C)!@[CX4H2:3][C:4]	60.0053	0.600343	-	-	-	-	O
C39466196      none	B	[H:1][CX4H1:2]!@[SX4:3][!#1:4]	47.7447	10.0257	-	-	-	-	G
C39466196      none	B	[*:1]~[S:2]!@[P:3]~[*:4]	63.2504	5.90604	-	-	-	-	G
C39466196      none	B	[aH0:1][c:2]([aH1])!@[SX4:3][!#1:4]	110.029	1.0568	-	-	-	-	O
C39466196      none	B	[*:1]~[OX2:2]!@[SX4:3]~[*:4]	-60.005	3.39897	-	-	-	-	G
C39466196      none	B	[cH1:1][c:2]([cH1])!@[O:3][S:4]	90.0029	8.8	-	-	-	-	G
C36870590      none	B	[$(C=O):1][NX3H0:2]!@[CX4H1:3][H:4]	180	19.1176	-	-	-	-	G
C36870590      none	B	[O:1]=[CX3:2]!@[NX3H0:3][!#1:4]	180	18.2537	-	-	-	-	G
C36870590      none	B	[O:1]=[CX3:2]!@[CX3:3]=[O:4]	119.999	1.7301	-	-	-	-	G
C36870590      none	B	[O:1]=[CX3:2]!@[NX3H1:3][!#1:4]	0.00348441	63.7893	-	-	-	-	G
C61622853      none	B	[$([C](=O)):1][NX3H1:2]!@[$([a]([nH0,o])):3][cH1:4]	30.0017	2.36559	-	-	-	-	O
C61622853      none	B	[*:1]~[CX4:2]!@[n:3]~[*:4]	-29.9964	3.02285	-	-	-	-	G
C61622853      none	B	[O:1]=[CX3:2]!@[NX3H1:3][!#1:4]	-0.00394232	63.7893	-	-	-	-	G
C61622853      none	B	[a:1][c:2]!@[C:3]([NH1,NH2])=[O:4]	150.332	5.34677	-	-	-	-	O
C57784024      none	B	[cH1:1][a:2]([cH1])!@[a:3]([sX2,o,nX2H0,nX3H1:4])([cH0])	60.401	1.97285	-	-	-	-	G
C57784024      none	B	[$(S(=O)(=O)):1][NH0:2]!@[c:3]([cH1])[cH0:4]	-119.998	0	-	-	-	-	R
C57784024      none	B	[c:1][S:2](=O)(=O)!@[NX2H0-:3]-[*:4]	-90.002	2.77778	-	-	-	-	G
C57784024      none	B	[aH1:1][c:2]([aH1])!@[SX4:3][!#1:4]	-89.7292	12.5987	-	-	-	-	G
C57784024      none	B	[O-:1][N+:2](=O)!@[c:3]([cH,nX2H0])[cH,nX2H0:4]	179.983	23.2156	-	-	-	-	G
C48935579      none	B	[O-:1][N+:2](=O)!@[c:3]([cH,nX2H0])[cH,nX2H0:4]	179.986	23.2156	-	-	-	-	G
C48935579      none	B	[cH0:1][c:2]([cH,nX2H0])!@[NX3H0:3][CX4:4]	90.2798	2.06517	-	-	-	-	O
C48935579      none	B	[O:1]=[C:2]([O-])!@[CX4H1:3][H:4]	-0.0072559	0.495663	-	-	-	-	O
C33290391      none	B	[aH1:1][c:2]([aH1])!@[SX4:3][!#1:4]	-90.0038	12.5987	-	-	-	-	G
C33290391      none	B	[c:1][S:2](=O)(=O)!@[NX2H0-:3]-[*:4]	-60.0004	11.1111	-	-	-	-	G
C33290391      none	B	[$(S(=O)(=O)):1][NH0:2]!@[c:3]([cH1])[cH0:4]	89.7227	13.1148	-	-	-	-	G
C33290391      none	B	[!#1:1][CX4:2]!@[CX4:3][!#1:4]	-79.9983	1.71775	-	-	-	-	G
C33290391      none	B	[C:1][CX4H2:2]!@[CX3:3]=[O:4]	60.0035	1.60569	-	-	-	-	O
C33290391      none	B	[O:1]=[CX3:2]!@[NX3H0:3][!#1:4]	0.307932	25.0866	-	-	-	-	G
C59489649      none	B	[aH1:1][c:2]([aH1])!@[SX4:3][!#1:4]	89.9947	12.916	-	-	-	-	G
C59489649      none	B	[c:1][S:2](=O)(=O)!@[NX2H0-:3]-[*:4]	60.0003	8.33333	-	-	-	-	G
C59489649      none	B	[$(S(=O)(=O)):1][NH0:2]!@[c:3]([cH1])[cH1:4]	-120.268	1.65289	-	-	-	-	G
C59489649      none	B	[aH0:1][c:2]([aH0])!@[SX2:3][!#1:4]	119.995	1.75348	-	-	-	-	G
C59489649      none	B	[!#1:1][CX4:2]!@[SX2:3][!#1:4]	-160.003	3.18377	-	-	-	-	G
C59489649      none	B	[C:1][CX4:2]!@[CX3:3]=[O:4]	60.0049	2.38699	-	-	-	-	G
C59489649      none	B	[O:1]=[CX3:2]!@[NX3H1:3][!#1:4]	-0.0038319	63.7893	-	-	-	-	G
C59489649      none	B	[$(C=O):1][NX3H1:2]!@[c:3](s)[n:4]	0.00252894	0.574713	-	-	-	-	R
C35420767      none	B	[*:1][$(S(=O)=O):2]!@[NX3H0r:3][*:4]	60.282	7.32227	-	-	-	-	G
C35420767      none	B	[NH1:1][CX4:2]!@[CX3:3]=[O:4]	149.906	9.89432	-	-	-	-	G
C35420767      none	B	[O:1]=[CX3:2]!@[NX3H1:3][!#1:4]	-0.00924595	63.7893	-	-	-	-	G
C35420767      none	B	[$(C=O):1][NX3H1:2]!@[CX4H1:3][H:4]	0.00254029	8.26772	-	-	-	-	G
C21324873      none	B	[!#1:1][CH2:2]!@[n:3][cH0:4]	-89.6963	15.4696	-	-	-	-	G
C21324873      none	B	[$(S(=O)(=O)):1][NH0:2]!@[c:3]([cH0])[cH0:4]	90.007	8.69565	-	-	-	-	G
C21324873      none	B	[cH1:1][a:2]([cH1])!@[a:3]([sX2,o,nX2H0,nX3H1:4])([cH0])	-149.364	3.97727	-	-	-	-	G
C21324873      none	B	[c:1][S:2](=O)(=O)!@[NX2H0-:3]-[*:4]	-59.9986	11.1111	-	-	-	-	G
C21324873      none	B	[aH0:1][c:2]([aH1])!@[SX4:3][!#1:4]	-90.2708	5.01982	-	-	-	-	O
C61714095      none	B	[a:1][c:2]!@[C:3]([NH0])=[O:4]	59.9964	3.02778	-	-	-	-	G
C61714095      none	B	[a:1][a:2]!@[NX3:3][!#1:4]	-120	1.58818	-	-	-	-	O
C61714095      none	B	[O-:1][N+:2](=O)!@[c:3]([cH0])[cH,nX2H0:4]	90.0114	0.274725	-	-	-	-	O
C61714095      none	B	[O:1]=[CX3:2](a)!@[NX3H0:3][!#1:4]	0.322095	23.6549	-	-	-	-	G
C36164687      none	B	[a:1][c:2]!@[C:3]([NH0])=[O:4]	-60.0054	3.63889	-	-	-	-	G
C36164687      none	B	[O:1]=[CX3:2](a)!@[NX3H0:3][!#1:4]	-179.719	9.67842	-	-	-	-	G
C36164687      none	B	[C:1][CX4:2]!@[CX3:3]=[O:4]	-179.932	0.827213	-	-	-	-	G
C39460335      none	B	[!#1:1][CX4H2:2]!@[CX4H2:3][!#1:4]	180	58.554	-	-	-	-	G
C39460335      none	B	[!#1:1][CX4H2:2]!@[CX4H2:3][!#1:4]	180	58.554	-	-	-	-	G
C39460335      none	B	[C:1][CX4H2:2]!@[OX2:3][c:4]	180	43.8829	-	-	-	-	G
C39460335      none	B	[cH1:1][c:2]([cH1])!@[O:3][C:4]	-179.732	26.896	-	-	-	-	G
C39460335      none	B	[cH1:1][c:2]([cH1])!@[CX3:3]=[O:4]	179.997	13.4921	-	-	-	-	G
C39460335      none	B	[O:1]=[C:2]!@[O:3]~[C:4]	-0.0074542	74.4927	-	-	-	-	G
C39460335      none	B	[$(C=O):1][O:2]!@[CH1:3][H:4]	-29.9891	11.3505	-	-	-	-	G
C39460335      none	B	[O:1][CX4:2]!@[CX3:3]=[O:4]	29.9988	2.80888	-	-	-	-	G
C39460335      none	B	[*:1]~[CX3:2]!@[NX2:3]~[*:4]	-89.995	0.0956023	-	-	-	-	G
C40532988      none	B	[$(C=O):1][NX3H1:2]!@[CX4H1:3][H:4]	29.9999	9.46757	-	-	-	-	G
C40532988      none	B	[O:1]=[CX3:2]([$([NX3H1]C)])!@[NX3H1:3][!#1:4]	180	9.5176	-	-	-	-	R
C40532988      none	B	[O:1]=[CX3:2]([$([NX3H1]C)])!@[NX3H1:3][!#1:4]	-0.0146303	41.1343	-	-	-	-	G
C40532988      none	B	[$([CX3]=O):1][NX3H1:2]!@[CX4H2:3][C:4] 	-119.994	2.61599	-	-	-	-	O
C40532988      none	B	N[C:2](=[O:1])!@[CH2:3][N:4]	179.997	8.33333	-	-	-	-	G
C40532988      none	B	[O:1]=[CX3:2]!@[NX3H1:3][!#1:4]	-0.00494182	63.7893	-	-	-	-	G
C40532988      none	B	[$([CX3]=O):1][NX3H1:2]!@[CX4H2:3][C:4] 	180	6.46594	-	-	-	-	G
C40532988      none	B	[NH1:1][CX4:2]!@[CX3:3]=[O:4]	-119.986	0.275693	-	-	-	-	G
C03978018      none	B	[*:1]~[CX4:2]!@[n:3]~[*:4]	180	3.53397	-	-	-	-	G
C03978018      none	B	[OX2:1][CX4:2]!@[CX4:3][OX2:4]	44.2641	0.511128	-	-	-	-	G
C13332720      none	B	[*:1][$(S(=O)=O):2]!@[NX3H0r:3][*:4]	-60.0024	8.17536	-	-	-	-	G
C13332720      none	B	[aH1:1][c:2]([aH1])!@[SX4:3][!#1:4]	150.271	0.260857	-	-	-	-	R
C13332720      none	B	[cH1:1][c:2]([cH1])!@[C:3]([NH1,NH2])=[O:4]	27.0178	8.08167	-	-	-	-	G
C13332720      none	B	[O:1]=[CX3:2]!@[NX3H1:3][!#1:4]	-0.00135247	63.7893	-	-	-	-	G
C13332720      none	B	[$(C=O):1][NX3:2]!@[a:3][aH0:4]	-149.998	1.98526	-	-	-	-	O
C13332720      none	B	[O:1]=[C:2]([O-])!@[c:3]([cH1])[$([cH0][NH1,NH2]):4]	0.0109013	10	-	-	-	-	G
C37921328      none	B	[*:1][$(S(=O)=O):2]!@[NX3H0r:3][*:4]	89.9997	4.85782	-	-	-	-	G
C37921328      none	B	[*:1][$(S(=O)=O):2]!@[NX3H1:3][*:4]	-90.0023	4.38465	-	-	-	-	G
C37921328      none	B	[$(S(=O)(=O)):1][NX3H1:2]!@[CX4H2:3][!#1:4]	-119.999	2.14592	-	-	-	-	O
C37921328      none	B	[a:1][c:2]!@[CX4H2:3][!#1:4]	0.305718	2.24426	-	-	-	-	O
C35687387      none	B	[a:1][c:2]!@[C:3]([NH0])=[O:4]	119.994	4.19444	-	-	-	-	G
C35687387      none	B	[O:1]=[CX3:2](a)!@[NX3H0:3][!#1:4]	150.281	2.50464	-	-	-	-	G
C35687387      none	B	[O:1]=[C:2]([O-])!@[CX4H1:3][H:4]	89.9945	0.86741	-	-	-	-	O
C00089597      none	B	[a:1][a:2]!@[NX3:3][!#1:4]	120	1.62057	-	-	-	-	O
C00089597      none	B	[!#1:1][CX3:2](=S)!@[NX3H1:3][!#1:4]	0.00331768	27.5459	-	-	-	-	G
C00089597      none	B	[!#1:1][CX3:2](=S)!@[NX3H1:3][!#1:4]	179.999	37.0618	-	-	-	-	G
C00089597      none	B	[C:1][CX4H2:2]!@[NX3:3][C:4]	150.003	1.58619	-	-	-	-	G
C00089597      none	B	[!#1:1][CX4H2:2]!@[CX4H2:3][!#1:4]	180	58.554	-	-	-	-	G
C00089597      none	B	[C:1][CX4H2:2]!@[CX3:3]=[O:4]	-120.015	0.79457	-	-	-	-	R
C40378421      none	B	[!#1:1][CX4:2]!@[CX4:3][!#1:4]	39.9996	0.998355	-	-	-	-	G
C40378421      none	B	[O:1]=[CX3:2]!@[NX3H0:3][!#1:4]	0.00537251	25.0866	-	-	-	-	G
C40378421      none	B	N[C:2](=[O:1])!@[CH2:3][N:4]	-0.00586315	9.82143	-	-	-	-	G
C40378421      none	B	[$([CX3]=O):1][NX3H0:2](C)!@[CX4H2:3][C:4]	89.697	14.7513	-	-	-	-	G
C40378421      none	B	[$(S(=O)(=O)):1][NX3H1:2]!@[CX4H2:3][!#1:4]	120.003	2.14592	-	-	-	-	O
C40378421      none	B	[*:1][$(S(=O)=O):2]!@[NX3H1:3][*:4]	-90.0011	4.38465	-	-	-	-	G
C21214175      none	B	[cH1:1][c:2]([cH1])!@[CX3:3]=[NX2:4]	-60.0049	0.787951	-	-	-	-	O
C21214175      none	B	[*:1]~[cX3:2]!@[NX2:3]~[*:4]	120.339	1.45599	-	-	-	-	O
C53116872      none	B	[OX2:1][CX4:2]!@[CX4:3][N:4]	-159.997	1.21348	-	-	-	-	O
C53116872      none	B	[$(C=O):1][NX3H1:2]!@[CX4H0:3][C:4]	59.9991	13.3187	-	-	-	-	G
C53116872      none	B	[O:1]=[CX3:2]!@[NX3H1:3][!#1:4]	-0.00143888	63.7893	-	-	-	-	G
C53116872      none	B	[O:1]=[CX3:2]([NH1])!@[CH2:3][C:4]	30.0006	5.10585	-	-	-	-	G
C53116872      none	B	[!#1:1][CX4H2:2]!@[CX4H2:3][!#1:4]	60.0042	3.99483	-	-	-	-	G
C53116872      none	B	[C:1][CX4H2:2]!@[CX3:3]=[O:4]	-120.007	0.79457	-	-	-	-	O
C39462618      none	B	[cH1:1][c:2]([cH1])!@[CX3:3]=[O:4]	180	13.4921	-	-	-	-	G
C39462618      none	B	[O:1]=[C:2]!@[O:3]~[C:4]	0.00604509	74.4927	-	-	-	-	G
C39462618      none	B	[$(C=O):1][O:2]!@[CH1:3][H:4]	-30.0063	11.3505	-	-	-	-	G
C39462618      none	B	[O:1][CX4:2]!@[CX3:3]=[O:4]	89.9991	0.432135	-	-	-	-	O
C39462618      none	B	[*:1]~[CX3:2]!@[NX2:3]~[*:4]	-60.003	0.126195	-	-	-	-	G
C09334476      none	B	[O:1][CX4:2]!@[CX3:3]=[O:4]	120.001	0.923198	-	-	-	-	O
C09334476      none	B	[$(C=O):1][O:2]!@[CH1:3][H:4]	-30.0093	11.3505	-	-	-	-	G
C09334476      none	B	[O:1]=[CX3:2]!@[NX3H1:3][!#1:4]	0.0234754	63.7893	-	-	-	-	G
C09334476      none	B	[$(C=O):1][NX3H1:2]!@[c:3]([cH1])[cH1:4]	29.975	5.05437	-	-	-	-	G
C09334476      none	B	[aH1:1][c:2]([aH1])!@[SX4:3][!#1:4]	-90.0001	12.5987	-	-	-	-	G
C09334476      none	B	[c:1][S:2](=O)(=O)!@[NX2H0-:3]-[*:4]	60.001	8.33333	-	-	-	-	G
C09334476      none	B	[$(S(=O)(=O)):1][N:2]!@[c:3][a:4]	-0.00318703	3.75977	-	-	-	-	G
C09334476      none	B	[O:1]=[C:2]!@[O:3]~[C:4]	0.0116504	74.4927	-	-	-	-	G
C09334476      none	B	[cH1:1][c:2]([cH1])!@[CX3:3]=[O:4]	30.2699	3.1746	-	-	-	-	O
C09334476      none	B	[cH1:1][c:2]([cH1])!@[O:3][C:4]	149.957	0.199809	-	-	-	-	R
C09334476      none	B	[C:1][CX4H2:2]!@[OX2:3][c:4]	180	43.8829	-	-	-	-	G
C09334476      none	B	[!#1:1][CX4:2]!@[CX4:3][!#1:4]	-59.9886	12.2558	-	-	-	-	G
C40112142      none	B	[cH0:1][c:2]!@[CX4H1:3][CX3:4]	91.5831	2.10773	-	-	-	-	O
C40112142      none	B	[*^2:1]~[C^2:2]([!H])!@[C^2:3]~[*^2:4]	119.977	0.806964	-	-	-	-	G
C40112142      none	B	[$([CX3]=O):1][NX3H0:2](C)!@[CX4H2:3][C:4]	-90.0371	15.9949	-	-	-	-	G
C40112142      none	B	[OX2:1][CX4H2:2]!@[CX4H2:3][Nr:4]	-59.9997	16.6667	-	-	-	-	G
C40112142      none	B	[cH1:1][c:2]([cH1])!@[CX3:3]([CX3H0])=[O:4]	-29.7213	3.55191	-	-	-	-	G
C40112142      none	B	[aH1:1][c:2]([aH1])!@[SX4:3][!#1:4]	110.009	4.92809	-	-	-	-	G
C40112142      none	B	[*:1][$(S(=O)=O):2]!@[NX3H0r:3][*:4]	-59.7179	8.17536	-	-	-	-	O
C51474375      none	B	[NH1:1][CX4:2]!@[CX3:3]=[O:4]	-90.003	0.352274	-	-	-	-	R
C51474375      none	B	[$(C=O):1][NX3H1:2]!@[CX4H1:3][H:4]	-30.0043	6.97413	-	-	-	-	G
C51474375      none	B	[*^2:1]~[C^2:2]([!H])!@[C^2:3]~[*^2:4]	-89.9888	1.27397	-	-	-	-	G
C51474375      none	B	[*:1]~[CX3:2]!@[NX3:3]~[*:4]	-60.005	0.17882	-	-	-	-	G
C51474375      none	B	[a:1][a:2]!@[NX3:3][!#1:4]	150.266	1.85775	-	-	-	-	O
C51474375      none	B	[a:1][c:2]!@[C:3]([NH0])=[O:4]	-90.0074	2.91667	-	-	-	-	G
C51474375      none	B	[O:1]=[CX3:2](a)!@[NX3H0:3][!#1:4]	0.00402331	23.6549	-	-	-	-	G
C51474375      none	B	[O:1]=[CX3:2]!@[NX3H1:3][!#1:4]	0.00675083	63.7893	-	-	-	-	G
C51474375      none	B	[cH1:1][c:2]([cH1])!@[C:3]([NH1,NH2])=[O:4]	152.987	9.05971	-	-	-	-	G
C48842032      none	B	[$(C=O):1][NX3H0:2]!@[CX4H1:3][H:4]	-30.1612	2.81513	-	-	-	-	O
C48842032      none	B	[O:1]=[CX3:2]!@[NX3H0:3][!#1:4]	-30	0.692521	-	-	-	-	O
C48842032      none	B	[O:1]=[CX3:2]!@[NX3H1:3][!#1:4]	-0.00581324	63.7893	-	-	-	-	G
C48842032      none	B	[$([CX3]=O):1][NX3H1:2]!@[CX4H2:3][C:4] 	180	6.46594	-	-	-	-	G
C48842032      none	B	[NH1:1][CX4:2]!@[CX3:3]=[O:4]	-89.9953	0.352274	-	-	-	-	R
C42431410      none	B	[*:1]~[CX4:2]!@[NX4:3]~[*:4]	180	15.0612	-	-	-	-	G
C42431410      none	B	[!#1:1][CX4H2:2]!@[CX4H2:3][!#1:4]	-60.0051	3.77933	-	-	-	-	G
C42431410      none	B	[!#1:1][CX4H2:2]!@[CX4H2:3][!#1:4]	-59.9962	3.77933	-	-	-	-	G
C42431410      none	B	[CX4:1][CX4H2:2]!@[NX3;"N_lp":3][CX4:4]	160.002	6.03015	-	-	-	-	G
C42431410      none	B	[C:1][CX4:2]!@[NX3;"N_lp":3][C:4]	-177.248	5.71656	-	-	-	-	G
C42431410      none	B	[NH1:1][CX4:2]!@[CX3:3]=[O:4]	90.0058	0.183795	-	-	-	-	R
C40111027      none	B	[aH1:1][c:2]([aH1])!@[SX4:3][!#1:4]	89.9492	12.916	-	-	-	-	G
C40111027      none	B	[cH1:1][c:2]([cH1])!@[CX3:3]([CX3H0])=[O:4]	59.993	0.204918	-	-	-	-	R
C40111027      none	B	[*^2:1]~[C^2:2]([!H])!@[C^2:3]~[*^2:4]	-149.702	1.11601	-	-	-	-	O
C40111027      none	B	[$([CX3]=O):1][NX3H0:2](C)!@[CX4H2:3][C:4]	120.003	2.74443	-	-	-	-	O
C40111027      none	B	[a:1][c:2]!@[CX4H1:3][N,O:4]	-26.6861	3.61778	-	-	-	-	G
C40111027      none	B	[OX2:1][CX4H2:2]!@[CX4H2:3][Nr:4]	60.0023	18.1373	-	-	-	-	G
C40111027      none	B	[C:1][CH2:2]!@[O:3][CX4:4]	160.001	5.67469	-	-	-	-	G
C40111027      none	B	[C:1][CH2:2]!@[O:3][CX4:4]	180	35.2689	-	-	-	-	G
C40111027      none	B	[OX2:1][CX4H2:2]!@[CX4H2:3][OX2:4]	179.998	10.6129	-	-	-	-	G
C40111027      none	B	[*:1][$(S(=O)=O):2]!@[NX3H0r:3][*:4]	60.2665	7.32227	-	-	-	-	G
C36966641      none	B	[cH0:1][c:2]([cH1])!@[O:3][C:4]	-120.022	0.327297	-	-	-	-	R
C36966641      none	B	[C:1][CX4H2:2]!@[OX2:3][c:4]	119.996	0.336913	-	-	-	-	R
C36966641      none	B	[OX2:1][CX4H2:2]!@[CX3:3]([$([NX3H1,NX3H2])])=[O:4]	150.001	1.07143	-	-	-	-	O
C36966641      none	B	[O:1]=[CX3:2]!@[NX3H1:3][!#1:4]	-0.00347674	63.7893	-	-	-	-	G
C36966641      none	B	[$(C=O):1][NX3H1:2]!@[CX4H1:3][H:4]	29.9987	9.46757	-	-	-	-	G
C36966641      none	B	[!#1:1][CX4:2]!@[CX4:3][!#1:4]	-159.998	1.85018	-	-	-	-	G
C36966641      none	B	[O:1]=[C:2]([O-])!@[CX4H1:3][H:4]	90.0024	0.86741	-	-	-	-	O
C36966641      none	B	[C:1][CX4H2:2]!@[CX3:3]=[O:4]	119.999	0.695249	-	-	-	-	O
C27245113      none	B	[O-:1][N+:2](=O)!@[c:3]([cH,nX2H0])[cH,nX2H0:4]	179.973	23.2156	-	-	-	-	G
C27245113      none	B	[aH1:1][c:2]([aH1])!@[SX4:3][!#1:4]	89.9991	12.916	-	-	-	-	G
C27245113      none	B	[c:1][S:2](=O)(=O)!@[NX2H0-:3]-[*:4]	-59.999	11.1111	-	-	-	-	G
C27245113      none	B	[$(S(=O)(=O)):1][NH0:2]!@[c:3]([cH1])[cH1:4]	119.717	2.06612	-	-	-	-	G
C27245113      none	B	[cH1:1][c:2]([cH1])!@[C:3]([NH1,NH2])=[O:4]	153.013	9.05971	-	-	-	-	G
C27245113      none	B	[O:1]=[CX3:2]!@[NX3H1:3][!#1:4]	-0.00454511	63.7893	-	-	-	-	G
C27245113      none	B	[*:1]~[NX3:2]!@[NX3:3]~[*:4]	89.9983	3.54776	-	-	-	-	G
C27245113      none	B	[O:1]=[CX3:2]!@[NX3H1:3][!#1:4]	0.00322809	63.7893	-	-	-	-	G
C27245113      none	B	[c:1][CX4H2:2]!@[CX3:3]=[O:4]	120	1.4245	-	-	-	-	O
C27245113      none	B	[a:1][c:2]!@[CX4H2:3][CX3:4]	150.283	0.645995	-	-	-	-	R
C39089956      none	B	[H:1][CX4H1:2]!@[O:3][CX4:4]	159.999	0.0441371	-	-	-	-	R
C39089956      none	B	[OX2:1][CX4:2]!@[CX4:3][N:4]	-39.9476	1.41573	-	-	-	-	O
C19321723      none	B	[O:1]=[CX3:2]!@[NX3H0:3][!#1:4]	-179.689	18.2537	-	-	-	-	G
C19321723      none	B	[O:1]=[CX3:2]!@[NX3H0:3][!#1:4]	150.003	1.73707	-	-	-	-	O
C19321723      none	B	[*:1]~[CX3:2]!@[NX3:3]~[*:4]	90.0007	0.0573688	-	-	-	-	R
C19321723      none	B	[*:1]~[CX3:2]!@[NX3:3]~[*:4]	29.9966	0.533408	-	-	-	-	G
C58248394      none	B	[$(C=O):1][NX3H1:2]!@[CX4H0:3][C:4]	60.0004	13.3187	-	-	-	-	G
C58248394      none	B	[O:1]=[CX3:2]!@[NX3H1:3][!#1:4]	-0.00227008	63.7893	-	-	-	-	G
C58248394      none	B	N[C:2](=[O:1])!@[CH2:3][N:4]	-29.9937	4.7619	-	-	-	-	G
C58248394      none	B	[$([CX3]=O):1][NX3H1:2]!@[CX4H2:3][C:4] 	120.009	2.76407	-	-	-	-	O
C58248394      none	B	[O:1]=[CX3:2]!@[NX3H1:3][!#1:4]	-0.00970569	63.7893	-	-	-	-	G
C58248394      none	B	[a:1][c:2]!@[C:3]([NH1,NH2])=[O:4]	-149.682	5.2923	-	-	-	-	O
C58248394      none	B	[aH1:1][c:2]([aH1])!@[SX4:3][!#1:4]	110.007	4.92809	-	-	-	-	G
C58248394      none	B	[*:1][$(S(=O)=O):2]!@[NX3H0r:3][*:4]	90.2836	4.85782	-	-	-	-	G
C50778498      none	B	[cH0:1][c:2]([cH0])!@[NX3:3][CX4:4]	89.9978	8.35763	-	-	-	-	G
C50778498      none	B	[O-:1][N+:2](=O)!@[c:3]([cH0])[cH,nX2H0:4]	-0.0267122	12.6374	-	-	-	-	G
C50778498      none	B	[a:1][c:2]!@[C:3]([NH0])=[O:4]	149.998	1.44444	-	-	-	-	G
C50778498      none	B	[O:1]=[CX3:2](a)!@[NX3H0:3][!#1:4]	-29.6856	1.17502	-	-	-	-	O
C62202982      none	B	[c:1][c:2]!@[c:3][s,o,nX3H1:4]	60.2448	0.665746	-	-	-	-	R
C47860769      none	B	[$(C=O):1][NX3H1:2]!@[c:3]([cH1])[cH1:4]	179.969	8.15546	-	-	-	-	G
C47860769      none	B	[cH0:1][c:2]([cH0])!@[NX3:3][CX4:4]	-119.689	2.52672	-	-	-	-	G
C47860769      none	B	[O:1]=[CX3:2]!@[NX3H1:3][!#1:4]	90.0066	0	-	-	-	-	R
C47860769      none	B	[O:1]=[CX3:2]!@[NX3H0:3][!#1:4]	150.27	1.73707	-	-	-	-	O
C63190666      none	B	[a:1][a:2]!@[NX3:3][!#1:4]	-89.7203	1.65296	-	-	-	-	O
C63190666      none	B	[!#1:1][CX4r:2]!@[CX4r:3][!#1:4]	-81.3519	2.26227	-	-	-	-	G
C18063607      none	B	[nX2H0:1][c:2]([nX2H0])!@[NX3H1:3][C,c:4]	30.0015	1.0479	-	-	-	-	R
C18063607      none	B	[*:1]~[CX3:2]!@[NX3:3]~[*:4]	-0.0076831	27.0519	-	-	-	-	G
C18063607      none	B	[*:1]~[CX3:2]!@[NX2:3]~[*:4]	-30.0098	0.217973	-	-	-	-	O
C18063607      none	B	[*:1]~[CX3:2]!@[NX2:3]~[*:4]	119.993	0.114723	-	-	-	-	G
C18063607      none	B	[!#1:1][CX4H2:2]!@[CX3:3]=[O:4]	60.0194	1.20812	-	-	-	-	G
C18063607      none	B	[!#1:1][CX4:2]!@[SX2:3][!#1:4]	59.9998	7.53739	-	-	-	-	G
C18063607      none	B	[aH0:1][c:2]([aH0])!@[SX2:3][!#1:4]	90.0096	3.2491	-	-	-	-	G
C18063607      none	B	[*:1]~[CX4:2]!@[NX2:3]~[*:4]	-150	1.74411	-	-	-	-	G
C18063607      none	B	[!#1:1][CX4H2:2]!@[CX4H2:3][!#1:4]	180	58.554	-	-	-	-	G
C18063607      none	B	[cH0:1][c:2]!@[CX4H2:3][CX4:4]	-89.9943	18.481	-	-	-	-	G
C18063607      none	B	[cH1:1][c:2]([cH1])!@[O:3][C:4]	0.00526299	26.3009	-	-	-	-	G
C66364058      none	B	[O:1]=[C:2]([N])!@[O:3]~[C:4]	-0.0028833	57.729	-	-	-	-	G
C66364058      none	B	[O:1]=[CX3:2]!@[NX3H0:3][!#1:4]	-179.718	18.2537	-	-	-	-	G
C66364058      none	B	[$(C=O):1][NX3H1:2]!@[CX4H1:3][H:4]	-59.9933	1.23735	-	-	-	-	G
C66364058      none	B	[O:1]=[CX3:2]([$([NX3H1]C)])!@[NX3H1:3][!#1:4]	0.0010773	41.1343	-	-	-	-	G
C66364058      none	B	[O:1]=[CX3:2]([$([NX3H1]C)])!@[NX3H1:3][!#1:4]	179.999	9.5176	-	-	-	-	R
C66364058      none	B	[$([CX3]=O):1][NX3H1:2]!@[CX4H2:3][C:4] 	-89.995	7.35439	-	-	-	-	G
C66364058      none	B	[!#1:1][CX4H2:2]!@[CX4H2:3][!#1:4]	180	58.554	-	-	-	-	G
C66364058      none	B	[$([CX3]=O):1][NX3H0:2](C)!@[CX4H2:3][C:4]	-60.2832	0.686106	-	-	-	-	O
C44511198      none	B	[O:1]=[C:2]([O-])!@[c:3]([cH1])[cH0:4]	-0.00298937	8.88889	-	-	-	-	G
C44511198      none	B	[$(C=O):1][NX3H1:2]!@[c:3]([cH1])[cH1:4]	-30.0026	5.05437	-	-	-	-	G
C44511198      none	B	[O:1]=[CX3:2]([$([NX3H1]C)])!@[NX3H1:3][!#1:4]	0.0131482	41.1343	-	-	-	-	G
C44511198      none	B	[O:1]=[CX3:2]([$([NX3H1]C)])!@[NX3H1:3][!#1:4]	-0.00754178	41.1343	-	-	-	-	G
C44511198      none	B	[$([CX3]=O):1][NX3H1:2]!@[CX4H2:3][C:4] 	120.001	2.76407	-	-	-	-	O
C44511198      none	B	[!#1:1][CX4H2:2]!@[CX4H2:3][!#1:4]	-60.0011	3.77933	-	-	-	-	G
C44511198      none	B	[!#1:1][CX4:2]!@[CX4:3][!#1:4]	-60.887	12.2558	-	-	-	-	G
C00808891      none	B	[O:1]=[CX3:2]!@[NX3H0:3][!#1:4]	150.293	1.73707	-	-	-	-	O
C00808891      none	B	[a:1][c:2]!@[CX4H1:3][H:4]	29.7453	4.04281	-	-	-	-	G
C20249863      none	B	[n,o,s:1][c:2]!@[CX4H2:3][CX4:4]	90.0077	4.03889	-	-	-	-	G
C20249863      none	B	[!#1:1][CX4:2]!@[CX4:3][!#1:4]	-80.0075	1.71775	-	-	-	-	G
C20249863      none	B	[O:1]=[C:2]([O-])!@[CX4H1:3][H:4]	-0.000948197	0.495663	-	-	-	-	O
C20249863      none	B	[$(C=O):1][NX3H1:2]!@[CX4H1:3][H:4]	-0.00817295	8.26772	-	-	-	-	G
C20249863      none	B	[O:1]=[CX3:2]!@[NX3H1:3][!#1:4]	0.0118967	63.7893	-	-	-	-	G
C20249863      none	B	[O:1]=[CX3:2]([NH1])!@[CH2:3][C:4]	-29.9997	4.73225	-	-	-	-	G
C20249863      none	B	[!#1:1][CX4:2]!@[CX4:3][!#1:4]	-80.0075	1.71775	-	-	-	-	G
C49548881      none	B	[cH0:1][c:2]!@[CX4H1:3][a:4]	149.679	2.80552	-	-	-	-	G
C49548881      none	B	[c:1][c:2]!@[c:3]([cH0])[nX2H0:4]	90.4319	0.619835	-	-	-	-	R
C49548881      none	B	[cH1:1][c:2]([cH1])!@[O:3][C:4]	0.00683925	26.3009	-	-	-	-	G
C24203884      none	B	[cH0:1][c:2]([cH,nX2H0])!@[NX3H1:3][CX4:4]	179.96	49.7854	-	-	-	-	G
C24203884      none	B	[aH0:1][c:2]([aH1])!@[SX4:3][!#1:4]	150.009	0.396301	-	-	-	-	R
C24203884      none	B	[O-:1][N+:2](=O)!@[c:3]([cH,nX2H0])[cH,nX2H0:4]	-179.98	23.2156	-	-	-	-	G
C24203884      none	B	[*:1][$(S(=O)=O):2]!@[NX3H0r:3][*:4]	-59.7126	8.17536	-	-	-	-	O
C24203884      none	B	[!#1:1][CX4H2:2]!@[NX3H1:3][!#1:4]	179.994	11.3535	-	-	-	-	G
C24203884      none	B	[!#1:1][CX4:2]!@[CX4:3][!#1:4]	-79.9965	1.71775	-	-	-	-	G
C24203884      none	B	[!#1:1][CX4:2]!@[CX4:3][!#1:4]	83.4712	1.75235	-	-	-	-	G
C24203884      none	B	[C:1][CX4:2]!@[NX3;"N_lp":3][C:4]	43.6384	0.870045	-	-	-	-	G
C49509417      none	B	[cH0:1][c:2]!@[CX4H1:3][CX4:4]	149.987	3.06136	-	-	-	-	G
C49509417      none	B	[!#1:1][CX4H1:2]!@[NX3:3][!#1:4]	179.998	2.80076	-	-	-	-	G
C49509417      none	B	[a:1][a:2]!@[NX3:3][!#1:4]	180	11.4213	-	-	-	-	G
C49509417      none	B	[O-:1][N+:2](=O)!@[c:3]([cH,nX2H0])[cH,nX2H0:4]	179.985	23.2156	-	-	-	-	G
C64475570      none	B	[cH0:1][c:2]!@[CX4H2:3][CX4:4]	-90.0004	18.481	-	-	-	-	G
C64475570      none	B	[$(S(=O)(=O)):1][NH0:2]!@[c:3]([cH1])[cH1:4]	59.9811	1.23967	-	-	-	-	G
C64475570      none	B	[O-:1][N+:2](=O)!@[c:3]([cH0])[cH,nX2H0:4]	90.2266	0.274725	-	-	-	-	O
C64475570      none	B	[c:1][S:2](=O)(=O)!@[NX2H0-:3]-[*:4]	-90.0009	2.77778	-	-	-	-	G
C64475570      none	B	[aH1:1][c:2]([aH1])!@[SX4:3][!#1:4]	-89.7251	12.5987	-	-	-	-	G
C64475570      none	B	[aH1:1][c:2]([aH1])!@[SX4:3][!#1:4]	-89.9979	12.5987	-	-	-	-	G
C64475570      none	B	[c:1][$(S(=O)=O):2]!@[NX3H1:3][C:4]	60.0022	14.5215	-	-	-	-	G
C06088689      none	B	[!#1:1][CH2:2]!@[n:3][cH0:4]	-89.69	15.4696	-	-	-	-	G
C06088689      none	B	[cH1:1][a:2]([cH1])!@[a:3]([sX2,o,nX2H0,nX3H1:4])	90.2262	0.262728	-	-	-	-	R
C06088689      none	B	[aH0:1][c:2]([aH0])!@[SX2:3][!#1:4]	-149.999	0.43837	-	-	-	-	O
C06088689      none	B	[!#1:1][CX4:2]!@[SX2:3][!#1:4]	90.0026	2.8728	-	-	-	-	G
C06088689      none	B	[!#1:1][CX4H2:2]!@[CX3:3]=[O:4]	120.008	0.613497	-	-	-	-	G
C06088689      none	B	[O:1]=[CX3:2]!@[NX3H1:3][!#1:4]	-0.0104468	63.7893	-	-	-	-	G
C06088689      none	B	[*:1]~[NX3:2]!@[NX3:3]~[*:4]	179.998	7.3164	-	-	-	-	G
C06088689      none	B	[O:1]=[CX3:2]!@[NX3H1:3][!#1:4]	0.00911216	63.7893	-	-	-	-	G
C06088689      none	B	[cH1:1][c:2]([cH1])!@[C:3]([NH1,NH2])=[O:4]	26.9971	8.08167	-	-	-	-	G
C06088689      none	B	[$(S(=O)(=O)):1][NH0:2]!@[c:3]([cH1])[cH1:4]	-120.066	1.65289	-	-	-	-	G
C06088689      none	B	[*:1]~[N,n:2]!@[S:3]~[*:4]	26.0659	2.49131	-	-	-	-	G
C65743210      none	B	[!#1:1][CX4H2:2]!@[CX4H2:3][!#1:4]	60.0003	3.99483	-	-	-	-	G
C65743210      none	B	[C:1][CH2:2]!@[O:3][CX4:4]	-160.002	4.55295	-	-	-	-	G
C65743210      none	B	[H:1][CX4H1:2]!@[O:3][CX4:4]	-40.0008	11.8876	-	-	-	-	G
C65743210      none	B	[OX2:1][CX4:2]!@[CX4:3][OX2:4]	-60.0857	16.2177	-	-	-	-	G
C26189188      none	B	[!#1:1][CH2:2]!@[n:3][cH0:4]	135.002	0.318742	-	-	-	-	R
C26189188      none	B	[!#1:1][CX4H2:2]!@[CX4H2:3][!#1:4]	-60.003	3.77933	-	-	-	-	G
C26189188      none	B	[C:1][CH2:2]!@[O:3][CX4:4]	180	35.2689	-	-	-	-	G
C26189188      none	B	[*:1][CX4:2]!@[O:3][CX4:4]	-59.9906	12.0509	-	-	-	-	G
C26189188      none	B	[*:1]~[CX4:2]!@[P:3]~[*:4]	-40.0079	2.64342	-	-	-	-	G
C12501257      none	B	[O:1]=[CX3:2]!@[NX3H1:3][!#1:4]	-0.00124513	63.7893	-	-	-	-	G
C12501257      none	B	[$(C=O):1][NX3H1:2]!@[CX4H1:3][H:4]	-30.0008	6.97413	-	-	-	-	G
C12501257      none	B	[H:1][CX4H1:2]!@[OX2:3][!#1:4]	39.7675	11.1687	-	-	-	-	G
C12501257      none	B	[OX2:1][CX4:2]!@[CX4:3][OX2:4]	-160.091	0.511128	-	-	-	-	G
C12501257      none	B	[*:1]~[OX2:2]!@[SX4:3]~[*:4]	-40.0029	4.33662	-	-	-	-	G
C37450425      none	B	[!#1:1][CX4:2]!@[SX2:3][!#1:4]	-80.001	6.01214	-	-	-	-	G
C37450425      none	B	[!#1:1][CX4:2]!@[SX2:3][!#1:4]	159.997	2.91722	-	-	-	-	G
C37450425      none	B	[!#1:1][CX4H2:2]!@[CX3:3]=[O:4]	90.0071	1.06654	-	-	-	-	G
C37450425      none	B	[O:1]=[CX3:2]!@[NX3H1:3][!#1:4]	-0.00368089	63.7893	-	-	-	-	G
C37450425      none	B	[$(C=O):1][NX3H1:2]!@[CX4H1:3][H:4]	59.9992	6.22422	-	-	-	-	G
C37450425      none	B	[!#1:1][CX4:2]!@[CX4:3][!#1:4]	-159.997	1.85018	-	-	-	-	G
C37450425      none	B	[O:1]=[C:2]([O-])!@[CX4H1:3][H:4]	0.00206778	0.495663	-	-	-	-	O
C37450425      none	B	[C:1][CX4H2:2]!@[CX3:3]=[O:4]	119.996	0.695249	-	-	-	-	O
C48952984      none	B	[$(C=O):1][NX3H1:2]!@[CX4H1:3][H:4]	180	0.712411	-	-	-	-	R
C48952984      none	B	[O:1]=[CX3:2]([$([NX3H1]C)])!@[NX3H1:3][!#1:4]	-0.00601978	41.1343	-	-	-	-	G
C48952984      none	B	[O:1]=[CX3:2]([$([NX3H1]C)])!@[NX3H1:3][!#1:4]	0.00706121	41.1343	-	-	-	-	G
C48952984      none	B	[*:1]~[NX3:2]!@[NX3:3]~[*:4]	89.9922	3.54776	-	-	-	-	G
C48952984      none	B	[O:1]=[CX3:2]!@[NX3H1:3][!#1:4]	0.00423983	63.7893	-	-	-	-	G
C48952984      none	B	[O:1]=[CX3:2]!@[CX4H1r3:3][H:4]	119.996	1.33333	-	-	-	-	O
C48952984      none	B	[!#1:1][CX4H1:2]!@[NX3:3][!#1:4]	119.998	4.42569	-	-	-	-	O
C09014815      none	B	[O:1]=[CX3:2]!@[NX3H1:3][!#1:4]	0.00304542	63.7893	-	-	-	-	G
C09014815      none	B	[$(C=O):1][NX3H1:2]!@[c:3]([cH1])[cH1:4]	89.9993	0.0402739	-	-	-	-	R
C09014815      none	B	[$(C=O):1][NX3H0:2]!@[c:3]([cH1])[cH1:4]	-150.026	1.13754	-	-	-	-	G
C09014815      none	B	[a:1][c:2]!@[CX4H1:3][N,O:4]	-59.999	3.48172	-	-	-	-	G
C09014815      none	B	[*^2:1]~[C^2:2]([!H])!@[C^2:3]~[*^2:4]	-150.021	1.11601	-	-	-	-	G
C09014815      none	B	[cH1:1][c:2]([cH1])!@[CX3:3]([CX3H0])=[O:4]	60.2701	0.204918	-	-	-	-	R
C09014815      none	B	[O-:1][N+:2](=O)!@[c:3]([cH,nX2H0])[cH,nX2H0:4]	179.979	23.2156	-	-	-	-	G
C09014815      none	B	[O-:1][N+:2](=O)!@[c:3]([cH,nX2H0])[cH,nX2H0:4]	179.993	23.2156	-	-	-	-	G
C34924549      none	B	[O:1]=[CX3:2]!@[NX3H1:3][!#1:4]	-0.0113197	63.7893	-	-	-	-	G
C34924549      none	B	[$(C=O):1][NX3H1:2]!@[c:3]([cH1])[cH1:4]	90.0054	0.0402739	-	-	-	-	R
C34924549      none	B	[aH1:1][c:2]([aH1])!@[SX4:3][!#1:4]	-69.9951	5.44275	-	-	-	-	G
C34924549      none	B	[*:1][$(S(=O)=O):2]!@[NX3H0r:3][*:4]	60.2716	7.32227	-	-	-	-	G
C34924549      none	B	[C:1][CX4:2]!@[CX3:3]=[O:4]	-89.876	3.45082	-	-	-	-	G
C34924549      none	B	[O:1]=[CX3:2]!@[NX3H0:3][!#1:4]	30.281	0.680979	-	-	-	-	O
C34924549      none	B	[O:1]=[C:2]([O-])!@[CX4H1:3][H:4]	90.0037	0.86741	-	-	-	-	O
C16949036      none	B	[O:1]=[C:2]!@[NX3:3](C=O)[*:4]	179.708	10.1253	-	-	-	-	G
C16949036      none	B	[*:1]~[NX3:2]!@[NX2:3]~[*:4]	-149.996	0.364964	-	-	-	-	O
C16949036      none	B	[a:1][a:2]!@[NX3:3][!#1:4]	0.270214	10.9271	-	-	-	-	G
C62932979      none	B	[C:1][CX4:2]!@[CX3:3]=[O:4]	90.0022	3.65147	-	-	-	-	G
C62932979      none	B	[cH0:1][c:2]([cH,nX2H0])!@[NX3H0:3][CX4:4]	-150.271	3.0748	-	-	-	-	G
C62932979      none	B	[O-:1][N+:2](=O)!@[c:3]([cH,nX2H0])[cH,nX2H0:4]	179.982	23.2156	-	-	-	-	G
C62932979      none	B	[O-:1][N+:2](=O)!@[c:3]([cH0])[cH,nX2H0:4]	90.2581	0.274725	-	-	-	-	O
C55167097      none	B	[a:1][c:2]!@[CX4H2:3][!#1:4]	135.008	1.69481	-	-	-	-	O
C55167097      none	B	[$([C](=O)):1][NX3H0:2]!@[CX4H2:3][$([c]([cH,nX2H0])[cH,nX2H0]):4]	-90.0011	11.8974	-	-	-	-	G
C55167097      none	B	[O:1]=[CX3:2](a)!@[NX3H0:3][!#1:4]	-149.998	2.19542	-	-	-	-	G
C55167097      none	B	[a:1][c:2]!@[C:3]([NH0])=[O:4]	-119.703	3.91667	-	-	-	-	G
C62134989      none	B	[C:1][CX4:2]!@[CX3:3]=[O:4]	-29.9321	3.42621	-	-	-	-	G
C62134989      none	B	[O:1]=[CX3:2]!@[NX3H0:3][!#1:4]	-149.997	1.37927	-	-	-	-	O
C62134989      none	B	[O:1]=[CX3:2]!@[NX3H0:3][!#1:4]	-149.69	1.37927	-	-	-	-	O
C62134989      none	B	[O:1]=[C:2]([O-])!@[CX4H1:3][H:4]	89.9972	0.86741	-	-	-	-	O
C60442197      none	B	[O-:1][N+:2](=O)!@[c:3]([cH0])[cH,nX2H0:4]	90.0178	0.274725	-	-	-	-	O
C60442197      none	B	[aH0:1][c:2]([aH1])!@[SX4:3][!#1:4]	-109.977	1.0568	-	-	-	-	O
C60442197      none	B	[c:1][S:2](=O)(=O)!@[NX2H0-:3]-[*:4]	59.9943	8.33333	-	-	-	-	G
C60442197      none	B	[$(S(=O)(=O)):1][NH0:2]!@[c:3]([cH1])[cH0:4]	119.738	0	-	-	-	-	R
C60442197      none	B	[O-:1][N+:2](=O)!@[c:3]([cH0])[cH,nX2H0:4]	0.0199542	12.6374	-	-	-	-	G
C20594879      none	B	[!#1:1][CX4H2:2]!@[CX4H2:3][!#1:4]	180	58.554	-	-	-	-	G
C20594879      none	B	[!#1:1][CX4H2:2]!@[CX4H2:3][!#1:4]	179.999	58.554	-	-	-	-	G
C20594879      none	B	[!#1:1][CX4:2]!@[SX2:3][!#1:4]	90.0001	2.8728	-	-	-	-	G
C20594879      none	B	[aH0:1][c:2]([aH0])!@[SX2:3][!#1:4]	150.001	0.567303	-	-	-	-	O
C20594879      none	B	[*:1]~[NX2:2]!@[nX3:3]~[*:4]	-120.001	2.53906	-	-	-	-	G
C20594879      none	B	[cH1:1][c:2]([cH0])!@[CX3x0:3]=[NX2:4]	0.27239	6.02623	-	-	-	-	G
C20594879      none	B	[O-:1][N+:2](=O)!@[c:3]([cH,nX2H0])[cH,nX2H0:4]	179.985	23.2156	-	-	-	-	G
C62828356      none	B	[$([C](=O)):1][NX3:2]!@[a:3](s)[a:4]	150.259	0.851064	-	-	-	-	R
C62828356      none	B	[O:1]=[C:2]([O-])!@[c:3]([cH0])[cH0:4]	-179.77	20	-	-	-	-	G
C62828356      none	B	[O:1]=[CX3:2]!@[NX3H1:3][!#1:4]	-59.9946	0	-	-	-	-	R
C62828356      none	B	[O:1]=[CX3:2]!@[NX3H0:3][!#1:4]	0.313032	25.0866	-	-	-	-	G
C18198462      none	B	[cH1:1][c:2](cO)!@[O:3][C:4]	-89.7212	0.35524	-	-	-	-	R
C18198462      none	B	[a:1][c:2]!@[CX4H1:3][H:4]	-149.998	3.82796	-	-	-	-	G
C18198462      none	B	[cH1:1][c:2](cO)!@[O:3][C:4]	0.281296	49.3635	-	-	-	-	G
C18198462      none	B	[cH0:1][c:2]!@[CX4H1:3][a:4]	-60.9928	3.47123	-	-	-	-	G
C18198462      none	B	[cH1:1][c:2](cO)!@[O:3][C:4]	90.0215	0.310835	-	-	-	-	R
C18198462      none	B	[cH1:1][c:2](cO)!@[O:3][C:4]	89.9814	0.310835	-	-	-	-	R
C18198462      none	B	[cH0:1][c:2]([cH1])!@[O:3][C:4]	180	48.7454	-	-	-	-	G
C50265979      none	B	[!#1:1][CH2:2]!@[n:3][cH0:4]	135.002	0.318742	-	-	-	-	R
C50265979      none	B	[aH0:1][c:2]([aH1])!@[SX4:3][!#1:4]	-69.9996	15.3236	-	-	-	-	G
C50265979      none	B	[c:1][$(S(=O)=O):2]!@[NX3H1:3][c:4]	-60.0013	22.2603	-	-	-	-	G
C50265979      none	B	[$(S(=O)(=O)):1][NH1:2]!@[c:3]([cH0])[cH0:4]	89.6865	6.52174	-	-	-	-	G
C33312410      none	B	[aH0:1][c:2]([aH0])!@[SX4:3][!#1:4]	123.973	2.3743	-	-	-	-	G
C33312410      none	B	[!#1:1][CX4:2]!@[SX4:3][!#1:4]	59.998	11.0105	-	-	-	-	G
C33312410      none	B	[!#1:1][CX4H2:2]!@[CX4H2:3][!#1:4]	60.0048	3.99483	-	-	-	-	G
C33312410      none	B	[O:1]=[CX3:2]([NH1])!@[CH2:3][C:4]	59.9855	6.84932	-	-	-	-	G
C33312410      none	B	[O:1]=[CX3:2]!@[NX3H1:3][!#1:4]	0.0172806	63.7893	-	-	-	-	G
C33312410      none	B	[$(C=O):1][NX3:2]!@[$([a]([cH1])):3][$([aH0](!@O)):4]	-150.003	2.68293	-	-	-	-	G
C33312410      none	B	[cH0:1][c:2]([cH1])!@[O:3][C:4]	90.0421	0.6255	-	-	-	-	R
C33312410      none	B	[cH0:1][c:2]([cH1])!@[O:3][C:4]	180	48.7454	-	-	-	-	G
C59483916      none	B	[!#1:1][CH2:2]!@[n:3][cH0:4]	44.9777	0.0212495	-	-	-	-	R
C59483916      none	B	[!#1:1][CX4:2]!@[CX4:3][!#1:4]	60.011	12.3771	-	-	-	-	G
C59483916      none	B	[OX2:1][CX4:2]!@[CX4:3][N:4]	60.0081	15.2809	-	-	-	-	G
C59483916      none	B	[CX4:1][CX4H2:2]!@[NX3;"N_lp":3][CX4:4]	-156.359	6.65327	-	-	-	-	G
C66386897      none	B	[a:1][c:2]!@[C:3]([NH0])=[O:4]	59.9956	3.02778	-	-	-	-	G
C66386897      none	B	[cH0:1][c:2]([cH,nX2H0])!@[NX3H0:3][CX4:4]	30.284	1.46856	-	-	-	-	G
C66386897      none	B	[C:1][CX4:2]!@[CX3:3]=[O:4]	-3.14327	5.61823	-	-	-	-	G
C66386897      none	B	[O:1]=[CX3:2](a)!@[NX3H0:3][!#1:4]	-179.72	9.67842	-	-	-	-	G
C21280808      none	B	[!#1:1][CX4:2]!@[CX4:3][!#1:4]	59.9981	12.3771	-	-	-	-	G
C21280808      none	B	[!#1:1][CX4:2]!@[CX4:3][!#1:4]	179.997	22.1548	-	-	-	-	G
C21280808      none	B	[N:1][CX4:2]!@[CX3:3]=[O:4]	179.996	3.27555	-	-	-	-	G
C21280808      none	B	[$(C=O):1][NX3H0:2]!@[CX4H1:3][H:4]	179.992	19.1176	-	-	-	-	G
C21280808      none	B	[O:1]=[C:2]!@[O:3]~[C:4]	0.00757734	74.4927	-	-	-	-	G
C21280808      none	B	[$(C=O):1][O:2]!@[CH2:3]~[C:4]	179.999	23.3458	-	-	-	-	G
C21280808      none	B	[OX2:1][CX4H2:2]!@[CX3:3]([$([NX3H1,NX3H2])])=[O:4]	-150.002	0.714286	-	-	-	-	O
C21280808      none	B	[O:1]=[CX3:2]!@[NX3H1:3][!#1:4]	0.00113732	63.7893	-	-	-	-	G
C21280808      none	B	[$(C=O):1][NX3:2]!@[a:3][aH0:4]	-150	1.98526	-	-	-	-	O
C21280808      none	B	[$([c]([NH1,NH2])):1][c:2]!@[CX3:3]([!O])=[O:4]	-30.002	6.35359	-	-	-	-	G
C10339471      none	B	[!#1:1][CX4H2:2]!@[CX4H2:3][!#1:4]	179.998	58.554	-	-	-	-	G
C10339471      none	B	[!#1:1][CX4:2]!@[SX2:3][!#1:4]	60.0005	7.53739	-	-	-	-	G
C10339471      none	B	[aH0:1][c:2]([aH0])!@[SX2:3][!#1:4]	-119.997	1.95977	-	-	-	-	G
C35590527      none	B	[cH0:1][c:2]([cH,nX2H0])!@[NX3H0:3][CX4:4]	-120.005	1.65213	-	-	-	-	O
C35590527      none	B	[!#1:1][CH2:2]!@[n:3][cH0:4]	-90.0554	15.4696	-	-	-	-	G
C35590527      none	B	[!#1:1][CX4H2:2]!@[CX4H2:3][!#1:4]	59.9958	3.99483	-	-	-	-	G
C35590527      none	B	[$([CX3]=O):1][NX3H1:2]!@[CX4H2:3][C:4] 	-149.995	1.7769	-	-	-	-	O
C35590527      none	B	[O:1]=[CX3:2]!@[NX3H1:3][!#1:4]	-0.000162283	63.7893	-	-	-	-	G
C35590527      none	B	[cH1:1][c:2]([cH1])!@[C:3]([NH1,NH2])=[O:4]	152.997	9.05971	-	-	-	-	G
C35590527      none	B	[aH1:1][c:2]([aH1])!@[SX4:3][!#1:4]	29.999	0.225606	-	-	-	-	R
C35590527      none	B	[c:1][$(S(=O)=O):2]!@[NX3H0:3][C:4]	60.0004	7.00418	-	-	-	-	G
C38062370      none	B	[aH1:1][c:2]([aH1])!@[SX4:3][!#1:4]	-89.9938	12.5987	-	-	-	-	G
C38062370      none	B	[c:1][$(S(=O)=O):2]!@[NX3H1:3][C:4]	-90.0014	3.19032	-	-	-	-	G
C38062370      none	B	[$(S(=O)(=O)):1][NX3H1:2]!@[CX4H2:3][!#1:4]	120.006	2.14592	-	-	-	-	O
C38062370      none	B	[OX2:1][CX4:2]!@[CX4:3][N:4]	160.131	1.1236	-	-	-	-	O
C38062446      none	B	[!#1:1][CH2:2]!@[n:3][a:4]	44.9913	0.249004	-	-	-	-	O
C38062446      none	B	[!#1:1][CX4H2:2]!@[CX3:3]=[O:4]	90.0062	1.06654	-	-	-	-	G
C38062446      none	B	[O:1]=[CX3:2]!@[NX3H1:3][!#1:4]	0.00174636	63.7893	-	-	-	-	G
C38062446      none	B	[$([CX3]=O):1][NX3H1:2]!@[CX4H2:3][C:4] 	-149.996	1.7769	-	-	-	-	O
C38062446      none	B	[OX2:1][CX4:2]!@[CX4:3][N:4]	-60.1329	14.8764	-	-	-	-	G
C13190910      none	B	[!#1:1][CX4H1:2]!@[NX3:3][!#1:4]	89.9983	2.80893	-	-	-	-	G
C13190910      none	B	[a:1][c:2]!@[NX3H1:3][$([CX4r]([C;r])([C;r])):4]	-59.7289	0.568182	-	-	-	-	R
C13190910      none	B	[aH1:1][c:2]([aH1])!@[SX4:3][!#1:4]	89.9938	12.916	-	-	-	-	G
C13190910      none	B	[O-:1][N+:2](=O)!@[c:3]([cH0])[cH,nX2H0:4]	90.272	0.274725	-	-	-	-	O
C13190910      none	B	[*:1][$(S(=O)=O):2]!@[NX3H0r:3][*:4]	-89.7223	4.88152	-	-	-	-	G
C13190910      none	B	[O:1]=[C:2]([O-])!@[CX4H1:3][H:4]	89.9906	0.86741	-	-	-	-	O
C66580527      none	B	[!#1:1][CH2:2]!@[n:3][a:4]	-89.6794	13.2844	-	-	-	-	G
C66580527      none	B	[aH1:1][c:2]([aH1])!@[SX4:3][!#1:4]	-90.0055	12.5987	-	-	-	-	G
C66580527      none	B	[c:1][S:2](=O)(=O)!@[NX2H0-:3]-[*:4]	90.0093	2.77778	-	-	-	-	G
C66580527      none	B	[$(S(=O)(=O)):1][NH0:2]!@[c:3]([cH1])[cH1:4]	-60.2862	0.826446	-	-	-	-	G
C66580527      none	B	[$(S(=O)(=O)):1][NH0:2]!@[c:3]([cH1])[cH1:4]	-59.7471	0.826446	-	-	-	-	G
C49532837      none	B	[a:1][c:2]!@[CX4H1:3][N,O:4]	119.997	3.12238	-	-	-	-	G
C49532837      none	B	[$(C=O):1][NX3H1:2]!@[CX4H1:3][H:4]	-59.9973	1.23735	-	-	-	-	G
C49532837      none	B	[O:1]=[CX3:2]([$([NX3H1]C)])!@[NX3H1:3][!#1:4]	-0.00321099	41.1343	-	-	-	-	G
C49532837      none	B	[O:1]=[CX3:2]([$([NX3H1]C)])!@[NX3H1:3][!#1:4]	0.00171351	41.1343	-	-	-	-	G
C49532837      none	B	[$([CX3]=O):1][NX3H1:2]!@[CX4H2:3][C:4] 	-59.9945	1.43139	-	-	-	-	G
C49532837      none	B	N[C:2](=[O:1])!@[CH2:3][N:4]	149.991	3.125	-	-	-	-	G
C49532837      none	B	[O:1]=[CX3:2]!@[NX3H1:3][!#1:4]	-0.00198061	63.7893	-	-	-	-	G
C49532837      none	B	[$([CX3]=O):1][NX3H1:2]!@[CX4H2:3][C:4] 	179.998	6.46594	-	-	-	-	G
C49532837      none	B	[NH1:1][CX4:2]!@[CX3:3]=[O:4]	-119.999	0.275693	-	-	-	-	G
C00135647      none	B	[OX2:1][CX4:2]!@[CX4:3][N:4]	-160.005	1.21348	-	-	-	-	O
C00135647      none	B	[CX4:1][CX4H2:2]!@[NX3:3][CX4:4]	120.286	0.688976	-	-	-	-	R
C56214103      none	B	[$(S(=O)(=O)):1][NX3H0:2]!@[CX4H2:3][!#1:4]	-90	8.83621	-	-	-	-	G
C56214103      none	B	[c:1][$(S(=O)=O):2]!@[NX3H0:3][C:4]	89.9993	4.81691	-	-	-	-	G
C56214103      none	B	N[C:2](=[O:1])!@[CH2:3][N:4]	150.003	3.125	-	-	-	-	G
C56214103      none	B	[*:1]~[CX3:2]!@[NX2:3]~[*:4]	-120.004	0.122371	-	-	-	-	G
C56214103      none	B	[aH0:1][c:2]([aH1])!@[SX4:3][!#1:4]	-70.3264	15.3236	-	-	-	-	G
C43827777      none	B	[O:1]=[C:2]!@[O:3]~[C:4]	-0.00150119	74.4927	-	-	-	-	G
C43827777      none	B	[$([cH0]!@[*^2]):1][c:2]([cH1])!@[CX3:3]=[O:4]	120.004	1.0199	-	-	-	-	O
C43827777      none	B	[O-:1][N+:2](=O)!@[c:3]([cH,nX2H0])[cH,nX2H0:4]	179.977	23.2156	-	-	-	-	G
C43827777      none	B	[cH0:1][c:2]([cH,nX2H0])!@[NX3H0:3][CX4:4]	-29.6287	1.28499	-	-	-	-	O
C43827777      none	B	[O:1]=[C:2]([O-])!@[CX4H1:3][H:4]	-0.00265747	0.495663	-	-	-	-	O
C43570375      none	B	[cH0:1][c:2]([cH1])!@[CX3:3]([NX3H0])=[O:4]	59.976	6.54545	-	-	-	-	G
C43570375      none	B	[O-:1][N+:2](=O)!@[c:3]([cH,nX2H0])[cH,nX2H0:4]	180	23.2156	-	-	-	-	G
C43570375      none	B	[O:1]=[CX3:2](a)!@[NX3H0:3][!#1:4]	30.3204	0.896722	-	-	-	-	R
C43570375      none	B	[O:1]=[C:2]([O-])!@[CX4H1:3][H:4]	-0.00432456	0.495663	-	-	-	-	O
C59461125      none	B	[cH1:1][c:2]([nX2])!@[O:3][C:4]	-179.721	59.0909	-	-	-	-	G
C59461125      none	B	[$(S(=O)(=O)):1][N:2]!@[c:3][a:4]	-59.9919	1.85547	-	-	-	-	G
C59461125      none	B	[nX2:1][c:2]([nX2])!@[O:3][C:4]	180	41.4474	-	-	-	-	G
C59461125      none	B	[c:1][S:2](=O)(=O)!@[NX2H0-:3]-[*:4]	-90.0034	2.77778	-	-	-	-	G
C59461125      none	B	[aH1:1][c:2]([aH1])!@[SX4:3][!#1:4]	-89.7394	12.5987	-	-	-	-	G
C59461125      none	B	[*:1]~[cX3:2]!@[NX2:3]~[*:4]	119.991	1.45599	-	-	-	-	O
C59461125      none	B	[cH1:1][c:2]([cH0])!@[CX3x0:3]=[NX2:4]	150.275	0.0708968	-	-	-	-	G
C59461125      none	B	[O-:1][N+:2](=O)!@[c:3]([cH0])[cH,nX2H0:4]	90.2963	0.274725	-	-	-	-	O
C02380380      none	B	[!#1:1][CX4:2]!@[SX2:3][!#1:4]	-160.004	3.18377	-	-	-	-	G
C02380380      none	B	[!#1:1][CX4H2:2]!@[CX4H2:3][!#1:4]	179.998	58.554	-	-	-	-	G
C02380380      none	B	[!#1:1][CX4:2]!@[CX4:3][!#1:4]	-59.9951	12.2558	-	-	-	-	G
C02380380      none	B	[O:1]=[C:2]([O-])!@[CX4H1:3][H:4]	89.9998	0.86741	-	-	-	-	O
C02380380      none	B	[$(C=O):1][NX3H1:2]!@[CX4H1:3][H:4]	-30.0033	6.97413	-	-	-	-	G
C02380380      none	B	[O:1]=[CX3:2]!@[NX3H1:3][!#1:4]	-0.00278311	63.7893	-	-	-	-	G
C02380380      none	B	[cH1:1][c:2]([cH1])!@[C:3]([NH1,NH2])=[O:4]	27.0015	8.08167	-	-	-	-	G
C63521356      none	B	[C:1][CX4:2]!@[CX3:3]=[O:4]	-176.528	0.827213	-	-	-	-	G
C63521356      none	B	[CX3:1]=[CX3:2]!@[CH2:3][OX2:4]	120.264	6.41221	-	-	-	-	G
C63521356      none	B	[O:1]=[CX3:2]!@[NX3H1:3][!#1:4]	0.0100885	63.7893	-	-	-	-	G
C06780782      none	B	[CX3:1]=[CX3:2]!@[CH2:3][!#1:4]	119.999	8.78049	-	-	-	-	G
C06780782      none	B	[$([CX3]=O):1][NX3H0:2](C)!@[CX4H2:3][C:4]	89.9911	14.7513	-	-	-	-	G
C06780782      none	B	[a:1][c:2]!@[CX3:3]=[CX3H0:4]	-89.6958	1.59557	-	-	-	-	G
C40543525      none	B	[aH1:1][c:2]([aH1])!@[SX4:3][!#1:4]	89.9983	12.916	-	-	-	-	G
C40543525      none	B	[$(C=O):1][NX3H1:2]!@[c:3]([cH1])[cH1:4]	-149.98	5.07451	-	-	-	-	G
C40543525      none	B	[O:1]=[CX3:2]!@[NX3H1:3][!#1:4]	30.0055	0.0707142	-	-	-	-	O
C40543525      none	B	[O:1]=[CX3:2]!@[NX3H0:3][!#1:4]	30.3026	0.680979	-	-	-	-	O
C40543525      none	B	[O:1]=[C:2]([O-])!@[CX4H1:3][H:4]	-0.0018921	0.495663	-	-	-	-	O
C32893683      none	B	[cH1,nX2H0:1][c:2]([cH1,nX2H0])!@[NX3r:3][*:4]	-119.734	2.61442	-	-	-	-	O
C32893683      none	B	[O:1]=[CX3:2](a)!@[NX3H0:3][!#1:4]	-179.99	9.67842	-	-	-	-	G
C32893683      none	B	[$([c]([NH1,NH2])):1][c:2]!@[CX3:3]([!O])=[O:4]	90.2655	0	-	-	-	-	R
C01414963      none	B	[*:1]~[CX3:2]!@[OX2:3]~[*:4]	-59.9999	0.0682654	-	-	-	-	G
C01414963      none	B	[*:1]~[CX3:2]!@[OX2:3]~[*:4]	89.9953	0.0735165	-	-	-	-	O
C01414963      none	B	[!#1:1][CX4:2]!@[CX3H0:3][!#1:4]	179.977	7.26386	-	-	-	-	G
C44608181      none	B	[O:1]=[CX3:2]!@[NX3H1:3][!#1:4]	-0.00329401	63.7893	-	-	-	-	G
C44608181      none	B	[$(C=O):1][NX3H1:2]!@[CX4H1:3][H:4]	-59.994	1.23735	-	-	-	-	G
C44608181      none	B	[OX2:1][CX4:2]!@[CX4:3][OX2:4]	179.909	13.4277	-	-	-	-	G
C21324071      none	B	[aH1:1][c:2]([aH1])!@[SX4:3][!#1:4]	-70.0011	5.44275	-	-	-	-	G
C21324071      none	B	[O:1]=[C:2]([O-])!@[c:3]([cH1])[cH0:4]	-0.00403171	8.88889	-	-	-	-	G
C21324071      none	B	[*:1][$(S(=O)=O):2]!@[NX3H0r:3][*:4]	60.2679	7.32227	-	-	-	-	G
C21324071      none	B	[C:1][CX4:2]!@[CX3:3]=[O:4]	119.963	3.75937	-	-	-	-	G
C17142521      none	B	[*:1]~[CX4:2]!@[n:3]~[*:4]	179.999	3.53397	-	-	-	-	G
C17142521      none	B	[CX3:1]=[CX3:2]!@[CH2:3][OX2:4]	-119.999	9.31298	-	-	-	-	G
C38718070      none	B	[aH1:1][c:2]([aH1])!@[SX4:3][!#1:4]	90.0017	12.916	-	-	-	-	G
C38718070      none	B	[c:1][$(S(=O)=O):2]!@[NX3H1:3][C:4]	59.9982	14.5215	-	-	-	-	G
C38718070      none	B	[$(S(=O)(=O)):1][NX3H1:2]!@[CX4H1:3][H:4]	0.00291371	7.36648	-	-	-	-	G
C06525979      none	B	[a:1][c:2]!@[C:3]([NH1,NH2])=[O:4]	-119.999	0.626362	-	-	-	-	G
C06525979      none	B	[*:1]~[CX4:2]!@[n:3]~[*:4]	60.0076	3.54922	-	-	-	-	G
C06525979      none	B	[O:1]=[CX3:2]!@[NX3H1:3][!#1:4]	0.00412419	63.7893	-	-	-	-	G
C06525979      none	B	[*:1]~[NX3:2]!@[nX3:3]~[*:4]	120.303	4.96894	-	-	-	-	G
C06525979      none	B	[O-:1][N+:2](=O)!@[c:3]([cH,nX2H0])[cH,nX2H0:4]	179.964	23.2156	-	-	-	-	G
C62676425      none	B	[O-:1][N+:2](=O)!@[c:3]([cH,nX2H0])[cH,nX2H0:4]	0.00230671	22.9313	-	-	-	-	G
C62676425      none	B	[!#1:1][CH2:2]!@[n:3][cH0:4]	89.9993	14.7896	-	-	-	-	G
C62676425      none	B	[!#1:1][CX4H2:2]!@[CX3:3]=[O:4]	90.0014	1.06654	-	-	-	-	G
C62676425      none	B	[*^2:1]~[C^2:2]([!H])!@[C^2:3]~[*^2:4]	119.993	0.806964	-	-	-	-	G
C62676425      none	B	[*:1]~[CX3:2]!@[NX3:3]~[*:4]	150.001	0.571247	-	-	-	-	G
C62676425      none	B	[C:1][CX4:2]!@[NX3:3][C:4]	-48.1616	2.78324	-	-	-	-	O
C06499684      none	B	[cH1:1][c:2]([cH1])!@[C:3]([NH1,NH2])=[O:4]	180	3.89499	-	-	-	-	G
C06499684      none	B	[cH1:1][c:2]([cH1])!@[O:3][C:4]	-30.0014	0.195465	-	-	-	-	O
C06499684      none	B	[C:1][CX4H2:2]!@[OX2:3][c:4]	119.998	0.336913	-	-	-	-	R
C06499684      none	B	[OX2:1][CX4:2]!@[CX4:3][OX2:4]	-59.9949	16.2177	-	-	-	-	G
C06499684      none	B	[OX2:1][CX4:2]!@[CX4:3][OX2:4]	-79.9879	2.4811	-	-	-	-	G
C42747817      none	B	[aH0:1][c:2]([aH1])!@[SX4:3][!#1:4]	-150.018	0.1321	-	-	-	-	R
C42747817      none	B	[*:1][$(S(=O)=O):2]!@[NX3H0r:3][*:4]	-119.727	0.995261	-	-	-	-	G
C42747817      none	B	[C:1][CX4:2]!@[CX3:3]=[O:4]	0.0656747	5.61823	-	-	-	-	G
C39926971      none	B	[!#1:1][CX3:2]!@[SX2:3][!#1:4]	150	0.64006	-	-	-	-	R
C39926971      none	B	[!#1:1][CX4:2]!@[SX2:3][!#1:4]	-59.9979	7.13757	-	-	-	-	G
C39926971      none	B	[!#1:1][CX4H2:2]!@[CX3:3]=[O:4]	-90.0067	1.11373	-	-	-	-	G
C39926971      none	B	[O:1]=[CX3:2]!@[NX3H1:3][!#1:4]	0.0184181	63.7893	-	-	-	-	G
C39926971      none	B	[$(C=O):1][NX3H1:2]!@[c:3]([cH1])[cH1:4]	29.9943	5.05437	-	-	-	-	G
C39926971      none	B	[aH1:1][c:2]([aH1])!@[SX4:3][!#1:4]	90.0124	12.916	-	-	-	-	G
C39926971      none	B	[c:1][$(S(=O)=O):2]!@[NX3H1:3][C:4]	147	0	-	-	-	-	R
C39926971      none	B	[!#1:1][CX4:2]!@[NX3:3][!#1:4]	29.9977	0.392826	-	-	-	-	G
C39926971      none	B	[O:1]=[C:2]([O-])!@[CX4H1:3][H:4]	-0.00963161	0.495663	-	-	-	-	O
C40532987      none	B	[$(C=O):1][NX3H1:2]!@[CX4H1:3][H:4]	-0.000357852	8.26772	-	-	-	-	G
C40532987      none	B	[O:1]=[CX3:2]([$([NX3H1]C)])!@[NX3H1:3][!#1:4]	0.00483439	41.1343	-	-	-	-	G
C40532987      none	B	[O:1]=[CX3:2]([$([NX3H1]C)])!@[NX3H1:3][!#1:4]	-0.00430385	41.1343	-	-	-	-	G
C40532987      none	B	[$([CX3]=O):1][NX3H1:2]!@[CX4H2:3][C:4] 	-59.9941	1.43139	-	-	-	-	G
C40532987      none	B	N[C:2](=[O:1])!@[CH2:3][N:4]	149.998	3.125	-	-	-	-	G
C40532987      none	B	[O:1]=[CX3:2]!@[NX3H1:3][!#1:4]	0.00380761	63.7893	-	-	-	-	G
C40532987      none	B	[$([CX3]=O):1][NX3H1:2]!@[CX4H2:3][C:4] 	180	6.46594	-	-	-	-	G
C40532987      none	B	[NH1:1][CX4:2]!@[CX3:3]=[O:4]	-119.999	0.275693	-	-	-	-	G
C36330079      none	B	[!#1:1][CX4:2]!@[CX4:3][!#1:4]	60.0015	12.3771	-	-	-	-	G
C36330079      none	B	[$(C=O):1][NX3H1:2]!@[CX4H1:3][H:4]	29.9961	9.46757	-	-	-	-	G
C36330079      none	B	[O:1]=[CX3:2]!@[NX3H1:3][!#1:4]	0.00125239	63.7893	-	-	-	-	G
C36330079      none	B	[$([cH0]Cl):1][c:2]([cH1])!@[CX3:3]([NX3H1])=[O:4]	-60.0025	9.83607	-	-	-	-	G
C36330079      none	B	[aH0:1][c:2]([aH1])!@[SX4:3][!#1:4]	-70.0189	15.3236	-	-	-	-	G
C36330079      none	B	[c:1][S:2](=O)(=O)!@[NX2H0-:3]-[*:4]	-90.0062	2.77778	-	-	-	-	G
C36330079      none	B	[$(S(=O)(=O)):1][NH0:2]!@[c:3]([cH1])[cH0:4]	-120.275	0	-	-	-	-	R
C36330079      none	B	[cH0:1][c:2]([cH1])!@[O:3][C:4]	179.998	48.7454	-	-	-	-	G
C36330079      none	B	[cH0:1][c:2]([cH1])!@[O:3][C:4]	89.9965	0.6255	-	-	-	-	R
C06007503      none	B	[*:1]~[NX3:2]!@[NX2:3]~[*:4]	179.997	29.4914	-	-	-	-	G
C06007503      none	B	[a:1][a:2]!@[NX3:3][!#1:4]	150.271	1.85775	-	-	-	-	O
C06007503      none	B	[*:1][$(S(=O)=O):2]!@[NX3H0r:3][*:4]	-59.9972	8.17536	-	-	-	-	G
C09695527      none	B	[*^2:1]~[C^2:2]([!H])!@[C^2:3]~[*^2:4]	89.9761	1.26539	-	-	-	-	G
C09695527      none	B	[CX3:1]=[CX3:2]!@[CH2:3][C:4]	-60.0008	0.0339559	-	-	-	-	O
C09695527      none	B	[*^2:1]~[C^2:2]([!H])!@[C^2:3]~[*^2:4]	29.9871	1.05249	-	-	-	-	G
C09695527      none	B	[O:1]=[C:2]!@[O:3]~[C:4]	0.00462707	74.4927	-	-	-	-	G
C09695527      none	B	[C:1][CX4H2:2]!@[CX3:3]=[O:4]	149.991	0.811124	-	-	-	-	R
C09695527      none	B	[O:1]=[C:2]!@[O:3]~[C:4]	0.0137911	74.4927	-	-	-	-	G
C09695527      none	B	[O:1]=[C:2]!@[O:3]~[C:4]	0.00823136	74.4927	-	-	-	-	G
C09044625      none	B	[*:1][$(S(=O)=O):2]!@[NX3H0r:3][*:4]	-89.7207	4.88152	-	-	-	-	G
C09044625      none	B	[C:1][CX4:2]!@[CX3:3]=[O:4]	29.9242	3.28614	-	-	-	-	G
C09044625      none	B	[O:1]=[CX3:2]!@[NX3H1:3][!#1:4]	0.00459666	63.7893	-	-	-	-	G
C09044625      none	B	[$([CX3]=O):1][NX3H1:2]!@[CX4H2:3][C:4] 	-60.003	1.43139	-	-	-	-	G
C09044625      none	B	[!#1:1][CX4:2]!@[CX4:3][!#1:4]	-80.0019	1.71775	-	-	-	-	G
C09044625      none	B	[a:1][c:2]!@[CX4H1:3][H:4]	-0.0135748	6.54616	-	-	-	-	G
C09044625      none	B	[H:1][CX4H1:2]!@[SX4:3][!#1:4]	-32.2479	2.9563	-	-	-	-	O
C09044625      none	B	[aH1:1][c:2]([aH1])!@[SX4:3][!#1:4]	90.2742	12.916	-	-	-	-	G
C03861773      none	B	[H:1][CX4H1:2]!@[O:3][CX4:4]	-40.001	11.8876	-	-	-	-	G
C03861773      none	B	[OX2:1][CX4:2]!@[CX4:3][OX2:4]	-59.9477	16.2177	-	-	-	-	G
C35383589      none	B	[cH1:1][c:2]([cH1])!@[C:3]([NH1,NH2])=[O:4]	-27.008	8.39053	-	-	-	-	G
C35383589      none	B	[O:1]=[CX3:2]!@[NX3H1:3][!#1:4]	-0.00246925	63.7893	-	-	-	-	G
C35383589      none	B	[$([CX3]=O):1][NX3H1:2]!@[CX4H2:3][C:4] 	-59.9923	1.43139	-	-	-	-	G
C35383589      none	B	N[C:2](=[O:1])!@[CH2:3][N:4]	150.001	3.125	-	-	-	-	G
C35383589      none	B	[O:1]=[CX3:2]!@[NX3H1:3][!#1:4]	-0.00570681	63.7893	-	-	-	-	G
C35383589      none	B	[$([CX3]=O):1][NX3H1:2]!@[CX4H2:3][C:4] 	180	6.46594	-	-	-	-	G
C35383589      none	B	[NH1:1][CX4:2]!@[CX3:3]=[O:4]	-120	0.275693	-	-	-	-	G
C50279804      none	B	[NH1:1][CX4:2]!@[CX3:3]=[O:4]	-119.999	0.275693	-	-	-	-	G
C50279804      none	B	[$(C=O):1][NX3H1:2]!@[CX4H0:3][C:4]	-59.9976	14.7253	-	-	-	-	G
C50279804      none	B	[O:1]=[CX3:2]([$([NX3H1]C)])!@[NX3H1:3][!#1:4]	-0.00960058	41.1343	-	-	-	-	G
C50279804      none	B	[O:1]=[CX3:2]([$([NX3H1]C)])!@[NX3H1:3][!#1:4]	0.0138197	41.1343	-	-	-	-	G
C50279804      none	B	[$([CX3]=O):1][NX3H1:2]!@[CX4H2:3][C:4] 	59.9895	1.1846	-	-	-	-	O
C50279804      none	B	[OX2:1][CX4H2:2]!@[CX4H2:3][N:4]	60.0067	17.6955	-	-	-	-	G
C50279804      none	B	[C:1][CX4H2:2]!@[OX2:3][c:4]	119.997	0.336913	-	-	-	-	R
C50279804      none	B	[cH1:1][c:2]([cH1])!@[O:3][C:4]	150.284	0.199809	-	-	-	-	O
C61177207      none	B	[N:1][CX4:2]!@[CX3:3]=[O:4]	-30.0133	5.37503	-	-	-	-	G
C61177207      none	B	[$(C=O):1][NX3H0:2]!@[CX4H0:3][C:4]	180	10.4054	-	-	-	-	G
C61177207      none	B	[O:1]=[CX3:2]!@[NX3H0:3][!#1:4]	-30.0052	0.692521	-	-	-	-	O
C61177207      none	B	[O:1]=[CX3:2]!@[NX3H0:3][!#1:4]	-29.6806	0.692521	-	-	-	-	O
C54293849      none	B	[$(S(=O)(=O)):1][NH0:2]!@[c:3]([cH1])[cH0:4]	-59.9989	0	-	-	-	-	R
C54293849      none	B	[c:1][S:2](=O)(=O)!@[NX2H0-:3]-[*:4]	-90.0014	2.77778	-	-	-	-	G
C54293849      none	B	[aH1:1][c:2]([aH1])!@[SX4:3][!#1:4]	-89.7241	12.5987	-	-	-	-	G
C64475554      none	B	[c:1][$(S(=O)=O):2]!@[NX3H1:3][C:4]	59.9989	14.5215	-	-	-	-	G
C64475554      none	B	[aH1:1][c:2]([aH1])!@[SX4:3][!#1:4]	-89.7157	12.5987	-	-	-	-	G
C64475554      none	B	[aH1:1][c:2]([aH1])!@[SX4:3][!#1:4]	90.0003	12.916	-	-	-	-	G
C64475554      none	B	[c:1][S:2](=O)(=O)!@[NX2H0-:3]-[*:4]	89.9998	2.77778	-	-	-	-	G
C64475554      none	B	[$(S(=O)(=O)):1][NH0:2]!@[c:3]([cH1])[cH1:4]	-90.2793	17.7686	-	-	-	-	G
C64475554      none	B	[a:1][ar6:2]!@[ar5:3][a:4]	-179.682	7.27752	-	-	-	-	G
C40987535      none	B	[$(S(=O)(=O)):1][N:2]!@[c:3][a:4]	30.0021	2.05078	-	-	-	-	G
C40987535      none	B	[c:1][S:2](=O)(=O)!@[NX2H0-:3]-[*:4]	59.9956	8.33333	-	-	-	-	G
C40987535      none	B	[aH1:1][c:2]([aH1])!@[SX4:3][!#1:4]	-89.7263	12.5987	-	-	-	-	G
C40987535      none	B	[$(C=O):1][NX3H1:2]!@[c:3]([cH1])[cH1:4]	-30.0319	5.05437	-	-	-	-	G
C40987535      none	B	[O:1]=[CX3:2]!@[NX3H1:3][!#1:4]	0.0018386	63.7893	-	-	-	-	G
C40987535      none	B	[a:1][c:2]!@[C:3]([NH1,NH2])=[O:4]	60.322	0.626362	-	-	-	-	G
C40987535      none	B	[*:1]~[CX4:2]!@[n:3]~[*:4]	30.0072	3.02094	-	-	-	-	G
C03775835      none	B	[cH0:1][c:2]([cH,nX2H0])!@[NX3H1:3][CX4:4]	0.00131027	0.286123	-	-	-	-	R
C03775835      none	B	[*:1]~[CX4:2]!@[n:3]~[*:4]	60.001	3.54922	-	-	-	-	G
C03775835      none	B	[OX2:1][CX4:2]!@[CX4:3][OX2:4]	-55.7198	16.2177	-	-	-	-	G
C61714065      none	B	[a:1][a:2]!@[NX3:3][!#1:4]	-30.0001	1.93298	-	-	-	-	O
C61714065      none	B	[a:1][c:2]!@[C:3]([NH0])=[O:4]	-60.0037	3.63889	-	-	-	-	G
C61714065      none	B	[O:1]=[CX3:2](a)!@[NX3H0:3][!#1:4]	150.31	2.50464	-	-	-	-	G
C13028682      none	B	[aH1:1][c:2]([aH1])!@[SX4:3][!#1:4]	69.9989	5.04089	-	-	-	-	G
C13028682      none	B	[*:1][$(S(=O)=O):2]!@[NX3H0r:3][*:4]	60.3178	7.32227	-	-	-	-	G
C13028682      none	B	[O:1]=[C:2]([O-])!@[CX4H1:3][H:4]	0.00755982	0.495663	-	-	-	-	O
C08652273      none	B	[*:1]~[CX4:2]!@[n:3]~[*:4]	-89.9969	3.28413	-	-	-	-	G
C08652273      none	B	[OX2:1][CX4:2]!@[CX4:3][OX2:4]	56.8162	14.3222	-	-	-	-	G
C22058251      none	B	[*:1]~[CX4:2]!@[n:3]~[*:4]	150.005	3.15253	-	-	-	-	G
C22058251      none	B	[OX2:1][CX4:2]!@[CX4:3][OX2:4]	-175.548	13.4277	-	-	-	-	G
C33629985      none	B	[cH1:1][c:2](cO)!@[O:3][C:4]	0.276827	49.3635	-	-	-	-	G
C33629985      none	B	[a:1][c:2]!@[CX4H1:3][N,O:4]	25.9775	3.56196	-	-	-	-	G
C33629985      none	B	[cH1:1][c:2](cO)!@[O:3][C:4]	-0.254956	49.3635	-	-	-	-	G
C33629985      none	B	[$(cO):1][c:2](cO)!@[O:3][C:4]	90.0024	10.8863	-	-	-	-	G
C33629985      none	B	[C:1][CX4H2:2]!@[NX3;"N_lp":3][C:4]	-160.002	6.16939	-	-	-	-	G
C33629985      none	B	N[C:2](=[O:1])!@[CH2:3][N:4]	-119.995	0.892857	-	-	-	-	G
C61713608      none	B	[aH0:1][c:2]([aH0])!@[SX4:3][!#1:4]	-113.858	5.86592	-	-	-	-	G
C61713608      none	B	[*:1][$(S(=O)=O):2]!@[NX3H0r:3][*:4]	-119.688	0.995261	-	-	-	-	G
C41480503      none	B	[a:1][a:2]!@[NX3:3][!#1:4]	-119.999	1.58818	-	-	-	-	O
C41480503      none	B	[cH1:1][c:2]([cH0])!@[NX3:3][a:4]	30.2862	5.36829	-	-	-	-	G
C40713826      none	B	[cH0:1][c:2]([cH,nX2H0])!@[NX3H0:3][CX4:4]	89.9968	2.06517	-	-	-	-	G
C40713826      none	B	[C:1][CX4:2]!@[NX3:3][C:4]	-118.616	2.68693	-	-	-	-	O
C44124456      none	B	[OX2:1][CX4:2]!@[CX4:3][OX2:4]	-160.003	0.511128	-	-	-	-	G
C44124456      none	B	[OX2:1][CX4:2]!@[CX4:3][OX2:4]	-39.9923	0.393994	-	-	-	-	G
C44124456      none	B	[OX2:1][CX4:2]!@[CX4:3][OX2:4]	40.0035	0.511128	-	-	-	-	G
C44124456      none	B	[OX2:1][CX4:2]!@[CX4:3][OX2:4]	79.9922	2.87509	-	-	-	-	G
C44124456      none	B	[!#1:1][CX4:2]!@[CX4:3][!#1:4]	179.995	22.1548	-	-	-	-	G
C40556986      none	B	[!#1:1][CX4:2]!@[CX4:3][!#1:4]	180	22.1548	-	-	-	-	G
C40556986      none	B	[NH1:1][CX4:2]!@[CX3:3]=[O:4]	120.003	0.41354	-	-	-	-	G
C40556986      none	B	[$(C=O):1][NX3H1:2]!@[CX4H0:3][C:4]	59.9889	13.3187	-	-	-	-	G
C40556986      none	B	[O:1]=[CX3:2]([$([NX3H1]C)])!@[NX3H1:3][!#1:4]	0.0111571	41.1343	-	-	-	-	G
C40556986      none	B	[O:1]=[CX3:2]([$([NX3H1]C)])!@[NX3H1:3][!#1:4]	-0.00336509	41.1343	-	-	-	-	G
C40556986      none	B	[$([CX3]=O):1][NX3H1:2]!@[CX4H2:3][C:4] 	-149.997	1.7769	-	-	-	-	O
C40556986      none	B	[!#1:1][CX4H2:2]!@[CX4H2:3][!#1:4]	180	58.554	-	-	-	-	G
C40556986      none	B	[!#1:1][CX4H2:2]!@[CX4H2:3][!#1:4]	180	58.554	-	-	-	-	G
C40556986      none	B	[C:1][CH2:2]!@[O:3][CX4:4]	160.005	5.67469	-	-	-	-	G
C40556986      none	B	[C:1][CH2:2]!@[O:3][CX4:4]	180	35.2689	-	-	-	-	G
C41068344      none	B	[O:1]=[CX3:2]!@[NX3H0:3][!#1:4]	-29.9989	0.692521	-	-	-	-	O
C41068344      none	B	[O:1]=[CX3:2]!@[NX3H0:3][!#1:4]	-29.7165	0.692521	-	-	-	-	O
C41068344      none	B	[*:1][$(S(=O)=O):2]!@[NX3H0r:3][*:4]	60.0063	7.32227	-	-	-	-	G
C41068344      none	B	[aH0:1][c:2]([aH1])!@[SX4:3][!#1:4]	-150.331	0.1321	-	-	-	-	R
C65074590      none	B	[$([cH0][OH0]):1][c:2]([cH1])!@[C:3](=O)[NH1:4]	-0.0364689	33.9844	-	-	-	-	G
C65074590      none	B	[aH0:1][c:2]!@[OX2:3][!#1:4]	-134.992	0.724906	-	-	-	-	R
C65074590      none	B	[cH1:1][c:2]([cH1])!@[O:3][c:4]	-89.7392	3.72585	-	-	-	-	G
C65074590      none	B	[$(S(=O)(=O)):1][NH0:2]!@[c:3]([cH1])[cH1:4]	119.974	2.06612	-	-	-	-	G
C65074590      none	B	[c:1][S:2](=O)(=O)!@[NX2H0-:3]-[*:4]	-60.0065	11.1111	-	-	-	-	G
C65074590      none	B	[aH0:1][c:2]([aH1])!@[SX4:3][!#1:4]	-90.327	5.01982	-	-	-	-	O
C65074590      none	B	[O:1]=[CX3:2]!@[NX3H1:3][!#1:4]	-0.00994254	63.7893	-	-	-	-	G
C65074590      none	B	[$([CX3]=O):1][NX3H1:2]!@[CX4H2:3][C:4] 	-89.9912	7.35439	-	-	-	-	G
C65074590      none	B	[OX2:1][CX4:2]!@[CX4:3][N:4]	-162.104	1.21348	-	-	-	-	O
CHEMBL388746      none	B	[a:1][c:2]!@[CX4H2:3][a:4]	89.9946	4.86842	-	-	-	-	G
CHEMBL388746      none	B	[!#1:1][CH2:2]!@[n:3][a:4]	-89.6872	13.2844	-	-	-	-	G
CHEMBL388746      none	B	[a,!nX2H0:1][a:2]([!nX2H0])!@[a:3]([nX2H0])[nX2H0:4]	179.955	32.5	-	-	-	-	G
CHEMBL388746      none	B	[cH0:1][c:2]!@[CX4H2:3][CX4:4]	90.0033	18.5823	-	-	-	-	G
CHEMBL388746      none	B	[!#1:1][CX4:2]!@[CX4:3][!#1:4]	79.9975	1.75235	-	-	-	-	G
CHEMBL388746      none	B	[O:1]=[C:2]([O-])!@[CX4H1:3][H:4]	0.00322236	0.495663	-	-	-	-	O
C20480374      none	B	[cH1:1][c:2]([cH1])!@[C:3]([NH1,NH2])=[O:4]	26.9735	8.08167	-	-	-	-	G
C20480374      none	B	[O:1]=[CX3:2]!@[NX3H1:3][!#1:4]	-0.000770887	63.7893	-	-	-	-	G
C20480374      none	B	[$(C=O):1][NX3H1:2]!@[CX4H1:3][H:4]	-30.0044	6.97413	-	-	-	-	G
C20480374      none	B	[!#1:1][CX4:2]!@[CX4:3][!#1:4]	180	22.1548	-	-	-	-	G
C20480374      none	B	[O:1]=[C:2]([O-])!@[CX4H1:3][H:4]	-0.00669787	0.495663	-	-	-	-	O
C20480374      none	B	[n,o,s:1][c:2]!@[CX4H2:3][CX4:4]	29.9911	1.42109	-	-	-	-	O
C06850845      none	B	[C:1][CX4H2:2]!@[OX2:3][c:4]	149.998	0.884397	-	-	-	-	O
C06850845      none	B	[cH1:1][c:2](cO)!@[O:3][C:4]	-59.9965	0.103612	-	-	-	-	R
C06850845      none	B	[cH1:1][c:2](cO)!@[O:3][C:4]	90.2683	0.310835	-	-	-	-	R
C06850845      none	B	[c:1][CX4H2:2]!@[OX2:3][c:4]	150.004	1.03538	-	-	-	-	R
C06850845      none	B	[a:1][c:2]!@[CX4H2:3][!#1:4]	0.306505	2.24426	-	-	-	-	O
C35302385      none	B	[$(C=O):1][NX3:2]!@[a:3][aH0:4]	-119.722	2.3332	-	-	-	-	G
C35302385      none	B	[a:1][c:2]!@[CX3:3]=[CX3H0:4]	-119.722	3.00312	-	-	-	-	G
C35302385      none	B	[cH0:1][c:2]([cH,nX2H0])!@[NX3H0:3][CX4:4]	-90.0216	1.8357	-	-	-	-	O
C35302385      none	B	[O-:1][N+:2](=O)!@[c:3]([cH0])[cH,nX2H0:4]	0.276764	12.6374	-	-	-	-	G
C08576626      none	B	[aH1:1][c:2]([aH1])!@[SX4:3][!#1:4]	90.0011	12.916	-	-	-	-	G
C08576626      none	B	[c:1][$(S(=O)=O):2]!@[NX3H1:3][c:4]	-60.031	22.2603	-	-	-	-	G
C08576626      none	B	[$(S(=O)(=O)):1][NH1:2]!@[c:3]([cH1])[cH1:4]	90.0956	1.05932	-	-	-	-	O
C08576626      none	B	[cH1:1][c:2]([cH1])!@[C:3]([NH1,NH2])=[O:4]	90.0032	0	-	-	-	-	R
C08576626      none	B	[O:1]=[CX3:2]!@[NX3H1:3][!#1:4]	-0.00327838	63.7893	-	-	-	-	G
C08576626      none	B	[$(C=O):1][NX3H1:2]!@[c:3]([cH1])[cH1:4]	-29.9965	5.05437	-	-	-	-	G
C08576626      none	B	[aH1:1][c:2]([aH1])!@[SX4:3][!#1:4]	-90.0039	12.5987	-	-	-	-	G
C08576626      none	B	[c:1][S:2](=O)(=O)!@[NX2H0-:3]-[*:4]	-60	11.1111	-	-	-	-	G
C08576626      none	B	[$(S(=O)(=O)):1][N:2]!@[c:3][a:4]	0.00172822	3.75977	-	-	-	-	G
C23141657      none	B	[cH0:1][c:2]([cH0])!@[CX3:3]=[O:4]	150.002	1.0877	-	-	-	-	O
C23141657      none	B	[cH1:1][a:2]([cH1])!@[a:3]([sX2,o,nX2H0,nX3H1:4])([cH0])	-59.4701	1.92551	-	-	-	-	G
C23141657      none	B	[O:1]=[CX3:2]!@[CX3:3]=[O:4]	120.001	1.7301	-	-	-	-	G
C23141657      none	B	[*:1]~[CX3:2]!@[NX2:3]~[*:4]	119.994	0.114723	-	-	-	-	G
C49475497      none	B	[O:1]=[CX3:2]!@[NX3H1:3][!#1:4]	-0.0145082	63.7893	-	-	-	-	G
C49475497      none	B	[C:1][CX4:2]!@[CX3:3]=[O:4]	-29.9892	3.42621	-	-	-	-	G
C49475497      none	B	[$(C=O):1][NX3H1:2]!@[CX4H1:3][H:4]	30.0067	9.46757	-	-	-	-	G
C49475497      none	B	[O:1]=[CX3:2]!@[NX3H1:3][!#1:4]	-0.00347591	63.7893	-	-	-	-	G
C49475497      none	B	[a:1][c:2]!@[C:3]([NH1,NH2])=[O:4]	-179.695	9.31373	-	-	-	-	G
C38665056      none	B	[*:1]~[CX4:2]!@[n:3]~[*:4]	150	3.15253	-	-	-	-	G
C38665056      none	B	[OX2:1][CX4:2]!@[CX4:3][OX2:4]	-81.8522	2.4811	-	-	-	-	O
C66317862      none	B	[C:1][CX4:2]!@[CX3:3]=[O:4]	119.933	3.75937	-	-	-	-	G
C66317862      none	B	[O:1]=[CX3:2]!@[NX3H0:3][!#1:4]	-30.0053	0.692521	-	-	-	-	O
C66317862      none	B	N[C:2](=[O:1])!@[CH2:3][N:4]	-89.9984	0.14881	-	-	-	-	R
C66317862      none	B	[$([CX3]=O):1][NX3H1:2]!@[CX4H2:3][C:4] 	90.0011	7.35439	-	-	-	-	G
C66317862      none	B	[O:1]=[CX3:2]!@[NX3H1:3][!#1:4]	-0.00369474	63.7893	-	-	-	-	G
C66317862      none	B	N[C:2](=[O:1])!@[CH2:3][N:4]	-89.9931	0.14881	-	-	-	-	R
C66317862      none	B	[$([CX3]=O):1][NX3H1:2]!@[CX4H2:3][C:4] 	-90.0046	7.35439	-	-	-	-	G
C66317862      none	B	[O:1]=[CX3:2]!@[NX3H1:3][!#1:4]	0.00412362	63.7893	-	-	-	-	G
C40096354      none	B	[cH1:1][c:2]([cH1])!@[O:3][C:4]	-179.712	26.896	-	-	-	-	G
C40096354      none	B	[a:1][c:2]!@[CX4H1:3][N,O:4]	58.4056	3.42939	-	-	-	-	G
C40096354      none	B	[*^2:1]~[C^2:2]([!H])!@[C^2:3]~[*^2:4]	149.966	1.21045	-	-	-	-	O
C40096354      none	B	[$([CX3]=O):1][NX3H0:2](C)!@[CX4H2:3][C:4]	-90.0296	15.9949	-	-	-	-	G
C40096354      none	B	[OX2:1][CX4H2:2]!@[CX4H2:3][Nr:4]	180	8.33333	-	-	-	-	G
C40096354      none	B	[C:1][CH2:2]!@[O:3][CX4:4]	80.001	1.71561	-	-	-	-	G
C40096354      none	B	[C:1][CH2:2]!@[O:3][CX4:4]	180	35.2689	-	-	-	-	G
C40096354      none	B	[OX2:1][CX4H2:2]!@[CX4H2:3][OX2:4]	180	10.6129	-	-	-	-	G
C40096354      none	B	[cH1:1][c:2]([cH1])!@[CX3:3]([CX3H0])=[O:4]	90.2655	0	-	-	-	-	R
C31159001      none	B	[cH0:1][c:2]([cH0])!@[O:3][C:4]	60.0009	1.67405	-	-	-	-	G
C31159001      none	B	[cH1,n:1][c:2]!@[O:3][CRH1:4]	-59.9999	0.609756	-	-	-	-	R
C31159001      none	B	[cH0:1][c:2]!@[CX4H2:3][CX4:4]	90.0006	18.5823	-	-	-	-	G
C31159001      none	B	[!#1:1][CX4H2:2]!@[CX4H2:3][!#1:4]	180	58.554	-	-	-	-	G
C31159001      none	B	[C:1][CX4H2:2]!@[CX3:3]=[O:4]	-120	0.79457	-	-	-	-	O
C31159001      none	B	[H:1][CX4H1:2]!@[OX2:3][!#1:4]	29.9994	9.32817	-	-	-	-	G
C31159001      none	B	[OX2:1][CX4:2]!@[CX4:3][OX2:4]	80.0405	2.87509	-	-	-	-	O
CHEMBL268284      none	B	[cH1:1][a:2]([cH1])!@[a:3]([cH1])[cH0:4]	90.0042	0.671308	-	-	-	-	O
CHEMBL268284      none	B	[O-:1][N+:2](=O)!@[c:3]([cH0])[cH,nX2H0:4]	0.286336	12.6374	-	-	-	-	G
CHEMBL268284      none	B	[!#1:1][CH2:2]!@[n:3][cH0:4]	-89.9996	15.4696	-	-	-	-	G
CHEMBL268284      none	B	[!#1:1][CX4H2:2]!@[CX3:3]=[O:4]	-119.996	0.59462	-	-	-	-	G
C49279077      none	B	[$(C=O):1][NX3H0:2]!@[CX4H2:3][!#1:4]	-90.0104	14.1466	-	-	-	-	G
C49279077      none	B	N[C:2](=[O:1])!@[CH2:3][N:4]	90.0048	0	-	-	-	-	R
C49279077      none	B	[O:1]=[CX3:2]!@[NX3H1:3][!#1:4]	-0.00209079	63.7893	-	-	-	-	G
C49279077      none	B	[$([CX3]=O):1][NX3H1:2]!@[CX4H2:3][C:4] 	-90.0003	7.35439	-	-	-	-	G
C49279077      none	B	[OX2:1][CX4H2:2]!@[CX4H2:3][N:4]	180	8.36763	-	-	-	-	G
C49279077      none	B	[C:1][CH2:2]!@[O:3][CX4:4]	-80.003	1.18773	-	-	-	-	G
C19772263      none	B	[cH0:1][c:2]!@[CX4H2:3][CX3:4]	89.9966	10.5615	-	-	-	-	G
C19772263      none	B	[c:1][CX4H2:2]!@[CX3:3]=[O:4]	-59.9975	1.56695	-	-	-	-	G
C19772263      none	B	[O:1]=[CX3:2]!@[NX3H0:3][!#1:4]	-149.69	1.37927	-	-	-	-	O
C19772263      none	B	[a:1][c:2]!@[CX4H1:3][N,O:4]	90.0061	1.22453	-	-	-	-	G
C19772263      none	B	[a:1][c:2]!@[C:3]([NH1,NH2])=[O:4]	0.0144114	9.67683	-	-	-	-	G
C40384386      none	B	[aH0:1][c:2]([aH1])!@[SX4:3][!#1:4]	70.0224	11.3606	-	-	-	-	G
C40384386      none	B	[c:1][S:2](=O)(=O)!@[NX2H0-:3]-[*:4]	90.0017	2.77778	-	-	-	-	G
C40384386      none	B	[$(S(=O)(=O)):1][NH0:2]!@[c:3]([cH1])[cH1:4]	89.7205	15.7025	-	-	-	-	G
C40384386      none	B	[$(S(=O)(=O)):1][NH1:2]!@[c:3]([cH1])[cH1:4]	0.261499	0.635593	-	-	-	-	R
C40384386      none	B	[*:1][$(S(=O)=O):2]!@[NX3H1:3][*:4]	-60.0004	9.96512	-	-	-	-	G
C55594453      none	B	[aH0:1][c:2]([aH1])!@[SX4:3][!#1:4]	69.9646	11.3606	-	-	-	-	G
C55594453      none	B	[c:1][S:2](=O)(=O)!@[NX2H0-:3]-[*:4]	90.0002	2.77778	-	-	-	-	G
C55594453      none	B	[$(S(=O)(=O)):1][NH0:2]!@[c:3]([cH1])[cH1:4]	-90.2802	17.7686	-	-	-	-	G
C55594453      none	B	[cH1:1][c:2]([cH1])!@[O:3][C:4]	30.0018	0.264964	-	-	-	-	O
C55594453      none	B	[C:1][CX4H2:2]!@[OX2:3][c:4]	179.996	43.8829	-	-	-	-	G
C55594453      none	B	[!#1:1][CX4H2:2]!@[CX4H2:3][!#1:4]	60.0063	3.99483	-	-	-	-	G
C55594453      none	B	[N:1][C:2](=O)!@[CX4H2:3][CX4H2:4]	-120.002	3.67847	-	-	-	-	G
C57306731      none	B	[O:1]=[CX3:2]!@[NX3H0:3][!#1:4]	-29.9948	0.692521	-	-	-	-	O
C57306731      none	B	[*:1]~[NX3:2]!@[OX2:3]~[*:4]	-90.0034	2.86446	-	-	-	-	G
C57306731      none	B	[N:1][CX4:2]!@[CX3:3]=[O:4]	-28.59	5.37503	-	-	-	-	G
C57306731      none	B	[O:1]=[CX3:2]!@[NX3H0:3][!#1:4]	180	18.2537	-	-	-	-	G
C57306731      none	B	[O:1]=[CX3:2]!@[NX3H1:3][!#1:4]	0.00836344	63.7893	-	-	-	-	G
C57306731      none	B	[$(C=O):1][NX3H1:2]!@[CX4H1:3][H:4]	-0.0114841	8.26772	-	-	-	-	G
C04095807      none	B	[a:1][c:2]!@[CX4H2:3][CX3:4]	-89.9768	7.62274	-	-	-	-	G
C04095807      none	B	[!#1:1][CX4:2]!@[CX3H0:3][!#1:4]	90.0014	2.78327	-	-	-	-	G
C04095807      none	B	[!#1:1][CX3:2]!@[SX2:3][!#1:4]	-120.004	0.0753012	-	-	-	-	R
C04095807      none	B	[*:1]~[NX2:2]!@[OX2:3]~[*:4]	150	0.691085	-	-	-	-	R
C04095807      none	B	[*:1]~[OX2:2]!@[SX4:3]~[*:4]	-40.0004	4.33662	-	-	-	-	G
C04095807      none	B	[!#1:1][CX4:2]!@[SX2:3][!#1:4]	-79.9776	6.01214	-	-	-	-	G
C04095807      none	B	[OX2:1][CX4:2]!@[CX4:3][OX2:4]	80.0497	2.87509	-	-	-	-	O
C48911744      none	B	[$([C](=O)):1][NX3H1:2]!@[$([a]([nH0,o])):3][cH1:4]	-29.979	3.65591	-	-	-	-	O
C48911744      none	B	[O:1]=[CX3:2]!@[NX3H1:3][!#1:4]	-0.0102445	63.7893	-	-	-	-	G
C48911744      none	B	[s:1][c:2]!@[C:3]([NH1])=[O:4]	60.005	0	-	-	-	-	R
C48911744      none	B	[a:1][a:2]!@[NX3:3][!#1:4]	30.0024	1.9288	-	-	-	-	O
C55622043      none	B	[$(S(=O)(=O)):1][NH0:2]!@[c:3]([cH1])[cH1:4]	119.981	2.06612	-	-	-	-	G
C55622043      none	B	[cH1:1][c:2]([cH1])!@[C:3]([NH1,NH2])=[O:4]	27.0059	8.08167	-	-	-	-	G
C55622043      none	B	[O:1]=[CX3:2]!@[NX3H1:3][!#1:4]	-0.00953173	63.7893	-	-	-	-	G
C55622043      none	B	[$([CX3]=O):1][NX3H1:2]!@[CX4H2:3][C:4] 	-89.9996	7.35439	-	-	-	-	G
C55622043      none	B	[OX2:1][CX4H2:2]!@[CX4H2:3][N:4]	-59.9945	16.5981	-	-	-	-	G
C55622043      none	B	[c:1][S:2](=O)(=O)!@[NX2H0-:3]-[*:4]	59.9996	8.33333	-	-	-	-	G
C55622043      none	B	[aH1:1][c:2]([aH1])!@[SX4:3][!#1:4]	-89.7213	12.5987	-	-	-	-	G
C55622043      none	B	[O-:1][N+:2](=O)!@[c:3]([cH,nX2H0])[cH,nX2H0:4]	179.97	23.2156	-	-	-	-	G
C50291477      none	B	[O:1]=[CX3:2]!@[CX4r3:3]!@[!#1:4]	-154.318	2.60163	-	-	-	-	O
C50291477      none	B	[O:1]=[CX3:2]!@[CX4r3:3]!@[!#1:4]	-55.6923	1.13821	-	-	-	-	G
C50291477      none	B	[O:1]=[CX3:2]!@[NX3H1:3][!#1:4]	0.00481235	63.7893	-	-	-	-	G
C50291477      none	B	[$([CX3]=O):1][NX3H1:2]!@[CX4H2:3][C:4] 	150.001	1.43139	-	-	-	-	O
C50291477      none	B	N[C:2](=[O:1])!@[CH2:3][N:4]	120.001	0.595238	-	-	-	-	G
C50291477      none	B	[O:1]=[CX3:2]!@[NX3H0:3][!#1:4]	150.293	1.73707	-	-	-	-	O
C62834770      none	B	[cH1:1][c:2]([cH1])!@[O:3][C:4]	-30.0066	0.195465	-	-	-	-	O
C62834770      none	B	[C:1][CX4H2:2]!@[OX2:3][c:4]	-149.996	1.28448	-	-	-	-	O
C62834770      none	B	[OX2:1][CX4H2:2]!@[CX4H2:3][N:4]	-59.9998	16.5981	-	-	-	-	G
C62834770      none	B	[CX4:1][CX4H2:2]!@[NX3:3][CX4:4]	-90.0087	8.29232	-	-	-	-	G
C62834770      none	B	[C:1][CX4H2:2]!@[NX3:3][C:4]	-59.9872	2.96853	-	-	-	-	R
C62834770      none	B	[cH0:1][c:2]([cH,nX2H0])!@[NX3H0:3][CX4:4]	-120.283	1.65213	-	-	-	-	O
C62834770      none	B	[N:1][CX4:2]!@[CX3:3]=[O:4]	-90.0047	0.479136	-	-	-	-	O
C04223092      none	B	[!#1:1][CX4:2]!@[CX4:3][!#1:4]	-79.9989	1.71775	-	-	-	-	G
C04223092      none	B	[O:1]=[CX3:2]([NH1])!@[CH2:3][C:4]	-120.004	0.124533	-	-	-	-	O
C04223092      none	B	[O:1]=[CX3:2]!@[NX3H1:3][!#1:4]	0.0113035	63.7893	-	-	-	-	G
C04223092      none	B	[$([CX3]=O):1][NX3H1:2]!@[CX4H2:3][C:4] 	119.997	2.76407	-	-	-	-	O
C04223092      none	B	[!#1:1][CX4H2:2]!@[CX4H2:3][!#1:4]	-60.0056	3.77933	-	-	-	-	G
C04223092      none	B	[!#1:1][CX4H2:2]!@[CX4H2:3][!#1:4]	-59.9968	3.77933	-	-	-	-	G
C04223092      none	B	[C:1][CX4H2:2]!@[CX3:3]=[O:4]	120.002	0.695249	-	-	-	-	O
C37371656      none	B	[O-:1][N+:2](=O)!@[c:3]([cH,nX2H0])[cH,nX2H0:4]	179.976	23.2156	-	-	-	-	G
C37371656      none	B	[cH0:1][c:2]([cH,nX2H0])!@[NX3H0:3][CX4:4]	60.3107	3.25838	-	-	-	-	G
C37371656      none	B	[H:1][CX4H1:2]!@[O:3][CX4:4]	-36.1228	11.8876	-	-	-	-	G
C37371656      none	B	[O:1]=[C:2]([O-])!@[CX4H1:3][H:4]	-0.00174471	0.495663	-	-	-	-	O
C45205229      none	B	[$(C=O):1][NX3H1:2]!@[CX4H1:3][H:4]	180	0.712411	-	-	-	-	R
C45205229      none	B	[O:1]=[CX3:2]!@[NX3H1:3][!#1:4]	0.0039307	63.7893	-	-	-	-	G
C45205229      none	B	[C:1][CX4:2]!@[CX3:3]=[O:4]	120.965	3.75937	-	-	-	-	G
C03831421      none	B	[a:1][c:2]!@[C:3]([NH1,NH2])=[O:4]	0.0158895	9.67683	-	-	-	-	G
C03831421      none	B	[*:1]~[CX4:2]!@[n:3]~[*:4]	-29.9992	3.02285	-	-	-	-	G
C03831421      none	B	[OX2:1][CX4:2]!@[CX4:3][OX2:4]	-85.8461	0.276861	-	-	-	-	O
C44228398      none	B	[OX2:1][CX4:2]!@[CX4:3][OX2:4]	160	0.798637	-	-	-	-	G
C44228398      none	B	[OX2:1][CX4:2]!@[CX4:3][OX2:4]	40.0001	0.511128	-	-	-	-	G
C44228398      none	B	[OX2:1][CX4:2]!@[CX4:3][OX2:4]	40.0079	0.511128	-	-	-	-	G
C44228398      none	B	[OX2:1][CX4:2]!@[CX4:3][OX2:4]	60.001	14.3222	-	-	-	-	G
C11594815      none	B	[O:1][CX4:2]!@[CX3:3]=[O:4]	89.9927	0.432135	-	-	-	-	O
C11594815      none	B	[$(C=O):1][O:2]!@[CH1:3][H:4]	-29.9992	11.3505	-	-	-	-	G
C11594815      none	B	[O:1]=[C:2]!@[NX3H1:3](C=O)[H:4]	179.992	35.6725	-	-	-	-	G
C11594815      none	B	[O:1]=[C:2]!@[NX3H1:3](C=O)[H:4]	0.0120392	23.6842	-	-	-	-	G
C11594815      none	B	[O:1]=[C:2]!@[O:3]~[C:4]	29.9957	0.0796663	-	-	-	-	R
C11594815      none	B	[C:1][CX4:2]!@[CX3:3]=[O:4]	-29.9385	3.42621	-	-	-	-	G
C11594815      none	B	[*:1][$(S(=O)=O):2]!@[NX3H0r:3][*:4]	-90.0018	4.88152	-	-	-	-	G
C67124711      none	B	[cH0:1][c:2]!@[CX4H2:3][CX4:4]	89.9771	18.5823	-	-	-	-	G
C67124711      none	B	[$(S(=O)(=O)):1][NH0:2]!@[c:3]([cH1])[cH1:4]	149.977	0	-	-	-	-	R
C67124711      none	B	[aH0:1][c:2]([aH1])!@[SX4:3][!#1:4]	-179.986	1.4531	-	-	-	-	G
C67124711      none	B	[c:1][S:2](=O)(=O)!@[NX2H0-:3]-[*:4]	-60.0018	11.1111	-	-	-	-	G
C67124711      none	B	[aH1:1][c:2]([aH1])!@[SX4:3][!#1:4]	-89.7266	12.5987	-	-	-	-	G
C67124711      none	B	[O-:1][N+:2](=O)!@[c:3]([cH0])[cH,nX2H0:4]	90.1472	0.274725	-	-	-	-	O
C01078616      none	B	[*:1]~[CX4:2]!@[n:3]~[*:4]	0.000864564	3.06862	-	-	-	-	G
C01078616      none	B	[OX2:1][CX4:2]!@[CX4:3][OX2:4]	-178.378	13.4277	-	-	-	-	G
C43564504      none	B	[!#1:1][CX4:2]!@[CX4:3][!#1:4]	59.9938	12.3771	-	-	-	-	G
C43564504      none	B	[!#1:1][CX4:2]!@[CX4:3][!#1:4]	179.993	22.1548	-	-	-	-	G
C43564504      none	B	[O:1]=[C:2]([O-])!@[CX4H1:3][H:4]	-0.0100141	0.495663	-	-	-	-	O
C43564504      none	B	[$(C=O):1][NX3H1:2]!@[CX4H1:3][H:4]	-59.997	1.23735	-	-	-	-	G
C43564504      none	B	[O:1]=[CX3:2]([$([NX3H1]C)])!@[NX3H1:3][!#1:4]	0.00974306	41.1343	-	-	-	-	G
C43564504      none	B	[O,S:1]=[C:2]([$([NX3H1]),$([NX3H2])])!@[$([NX3]c[nH0]):3][H:4]	0.00516165	46.0938	-	-	-	-	G
C43564504      none	B	[$(C=O):1][NX3H1:2]!@[c:3](s)[n:4]	0.299779	0.574713	-	-	-	-	R
C43564504      none	B	[a:1][c:2]!@[CX4H1:3][H:4]	64.3275	1.05062	-	-	-	-	O
C37909117      none	B	[$(S(=O)(=O)):1][NH0:2]!@[c:3]([cH1])[cH1:4]	-120.001	1.65289	-	-	-	-	G
C37909117      none	B	[c:1][S:2](=O)(=O)!@[NX2H0-:3]-[*:4]	90.0028	2.77778	-	-	-	-	G
C37909117      none	B	[aH0:1][c:2]([aH0])!@[SX4:3][!#1:4]	-59.9972	1.81564	-	-	-	-	G
C01631663      none	B	[cH0:1][c:2]!@[CX4H2:3][N,O,S:4]	-45.023	1.84995	-	-	-	-	G
C01631663      none	B	[*:1][CX4:2]!@[O:3][CX4:4]	-160.002	2.38538	-	-	-	-	G
C01631663      none	B	[C:1][CH2:2]!@[O:3][CX4:4]	180	35.2689	-	-	-	-	G
C01631663      none	B	[OX2:1][CX4:2]!@[CX4:3][OX2:4]	-40.0006	0.393994	-	-	-	-	G
C01631663      none	B	[OX2:1][CX4:2]!@[CX4:3][OX2:4]	179.998	13.4277	-	-	-	-	G
C36231708      none	B	[aH0:1][c:2]([aH1])!@[SX4:3][!#1:4]	-70.0252	15.3236	-	-	-	-	G
C36231708      none	B	[a:1][a:2]!@[NX3:3][!#1:4]	150	1.85775	-	-	-	-	O
C36231708      none	B	[*:1][$(S(=O)=O):2]!@[NX3H0r:3][*:4]	120.279	1.23223	-	-	-	-	O
C36231708      none	B	[CX4:1][CX4H2:2]!@[NX3;"N_lp":3][CX4:4]	-160.002	6.65327	-	-	-	-	G
C36231708      none	B	[OX2:1][CX4H2:2]!@[CX4H2:3][Nr:4]	-59.9963	16.6667	-	-	-	-	G
C48763481      none	B	[$(C=O):1][NX3H1:2]!@[CX4H1:3][H:4]	-31.9966	6.97413	-	-	-	-	G
C48763481      none	B	[O:1]=[CX3:2]!@[NX3H1:3][!#1:4]	-0.00248378	63.7893	-	-	-	-	G
C48763481      none	B	[O:1]=[CX3:2]!@[CX3:3]=[O:4]	90.0006	2.94118	-	-	-	-	G
C48763481      none	B	[O:1]=[CX3:2]!@[NX3H1:3][!#1:4]	1.39311e-05	63.7893	-	-	-	-	G
C48763481      none	B	[$(C=O):1][NX3:2]!@[a:3][aH0:4]	149.998	1.842	-	-	-	-	O
C48843367      none	B	[O:1]=[CX3:2]!@[NX3H0:3][!#1:4]	179.998	18.2537	-	-	-	-	G
C48843367      none	B	N[C:2](=[O:1])!@[CH2:3][N:4]	-89.9994	0.14881	-	-	-	-	R
C48843367      none	B	[$([CX3]=O):1][NX3H1:2]!@[CX4H2:3][C:4] 	180	6.46594	-	-	-	-	G
C48843367      none	B	[O:1]=[CX3:2]!@[NX3H1:3][!#1:4]	0.00243627	63.7893	-	-	-	-	G
C48843367      none	B	[O:1]=[CX3:2]!@[NX3H0:3][!#1:4]	-29.692	0.692521	-	-	-	-	O
C48843367      none	B	[O:1]=[C:2]([O-])!@[CX4H1:3][H:4]	0.00277633	0.495663	-	-	-	-	O
C39326253      none	B	[O:1]=[CX3:2]!@[NX3H1:3][!#1:4]	-0.00710908	63.7893	-	-	-	-	G
C39326253      none	B	[NH1:1][CX4:2]!@[CX3:3]=[O:4]	-147.26	4.5183	-	-	-	-	G
C39326253      none	B	[*:1]~[NX2:2]!@[NX2:3]~[*:4]	179.996	68.0512	-	-	-	-	G
C39326253      none	B	[*^2:1]~[C^2:2]([!H])!@[C^2:3]~[*^2:4]	120.005	0.806964	-	-	-	-	G
C39326253      none	B	[O:1]=[CX3:2]!@[NX3H1:3][!#1:4]	-0.010537	63.7893	-	-	-	-	G
C41034778      none	B	[NH1:1][CX4:2]!@[CX3:3]=[O:4]	120.005	0.41354	-	-	-	-	G
C41034778      none	B	[!#1:1][CX4:2]!@[NX3:3][!#1:4]	89.9913	4.4726	-	-	-	-	G
C41034778      none	B	[c:1][$(S(=O)=O):2]!@[NX3H1:3][C:4]	-146.993	0	-	-	-	-	R
C41034778      none	B	[aH1:1][c:2]([aH1])!@[SX4:3][!#1:4]	90.3212	12.916	-	-	-	-	G
C13186566      none	B	[aH1:1][c:2]([aH1])!@[SX4:3][!#1:4]	-70.0074	5.44275	-	-	-	-	G
C13186566      none	B	[*:1][$(S(=O)=O):2]!@[NX3H0r:3][*:4]	120.273	1.23223	-	-	-	-	O
C13186566      none	B	[C:1][CX4:2]!@[CX3:3]=[O:4]	0.0349396	5.61823	-	-	-	-	G
C13186566      none	B	[O:1]=[CX3:2]!@[NX3H1:3][!#1:4]	0.0163763	63.7893	-	-	-	-	G
C13186566      none	B	[$(C=O):1][NX3:2]!@[a:3][aH0:4]	149.995	1.842	-	-	-	-	O
C13186566      none	B	[O:1]=[C:2]([O-])!@[c:3]([cH1])[$([cH0][NH1,NH2]):4]	-0.00157465	10	-	-	-	-	G
C15048658      none	B	[O:1]=[C:2]([O-])!@[CX4H1:3][H:4]	-0.00366445	0.495663	-	-	-	-	O
C15048658      none	B	[$(C=O):1][NX3H1:2]!@[CX4H1:3][H:4]	30.003	9.46757	-	-	-	-	G
C15048658      none	B	[O:1]=[CX3:2]!@[NX3H1:3][!#1:4]	-0.00365646	63.7893	-	-	-	-	G
C15048658      none	B	[N:1][CX4:2]!@[CX3:3]=[O:4]	180	3.27555	-	-	-	-	G
C15048658      none	B	[$(C=O):1][NX3H0:2]!@[CX4H1:3][H:4]	180	19.1176	-	-	-	-	G
C15048658      none	B	[a:1][c:2]!@[CX3:3]=[CX3H0:4]	-119.724	3.00312	-	-	-	-	G
C05119446      none	B	[CX3:1]=[CX3:2]!@[CH1:3](C)[C:4]	-23.9797	1.54242	-	-	-	-	O
C05119446      none	B	[C:1][CX4:2]!@[CX3:3]=[O:4]	59.9995	2.38699	-	-	-	-	G
C58013927      none	B	[*:1][$(S(=O)=O):2]!@[NX3H0:3][*:4]	89.995	5.90452	-	-	-	-	G
C58013927      none	B	[*:1][$(S(=O)=O):2]!@[NX3H1:3][*:4]	-59.9979	9.96512	-	-	-	-	G
C58013927      none	B	[$(S(=O)(=O)):1][NH1:2]!@[c:3]([cH1])[cH1:4]	89.7228	1.05932	-	-	-	-	O
C58013927      none	B	[cH0:1][c:2]([cH,nX2H0])!@[NX3H0:3][CX4:4]	60.2625	3.25838	-	-	-	-	G
C58013927      none	B	[O:1]=[C:2]([O-])!@[c:3]([cH1])[cH0:4]	89.9965	0	-	-	-	-	R
C58013927      none	B	[!#1:1][CX4:2]!@[CX4:3][!#1:4]	-39.9997	0.976141	-	-	-	-	G
C58013927      none	B	[!#1:1][CX4H2:2]!@[CX4H2:3][!#1:4]	-60.0043	3.77933	-	-	-	-	G
C58013927      none	B	[CX4:1][CX4H2:2]!@[NX3;"N_lp":3][CX4:4]	-76.359	8.1206	-	-	-	-	G
C58849694      none	B	[cH1:1][c:2]([cH1])!@[CX4H2:3][$([CX4H1]C(=O)O):4]	90.0239	11.2385	-	-	-	-	G
C58849694      none	B	[!#1:1][CX4:2]!@[CX4:3][!#1:4]	-159.999	1.85018	-	-	-	-	G
C58849694      none	B	[O:1]=[C:2]([O-])!@[CX4H1:3][H:4]	89.9987	0.86741	-	-	-	-	O
C58849694      none	B	[$(C=O):1][NX3H1:2]!@[CX4H1:3][H:4]	30.0012	9.46757	-	-	-	-	G
C58849694      none	B	[O:1]=[CX3:2]!@[NX3H1:3][!#1:4]	0.00226625	63.7893	-	-	-	-	G
C58849694      none	B	[cH1:1][c:2]([cH1])!@[C:3]([NH1,NH2])=[O:4]	-27.0179	8.39053	-	-	-	-	G
C03981368      none	B	[O:1]=[C:2]([O-])!@[CX4H1:3][H:4]	-0.00339678	0.495663	-	-	-	-	O
C03981368      none	B	[N:1][CX4:2]!@[CX3:3]=[O:4]	-33.4483	5.37503	-	-	-	-	G
C36050756      none	B	[*^2:1]~[C^2:2]([!H])!@[C^2:3]~[*^2:4]	60.0056	0.650722	-	-	-	-	O
C36050756      none	B	[a:1][c:2]!@[CX4H1:3][N,O:4]	-150.748	3.72593	-	-	-	-	G
C36050756      none	B	[C:1][CX4:2]!@[CX3:3][C:4]	-90.033	3.54604	-	-	-	-	O
C36050756      none	B	[O:1]=[CX3:2]([NH1])!@[CH2:3][C:4]	29.9972	5.10585	-	-	-	-	G
C36050756      none	B	[O:1]=[CX3:2]!@[NX3H1:3][!#1:4]	0.00264337	63.7893	-	-	-	-	G
C36050756      none	B	[$(C=O):1][NX3H1:2]!@[CX4H2:3][$([c]([cH,nX2H0])[cH,nX2H0]):4]	-90.0049	10.1266	-	-	-	-	G
C36050756      none	B	[a:1][c:2]!@[CX4H2:3][!#1:4]	135.268	1.69481	-	-	-	-	O
C36050756      none	B	[O-:1][N+:2](=O)!@[c:3]([cH,nX2H0])[cH,nX2H0:4]	179.98	23.2156	-	-	-	-	G
C36050756      none	B	[O:1]=[C:2]!@[O:3]~[C:4]	0.00256571	74.4927	-	-	-	-	G
C49926198      none	B	[aH1:1][c:2]([aH1])!@[SX4:3][!#1:4]	-30.0047	0.190355	-	-	-	-	R
C49926198      none	B	[*:1][$(S(=O)=O):2]!@[NX3H0r:3][*:4]	90.3086	4.85782	-	-	-	-	G
C49926198      none	B	[O:1]=[C:2]([O-])!@[CX4H1:3][H:4]	-0.00723534	0.495663	-	-	-	-	O
C03631373      none	B	[cH1:1][c:2]([cH1])!@[O:3][C:4]	-179.727	26.896	-	-	-	-	G
C03631373      none	B	[cH1:1][a:2]([cH0])!@[a:3]([cH0])[cH0:4]	90.0031	12.8892	-	-	-	-	G
C03631373      none	B	[cH0:1][c:2]([cH1])!@[O:3][C:4]	-89.9977	0.64732	-	-	-	-	R
C03631373      none	B	[cH1:1][c:2]([cH1])!@[C:3]([NH1,NH2])=[O:4]	27.0225	8.08167	-	-	-	-	G
C03631373      none	B	[O:1]=[CX3:2]!@[NX3H1:3][!#1:4]	0.000524524	63.7893	-	-	-	-	G
C03631373      none	B	[$([CX3]=O):1][NX3H1:2]!@[CX4H2:3][C:4] 	149.995	1.43139	-	-	-	-	O
C03631373      none	B	[!#1:1][CX4H2:2]!@[CX4H2:3][!#1:4]	179.997	58.554	-	-	-	-	G
C03631373      none	B	[cH1:1][c:2]([cH1])!@[CX4H2:3][CX4:4]	-89.996	11.9355	-	-	-	-	G
C03631373      none	B	[cH1:1][c:2](cO)!@[O:3][C:4]	90.0219	0.310835	-	-	-	-	R
C03631373      none	B	[cH1:1][c:2](cO)!@[O:3][C:4]	0.241713	49.3635	-	-	-	-	G
C23140909      none	B	[$(S(=O)(=O)):1][NH0:2]!@[c:3]([cH1])[cH0:4]	119.967	0	-	-	-	-	R
C23140909      none	B	[cH0:1][c:2]([cH1])!@[CX3:3]([NX3H1])=[O:4]	-150.005	1.39252	-	-	-	-	G
C23140909      none	B	[O:1]=[C:2]!@[$([NX3](c([nH1])n)):3][H:4]	179.995	53.1915	-	-	-	-	G
C23140909      none	B	[$(C=O):1][NX3:2]!@[a:3][nH:4]	-0.0108677	44.9275	-	-	-	-	G
C23140909      none	B	[c:1][S:2](=O)(=O)!@[NX2H0-:3]-[*:4]	59.9975	8.33333	-	-	-	-	G
C23140909      none	B	[aH1:1][c:2]([aH1])!@[SX4:3][!#1:4]	-89.7319	12.5987	-	-	-	-	G
C65611075      none	B	[O:1]=[CX3:2]!@[NX3H0:3][!#1:4]	-149.716	1.37927	-	-	-	-	O
C65611075      none	B	[$(C=O):1][NX3H1:2]!@[CX4H1:3][H:4]	-60.0051	1.23735	-	-	-	-	G
C65611075      none	B	[O:1]=[CX3:2]([$([NX3H1]C)])!@[NX3H1:3][!#1:4]	0.00902673	41.1343	-	-	-	-	G
C65611075      none	B	[O:1]=[CX3:2]([$([NX3H1]C)])!@[NX3H1:3][!#1:4]	179.992	9.5176	-	-	-	-	R
C65611075      none	B	[$([CX3]=O):1][NX3H1:2]!@[CX4H2:3][C:4] 	180	6.46594	-	-	-	-	G
C65611075      none	B	[!#1:1][CX4:2]!@[CX4:3][!#1:4]	58.5595	12.3771	-	-	-	-	G
C13394093      none	B	[aH1:1][c:2]([aH1])!@[SX4:3][!#1:4]	89.9962	12.916	-	-	-	-	G
C13394093      none	B	[$(C=O):1][NX3H1:2]!@[c:3]([cH1])[cH1:4]	150.018	5.05437	-	-	-	-	G
C13394093      none	B	[O:1]=[CX3:2]!@[NX3H1:3][!#1:4]	0.00348486	63.7893	-	-	-	-	G
C13394093      none	B	[s:1][c:2]!@[C:3]([NH1])=[O:4]	29.9859	0	-	-	-	-	O
C13394093      none	B	[O-:1][N+:2](=O)!@[c:3][a:4]	0.00204889	18.5814	-	-	-	-	G
C13394093      none	B	[c:1][$(S(=O)=O):2]!@[NX3H1:3][C:4]	60.0078	14.5215	-	-	-	-	G
C13394093      none	B	[$(S(=O)(=O)):1][NX3H1:2]!@[CX4H2:3][!#1:4]	119.997	2.14592	-	-	-	-	O
C13394093      none	B	[NH1:1][CX4:2]!@[CX3:3]=[O:4]	-119.994	0.275693	-	-	-	-	G
C66833107      none	B	[NH1:1][CX4:2]!@[CX3:3]=[O:4]	30.004	2.12896	-	-	-	-	G
C66833107      none	B	[$(C=O):1][NX3H1:2]!@[CX4H1:3][H:4]	-60.0044	1.23735	-	-	-	-	G
C66833107      none	B	[O:1]=[CX3:2]!@[NX3H1:3][!#1:4]	9.39291e-05	63.7893	-	-	-	-	G
C66833107      none	B	[$(C=O):1][NX3H1:2]!@[CX4H1:3][H:4]	-30.0009	6.97413	-	-	-	-	G
C66833107      none	B	[O:1]=[CX3:2]!@[NX3H1:3][!#1:4]	0.00863289	63.7893	-	-	-	-	G
C66833107      none	B	[C:1][CX4:2]!@[CX3:3]=[O:4]	119.573	3.75937	-	-	-	-	G
C13026399      none	B	[cH1:1][c:2]([cH1])!@[CX3:3]=[NX2:4]	90.2739	0.468781	-	-	-	-	O
C13026399      none	B	[*:1]~[NX3:2]!@[NX2:3]~[*:4]	149.997	0.447375	-	-	-	-	O
C13026399      none	B	[O:1]=[CX3:2]!@[NX3H1:3][!#1:4]	-0.00134972	63.7893	-	-	-	-	G
C13026399      none	B	[C:1][CX4:2]!@[CX3:3]=[O:4]	-30.8646	3.42621	-	-	-	-	G
C13026399      none	B	[aH1:1][c:2]([aH1])!@[SX4:3][!#1:4]	109.964	4.92809	-	-	-	-	G
C13026399      none	B	[*:1][$(S(=O)=O):2]!@[NX3H0r:3][*:4]	90.299	4.85782	-	-	-	-	G
C13026399      none	B	[O:1]=[C:2]([O-])!@[CX4H1:3][H:4]	90.0006	0.86741	-	-	-	-	O
C01607656      none	B	[OX2:1][CX4:2]!@[CX4:3][OX2:4]	180	13.4277	-	-	-	-	G
C43705519      none	B	[O:1]=[C:2]([O-])!@[CX4H1:3][H:4]	90.0021	0.86741	-	-	-	-	O
C43705519      none	B	[O:1]=[CX3:2]!@[NX3H0:3][!#1:4]	30.0018	0.680979	-	-	-	-	O
C43705519      none	B	[N:1][C:2](=O)!@[CX4H2:3][CX4H2:4]	59.9903	0.27248	-	-	-	-	R
C43705519      none	B	[!#1:1][CX4H2:2]!@[CX4H2:3][!#1:4]	60.0097	3.99483	-	-	-	-	G
C43705519      none	B	[!#1:1][CX4H2:2]!@[CX4H2:3][!#1:4]	179.995	58.554	-	-	-	-	G
C37429962      none	B	[aH1:1][c:2]([aH1])!@[SX4:3][!#1:4]	0.00289323	0.126904	-	-	-	-	R
C37429962      none	B	[a:1][c:2]!@[C:3]([NH1,NH2])=[O:4]	-150.005	5.2923	-	-	-	-	O
C37429962      none	B	[O:1]=[CX3:2]!@[NX3H1:3][!#1:4]	0.00509604	63.7893	-	-	-	-	G
C37429962      none	B	[$([CX3]=O):1][NX3H1:2]!@[CX4H2:3][C:4] 	89.9938	7.35439	-	-	-	-	G
C37429962      none	B	[!#1:1][CX4H2:2]!@[CX4H2:3][!#1:4]	60.0006	3.99483	-	-	-	-	G
C37429962      none	B	[C:1][CX4H2:2]!@[CX3:3]=[O:4]	-120.004	0.79457	-	-	-	-	O
C42269315      none	B	[$(C=O):1][NX3H0:2]!@[CX4H1:3][H:4]	0.000111582	15.8824	-	-	-	-	G
C42269315      none	B	[O:1]=[CX3:2](a)!@[NX3H0:3][!#1:4]	-0.000269024	23.6549	-	-	-	-	G
C42269315      none	B	[a:1][c:2]!@[C:3]([NH0])=[O:4]	-89.7226	2.91667	-	-	-	-	G
CHEMBL62472      none	B	[*:1]~[cX3:2]!@[P:3]~[*:4]	-29.993	2.78429	-	-	-	-	G
C20588605      none	B	[n,o,s:1][c:2]!@[CX4H2:3][CX4:4]	90.3035	4.03889	-	-	-	-	G
C20588605      none	B	[!#1:1][CH2:2]!@[n:3][cH0:4]	-89.9967	15.4696	-	-	-	-	G
C20588605      none	B	[!#1:1][CX4H2:2]!@[CX3:3]=[O:4]	180	2.94479	-	-	-	-	G
C38928828      none	B	[*:1]~[CX4:2]!@[n:3]~[*:4]	-0.00204764	3.06862	-	-	-	-	G
C38928828      none	B	[OX2:1][CX4:2]!@[CX4:3][OX2:4]	-176.826	13.4277	-	-	-	-	G
C38928828      none	B	[C:1][CX4H2:2]!@[OX2:3][!#1:4]	-90.0013	2.78708	-	-	-	-	G
C38928828      none	B	[*:1]~[OX2:2]!@[P:3]~[*:4]	40.0028	3.00816	-	-	-	-	G
C33515523      none	B	[a:1][a:2]!@[CX3:3]=[O:4]	179.998	14.6728	-	-	-	-	G
C33515523      none	B	[*^2:1]~[C^2:2]([!H])!@[C^2:3]~[*^2:4]	-119.689	0.661024	-	-	-	-	G
C33515523      none	B	[$([CX3]=O):1][NX3H0:2](C)!@[CX4H2:3][C:4]	149.998	0.0857633	-	-	-	-	R
C33515523      none	B	[a:1][c:2]!@[CX4H1:3][N,O:4]	-26.6705	3.61778	-	-	-	-	G
C33515523      none	B	[O-:1][N+:2](=O)!@[c:3]([cH,nX2H0])[cH,nX2H0:4]	179.976	23.2156	-	-	-	-	G
C33515523      none	B	[!#1:1][CX4H2:2]!@[CX4H2:3][!#1:4]	-60.0056	3.77933	-	-	-	-	G
C33515523      none	B	[!#1:1][CX4H2:2]!@[CX4H2:3][!#1:4]	180	58.554	-	-	-	-	G
C33515523      none	B	[CX4:1][CX4H2:2]!@[NX3;"N_lp":3][CX4:4]	-76.3506	8.1206	-	-	-	-	G
C40447170      none	B	[aH0:1][c:2]([aH1])!@[SX4:3][!#1:4]	-90	5.01982	-	-	-	-	G
C40447170      none	B	[*:1][$(S(=O)=O):2]!@[NX3H0r:3][*:4]	-59.726	8.17536	-	-	-	-	O
C40447170      none	B	[C:1][CX4:2]!@[CX3:3]=[O:4]	120.125	3.75937	-	-	-	-	G
C35423671      none	B	[O:1]=[C:2]!@[O:3]~[C:4]	0.00514054	74.4927	-	-	-	-	G
C35423671      none	B	[N:1][CX4:2]!@[CX3:3]=[O:4]	-123.272	0.897291	-	-	-	-	G
C35423671      none	B	[O:1]=[CX3:2]!@[NX3H0:3][!#1:4]	-29.9971	0.692521	-	-	-	-	O
C35423671      none	B	[O:1]=[CX3:2]!@[CX3:3]=[O:4]	89.9938	2.94118	-	-	-	-	G
C35423671      none	B	[O:1]=[CX3:2]!@[NX3H1:3][!#1:4]	0.00531121	63.7893	-	-	-	-	G
C35423671      none	B	[$([CX3]=O):1][NX3H1:2]!@[CX4H2:3][C:4] 	-90.0055	7.35439	-	-	-	-	G
C35423671      none	B	[!#1:1][CX4:2]!@[CX3H0:3][!#1:4]	60.0023	4.20603	-	-	-	-	G
C42014014      none	B	[cH1:1][a:2]([cH1])!@[a:3]([sX2,o,nX2H0,nX3H1:4])	120.314	0.939981	-	-	-	-	O
C42014014      none	B	[!#1:1][CH2:2]!@[n:3][cH0:4]	-135.005	0.148746	-	-	-	-	R
C42014014      none	B	[!#1:1][CX4:2]!@[CX4:3][!#1:4]	-179.738	22.1548	-	-	-	-	G
C50421668      none	B	[a:1][c:2]!@[CX4H1:3][N,O:4]	-59.9971	3.48172	-	-	-	-	G
C50421668      none	B	[$(C=O):1][NX3H1:2]!@[CX4H1:3][H:4]	-29.9945	6.97413	-	-	-	-	G
C50421668      none	B	[O:1]=[CX3:2]!@[NX3H1:3][!#1:4]	0.00384227	63.7893	-	-	-	-	G
C50421668      none	B	[O:1]=[CX3:2]!@[NX3H0:3][!#1:4]	0.297087	25.0866	-	-	-	-	G
C50421668      none	B	[O:1]=[C:2]([O-])!@[CX4H1:3][H:4]	0.00964423	0.495663	-	-	-	-	O
C45954827      none	B	[$([C](=O)):1][NX3H1:2]!@[$([a]([nH0,o])):3][cH1:4]	179.99	3.65591	-	-	-	-	R
C45954827      none	B	[O:1]=[CX3:2]!@[NX3H1:3][!#1:4]	-0.00442611	63.7893	-	-	-	-	G
C45954827      none	B	[O:1]=[CX3:2]!@[NX3H0:3][!#1:4]	30.2616	0.680979	-	-	-	-	O
C45954827      none	B	[a:1][c:2]!@[CX4H1:3][N,O:4]	-0.000236799	1.53503	-	-	-	-	G
C12357661      none	B	[!#1:1][CH2:2]!@[n:3][a:4]	180	0.161853	-	-	-	-	R
C12357661      none	B	[!#1:1][CX4:2]!@[SX3:3][!#1:4]	63.0918	11.6925	-	-	-	-	G
C12357661      none	B	[!#1:1][CX4:2]!@[SX3:3][!#1:4]	160.004	2.24239	-	-	-	-	G
C12357661      none	B	[!#1:1][CX4H2:2]!@[CX3:3]=[O:4]	-119.998	0.59462	-	-	-	-	G
C12357661      none	B	[O:1]=[CX3:2]!@[NX3H1:3][!#1:4]	-0.00147491	63.7893	-	-	-	-	G
C08827255      none	B	[*^2:1]~[C^2:2]([!H])!@[C^2:3]~[*^2:4]	60.0091	0.650722	-	-	-	-	O
C08827255      none	B	[C:1][CX4:2]!@[CX3:3]=[O:4]	29.9997	3.28614	-	-	-	-	G
C08827255      none	B	[*^2:1]~[C^2:2]([!H])!@[C^2:3]~[*^2:4]	-179.697	19.9269	-	-	-	-	G
C08827255      none	B	[$([C](=O)):1][NX3H0:2]!@[CX4H2:3][$([c]([cH,nX2H0])[cH,nX2H0]):4]	-120.003	4.27683	-	-	-	-	G
C08827255      none	B	[a:1][c:2]!@[CX4H1:3][N,O:4]	86.8775	1.22453	-	-	-	-	G
C08827255      none	B	[O-:1][N+:2](=O)!@[c:3]([cH,nX2H0])[cH,nX2H0:4]	179.97	23.2156	-	-	-	-	G
C08827255      none	B	[a:1][c:2]!@[CX4H2:3][!#1:4]	-134.737	2.0362	-	-	-	-	O
C08827255      none	B	[O:1]=[C:2]!@[O:3]~[C:4]	-0.00673475	74.4927	-	-	-	-	G
C48698310      none	B	[cH1:1][c:2]([cH1])!@[C:3]([NH1,NH2])=[O:4]	-153.005	8.78518	-	-	-	-	G
C48698310      none	B	[O:1]=[CX3:2]!@[NX3H1:3][!#1:4]	0.00885967	63.7893	-	-	-	-	G
C48698310      none	B	[*:1]~[NX3:2]!@[NX3:3]~[*:4]	-90.0033	3.3545	-	-	-	-	G
C48698310      none	B	[O:1]=[CX3:2]!@[NX3H1:3][!#1:4]	0.000224166	63.7893	-	-	-	-	G
C48698310      none	B	[s:1][c:2]!@[C:3]([NH1])=[O:4]	179.992	7.69231	-	-	-	-	R
C58845239      none	B	[O:1]=[CX3:2]!@[NX3H0:3][!#1:4]	-150.001	1.37927	-	-	-	-	O
C58845239      none	B	[N:1][C:2](=O)!@[CX4H2:3][CX4H2:4]	120.003	5.31335	-	-	-	-	G
C58845239      none	B	[!#1:1][CX4H2:2]!@[CX4H2:3][!#1:4]	179.995	58.554	-	-	-	-	G
C58845239      none	B	[!#1:1][CX4H2:2]!@[CX4H2:3][!#1:4]	59.9915	3.99483	-	-	-	-	G
C58845239      none	B	[O:1]=[CX3:2]([NH1])!@[CH2:3][C:4]	-120.005	0.124533	-	-	-	-	O
C58845239      none	B	[O:1]=[CX3:2]!@[NX3H1:3][!#1:4]	0.00153752	63.7893	-	-	-	-	G
C16650816      none	B	[O:1]=[C:2]([O-])!@[CX4H1:3][H:4]	0.00111455	0.495663	-	-	-	-	O
C16650816      none	B	[$(C=O):1][NX3H1:2]!@[CX4H1:3][H:4]	-29.9986	6.97413	-	-	-	-	G
C16650816      none	B	[O:1]=[CX3:2]!@[NX3H1:3][!#1:4]	-0.00386886	63.7893	-	-	-	-	G
C16650816      none	B	[s:1][c:2]!@[C:3]([NH1])=[O:4]	30.0063	0	-	-	-	-	O
C16650816      none	B	[aH1:1][c:2]([aH1])!@[SX4:3][!#1:4]	-29.9986	0.190355	-	-	-	-	R
C16650816      none	B	[*:1][$(S(=O)=O):2]!@[NX3H0r:3][*:4]	120.272	1.23223	-	-	-	-	O
C62192035      none	B	[aH0:1][c:2]([aH0])!@[SX4:3][!#1:4]	-83.8657	8.10056	-	-	-	-	G
C62192035      none	B	[*:1][$(S(=O)=O):2]!@[NX3H0r:3][*:4]	120.281	1.23223	-	-	-	-	O
C62192035      none	B	[a:1][c:2]!@[CX4H1:3][N,O:4]	-89.7212	1.29082	-	-	-	-	G
C04756106      none	B	[$([cH0]Cl):1][c:2]([cH1])!@[CX3:3]([NX3H1])=[O:4]	59.9977	9.83607	-	-	-	-	G
C04756106      none	B	[O:1]=[CX3:2]!@[NX3H1:3][!#1:4]	-0.00596048	63.7893	-	-	-	-	G
C04756106      none	B	[$(C=O):1][NX3H1:2]!@[CX3:3]=[*H0:4]	179.999	33.8082	-	-	-	-	G
C04756106      none	B	[!#1:1][CX3:2](=S)!@[NX3H1:3][!#1:4]	179.97	37.0618	-	-	-	-	G
C04756106      none	B	[C:1][CX4:2]!@[NX3:3][C:4]	-148.585	1.97343	-	-	-	-	G
C13813899      none	B	[!#1:1][CH2:2]!@[n:3][cH0:4]	179.985	0.148746	-	-	-	-	R
C13813899      none	B	[!#1:1][CX4:2]!@[CX3H0:3][!#1:4]	-120.001	1.6873	-	-	-	-	O
C05030594      none	B	[*:1]~[CX4:2]!@[n:3]~[*:4]	-0.00889907	3.06862	-	-	-	-	G
C05030594      none	B	[OX2:1][CX4:2]!@[CX4:3][OX2:4]	-161.948	0.511128	-	-	-	-	G
C40454177      none	B	[H:1][CX4H1:2]!@[O:3][CX4:4]	40.0011	11.9906	-	-	-	-	G
C40454177      none	B	[O:1]=[C:2]([O-])!@[CX4H1:3][H:4]	89.9986	0.86741	-	-	-	-	O
C40454177      none	B	[cH1,nX2H0:1][c:2]([cH1,nX2H0])!@[NX3r:3][*:4]	-59.9986	2.69113	-	-	-	-	O
C40454177      none	B	[O-:1][N+:2](=O)!@[c:3]([cH,nX2H0])[cH,nX2H0:4]	179.981	23.2156	-	-	-	-	G
C39048337      none	-	-	-	-	-	-	-	-	-
C53109597      none	B	[OX2:1][CX4:2]!@[CX4:3][N:4]	180	9.8427	-	-	-	-	G
C53109597      none	B	[!#1:1][CX4:2]!@[NX3:3][!#1:4]	-150.001	1.96974	-	-	-	-	G
C53109597      none	B	[a:1][c:2]!@[NX3H1:3][$([CX4r]([C;r])([C;r])):4]	150.006	1.13636	-	-	-	-	G
C13394116      none	B	[cH1:1][a:2]([cH1])!@[a:3]([sX2,o,nX2H0,nX3H1:4])	-89.6959	0.286081	-	-	-	-	R
C13394116      none	B	[aH0:1][c:2]([aH0])!@[SX2:3][!#1:4]	29.9957	0.412584	-	-	-	-	O
C13394116      none	B	[!#1:1][CH2:2]!@[n:3][cH0:4]	-90.0001	15.4696	-	-	-	-	G
C13394116      none	B	[a:1][c:2]!@[CX4H2:3][a:4]	-89.6923	5.18797	-	-	-	-	G
C13394116      none	B	[!#1:1][CX4:2]!@[SX2:3][!#1:4]	90.0024	2.8728	-	-	-	-	G
C13394116      none	B	[!#1:1][CX4H2:2]!@[CX3:3]=[O:4]	29.9993	3.68098	-	-	-	-	G
C13394116      none	B	[O:1]=[CX3:2]!@[NX3H0:3][!#1:4]	-29.7282	0.692521	-	-	-	-	O
C13394116      none	B	[O:1]=[C:2]([O-])!@[CX4H1:3][H:4]	89.997	0.86741	-	-	-	-	O
C66818292      none	B	[a:1][c:2]!@[CX4H1:3][N,O:4]	180	1.64318	-	-	-	-	G
C66818292      none	B	[!#1:1][CX4H1:2]!@[NX3:3][!#1:4]	149.999	2.7681	-	-	-	-	G
C66818292      none	B	[aH1:1][c:2]([aH1])!@[SX4:3][!#1:4]	-89.9929	12.5987	-	-	-	-	G
C66818292      none	B	[c:1][$(S(=O)=O):2]!@[NX3H1:3][C:4]	59.9928	14.5215	-	-	-	-	G
C66818292      none	B	[cH0:1][c:2]([cH,nX2H0])!@[NX3H1:3][CX4:4]	-150	1.00143	-	-	-	-	O
C38008423      none	B	[$(S(=O)(=O)):1][NH0:2]!@[c:3]([cH1])[cH1:4]	119.975	2.06612	-	-	-	-	G
C38008423      none	B	[c:1][S:2](=O)(=O)!@[NX2H0-:3]-[*:4]	60.0066	8.33333	-	-	-	-	G
C38008423      none	B	[aH1:1][c:2]([aH1])!@[SX4:3][!#1:4]	-89.7263	12.5987	-	-	-	-	G
C61706922      none	B	[aH1:1][c:2]([aH1])!@[SX4:3][!#1:4]	109.998	4.92809	-	-	-	-	G
C61706922      none	B	[a:1][c:2]!@[C:3]([NH1,NH2])=[O:4]	90.0032	0.308642	-	-	-	-	O
C61706922      none	B	[*:1][$(S(=O)=O):2]!@[NX3H0r:3][*:4]	-89.6846	4.88152	-	-	-	-	G
C40381828      none	B	[$(C=O):1][NX3H0:2]!@[c:3]([cH1])[cH1:4]	-149.987	1.13754	-	-	-	-	G
C40381828      none	B	[O:1]=[C:2]!@[NX3H0:3]([a:4])[A]	-150.002	3.17023	-	-	-	-	G
C40381828      none	B	[aH1:1][c:2]([aH1])!@[SX4:3][!#1:4]	90.0038	12.916	-	-	-	-	G
C40381828      none	B	[a:1][c:2]!@[C:3]([NH0])=[O:4]	30.3121	2.13889	-	-	-	-	G
C42435193      none	B	[OX2:1][CX4:2]!@[CX4:3][N:4]	-88.6745	0.988764	-	-	-	-	O
C42435193      none	B	[O:1]=[CX3:2]!@[NX3H0:3][!#1:4]	-149.995	1.37927	-	-	-	-	O
C42435193      none	B	[O:1]=[CX3:2]!@[NX3H1:3][!#1:4]	-0.00149761	63.7893	-	-	-	-	G
C42435193      none	B	[$([CX3]=O):1][NX3H1:2]!@[CX4H2:3][C:4] 	120.002	2.76407	-	-	-	-	O
C42435193      none	B	N[C:2](=[O:1])!@[CH2:3][N:4]	-149.993	2.38095	-	-	-	-	G
C42435193      none	B	[O:1]=[CX3:2]!@[NX3H1:3][!#1:4]	-0.0132962	63.7893	-	-	-	-	G
C42435193      none	B	[$([CX3]=O):1][NX3H1:2]!@[CX4H2:3][C:4] 	180	6.46594	-	-	-	-	G
C42435193      none	B	[NH1:1][CX4:2]!@[CX3:3]=[O:4]	119.995	0.41354	-	-	-	-	G
C08058029      none	B	[aH0:1][c:2]([aH1])!@[SX4:3][!#1:4]	69.9612	11.3606	-	-	-	-	G
C08058029      none	B	[c:1][$(S(=O)=O):2]!@[NX3H1:3][C:4]	-90.0002	3.19032	-	-	-	-	G
C08058029      none	B	[$(S(=O)(=O)):1][NX3H1:2]!@[CX4H2:3][!#1:4]	-89.9997	3.86266	-	-	-	-	G
C08058029      none	B	N[C:2](=[O:1])!@[CH2:3][N:4]	-119.992	0.892857	-	-	-	-	G
C42414485      none	B	[$([C](=O)):1][NX3H1:2]!@[$([a]([nH0,o])):3][cH1:4]	30.0405	2.36559	-	-	-	-	R
C42414485      none	B	[O:1]=[CX3:2]!@[NX3H1:3][!#1:4]	0.00347081	63.7893	-	-	-	-	G
C42414485      none	B	[NH1:1][CX4:2]!@[CX3:3]=[O:4]	29.1233	2.12896	-	-	-	-	G
C48355904      none	B	[a:1][c:2]!@[CX4H1:3][N,O:4]	-28.9944	3.61778	-	-	-	-	G
C48355904      none	B	[O:1]=[CX3:2]!@[NX3H0:3][!#1:4]	180	18.2537	-	-	-	-	G
C48355904      none	B	[N:1][C:2](=O)!@[CX4H2:3][CX4H2:4]	180	15.2589	-	-	-	-	G
C48355904      none	B	[!#1:1][CX4H2:2]!@[CX4H2:3][!#1:4]	180	58.554	-	-	-	-	G
C48355904      none	B	[$([CX3]=O):1][NX3H1:2]!@[CX4H2:3][C:4] 	150.003	1.43139	-	-	-	-	O
C48355904      none	B	[O:1]=[CX3:2]!@[NX3H1:3][!#1:4]	-0.001386	63.7893	-	-	-	-	G
C66055538      none	B	[c:1][$(S(=O)=O):2]!@[NX3H0:3][C:4]	60.1037	7.00418	-	-	-	-	G
C66055538      none	B	[aH1:1][c:2]([aH1])!@[SX4:3][!#1:4]	-149.95	0.324309	-	-	-	-	R
C66055538      none	B	[$(C=O):1][NX3H0:2]!@[c:3]([cH1])[cH1:4]	-0.0219954	1.75801	-	-	-	-	G
C66055538      none	B	[C:1][CX4:2]!@[CX3:3]=[O:4]	3.78894	5.61823	-	-	-	-	G
C66055538      none	B	[O:1]=[CX3:2]!@[NX3H1:3][!#1:4]	-0.00502563	63.7893	-	-	-	-	G
C26716752      none	B	[!#1:1][CH2:2]!@[n:3][cH0:4]	-90.0265	15.4696	-	-	-	-	G
C26716752      none	B	[!#1:1][CX4:2]!@[CX4:3][!#1:4]	-91.3841	0.488284	-	-	-	-	O
C26716752      none	B	[!#1:1][CX4:2]!@[CX4:3][!#1:4]	80.0004	1.75235	-	-	-	-	G
C26716752      none	B	[!#1:1][CX4:2]!@[CX4:3][!#1:4]	-60.0062	12.2558	-	-	-	-	G
C30516363      none	B	[$(C=O):1][NX3:2]!@[a:3][nH:4]	-0.0254597	44.9275	-	-	-	-	G
C30516363      none	B	[O:1]=[CX3:2]!@[NX3H1:3][!#1:4]	-30	0.0303061	-	-	-	-	O
C30516363      none	B	[C:1][CX4:2]!@[CX3:3]=[O:4]	150.084	1.17362	-	-	-	-	G
C30516363      none	B	[O:1]=[CX3:2](a)!@[NX3H0:3][!#1:4]	149.995	2.50464	-	-	-	-	G
C30516363      none	B	[a:1][c:2]!@[C:3]([NH0])=[O:4]	-29.6746	2.55556	-	-	-	-	G
C66248081      none	B	[$(S(=O)(=O)):1][N:2]!@[c:3][a:4]	-59.9962	1.85547	-	-	-	-	G
C66248081      none	B	[!#1:1][CH2:2]!@[n:3][cH0:4]	90.0017	14.7896	-	-	-	-	G
C66248081      none	B	[!#1:1][CX4H2:2]!@[CX4H2:3][!#1:4]	180	58.554	-	-	-	-	G
C66248081      none	B	[c:1][S:2](=O)(=O)!@[NX2H0-:3]-[*:4]	-60	11.1111	-	-	-	-	G
C66248081      none	B	[aH0:1][c:2]([aH1])!@[SX4:3][!#1:4]	-90.3169	5.01982	-	-	-	-	O
C66248081      none	B	[n,o,s:1][c:2]!@[CX4H2:3][CX4:4]	90.2749	4.03889	-	-	-	-	G
C66248081      none	B	[!#1:1][CX4H2:2]!@[CX4H2:3][!#1:4]	180	58.554	-	-	-	-	G
C66248081      none	B	[$([CX3]=O):1][NX3H1:2]!@[CX4H2:3][C:4] 	-89.9954	7.35439	-	-	-	-	G
C66248081      none	B	[O:1]=[CX3:2]!@[NX3H1:3][!#1:4]	-0.00725743	63.7893	-	-	-	-	G
C04649793      none	B	[a:1][c:2]!@[CX4H1:3][a:4]	-0.00716993	0.923965	-	-	-	-	G
C04649793      none	B	[C:1][CX4:2]!@[CX3:3]=[O:4]	0.0316552	5.61823	-	-	-	-	G
C04649793      none	B	[O:1]=[C:2]!@[O:3]~[C:4]	0.00327205	74.4927	-	-	-	-	G
C04649793      none	B	[cH1:1][c:2]([cH1])!@[CX3:3]=[O:4]	0.00600049	14.2319	-	-	-	-	G
C04649793      none	B	[O:1]=[C:2]!@[O:3]~[C:4]	-0.00642829	74.4927	-	-	-	-	G
C53639871      none	B	[cH1:1][c:2]([cH1])!@[O:3][C:4]	-179.729	26.896	-	-	-	-	G
C53639871      none	B	[cH1:1][c:2]([cH1])!@[NX3H1:3][C,c:4]	29.999	3.96079	-	-	-	-	G
C53639871      none	B	[*:1]~[CX3:2]!@[NX3:3]~[*:4]	-119.723	0.121451	-	-	-	-	R
C53639871      none	B	[a:1][c:2]!@[CX4H1:3][N,O:4]	30.0035	3.56196	-	-	-	-	G
C40861254      none	B	[*:1]~[N,n:2]!@[S:3]~[*:4]	-90.0024	2.07385	-	-	-	-	G
C40861254      none	B	[$(S(=O)(=O)):1][NH0:2]!@[c:3]([cH1])[cH0:4]	-150.28	0	-	-	-	-	R
C40861254      none	B	[$(S(=O)(=O)):1][NH1:2]!@[c:3]([cH1])[cH0:4]	120.005	6.08365	-	-	-	-	G
C40861254      none	B	[*:1][$(S(=O)=O):2]!@[NX3H1:3][*:4]	-89.9967	4.38465	-	-	-	-	G
C40861254      none	B	[*:1][$(S(=O)=O):2]!@[NX3H0r:3][*:4]	-89.7083	4.88152	-	-	-	-	G
C40698935      none	B	[$([CX3]=O):1][NX3H0:2](C)!@[CX4H2:3][C:4]	90.0025	14.7513	-	-	-	-	G
C40698935      none	B	[C:1][CX4:2]!@[CX3:3]=[O:4]	-123.779	3.42432	-	-	-	-	G
C40698935      none	B	[O:1]=[CX3:2]!@[NX3H1:3][!#1:4]	0.00340775	63.7893	-	-	-	-	G
C40698935      none	B	[$(C=O):1][NX3H1:2]!@[CX4H1:3][H:4]	30.0008	9.46757	-	-	-	-	G
C40698935      none	B	[!#1:1][CX4:2]!@[CX4:3][!#1:4]	179.995	22.1548	-	-	-	-	G
C40698935      none	B	[O:1]=[C:2]([O-])!@[CX4H1:3][H:4]	-0.00519325	0.495663	-	-	-	-	O
C40698935      none	B	[!#1:1][CX4H2:2]!@[CX4H2:3][!#1:4]	180	58.554	-	-	-	-	G
C13212154      none	B	[cH0:1][c:2]!@[CX4H2:3][N,O,S:4]	-89.9991	7.87941	-	-	-	-	G
C13212154      none	B	[!#1:1][CX4:2]!@[SX2:3][!#1:4]	-59.9982	7.13757	-	-	-	-	G
C13212154      none	B	[!#1:1][CX4:2]!@[SX2:3][!#1:4]	-160.002	3.18377	-	-	-	-	G
C13212154      none	B	[!#1:1][CX4H2:2]!@[CX4H2:3][!#1:4]	-60.0008	3.77933	-	-	-	-	G
C13212154      none	B	[!#1:1][CX4H2:2]!@[NX3H1:3][!#1:4]	-150.001	1.95018	-	-	-	-	O
C13212154      none	B	[cH0:1][c:2]([cH,nX2H0])!@[NX3H1:3][CX4:4]	160.004	3.7196	-	-	-	-	O
C13212154      none	B	[O-:1][N+:2](=O)!@[c:3]([cH,nX2H0])[cH,nX2H0:4]	179.977	23.2156	-	-	-	-	G
C13212154      none	B	[aH0:1][c:2]([aH1])!@[SX4:3][!#1:4]	-90.2839	5.01982	-	-	-	-	O
C13212154      none	B	[*:1][$(S(=O)=O):2]!@[NX3H0r:3][*:4]	60.285	7.32227	-	-	-	-	G
C13212154      none	B	[O:1]=[C:2]([O-])!@[CX4H1:3][H:4]	0.00608071	0.495663	-	-	-	-	O
C51090990      none	B	[$(C=O):1][NX3H0:2]!@[CX4H1:3][H:4]	179.997	19.1176	-	-	-	-	G
C51090990      none	B	[O:1]=[CX3:2](a)!@[NX3H0:3][!#1:4]	149.995	2.50464	-	-	-	-	G
C51090990      none	B	[a:1][c:2]!@[C:3]([NH0])=[O:4]	-29.7135	2.55556	-	-	-	-	G
C51090990      none	B	[a:1][a:2]!@[NX3:3][!#1:4]	-149.999	1.91104	-	-	-	-	O
C66200677      none	B	[H:1][CX4H1:2]!@[OX2:3][!#1:4]	-0.00475957	7.47259	-	-	-	-	G
C66200677      none	B	[cH1,n:1][c:2]!@[O:3][CH1:4]	-60.0024	0.582524	-	-	-	-	R
C66200677      none	B	[cH1:1][c:2]([cH1])!@[C:3]([NH1,NH2])=[O:4]	-152.979	8.78518	-	-	-	-	G
C66200677      none	B	[O:1]=[CX3:2]!@[NX3H1:3][!#1:4]	-0.00501439	63.7893	-	-	-	-	G
C66200677      none	B	[$(C=O):1][NX3H1:2]!@[CX3:3]=[*H0:4]	180	33.8082	-	-	-	-	G
C66200677      none	B	[!#1:1][CX3:2](=S)!@[NX3H1:3][!#1:4]	180	37.0618	-	-	-	-	G
C66200677      none	B	[a:1][a:2]!@[NX3:3][!#1:4]	120.261	1.62057	-	-	-	-	O
C66200677      none	B	[aH1:1][c:2]([aH1])!@[SX4:3][!#1:4]	90.0013	12.916	-	-	-	-	G
C66200677      none	B	[c:1][S:2](=O)(=O)!@[NX2H0-:3]-[*:4]	59.9982	8.33333	-	-	-	-	G
C66200677      none	B	[$(S(=O)(=O)):1][N:2]!@[c:3][a:4]	90.001	4.78516	-	-	-	-	G
C66200677      none	B	[cH1:1][c:2]([nX2])!@[O:3][C:4]	0.010184	8.39161	-	-	-	-	G
C37928580      none	B	[$(S(=O)(=O)):1][NX3H0:2]!@[CX4H2:3][!#1:4]	90.0003	6.68103	-	-	-	-	G
C37928580      none	B	[c:1][$(S(=O)=O):2]!@[NX3H0:3][C:4]	-90.0018	4.66945	-	-	-	-	G
C37928580      none	B	[!#1:1][CX4H2:2]!@[CX4H2:3][!#1:4]	180	58.554	-	-	-	-	G
C37928580      none	B	[aH0:1][c:2]([aH0])!@[SX4:3][!#1:4]	90.0017	11.8715	-	-	-	-	G
C37928580      none	B	[a:1][a:2]!@[NX3:3][!#1:4]	-150.002	1.91104	-	-	-	-	O
C37928580      none	B	[O-:1][N+:2](=O)!@[c:3]([cH,nX2H0])[cH,nX2H0:4]	179.976	23.2156	-	-	-	-	G
C48896471      none	B	[$([c]([NH1,NH2])):1][c:2]!@[CX3:3]([!O])=[O:4]	-120.02	0	-	-	-	-	R
C48896471      none	B	[O:1]=[CX3:2](a)!@[NX3H0:3][!#1:4]	30.2719	0.896722	-	-	-	-	R
C13204170      none	B	[a:1][ar5:2]!@[ar5:3][a:4]	30.3069	1.41221	-	-	-	-	O
C13204170      none	B	[aH0:1][c:2]([aH0])!@[SX2:3][!#1:4]	0.0112787	13.1253	-	-	-	-	G
C13204170      none	B	[!#1:1][CH2:2]!@[n:3][cH0:4]	-89.9968	15.4696	-	-	-	-	G
C13204170      none	B	[!#1:1][CX4H2:2]!@[CX3:3]=[O:4]	120.001	0.613497	-	-	-	-	G
C13204170      none	B	[!#1:1][CX4:2]!@[SX2:3][!#1:4]	-60.0067	7.13757	-	-	-	-	G
C13204170      none	B	[!#1:1][CX4H2:2]!@[CX3:3]=[O:4]	-60.0015	1.45352	-	-	-	-	G
C13204170      none	B	[O:1]=[CX3:2]!@[NX3H0:3][!#1:4]	30.3221	0.680979	-	-	-	-	O
C13204170      none	B	[a:1][c:2]!@[CX4H1:3][N,O:4]	59.9939	3.42939	-	-	-	-	G
C09151767      none	B	[aH0:1][c:2]([aH1])!@[SX4:3][!#1:4]	-90.2709	5.01982	-	-	-	-	O
C09151767      none	B	[H:1][CX4H1:2]!@[SX4:3][!#1:4]	60.0018	14.91	-	-	-	-	G
C09151767      none	B	[!#1:1][CX4:2]!@[CX4:3][!#1:4]	-80.0033	1.71775	-	-	-	-	G
C09151767      none	B	[O:1]=[CX3:2]([NH1])!@[CH2:3][C:4]	-60.0046	5.85305	-	-	-	-	G
C09151767      none	B	[O:1]=[CX3:2]!@[NX3H1:3][!#1:4]	0.00937699	63.7893	-	-	-	-	G
C09151767      none	B	[$(C=O):1][NX3H1:2]!@[c:3]([cH1])[cH1:4]	-30.0015	5.05437	-	-	-	-	G
C09151767      none	B	[cH1:1][c:2](cO)!@[O:3][C:4]	0.0239959	49.3635	-	-	-	-	G
C09151767      none	B	[$(cO):1][c:2](cO)!@[O:3][C:4]	120.023	3.46821	-	-	-	-	O
C09151767      none	B	[cH1:1][c:2](cO)!@[O:3][C:4]	90.2505	0.310835	-	-	-	-	R
C32807465      none	B	[$(C=O):1][NX3:2]!@[a:3][aH0:4]	-60.001	2.68113	-	-	-	-	G
C32807465      none	B	[O:1]=[CX3:2]!@[NX3H1:3][!#1:4]	0.00192446	63.7893	-	-	-	-	G
C32807465      none	B	[a:1][c:2]!@[C:3]([NH1,NH2])=[O:4]	0.266216	9.67683	-	-	-	-	G
C32807465      none	B	[$(C=O):1][NX3H1:2]!@[c:3](s)[n:4]	0.274478	0.574713	-	-	-	-	R
C32807465      none	B	[O:1]=[CX3:2]!@[NX3H1:3][!#1:4]	180	2.24265	-	-	-	-	G
C55099870      none	B	[a:1][c:2]!@[CX4H2:3][!#1:4]	89.9967	7.24386	-	-	-	-	G
C55099870      none	B	[!#1:1][CX4H2:2]!@[NX3;"N_lp":3][!#1:4]	-55.6996	5.17104	-	-	-	-	G
C55099870      none	B	[O:1]=[CX3:2](a)!@[NX3H0:3][!#1:4]	179.996	9.67842	-	-	-	-	G
C55099870      none	B	[!#1:1][CX4:2]!@[CX4:3][!#1:4]	179.997	22.1548	-	-	-	-	G
C55099870      none	B	[!#1:1][CX4H2:2]!@[CX4H2:3][!#1:4]	179.997	58.554	-	-	-	-	G
C55099870      none	B	[a:1][c:2]!@[C:3]([NH0])=[O:4]	60.0131	3.02778	-	-	-	-	G
C05227887      none	B	[O:1]=[C:2]!@[O:3]~[C:4]	-0.00177562	74.4927	-	-	-	-	G
C05227887      none	B	[$(C=O):1][O:2]!@[CH1:3][H:4]	0.00247382	9.45727	-	-	-	-	G
C05227887      none	B	[OX2:1][CX4:2]!@[CX4:3][OX2:4]	83.3131	2.87509	-	-	-	-	O
C05227887      none	B	[OX2:1][CX4:2]!@[CX4:3][OX2:4]	159.995	0.798637	-	-	-	-	G
C40698529      none	B	[O-:1][N+:2](=O)!@[c:3][a:4]	0.00250912	18.5814	-	-	-	-	G
C40698529      none	B	[s:1][c:2]!@[C:3]([NH1])=[O:4]	-0.0310315	23.0769	-	-	-	-	G
C40698529      none	B	[O:1]=[CX3:2]!@[NX3H1:3][!#1:4]	0.00828052	63.7893	-	-	-	-	G
C40698529      none	B	[$(C=O):1][NX3H1:2]!@[CX4H1:3][H:4]	-0.00148436	8.26772	-	-	-	-	G
C40698529      none	B	[!#1:1][CX4:2]!@[CX4:3][!#1:4]	80.0021	1.75235	-	-	-	-	G
C40698529      none	B	[O:1]=[C:2]([O-])!@[CX4H1:3][H:4]	0.00110402	0.495663	-	-	-	-	O
C40698529      none	B	[!#1:1][CX4H2:2]!@[CX4H2:3][!#1:4]	-60.0058	3.77933	-	-	-	-	G
C39886763      none	B	[a:1][c:2]!@[CX4H1:3][a:4]	90.4989	4.22522	-	-	-	-	G
C39886763      none	B	[O:1]=[C:2]!@[NX3:3](C=O)[*:4]	-179.085	10.1253	-	-	-	-	G
C66333612      none	B	[C:1][CX4:2]!@[CX3:3]=[O:4]	-29.9369	3.42621	-	-	-	-	G
C66333612      none	B	[*:1][$(S(=O)=O):2]!@[NX3H0r:3][*:4]	-89.9967	4.88152	-	-	-	-	G
C66333612      none	B	[aH0:1][c:2]([aH1])!@[SX4:3][!#1:4]	-150.321	0.1321	-	-	-	-	R
C66333612      none	B	[O-:1][N+:2](=O)!@[c:3][a:4]	-0.0036717	18.5814	-	-	-	-	G
C49322231      none	B	[a:1][a:2]!@[NX3:3][!#1:4]	-119.999	1.58818	-	-	-	-	O
C49322231      none	B	[cH1:1][c:2]([cH1])!@[NX3:3][a:4]	-179.683	2.29759	-	-	-	-	O
C49322231      none	B	[!#1:1][CH2:2]!@[n:3][a:4]	-89.9977	13.2844	-	-	-	-	G
C49322231      none	B	[!#1:1][CX4H2:2]!@[CX4H2:3][!#1:4]	-59.998	3.77933	-	-	-	-	G
C60443386      none	B	[cH0:1][c:2]([cH1])!@[O:3][C:4]	59.9765	0.130919	-	-	-	-	R
C60443386      none	B	[$(S(=O)(=O)):1][NH0:2]!@[c:3]([cH1])[cH0:4]	-120	0	-	-	-	-	R
C60443386      none	B	[c:1][S:2](=O)(=O)!@[NX2H0-:3]-[*:4]	-90.0055	2.77778	-	-	-	-	G
C60443386      none	B	[aH0:1][c:2]([aH0])!@[SX4:3][!#1:4]	149.999	0.139665	-	-	-	-	R
C60443386      none	B	[C:1][CX4H2:2]!@[OX2:3][c:4]	149.997	0.884397	-	-	-	-	O
C60443386      none	B	[!#1:1][CX4H2:2]!@[CX4H2:3][!#1:4]	-59.9928	3.77933	-	-	-	-	G
C60443386      none	B	[N:1][C:2](=O)!@[CX4H2:3][CX4H2:4]	90.0007	1.77112	-	-	-	-	O
CHEMBL125484      none	B	[!#1:1][CX4:2]!@[CX4:3][!#1:4]	60.0009	12.3771	-	-	-	-	G
CHEMBL125484      none	B	[!#1:1][CX4H2:2]!@[CX4H2:3][!#1:4]	180	58.554	-	-	-	-	G
CHEMBL125484      none	B	[CX4:1][CX4H2:2]!@[NX3;"N_lp":3][CX4:4]	-157.831	6.65327	-	-	-	-	G
C43771824      none	B	[cH0:1][c:2]!@[CX4H1:3][CX4:4]	91.7239	4.45044	-	-	-	-	G
C43771824      none	B	[OX2:1][CX4:2]!@[CX4:3][OX2:4]	-31.1599	0.159727	-	-	-	-	O
C61318079      none	B	[!#1:1][CX4:2]!@[CX4:3][!#1:4]	8.62817	0.0551082	-	-	-	-	R
C61318079      none	B	[NH1:1][CX4:2]!@[CX3:3]=[O:4]	119.993	0.41354	-	-	-	-	G
C61318079      none	B	[$(C=O):1][NX3H1:2]!@[CX4H0:3][C:4]	-60.0056	14.7253	-	-	-	-	G
C61318079      none	B	[O:1]=[CX3:2]!@[NX3H1:3][!#1:4]	0.00877604	63.7893	-	-	-	-	G
C61318079      none	B	[N:1][CX4:2]!@[CX3:3]=[O:4]	-29.9953	5.37503	-	-	-	-	G
C61318079      none	B	[*:1]~[CX4:2]!@[NX4:3]~[*:4]	179.991	15.0612	-	-	-	-	G
C40052180      none	B	[!#1:1][CX4H2:2]!@[CX4H2:3][!#1:4]	180	58.554	-	-	-	-	G
C40052180      none	B	[!#1:1][CX4H2:2]!@[CX4H2:3][!#1:4]	179.996	58.554	-	-	-	-	G
C40052180      none	B	[C:1][CX4H2:2]!@[OX2:3][c:4]	89.993	1.05285	-	-	-	-	G
C40052180      none	B	[cH0:1][c:2]([cH1])!@[O:3][C:4]	-120.274	0.327297	-	-	-	-	R
C40052180      none	B	[cH1:1][c:2]([cH1])!@[CX3:3]([CX3H0])=[O:4]	60.0062	0.204918	-	-	-	-	R
C40052180      none	B	[*^2:1]~[C^2:2]([!H])!@[C^2:3]~[*^2:4]	-149.697	1.11601	-	-	-	-	O
C40052180      none	B	[$([CX3]=O):1][NX3H0:2](C)!@[CX4H2:3][C:4]	-90.0002	15.9949	-	-	-	-	G
C40052180      none	B	[a:1][c:2]!@[CX4H1:3][N,O:4]	-56.681	3.48172	-	-	-	-	G
C40052180      none	B	[O-:1][N+:2](=O)!@[c:3]([cH,nX2H0])[cH,nX2H0:4]	179.96	23.2156	-	-	-	-	G
C40052180      none	B	[!#1:1][CX4H2:2]!@[CX4H2:3][!#1:4]	60	3.99483	-	-	-	-	G
C40052180      none	B	[!#1:1][CX4H2:2]!@[CX4H2:3][!#1:4]	179.999	58.554	-	-	-	-	G
C13310853      none	B	[aH1:1][c:2]([aH1])!@[SX4:3][!#1:4]	90.2809	12.916	-	-	-	-	G
C13310853      none	B	[cH0:1][c:2]([cH,nX2H0])!@[NX3H0:3][CX4:4]	-59.7403	5.09408	-	-	-	-	G
C13310853      none	B	[O-:1][N+:2](=O)!@[c:3]([cH0])[cH,nX2H0:4]	90.2245	0.274725	-	-	-	-	O
C13310853      none	B	[*:1][$(S(=O)=O):2]!@[NX3H0r:3][*:4]	90.0003	4.85782	-	-	-	-	G
C13310853      none	B	[aH0:1][c:2]([aH1])!@[SX4:3][!#1:4]	-150.286	0.1321	-	-	-	-	R
C13310853      none	B	[O:1]=[C:2]([O-])!@[c:3]([cH1])[cH1:4]	179.978	7.35294	-	-	-	-	G
C03889992      none	B	[aH0:1][c:2]([aH1])!@[SX4:3][!#1:4]	150.02	0.396301	-	-	-	-	R
C03889992      none	B	[cH0:1][c:2]([cH1])!@[O:3][C:4]	120.001	0.35639	-	-	-	-	R
C03889992      none	B	[C:1][CX4H2:2]!@[OX2:3][c:4]	149.999	0.884397	-	-	-	-	O
C03889992      none	B	[OX2:1][CX4H2:2]!@[CX3:3]([$([NX3H1,NX3H2])])=[O:4]	120.003	0	-	-	-	-	R
C03889992      none	B	[c:1][$(S(=O)=O):2]!@[NX3H0:3][C:4]	-90.0004	4.66945	-	-	-	-	G
C03889992      none	B	[$(S(=O)(=O)):1][NX3H0:2]!@[CX4H2:3][!#1:4]	-150.006	6.03448	-	-	-	-	G
C03889992      none	B	[N:1][CX4:2]!@[CX3:3]=[O:4]	-120.006	0.897291	-	-	-	-	G
C60380289      none	B	[cH1:1][c:2]([cH1])!@[C:3]([NH1,NH2])=[O:4]	-26.9805	8.39053	-	-	-	-	G
C60380289      none	B	[$(C=O):1][NX3H1:2]!@[c:3]([cH1])[cH1:4]	-150.001	5.07451	-	-	-	-	G
C60380289      none	B	[O:1]=[CX3:2]!@[NX3H1:3][!#1:4]	0.00260889	63.7893	-	-	-	-	G
C60380289      none	B	[O:1]=[CX3:2]([NH1])!@[CH2:3][C:4]	59.9909	6.84932	-	-	-	-	G
C60380289      none	B	[!#1:1][CX4:2]!@[CX4:3][!#1:4]	65.03	7.06239	-	-	-	-	G
C60380289      none	B	[*:1]~[CX3:2]!@[NX3:3]~[*:4]	-179.713	27.0317	-	-	-	-	G
C60380289      none	B	[O:1]=[C:2](c)!@[$([NX3](c([nX2H0])([nX2H0]))):3][H:4]	179.999	26.6667	-	-	-	-	G
C60380289      none	B	[$(C=O):1][NX3:2]!@[a:3][aH0:4]	-0.0026803	4.11379	-	-	-	-	G
C41305801      none	B	[*:1][$(S(=O)=O):2]!@[NX3H0r:3][*:4]	-90.0001	4.88152	-	-	-	-	G
C41305801      none	B	[aH0:1][c:2]([aH0])!@[SX4:3][!#1:4]	-119.996	3.63128	-	-	-	-	G
C40945669      none	B	[aH0:1][c:2]([aH1])!@[SX4:3][!#1:4]	69.9766	11.3606	-	-	-	-	G
C40945669      none	B	[O-:1][N+:2](=O)!@[c:3]([cH0])[cH,nX2H0:4]	89.8517	0.274725	-	-	-	-	O
C40945669      none	B	[c:1][S:2](=O)(=O)!@[NX2H0-:3]-[*:4]	60.0015	8.33333	-	-	-	-	G
C40945669      none	B	[$(S(=O)(=O)):1][N:2]!@[c:3][a:4]	120.003	2.34375	-	-	-	-	G
C40945669      none	B	[a:1][c:2]!@[CX4H1:3][N,O:4]	-122.065	3.08052	-	-	-	-	G
C35057863      none	B	[O:1]=[CX3:2]!@[NX3H1:3][!#1:4]	0.00703036	63.7893	-	-	-	-	G
C35057863      none	B	[$(C=O):1][NX3H1:2]!@[CX4H1:3][H:4]	-59.9979	1.23735	-	-	-	-	G
C35057863      none	B	[H:1][CX4H1:2]!@[O:3][CX4:4]	-39.9138	11.8876	-	-	-	-	G
C35057863      none	B	[a:1][c:2]!@[CX4H1:3][N,O:4]	0.00108043	1.53503	-	-	-	-	G
C35057863      none	B	[H:1][CX4H1:2]!@[OX2:3][!#1:4]	0.0921231	7.47259	-	-	-	-	G
C35057863      none	B	[cH1,n:1][c:2]!@[O:3][CRH1:4]	-60.0027	0.609756	-	-	-	-	R
C35057863      none	B	[C:1][CH2:2]!@[O:3][CX4:4]	79.9999	1.71561	-	-	-	-	G
C35057863      none	B	[O:1][CX4:2]!@[CX3:3]=[O:4]	119.998	0.923198	-	-	-	-	O
C66591254      none	B	[cH0:1][c:2]!@[CX4H1:3][H:4]	179.971	4.01618	-	-	-	-	G
C66591254      none	B	[cH0:1][c:2]([cH1])!@[CX3:3]([NX3H1])=[O:4]	-150.005	1.39252	-	-	-	-	G
C66591254      none	B	[O:1]=[CX3:2]!@[NX3H1:3][!#1:4]	0.000710658	63.7893	-	-	-	-	G
C66591254      none	B	[*:1]~[NX3:2]!@[NX3:3]~[*:4]	180	7.3164	-	-	-	-	G
C66591254      none	B	[O:1]=[CX3:2]!@[NX3H1:3][!#1:4]	-0.0058201	63.7893	-	-	-	-	G
C66591254      none	B	[cH1:1][c:2]([cH1])!@[C:3]([NH1,NH2])=[O:4]	-152.987	8.78518	-	-	-	-	G
C40573522      none	B	[H:1][CX4H1:2]!@[O:3][CX4:4]	40.0196	11.9906	-	-	-	-	O
C40573522      none	B	[O:1]=[CX3:2]!@[NX3H0:3][!#1:4]	30.0084	0.680979	-	-	-	-	O
C40573522      none	B	[O:1]=[CX3:2]!@[NX3H1:3][!#1:4]	0.00812876	63.7893	-	-	-	-	G
C40573522      none	B	[$([CX3]=O):1][NX3H1:2]!@[CX4H2:3][C:4] 	59.9917	1.1846	-	-	-	-	G
C40573522      none	B	N[C:2](=[O:1])!@[CH2:3][N:4]	59.9947	0.14881	-	-	-	-	O
C40573522      none	B	[O:1]=[CX3:2]!@[NX3H1:3][!#1:4]	0.0140558	63.7893	-	-	-	-	G
C40573522      none	B	[$([CX3]=O):1][NX3H1:2]!@[CX4H2:3][C:4] 	179.99	6.46594	-	-	-	-	G
C40573522      none	B	[NH1:1][CX4:2]!@[CX3:3]=[O:4]	119.997	0.41354	-	-	-	-	G
C40109747      none	B	[!#1:1][CX4H2:2]!@[CX4H2:3][!#1:4]	-60.0059	3.77933	-	-	-	-	G
C40109747      none	B	[C:1][CX4H2:2]!@[OX2:3][c:4]	150.004	0.884397	-	-	-	-	O
C40109747      none	B	[cH1:1][c:2]([cH1])!@[O:3][C:4]	-149.723	0.243246	-	-	-	-	R
C40109747      none	B	[a:1][c:2]!@[CX4H1:3][N,O:4]	-151.593	3.72593	-	-	-	-	G
C40109747      none	B	[*^2:1]~[C^2:2]([!H])!@[C^2:3]~[*^2:4]	119.995	0.806964	-	-	-	-	G
C40109747      none	B	[$([CX3]=O):1][NX3H0:2](C)!@[CX4H2:3][C:4]	-90.0149	15.9949	-	-	-	-	G
C40109747      none	B	[OX2:1][CX4H2:2]!@[CX4H2:3][Nr:4]	-59.9991	16.6667	-	-	-	-	G
C40109747      none	B	[cH1:1][c:2]([cH1])!@[CX3:3]([CX3H0])=[O:4]	-29.7318	3.55191	-	-	-	-	G
C40109747      none	B	[cH1:1][c:2]([cH1])!@[O:3][C:4]	180	26.896	-	-	-	-	G
C40109747      none	B	[c:1][CX4H2:2]!@[OX2:3][c:4]	180	39.7757	-	-	-	-	G
C40109747      none	B	[a:1][c:2]!@[CX4H2:3][!#1:4]	-89.7256	7.30446	-	-	-	-	G
C04728898      none	B	[O-:1][N+:2](=O)!@[c:3]([cH0])[cH,nX2H0:4]	89.9476	0.274725	-	-	-	-	O
C04728898      none	B	[*:1]~[CX4:2]!@[n:3]~[*:4]	180	3.53397	-	-	-	-	G
C46543340      none	B	[!#1:1][CX4H2:2]!@[CX4H2:3][!#1:4]	180	58.554	-	-	-	-	G
C46543340      none	B	[$(S(=O)(=O)):1][NX3H1:2]!@[CX4H2:3][!#1:4]	-90.0049	3.86266	-	-	-	-	G
C46543340      none	B	[c:1][$(S(=O)=O):2]!@[NX3H1:3][C:4]	-90.0021	3.19032	-	-	-	-	G
C46543340      none	B	[aH1:1][c:2]([aH1])!@[SX4:3][!#1:4]	-89.7232	12.5987	-	-	-	-	G
C46543340      none	B	[$(S(=O)(=O)):1][NH0:2]!@[c:3]([cH1])[cH1:4]	89.9917	15.7025	-	-	-	-	G
C46543340      none	B	[c:1][S:2](=O)(=O)!@[NX2H0-:3]-[*:4]	-60.0085	11.1111	-	-	-	-	G
C46543340      none	B	[aH1:1][c:2]([aH1])!@[SX4:3][!#1:4]	-89.7195	12.5987	-	-	-	-	G
C04275856      none	B	[O:1]=[CX3:2]!@[NX3H1:3][!#1:4]	0.0030719	63.7893	-	-	-	-	G
C04275856      none	B	[$(C=O):1][NX3H1:2]!@[CX4H1:3][H:4]	29.9956	9.46757	-	-	-	-	G
C04275856      none	B	[H:1][CX4H1:2]!@[OX2:3][!#1:4]	-0.133128	7.47259	-	-	-	-	G
C04275856      none	B	[cH1,n:1][c:2]!@[O:3][CRH1:4]	-29.998	2.03252	-	-	-	-	G
C50924007      none	B	[cH0:1][c:2]([cH,nX2H0])!@[NX3H0:3][CX4:4]	120.253	2.29463	-	-	-	-	O
C50924007      none	B	[cH1:1][c:2]([cH1])!@[C:3]([NH1,NH2])=[O:4]	179.99	3.89499	-	-	-	-	G
C50924007      none	B	[!#1:1][CX4:2]!@[CX4:3][!#1:4]	-79.9996	1.71775	-	-	-	-	G
C50924007      none	B	[!#1:1][CX4H2:2]!@[CX4H2:3][!#1:4]	59.9951	3.99483	-	-	-	-	G
C50924007      none	B	[C:1][CX4H2:2]!@[CX3:3]=[O:4]	-120.011	0.79457	-	-	-	-	R
C09431622      none	B	[!#1:1][CX4:2]!@[CX4:3][!#1:4]	60.0101	12.3771	-	-	-	-	G
C09431622      none	B	[C:1][CX4:2]!@[CX3:3]=[O:4]	-90.0109	3.45082	-	-	-	-	G
C09431622      none	B	[*:1]~[CX4:2]!@[n:3]~[*:4]	120.003	3.12393	-	-	-	-	G
C09431622      none	B	[O:1]=[CX3:2]!@[NX3H1:3][!#1:4]	0.00374552	63.7893	-	-	-	-	G
C09431622      none	B	[$(C=O):1][NX3H1:2]!@[CX4H1:3][H:4]	-30.0042	6.97413	-	-	-	-	G
C09431622      none	B	[*^2:1]~[C^2:2]([!H])!@[C^2:3]~[*^2:4]	-89.9774	1.27397	-	-	-	-	G
C09431622      none	B	[CX3:1]=[CX3:2]!@[CH2:3][OX2:4]	-90.002	1.98473	-	-	-	-	G
C09431622      none	B	[$(C=O):1][O:2]!@[CH2:3]~[C:4]	-150.001	2.4514	-	-	-	-	G
C09431622      none	B	[O:1]=[C:2]!@[O:3]~[C:4]	29.9988	0.0796663	-	-	-	-	R
C04854693      none	B	[O-:1][N+:2](=O)!@[c:3]([cH,nX2H0])[cH,nX2H0:4]	179.973	23.2156	-	-	-	-	G
C04854693      none	B	[a:1][c:2]!@[CX4H1:3][N,O:4]	33.6056	3.56196	-	-	-	-	G
C04854693      none	B	[$([CX3]=O):1][NX3H0:2](C)!@[CX4H2:3][C:4]	-150.008	0.0857633	-	-	-	-	R
C04854693      none	B	[OX2:1][CX4H2:2]!@[CX4H2:3][Nr:4]	-59.9959	16.6667	-	-	-	-	G
C37487610      none	B	[*:1]~[CX4:2]!@[NX4:3]~[*:4]	60.0055	15.3058	-	-	-	-	G
C08827254      none	B	[*^2:1]~[C^2:2]([!H])!@[C^2:3]~[*^2:4]	30.0147	1.05249	-	-	-	-	O
C08827254      none	B	[C:1][CX4:2]!@[CX3:3]=[O:4]	-30.0033	3.42621	-	-	-	-	G
C08827254      none	B	[*^2:1]~[C^2:2]([!H])!@[C^2:3]~[*^2:4]	120.319	0.806964	-	-	-	-	G
C08827254      none	B	[$([C](=O)):1][NX3H0:2]!@[CX4H2:3][$([c]([cH,nX2H0])[cH,nX2H0]):4]	120.005	4.66563	-	-	-	-	G
C08827254      none	B	[a:1][c:2]!@[CX4H1:3][N,O:4]	-56.7368	3.48172	-	-	-	-	G
C08827254      none	B	[O-:1][N+:2](=O)!@[c:3]([cH,nX2H0])[cH,nX2H0:4]	179.965	23.2156	-	-	-	-	G
C08827254      none	B	[a:1][c:2]!@[CX4H2:3][!#1:4]	-89.732	7.30446	-	-	-	-	G
C08827254      none	B	[O:1]=[C:2]!@[O:3]~[C:4]	-0.0081498	74.4927	-	-	-	-	G
C39460284      none	B	[O:1][CX4:2]!@[CX3:3]=[O:4]	-30.0029	2.69102	-	-	-	-	G
C39460284      none	B	[$(C=O):1][O:2]!@[CH1:3][H:4]	-30.0121	11.3505	-	-	-	-	G
C39460284      none	B	[*:1]~[CX3:2]!@[NX2:3]~[*:4]	-89.9928	0.0956023	-	-	-	-	G
C39460284      none	B	[O:1]=[C:2]!@[O:3]~[C:4]	0.0123772	74.4927	-	-	-	-	G
C39460284      none	B	[cH0:1][c:2]([cH0])!@[CX3:3]=[O:4]	90.2804	3.9429	-	-	-	-	G
C20602385      none	B	[O-:1][N+:2](=O)!@[c:3]([cH0])[cH0:4]	89.9589	5.69106	-	-	-	-	G
C20602385      none	B	[!#1:1][CH2:2]!@[n:3][cH0:4]	135.005	0.318742	-	-	-	-	R
C20602385      none	B	[!#1:1][CX4H2:2]!@[CX4H2:3][!#1:4]	-59.9997	3.77933	-	-	-	-	G
C20602385      none	B	[O:1]=[CX3:2]([NH1])!@[CH2:3][C:4]	-89.9979	1.868	-	-	-	-	O
C20602385      none	B	[O:1]=[CX3:2]!@[NX3H1:3][!#1:4]	-0.0124252	63.7893	-	-	-	-	G
C20602385      none	B	[$(C=O):1][NX3H1:2]!@[CX4H1:3][H:4]	30.0083	9.46757	-	-	-	-	G
C20602385      none	B	[*^2:1]~[C^2:2]([!H])!@[C^2:3]~[*^2:4]	-89.975	1.27397	-	-	-	-	G
C20602385      none	B	[CX3:1]=[CX3:2]!@[CH2:3][OX2:4]	-59.9955	0.763359	-	-	-	-	R
C20602385      none	B	[$(C=O):1][O:2]!@[CH2:3]~[C:4]	-120	1.56085	-	-	-	-	O
C20602385      none	B	[O:1]=[C:2]!@[O:3]~[C:4]	29.9984	0.0796663	-	-	-	-	R
C26477765      none	B	[O:1]=[C:2]([O-])!@[CX4H1:3][H:4]	-0.00232271	0.495663	-	-	-	-	O
C26477765      none	B	[$(C=O):1][NX3H1:2]!@[CX4H1:3][H:4]	-29.9938	6.97413	-	-	-	-	G
C26477765      none	B	[O:1]=[CX3:2]!@[NX3H1:3][!#1:4]	-0.00225632	63.7893	-	-	-	-	G
C26477765      none	B	[C:1][CX4:2]!@[CX3:3]=[O:4]	119.932	3.75937	-	-	-	-	G
C26477765      none	B	[*:1][$(S(=O)=O):2]!@[NX3H0r:3][*:4]	60.0009	7.32227	-	-	-	-	G
C26477765      none	B	[aH1:1][c:2]([aH1])!@[SX4:3][!#1:4]	70.2802	5.04089	-	-	-	-	G
C26477765      none	B	[$(C=O):1][NX3H1:2]!@[c:3]([cH1])[cH1:4]	-90.0324	0.0604108	-	-	-	-	R
C26477765      none	B	[O:1]=[CX3:2]!@[NX3H1:3][!#1:4]	0.00654712	63.7893	-	-	-	-	G
C19685612      none	B	[aH0:1][c:2]([aH0])!@[SX4:3][!#1:4]	-143.866	0.977654	-	-	-	-	R
C19685612      none	B	[c:1][$(S(=O)=O):2]!@[NX3H0:3][C:4]	60.0011	7.00418	-	-	-	-	G
C19685612      none	B	[$(S(=O)(=O)):1][NX3H0:2]!@[CX4H2:3][!#1:4]	-90.001	8.83621	-	-	-	-	G
C19685612      none	B	[OX2:1][CX4:2]!@[CX4:3][N:4]	40.0018	1.66292	-	-	-	-	G
C19685612      none	B	[OX2:1][CX4:2]!@[CX4:3][N:4]	-60.0177	14.8764	-	-	-	-	G
C40571258      none	B	[O:1]=[CX3:2]!@[NX3H1:3][!#1:4]	0.00298934	63.7893	-	-	-	-	G
C40571258      none	B	N[C:2](=[O:1])!@[CH2:3][N:4]	-150.014	2.38095	-	-	-	-	G
C40571258      none	B	[$([CX3]=O):1][NX3H1:2]!@[CX4H2:3][C:4] 	-89.9986	7.35439	-	-	-	-	G
C40571258      none	B	[O:1]=[CX3:2]!@[NX3H1:3][!#1:4]	0.000810053	63.7893	-	-	-	-	G
C40571258      none	B	[O:1]=[CX3:2]!@[NX3H0:3][!#1:4]	30.002	0.680979	-	-	-	-	O
C40571258      none	B	[$([CX3]=O):1][NX3H0:2](C)!@[CX4H2:3][C:4]	60.001	0.600343	-	-	-	-	O
C40571258      none	B	[$(C=O):1][NX3H0:2]!@[CX4H1:3][H:4]	-0.000143808	15.8824	-	-	-	-	G
C40571258      none	B	[N:1][CX4:2]!@[CX3:3]=[O:4]	-119.996	0.897291	-	-	-	-	G
C50659433      none	B	[aH0:1][c:2]([aH1])!@[SX4:3][!#1:4]	70.02	11.3606	-	-	-	-	G
C50659433      none	B	[O-:1][N+:2](=O)!@[c:3]([cH,nX2H0])[cH,nX2H0:4]	180	23.2156	-	-	-	-	G
C50659433      none	B	[c:1][S:2](=O)(=O)!@[NX2H0-:3]-[*:4]	89.9959	2.77778	-	-	-	-	G
C50659433      none	B	[$(S(=O)(=O)):1][N:2]!@[c:3][a:4]	-120.005	1.85547	-	-	-	-	G
C62947860      none	B	[O:1]=[C:2]([O-])!@[c:3]([cH1])[cH1:4]	179.991	7.35294	-	-	-	-	G
C62947860      none	B	[$(C=O):1][NX3H1:2]!@[c:3]([cH1])[cH1:4]	-29.9902	5.05437	-	-	-	-	G
C62947860      none	B	[O:1]=[CX3:2]!@[NX3H1:3][!#1:4]	89.9959	0	-	-	-	-	R
C62947860      none	B	[O:1]=[CX3:2]!@[NX3H0:3][!#1:4]	-29.7245	0.692521	-	-	-	-	O
C62947860      none	B	[OX2:1][CX4:2]!@[CX4:3][N:4]	180	9.8427	-	-	-	-	G
C42678090      none	B	[O:1]=[CX3:2]!@[NX3H1:3][!#1:4]	0.00404423	63.7893	-	-	-	-	G
C42678090      none	B	[*:1]~[NX3:2]!@[NX3:3]~[*:4]	-90.0021	3.3545	-	-	-	-	G
C42678090      none	B	[O:1]=[CX3:2]!@[NX3H1:3][!#1:4]	0.00131651	63.7893	-	-	-	-	G
C42678090      none	B	[cH1:1][c:2]([cH1])!@[C:3]([NH1,NH2])=[O:4]	-26.9955	8.39053	-	-	-	-	G
C42678090      none	B	[a:1][ar6:2]!@[ar5:3][a:4]	-179.683	7.27752	-	-	-	-	G
CHEMBL275040      none	B	[CX3:1]=[CX3:2]!@[CH1:3](C)[C:4]	116.846	10.7969	-	-	-	-	G
CHEMBL275040      none	B	[O:1]=[C:2]([O-])!@[CX4H1:3][H:4]	-0.00278902	0.495663	-	-	-	-	O
CHEMBL275040      none	B	[!#1:1][CX4:2]!@[CX4:3][!#1:4]	180	22.1548	-	-	-	-	G
CHEMBL275040      none	B	[C:1][CX4H2:2]!@[CX3:3]=[O:4]	119.999	0.695249	-	-	-	-	O
C43395266      none	B	[!#1:1][CX4H2:2]!@[CX4H2:3][!#1:4]	179.999	58.554	-	-	-	-	G
C43395266      none	B	[!#1:1][CX4:2]!@[CX4:3][!#1:4]	-59.9968	12.2558	-	-	-	-	G
C43395266      none	B	[NH1:1][CX4:2]!@[CX3:3]=[O:4]	-30.0009	4.44172	-	-	-	-	G
C43395266      none	B	[!#1:1][CX4:2]!@[NX3:3][!#1:4]	-39.9973	0.688006	-	-	-	-	G
C43395266      none	B	[cH0:1][c:2]([cH,nX2H0])!@[NX3H1:3][CX4:4]	-119.997	0	-	-	-	-	R
C15577086      none	B	[$(C=O):1][NX3:2]!@[a:3][aH0:4]	59.9828	2.5788	-	-	-	-	O
C15577086      none	B	[O:1]=[CX3:2]!@[NX3H1:3][!#1:4]	0.00330069	63.7893	-	-	-	-	G
C15577086      none	B	[C:1][CX4:2]!@[CX3:3]=[O:4]	-30.2112	3.42621	-	-	-	-	G
C49248647      none	B	[$([CX3]=O):1][NX3H0:2](C)!@[CX4H2:3][C:4]	90.007	14.7513	-	-	-	-	G
C49248647      none	B	[O:1]=[CX3:2]!@[NX3H0:3][!#1:4]	180	18.2537	-	-	-	-	G
C49248647      none	B	N[C:2](=[O:1])!@[CH2:3][N:4]	-90.0052	0.14881	-	-	-	-	R
C49248647      none	B	N[C:2](=[O:1])!@[CH2:3][N:4]	-0.00603604	9.82143	-	-	-	-	G
C49248647      none	B	[$([CX3]=O):1][NX3H1:2]!@[CX4H2:3][C:4] 	180	6.46594	-	-	-	-	G
C49248647      none	B	[O:1]=[CX3:2]!@[NX3H1:3][!#1:4]	-0.00204154	63.7893	-	-	-	-	G
C49248647      none	B	[cH1:1][c:2]([cH1])!@[C:3]([NH1,NH2])=[O:4]	-153.005	8.78518	-	-	-	-	G
C50244584      none	B	[O:1]=[CX3:2]!@[NX3H0:3][!#1:4]	-29.9969	0.692521	-	-	-	-	O
C50244584      none	B	[O:1]=[CX3:2]!@[NX3H0:3][!#1:4]	150.307	1.73707	-	-	-	-	O
C50244584      none	B	[O:1]=[C:2]([O-])!@[CX4H1:3][H:4]	90.0025	0.86741	-	-	-	-	O
C62100561      none	B	[C:1][CX4:2]!@[NX3;"N_lp":3][C:4]	-179.741	5.71656	-	-	-	-	G
C08830750      none	B	[OX2:1][CX4:2]!@[CX4:3][OX2:4]	58.2875	14.3222	-	-	-	-	G
C08830750      none	B	[$(C=O):1][NX3H0:2]!@[CX4H1:3][H:4]	-4.46838	15.8824	-	-	-	-	G
C54431794      none	B	[O:1]=[CX3:2](a)!@[NX3H0:3][!#1:4]	150.003	2.50464	-	-	-	-	G
C54431794      none	B	[O:1]=[C:2]([O-])!@[CX4H1:3][H:4]	0.00211465	0.495663	-	-	-	-	O
C54431794      none	B	[$([c]([NH1,NH2])):1][c:2]!@[CX3:3]([!O])=[O:4]	-89.69	0	-	-	-	-	R
C17002053      none	B	[*:1]~[OX2:2]!@[SX4:3]~[*:4]	-160.003	2.64885	-	-	-	-	G
C17002053      none	B	[H:1][CX4H1:2]!@[OX2:3][!#1:4]	40.0087	11.1687	-	-	-	-	G
C17002053      none	B	[OX2:1][CX4:2]!@[CX4:3][OX2:4]	-80.0499	2.4811	-	-	-	-	O
C05167370      none	B	[O:1]=[CX3:2]!@[NX3H1:3][!#1:4]	0.00385893	63.7893	-	-	-	-	G
C05167370      none	B	[$(C=O):1][NX3H1:2]!@[CX4H1:3][H:4]	-30.0039	6.97413	-	-	-	-	G
C05167370      none	B	[OX2:1][CX4:2]!@[CX4:3][OX2:4]	80.4246	2.87509	-	-	-	-	O
C47007527      none	B	[cH0:1][c:2]!@[CX4H1:3][CX4:4]	89.9962	4.45044	-	-	-	-	G
C47007527      none	B	[$(C=O):1][NX3H1:2]!@[CX4H1:3][H:4]	-60.0134	1.23735	-	-	-	-	O
C47007527      none	B	[O:1]=[CX3:2]!@[NX3H1:3][!#1:4]	0.00366297	63.7893	-	-	-	-	G
C47007527      none	B	[O:1]=[CX3:2]!@[NX3H0:3][!#1:4]	-29.7381	0.692521	-	-	-	-	O
C47007527      none	B	[C:1][CX4H2:2]!@[NX3;"N_lp":3][C:4]	160	5.62549	-	-	-	-	G
C47007527      none	B	N[C:2](=[O:1])!@[CH2:3][N:4]	150	3.125	-	-	-	-	G
C47007527      none	B	[O:1]=[CX3:2]!@[NX3H1:3][!#1:4]	0.000610207	63.7893	-	-	-	-	G
C47007527      none	B	[$(C=O):1][NX3H1:2]!@[CX4H1:3][H:4]	-30.0014	6.97413	-	-	-	-	G
C01547761      none	B	[O:1]=[C:2]([O-])!@[CX4H1:3][H:4]	90.0077	0.86741	-	-	-	-	O
C01547761      none	B	[N:1][CX4:2]!@[CX3:3]=[O:4]	122.879	0.766617	-	-	-	-	G
C41068546      none	B	[$(S(=O)(=O)):1][NH0:2]!@[c:3]([cH1])[cH1:4]	-60.0147	0.826446	-	-	-	-	G
C41068546      none	B	[c:1][S:2](=O)(=O)!@[NX2H0-:3]-[*:4]	89.9976	2.77778	-	-	-	-	G
C41068546      none	B	[aH0:1][c:2]([aH1])!@[SX4:3][!#1:4]	69.6704	11.3606	-	-	-	-	G
C65964705      none	B	[a:1][a:2]!@[NX3:3][!#1:4]	-60.0003	1.73028	-	-	-	-	O
C65964705      none	B	[a:1][c:2]!@[CX4H2:3][!#1:4]	-44.9997	1.62815	-	-	-	-	O
C65964705      none	B	[!#1:1][CX4H2:2]!@[NX3;"N_lp":3][!#1:4]	-75.7839	6.8682	-	-	-	-	G
C65964705      none	B	[C:1][CX4:2]!@[CX3:3]=[O:4]	89.8354	3.65147	-	-	-	-	G
C65964705      none	B	[O:1]=[CX3:2]!@[NX3H1:3][!#1:4]	-0.00580785	63.7893	-	-	-	-	G
C65964705      none	B	[$(C=O):1][NX3H1:2]!@[CX4H1:3][H:4]	0.00667744	8.26772	-	-	-	-	G
C21793868      none	B	[!#1:1][CX4:2]!@[SX2:3][!#1:4]	-160.002	3.18377	-	-	-	-	G
C21793868      none	B	[!#1:1][CX4H2:2]!@[CX4H2:3][!#1:4]	180	58.554	-	-	-	-	G
C21793868      none	B	[!#1:1][CX4:2]!@[CX4:3][!#1:4]	-59.9913	12.2558	-	-	-	-	G
C21793868      none	B	[O:1]=[C:2]([O-])!@[CX4H1:3][H:4]	0.00238208	0.495663	-	-	-	-	O
C21793868      none	B	[$(C=O):1][NX3H1:2]!@[CX4H1:3][H:4]	-59.9928	1.23735	-	-	-	-	G
C21793868      none	B	[O:1]=[CX3:2]([$([NX3H1]C)])!@[NX3H1:3][!#1:4]	179.998	9.5176	-	-	-	-	R
C21793868      none	B	[O:1]=[CX3:2]([$([NX3H1]C)])!@[NX3H1:3][!#1:4]	0.000806265	41.1343	-	-	-	-	G
C21793868      none	B	[$([CX3]=O):1][NX3H1:2]!@[CX4H2:3][C:4] 	89.9984	7.35439	-	-	-	-	G
C21793868      none	B	N[C:2](=[O:1])!@[CH2:3][N:4]	-89.9968	0.14881	-	-	-	-	R
C21793868      none	B	[O:1]=[CX3:2]!@[NX3H0:3][!#1:4]	-179.677	18.2537	-	-	-	-	G
C22047936      none	B	[CX3:1]=[CX3:2]!@[CH2:3][OX2:4]	119.998	6.41221	-	-	-	-	G
C22047936      none	B	[C:1][CH2:2]!@[O:3][CX4:4]	79.9976	1.71561	-	-	-	-	G
C22047936      none	B	[H:1][CX4H1:2]!@[O:3][CX4:4]	-79.9946	0.0147124	-	-	-	-	O
C22047936      none	B	[OX2:1][CX4:2]!@[CX4:3][OX2:4]	80.0561	2.87509	-	-	-	-	O
C00091284      none	B	[cH1:1][c:2]([nX2])!@[CX3:3]=[NX2:4]	60.3111	0.131752	-	-	-	-	R
C00091284      none	B	[a:1][c:2]!@[CX4H1:3][H:4]	0.189402	6.54616	-	-	-	-	G
C40547682      none	B	[!#1:1][CX4:2]!@[CX4:3][!#1:4]	-60.003	12.2558	-	-	-	-	G
C40547682      none	B	[$(C=O):1][NX3H0:2]!@[CX4H1:3][H:4]	0.0162224	15.8824	-	-	-	-	G
C40547682      none	B	[$([CX3]=O):1][NX3H0:2](C)!@[CX4H2:3][C:4]	-90.01	15.9949	-	-	-	-	G
C40547682      none	B	[O:1]=[CX3:2]!@[NX3H0:3][!#1:4]	-30.0081	0.692521	-	-	-	-	O
C40547682      none	B	[N:1][CX4:2]!@[CX3:3]=[O:4]	-119.996	0.897291	-	-	-	-	G
C40547682      none	B	[O:1]=[CX3:2]!@[NX3H0:3][!#1:4]	150.273	1.73707	-	-	-	-	O
C40547682      none	B	[C:1][CX4:2]!@[CX3:3]=[O:4]	-119.866	3.42432	-	-	-	-	G
C60376690      none	B	[cH1:1][a:2]([cH1])!@[a:3]([sX2,o,nX2H0,nX3H1:4])([cH0])	120.398	2.13068	-	-	-	-	G
C60376690      none	B	[$(S(=O)(=O)):1][NH0:2]!@[c:3]([cH1])[cH0:4]	90.0034	13.1148	-	-	-	-	G
C60376690      none	B	[c:1][S:2](=O)(=O)!@[NX2H0-:3]-[*:4]	59.9957	8.33333	-	-	-	-	G
C60376690      none	B	[aH1:1][c:2]([aH1])!@[SX4:3][!#1:4]	-89.7213	12.5987	-	-	-	-	G
C60376690      none	B	[aH1:1][c:2]([aH1])!@[SX4:3][!#1:4]	-89.9957	12.5987	-	-	-	-	G
C35058007      none	B	[O:1]=[CX3:2]!@[NX3H1:3][!#1:4]	0.0021071	63.7893	-	-	-	-	G
C35058007      none	B	[$(C=O):1][NX3H1:2]!@[CX4H1:3][H:4]	30.0021	9.46757	-	-	-	-	G
C35058007      none	B	[H:1][CX4H1:2]!@[O:3][CX4:4]	-39.9217	11.8876	-	-	-	-	G
C35058007      none	B	[a:1][c:2]!@[CX4H1:3][N,O:4]	60.0044	3.42939	-	-	-	-	G
C35058007      none	B	[H:1][CX4H1:2]!@[OX2:3][!#1:4]	0.0982595	7.47259	-	-	-	-	G
C35058007      none	B	[cH1,n:1][c:2]!@[O:3][CRH1:4]	-60.001	0.609756	-	-	-	-	R
C35058007      none	B	[C:1][CH2:2]!@[O:3][CX4:4]	80.0042	1.71561	-	-	-	-	G
C35058007      none	B	[O:1][CX4:2]!@[CX3:3]=[O:4]	119.998	0.923198	-	-	-	-	O
C28778936      none	B	[O:1]=[CX3:2]!@[NX3H1:3][!#1:4]	0.00704483	63.7893	-	-	-	-	G
C28778936      none	B	[*:1]~[NX3:2]!@[NX3:3]~[*:4]	89.9687	3.54776	-	-	-	-	G
C28778936      none	B	[O:1]=[CX3:2]!@[NX3H1:3][!#1:4]	0.0643627	63.7893	-	-	-	-	G
C28778936      none	B	[cH1:1][c:2]([cH1])!@[C:3]([NH1,NH2])=[O:4]	152.95	9.05971	-	-	-	-	G
C28778936      none	B	[$(S(=O)(=O)):1][NH0:2]!@[c:3]([cH1])[cH1:4]	-90.0178	17.7686	-	-	-	-	G
C28778936      none	B	[c:1][S:2](=O)(=O)!@[NX2H0-:3]-[*:4]	90.0005	2.77778	-	-	-	-	G
C28778936      none	B	[aH0:1][c:2]([aH1])!@[SX4:3][!#1:4]	-110.325	1.0568	-	-	-	-	O
C00109288      none	B	[$(C=O):1][NX3H1:2]!@[c:3](s)[n:4]	0.000710741	0.574713	-	-	-	-	R
C00109288      none	B	[O:1]=[CX3:2]!@[NX3H1:3][!#1:4]	-0.00155287	63.7893	-	-	-	-	G
C00109288      none	B	[C:1][CX4:2]!@[CX3:3]=[O:4]	-28.1916	3.42621	-	-	-	-	G
C00109288      none	B	[C:1][CX4:2]!@[CX3:3]=[O:4]	-0.000902375	5.61823	-	-	-	-	G
C40697800      none	B	[a:1][a:2]!@[CX3:3]=[CX3H1:4]	-119.998	1.01669	-	-	-	-	O
C40697800      none	B	[*^2:1]~[C^2:2]([!H])!@[C^2:3]~[*^2:4]	0.00210242	20.0453	-	-	-	-	G
C40697800      none	B	[O:1]=[CX3:2]!@[NX3H1:3][!#1:4]	-0.000416107	63.7893	-	-	-	-	G
C40697800      none	B	[$(C=O):1][NX3H1:2]!@[CX4H1:3][H:4]	-29.9984	6.97413	-	-	-	-	G
C40697800      none	B	[!#1:1][CX4:2]!@[CX4:3][!#1:4]	179.999	22.1548	-	-	-	-	G
C40697800      none	B	[O:1]=[C:2]([O-])!@[CX4H1:3][H:4]	0.00215782	0.495663	-	-	-	-	O
C40697800      none	B	[!#1:1][CX4H2:2]!@[CX4H2:3][!#1:4]	-59.9985	3.77933	-	-	-	-	G
C61121332      none	B	[$(C=O):1][NX3H1:2]!@[c:3]([cH0]F)[cH:4]	-120.002	1.75439	-	-	-	-	R
C61121332      none	B	[O:1]=[CX3:2]([$([NX3H1]C)])!@[NX3H1:3][!#1:4]	0.0120762	41.1343	-	-	-	-	G
C61121332      none	B	[O:1]=[CX3:2]([$([NX3H1]C)])!@[NX3H1:3][!#1:4]	-0.0113351	41.1343	-	-	-	-	G
C61121332      none	B	[$(C=O):1][NX3H1:2]!@[CX4H1:3][H:4]	29.9971	9.46757	-	-	-	-	G
C61121332      none	B	[OX2:1][CX4:2]!@[CX4:3][N:4]	-60.0052	14.8764	-	-	-	-	G
C61121332      none	B	[O:1]=[C:2]([O-])!@[CX4H1:3][H:4]	89.9999	0.86741	-	-	-	-	O
C37449282      none	B	[O:1]=[CX3:2]!@[NX3H1:3][!#1:4]	0.00801087	63.7893	-	-	-	-	G
C37449282      none	B	[$(C=O):1][NX3H1:2]!@[c:3](s)[n:4]	-179.678	66.092	-	-	-	-	G
C37449282      none	B	[a:1][c:2]!@[C:3]([NH0])=[O:4]	90.0053	2.88889	-	-	-	-	G
C37449282      none	B	[O:1]=[CX3:2](a)!@[NX3H0:3][!#1:4]	-179.692	9.67842	-	-	-	-	G
C37449282      none	B	[O:1]=[C:2]([O-])!@[CX4H1:3][H:4]	-0.00269472	0.495663	-	-	-	-	O
C50630591      none	B	[!#1:1][CX4:2]!@[SX4:3][!#1:4]	180	13.1368	-	-	-	-	G
C50630591      none	B	[!#1:1][CX4H2:2]!@[CX4H2:3][!#1:4]	-59.999	3.77933	-	-	-	-	G
C50630591      none	B	[$(S(=O)(=O)):1][NX3H1:2]!@[CX4H2:3][!#1:4]	150.001	5.15021	-	-	-	-	G
C50630591      none	B	[c:1][$(S(=O)=O):2]!@[NX3H1:3][C:4]	-89.9999	3.19032	-	-	-	-	G
C50630591      none	B	[aH0:1][c:2]([aH1])!@[SX4:3][!#1:4]	-70.2656	15.3236	-	-	-	-	G
C50630591      none	B	[aH1:1][c:2]([aH1])!@[SX4:3][!#1:4]	89.9961	12.916	-	-	-	-	G
C13220419      none	B	[C:1][CX4H2:2]!@[OX2:3][c:4]	-119.994	0.315856	-	-	-	-	R
C13220419      none	B	[cH0:1][c:2]([cH1])!@[O:3][C:4]	-150.264	0.58186	-	-	-	-	O
C13220419      none	B	[cH0:1][c:2]!@[CX4H2:3][N,O,S:4]	89.9997	7.74238	-	-	-	-	G
C13220419      none	B	[$(C=O):1][NX3H1:2]!@[CX4H2:3][!#1:4]	120.002	2.79198	-	-	-	-	O
C13220419      none	B	[O:1]=[CX3:2]!@[NX3H1:3][!#1:4]	-0.00249089	63.7893	-	-	-	-	G
C13220419      none	B	[!#1:1][CX4H2:2]!@[CX3:3]=[O:4]	120.004	0.613497	-	-	-	-	G
C13220419      none	B	[!#1:1][CX4:2]!@[SX2:3][!#1:4]	89.9967	2.8728	-	-	-	-	G
C13220419      none	B	[aH0:1][c:2]([aH0])!@[SX2:3][!#1:4]	0.000453841	13.1253	-	-	-	-	G
C13220419      none	B	[cH1:1][a:2]([cH1])!@[a:3]([sX2,o,nX2H0,nX3H1:4])	-119.724	0.969173	-	-	-	-	R
C13220419      none	B	[!#1:1][CH2:2]!@[n:3][cH0:4]	90.0003	14.7896	-	-	-	-	G
C13220419      none	B	[!#1:1][CX4H2:2]!@[CX3:3]=[O:4]	120.002	0.613497	-	-	-	-	G
C41031375      none	B	[O-:1][N+:2](=O)!@[c:3]([cH,nX2H0])[cH,nX2H0:4]	179.978	23.2156	-	-	-	-	G
C41031375      none	B	[cH0:1][c:2]([cH1])!@[CX3:3]([NX3H0])=[O:4]	-59.9992	9.09091	-	-	-	-	G
C41031375      none	B	[O:1]=[CX3:2](a)!@[NX3H0:3][!#1:4]	-149.693	2.19542	-	-	-	-	O
C41031375      none	B	[O:1]=[C:2]([O-])!@[CX4H1:3][H:4]	0.00175749	0.495663	-	-	-	-	O
C66637790      none	B	[*:1]~[N,n:2]!@[S:3]~[*:4]	-60.0031	4.40087	-	-	-	-	G
C66637790      none	B	[$(S(=O)(=O)):1][NH0:2]!@[c:3]([cH1])[cH0:4]	89.7319	13.1148	-	-	-	-	G
C66637790      none	B	[cH1:1][c:2]([cH1])!@[C:3]([NH1,NH2])=[O:4]	27.0262	8.08167	-	-	-	-	G
C66637790      none	B	[O:1]=[CX3:2]!@[NX3H1:3][!#1:4]	0.00559712	63.7893	-	-	-	-	G
C66637790      none	B	[$(C=O):1][NX3H1:2]!@[CX4H2:3][!#1:4]	-150	1.65159	-	-	-	-	G
C66637790      none	B	[a:1][c:2]!@[CX4H2:3][!#1:4]	-44.6966	1.62815	-	-	-	-	O
C66637790      none	B	[*:1]~[CX4:2]!@[n:3]~[*:4]	-51.3703	2.67193	-	-	-	-	G
C28225222      none	B	[$(S(=O)(=O)):1][N:2]!@[c:3][a:4]	-60.006	1.85547	-	-	-	-	G
C28225222      none	B	[c:1][S:2](=O)(=O)!@[NX2H0-:3]-[*:4]	60.0069	8.33333	-	-	-	-	G
C28225222      none	B	[aH1:1][c:2]([aH1])!@[SX4:3][!#1:4]	-89.7391	12.5987	-	-	-	-	G
C28225222      none	B	[$(C=O):1][NX3H1:2]!@[c:3]([cH1])[cH1:4]	-120.024	0.302054	-	-	-	-	R
C28225222      none	B	[O:1]=[CX3:2]!@[NX3H1:3][!#1:4]	0.00326391	63.7893	-	-	-	-	G
C28225222      none	B	[a:1][c:2]!@[C:3]([NH1,NH2])=[O:4]	30.3026	4.93827	-	-	-	-	O
C28225222      none	B	[a:1][c:2]!@[CX4H2:3][!#1:4]	-134.998	2.0362	-	-	-	-	O
C28225222      none	B	[c:1][CX4H2:2]!@[OX2:3][c:4]	179.999	39.7757	-	-	-	-	G
C28225222      none	B	[cH1:1][c:2]([cH1])!@[O:3][C:4]	-179.722	26.896	-	-	-	-	G
C13547179      none	B	[O:1]=[CX3:2](a)!@[NX3H0:3][!#1:4]	30.0015	0.896722	-	-	-	-	O
C13547179      none	B	[$([c]([NH1,NH2])):1][c:2]!@[CX3:3]([!O])=[O:4]	60.3353	0.552486	-	-	-	-	R
C13547179      none	B	[!#1:1][CH2:2]!@[n:3][cH0:4]	90	14.7896	-	-	-	-	G
C13547179      none	B	[!#1:1][CX4:2]!@[CX4:3][!#1:4]	-161.193	1.85018	-	-	-	-	G
C48763377      none	B	[!#1:1][CX4:2]!@[CX3H0:3][!#1:4]	-149.996	2.58987	-	-	-	-	G
C48763377      none	B	[H:1][CX4H1:2]!@[O:3][CX4:4]	40.0087	11.9906	-	-	-	-	G
C48763377      none	B	[*:1]~[N,n:2]!@[S:3]~[*:4]	29.9991	2.49131	-	-	-	-	G
C48763377      none	B	[aH1:1][c:2]([aH1])!@[SX4:3][!#1:4]	90.2742	12.916	-	-	-	-	G
C48763377      none	B	[O-:1][N+:2](=O)!@[c:3]([cH,nX2H0])[cH,nX2H0:4]	179.984	23.2156	-	-	-	-	G
C48868594      none	B	[c:1][c:2]!@[c:3][s,o,nX3H1:4]	-0.00785093	17.837	-	-	-	-	G
C48868594      none	B	[cH1:1][c:2]([nX2])!@[CX3:3]=[NX2:4]	-150.025	0.527009	-	-	-	-	O
C48868594      none	B	[*:1]~[N,n:2]!@[S:3]~[*:4]	-60.0007	4.40087	-	-	-	-	G
C48868594      none	B	[*:1][$(S(=O)=O):2]!@[NX3H0:3][*:4]	-60.005	7.32233	-	-	-	-	G
C13365010      none	B	[OX2:1][CX4:2]!@[CX4:3][N:4]	81.9778	3.55056	-	-	-	-	O
C13365010      none	B	[$([CX3]=O):1][NX3H1:2]!@[CX4H2:3][C:4] 	-120.006	2.61599	-	-	-	-	O
C13365010      none	B	[O:1]=[CX3:2]([$([NX3H1]C)])!@[NX3H1:3][!#1:4]	0.0107684	41.1343	-	-	-	-	G
C13365010      none	B	[O:1]=[C:2]([NH1])!@[NX3H1:3](C=O)[H:4]	0.00262835	58.9474	-	-	-	-	G
C13365010      none	B	[O:1]=[C:2]!@[NX3H1:3](C=O)[H:4]	179.99	35.6725	-	-	-	-	G
C13365010      none	B	[!#1:1][CX4H2:2]!@[CX3:3]=[O:4]	-90.0055	1.11373	-	-	-	-	G
C13365010      none	B	[!#1:1][CX4:2]!@[SX2:3][!#1:4]	-59.9971	7.13757	-	-	-	-	G
C13365010      none	B	[aH0:1][c:2]([aH0])!@[SX2:3][!#1:4]	-29.9973	0.51573	-	-	-	-	O
C13365010      none	B	[O:1]=[C:2]([O-])!@[c:3][a:4]	0.00466609	11.4943	-	-	-	-	G
C13365010      none	B	[cH1:1][a:2]([cH1])!@[a:3]([cH0])[cH0:4]	60.4461	5.86243	-	-	-	-	G
C20268295      none	B	[cH0:1][c:2]([cH,nX2H0])!@[NX3H0:3][CX4:4]	-119.997	1.65213	-	-	-	-	O
C20268295      none	B	[cH0:1][c:2]!@[CX4H2:3][!#1:4]	134.995	0.579802	-	-	-	-	R
C59743749      none	B	[$(S(=O)(=O)):1][N:2]!@[c:3][a:4]	180	4.19922	-	-	-	-	G
C59743749      none	B	[c:1][S:2](=O)(=O)!@[NX2H0-:3]-[*:4]	-60.0089	11.1111	-	-	-	-	G
C59743749      none	B	[aH1:1][c:2]([aH1])!@[SX4:3][!#1:4]	-89.7272	12.5987	-	-	-	-	G
C59743749      none	B	[$(C=O):1][NX3H1:2]!@[c:3]([cH1])[cH1:4]	29.9762	5.05437	-	-	-	-	G
C59743749      none	B	[O:1]=[CX3:2]!@[NX3H1:3][!#1:4]	0.00370066	63.7893	-	-	-	-	G
C59743749      none	B	[C:1][CX4:2]!@[CX3:3]=[O:4]	119.877	3.75937	-	-	-	-	G
C59743749      none	B	[O:1]=[CX3:2]!@[NX3H0:3][!#1:4]	0.00678074	25.0866	-	-	-	-	G
C59743749      none	B	[O:1][CX4:2]!@[CX3:3]=[O:4]	-0.00852805	13.789	-	-	-	-	G
C59743749      none	B	[C:1][CH2:2]!@[O:3][CX4:4]	-159.997	4.55295	-	-	-	-	G
C67001061      none	B	[*:1]~[CX3:2]!@[cX3:3]~[*:4]	90.0004	0.745822	-	-	-	-	O
C67001061      none	B	[cH1:1][a:2]([cH1])!@[a:3]([sX2,o,nX2H0,nX3H1:4])([cH0])	120.436	2.13068	-	-	-	-	G
C67001061      none	B	[*:1]~[N,n:2]!@[S:3]~[*:4]	-150.003	1.449	-	-	-	-	G
C49035624      none	B	[NH1:1][CX4:2]!@[CX3:3]=[O:4]	-149.997	4.5183	-	-	-	-	G
C49035624      none	B	[$(C=O):1][NX3H1:2]!@[CX4H1:3][H:4]	-30.0001	6.97413	-	-	-	-	G
C49035624      none	B	[O:1]=[CX3:2]!@[NX3H1:3][!#1:4]	-0.0103064	63.7893	-	-	-	-	G
C49035624      none	B	[$(C=O):1][NX3H1:2]!@[CX4H1:3][H:4]	30.0084	9.46757	-	-	-	-	G
C49035624      none	B	[*:1][$(S(=O)=O):2]!@[NX3H0r:3][*:4]	89.9993	4.85782	-	-	-	-	G
C49035624      none	B	[O:1]=[CX3:2]!@[NX3H1:3][!#1:4]	-0.000664817	63.7893	-	-	-	-	G
C13013629      none	B	[cH1:1][c:2]([cH1])!@[CX3:3]=[NX2:4]	-29.721	2.32396	-	-	-	-	G
C13013629      none	B	[*:1]~[NX3:2]!@[NX2:3]~[*:4]	149.999	0.447375	-	-	-	-	O
C13013629      none	B	[a:1][a:2]!@[NX3:3][!#1:4]	-179.738	11.4213	-	-	-	-	G
C13013629      none	B	[aH1:1][c:2]([aH1])!@[SX4:3][!#1:4]	70.001	5.04089	-	-	-	-	G
C13013629      none	B	[*:1][$(S(=O)=O):2]!@[NX3H0r:3][*:4]	-89.7288	4.88152	-	-	-	-	G
C13013629      none	B	[O:1]=[C:2]([O-])!@[CX4H1:3][H:4]	0.00287426	0.495663	-	-	-	-	O
C22054609      none	B	[O:1]=[C:2]!@[O:3]~[C:4]	0.00193548	74.4927	-	-	-	-	G
C22054609      none	B	[$(C=O):1][O:2]!@[CH2:3]~[C:4]	-149.998	2.4514	-	-	-	-	G
C22054609      none	B	[OX2:1][CX4:2]!@[CX4:3][OX2:4]	162.251	0.798637	-	-	-	-	G
C22054609      none	B	[$(C=O):1][O:2]!@[CH1:3][H:4]	29.9943	10.7465	-	-	-	-	G
C22054609      none	B	[$(C=O):1][O:2]!@[CH1:3][H:4]	-0.00111942	9.45727	-	-	-	-	G
C22054609      none	B	[*:1]~[CX4:2]!@[n:3]~[*:4]	-90.0018	3.28413	-	-	-	-	G
C22054609      none	B	[O:1]=[C:2]!@[O:3]~[C:4]	0.00303705	74.4927	-	-	-	-	G
C22054609      none	B	[O:1]=[C:2]!@[O:3]~[C:4]	0.00877065	74.4927	-	-	-	-	G
C00895508      none	B	[O:1]=[CX3:2]!@[NX3H1:3][!#1:4]	0.00241114	63.7893	-	-	-	-	G
C00895508      none	B	[$(C=O):1][NX3H1:2]!@[CX4H1:3][H:4]	29.9937	9.46757	-	-	-	-	G
C00895508      none	B	[OX2:1][CX4:2]!@[CX4:3][OX2:4]	39.9421	0.511128	-	-	-	-	O
C44228445      none	B	[OX2:1][CX4:2]!@[CX4:3][OX2:4]	80.0077	2.87509	-	-	-	-	G
C44228445      none	B	[OX2:1][CX4:2]!@[CX4:3][OX2:4]	80.0057	2.87509	-	-	-	-	G
C44228445      none	B	[OX2:1][CX4:2]!@[CX4:3][OX2:4]	160.012	0.798637	-	-	-	-	G
C44228445      none	B	[OX2:1][CX4:2]!@[CX4:3][OX2:4]	-159.997	0.511128	-	-	-	-	G
C13552105      none	B	[*:1]~[NX2:2]!@[OX2:3]~[*:4]	180	49.4817	-	-	-	-	G
C13552105      none	B	[*:1]~[CX3:2]!@[cX3:3]~[*:4]	120.301	1.24319	-	-	-	-	O
C13552105      none	B	[*^2:1]~[C^2:2]([!H])!@[C^2:3]~[*^2:4]	-119.995	0.661024	-	-	-	-	G
C13552105      none	B	[O:1]=[CX3:2]!@[NX3H1:3][!#1:4]	-0.00364389	63.7893	-	-	-	-	G
C13552105      none	B	[$(C=O):1][NX3H1:2]!@[CX4H1:3][H:4]	0.00153762	8.26772	-	-	-	-	G
C13552105      none	B	[*^2:1]~[C^2:2]([!H])!@[C^2:3]~[*^2:4]	-90.0284	1.27397	-	-	-	-	G
C13552105      none	B	[CX3:1]=[CX3:2]!@[CH2:3][OX2:4]	179.997	1.98473	-	-	-	-	R
C65097491      none	B	[cH1:1][c:2]([cH1])!@[O:3][C:4]	-179.725	26.896	-	-	-	-	G
C65097491      none	B	[$(S(=O)(=O)):1][NH0:2]!@[c:3]([cH1])[cH1:4]	-60.0332	0.826446	-	-	-	-	G
C65097491      none	B	[c:1][S:2](=O)(=O)!@[NX2H0-:3]-[*:4]	-60.0029	11.1111	-	-	-	-	G
C65097491      none	B	[aH0:1][c:2]([aH1])!@[SX4:3][!#1:4]	-110.328	1.0568	-	-	-	-	O
C65097491      none	B	[cH1:1][a:2]([cH1])!@[a:3]([sX2,o,nX2H0,nX3H1:4])	-19.7073	3.43881	-	-	-	-	G
C65097491      none	B	[a:1][c:2]!@[C:3]([NH0])=[O:4]	59.9942	3.02778	-	-	-	-	G
C65097491      none	B	[O:1]=[CX3:2](a)!@[NX3H0:3][!#1:4]	-179.724	9.67842	-	-	-	-	G
C02565479      none	B	[*:1]~[CX4:2]!@[n:3]~[*:4]	119.998	3.12393	-	-	-	-	G
C02565479      none	B	[OX2:1][CX4:2]!@[CX4:3][OX2:4]	-81.9161	2.4811	-	-	-	-	O
C35397883      none	B	[!#1:1][CX4H2:2]!@[CX4H2:3][!#1:4]	180	58.554	-	-	-	-	G
C35397883      none	B	[!#1:1][CH2:2]!@[n:3][cH0:4]	-134.682	0.892478	-	-	-	-	R
C35397883      none	B	[a:1][c:2]!@[CX4H2:3][!#1:4]	89.9991	7.24386	-	-	-	-	G
C35397883      none	B	[!#1:1][CX4H2:2]!@[NX3:3][!#1:4]	-29.9968	0.05615	-	-	-	-	G
C35397883      none	B	[cH0:1][c:2]([cH,nX2H0])!@[NX3H0:3][CX4:4]	90.0021	2.06517	-	-	-	-	G
C35397883      none	B	[O:1]=[C:2]([O-])!@[c:3]([cH1])[cH0:4]	89.9991	0	-	-	-	-	R
C35397883      none	B	[$(S(=O)(=O)):1][NH1:2]!@[c:3]([cH1])[cH1:4]	-60.0217	3.81356	-	-	-	-	G
C35397883      none	B	[c:1][$(S(=O)=O):2]!@[NX3H1:3][c:4]	-60.0008	22.2603	-	-	-	-	G
C35397883      none	B	[aH1:1][c:2]([aH1])!@[SX4:3][!#1:4]	90.2858	12.916	-	-	-	-	G
C49056045      none	B	[a:1][c:2]!@[CX4H2:3][!#1:4]	45.0018	2.0463	-	-	-	-	O
C49056045      none	B	[!#1:1][CX4H2:2]!@[NX3H1:3][!#1:4]	180	11.3535	-	-	-	-	G
C49056045      none	B	[a:1][a:2]!@[NX3:3][!#1:4]	160.273	2.58602	-	-	-	-	G
C36965363      none	B	[a:1][c:2]!@[CX3:3]=[CX3H0:4]	89.996	1.52036	-	-	-	-	G
C36965363      none	B	[O-:1][N+:2](=O)!@[c:3]([cH0])[cH,nX2H0:4]	-0.0311127	12.6374	-	-	-	-	G
C36965363      none	B	[*^2:1]~[C^2:2]([!H])!@[C^2:3]~[*^2:4]	0.00983189	20.0453	-	-	-	-	G
C05085906      none	B	[OX2:1][CX4:2]!@[CX4:3][OX2:4]	39.9762	0.511128	-	-	-	-	O
C05085906      none	B	[$(C=O):1][NX3H1:2]!@[CX4H1:3][H:4]	30.0007	9.46757	-	-	-	-	G
C05085906      none	B	[O:1]=[CX3:2]!@[NX3H1:3][!#1:4]	-0.00126577	63.7893	-	-	-	-	G
C04831424      none	B	[C:1][CH2:2]!@[O:3][CX4:4]	180	35.2689	-	-	-	-	G
C04831424      none	B	[OX2:1][CX4:2]!@[CX4:3][OX2:4]	60.0183	14.3222	-	-	-	-	G
C04831424      none	B	[H:1][CX4H1:2]!@[O:3][CX4:4]	-39.8745	11.8876	-	-	-	-	G
C36976132      none	B	[s:1][c:2]!@[C:3]([NH1])=[O:4]	-179.706	7.69231	-	-	-	-	R
C36976132      none	B	[O:1]=[CX3:2]!@[NX3H1:3][!#1:4]	-0.0091436	63.7893	-	-	-	-	G
C36976132      none	B	[$([CX3]=O):1][NX3H1:2]!@[CX4H2:3][C:4] 	90.0055	7.35439	-	-	-	-	G
C36976132      none	B	N[C:2](=[O:1])!@[CH2:3][N:4]	-30.0019	4.7619	-	-	-	-	G
C36976132      none	B	[O:1]=[CX3:2]!@[NX3H0:3][!#1:4]	0.319349	25.0866	-	-	-	-	G
C36976132      none	B	[O:1]=[C:2]([O-])!@[CX4H1:3][H:4]	0.0019766	0.495663	-	-	-	-	O
C06725901      none	B	[$([C](=O)):1][NX3H1:2]!@[$([a]([nH0,o])):3][cH1:4]	-29.9686	3.65591	-	-	-	-	O
C06725901      none	B	[O:1]=[CX3:2]!@[NX3H1:3][!#1:4]	-0.00836246	63.7893	-	-	-	-	G
C06725901      none	B	[C:1][CX4:2]!@[CX3:3]=[O:4]	149.181	1.17362	-	-	-	-	G
C06725901      none	B	[O:1]=[C:2]([O-])!@[CX4H1:3][H:4]	90.0035	0.86741	-	-	-	-	O
C44422040      none	B	[$(C=O):1][NX3H0:2]!@[CX4H1:3][H:4]	0.00130336	15.8824	-	-	-	-	G
C44422040      none	B	[$([CX3]=O):1][NX3H0:2](C)!@[CX4H2:3][C:4]	-90.0001	15.9949	-	-	-	-	G
C44422040      none	B	[O:1]=[CX3:2]!@[NX3H0:3][!#1:4]	-0.00227261	25.0866	-	-	-	-	G
C44422040      none	B	[N:1][CX4:2]!@[CX3:3]=[O:4]	-119.984	0.897291	-	-	-	-	O
C44422040      none	B	[O:1]=[CX3:2]!@[NX3H1:3][!#1:4]	60.0068	0	-	-	-	-	R
C44422040      none	B	[$(C=O):1][NX3H1:2]!@[c:3]([cH0]F)[cH:4]	-149.718	0	-	-	-	-	R
C44422040      none	B	[O-:1][N+:2](=O)!@[c:3]([cH,nX2H0])[cH,nX2H0:4]	179.983	23.2156	-	-	-	-	G
C33888076      none	B	[C:1][CX4:2]!@[NX3:3][C:4]	-64.0567	7.03868	-	-	-	-	G
C33888076      none	B	[OX2:1][CX4:2]!@[CX4:3][OX2:4]	176.81	13.4277	-	-	-	-	G
C37841433      none	B	[a:1][c:2]!@[C:3]([NH0])=[O:4]	90.0006	2.88889	-	-	-	-	G
C37841433      none	B	[O:1]=[CX3:2](a)!@[NX3H0:3][!#1:4]	30.2846	0.896722	-	-	-	-	R
C37841433      none	B	[$(S(=O)(=O)):1][NX3H1:2]!@[CX4H1:3][H:4]	0.0106389	7.36648	-	-	-	-	G
C37841433      none	B	[C:1][$(S(=O)=O):2]!@[NX3H1:3][C:4]	59.9907	6.12245	-	-	-	-	G
C65651388      none	B	[O-:1][N+:2](=O)!@[c:3]([cH,nX2H0])[cH,nX2H0:4]	179.966	23.2156	-	-	-	-	G
C65651388      none	B	[cH0:1][c:2]([cH1])!@[CX3:3]=[O:4]	120.002	1.2287	-	-	-	-	O
C65651388      none	B	[*^2:1]~[C^2:2]([!H])!@[C^2:3]~[*^2:4]	120.003	0.806964	-	-	-	-	G
C65651388      none	B	[a:1][c:2]!@[CX3:3]=[CX3H0:4]	-119.721	3.00312	-	-	-	-	G
C40808941      none	B	[OX2:1][CX4:2]!@[CX4:3][N:4]	58.8049	15.2809	-	-	-	-	G
C40808941      none	B	[$(S(=O)(=O)):1][NX3H1:2]!@[CX4H2:3][!#1:4]	-120	2.14592	-	-	-	-	O
C40808941      none	B	[c:1][$(S(=O)=O):2]!@[NX3H1:3][C:4]	-60.0011	13.7514	-	-	-	-	G
C40808941      none	B	[aH1:1][c:2]([aH1])!@[SX4:3][!#1:4]	-89.6951	12.5987	-	-	-	-	G
C17197564      none	B	[cH0:1][c:2]([cH1])!@[O:3][C:4]	-89.9956	0.64732	-	-	-	-	R
C17197564      none	B	[$(C=O):1][NX3H0:2]!@[c:3]([cH1])[cH1:4]	90.2628	2.51637	-	-	-	-	G
C17197564      none	B	[a:1][c:2]!@[CX3:3]=[CX3H0:4]	-119.685	3.00312	-	-	-	-	G
C17197564      none	B	[c:1][c:2]!@[c:3][s,o,nX3H1:4]	0.50194	17.837	-	-	-	-	G
C17197564      none	B	[O-:1][N+:2](=O)!@[c:3]([cH,nX2H0])[cH,nX2H0:4]	179.985	23.2156	-	-	-	-	G
C63143081      none	B	[!#1:1][CX4:2]!@[CX3H0:3][!#1:4]	90.0097	2.78327	-	-	-	-	G
C63143081      none	B	[$(S(=O)(=O)):1][NX3H1:2]!@[CX4H1:3][H:4]	30.0045	11.9705	-	-	-	-	G
C63143081      none	B	[C:1][$(S(=O)=O):2]!@[NX3H1:3][C:4]	-59.9976	10.2041	-	-	-	-	G
C63143081      none	B	[!#1:1][CX4:2]!@[SX4:3][!#1:4]	-160	2.90526	-	-	-	-	G
C63143081      none	B	[!#1:1][CX4H2:2]!@[CX4H2:3][!#1:4]	-60.0024	3.77933	-	-	-	-	G
C63143081      none	B	[!#1:1][CX4:2]!@[SX4:3][!#1:4]	-154.671	1.51579	-	-	-	-	O
C65259239      none	B	[$(S(=O)(=O)):1][NH0:2]!@[c:3]([cH1])[cH0:4]	-119.998	0	-	-	-	-	R
C65259239      none	B	[c:1][S:2](=O)(=O)!@[NX2H0-:3]-[*:4]	59.9998	8.33333	-	-	-	-	G
C65259239      none	B	[aH0:1][c:2]([aH1])!@[SX4:3][!#1:4]	69.6825	11.3606	-	-	-	-	G
C65259239      none	B	[a:1][c:2]!@[CX4H1:3][N,O:4]	93.0767	1.22453	-	-	-	-	G
C65259239      none	B	[*^2:1]~[C^2:2]([!H])!@[C^2:3]~[*^2:4]	89.9765	1.26539	-	-	-	-	G
C65259239      none	B	[O:1]=[CX3:2]!@[NX3H0:3][!#1:4]	-179.718	18.2537	-	-	-	-	G
C49091689      none	B	[O:1]=[CX3:2](a)!@[NX3H0:3][!#1:4]	-29.9985	1.17502	-	-	-	-	O
C49091689      none	B	[a:1][c:2]!@[C:3]([NH0])=[O:4]	-59.9926	3.63889	-	-	-	-	G
C58840137      none	B	[O:1]=[CX3:2]!@[NX3H0:3][!#1:4]	179.997	18.2537	-	-	-	-	G
C58840137      none	B	[O:1][CX4:2]!@[CX3:3]=[O:4]	120.003	0.923198	-	-	-	-	O
C58840137      none	B	[C:1][CH2:2]!@[O:3][CX4:4]	-80.0086	1.18773	-	-	-	-	G
C58840137      none	B	[C:1][CH2:2]!@[O:3][CX4:4]	80.0127	1.71561	-	-	-	-	G
C58840137      none	B	[OX2:1][CX4H2:2]!@[CX3:3]([$([NX3H1,NX3H2])])=[O:4]	-120	0	-	-	-	-	R
C58840137      none	B	[O:1]=[CX3:2]!@[NX3H1:3][!#1:4]	-0.0103951	63.7893	-	-	-	-	G
C40588957      none	B	[O:1]=[CX3:2]!@[NX3H0:3][!#1:4]	150.001	1.73707	-	-	-	-	O
C40588957      none	B	[CX4:1][CX4H2:2]!@[NX3;"N_lp":3][CX4:4]	80.0062	8.72362	-	-	-	-	G
C40588957      none	B	[OX2:1][CX4H2:2]!@[CX4H2:3][Nr:4]	180	8.33333	-	-	-	-	G
C40588957      none	B	[O:1]=[CX3:2]!@[NX3H0:3][!#1:4]	150.309	1.73707	-	-	-	-	O
C40588957      none	B	[O:1]=[C:2]([O-])!@[CX4H1:3][H:4]	0.00817275	0.495663	-	-	-	-	O
C52764201      none	B	[!#1:1][CX4:2]!@[CX4:3][!#1:4]	59.9963	12.3771	-	-	-	-	G
C52764201      none	B	[O:1]=[CX3:2]!@[NX3H0:3][!#1:4]	0.00160348	25.0866	-	-	-	-	G
C52764201      none	B	[O:1]=[CX3:2]!@[CX3:3]=[O:4]	59.9985	0.346021	-	-	-	-	R
C52764201      none	B	[O:1]=[CX3:2]!@[NX3H1:3][!#1:4]	0.00445633	63.7893	-	-	-	-	G
C52764201      none	B	[!#1:1][CX4H2:2]!@[CX4H2:3][!#1:4]	180	58.554	-	-	-	-	G
C52764201      none	B	[!#1:1][CX4H2:2]!@[CX4H2:3][!#1:4]	180	58.554	-	-	-	-	G
C38018497      none	B	[a:1][c:2]!@[CX4H2:3][!#1:4]	-0.00450157	2.24426	-	-	-	-	O
C38018497      none	B	[$(S(=O)(=O)):1][NX3H1:2]!@[CX4H2:3][!#1:4]	-120	2.14592	-	-	-	-	O
C38018497      none	B	[c:1][$(S(=O)=O):2]!@[NX3H1:3][C:4]	-89.9983	3.19032	-	-	-	-	G
C38018497      none	B	[aH1:1][c:2]([aH1])!@[SX4:3][!#1:4]	-89.7009	12.5987	-	-	-	-	G
C38018497      none	B	[O:1]=[C:2]([O-])!@[c:3][nX3H1:4]	179.982	34.7826	-	-	-	-	G
C40697288      none	B	[cH1:1][a:2]([cH1])!@[a:3]([sX2,o,nX2H0,nX3H1:4])([cH1])	0.000631362	11.7616	-	-	-	-	G
C40697288      none	B	[cH1:1][c:2]([cH1])!@[C:3]([NH1,NH2])=[O:4]	-153.008	8.78518	-	-	-	-	G
C40697288      none	B	[O:1]=[CX3:2]!@[NX3H1:3][!#1:4]	0.00690929	63.7893	-	-	-	-	G
C40697288      none	B	[$(C=O):1][NX3H1:2]!@[CX4H1:3][H:4]	-30.0049	6.97413	-	-	-	-	G
C40697288      none	B	[!#1:1][CX4:2]!@[CX4:3][!#1:4]	179.997	22.1548	-	-	-	-	G
C40697288      none	B	[O:1]=[C:2]([O-])!@[CX4H1:3][H:4]	-0.00425823	0.495663	-	-	-	-	O
C40697288      none	B	[!#1:1][CX4H2:2]!@[CX4H2:3][!#1:4]	179.998	58.554	-	-	-	-	G
C48480602      none	B	[*:1]~[N,n:2]!@[S:3]~[*:4]	180	8.16343	-	-	-	-	G
C48480602      none	B	[*:1]~[CX3:2]!@[cX3:3]~[*:4]	-119.724	1.20163	-	-	-	-	O
C48480602      none	B	[cH1,nX2H0:1][c:2]([cH1,nX2H0])!@[NX3r:3][*:4]	30.272	2.135	-	-	-	-	O
C50724872      none	B	[O:1]=[CX3:2](a)!@[NX3H0:3][!#1:4]	30.0073	0.896722	-	-	-	-	O
C50724872      none	B	[cH0:1][c:2]([cH1])!@[CX3:3]([NX3H0])=[O:4]	59.9995	6.54545	-	-	-	-	G
C50724872      none	B	[cH0:1][c:2]([cH,nX2H0])!@[NX3H1:3][CX4:4]	179.968	49.7854	-	-	-	-	G
C50724872      none	B	[O-:1][N+:2](=O)!@[c:3]([cH0])[cH,nX2H0:4]	0.288621	12.6374	-	-	-	-	G
C07778207      none	B	[$([CX3]=O):1][NX3H0:2](C)!@[CX4H2:3][C:4]	119.997	2.74443	-	-	-	-	O
C07778207      none	B	N[C:2](=[O:1])!@[CH2:3][N:4]	179.999	8.33333	-	-	-	-	G
C07778207      none	B	[O:1]=[C:2]!@[NX3H1:3](C=O)[H:4]	179.988	35.6725	-	-	-	-	G
C07778207      none	B	[O:1]=[C:2]([NH1])!@[NX3H1:3](C=O)[H:4]	0.00857368	58.9474	-	-	-	-	G
C07778207      none	B	[O:1]=[CX3:2]([$([NX3H1]C)])!@[NX3H1:3][!#1:4]	0.00011885	41.1343	-	-	-	-	G
C07778207      none	B	[$([CX3]=O):1][NX3H1:2]!@[CX4H2:3][C:4] 	119.997	2.76407	-	-	-	-	O
C07778207      none	B	[!#1:1][CX4H2:2]!@[CX4H2:3][!#1:4]	60.0024	3.99483	-	-	-	-	G
C07778207      none	B	[!#1:1][CX4:2]!@[CX4:3][!#1:4]	60.001	12.3771	-	-	-	-	G
C04576600      none	B	[O:1]=[CX3:2]!@[NX3H1:3][!#1:4]	0.00498482	63.7893	-	-	-	-	G
C04576600      none	B	[$(C=O):1][NX3H1:2]!@[CX4H1:3][H:4]	-30.0015	6.97413	-	-	-	-	G
C04576600      none	B	[OX2:1][CX4:2]!@[CX4:3][OX2:4]	-60.0603	16.2177	-	-	-	-	G
C39097307      none	B	[*:1]~[CX3:2]!@[NX3:3]~[*:4]	-90.0014	0.0640822	-	-	-	-	R
C21149916      none	B	[a:1][a:2]!@[CX3:3]=[CX3H1:4]	-89.9962	0.364605	-	-	-	-	O
C21149916      none	B	[a:1][c:2]!@[CX4H1:3][H:4]	-88.3433	0.504612	-	-	-	-	O
C21149916      none	B	[O-:1][N+:2](=O)!@[c:3]([cH,nX2H0])[cH,nX2H0:4]	-179.837	23.2156	-	-	-	-	G
C12997456      none	B	[a:1][c:2]!@[CX4H2:3][!#1:4]	-89.9994	7.30446	-	-	-	-	G
C12997456      none	B	[*:1]~[CX4:2]!@[NX4:3]~[*:4]	60.0063	15.3058	-	-	-	-	G
C12997456      none	B	[*:1]~[CX4:2]!@[NX4:3]~[*:4]	-40.0011	2.20693	-	-	-	-	G
C12997456      none	B	[a:1][c:2]!@[CX4H1:3][N,O:4]	59.999	3.42939	-	-	-	-	G
C12997456      none	B	[*:1]~[CX4:2]!@[P:3]~[*:4]	-60.0003	10.3204	-	-	-	-	G
C40470528      none	B	[a:1][c:2]!@[C:3]([NH0])=[O:4]	-60.0061	3.63889	-	-	-	-	G
C40470528      none	B	[O:1]=[CX3:2](a)!@[NX3H0:3][!#1:4]	-179.681	9.67842	-	-	-	-	G
C40470528      none	B	[O:1]=[C:2]([O-])!@[CX4H1:3][H:4]	89.9892	0.86741	-	-	-	-	O
C35019182      none	B	[a:1][a:2]!@[CX3:3]=[O:4]	-29.9997	2.49728	-	-	-	-	G
C35019182      none	B	[$(C=O):1][NX3H0:2]!@[c:3]([s,o])[n:4]	-179.712	52.6316	-	-	-	-	G
C35019182      none	B	[a:1][c:2]!@[CX4H1:3][N,O:4]	-120.006	3.08052	-	-	-	-	G
C35019182      none	B	[*^2:1]~[C^2:2]([!H])!@[C^2:3]~[*^2:4]	-90.0415	1.27397	-	-	-	-	G
C35019182      none	B	[cH1:1][c:2]([cH1])!@[CX3:3]([CX3H0])=[O:4]	-179.721	9.0847	-	-	-	-	G
C35019182      none	B	[O:1]=[C:2]!@[O:3]~[C:4]	0.00448877	74.4927	-	-	-	-	G
C44592921      none	B	[a:1][c:2]!@[CX4H1:3][N,O:4]	120.66	3.12238	-	-	-	-	G
C19978865      none	B	[O:1]=[C:2]([O-])!@[CX4H1:3][H:4]	-0.00662402	0.495663	-	-	-	-	O
C19978865      none	B	[$(C=O):1][NX3H1:2]!@[CX4H1:3][H:4]	-29.9958	6.97413	-	-	-	-	G
C19978865      none	B	[O:1]=[CX3:2]([$([NX3H1]C)])!@[NX3H1:3][!#1:4]	-0.00387028	41.1343	-	-	-	-	G
C19978865      none	B	[O:1]=[CX3:2]([$([NX3H1]C)])!@[NX3H1:3][!#1:4]	0.0063375	41.1343	-	-	-	-	G
C19978865      none	B	[$(C=O):1][NX3H1:2]!@[c:3]([cH0]F)[cH:4]	-119.72	1.75439	-	-	-	-	R
C04012719      none	B	[cH0:1][c:2]([cH,nX2H0])!@[NX3H1:3][CX4:4]	179.981	49.7854	-	-	-	-	G
C04012719      none	B	[*:1]~[CX4:2]!@[n:3]~[*:4]	30.0086	3.02094	-	-	-	-	G
C04012719      none	B	[OX2:1][CX4:2]!@[CX4:3][OX2:4]	-86.2031	0.276861	-	-	-	-	O
C04012719      none	B	[!#1:1][CX4H2:2]!@[NX3H1:3][!#1:4]	-90.0081	6.4105	-	-	-	-	G
C04012719      none	B	[!#1:1][CX4H2:2]!@[CX4H2:3][!#1:4]	179.996	58.554	-	-	-	-	G
C04012719      none	B	[!#1:1][CX4H2:2]!@[CX4H2:3][!#1:4]	180	58.554	-	-	-	-	G
C04012719      none	B	[C:1][CX4H2:2]!@[CX3:3]=[O:4]	119.991	0.695249	-	-	-	-	O
C62828951      none	B	[$([C](=O)):1][NX3:2]!@[a:3](s)[a:4]	-149.75	0	-	-	-	-	R
C62828951      none	B	[O:1]=[C:2]([O-])!@[c:3]([cH0])[cH0:4]	-179.777	20	-	-	-	-	G
C62828951      none	B	[O:1]=[CX3:2]!@[NX3H1:3][!#1:4]	30.0003	0.0707142	-	-	-	-	O
C62828951      none	B	[O:1]=[CX3:2]!@[NX3H0:3][!#1:4]	30.2956	0.680979	-	-	-	-	O
C03066982      none	B	[OX2:1][CX4H2:2]!@[CX4H2:3][N:4]	179.999	8.36763	-	-	-	-	G
C03066982      none	B	[C:1][CX4H2:2]!@[NX3:3][C:4]	179.994	3.30615	-	-	-	-	G
C03066982      none	B	[*:1]~[CX3:2]!@[NX3:3]~[*:4]	180	27.0317	-	-	-	-	G
C40524131      none	B	[O:1]=[CX3:2]!@[NX3H0:3][!#1:4]	150.001	1.73707	-	-	-	-	O
C40524131      none	B	[O:1]=[CX3:2]!@[NX3H0:3][!#1:4]	150.314	1.73707	-	-	-	-	O
C40524131      none	B	[O:1]=[C:2]([O-])!@[CX4H1:3][H:4]	0.00170702	0.495663	-	-	-	-	O
C37246000      none	B	[H:1][CX4H1:2]!@[O:3][CX4:4]	59.9995	4.42842	-	-	-	-	G
C37246000      none	B	[$(C=O):1][NX3H1:2]!@[CX4H1:3][H:4]	0.00342501	8.26772	-	-	-	-	G
C37246000      none	B	[*:1]~[CX4:2]!@[NX2:3]~[*:4]	119.993	6.32565	-	-	-	-	G
C37246000      none	B	[OX2:1][CX4:2]!@[CX4:3][OX2:4]	-60.0435	16.2177	-	-	-	-	G
C37246000      none	B	[O:1]=[CX3:2]!@[NX3H1:3][!#1:4]	-0.00102547	63.7893	-	-	-	-	G
C37246000      none	B	[cH1:1][c:2]([cH1])!@[C:3]([NH1,NH2])=[O:4]	152.998	9.05971	-	-	-	-	G
C35548583      none	B	[cH1:1][c:2]([cH1])!@[C:3]([NH1,NH2])=[O:4]	-27.2533	8.39053	-	-	-	-	G
C35548583      none	B	[O:1]=[CX3:2]!@[NX3H1:3][!#1:4]	-0.00108393	63.7893	-	-	-	-	G
C35548583      none	B	[*:1]~[NX3:2]!@[NX3:3]~[*:4]	90.0004	3.54776	-	-	-	-	G
C35548583      none	B	[O:1]=[CX3:2]!@[NX3H1:3][!#1:4]	0.00230608	63.7893	-	-	-	-	G
C35548583      none	B	[C:1][CX4:2]!@[CX3:3]=[O:4]	-58.1562	2.40592	-	-	-	-	G
C46861316      none	B	[CX3:1]=[CX3:2]!@[CH2:3][!#1:4]	90.0033	5.15376	-	-	-	-	G
C46861316      none	B	[!#1:1][CH2:2]!@[n:3][cH0:4]	-89.6827	15.4696	-	-	-	-	G
C46861316      none	B	[a:1][ar5:2]!@[ar5:3][a:4]	150.31	1.16412	-	-	-	-	O
C46861316      none	B	[aH0:1][c:2]([aH0])!@[SX2:3][!#1:4]	120.007	1.75348	-	-	-	-	G
C46861316      none	B	[!#1:1][CX4:2]!@[SX2:3][!#1:4]	-59.9979	7.13757	-	-	-	-	G
C46861316      none	B	[a:1][c:2]!@[CX4H2:3][!#1:4]	-89.723	7.30446	-	-	-	-	G
C37549595      none	B	[$(C=O):1][NX3H1:2]!@[c:3](s)[n:4]	0.00692064	0.574713	-	-	-	-	R
C37549595      none	B	[O:1]=[CX3:2]!@[NX3H1:3][!#1:4]	179.994	2.24265	-	-	-	-	G
C37549595      none	B	[NH1:1][CX4:2]!@[CX3:3]=[O:4]	-2.07333	6.89233	-	-	-	-	G
C37549595      none	B	[!#1:1][CX4H2:2]!@[CX4H2:3][!#1:4]	179.996	58.554	-	-	-	-	G
C49181151      none	B	[H:1][CX4H1:2]!@[O:3][CX4:4]	60.0021	4.42842	-	-	-	-	G
C49181151      none	B	[*^2:1]~[C^2:2]([!H])!@[C^2:3]~[*^2:4]	151.441	1.21045	-	-	-	-	G
C49181151      none	B	[H:1][CX4H1:2]!@[O:3][CX4:4]	-29.9978	6.07621	-	-	-	-	G
C49181151      none	B	[$(C=O):1][O:2]!@[CH1:3][H:4]	0.00656959	9.45727	-	-	-	-	G
C49181151      none	B	[OX2:1][CX4:2]!@[CX4:3][OX2:4]	79.9455	2.87509	-	-	-	-	G
C49181151      none	B	[O:1]=[C:2]!@[O:3]~[C:4]	-30.0065	0.0890388	-	-	-	-	R
C49181151      none	B	[*^2:1]~[C^2:2]([!H])!@[C^2:3]~[*^2:4]	-120.001	0.661024	-	-	-	-	G
C49181151      none	B	[a:1][a:2]!@[CX3:3]=[CX3H1:4]	-120.001	1.01669	-	-	-	-	O
C39133339      none	B	[a:1][c:2]!@[CX4H1:3][N,O:4]	-90.0082	1.29082	-	-	-	-	G
C39133339      none	B	[*:1]~[CX4:2]!@[P:3]~[*:4]	159.999	2.78349	-	-	-	-	G
C39500283      none	B	[n,o,s:1][c:2]!@[CX4H2:3][CX4:4]	-134.694	1.2715	-	-	-	-	O
C39500283      none	B	[cH0:1][c:2]!@[CX4H1:3][N,O,S:4]	-57.6265	3.2006	-	-	-	-	G
C39500283      none	B	[*^2:1]~[C^2:2]([!H])!@[C^2:3]~[*^2:4]	0.280842	20.0453	-	-	-	-	G
C03419335      none	B	[aH0:1][c:2]([aH0])!@[SX4:3][!#1:4]	-83.8587	8.10056	-	-	-	-	G
C03419335      none	B	[*:1][$(S(=O)=O):2]!@[NX3H0r:3][*:4]	-59.7281	8.17536	-	-	-	-	O
C03419335      none	B	[C:1][CX4:2]!@[CX3:3]=[O:4]	120.04	3.75937	-	-	-	-	G
C45579506      none	B	[O:1]=[CX3:2]!@[NX3H1:3][!#1:4]	0.00124025	63.7893	-	-	-	-	G
C45579506      none	B	[$(C=O):1][NX3H1:2]!@[CX4H1:3][H:4]	32.0059	9.46757	-	-	-	-	G
C45579506      none	B	[!#1:1][CX4:2]!@[CX4:3][!#1:4]	159.999	1.81259	-	-	-	-	G
C45579506      none	B	[a:1][c:2]!@[CX4H1:3][N,O:4]	-90.0022	1.29082	-	-	-	-	G
C45579506      none	B	[O:1]=[CX3:2]([NH1])!@[CH2:3][C:4]	0.00950517	11.7061	-	-	-	-	G
C45579506      none	B	[O:1]=[C:2]([!$([NH1])])!@[NX3H1:3]([H:4])[$(c([nX2H0])([nX2H0]))]	0.00135854	20	-	-	-	-	R
C45579506      none	B	[$([C]([CX4])(=O)):1][NX3H1:2]!@[c:3]([nX2H0])[nX2H0:4]	179.688	13.4615	-	-	-	-	G
C62494660      none	B	[CX4:1][CX4H2:2]!@[NX3;"N_lp":3][CX4:4]	-80.0028	8.1206	-	-	-	-	G
C62494660      none	B	[!#1:1][CX4H2:2]!@[CX4H2:3][!#1:4]	-59.9976	3.77933	-	-	-	-	G
C62494660      none	B	[!#1:1][CH2:2]!@[n:3][cH0:4]	135.317	0.318742	-	-	-	-	R
C62494660      none	B	[n,o,s:1][c:2]!@[CX4H2:3][CX4:4]	179.997	8.82573	-	-	-	-	G
C62494660      none	B	[!#1:1][CX4H2:2]!@[CX4H2:3][!#1:4]	-59.9968	3.77933	-	-	-	-	G
C44608198      none	B	[O:1]=[CX3:2]!@[NX3H1:3][!#1:4]	-0.00529563	63.7893	-	-	-	-	G
C44608198      none	B	[$(C=O):1][NX3H1:2]!@[CX4H1:3][H:4]	0.000585788	8.26772	-	-	-	-	G
C44608198      none	B	[OX2:1][CX4:2]!@[CX4:3][OX2:4]	-60.0911	16.2177	-	-	-	-	G
C44608198      none	B	[C:1][CX4H2:2]!@[OX2:3][!#1:4]	-80.0025	3.30412	-	-	-	-	G
C44608198      none	B	[*:1]~[OX2:2]!@[SX4:3]~[*:4]	-39.9957	4.33662	-	-	-	-	G
C04928620      none	B	[O:1]=[CX3:2]!@[NX3H1:3][!#1:4]	-0.0118455	63.7893	-	-	-	-	G
C04928620      none	B	[$([cH0](=O)):1][c:2]([cH1])!@[CX3:3]([NX3H1,NX3H2])=[O:4]	119.995	0	-	-	-	-	R
C04928620      none	B	[aH1:1][c:2]([aH1])!@[SX4:3][!#1:4]	-89.9978	12.5987	-	-	-	-	G
C04928620      none	B	[c:1][S:2](=O)(=O)!@[NX2H0-:3]-[*:4]	-89.9947	2.77778	-	-	-	-	G
C04928620      none	B	[$(S(=O)(=O)):1][NH0:2]!@[c:3]([cH1])[cH0:4]	119.715	0	-	-	-	-	R
C48579095      none	B	[a:1][c:2]!@[CX3:3]=[CX3H0:4]	-89.713	1.59557	-	-	-	-	G
C48579095      none	B	[O-:1][N+:2](=O)!@[c:3][a:4]	-0.00945342	18.5814	-	-	-	-	G
C50227343      none	B	[a:1][c:2]!@[CX3:3]=[CX3H0:4]	60.2814	3.25561	-	-	-	-	G
C50227343      none	B	[aH1:1][c:2]([aH1])!@[SX4:3][!#1:4]	90.0025	12.916	-	-	-	-	G
C49416921      none	B	[aH1:1][c:2]([aH1])!@[SX4:3][!#1:4]	-90.0057	12.5987	-	-	-	-	G
C49416921      none	B	[*:1]~[N,n:2]!@[S:3]~[*:4]	179.997	8.16343	-	-	-	-	G
C49416921      none	B	[!#1:1][CX4:2]!@[CX3H0:3][!#1:4]	-94.3302	2.97335	-	-	-	-	G
C49416921      none	B	[a:1][c:2]!@[CX4H1:3][H:4]	55.6819	1.05062	-	-	-	-	G
C37175652      none	B	[$(C=O):1][NX3H0:2]!@[CX4H1:3][H:4]	0.0103331	15.8824	-	-	-	-	G
C37175652      none	B	[O:1]=[CX3:2]!@[NX3H0:3][!#1:4]	30.0052	0.680979	-	-	-	-	O
C37175652      none	B	[C:1][CX4H2:2]!@[CX3:3]=[O:4]	-30.0064	4.17149	-	-	-	-	G
C37175652      none	B	[!#1:1][CX4:2]!@[CX3H0:3][!#1:4]	150.011	3.04782	-	-	-	-	G
C54104494      none	B	[O:1]=[CX3:2]!@[NX3H1:3][!#1:4]	-0.00107218	63.7893	-	-	-	-	G
C54104494      none	B	[$(C=O):1][NX3H1:2]!@[CX4H1:3][H:4]	180	0.712411	-	-	-	-	R
C36829131      none	B	[O-:1][N+:2](=O)!@[c:3]([cH0])[cH,nX2H0:4]	-0.00360969	12.6374	-	-	-	-	G
C36829131      none	B	[$(S(=O)(=O)):1][NH0:2]!@[c:3]([cH1])[cH1:4]	-119.982	1.65289	-	-	-	-	G
C36829131      none	B	[c:1][S:2](=O)(=O)!@[NX2H0-:3]-[*:4]	90.0012	2.77778	-	-	-	-	G
C36829131      none	B	[aH1:1][c:2]([aH1])!@[SX4:3][!#1:4]	90.267	12.916	-	-	-	-	G
C36856798      none	B	[!#1:1][CH2:2]!@[n:3][cH0:4]	89.9981	14.7896	-	-	-	-	G
C36856798      none	B	[O-:1][N+:2](=O)!@[c:3]([cH,nX2H0])[cH,nX2H0:4]	179.966	23.2156	-	-	-	-	G
C36856798      none	B	[a:1][c:2]!@[C:3]([NH1,NH2])=[O:4]	-60.0042	0.499274	-	-	-	-	G
C36856798      none	B	[O:1]=[CX3:2]!@[NX3H1:3][!#1:4]	0.00155158	63.7893	-	-	-	-	G
C36856798      none	B	[$(C=O):1][NX3H1:2]!@[CX4H1:3][H:4]	60.0046	6.22422	-	-	-	-	G
C36856798      none	B	[OX2:1][CX4:2]!@[CX4:3][N:4]	-59.9962	14.8764	-	-	-	-	G
C36856798      none	B	[O:1]=[C:2]([O-])!@[CX4H1:3][H:4]	0.00968515	0.495663	-	-	-	-	O
C46849648      none	B	[a:1][ar5:2]!@[ar5:3][a:4]	0.308582	21.2405	-	-	-	-	G
C46849648      none	B	[aH0:1][c:2]([aH0])!@[SX2:3][!#1:4]	-60.0005	1.39247	-	-	-	-	G
C46849648      none	B	[*:1]~[CX4:2]!@[n:3]~[*:4]	60.0077	3.54922	-	-	-	-	G
C46849648      none	B	[!#1:1][CX4:2]!@[SX2:3][!#1:4]	-59.9996	7.13757	-	-	-	-	G
C46849648      none	B	[a:1][c:2]!@[CX4H2:3][!#1:4]	-89.7322	7.30446	-	-	-	-	G
C44781580      none	B	[$(C=O):1][NX3H0:2]!@[CX4H1:3][H:4]	-29.9931	2.81513	-	-	-	-	G
C44781580      none	B	[$([CX3]=O):1][NX3H0:2](C)!@[CX4H2:3][C:4]	89.9933	14.7513	-	-	-	-	G
C44781580      none	B	[O:1]=[CX3:2]!@[NX3H0:3][!#1:4]	-150.005	1.37927	-	-	-	-	O
C44781580      none	B	N[C:2](=[O:1])!@[CH2:3][N:4]	90.0009	0	-	-	-	-	R
C44781580      none	B	[C:1][CX4:2]!@[CX3:3]=[O:4]	-0.452554	5.61823	-	-	-	-	G
C44781580      none	B	[!#1:1][CX4:2]!@[CX3H0:3][!#1:4]	120.012	1.81513	-	-	-	-	O
C18202401      none	B	[a:1][c:2]!@[CX4H1:3][a:4]	-90.5286	4.08085	-	-	-	-	G
C18202401      none	B	[O-:1][N+:2](=O)!@[c:3]([cH,nX2H0])[cH,nX2H0:4]	179.887	23.2156	-	-	-	-	G
C44933124      none	B	[$(C=O):1][NX3H1:2]!@[CX4H0:3][C:4]	-60.0034	14.7253	-	-	-	-	G
C44933124      none	B	[O:1]=[CX3:2]!@[NX3H1:3][!#1:4]	0.00882147	63.7893	-	-	-	-	G
C44933124      none	B	[O:1]=[CX3:2]!@[CX3:3]=[O:4]	-60.0009	0.346021	-	-	-	-	R
C44933124      none	B	[O:1]=[CX3:2]!@[NX3H1:3][!#1:4]	-0.00284067	63.7893	-	-	-	-	G
C44933124      none	B	[$([CX3]=O):1][NX3H1:2]!@[CX4H2:3][C:4] 	180	6.46594	-	-	-	-	G
C44933124      none	B	[!#1:1][CX4:2]!@[CX3H0:3][!#1:4]	60.0005	4.20603	-	-	-	-	G
C54415792      none	B	[O-:1][N+:2](=O)!@[c:3]([cH0])[cH,nX2H0:4]	0.0170082	12.6374	-	-	-	-	G
C54415792      none	B	[a:1][c:2]!@[C:3]([NH0])=[O:4]	-120.001	3.91667	-	-	-	-	G
C54415792      none	B	[O:1]=[CX3:2](a)!@[NX3H0:3][!#1:4]	-179.724	9.67842	-	-	-	-	G
C54415792      none	B	[C:1][CX4:2]!@[CX3:3]=[O:4]	-120.04	3.42432	-	-	-	-	G
C37586424      none	B	[!#1:1][CX4:2]!@[SX2:3][!#1:4]	160	2.91722	-	-	-	-	G
C37586424      none	B	[!#1:1][CX4H2:2]!@[CX4H2:3][!#1:4]	179.996	58.554	-	-	-	-	G
C37586424      none	B	[!#1:1][CX4:2]!@[CX4:3][!#1:4]	40.0016	0.998355	-	-	-	-	G
C37586424      none	B	[NH1:1][CX4:2]!@[CX3:3]=[O:4]	30.0022	2.12896	-	-	-	-	G
C37586424      none	B	[$(C=O):1][NX3H1:2]!@[CX4H1:3][H:4]	30.0041	9.46757	-	-	-	-	G
C37586424      none	B	[O:1]=[CX3:2]!@[NX3H0:3][!#1:4]	179.999	18.2537	-	-	-	-	G
C37586424      none	B	[$([CX3]=O):1][NX3H0:2](C)!@[CX4H2:3][C:4]	90.0008	14.7513	-	-	-	-	G
C37586424      none	B	[$(C=O):1][NX3H0:2]!@[CX4H1:3][H:4]	176.025	19.1176	-	-	-	-	G
C37586424      none	B	[N:1][CX4:2]!@[CX3:3]=[O:4]	119.995	0.766617	-	-	-	-	G
C37586424      none	B	[O:1]=[CX3:2]!@[NX3H1:3][!#1:4]	-0.00422494	63.7893	-	-	-	-	G
C32007685      none	B	[a:1][c:2]!@[CX4H1:3][N,O:4]	120	3.12238	-	-	-	-	G
C42871272      none	B	[!#1:1][CX4:2]!@[NX3;"N_lp":3]	-58.014	6.10228	-	-	-	-	G
C42871272      none	B	[*:1]~[NX3:2]!@[NX3:3]~[*:4]	119.998	2.59525	-	-	-	-	G
C42871272      none	B	[O:1]=[CX3:2]([$([NX3H1]C)])!@[NX3H1:3][!#1:4]	0.00481622	41.1343	-	-	-	-	G
C42871272      none	B	[O:1]=[CX3:2]([$([NX3H1]C)])!@[NX3H1:3][!#1:4]	0.00411566	41.1343	-	-	-	-	G
C42871272      none	B	[$(C=O):1][NX3H1:2]!@[CX4H1:3][H:4]	179.995	0.712411	-	-	-	-	R
C38035206      none	B	[aH0:1][c:2]([aH0])!@[SX4:3][!#1:4]	-173.858	0.837989	-	-	-	-	R
C38035206      none	B	[c:1][$(S(=O)=O):2]!@[NX3H1:3][C:4]	89.9963	2.64026	-	-	-	-	G
C38035206      none	B	[$(S(=O)(=O)):1][NX3H1:2]!@[CX4H2:3][!#1:4]	-120.002	2.14592	-	-	-	-	O
C38035206      none	B	[a:1][c:2]!@[CX4H2:3][!#1:4]	-179.697	2.35335	-	-	-	-	O
C09109836      none	B	[cH1:1][c:2](cO)!@[O:3][C:4]	0.278342	49.3635	-	-	-	-	G
C09109836      none	B	[a:1][c:2]!@[CX4H1:3][a:4]	179.999	0.93359	-	-	-	-	G
C09109836      none	B	[cH1:1][c:2](cO)!@[O:3][C:4]	-90.2534	0.35524	-	-	-	-	R
C09109836      none	B	[aH0:1][c:2]([aH0])!@[SX2:3][!#1:4]	-0.000722876	13.1253	-	-	-	-	G
C40475567      none	B	[cH1:1][c:2](cO)!@[O:3][C:4]	90.2723	0.310835	-	-	-	-	R
C40475567      none	B	[a:1][c:2]!@[CX4H1:3][a:4]	29.4966	2.22329	-	-	-	-	G
C40475567      none	B	[$(C=O):1][NX3H0:2]!@[c:3]([cH1])[cH1:4]	30.0145	1.15477	-	-	-	-	G
C40475567      none	B	[O-:1][N+:2](=O)!@[c:3]([cH,nX2H0])[cH,nX2H0:4]	180	23.2156	-	-	-	-	G
C01195080      none	B	[$(C=O):1][NX3H0:2]!@[c:3]([cH1])[cH1:4]	-59.7456	5.10169	-	-	-	-	G
C01195080      none	B	[a:1][c:2]!@[CX3:3]=[CX3H0:4]	60.2826	3.25561	-	-	-	-	G
C01195080      none	B	[cH1:1][c:2](cO)!@[O:3][C:4]	-89.9836	0.35524	-	-	-	-	R
C01195080      none	B	[cH1:1][c:2](cO)!@[O:3][C:4]	-0.0239892	49.3635	-	-	-	-	G
C01195080      none	B	[O-:1][N+:2](=O)!@[c:3]([cH0])[cH,nX2H0:4]	0.246636	12.6374	-	-	-	-	G
C62457502      none	B	[aH1:1][c:2]([aH0])!@[SX2:3][!#1:4]	-60.0329	1.08949	-	-	-	-	O
C62457502      none	B	[!#1:1][CX4:2]!@[SX2:3][!#1:4]	-150	1.30312	-	-	-	-	G
C62457502      none	B	[!#1:1][CX4H2:2]!@[CX4H2:3][!#1:4]	-60.002	3.77933	-	-	-	-	G
C62457502      none	B	[!#1:1][CX4:2]!@[CX4:3][!#1:4]	160.009	1.81259	-	-	-	-	G
C19228669      none	B	[*:1]~[CX3:2]!@[cX3:3]~[*:4]	150.273	2.32505	-	-	-	-	O
C19228669      none	B	[cH0:1][c:2]!@[CX4H1:3][N,O,S:4]	-150.27	4.61481	-	-	-	-	G
C49561029      none	B	[!#1:1][CX4:2]!@[CX4:3][!#1:4]	160.001	1.81259	-	-	-	-	G
C49561029      none	B	[a:1][c:2]!@[CX4H1:3][N,O:4]	60.0039	3.42939	-	-	-	-	G
C49561029      none	B	[$(C=O):1][NX3H1:2]!@[CX4H1:3][H:4]	-0.000333185	8.26772	-	-	-	-	G
C49561029      none	B	[O:1]=[CX3:2]([$([NX3H1]C)])!@[NX3H1:3][!#1:4]	0.000776622	41.1343	-	-	-	-	G
C49561029      none	B	[O:1]=[CX3:2]([$([NX3H1]C)])!@[NX3H1:3][!#1:4]	0.0061861	41.1343	-	-	-	-	G
C49561029      none	B	[$([CX3]=O):1][NX3H1:2]!@[CX4H2:3][C:4] 	-90.0011	7.35439	-	-	-	-	G
C49561029      none	B	N[C:2](=[O:1])!@[CH2:3][N:4]	-149.998	2.38095	-	-	-	-	G
C49561029      none	B	[O:1]=[CX3:2]!@[NX3H1:3][!#1:4]	0.00456453	63.7893	-	-	-	-	G
C49561029      none	B	[$([CX3]=O):1][NX3H1:2]!@[CX4H2:3][C:4] 	179.998	6.46594	-	-	-	-	G
C49561029      none	B	[NH1:1][CX4:2]!@[CX3:3]=[O:4]	119.988	0.41354	-	-	-	-	G
C36596699      none	B	[a:1][c:2]!@[CX4H2:3][!#1:4]	-134.998	2.0362	-	-	-	-	O
C36596699      none	B	[$(C=O):1][NX3H0:2]!@[CX4H2:3][!#1:4]	-89.9944	14.1466	-	-	-	-	G
C36596699      none	B	[$(C=O):1][NX3H0:2]!@[CX4H1:3][H:4]	-150.009	0.756303	-	-	-	-	O
C36596699      none	B	[O:1]=[CX3:2](a)!@[NX3H0:3][!#1:4]	150.005	2.50464	-	-	-	-	G
C36596699      none	B	[a:1][c:2]!@[CX4H1:3][N,O:4]	89.9977	1.22453	-	-	-	-	G
C36596699      none	B	[N:1][CX4:2]!@[CX3:3]=[O:4]	150.007	6.84729	-	-	-	-	G
C36596699      none	B	[O-:1][N+:2](=O)!@[c:3]([cH,nX2H0])[cH,nX2H0:4]	179.978	23.2156	-	-	-	-	G
C36596699      none	B	[O:1]=[CX3:2]!@[NX3H1:3][!#1:4]	0.00809129	63.7893	-	-	-	-	G
C36596699      none	B	[$(C=O):1][NX3H1:2]!@[CX4H0:3][C:4]	59.9907	13.3187	-	-	-	-	G
C36596699      none	B	[cH0:1][c:2]([cH1])!@[CX3:3]([NX3H0])=[O:4]	120.007	3.63636	-	-	-	-	G
C36596699      none	B	[O-:1][N+:2](=O)!@[c:3]([cH,nX2H0])[cH,nX2H0:4]	179.975	23.2156	-	-	-	-	G
C38029783      none	B	[$(C=O):1][NX3H1:2]!@[c:3]([cH1])[cH1:4]	149.997	5.05437	-	-	-	-	G
C38029783      none	B	[!#1:1][CH2:2]!@[n:3][a:4]	-90.0046	13.2844	-	-	-	-	G
C38029783      none	B	[!#1:1][CX4H2:2]!@[CX3:3]=[O:4]	-90.0048	1.11373	-	-	-	-	G
C38029783      none	B	[O:1]=[CX3:2]!@[NX3H1:3][!#1:4]	0.00147256	63.7893	-	-	-	-	G
C38029783      none	B	[!#1:1][CX4H2:2]!@[CX3:3]=[O:4]	89.9987	1.06654	-	-	-	-	G
C38029783      none	B	[!#1:1][CH2:2]!@[n:3][a:4]	-134.687	0.908865	-	-	-	-	O
C44608416      none	B	[a:1][c:2]!@[CX4H1:3][N,O:4]	120	3.12238	-	-	-	-	G
C44608416      none	B	[H:1][CX4H1:2]!@[O:3][CX4:4]	30.0046	7.15021	-	-	-	-	G
C44608416      none	B	[H:1][CX4H1:2]!@[O:3][CX4:4]	29.9947	7.15021	-	-	-	-	G
C44608416      none	B	[O:1]=[C:2]([O-])!@[CX4H1:3][H:4]	89.9961	0.86741	-	-	-	-	O
C17163092      none	B	[*:1]~[CX3:2]!@[n:3]~[*:4]	60.319	1.34228	-	-	-	-	O
C17163092      none	B	[*:1]~[cX3:2]!@[NX2:3]~[*:4]	90.2688	1.96062	-	-	-	-	O
C17163092      none	B	[O-:1][N+:2](=O)!@[c:3]([cH,nX2H0])[cH,nX2H0:4]	-179.694	23.2156	-	-	-	-	G
C48433500      none	B	[aH1:1][c:2]([aH1])!@[SX4:3][!#1:4]	110.002	4.92809	-	-	-	-	G
C48433500      none	B	[a:1][c:2]!@[C:3]([NH1,NH2])=[O:4]	90.0066	0.308642	-	-	-	-	O
C48433500      none	B	[*:1][$(S(=O)=O):2]!@[NX3H0r:3][*:4]	90.2789	4.85782	-	-	-	-	G
C20593465      none	B	[$(S(=O)(=O)):1][NH1:2]!@[c:3]([cH1])[cH1:4]	-120.026	2.75424	-	-	-	-	O
C20593465      none	B	[O-:1][N+:2](=O)!@[c:3]([cH,nX2H0])[cH,nX2H0:4]	180	23.2156	-	-	-	-	G
C20593465      none	B	[c:1][$(S(=O)=O):2]!@[NX3H1:3][c:4]	89.9973	0.684932	-	-	-	-	G
C20593465      none	B	[aH0:1][c:2]([aH1])!@[SX4:3][!#1:4]	109.686	1.0568	-	-	-	-	O
C20593465      none	B	[O:1]=[C:2]([O-])!@[c:3][a:4]	-0.0026026	11.4943	-	-	-	-	G
C03130183      none	B	[O-:1][N+:2](=O)!@[c:3]([cH0])[cH,nX2H0:4]	90.0225	0.274725	-	-	-	-	O
C03130183      none	B	[cH0:1][c:2]([cH1])!@[c:3]([cH0:4])[cH1]	120.003	4.5208	-	-	-	-	G
C03130183      none	B	[aH0:1][c:2]([aH0])!@[SX2:3][!#1:4]	179.997	14.0278	-	-	-	-	G
C03130183      none	B	[!#1:1][CX4:2]!@[SX2:3][!#1:4]	-150.001	1.30312	-	-	-	-	G
C03130183      none	B	[!#1:1][CX4H2:2]!@[CX3:3]=[O:4]	119.993	0.613497	-	-	-	-	G
C66585514      none	B	[$(C=O):1][NX3H1:2]!@[c:3]([cH1])[cH1:4]	29.9844	5.05437	-	-	-	-	G
C66585514      none	B	[cH0:1][c:2]([cH1])!@[CX3:3]([NX3H1])=[O:4]	-29.9991	2.34987	-	-	-	-	G
C66585514      none	B	[O:1]=[CX3:2]!@[NX3H1:3][!#1:4]	0.00166225	63.7893	-	-	-	-	G
C66585514      none	B	[$(C=O):1][NX3H1:2]!@[CX4H1:3][H:4]	29.9945	9.46757	-	-	-	-	G
C66585514      none	B	[O:1]=[CX3:2]!@[NX3H1:3][!#1:4]	0.0031005	63.7893	-	-	-	-	G
C66585514      none	B	[O:1]=[CX3:2]([NH1])!@[CH2:3][C:4]	-60.0019	5.85305	-	-	-	-	G
C66585514      none	B	[!#1:1][CX4:2]!@[CX4:3][!#1:4]	-176.04	22.1548	-	-	-	-	G
C66585514      none	B	[C:1][CX4:2]!@[CX3:3]=[O:4]	89.998	3.65147	-	-	-	-	G
C50657292      none	B	[!#1:1][CX4:2]!@[CX4:3][!#1:4]	60.1028	12.3771	-	-	-	-	G
C50657292      none	B	[*:1][$(S(=O)=O):2]!@[NX3H0r:3][*:4]	89.9999	4.85782	-	-	-	-	G
C50657292      none	B	[aH0:1][c:2]([aH1])!@[SX4:3][!#1:4]	149.722	0.396301	-	-	-	-	R
C50657292      none	B	[O-:1][N+:2](=O)!@[c:3]([cH,nX2H0])[cH,nX2H0:4]	179.972	23.2156	-	-	-	-	G
C08497075      none	B	[!#1:1][CH2:2]!@[n:3][cH0:4]	-90.0005	15.4696	-	-	-	-	G
C08497075      none	B	[*:1]~[cX3:2]!@[NX2:3]~[*:4]	90.0006	1.96062	-	-	-	-	O
C08497075      none	B	[*:1]~[cX3:2]!@[NX2:3]~[*:4]	-89.7169	2.13435	-	-	-	-	O
C08497075      none	B	[aH1:1][c:2]([aH1])!@[SX4:3][!#1:4]	179.979	0.148054	-	-	-	-	R
C08497075      none	B	[!#1:1][CX4:2]!@[CX4:3][!#1:4]	-160.006	1.85018	-	-	-	-	G
C44717283      none	B	[a:1][a:2]!@[NX3:3][!#1:4]	-0.0140562	10.9271	-	-	-	-	G
C44717283      none	B	[*:1]~[NX3:2]!@[NX3:3]~[*:4]	180	7.3164	-	-	-	-	G
C44717283      none	B	[O:1]=[CX3:2]!@[NX3H1:3][!#1:4]	0.000937072	63.7893	-	-	-	-	G
C44717283      none	B	[cH0:1][c:2]([cH1])!@[CX3:3]([NX3H1])=[O:4]	30.0067	2.4369	-	-	-	-	G
C27548640      none	B	[*:1][CX4:2]!@[O:3][$([CX3](=[!O])):4]	180	17.7846	-	-	-	-	G
C27548640      none	B	[*:1]~[CX3:2]!@[OX2:3]~[*:4]	180	34.4565	-	-	-	-	G
C27548640      none	B	[a:1][c:2]!@[CX4H1:3][H:4]	153.346	3.71955	-	-	-	-	G
C27548640      none	B	[!#1:1][CX3:2]!@[SX2:3][!#1:4]	-30.0219	1.54367	-	-	-	-	G
C27548640      none	B	[!#1:1][CX4:2]!@[SX2:3][!#1:4]	80.005	6.41197	-	-	-	-	G
C27548640      none	B	[!#1:1][CX4H2:2]!@[CX3:3]=[O:4]	180	2.94479	-	-	-	-	G
C26599831      none	B	[a:1][a:2]!@[CX3:3]=[CX3H1:4]	-59.9981	1.10784	-	-	-	-	O
C26599831      none	B	[a:1][c:2]!@[CX4H1:3][H:4]	179.129	7.22227	-	-	-	-	G
C26599831      none	B	[cH1:1][c:2](cO)!@[O:3][C:4]	0.0153472	49.3635	-	-	-	-	G
C26599831      none	B	[cH1:1][c:2](cO)!@[O:3][C:4]	0.240261	49.3635	-	-	-	-	G
C65742850      none	B	[a:1][c:2]!@[CX4H1:3][N,O:4]	-59.9923	3.48172	-	-	-	-	G
C65742850      none	B	[H:1][CX4H1:2]!@[O:3][CX4:4]	-60.0065	5.14933	-	-	-	-	G
C65742850      none	B	[H:1][CX4H1:2]!@[O:3][CX4:4]	-29.9994	6.07621	-	-	-	-	G
C65742850      none	B	[*^2:1]~[C^2:2]([!H])!@[C^2:3]~[*^2:4]	89.9988	1.26539	-	-	-	-	G
C34027545      none	B	[O:1]=[C:2]([O-])!@[CX4H1:3][H:4]	90.0007	0.86741	-	-	-	-	O
C34027545      none	B	[N:1][CX4:2]!@[CX3:3]=[O:4]	-31.512	5.37503	-	-	-	-	G
C02475338      none	B	[!#1:1][CH2:2]!@[n:3][cH0:4]	89.997	14.7896	-	-	-	-	G
C02475338      none	B	[!#1:1][CX4:2]!@[CX4:3][!#1:4]	-159.999	1.85018	-	-	-	-	G
C02475338      none	B	[OX2:1][CX4:2]!@[CX4:3][OX2:4]	-40.0071	0.393994	-	-	-	-	G
C02475338      none	B	[C:1][CX4H2:2]!@[OX2:3][c:4]	180	43.8829	-	-	-	-	G
C02475338      none	B	[cH1:1][c:2]([cH1])!@[O:3][C:4]	-149.714	0.243246	-	-	-	-	R
C55168895      none	B	[$(C=O):1][NX3H0:2]!@[CX4H1:3][H:4]	-1.56275	15.8824	-	-	-	-	G
C55168895      none	B	[$([CX3]=O):1][NX3H0:2](C)!@[CX4H2:3][C:4]	60.0002	0.600343	-	-	-	-	O
C55168895      none	B	[O:1]=[CX3:2](a)!@[NX3H0:3][!#1:4]	180	9.67842	-	-	-	-	G
C55168895      none	B	[N:1][CX4:2]!@[CX3:3]=[O:4]	-119.995	0.897291	-	-	-	-	G
C55168895      none	B	[a:1][c:2]!@[C:3]([NH0])=[O:4]	120.31	4.19444	-	-	-	-	G
C37052534      none	B	[aH0:1][c:2]([aH1])!@[SX4:3][!#1:4]	110.014	1.0568	-	-	-	-	O
C37052534      none	B	[O-:1][N+:2](=O)!@[c:3]([cH,nX2H0])[cH,nX2H0:4]	179.975	23.2156	-	-	-	-	G
C37052534      none	B	[c:1][$(S(=O)=O):2]!@[NX3H1:3][C:4]	-60.0048	13.7514	-	-	-	-	G
C37052534      none	B	[$(S(=O)(=O)):1][NX3H1:2]!@[CX4H1:3][H:4]	-29.989	9.39227	-	-	-	-	G
C37052534      none	B	[OX2:1][CX4:2]!@[CX4:3][N:4]	40.0006	1.66292	-	-	-	-	G
C37052534      none	B	[O:1]=[C:2]([O-])!@[CX4H1:3][H:4]	-0.00375504	0.495663	-	-	-	-	O
C34186902      none	B	[$(C=O):1][NX3H1:2]!@[CX4H1:3][H:4]	-60.0011	1.23735	-	-	-	-	G
C34186902      none	B	[*:1][$(S(=O)=O):2]!@[NX3H0r:3][*:4]	-90.0024	4.88152	-	-	-	-	G
C34186902      none	B	[O:1]=[CX3:2]!@[NX3H1:3][!#1:4]	0.00550151	63.7893	-	-	-	-	G
C34186902      none	B	[O:1]=[CX3:2]!@[CX3:3]=[O:4]	89.996	2.94118	-	-	-	-	G
C34186902      none	B	[a:1][a:2]!@[CX3:3]=[O:4]	-29.7179	2.49728	-	-	-	-	G
C34186902      none	B	[$(C=O):1][NX3H1:2]!@[c:3](s)[n:4]	0.241501	0.574713	-	-	-	-	R
C34186902      none	B	[O:1]=[CX3:2]!@[NX3H1:3][!#1:4]	179.999	2.24265	-	-	-	-	G
C38555886      none	B	[cH0:1][c:2]!@[CX4H2:3][CX4:4]	-90.0071	18.481	-	-	-	-	G
C38555886      none	B	[!#1:1][CX4:2]!@[CX4:3][!#1:4]	160.002	1.81259	-	-	-	-	G
C38555886      none	B	[O:1]=[C:2]([O-])!@[CX4H1:3][H:4]	0.00310012	0.495663	-	-	-	-	O
C38555886      none	B	[$(C=O):1][NX3H1:2]!@[CX4H1:3][H:4]	29.9951	9.46757	-	-	-	-	G
C38555886      none	B	[O:1]=[CX3:2]!@[NX3H1:3][!#1:4]	0.00324328	63.7893	-	-	-	-	G
C38555886      none	B	[OX2:1][CX4H2:2]!@[CX3:3]([$([NX3H1,NX3H2])])=[O:4]	119.988	0	-	-	-	-	R
C38555886      none	B	[C:1][CX4H2:2]!@[OX2:3][c:4]	-59.9927	0.252685	-	-	-	-	G
C38555886      none	B	[cH1:1][c:2]([cH1])!@[O:3][C:4]	-29.7392	0.195465	-	-	-	-	O
C54414063      none	B	[cH1:1][a:2]([cH1])!@[a:3]([sX2,o,nX2H0,nX3H1:4])	90.3077	0.262728	-	-	-	-	R
C54414063      none	B	[!#1:1][CH2:2]!@[n:3][cH0:4]	134.995	0.637484	-	-	-	-	R
C54414063      none	B	[!#1:1][CX4:2]!@[CX4:3][!#1:4]	-39.8769	0.976141	-	-	-	-	G
C05320215      none	B	[O:1]=[C:2]!@[O:3]~[C:4]	-0.00147765	74.4927	-	-	-	-	G
C05320215      none	B	[NH1:1][CX4:2]!@[CX3:3]=[O:4]	120.006	0.41354	-	-	-	-	G
C05320215      none	B	[OX2:1][CX4:2]!@[CX4:3][N:4]	60.0025	15.2809	-	-	-	-	G
C05320215      none	B	[$(C=O):1][NX3H1:2]!@[CX4H1:3][H:4]	0.00960167	8.26772	-	-	-	-	G
C05320215      none	B	[O:1]=[CX3:2]!@[NX3H1:3][!#1:4]	-0.00477857	63.7893	-	-	-	-	G
C05320215      none	B	[NH1:1][CX4:2]!@[CX3:3]=[O:4]	-117.914	0.275693	-	-	-	-	G
C13408534      none	B	[a:1][a:2]!@[NX3:3][!#1:4]	119.995	1.62057	-	-	-	-	O
C13408534      none	B	[aH0:1][c:2]([aH0])!@[SX2:3][!#1:4]	60.0056	2.01135	-	-	-	-	G
C13408534      none	B	[*:1]~[CX4:2]!@[n:3]~[*:4]	-51.3783	2.67193	-	-	-	-	G
C13408534      none	B	[!#1:1][CX4:2]!@[SX2:3][!#1:4]	149.997	1.40678	-	-	-	-	G
C13408534      none	B	[!#1:1][CX4H2:2]!@[CX3:3]=[O:4]	150.001	0.887211	-	-	-	-	O
C13408534      none	B	[O:1]=[CX3:2]!@[NX3H1:3][!#1:4]	-0.00128576	63.7893	-	-	-	-	G
C13408534      none	B	[$(C=O):1][NX3:2]!@[a:3][aH0:4]	149.996	1.842	-	-	-	-	O
C13408534      none	B	[O:1]=[C:2]([O-])!@[c:3]([cH1])[$([cH0][NH1,NH2]):4]	-0.00737059	10	-	-	-	-	G
C35658827      none	B	[aH0:1][c:2]([aH0])!@[SX4:3][!#1:4]	-53.8579	1.67598	-	-	-	-	G
C35658827      none	B	[!#1:1][CH2:2]!@[n:3][cH0:4]	-134.993	0.892478	-	-	-	-	R
C35658827      none	B	[!#1:1][CX4H2:2]!@[CX3:3]=[O:4]	-120.001	0.59462	-	-	-	-	G
C35658827      none	B	[*:1][$(S(=O)=O):2]!@[NX3H0r:3][*:4]	120.278	1.23223	-	-	-	-	O
C41036356      none	B	[NH1:1][CX4:2]!@[CX3:3]=[O:4]	-29.9932	4.44172	-	-	-	-	G
C41036356      none	B	[$(C=O):1][NX3H1:2]!@[CX4H0:3][C:4]	180	11.3993	-	-	-	-	G
C41036356      none	B	[O:1]=[CX3:2]([$([NX3H1]C)])!@[NX3H1:3][!#1:4]	0.00824652	41.1343	-	-	-	-	G
C41036356      none	B	[O,S:1]=[C:2]([$([NX3H1]),$([NX3H2])])!@[$([NX3]c[nH0]):3][H:4]	-179.986	19.9219	-	-	-	-	G
C41036356      none	B	[$([C](=O)([$([NX3H1]),$([NX3H2])])[NX3H1]):1][NX3H1:2]!@[c:3]([nH0])[cH1:4]	0.31677	20.6897	-	-	-	-	G
C42747478      none	B	[C:1][CX4:2]!@[CX3:3]=[O:4]	-119.88	3.42432	-	-	-	-	G
C42747478      none	B	[*:1][$(S(=O)=O):2]!@[NX3H0r:3][*:4]	-60.0036	8.17536	-	-	-	-	G
C42747478      none	B	[aH1:1][c:2]([aH1])!@[SX4:3][!#1:4]	110.278	4.92809	-	-	-	-	G
C39715743      none	B	[cH1,n:1][c:2]!@[O:3][CRH1:4]	-29.7351	2.03252	-	-	-	-	G
C39715743      none	B	[H:1][CX4H1:2]!@[OX2:3][!#1:4]	59.9982	2.10701	-	-	-	-	G
C39715743      none	B	[$(C=O):1][NX3H1:2]!@[CX4H1:3][H:4]	0.00219546	8.26772	-	-	-	-	G
C39715743      none	B	[O:1]=[CX3:2]!@[NX3H1:3][!#1:4]	0.00254901	63.7893	-	-	-	-	G
C50649346      none	B	[!#1:1][CX4H2:2]!@[NX3H1:3][!#1:4]	180	11.3535	-	-	-	-	G
C50649346      none	B	[a:1][a:2]!@[NX3:3][!#1:4]	-179.725	11.4213	-	-	-	-	G
C50649346      none	B	[aH1:1][c:2]([aH1])!@[SX4:3][!#1:4]	-29.9969	0.190355	-	-	-	-	R
C50649346      none	B	[*:1][$(S(=O)=O):2]!@[NX3H0r:3][*:4]	90.2758	4.85782	-	-	-	-	G
C40597269      none	B	[!#1:1][CX4:2]!@[CX4:3][!#1:4]	-81.374	1.71775	-	-	-	-	G
C40597269      none	B	[NH1:1][CX4:2]!@[CX3:3]=[O:4]	-119.999	0.275693	-	-	-	-	G
C40597269      none	B	[$(C=O):1][NX3H1:2]!@[CX4H0:3][C:4]	-59.9968	14.7253	-	-	-	-	G
C40597269      none	B	[O:1]=[CX3:2]([$([NX3H1]C)])!@[NX3H1:3][!#1:4]	0.000803012	41.1343	-	-	-	-	G
C40597269      none	B	[O:1]=[CX3:2]([$([NX3H1]C)])!@[NX3H1:3][!#1:4]	-0.0102584	41.1343	-	-	-	-	G
C40597269      none	B	[$([CX3]=O):1][NX3H1:2]!@[CX4H2:3][C:4] 	-59.9957	1.43139	-	-	-	-	G
C40597269      none	B	[!#1:1][CX4:2]!@[CX4:3][!#1:4]	-63.8694	12.2558	-	-	-	-	G
C48843326      none	B	[!#1:1][CX4H2:2]!@[CX4H2:3][!#1:4]	180	58.554	-	-	-	-	G
C48843326      none	B	[!#1:1][CX4:2]!@[CX4:3][!#1:4]	179.997	22.1548	-	-	-	-	G
C48843326      none	B	[NH1:1][CX4:2]!@[CX3:3]=[O:4]	-150	4.5183	-	-	-	-	G
C48843326      none	B	[$(C=O):1][NX3H1:2]!@[CX4H0:3][C:4]	179.999	11.3993	-	-	-	-	G
C48843326      none	B	[O:1]=[CX3:2]([$([NX3H1]C)])!@[NX3H1:3][!#1:4]	0.00833987	41.1343	-	-	-	-	G
C48843326      none	B	[O:1]=[CX3:2]([$([NX3H1]C)])!@[NX3H1:3][!#1:4]	-0.00671068	41.1343	-	-	-	-	G
C48843326      none	B	[$([CX3]=O):1][NX3H1:2]!@[CX4H2:3][C:4] 	-149.999	1.7769	-	-	-	-	O
C48843326      none	B	N[C:2](=[O:1])!@[CH2:3][N:4]	-90.0027	0.14881	-	-	-	-	R
C48843326      none	B	[O:1]=[CX3:2]!@[NX3H0:3][!#1:4]	0.28016	25.0866	-	-	-	-	G
CHEMBL299180      none	B	[CX3:1]=[CX3:2]!@[CH1:3](C)[C:4]	-90.0044	1.8509	-	-	-	-	O
CHEMBL299180      none	B	[$([CX3]([C])([H])):1]=[CX3:2]([C])!@[CH2:3][C:4]	150.006	0	-	-	-	-	R
CHEMBL299180      none	B	[*^2:1]~[C^2:2]([!H])!@[C^2:3]~[*^2:4]	59.9956	0.650722	-	-	-	-	O
CHEMBL299180      none	B	[!#1:1][CX4:2]!@[CX4:3][!#1:4]	179.995	22.1548	-	-	-	-	G
CHEMBL299180      none	B	[O:1]=[C:2]([O-])!@[CX4H1:3][H:4]	0.00647877	0.495663	-	-	-	-	O
C37431457      none	B	[a:1][c:2]!@[CX4H1:3][H:4]	-4.30135	6.54616	-	-	-	-	G
C37431457      none	B	[n,o,s:1][c:2]!@[CX4H2:3][CX4:4]	90.2665	4.03889	-	-	-	-	G
C37431457      none	B	[!#1:1][CX4H2:2]!@[CX4H2:3][!#1:4]	59.9998	3.99483	-	-	-	-	G
C37431457      none	B	[O:1]=[CX3:2]([NH1])!@[CH2:3][C:4]	90.0014	2.11706	-	-	-	-	O
C37431457      none	B	[O:1]=[CX3:2]!@[NX3H1:3][!#1:4]	-0.0144153	63.7893	-	-	-	-	G
C37431457      none	B	[$(C=O):1][NX3H1:2]!@[CX4H1:3][H:4]	30.0123	9.46757	-	-	-	-	G
C37431457      none	B	[OX2:1][CX4:2]!@[CX4:3][N:4]	-59.9875	14.8764	-	-	-	-	G
C37431457      none	B	[O:1]=[C:2]([O-])!@[CX4H1:3][H:4]	-0.00900567	0.495663	-	-	-	-	O
C64348013      none	B	[aH0:1][c:2]([aH0])!@[SX4:3][!#1:4]	179.995	0.27933	-	-	-	-	R
C64348013      none	B	[$(C=O):1][NX3:2]!@[a:3][aH0:4]	180	13.4466	-	-	-	-	G
C64348013      none	B	[O:1]=[C:2](c)!@[$([NX3](c([nX2H0])([nX2H0]))):3][H:4]	179.992	26.6667	-	-	-	-	G
C64348013      none	B	[cH1:1][c:2]([cH1])!@[C:3]([NH1,NH2])=[O:4]	152.995	9.05971	-	-	-	-	G
C35384212      none	B	[$([CX3]=O):1][NX3H0:2](C)!@[CX4H2:3][C:4]	-90.0001	15.9949	-	-	-	-	G
C35384212      none	B	N[C:2](=[O:1])!@[CH2:3][N:4]	-149.999	2.38095	-	-	-	-	G
C35384212      none	B	[O:1]=[CX3:2]!@[NX3H1:3][!#1:4]	-0.00840062	63.7893	-	-	-	-	G
C35384212      none	B	[$([CX3]=O):1][NX3H1:2]!@[CX4H2:3][C:4] 	-89.9992	7.35439	-	-	-	-	G
C35384212      none	B	N[C:2](=[O:1])!@[CH2:3][N:4]	179.999	8.33333	-	-	-	-	G
C35384212      none	B	[O:1]=[CX3:2]!@[NX3H1:3][!#1:4]	0.00264024	63.7893	-	-	-	-	G
C35384212      none	B	[$([CX3]=O):1][NX3H1:2]!@[CX4H2:3][C:4] 	179.998	6.46594	-	-	-	-	G
C35384212      none	B	[NH1:1][CX4:2]!@[CX3:3]=[O:4]	-119.992	0.275693	-	-	-	-	G
C62117809      none	B	[a:1][c:2]!@[C:3]([NH0])=[O:4]	-29.9969	2.55556	-	-	-	-	G
C62117809      none	B	[O:1]=[CX3:2](a)!@[NX3H0:3][!#1:4]	150.314	2.50464	-	-	-	-	G
C62117809      none	B	[O:1]=[C:2]([O-])!@[CX4H1:3][H:4]	-0.00568079	0.495663	-	-	-	-	O
C37097687      none	B	[!#1:1][CX4H2:2]!@[CX4H2:3][!#1:4]	179.999	58.554	-	-	-	-	G
C37097687      none	B	[$([CX3]=O):1][NX3H0:2](C)!@[CX4H2:3][C:4]	-119.998	2.31561	-	-	-	-	O
C37097687      none	B	[$(C=O):1][NX3H0:2]!@[CX4H1:3][H:4]	64.3247	0.252101	-	-	-	-	R
C37097687      none	B	[O:1]=[CX3:2]!@[NX3H0:3][!#1:4]	-29.9977	0.692521	-	-	-	-	O
C37097687      none	B	[O:1]=[CX3:2]!@[CX3:3]=[O:4]	-59.9995	0.346021	-	-	-	-	R
C37097687      none	B	[O:1]=[CX3:2]!@[NX3H1:3][!#1:4]	0.0106681	63.7893	-	-	-	-	G
C38256130      none	B	[cH1:1][c:2]([cH1])!@[CX3:3]([CX3H0])=[O:4]	-150.001	3.82514	-	-	-	-	G
C38256130      none	B	[*^2:1]~[C^2:2]([!H])!@[C^2:3]~[*^2:4]	-119.671	0.661024	-	-	-	-	G
C38256130      none	B	[$(C=O):1][NX3H0:2]!@[CX4H2:3][!#1:4]	-60.0037	0.579777	-	-	-	-	G
C38256130      none	B	[a:1][c:2]!@[CX4H1:3][N,O:4]	-26.6853	3.61778	-	-	-	-	G
C38256130      none	B	[O-:1][N+:2](=O)!@[c:3]([cH,nX2H0])[cH,nX2H0:4]	179.965	23.2156	-	-	-	-	G
C38256130      none	B	[a:1][c:2]!@[CX4H2:3][!#1:4]	90.3233	7.24386	-	-	-	-	G
C38710126      none	B	[C:1][CX4H2:2]!@[OX2:3][c:4]	150.034	0.884397	-	-	-	-	O
C38710126      none	B	[cH1:1][c:2]([cH1])!@[O:3][C:4]	-149.735	0.243246	-	-	-	-	R
C38710126      none	B	[a:1][c:2]!@[CX4H1:3][H:4]	-0.00150843	6.54616	-	-	-	-	G
C21958074      none	B	[cH1:1][c:2]([cH1])!@[C:3]([NH1,NH2])=[O:4]	153.011	9.05971	-	-	-	-	G
C21958074      none	B	[O:1]=[CX3:2]!@[NX3H1:3][!#1:4]	-0.00150044	63.7893	-	-	-	-	G
C21958074      none	B	[$(C=O):1][NX3H1:2]!@[CX4H1:3][H:4]	-0.00464202	8.26772	-	-	-	-	G
C21958074      none	B	[!#1:1][CX4:2]!@[CX4:3][!#1:4]	179.991	22.1548	-	-	-	-	G
C21958074      none	B	[O:1]=[C:2]([O-])!@[CX4H1:3][H:4]	0.0145053	0.495663	-	-	-	-	O
C21958074      none	B	[n,o,s:1][c:2]!@[CX4H2:3][CX4:4]	0.00204897	6.43231	-	-	-	-	G
C22459346      none	B	[cH0:1][c:2]([cH0])!@[CX3:3]=[O:4]	60.0046	2.43032	-	-	-	-	G
C22459346      none	B	[c:1][c:2]!@[c:3][s,o,nX3H1:4]	120.423	0.615501	-	-	-	-	O
C22459346      none	B	[a:1][a:2]!@[NX3:3][!#1:4]	0.00366934	10.9271	-	-	-	-	G
C62828889      none	B	[$([C](=O)):1][NX3:2]!@[a:3](s)[a:4]	179.947	61.7021	-	-	-	-	G
C62828889      none	B	[O:1]=[C:2]([O-])!@[c:3]([cH1])[$([cH0][NH1,NH2]):4]	89.992	0	-	-	-	-	R
C62828889      none	B	[O:1]=[CX3:2]!@[NX3H1:3][!#1:4]	30.0045	0.0707142	-	-	-	-	O
C62828889      none	B	[O:1]=[CX3:2]!@[NX3H0:3][!#1:4]	0.30269	25.0866	-	-	-	-	G
C62828889      none	B	[!#1:1][CX4:2]!@[CX4:3][!#1:4]	-159.999	1.85018	-	-	-	-	G
C62828889      none	B	[!#1:1][CX4H2:2]!@[CX4H2:3][!#1:4]	180	58.554	-	-	-	-	G
C62828889      none	B	[!#1:1][CX4H2:2]!@[CX4H2:3][!#1:4]	60.0047	3.99483	-	-	-	-	G
C36532656      none	B	[H:1][CX4H1:2]!@[SX4:3][!#1:4]	-177.153	5.14139	-	-	-	-	G
C36532656      none	B	[O:1]=[C:2]!@[NX3:3](C=O)[*:4]	-150.019	0.802005	-	-	-	-	G
C36532656      none	B	[N:1][C:2](=O)!@[CX4H2:3][CX4H2:4]	149.999	4.76839	-	-	-	-	G
C36532656      none	B	[!#1:1][CX4H2:2]!@[CX4H2:3][!#1:4]	180	58.554	-	-	-	-	G
C36532656      none	B	[!#1:1][CX4H2:2]!@[CX4H2:3][!#1:4]	180	58.554	-	-	-	-	G
C36532656      none	B	[!#1:1][CX4H2:2]!@[CX4H2:3][!#1:4]	180	58.554	-	-	-	-	G
C36532656      none	B	[!#1:1][CX4:2]!@[CX4:3][!#1:4]	165.32	7.77068	-	-	-	-	G
C41898021      none	B	[$(C=O):1][NX3H1:2]!@[CX4H1:3][H:4]	-32.0008	6.97413	-	-	-	-	G
C41898021      none	B	[O:1]=[CX3:2]!@[NX3H1:3][!#1:4]	0.00358499	63.7893	-	-	-	-	G
C41898021      none	B	[O:1]=[CX3:2]!@[CX3:3]=[O:4]	179.999	38.5813	-	-	-	-	G
C41898021      none	B	[O:1]=[CX3:2]!@[NX3H1:3][!#1:4]	-0.0107185	63.7893	-	-	-	-	G
C41898021      none	B	[$(C=O):1][NX3H1:2]!@[c:3]([cH1])[cH1:4]	30.0142	5.05437	-	-	-	-	G
C30757232      none	B	[cH1:1][c:2]([cH1])!@[C:3]([NH1,NH2])=[O:4]	27.0279	8.08167	-	-	-	-	G
C30757232      none	B	[a:1][c:2]!@[CX4H2:3][!#1:4]	-90.002	7.30446	-	-	-	-	G
C30757232      none	B	[!#1:1][CX4:2]!@[SX4:3][!#1:4]	167.738	7.85263	-	-	-	-	G
C30757232      none	B	[*:1][$(S(=O)=O):2]!@[NX3H0r:3][*:4]	120.317	1.23223	-	-	-	-	O
C30757232      none	B	[O:1]=[CX3:2]!@[NX3H1:3][!#1:4]	0.0045	63.7893	-	-	-	-	G
C30757232      none	B	[$(C=O):1][NX3H1:2]!@[c:3]([cH1])[cH1:4]	60.0023	0.402739	-	-	-	-	R
C30757232      none	B	[aH1:1][c:2]([aH1])!@[SX4:3][!#1:4]	90.0002	12.916	-	-	-	-	G
C30757232      none	B	[c:1][S:2](=O)(=O)!@[NX2H0-:3]-[*:4]	-60.0022	11.1111	-	-	-	-	G
C30757232      none	B	[$(S(=O)(=O)):1][N:2]!@[c:3][a:4]	0.000653494	3.75977	-	-	-	-	G
C57723382      none	B	[cH1:1][c:2]([cH1])!@[O:3][C:4]	0.278419	26.3009	-	-	-	-	G
C57723382      none	B	[$(S(=O)(=O)):1][N:2]!@[c:3][a:4]	-89.9993	5.66406	-	-	-	-	G
C57723382      none	B	[c:1][S:2](=O)(=O)!@[NX2H0-:3]-[*:4]	59.9979	8.33333	-	-	-	-	G
C57723382      none	B	[aH1:1][c:2]([aH1])!@[SX4:3][!#1:4]	90.2712	12.916	-	-	-	-	G
C57723382      none	B	[cH0:1][c:2]([cH1])!@[O:3][C:4]	179.998	48.7454	-	-	-	-	G
C57723382      none	B	[O-:1][N+:2](=O)!@[c:3]([cH0])[cH,nX2H0:4]	90.2005	0.274725	-	-	-	-	O
C03631371      none	B	[cH1:1][c:2]([cH1])!@[O:3][C:4]	0.273402	26.3009	-	-	-	-	G
C03631371      none	B	[cH1:1][a:2]([cH0])!@[a:3]([cH0])[cH0:4]	89.9985	12.8892	-	-	-	-	G
C03631371      none	B	[cH0:1][c:2]([cH1])!@[O:3][C:4]	-89.9972	0.64732	-	-	-	-	R
C03631371      none	B	[cH1:1][c:2]([cH1])!@[C:3]([NH1,NH2])=[O:4]	-26.9819	8.39053	-	-	-	-	G
C03631371      none	B	[O:1]=[CX3:2]!@[NX3H1:3][!#1:4]	-0.00237583	63.7893	-	-	-	-	G
C03631371      none	B	[$(C=O):1][NX3H1:2]!@[c:3]([cH1])[cH1:4]	149.994	5.05437	-	-	-	-	G
C03631371      none	B	[cH0:1][c:2]([cH1])!@[O:3][C:4]	-89.9993	0.64732	-	-	-	-	R
C66247936      none	B	[$(S(=O)(=O)):1][N:2]!@[c:3][a:4]	-89.996	5.66406	-	-	-	-	G
C66247936      none	B	[!#1:1][CH2:2]!@[n:3][cH0:4]	-135.004	0.148746	-	-	-	-	R
C66247936      none	B	[!#1:1][CX4H2:2]!@[CX4H2:3][!#1:4]	180	58.554	-	-	-	-	G
C66247936      none	B	[c:1][S:2](=O)(=O)!@[NX2H0-:3]-[*:4]	90.0008	2.77778	-	-	-	-	G
C66247936      none	B	[aH0:1][c:2]([aH1])!@[SX4:3][!#1:4]	-110.273	1.0568	-	-	-	-	O
C66247936      none	B	[O-:1][N+:2](=O)!@[c:3]([cH0])[cH,nX2H0:4]	90.2048	0.274725	-	-	-	-	O
C49079951      none	B	[!#1:1][CX4:2]!@[CX4:3][!#1:4]	79.9945	1.75235	-	-	-	-	G
C49079951      none	B	[$(C=O):1][NX3H1:2]!@[CX4H1:3][H:4]	180	0.712411	-	-	-	-	R
C49079951      none	B	[!#1:1][CH2:2]!@[n:3][a:4]	-89.6828	13.2844	-	-	-	-	G
C49079951      none	B	[O:1]=[CX3:2]!@[NX3H1:3][!#1:4]	-0.0030181	63.7893	-	-	-	-	G
C49079951      none	B	[O:1]=[CX3:2]!@[NX3H0:3][!#1:4]	30.3133	0.680979	-	-	-	-	O
C49079951      none	B	[H:1][CX4H1:2]!@[O:3][CX4:4]	35.9303	11.9906	-	-	-	-	G
C49079951      none	B	[O:1]=[C:2]([O-])!@[CX4H1:3][H:4]	0.00250848	0.495663	-	-	-	-	O
C50603849      none	B	[!#1:1][CX4:2]!@[CX4:3][!#1:4]	160.001	1.81259	-	-	-	-	G
C50603849      none	B	[$([CX3]=O):1][NX3H1:2]!@[CX4H2:3][C:4] 	120	2.76407	-	-	-	-	O
C50603849      none	B	[O:1]=[CX3:2]([$([NX3H1]C)])!@[NX3H1:3][!#1:4]	-0.00678516	41.1343	-	-	-	-	G
C50603849      none	B	[O:1]=[CX3:2]([$([NX3H1]C)])!@[NX3H1:3][!#1:4]	0.0136535	41.1343	-	-	-	-	G
C50603849      none	B	[$(C=O):1][NX3H1:2]!@[CX4H1:3][H:4]	-0.00219545	8.26772	-	-	-	-	G
C50603849      none	B	[!#1:1][CX4:2]!@[CX4:3][!#1:4]	160	1.81259	-	-	-	-	G
C50603849      none	B	[O:1]=[C:2]([O-])!@[CX4H1:3][H:4]	89.9972	0.86741	-	-	-	-	O
C50603849      none	B	[!#1:1][CX4H2:2]!@[CX4H2:3][!#1:4]	-60.0083	3.77933	-	-	-	-	G
C48696062      none	B	[c:1][c:2]!@[c:3][s,o,nX3H1:4]	29.9957	2.54993	-	-	-	-	G
C48696062      none	B	[$(C=O):1][NX3H1:2]!@[c:3](s)[n:4]	30.0003	0	-	-	-	-	R
C48696062      none	B	[O:1]=[CX3:2]!@[NX3H1:3][!#1:4]	0.000495403	63.7893	-	-	-	-	G
C48696062      none	B	[O:1]=[CX3:2]!@[NX3H0:3][!#1:4]	-179.69	18.2537	-	-	-	-	G
C15924518      none	B	[*:1]~[CX3:2]!@[cX3:3]~[*:4]	89.9992	0.745822	-	-	-	-	O
C15924518      none	B	[*:1]~[NX2:2]!@[NX2:3]~[*:4]	-90.0064	0.0449035	-	-	-	-	R
C15924518      none	B	[c:1][S:2](=O)(=O)!@[NX2H0-:3]-[*:4]	-89.9965	2.77778	-	-	-	-	G
C15924518      none	B	[aH1:1][c:2]([aH1])!@[SX4:3][!#1:4]	-89.7286	12.5987	-	-	-	-	G
C15924518      none	B	[O-:1][N+:2](=O)!@[c:3]([cH,nX2H0])[cH,nX2H0:4]	179.987	23.2156	-	-	-	-	G
C42439803      none	B	[O:1]=[CX3:2]!@[NX3H0:3][!#1:4]	-29.9995	0.692521	-	-	-	-	O
C42439803      none	B	[!#1:1][CX4:2]!@[CX4:3][!#1:4]	180	22.1548	-	-	-	-	G
C42439803      none	B	[C:1][CX4H2:2]!@[CX3:3]=[O:4]	30.0065	4.22116	-	-	-	-	G
C42439803      none	B	[O:1]=[CX3:2]!@[NX3H0:3][!#1:4]	150.288	1.73707	-	-	-	-	O
C42439803      none	B	[O:1]=[C:2]([O-])!@[CX4H1:3][H:4]	-0.00401415	0.495663	-	-	-	-	O
C49238359      none	B	[!#1:1][CX4:2]!@[SX2:3][!#1:4]	-79.9989	6.01214	-	-	-	-	G
C49238359      none	B	[!#1:1][CX4H2:2]!@[CX4H2:3][!#1:4]	179.996	58.554	-	-	-	-	G
C49238359      none	B	[!#1:1][CX4:2]!@[CX4:3][!#1:4]	-60.0035	12.2558	-	-	-	-	G
C49238359      none	B	[O:1]=[C:2]([O-])!@[CX4H1:3][H:4]	-0.0144478	0.495663	-	-	-	-	O
C49238359      none	B	[$(C=O):1][NX3H1:2]!@[CX4H1:3][H:4]	-59.995	1.23735	-	-	-	-	G
C49238359      none	B	[O:1]=[CX3:2]([$([NX3H1]C)])!@[NX3H1:3][!#1:4]	0.000233171	41.1343	-	-	-	-	G
C49238359      none	B	[O,S:1]=[C:2]([$([NX3H1]),$([NX3H2])])!@[$([NX3]c[nH0]):3][H:4]	-0.00672468	46.0938	-	-	-	-	G
C49238359      none	B	[$(C=O):1][NX3H1:2]!@[c:3](s)[n:4]	0.308906	0.574713	-	-	-	-	R
C49238359      none	B	[a:1][c:2]!@[CX4H1:3][H:4]	94.3413	0.477016	-	-	-	-	O
C44167811      none	B	[cH1,n:1][c:2]!@[O:3][CRH1:4]	-60.0107	0.609756	-	-	-	-	R
C44167811      none	B	[H:1][CX4H1:2]!@[OX2:3][!#1:4]	29.9955	9.32817	-	-	-	-	G
C44167811      none	B	[OX2:1][CX4:2]!@[CX4:3][OX2:4]	80.0406	2.87509	-	-	-	-	O
C44167811      none	B	[C:1][CX4H2:2]!@[OX2:3][!#1:4]	-80.001	3.30412	-	-	-	-	G
C44167811      none	B	[*:1]~[OX2:2]!@[SX4:3]~[*:4]	-40.0016	4.33662	-	-	-	-	G
C13079449      none	B	[aH1:1][c:2]([aH1])!@[SX4:3][!#1:4]	89.998	12.916	-	-	-	-	G
C13079449      none	B	[O-:1][N+:2](=O)!@[c:3]([cH,nX2H0])[cH,nX2H0:4]	179.907	23.2156	-	-	-	-	G
C13079449      none	B	[*:1][$(S(=O)=O):2]!@[NX3H0r:3][*:4]	90.2776	4.85782	-	-	-	-	G
C13079449      none	B	[cH0:1][c:2]([cH,nX2H0])!@[NX3H0:3][CX4:4]	-90.2675	1.8357	-	-	-	-	O
C13079449      none	B	[O:1]=[C:2]([O-])!@[c:3]([cH1])[cH1:4]	179.981	7.35294	-	-	-	-	G
C13079449      none	B	[O-:1][N+:2](=O)!@[c:3]([cH0])[cH,nX2H0:4]	90.2605	0.274725	-	-	-	-	O
C61147182      none	B	[!#1:1][CX4:2]!@[CX4:3][!#1:4]	-59.9944	12.2558	-	-	-	-	G
C61147182      none	B	[$([CX3]=O):1][NX3H1:2]!@[CX4H2:3][C:4] 	-120	2.61599	-	-	-	-	O
C61147182      none	B	[O:1]=[CX3:2]!@[NX3H1:3][!#1:4]	-0.00377562	63.7893	-	-	-	-	G
C61147182      none	B	[O:1]=[CX3:2]!@[CX3:3]=[O:4]	180	38.5813	-	-	-	-	G
C61147182      none	B	[O:1]=[CX3:2]!@[NX3H1:3][!#1:4]	-0.00401345	63.7893	-	-	-	-	G
C61147182      none	B	[$([CX3]=O):1][NX3H1:2]!@[CX4H2:3][C:4] 	-89.9966	7.35439	-	-	-	-	G
C61147182      none	B	[!#1:1][CX4:2]!@[CX3H0:3][!#1:4]	-59.9994	4.40277	-	-	-	-	G
C20312877      none	B	[n,o,s:1][c:2]!@[CX4H2:3][CX4:4]	90.0083	4.03889	-	-	-	-	G
C20312877      none	B	[cH0:1][c:2]([cH,nX2H0])!@[NX3H1:3][CX4:4]	-150.001	1.00143	-	-	-	-	O
C20312877      none	B	[!#1:1][CX4H1:2]!@[NX3:3][!#1:4]	-160.008	2.4687	-	-	-	-	G
C20312877      none	B	[!#1:1][CX4:2]!@[CX4:3][!#1:4]	160.002	1.81259	-	-	-	-	G
C20312877      none	B	[O:1]=[C:2]([O-])!@[CX4H1:3][H:4]	89.9963	0.86741	-	-	-	-	O
C20312877      none	B	[C:1][CX4H2:2]!@[CX3:3]=[O:4]	-120.002	0.79457	-	-	-	-	O
C38574088      none	B	[C:1][CH2:2]!@[O:3][CX4:4]	59.9997	0.263939	-	-	-	-	O
C38574088      none	B	[CX3:1]=[CX3:2]!@[CH2:3][OX2:4]	-150.004	1.83206	-	-	-	-	G
C38574088      none	B	[a:1][c:2]!@[CX4H1:3][H:4]	31.8723	4.04281	-	-	-	-	G
C66151657      none	B	[a:1][c:2]!@[C:3]([NH0])=[O:4]	120	4.19444	-	-	-	-	G
C66151657      none	B	[O-:1][N+:2](=O)!@[c:3]([cH,nX2H0])[cH,nX2H0:4]	-179.987	23.2156	-	-	-	-	G
C66151657      none	B	[O:1]=[CX3:2](a)!@[NX3H0:3][!#1:4]	0.277177	23.6549	-	-	-	-	G
C66151657      none	B	[C:1][CX4:2]!@[CX3:3]=[O:4]	120.069	3.75937	-	-	-	-	G
C66151657      none	B	[O:1]=[CX3:2]!@[NX3H1:3][!#1:4]	-0.00266551	63.7893	-	-	-	-	G
C38653079      none	B	[*:1]~[CX4:2]!@[n:3]~[*:4]	180	3.53397	-	-	-	-	G
C40454193      none	B	[O-:1][N+:2](=O)!@[c:3]([cH,nX2H0])[cH,nX2H0:4]	179.946	23.2156	-	-	-	-	G
C40454193      none	B	[cH1,nX2H0:1][c:2]([cH1,nX2H0])!@[NX3r:3][*:4]	120.288	2.56328	-	-	-	-	O
C40454193      none	B	[O:1]=[C:2]([O-])!@[CX4H1:3][H:4]	90.0006	0.86741	-	-	-	-	O
C62842622      none	B	[C:1][CX4:2]!@[CX3:3]=[O:4]	89.9961	3.65147	-	-	-	-	G
C62842622      none	B	[O:1]=[CX3:2]!@[NX3H0:3][!#1:4]	-149.996	1.37927	-	-	-	-	O
C62842622      none	B	[!#1:1][CX4H2:2]!@[CX3:3]=[O:4]	-90.0076	1.11373	-	-	-	-	G
C62842622      none	B	[!#1:1][CH2:2]!@[n:3][a:4]	-89.6959	13.2844	-	-	-	-	G
C62842622      none	B	[O-:1][N+:2](=O)!@[c:3]([cH,nX2H0])[cH,nX2H0:4]	-179.673	23.2156	-	-	-	-	G
C39987130      none	B	[cH1:1][c:2]([cH1])!@[C:3]([NH1,NH2])=[O:4]	-152.977	8.78518	-	-	-	-	G
C39987130      none	B	[O-:1][N+:2](=O)!@[c:3]([cH,nX2H0])[cH,nX2H0:4]	180	23.2156	-	-	-	-	G
C39987130      none	B	[O:1]=[CX3:2]!@[NX3H1:3][!#1:4]	-0.0155628	63.7893	-	-	-	-	G
C39987130      none	B	[*:1]~[NX3:2]!@[NX3:3]~[*:4]	-89.9891	3.3545	-	-	-	-	G
C39987130      none	B	[O:1]=[CX3:2]!@[NX3H1:3][!#1:4]	0.00135612	63.7893	-	-	-	-	G
C39987130      none	B	[C:1][CX4:2]!@[CX3:3]=[O:4]	-2.79321	5.61823	-	-	-	-	G
C39987130      none	B	[O:1]=[C:2]([O-])!@[CX4H1:3][H:4]	-0.00772125	0.495663	-	-	-	-	O
C04837245      none	B	[$(C=O):1][NX3:2]!@[$([a]([cH1])):3][$([aH0](!@O)):4]	60.2816	0.97561	-	-	-	-	O
C44990209      none	B	[cH1:1][c:2]([cH1])!@[CX3:3]=[O:4]	30.2828	3.1746	-	-	-	-	O
C44990209      none	B	[cH1,nX2H0:1][c:2]([cH1,nX2H0])!@[NX3r:3][*:4]	-119.731	2.61442	-	-	-	-	O
C44990209      none	B	[cH0:1][c:2]([cH,nX2H0])!@[NX3H0:3][CX4:4]	-59.9934	5.09408	-	-	-	-	G
C65097481      none	B	[$(S(=O)(=O)):1][NH0:2]!@[c:3]([cH1])[cH0:4]	89.9949	13.1148	-	-	-	-	G
C65097481      none	B	[c:1][S:2](=O)(=O)!@[NX2H0-:3]-[*:4]	-59.9979	11.1111	-	-	-	-	G
C65097481      none	B	[aH0:1][c:2]([aH1])!@[SX4:3][!#1:4]	-110.337	1.0568	-	-	-	-	O
C65097481      none	B	[cH1:1][a:2]([cH1])!@[a:3]([sX2,o,nX2H0,nX3H1:4])	0.31822	10.7602	-	-	-	-	G
C65097481      none	B	[a:1][c:2]!@[C:3]([NH0])=[O:4]	119.999	4.19444	-	-	-	-	G
C65097481      none	B	[O:1]=[CX3:2](a)!@[NX3H0:3][!#1:4]	-29.7128	1.17502	-	-	-	-	O
C12503492      none	B	[a:1][c:2]!@[CX4H1:3][N,O:4]	-119.973	3.08052	-	-	-	-	G
C12503492      none	B	[OX2:1][CX4:2]!@[CX4:3][OX2:4]	-80.0355	2.4811	-	-	-	-	O
C49577851      none	B	[a:1][c:2]!@[CX4H2:3][!#1:4]	134.996	1.8443	-	-	-	-	O
C49577851      none	B	[$(S(=O)(=O)):1][NX3H1:2]!@[CX4H2:3][!#1:4]	119.998	2.14592	-	-	-	-	O
C49577851      none	B	[c:1][$(S(=O)=O):2]!@[NX3H1:3][C:4]	-60.0007	13.7514	-	-	-	-	G
C49577851      none	B	[aH1:1][c:2]([aH1])!@[SX4:3][!#1:4]	-89.6829	12.5987	-	-	-	-	G
C49577851      none	B	[O:1]=[C:2]([O-])!@[c:3][nX3H1:4]	179.98	34.7826	-	-	-	-	G
C40125203      none	B	[CX3:1]=[CX3:2]!@[CH2:3][OX2:4]	-0.00504061	15.4198	-	-	-	-	G
C40125203      none	B	[C:1][CX4H2:2]!@[OX2:3][c:4]	-149.994	1.28448	-	-	-	-	O
C40125203      none	B	[cH1:1][c:2]([cH1])!@[O:3][C:4]	150.283	0.199809	-	-	-	-	O
C40125203      none	B	[cH1:1][c:2]([cH1])!@[CX3:3]([CX3H0])=[O:4]	-29.998	3.55191	-	-	-	-	G
C40125203      none	B	[*^2:1]~[C^2:2]([!H])!@[C^2:3]~[*^2:4]	120.319	0.806964	-	-	-	-	G
C40125203      none	B	[a:1][c:2]!@[CX4H1:3][N,O:4]	-3.15775	1.53503	-	-	-	-	G
C42755839      none	B	[$(C=O):1][NX3H1:2]!@[c:3](s)[n:4]	-0.0303032	0.574713	-	-	-	-	R
C42755839      none	B	[O,S:1]=[C:2]([$([NX3H1]),$([NX3H2])])!@[$([NX3]c[nH0]):3][H:4]	0.00132559	46.0938	-	-	-	-	G
C42755839      none	B	[O:1]=[CX3:2]([$([NX3H1]C)])!@[NX3H1:3][!#1:4]	0.00111823	41.1343	-	-	-	-	G
C42755839      none	B	[*:1]~[NX3:2]!@[NX3:3]~[*:4]	149.997	1.2148	-	-	-	-	G
C42755839      none	B	[O:1]=[CX3:2]!@[NX3H1:3][!#1:4]	0.00275783	63.7893	-	-	-	-	G
C42755839      none	B	[C:1][CX4:2]!@[CX3:3]=[O:4]	149.14	1.17362	-	-	-	-	G
C40054180      none	B	[!#1:1][CX4H2:2]!@[CX4H2:3][!#1:4]	179.998	58.554	-	-	-	-	G
C40054180      none	B	[C:1][CX4H2:2]!@[OX2:3][c:4]	-60.0008	0.252685	-	-	-	-	G
C40054180      none	B	[cH1:1][c:2]([cH1])!@[O:3][C:4]	150.271	0.199809	-	-	-	-	O
C40054180      none	B	[cH1:1][c:2]([cH1])!@[CX3:3]([CX3H0])=[O:4]	60.005	0.204918	-	-	-	-	R
C40054180      none	B	[*^2:1]~[C^2:2]([!H])!@[C^2:3]~[*^2:4]	-149.69	1.11601	-	-	-	-	O
C40054180      none	B	[$([CX3]=O):1][NX3H0:2](C)!@[CX4H2:3][C:4]	-89.9992	15.9949	-	-	-	-	G
C40054180      none	B	[a:1][c:2]!@[CX4H1:3][N,O:4]	-56.6924	3.48172	-	-	-	-	G
C40054180      none	B	[O-:1][N+:2](=O)!@[c:3]([cH,nX2H0])[cH,nX2H0:4]	179.984	23.2156	-	-	-	-	G
C40054180      none	B	[!#1:1][CX4H2:2]!@[CX4H2:3][!#1:4]	60.0031	3.99483	-	-	-	-	G
C40054180      none	B	[!#1:1][CX4H2:2]!@[CX4H2:3][!#1:4]	179.999	58.554	-	-	-	-	G
C40436408      none	B	[*:1][$(S(=O)=O):2]!@[NX3H0r:3][*:4]	-59.9878	8.17536	-	-	-	-	O
C40436408      none	B	[*:1][$(S(=O)=O):2]!@[NX3H1:3][*:4]	-60.0128	9.96512	-	-	-	-	G
C40436408      none	B	[$(S(=O)(=O)):1][NX3H1:2]!@[CX4H2:3][!#1:4]	180	9.01288	-	-	-	-	G
C40436408      none	B	[a:1][c:2]!@[CX4H2:3][!#1:4]	45.3188	2.0463	-	-	-	-	O
C39231570      none	-	-	-	-	-	-	-	-	-
C62828577      none	B	[$([C](=O)):1][NX3:2]!@[a:3](s)[a:4]	-179.74	61.7021	-	-	-	-	G
C62828577      none	B	[O:1]=[C:2]([O-])!@[c:3]([cH0])[cH0:4]	-179.775	20	-	-	-	-	G
C62828577      none	B	[O:1]=[CX3:2]!@[NX3H1:3][!#1:4]	-60.0053	0	-	-	-	-	R
C62828577      none	B	[O:1]=[CX3:2]!@[NX3H0:3][!#1:4]	0.30735	25.0866	-	-	-	-	G
C62828577      none	B	[OX2:1][CX4:2]!@[CX4:3][N:4]	40.0014	1.66292	-	-	-	-	G
C40382059      none	B	[cH1:1][c:2]([cH1])!@[C:3]([NH1,NH2])=[O:4]	26.9988	8.08167	-	-	-	-	G
C40382059      none	B	[O:1]=[CX3:2]!@[NX3H1:3][!#1:4]	-0.000413662	63.7893	-	-	-	-	G
C40382059      none	B	[$(C=O):1][NX3:2]!@[a:3]([nX2H0])[cH0:4]	-119.678	1.85185	-	-	-	-	G
C40382059      none	B	[aH0:1][c:2]([aH1])!@[SX4:3][!#1:4]	179.998	1.4531	-	-	-	-	G
C48768299      none	B	[O:1]=[C:2]([N])!@[O:3]~[C:4]	0.000478647	57.729	-	-	-	-	G
C48768299      none	B	[O:1]=[CX3:2]!@[NX3H0:3][!#1:4]	-179.727	18.2537	-	-	-	-	G
C48768299      none	B	[O:1]=[CX3:2]!@[NX3H0:3][!#1:4]	-29.9996	0.692521	-	-	-	-	O
C48768299      none	B	[O:1]=[CX3:2]!@[NX3H1:3][!#1:4]	0.00261724	63.7893	-	-	-	-	G
C48768299      none	B	[$(C=O):1][NX3H1:2]!@[c:3](s)[n:4]	0.320724	0.574713	-	-	-	-	R
C40324486      none	B	[!#1:1][CH2:2]!@[n:3][a:4]	90.0015	13.2097	-	-	-	-	G
C40324486      none	B	[!#1:1][CX4H2:2]!@[CX3:3]=[O:4]	60.0003	1.20812	-	-	-	-	G
C40324486      none	B	[O:1]=[CX3:2]!@[NX3H0:3][!#1:4]	29.9908	0.680979	-	-	-	-	O
C40324486      none	B	[$([CX3]=O):1][NX3H0:2](C)!@[CX4H2:3][C:4]	60.0032	0.600343	-	-	-	-	O
C40324486      none	B	[$(C=O):1][NX3H0:2]!@[CX4H1:3][H:4]	-0.00694189	15.8824	-	-	-	-	G
C40324486      none	B	[OX2:1][CX4H2:2]!@[CX4H2:3][N:4]	59.9975	17.6955	-	-	-	-	G
C39098525      none	B	[O:1]=[C:2]!@[O:3]~[C:4]	-0.00466586	74.4927	-	-	-	-	G
C39098525      none	B	[O:1]=[C:2]!@[O:3]~[C:4]	0.00144073	74.4927	-	-	-	-	G
C39098525      none	B	[$(C=O):1][O:2]!@[CH2:3]~[C:4]	89.996	4.53893	-	-	-	-	G
C39098525      none	B	[OX2:1][CX4:2]!@[CX4:3][OX2:4]	60.0194	14.3222	-	-	-	-	G
C44776276      none	B	[C:1][$(S(=O)=O):2]!@[NX3H1:3][C:4]	-59.9947	10.2041	-	-	-	-	G
C44776276      none	B	[$(S(=O)(=O)):1][NX3H1:2]!@[CX4H2:3][!#1:4]	179.999	9.01288	-	-	-	-	G
C44776276      none	B	[!#1:1][CX4H2:2]!@[CX4H2:3][!#1:4]	60.0008	3.99483	-	-	-	-	G
C44776276      none	B	[$([CX3]=O):1][NX3H1:2]!@[CX4H2:3][C:4] 	89.9955	7.35439	-	-	-	-	G
C44776276      none	B	[O:1]=[CX3:2]!@[NX3H1:3][!#1:4]	0.00329679	63.7893	-	-	-	-	G
C44776276      none	B	[C:1][CX4:2]!@[CX3:3]=[O:4]	119.553	3.75937	-	-	-	-	G
C44776276      none	B	[!#1:1][CX4:2]!@[CX3H0:3][!#1:4]	-150	2.58987	-	-	-	-	G
C59293852      none	B	[O:1]=[C:2]!@[O:3]~[C:4]	-0.0102245	74.4927	-	-	-	-	G
C59293852      none	B	[*^2:1]~[C^2:2]([!H])!@[C^2:3]~[*^2:4]	120.271	0.806964	-	-	-	-	G
C59293852      none	B	[!#1:1][CX4:2]!@[CX4:3][!#1:4]	-59.9985	12.2558	-	-	-	-	G
C59293852      none	B	[cH0:1][c:2]!@[CX4H1:3][CX3:4]	-60.2754	5.15222	-	-	-	-	G
C59293852      none	B	[C:1][CX4H2:2]!@[CX3:3]=[O:4]	-119.995	0.79457	-	-	-	-	O
C55174489      none	B	[a:1][c:2]!@[C:3]([NH0])=[O:4]	120.001	4.19444	-	-	-	-	G
C55174489      none	B	[O:1]=[CX3:2](a)!@[NX3H0:3][!#1:4]	150.282	2.50464	-	-	-	-	G
C55174489      none	B	[O:1]=[CX3:2]!@[NX3H0:3][!#1:4]	0.00593993	25.0866	-	-	-	-	G
C55174489      none	B	[O:1]=[C:2]([N])!@[O:3]~[C:4]	-0.00589468	57.729	-	-	-	-	G
C16479380      none	B	[O:1][CX4:2]!@[CX3:3]=[O:4]	30.6169	2.80888	-	-	-	-	G
C16479380      none	B	[O:1]=[CX3:2]!@[NX3H1:3][!#1:4]	-0.00624716	63.7893	-	-	-	-	G
C16479380      none	B	[*:1]~[NX3:2]!@[NX3:3]~[*:4]	180	7.3164	-	-	-	-	G
C16479380      none	B	[O:1]=[CX3:2]!@[NX3H1:3][!#1:4]	0.00278522	63.7893	-	-	-	-	G
C16479380      none	B	[C:1][CX4:2]!@[CX3:3]=[O:4]	149.175	1.17362	-	-	-	-	G
C16479380      none	B	[O:1]=[C:2]([O-])!@[CX4H1:3][H:4]	89.9993	0.86741	-	-	-	-	O
C39556130      none	B	[$(C=O):1][NX3H1:2]!@[CX4H1:3][H:4]	-32.0034	6.97413	-	-	-	-	G
C39556130      none	B	[O:1]=[CX3:2]!@[NX3H1:3][!#1:4]	0.00467471	63.7893	-	-	-	-	G
C39556130      none	B	[!#1:1][CX4H2:2]!@[CX3:3]=[O:4]	59.9895	1.20812	-	-	-	-	O
C39556130      none	B	[!#1:1][CX4:2]!@[SX2:3][!#1:4]	60	7.53739	-	-	-	-	G
C39556130      none	B	[!#1:1][CX4:2]!@[SX2:3][!#1:4]	-78.9034	6.01214	-	-	-	-	G
C39556130      none	B	[$([CX3]=O):1][NX3H0:2](C)!@[CX4H2:3][C:4]	121.454	2.74443	-	-	-	-	O
C39556130      none	B	[!#1:1][CX4H2:2]!@[CX4H2:3][!#1:4]	-60.008	3.77933	-	-	-	-	G
C39556130      none	B	[C:1][CX4H2:2]!@[CX3:3]=[O:4]	-90.0002	1.15875	-	-	-	-	O
C43741837      none	B	[*:1]~[NX2:2]!@[OX2:3]~[*:4]	119.996	0.138217	-	-	-	-	R
C43741837      none	B	[C:1][CX4H2:2]!@[OX2:3][!#1:4]	-160.005	4.83061	-	-	-	-	G
C43741837      none	B	[O:1][CX4:2]!@[CX3:3]=[O:4]	0.00155764	13.789	-	-	-	-	G
C43741837      none	B	[O:1]=[CX3:2]!@[NX3H0:3][!#1:4]	-179.688	18.2537	-	-	-	-	G
C43741837      none	B	[O:1]=[C:2]([O-])!@[CX4H1:3][H:4]	0.00444197	0.495663	-	-	-	-	O
C51393976      none	B	[aH1:1][c:2]([aH0])!@[SX2:3][!#1:4]	90.001	1.8677	-	-	-	-	G
C51393976      none	B	[!#1:1][CX4:2]!@[SX2:3][!#1:4]	89.9994	2.8728	-	-	-	-	G
C51393976      none	B	[!#1:1][CX4:2]!@[CX4:3][!#1:4]	163.492	1.81259	-	-	-	-	G
C51393976      none	B	[O:1]=[C:2]([O-])!@[CX4H1:3][H:4]	90.0002	0.86741	-	-	-	-	O
C13659582      none	B	[cH1:1][c:2]!@[c:3]([cH1])[nX2H0:4]	-150.011	1.79995	-	-	-	-	G
C13659582      none	B	[O-:1][N+:2](=O)!@[c:3]([cH,nX2H0])[cH,nX2H0:4]	179.999	23.2156	-	-	-	-	G
C13659582      none	B	[a:1][a:2]!@[CX3:3]=[CX3H1:4]	-120.001	1.01669	-	-	-	-	O
C13659582      none	B	[*:1]~[CX3:2]!@[NX3:3]~[*:4]	180	27.0317	-	-	-	-	G
C13659582      none	B	[a:1][a:2]!@[NX3:3][!#1:4]	-149.723	1.91104	-	-	-	-	O
C13659582      none	B	[aH1:1][c:2]([aH1])!@[SX4:3][!#1:4]	-89.9995	12.5987	-	-	-	-	G
C13659582      none	B	[c:1][S:2](=O)(=O)!@[NX2H0-:3]-[*:4]	59.9987	8.33333	-	-	-	-	G
C13659582      none	B	[$(S(=O)(=O)):1][N:2]!@[c:3][a:4]	0.00190276	3.75977	-	-	-	-	G
C20258631      none	B	[nH0r6:1][cr6:2]([cH1r6])!@[C:3]([NH1,NH2])=[O:4]	179.974	49.7238	-	-	-	-	G
C20258631      none	B	[O:1]=[CX3:2]!@[NX3H1:3][!#1:4]	0.00317373	63.7893	-	-	-	-	G
C20258631      none	B	[$([CX3]=O):1][NX3H1:2]!@[CX4H2:3][C:4] 	179.998	6.46594	-	-	-	-	G
C20258631      none	B	[!#1:1][CX4H2:2]!@[CX4H2:3][!#1:4]	180	58.554	-	-	-	-	G
C20258631      none	B	[!#1:1][CX4H2:2]!@[CX4H2:3][!#1:4]	60.0018	3.99483	-	-	-	-	G
C20258631      none	B	[C:1][CX4H2:2]!@[CX3:3]=[O:4]	120.005	0.695249	-	-	-	-	O
C14274397      none	B	[cH0:1][c:2]([cH,nX2H0])!@[NX3H0:3][CX4:4]	120.264	2.29463	-	-	-	-	O
C14274397      none	B	[O-:1][N+:2](=O)!@[c:3]([cH0])[cH,nX2H0:4]	89.9698	0.274725	-	-	-	-	O
C14274397      none	B	[cH1:1][c:2]([cH1])!@[C:3]([NH1,NH2])=[O:4]	-90.0054	0	-	-	-	-	R
C14274397      none	B	[O:1]=[CX3:2]!@[NX3H1:3][!#1:4]	-0.00730684	63.7893	-	-	-	-	G
C14274397      none	B	[$(C=O):1][NX3H1:2]!@[CX3:3]=[*H0:4]	179.996	33.8082	-	-	-	-	G
C14274397      none	B	[!#1:1][CX3:2](=S)!@[NX3H1:3][!#1:4]	180	37.0618	-	-	-	-	G
C14274397      none	B	[a:1][a:2]!@[NX3:3][!#1:4]	120.302	1.62057	-	-	-	-	O
C14274397      none	B	[cH0:1][c:2]([cH,nX2H0])!@[NX3H0:3][CX4:4]	60.4075	3.25838	-	-	-	-	G
C13274925      none	B	[*:1][$(S(=O)=O):2]!@[NX3H0r:3][*:4]	90.284	4.85782	-	-	-	-	G
C13274925      none	B	[cH0:1][c:2]([cH,nX2H0])!@[NX3H0:3][CX4:4]	-90.2906	1.8357	-	-	-	-	O
C13274925      none	B	[aH1:1][c:2]([aH1])!@[SX4:3][!#1:4]	-89.9991	12.5987	-	-	-	-	G
C13274925      none	B	[O-:1][N+:2](=O)!@[c:3]([cH0])[cH,nX2H0:4]	90.2754	0.274725	-	-	-	-	O
C13274925      none	B	[c:1][$(S(=O)=O):2]!@[NX3H1:3][c:4]	-60.0058	22.2603	-	-	-	-	G
C13274925      none	B	[$(S(=O)(=O)):1][NH1:2]!@[c:3]([cH1])[cH1:4]	-59.9932	3.81356	-	-	-	-	G
C13274925      none	B	[O:1]=[C:2]([O-])!@[c:3]([cH1])[cH1:4]	-179.75	7.35294	-	-	-	-	G
C13414647      none	B	[$(C=O):1][NX3H1:2]!@[c:3]([cH0]Cl)[cH:4]	-60.0187	1.88679	-	-	-	-	R
C13414647      none	B	[aH1:1][c:2]([aH1])!@[SX4:3][!#1:4]	-30.0019	0.190355	-	-	-	-	R
C13414647      none	B	[*:1][$(S(=O)=O):2]!@[NX3H0r:3][*:4]	120.29	1.23223	-	-	-	-	O
C13414647      none	B	[O:1]=[CX3:2]!@[NX3H1:3][!#1:4]	-0.00821024	63.7893	-	-	-	-	G
C13414647      none	B	[!#1:1][CX4H2:2]!@[CX3:3]=[O:4]	30.0101	3.68098	-	-	-	-	O
C13414647      none	B	[!#1:1][CX4:2]!@[SX2:3][!#1:4]	59.9977	7.53739	-	-	-	-	G
C13414647      none	B	[aH0:1][c:2]([aH0])!@[SX2:3][!#1:4]	-0.00312409	13.1253	-	-	-	-	G
C13414647      none	B	[a:1][c:2]!@[CX4H2:3][CX3:4]	-89.9825	7.62274	-	-	-	-	G
C13414647      none	B	[c:1][CX4H2:2]!@[CX3:3]=[O:4]	120.007	1.4245	-	-	-	-	O
C62912810      none	B	[a:1][c:2]!@[C:3]([NH0])=[O:4]	149.997	1.44444	-	-	-	-	G
C62912810      none	B	[O-:1][N+:2](=O)!@[c:3]([cH0])[cH,nX2H0:4]	90.2522	0.274725	-	-	-	-	O
C62912810      none	B	[O:1]=[CX3:2](a)!@[NX3H0:3][!#1:4]	150.313	2.50464	-	-	-	-	G
C62912810      none	B	[C:1][CX4:2]!@[CX3:3]=[O:4]	89.9976	3.65147	-	-	-	-	G
C40095489      none	B	[cH1:1][c:2]([cH1])!@[CX3:3]([CX3H0])=[O:4]	149.995	3.34699	-	-	-	-	G
C40095489      none	B	[*^2:1]~[C^2:2]([!H])!@[C^2:3]~[*^2:4]	150.318	1.21045	-	-	-	-	G
C40095489      none	B	[$([CX3]=O):1][NX3H0:2](C)!@[CX4H2:3][C:4]	-89.9997	15.9949	-	-	-	-	G
C40095489      none	B	[a:1][c:2]!@[CX4H1:3][N,O:4]	26.8322	3.56196	-	-	-	-	G
C40095489      none	B	[OX2:1][CX4H2:2]!@[CX4H2:3][Nr:4]	-60.0037	16.6667	-	-	-	-	G
C00166749      none	B	[nX2H0:1][c:2]!@[C:3](=[N:4])(-[NH1,NH2])	-89.9962	0	-	-	-	-	R
C62962322      none	B	[O-:1][N+:2](=O)!@[c:3]([cH0])[cH,nX2H0:4]	-0.00616433	12.6374	-	-	-	-	G
C62962322      none	B	[*:1]~[CX4:2]!@[n:3]~[*:4]	0.000301339	3.06862	-	-	-	-	G
C43503852      none	B	[$([cH0](=O)):1][c:2]([cH1])!@[CX3:3]([NX3H1,NX3H2])=[O:4]	119.975	0	-	-	-	-	R
C43503852      none	B	[O:1]=[CX3:2]!@[NX3H1:3][!#1:4]	-0.000966718	63.7893	-	-	-	-	G
C43503852      none	B	[$(C=O):1][NX3H1:2]!@[CX4H0:3][C:4]	-179.53	11.3993	-	-	-	-	G
C43503852      none	B	[NH1:1][CX4:2]!@[CX3:3]=[O:4]	0.00667142	6.89233	-	-	-	-	G
C50631485      none	B	[aH1:1][c:2]([aH1])!@[SX4:3][!#1:4]	-30.0022	0.190355	-	-	-	-	R
C50631485      none	B	[*:1][$(S(=O)=O):2]!@[NX3H0r:3][*:4]	90.2768	4.85782	-	-	-	-	G
C50631485      none	B	[CX4:1][CX4H2:2]!@[NX3;"N_lp":3][CX4:4]	-79.9987	8.1206	-	-	-	-	G
C50631485      none	B	[OX2:1][CX4H2:2]!@[CX4H2:3][Nr:4]	-60.0018	16.6667	-	-	-	-	G
C39680045      none	B	[O:1]=[C:2]([O-])!@[c:3]([cH0])[cH0:4]	-90.021	0	-	-	-	-	G
C39680045      none	B	[a:1][c:2]!@[CX4H2:3][!#1:4]	-44.9994	1.62815	-	-	-	-	O
C39680045      none	B	[!#1:1][CX4:2]!@[SX2:3][!#1:4]	-59.9986	7.13757	-	-	-	-	G
C39680045      none	B	[!#1:1][CX4:2]!@[SX2:3][!#1:4]	77.8072	6.41197	-	-	-	-	G
C36268631      none	B	[cH0:1][c:2]([cH,nX2H0])!@[NX3H0:3][CX4:4]	90.3053	2.06517	-	-	-	-	O
C42275027      none	B	[C:1][CX4:2]!@[CX3:3]=[O:4]	-149.873	1.18876	-	-	-	-	G
C42275027      none	B	[O:1]=[CX3:2]!@[NX3H0:3][!#1:4]	-30.0035	0.692521	-	-	-	-	O
C42275027      none	B	[O:1]=[CX3:2]!@[NX3H0:3][!#1:4]	-29.9959	0.692521	-	-	-	-	O
C42275027      none	B	[$([CX3]=O):1][NX3H0:2](C)!@[CX4H2:3][C:4]	-89.9986	15.9949	-	-	-	-	G
C42275027      none	B	[$(C=O):1][NX3H0:2]!@[CX4H1:3][H:4]	94.3299	0.168067	-	-	-	-	R
C42275027      none	B	[N:1][CX4:2]!@[CX3:3]=[O:4]	120.003	0.766617	-	-	-	-	G
C59288754      none	B	[cH1,nX2H0:1][c:2]([cH1,nX2H0])!@[NX3r:3][*:4]	120.283	2.56328	-	-	-	-	O
C59288754      none	B	[O:1]=[CX3:2](a)!@[NX3H0:3][!#1:4]	30.0075	0.896722	-	-	-	-	O
C59288754      none	B	[cH0:1][c:2]([cH1])!@[CX3:3]([NX3H0])=[O:4]	60.0083	6.54545	-	-	-	-	G
C59288754      none	B	[$(S(=O)(=O)):1][NH0:2]!@[c:3]([cH1])[cH0:4]	90.0039	13.1148	-	-	-	-	G
C59288754      none	B	[c:1][S:2](=O)(=O)!@[NX2H0-:3]-[*:4]	60.0005	8.33333	-	-	-	-	G
C59288754      none	B	[aH1:1][c:2]([aH1])!@[SX4:3][!#1:4]	-89.7342	12.5987	-	-	-	-	G
C59288754      none	B	[O-:1][N+:2](=O)!@[c:3]([cH,nX2H0])[cH,nX2H0:4]	179.966	23.2156	-	-	-	-	G
C36972271      none	B	[a:1][c:2]!@[CX4H2:3][CX3:4]	-149.996	0.689061	-	-	-	-	R
C36972271      none	B	[c:1][CX4H2:2]!@[CX3:3]=[O:4]	59.9903	1.9943	-	-	-	-	G
C36972271      none	B	[O:1]=[CX3:2]!@[NX3H1:3][!#1:4]	0.00381141	63.7893	-	-	-	-	G
C36972271      none	B	[$(C=O):1][NX3H1:2]!@[CX4H1:3][H:4]	0.000790369	8.26772	-	-	-	-	G
C36972271      none	B	[OX2:1][CX4:2]!@[CX4:3][N:4]	40.001	1.66292	-	-	-	-	G
C36972271      none	B	[O:1]=[C:2]([O-])!@[CX4H1:3][H:4]	-0.010421	0.495663	-	-	-	-	O
C47466246      none	B	[!#1:1][CH2:2]!@[n:3][cH0:4]	-134.999	0.892478	-	-	-	-	R
C47466246      none	B	[!#1:1][CX4H2:2]!@[CX3:3]=[O:4]	180	2.94479	-	-	-	-	G
C47466246      none	B	[O:1]=[CX3:2]!@[NX3H1:3][!#1:4]	-0.00596882	63.7893	-	-	-	-	G
C47466246      none	B	[*:1]~[NX3:2]!@[NX3:3]~[*:4]	90.0048	3.54776	-	-	-	-	G
C47466246      none	B	[O:1]=[CX3:2]!@[NX3H1:3][!#1:4]	-0.00337504	63.7893	-	-	-	-	G
C47466246      none	B	[*^2:1]~[C^2:2]([!H])!@[C^2:3]~[*^2:4]	0.26667	20.0453	-	-	-	-	G
C06047617      none	B	[$(C=O):1][NX3:2]!@[a:3][aH0:4]	-150.027	1.98526	-	-	-	-	O
C06047617      none	B	[O-:1][N+:2](=O)!@[c:3]([cH0])[cH,nX2H0:4]	0.262967	12.6374	-	-	-	-	G
C06047617      none	B	[O:1]=[CX3:2]!@[NX3H1:3][!#1:4]	-0.000815106	63.7893	-	-	-	-	G
C06047617      none	B	[O:1]=[CX3:2]([NH1])!@[CH2:3][C:4]	-150.006	0	-	-	-	-	R
C06047617      none	B	[!#1:1][CX4:2]!@[CX4:3][!#1:4]	179.761	22.1548	-	-	-	-	G
C06047617      none	B	[O:1]=[C:2]([O-])!@[CX4H1:3][H:4]	0.00235618	0.495663	-	-	-	-	O
C42470472      none	B	[*:1][$(S(=O)=O):2]!@[NX3H0r:3][*:4]	-59.9994	8.17536	-	-	-	-	G
C42470472      none	B	[!#1:1][CX4:2]!@[SX4:3][!#1:4]	-80.0024	3.11579	-	-	-	-	G
C42470472      none	B	[!#1:1][CX4H2:2]!@[CX4H2:3][!#1:4]	180	58.554	-	-	-	-	G
C09970042      none	B	[O:1]=[C:2]([O-])!@[c:3]([cH0])[cH0:4]	-90.0179	0	-	-	-	-	G
C09970042      none	B	[aH1:1][c:2]([aH1])!@[SX4:3][!#1:4]	-69.995	5.44275	-	-	-	-	G
C09970042      none	B	[*:1][$(S(=O)=O):2]!@[NX3H0r:3][*:4]	-59.724	8.17536	-	-	-	-	O
C09970042      none	B	[C:1][CX4:2]!@[CX3:3]=[O:4]	29.9386	3.28614	-	-	-	-	G
C09970042      none	B	[O:1]=[CX3:2]!@[NX3H1:3][!#1:4]	-0.00164146	63.7893	-	-	-	-	G
C09970042      none	B	[$(C=O):1][NX3H1:2]!@[CX4H2:3][!#1:4]	-150.002	1.65159	-	-	-	-	G
C09970042      none	B	[a:1][c:2]!@[CX4H2:3][!#1:4]	-179.67	2.35335	-	-	-	-	O
C39097612      none	B	[n,o,s:1][c:2]!@[CX4H2:3][CX4:4]	89.9969	4.03889	-	-	-	-	G
C39097612      none	B	[a:1][c:2]!@[CX4H1:3][N,O:4]	-178.739	1.64318	-	-	-	-	G
C39870509      none	B	[!#1:1][CX4:2]!@[CX4:3][!#1:4]	59.9982	12.3771	-	-	-	-	G
C39870509      none	B	[*:1]~[CX4:2]!@[n:3]~[*:4]	120	3.12393	-	-	-	-	G
C39870509      none	B	[*:1]~[cX3:2]!@[NX2:3]~[*:4]	-89.9968	2.13435	-	-	-	-	O
C39870509      none	B	[*:1]~[cX3:2]!@[NX2:3]~[*:4]	-89.7236	2.13435	-	-	-	-	O
C39870509      none	B	[O-:1][N+:2](=O)!@[c:3]([cH,nX2H0])[cH,nX2H0:4]	-179.93	23.2156	-	-	-	-	G
C03391696      none	B	[cH0:1][c:2]([cH,nX2H0])!@[NX3H0:3][CX4:4]	90.2527	2.06517	-	-	-	-	O
C03391696      none	B	[O:1]=[C:2]([O-])!@[CX4H1:3][H:4]	89.9933	0.86741	-	-	-	-	O
C63011105      none	B	[a:1][c:2]!@[C:3]([NH0])=[O:4]	-29.9999	2.55556	-	-	-	-	G
C63011105      none	B	[O:1]=[CX3:2](a)!@[NX3H0:3][!#1:4]	150.317	2.50464	-	-	-	-	G
C63011105      none	B	[O:1]=[C:2]([O-])!@[CX4H1:3][H:4]	0.0070873	0.495663	-	-	-	-	O
C13401427      none	B	[cH1:1][c:2]([cH1])!@[O:3][C:4]	0.00550708	26.3009	-	-	-	-	G
C13401427      none	B	[a:1][c:2]!@[C:3]([NH0])=[O:4]	-59.9845	3.63889	-	-	-	-	G
C13401427      none	B	[O:1]=[CX3:2](a)!@[NX3H0:3][!#1:4]	-29.7323	1.17502	-	-	-	-	O
C13401427      none	B	[*:1][$(S(=O)=O):2]!@[NX3H0r:3][*:4]	89.9984	4.85782	-	-	-	-	G
C13401427      none	B	[aH0:1][c:2]([aH1])!@[SX4:3][!#1:4]	69.6801	11.3606	-	-	-	-	G
C13401427      none	B	[O:1]=[C:2]([O-])!@[c:3]([cH1])[cH1:4]	179.969	7.35294	-	-	-	-	G
C13401427      none	B	[c:1][CX4H2:2]!@[OX2:3][c:4]	179.998	39.7757	-	-	-	-	G
C13401427      none	B	[a:1][c:2]!@[CX4H2:3][!#1:4]	-179.717	2.35335	-	-	-	-	O
C38653456      none	B	[a:1][a:2]!@[CX3:3]=[CX3H1:4]	120.26	1.12887	-	-	-	-	O
C63079304      none	B	[!#1:1][CH2:2]!@[n:3][cH0:4]	-89.9988	15.4696	-	-	-	-	G
C63079304      none	B	[a:1][c:2]!@[CX4H2:3][a:4]	-134.732	2.23684	-	-	-	-	O
C35383806      none	B	[O:1]=[CX3:2]!@[NX3H0:3][!#1:4]	-29.7098	0.692521	-	-	-	-	O
C35383806      none	B	[C:1][CX4:2]!@[CX3:3]=[O:4]	-30.1179	3.42621	-	-	-	-	G
C35383806      none	B	[O:1]=[CX3:2]!@[NX3H1:3][!#1:4]	0.00676917	63.7893	-	-	-	-	G
C35383806      none	B	[$([CX3]=O):1][NX3H1:2]!@[CX4H2:3][C:4] 	119.999	2.76407	-	-	-	-	O
C35383806      none	B	N[C:2](=[O:1])!@[CH2:3][N:4]	119.996	0.595238	-	-	-	-	G
C35383806      none	B	[O:1]=[CX3:2]!@[NX3H1:3][!#1:4]	0.000918491	63.7893	-	-	-	-	G
C35383806      none	B	[$([CX3]=O):1][NX3H1:2]!@[CX4H2:3][C:4] 	179.998	6.46594	-	-	-	-	G
C35383806      none	B	[NH1:1][CX4:2]!@[CX3:3]=[O:4]	119.991	0.41354	-	-	-	-	G
C65194410      none	B	[n,o,s:1][c:2]!@[CX4H2:3][CX4:4]	-89.6857	5.3104	-	-	-	-	G
C65194410      none	B	[a:1][c:2]!@[CX3:3]=[CX3H0:4]	-89.6687	1.59557	-	-	-	-	G
C65194410      none	B	[H:1][CX4H1:2]!@[SX4:3][!#1:4]	-55.5782	12.2108	-	-	-	-	G
C65194410      none	B	[*:1]~[N,n:2]!@[S:3]~[*:4]	59.9953	4.33354	-	-	-	-	G
C65194410      none	B	[$(S(=O)(=O)):1][NH0:2]!@[c:3]([cH1])[cH1:4]	-120.272	1.65289	-	-	-	-	G
C65194410      none	B	[cH1:1][c:2]([cH1])!@[CX3:3]=[O:4]	180	13.4921	-	-	-	-	G
C65194410      none	B	[O:1]=[C:2]!@[O:3]~[C:4]	0.00314908	74.4927	-	-	-	-	G
C47451051      none	B	[nH0r6:1][cr6:2]([cH1r6])!@[C:3]([NH1,NH2])=[O:4]	-59.7784	0	-	-	-	-	R
C47451051      none	B	[O:1]=[CX3:2]!@[NX3H1:3][!#1:4]	0.00103995	63.7893	-	-	-	-	G
C47451051      none	B	[*:1]~[NX3:2]!@[NX3:3]~[*:4]	180	7.3164	-	-	-	-	G
C47451051      none	B	[O:1]=[CX3:2]!@[NX3H1:3][!#1:4]	-0.00408446	63.7893	-	-	-	-	G
C47451051      none	B	[C:1][CX4:2]!@[CX3:3]=[O:4]	85.8122	3.65147	-	-	-	-	G
C54104493      none	B	[O:1]=[CX3:2]!@[NX3H1:3][!#1:4]	0.00229804	63.7893	-	-	-	-	G
C54104493      none	B	[$(C=O):1][NX3H1:2]!@[CX4H1:3][H:4]	-29.9993	6.97413	-	-	-	-	G
C40385415      none	B	[aH1:1][c:2]([aH1])!@[SX4:3][!#1:4]	89.9951	12.916	-	-	-	-	G
C40385415      none	B	[$(S(=O)(=O)):1][NH1:2]!@[c:3]([cH1])[cH0:4]	-89.9994	3.42205	-	-	-	-	G
C40385415      none	B	[*:1][$(S(=O)=O):2]!@[NX3H1:3][*:4]	-89.9888	4.38465	-	-	-	-	G
C40385415      none	B	[*:1][$(S(=O)=O):2]!@[NX3H0r:3][*:4]	-59.731	8.17536	-	-	-	-	O
C49417819      none	B	[H:1][CX4H1:2]!@[SX4:3][!#1:4]	-32.2602	2.9563	-	-	-	-	O
C49417819      none	B	[*:1]~[N,n:2]!@[S:3]~[*:4]	59.9978	4.33354	-	-	-	-	G
C49417819      none	B	[cH1:1][c:2]([cH1])!@[CX3:3]=[NX2:4]	-89.694	0.478755	-	-	-	-	O
C43165072      none	B	[$(C=O):1][NX3H1:2]!@[CX4H1:3][H:4]	-29.8438	6.97413	-	-	-	-	G
C43165072      none	B	[O:1]=[CX3:2]!@[NX3H1:3][!#1:4]	0.0056733	63.7893	-	-	-	-	G
C43165072      none	B	[O:1]=[CX3:2]!@[NX3H0:3][!#1:4]	-29.7293	0.692521	-	-	-	-	O
C10128022      none	B	[OX2:1][CX4:2]!@[CX4:3][OX2:4]	39.9807	0.511128	-	-	-	-	O
C10128022      none	B	[$(C=O):1][NX3H1:2]!@[CX4H1:3][H:4]	30.0026	9.46757	-	-	-	-	G
C10128022      none	B	[O:1]=[CX3:2]!@[NX3H1:3][!#1:4]	-0.00561085	63.7893	-	-	-	-	G
C10128022      none	B	[!#1:1][CX4H2:2]!@[CX3:3]=[O:4]	60.0112	1.20812	-	-	-	-	G
C33519804      none	B	[!#1:1][CX4:2]!@[CX4:3][!#1:4]	-60.0078	12.2558	-	-	-	-	G
C33519804      none	B	[O:1]=[C:2]([O-])!@[CX4H1:3][H:4]	0.00738488	0.495663	-	-	-	-	O
C33519804      none	B	[$(C=O):1][NX3H1:2]!@[CX4H1:3][H:4]	-30.0028	6.97413	-	-	-	-	G
C33519804      none	B	[O:1]=[CX3:2]!@[NX3H1:3][!#1:4]	0.000694976	63.7893	-	-	-	-	G
C33519804      none	B	[$([c]([NH1,NH2])):1][c:2]!@[CX3:3]([!O])=[O:4]	59.9939	0.552486	-	-	-	-	R
C33519804      none	B	[$([C](=O)):1][NX3:2]!@[a:3](s)[a:4]	179.999	61.7021	-	-	-	-	G
C33519804      none	B	[O:1]=[CX3:2]!@[NX3H1:3][!#1:4]	0.00142117	63.7893	-	-	-	-	G
C33519804      none	B	[O:1]=[CX3:2]([NH1])!@[CH2:3][C:4]	89.9979	2.11706	-	-	-	-	O
C38020068      none	B	[!#1:1][CX4H2:2]!@[CX4H2:3][!#1:4]	180	58.554	-	-	-	-	G
C38020068      none	B	[$([CX3]=O):1][NX3H0:2](C)!@[CX4H2:3][C:4]	-120.001	2.31561	-	-	-	-	O
C38020068      none	B	[$([CX3]=O):1][NX3H0:2](C)!@[CX4H2:3][C:4]	90.0106	14.7513	-	-	-	-	G
C38020068      none	B	[O:1]=[CX3:2](a)!@[NX3H0:3][!#1:4]	-149.997	2.19542	-	-	-	-	G
C38020068      none	B	[N:1][CX4:2]!@[CX3:3]=[O:4]	120.009	0.766617	-	-	-	-	G
C38020068      none	B	[a:1][c:2]!@[C:3]([NH0])=[O:4]	-119.687	3.91667	-	-	-	-	G
C38020068      none	B	[aH1:1][c:2]([aH1])!@[SX4:3][!#1:4]	90.0054	12.916	-	-	-	-	G
C13513057      none	B	[C:1][CH2:2]!@[O:3][CX4:4]	60.0057	0.263939	-	-	-	-	O
C13513057      none	B	[H:1][CX4H1:2]!@[O:3][CX4:4]	39.9979	11.9906	-	-	-	-	G
C13513057      none	B	[$(C=O):1][NX3H1:2]!@[CX4H1:3][H:4]	30.0047	9.46757	-	-	-	-	G
C13513057      none	B	[OX2:1][CX4:2]!@[CX4:3][OX2:4]	-60.0439	16.2177	-	-	-	-	G
C13513057      none	B	[O:1]=[CX3:2]!@[NX3H1:3][!#1:4]	-0.00422435	63.7893	-	-	-	-	G
C03983897      none	B	[cH0:1][c:2]!@[CX4H2:3][CX4:4]	-89.9983	18.481	-	-	-	-	G
C03983897      none	B	[c:1][c:2]!@[c:3][$(c!@c):4]	-59.9894	5.93207	-	-	-	-	G
C03983897      none	B	[cH0:1][c:2]([cH1])!@[O:3][C:4]	-90.0017	0.64732	-	-	-	-	R
C03983897      none	B	[C:1][CX4H2:2]!@[OX2:3][c:4]	-89.9972	0.86334	-	-	-	-	G
C03983897      none	B	[O:1][CX4:2]!@[CX3:3]=[O:4]	-90.0045	0.491063	-	-	-	-	O
C03983897      none	B	[c:1][c:2]!@[c:3][$(c!@c):4]	150.276	2.30083	-	-	-	-	G
C39482783      none	B	[H:1][CX4H1:2]!@[SX4:3][!#1:4]	-52.2598	11.8252	-	-	-	-	G
C39482783      none	B	[*:1]~[*^3:2]!@[*^3:3]~[*:4]	-96.1343	0.325724	-	-	-	-	O
C39482783      none	B	[*:1]~[N,n:2]!@[S:3]~[*:4]	90.0039	2.07924	-	-	-	-	G
C39482783      none	B	[$(S(=O)(=O)):1][NH0:2]!@[c:3]([cH1])[cH0:4]	119.728	0	-	-	-	-	R
C39482783      none	B	[aH1:1][c:2]([aH1])!@[SX4:3][!#1:4]	90.0017	12.916	-	-	-	-	G
C39482783      none	B	[cH0:1][c:2]([cH,nX2H0])!@[NX3H0:3][CX4:4]	60.2854	3.25838	-	-	-	-	G
C39482783      none	B	[*:1]~[OX2:2]!@[SX4:3]~[*:4]	60.0021	3.04735	-	-	-	-	G
C39482783      none	B	[cH1:1][c:2]([cH1])!@[O:3][S:4]	89.9986	8.8	-	-	-	-	G
C20673851      none	B	[a:1][c:2]!@[CX4H1:3][a:4]	118.548	3.30125	-	-	-	-	G
C20673851      none	B	[a:1][a:2]!@[NX3:3][!#1:4]	-149.722	1.91104	-	-	-	-	O
C19480765      none	B	[a:1][ar6:2]!@[ar5:3][a:4]	-179.73	7.27752	-	-	-	-	G
C19480765      none	B	[a:1][c:2]!@[C:3](=[N:4])	29.9916	1.60587	-	-	-	-	G
C40544748      none	B	[!#1:1][CX4:2]!@[SX2:3][!#1:4]	-79.9952	6.01214	-	-	-	-	G
C40544748      none	B	[!#1:1][CX4H2:2]!@[CX4H2:3][!#1:4]	180	58.554	-	-	-	-	G
C40544748      none	B	[!#1:1][CX4:2]!@[CX4:3][!#1:4]	59.9985	12.3771	-	-	-	-	G
C40544748      none	B	[O:1]=[C:2]([O-])!@[CX4H1:3][H:4]	0.00499151	0.495663	-	-	-	-	O
C40544748      none	B	[$(C=O):1][NX3H1:2]!@[CX4H1:3][H:4]	30.0022	9.46757	-	-	-	-	G
C40544748      none	B	[O:1]=[CX3:2]([$([NX3H1]C)])!@[NX3H1:3][!#1:4]	0.00339253	41.1343	-	-	-	-	G
C40544748      none	B	[O:1]=[CX3:2]([$([NX3H1]C)])!@[NX3H1:3][!#1:4]	179.998	9.5176	-	-	-	-	R
C40544748      none	B	[$(C=O):1][NX3:2]!@[a:3][aH0:4]	90.2708	3.35653	-	-	-	-	G
C62135958      none	B	[O:1]=[CX3:2](a)!@[NX3H0:3][!#1:4]	-0.00208917	23.6549	-	-	-	-	G
C62135958      none	B	[O:1]=[C:2]([O-])!@[CX4H1:3][H:4]	90	0.86741	-	-	-	-	O
C62135958      none	B	[a:1][c:2]!@[C:3]([NH0])=[O:4]	150.297	1.44444	-	-	-	-	G
C05847166      none	B	[!#1:1][CX4:2]!@[SX2:3][!#1:4]	-40.0017	0.858878	-	-	-	-	O
C05847166      none	B	[aH0:1][c:2]([aH0])!@[SX2:3][!#1:4]	-59.99	1.39247	-	-	-	-	G
C35237500      none	B	[NH1:1][CX4:2]!@[CX3:3]=[O:4]	150.002	9.89432	-	-	-	-	G
C35237500      none	B	[$(C=O):1][NX3H1:2]!@[CX4H1:3][H:4]	-59.9884	1.23735	-	-	-	-	G
C35237500      none	B	[O:1]=[CX3:2]!@[NX3H1:3][!#1:4]	0.00681792	63.7893	-	-	-	-	G
C35237500      none	B	[$(C=O):1][NX3H1:2]!@[c:3]([cH1])[cH1:4]	29.9944	5.05437	-	-	-	-	G
C35237500      none	B	[O:1]=[CX3:2]!@[NX3H1:3][!#1:4]	-0.00538553	63.7893	-	-	-	-	G
C62314491      none	B	[!#1:1][CX4:2]!@[SX4:3][!#1:4]	179.997	13.1368	-	-	-	-	G
C62314491      none	B	[aH0:1][c:2]([aH0])!@[SX4:3][!#1:4]	149.999	0.139665	-	-	-	-	R
C62314491      none	B	[!#1:1][CH2:2]!@[n:3][cH0:4]	-89.9967	15.4696	-	-	-	-	G
C62314491      none	B	[!#1:1][CX4:2]!@[CX4:3][!#1:4]	59.9991	12.3771	-	-	-	-	G
C62314491      none	B	[OX2:1][CX4:2]!@[CX4:3][OX2:4]	180	13.4277	-	-	-	-	G
C42119084      none	B	[$(C=O):1][NX3H0:2]!@[CX4H2:3][!#1:4]	-90.0254	14.1466	-	-	-	-	G
C42119084      none	B	N[C:2](=[O:1])!@[CH2:3][N:4]	0.0024491	9.82143	-	-	-	-	G
C42119084      none	B	[O:1]=[CX3:2]!@[NX3H1:3][!#1:4]	0.000783054	63.7893	-	-	-	-	G
C42119084      none	B	[$([CX3]=O):1][NX3H1:2]!@[CX4H2:3][C:4] 	120.001	2.76407	-	-	-	-	O
C42119084      none	B	[!#1:1][CX4H2:2]!@[CX4H2:3][!#1:4]	-59.9953	3.77933	-	-	-	-	G
C04937500      none	B	[C:1][CH2:2]!@[O:3][CX4:4]	-79.9999	1.18773	-	-	-	-	G
C04937500      none	B	[!#1:1][CX4:2]!@[CX3H0:3][!#1:4]	179.675	7.26386	-	-	-	-	G
C04937500      none	B	[a:1][c:2]!@[CX4H1:3][H:4]	-179.752	7.22227	-	-	-	-	G
C67383980      none	B	[cH0:1][c:2]!@[CX4H1:3][CX4:4]	-90.0286	3.91099	-	-	-	-	G
C67383980      none	B	[!#1:1][CX4H1:2]!@[NX3:3][!#1:4]	180	2.80076	-	-	-	-	G
C67383980      none	B	[cH0:1][c:2]([cH,nX2H0])!@[NX3H1:3][CX4:4]	-120.004	0	-	-	-	-	R
C67383980      none	B	[aH1:1][c:2]([aH1])!@[SX4:3][!#1:4]	-89.9966	12.5987	-	-	-	-	G
C67383980      none	B	[O-:1][N+:2](=O)!@[c:3]([cH0])[cH,nX2H0:4]	0.264899	12.6374	-	-	-	-	G
C37433763      none	B	[a:1][c:2]!@[CX4H2:3][CX3:4]	-90.0052	7.62274	-	-	-	-	G
C37433763      none	B	[$(C=O):1][NX3H1:2]!@[c:3](s)[n:4]	-0.00170991	0.574713	-	-	-	-	R
C37433763      none	B	[O:1]=[CX3:2]!@[NX3H1:3][!#1:4]	0.00440002	63.7893	-	-	-	-	G
C37433763      none	B	[C:1][CX4:2]!@[CX3:3]=[O:4]	-89.8787	3.45082	-	-	-	-	G
C37433763      none	B	[O:1]=[CX3:2]!@[NX3H0:3][!#1:4]	-149.998	1.37927	-	-	-	-	O
C37433763      none	B	[c:1][CX4H2:2]!@[CX3:3]=[O:4]	-119.991	0.712251	-	-	-	-	O
C19899369      none	B	[*:1]~[CX3:2]!@[NX3:3]~[*:4]	179.996	27.0317	-	-	-	-	G
C19899369      none	B	[C:1][CX4H2:2]!@[NX3:3][C:4]	-79.9993	9.24959	-	-	-	-	G
C19899369      none	B	[!#1:1][CX4H2:2]!@[CX4H2:3][!#1:4]	-59.9993	3.77933	-	-	-	-	G
C19899369      none	B	[n,o,s:1][c:2]!@[CX4H2:3][CX4:4]	-89.9913	5.3104	-	-	-	-	G
C36976978      none	B	[$([C](=O)):1][NX3:2]!@[a:3](s)[a:4]	179.986	61.7021	-	-	-	-	G
C36976978      none	B	[O:1]=[C:2]([O-])!@[c:3]([cH1])[$([cH0][NH1,NH2]):4]	89.9994	0	-	-	-	-	R
C36976978      none	B	[O:1]=[CX3:2]!@[NX3H1:3][!#1:4]	-0.0602295	63.7893	-	-	-	-	G
C36976978      none	B	[O:1]=[CX3:2]([NH1])!@[CH2:3][C:4]	-90.0037	1.868	-	-	-	-	O
C36976978      none	B	[!#1:1][CX4H2:2]!@[CX4H2:3][!#1:4]	180	58.554	-	-	-	-	G
C36976978      none	B	[$([CX3]=O):1][NX3H1:2]!@[CX4H2:3][C:4] 	90.0022	7.35439	-	-	-	-	G
C36976978      none	B	[O:1]=[CX3:2]!@[NX3H1:3][!#1:4]	-0.00123095	63.7893	-	-	-	-	G
C36976978      none	B	[C:1][CX4:2]!@[CX3:3]=[O:4]	91.5724	3.65147	-	-	-	-	G
C13204284      none	B	[a:1][c:2]!@[CX4H1:3][N,O:4]	-60.0001	3.48172	-	-	-	-	G
C13204284      none	B	[$(C=O):1][NX3H1:2]!@[CX4H1:3][H:4]	-31.9976	6.97413	-	-	-	-	G
C13204284      none	B	[O:1]=[CX3:2]!@[NX3H1:3][!#1:4]	-0.00103349	63.7893	-	-	-	-	G
C13204284      none	B	[!#1:1][CX4H2:2]!@[CX3:3]=[O:4]	-119.99	0.59462	-	-	-	-	G
C13204284      none	B	[!#1:1][CX4:2]!@[SX2:3][!#1:4]	-90.0034	3.00607	-	-	-	-	G
C13204284      none	B	[aH0:1][c:2]([aH0])!@[SX2:3][!#1:4]	90.0058	3.2491	-	-	-	-	G
C13204284      none	B	[a:1][ar5:2]!@[ar5:3][a:4]	-119.678	1.62214	-	-	-	-	O
C13204284      none	B	[!#1:1][CH2:2]!@[n:3][cH0:4]	89.9979	14.7896	-	-	-	-	G
C13204284      none	B	[!#1:1][CX4H2:2]!@[CX3:3]=[O:4]	-89.9957	1.11373	-	-	-	-	G
C41077916      none	B	[a:1][c:2]!@[CX4H2:3][a:4]	-89.999	5.18797	-	-	-	-	G
C41077916      none	B	[!#1:1][CH2:2]!@[n:3][a:4]	-179.678	0.161853	-	-	-	-	R
C41077916      none	B	[O-:1][N+:2](=O)!@[c:3]([cH,nX2H0])[cH,nX2H0:4]	0.290833	22.9313	-	-	-	-	G
C40737219      none	B	[cH1:1][c:2]([cH1])!@[CX4H2:3][CX4:4]	-89.978	11.9355	-	-	-	-	G
C40737219      none	B	[!#1:1][CX4H2:2]!@[CX4H2:3][!#1:4]	60.0018	3.99483	-	-	-	-	G
C40737219      none	B	[!#1:1][CX4H2:2]!@[NX3H1:3][!#1:4]	-150.005	1.95018	-	-	-	-	O
C40737219      none	B	[a:1][a:2]!@[NX3:3][!#1:4]	160.276	2.58602	-	-	-	-	G
C40737219      none	B	[O:1]=[C:2]([O-])!@[c:3][nX2H0:4]	179.982	20	-	-	-	-	G
C35407397      none	B	[OX2:1][CX4:2]!@[CX4:3][N:4]	-40.0126	1.41573	-	-	-	-	G
C35407397      none	B	[O:1]=[C:2]([O-])!@[CX4H1:3][H:4]	90.002	0.86741	-	-	-	-	O
C35407397      none	B	[$(C=O):1][NX3H1:2]!@[CX4H1:3][H:4]	29.9984	9.46757	-	-	-	-	G
C35407397      none	B	[O:1]=[CX3:2]([$([NX3H1]C)])!@[NX3H1:3][!#1:4]	-0.00148278	41.1343	-	-	-	-	G
C35407397      none	B	[O:1]=[CX3:2]([$([NX3H1]C)])!@[NX3H1:3][!#1:4]	0.00050397	41.1343	-	-	-	-	G
C35407397      none	B	[$(C=O):1][NX3H1:2]!@[c:3]([cH1])[cH1:4]	30.0002	5.05437	-	-	-	-	G
C35407397      none	B	[O-:1][N+:2](=O)!@[c:3]([cH,nX2H0])[cH,nX2H0:4]	179.972	23.2156	-	-	-	-	G
C12378541      none	B	[!#1:1][CX4:2]!@[CX4:3][!#1:4]	-60.0015	12.2558	-	-	-	-	G
C12378541      none	B	[H:1][CX4H1:2]!@[O:3][CX4:4]	-30.0019	6.07621	-	-	-	-	G
C12378541      none	B	[H:1][CX4H1:2]!@[O:3][CX4:4]	-0.00159655	4.26659	-	-	-	-	G
C12378541      none	B	[$(C=O):1][NX3H1:2]!@[CX4H1:3][H:4]	60.0051	6.22422	-	-	-	-	G
C12378541      none	B	[OX2:1][CX4:2]!@[CX4:3][OX2:4]	179.955	13.4277	-	-	-	-	G
C12378541      none	B	[O:1]=[CX3:2]!@[NX3H1:3][!#1:4]	-0.00635795	63.7893	-	-	-	-	G
C37431693      none	B	[OX2:1][CX4:2]!@[CX4:3][N:4]	-40.0033	1.41573	-	-	-	-	G
C37431693      none	B	[O:1]=[C:2]([O-])!@[CX4H1:3][H:4]	-0.00146152	0.495663	-	-	-	-	O
C37431693      none	B	[$(C=O):1][NX3H1:2]!@[CX4H1:3][H:4]	60.0057	6.22422	-	-	-	-	G
C37431693      none	B	[O:1]=[CX3:2]!@[NX3H1:3][!#1:4]	0.000117257	63.7893	-	-	-	-	G
C37431693      none	B	[$([cH0]F):1][c:2]([cH1])!@[CX3:3]([NX3H1])=[O:4]	-30.0077	2.04082	-	-	-	-	R
C37431693      none	B	[O-:1][N+:2](=O)!@[c:3]([cH0])[cH,nX2H0:4]	0.0245409	12.6374	-	-	-	-	G
C55164535      none	B	[O:1]=[CX3:2](a)!@[NX3H0:3][!#1:4]	150.002	2.50464	-	-	-	-	G
C55164535      none	B	[a:1][c:2]!@[C:3]([NH0])=[O:4]	150.322	1.44444	-	-	-	-	G
C61842115      none	B	[cH0:1][a:2]([cH1])!@[a:3]([sX2,o,nX2H0,nX3H1:4])([cH1])	-59.9999	1.3308	-	-	-	-	G
C61842115      none	B	[O:1]=[C:2]([O-])!@[c:3]([cH1])[cH1:4]	179.968	7.35294	-	-	-	-	G
C61842115      none	B	[O-:1][N+:2](=O)!@[c:3]([cH0])[cH,nX2H0:4]	0.244853	12.6374	-	-	-	-	G
C55165009      none	B	[O:1]=[CX3:2]!@[NX3H0:3][!#1:4]	29.9913	0.680979	-	-	-	-	O
C55165009      none	B	[N:1][CX4:2]!@[CX3:3]=[O:4]	-28.9776	5.37503	-	-	-	-	G
C55165009      none	B	[O:1]=[CX3:2](a)!@[NX3H0:3][!#1:4]	149.999	2.50464	-	-	-	-	G
C55165009      none	B	[a:1][c:2]!@[C:3]([NH0])=[O:4]	-119.699	3.91667	-	-	-	-	G
C44677477      none	B	[a:1][c:2]!@[CX4H1:3][H:4]	64.3604	1.05062	-	-	-	-	O
C44677477      none	B	[$(S(=O)(=O)):1][NX3H1:2]!@[CX4H1:3][H:4]	-30.0055	9.39227	-	-	-	-	G
C44677477      none	B	[c:1][$(S(=O)=O):2]!@[NX3H1:3][C:4]	-60.0011	13.7514	-	-	-	-	G
C44677477      none	B	[aH1:1][c:2]([aH1])!@[SX4:3][!#1:4]	-89.6943	12.5987	-	-	-	-	G
C44677477      none	B	[O:1]=[C:2]([O-])!@[c:3][nX3H1:4]	179.987	34.7826	-	-	-	-	G
C62135122      none	B	[$(C=O):1][NX3H1:2]!@[c:3]([cH0]F)[cH:4]	-0.00638543	14.0351	-	-	-	-	G
C62135122      none	B	[O:1]=[CX3:2]!@[NX3H1:3][!#1:4]	-59.9938	0	-	-	-	-	R
C62135122      none	B	[O:1]=[CX3:2]!@[NX3H0:3][!#1:4]	-29.6834	0.692521	-	-	-	-	O
C62135122      none	B	[O:1]=[C:2]([O-])!@[CX4H1:3][H:4]	89.9955	0.86741	-	-	-	-	O
C43510259      none	B	[O:1]=[CX3:2]!@[NX3H1:3][!#1:4]	0.000662971	63.7893	-	-	-	-	G
C43510259      none	B	[$(C=O):1][NX3H1:2]!@[c:3](s)[n:4]	0.332693	0.574713	-	-	-	-	R
C43510259      none	B	[a:1][c:2]!@[C:3]([NH1,NH2])=[O:4]	150.002	5.34677	-	-	-	-	O
C43510259      none	B	[O:1]=[CX3:2]!@[NX3H1:3][!#1:4]	-0.00824448	63.7893	-	-	-	-	G
C43510259      none	B	[$(C=O):1][NX3H1:2]!@[CX4H0:3][C:4]	174.308	7.07692	-	-	-	-	G
C43510259      none	B	[NH1:1][CX4:2]!@[CX3:3]=[O:4]	89.9946	0.183795	-	-	-	-	R
C20258438      none	B	[a:1][c:2]!@[C:3]([NH1,NH2])=[O:4]	150	5.34677	-	-	-	-	O
C20258438      none	B	[O:1]=[CX3:2]!@[NX3H1:3][!#1:4]	0.00271044	63.7893	-	-	-	-	G
C20258438      none	B	[$(C=O):1][NX3H1:2]!@[CX4H1:3][H:4]	29.9908	9.46757	-	-	-	-	G
C20258438      none	B	[!#1:1][CX4:2]!@[CX4:3][!#1:4]	-59.9973	12.2558	-	-	-	-	G
C20258438      none	B	[O:1]=[C:2]([O-])!@[CX4H1:3][H:4]	90.0066	0.86741	-	-	-	-	O
C20258438      none	B	[n,o,s:1][c:2]!@[CX4H2:3][CX4:4]	-89.9938	5.3104	-	-	-	-	G
C01344452      none	B	[a:1][c:2]!@[CX4H1:3][N,O:4]	-142.833	3.95967	-	-	-	-	G
C01344452      none	B	[cH1:1][c:2](cO)!@[O:3][C:4]	-89.7653	0.35524	-	-	-	-	R
C48313320      none	B	[*:1]~[CX4:2]!@[n:3]~[*:4]	-30.0009	3.02285	-	-	-	-	G
C48313320      none	B	[C:1][CX4:2]!@[CX3:3]=[O:4]	-150	1.18876	-	-	-	-	G
C48313320      none	B	[O:1]=[CX3:2]!@[NX3H1:3][!#1:4]	0.00978674	63.7893	-	-	-	-	G
C48313320      none	B	[$(C=O):1][NX3H1:2]!@[c:3]([cH0]Cl)[cH:4]	30.2604	4.71698	-	-	-	-	G
C48313320      none	B	[$(S(=O)(=O)):1][NH0:2]!@[c:3]([cH1])[cH1:4]	89.9821	15.7025	-	-	-	-	G
C48313320      none	B	[c:1][S:2](=O)(=O)!@[NX2H0-:3]-[*:4]	90.0014	2.77778	-	-	-	-	G
C48313320      none	B	[aH1:1][c:2]([aH1])!@[SX4:3][!#1:4]	-89.7367	12.5987	-	-	-	-	G
C48313320      none	B	[cH1:1][c:2]([cH1])!@[CX3:3]=[O:4]	0.00834831	14.2319	-	-	-	-	G
C48313320      none	B	[O:1]=[C:2]!@[O:3]~[C:4]	-0.00507492	74.4927	-	-	-	-	G
C62135712      none	B	[a:1][c:2]!@[CX4H1:3][N,O:4]	90.0298	1.22453	-	-	-	-	G
C62135712      none	B	[N:1][CX4:2]!@[CX3:3]=[O:4]	0.0020033	7.55292	-	-	-	-	G
C62135712      none	B	[O:1]=[CX3:2]!@[NX3H0:3][!#1:4]	-149.688	1.37927	-	-	-	-	O
C62135712      none	B	[O:1]=[C:2]([O-])!@[CX4H1:3][H:4]	0.00581519	0.495663	-	-	-	-	O
C40547657      none	B	[$(C=O):1][NX3H0:2]!@[CX4H1:3][H:4]	0.0125544	15.8824	-	-	-	-	G
C40547657      none	B	[$([CX3]=O):1][NX3H0:2](C)!@[CX4H2:3][C:4]	-90.0063	15.9949	-	-	-	-	G
C40547657      none	B	[O:1]=[CX3:2]!@[NX3H0:3][!#1:4]	-30.0077	0.692521	-	-	-	-	O
C40547657      none	B	[N:1][CX4:2]!@[CX3:3]=[O:4]	-120.008	0.897291	-	-	-	-	G
C40547657      none	B	[O:1]=[CX3:2]!@[NX3H0:3][!#1:4]	150.284	1.73707	-	-	-	-	O
C40547657      none	B	[C:1][CX4:2]!@[CX3:3]=[O:4]	-119.883	3.42432	-	-	-	-	G
C38110327      none	B	[cH0:1][c:2]!@[CX4H2:3][N,O,S:4]	179.994	6.20075	-	-	-	-	G
C38110327      none	B	[$(S(=O)(=O)):1][NX3H1:2]!@[CX4H2:3][!#1:4]	90.0083	3.00429	-	-	-	-	G
C38110327      none	B	[c:1][$(S(=O)=O):2]!@[NX3H1:3][C:4]	60.0011	14.5215	-	-	-	-	G
C38110327      none	B	[aH0:1][c:2]([aH0])!@[SX4:3][!#1:4]	-120.002	3.63128	-	-	-	-	G
C35405028      none	B	[aH1:1][c:2]([aH1])!@[SX4:3][!#1:4]	89.9964	12.916	-	-	-	-	G
C35405028      none	B	[$(S(=O)(=O)):1][NH0:2]!@[c:3]([cH1])[cH1:4]	89.9927	15.7025	-	-	-	-	G
C35405028      none	B	[c:1][S:2](=O)(=O)!@[NX2H0-:3]-[*:4]	59.997	8.33333	-	-	-	-	G
C35405028      none	B	[aH0:1][c:2]([aH1])!@[SX4:3][!#1:4]	69.6822	11.3606	-	-	-	-	G
C35405028      none	B	[a:1][c:2]!@[C:3]([NH0])=[O:4]	-119.991	3.91667	-	-	-	-	G
C35405028      none	B	[O:1]=[CX3:2](a)!@[NX3H0:3][!#1:4]	30.3004	0.896722	-	-	-	-	R
C35179706      none	B	[C:1][CX4H2:2]!@[NX3;"N_lp":3][C:4]	79.9956	8.26729	-	-	-	-	G
C35179706      none	B	[C:1][CX4:2]!@[NX3;"N_lp":3][C:4]	-38.6072	0.821028	-	-	-	-	O
C35179706      none	B	[!#1:1][CX4:2]!@[CX3H0:3][!#1:4]	-89.9899	2.97335	-	-	-	-	G
C36906856      none	B	[aH1:1][c:2]([aH1])!@[SX4:3][!#1:4]	-89.9997	12.5987	-	-	-	-	G
C36906856      none	B	[c:1][$(S(=O)=O):2]!@[NX3H1:3][C:4]	-60.0055	13.7514	-	-	-	-	G
C36906856      none	B	[$(S(=O)(=O)):1][NX3H1:2]!@[CX4H1:3][H:4]	60.0057	1.10497	-	-	-	-	G
C36906856      none	B	[OX2:1][CX4:2]!@[CX4:3][N:4]	-59.9939	14.8764	-	-	-	-	G
C36906856      none	B	[O:1]=[C:2]([O-])!@[CX4H1:3][H:4]	-0.00402254	0.495663	-	-	-	-	O
C43737489      none	B	[cH1:1][c:2]([cH1])!@[O:3][C:4]	0.279169	26.3009	-	-	-	-	G
C43737489      none	B	[cH0:1][c:2]!@[CX4H2:3][CX4:4]	89.9685	18.5823	-	-	-	-	G
C43737489      none	B	[cH0:1][c:2]([cH1])!@[O:3][C:4]	180	48.7454	-	-	-	-	G
C43737489      none	B	[!#1:1][CX4:2]!@[CX4:3][!#1:4]	46.6259	5.13232	-	-	-	-	G
C43737489      none	B	[!#1:1][CX4:2]!@[CX4:3][!#1:4]	180	22.1548	-	-	-	-	G
C43737489      none	B	[$([CX3]=O):1][NX3H0:2](C)!@[CX4H2:3][C:4]	89.9989	14.7513	-	-	-	-	G
C43737489      none	B	[CX3:1]=[CX3:2]!@[CH2:3][!#1:4]	-120	9.03499	-	-	-	-	G
C43737489      none	B	[CX4:1][CX4H2:2]!@[NX3;"N_lp":3][CX4:4]	-155.849	6.65327	-	-	-	-	G
C61528322      none	B	[O:1]=[CX3:2]!@[NX3H0:3][!#1:4]	29.9998	0.680979	-	-	-	-	O
C61528322      none	B	N[C:2](=[O:1])!@[CH2:3][N:4]	-29.9942	4.7619	-	-	-	-	G
C61528322      none	B	[$([CX3]=O):1][NX3H1:2]!@[CX4H2:3][C:4] 	89.9982	7.35439	-	-	-	-	G
C61528322      none	B	[O:1]=[CX3:2]!@[NX3H1:3][!#1:4]	-0.00109026	63.7893	-	-	-	-	G
C61528322      none	B	[C:1][CX4:2]!@[CX3:3]=[O:4]	150.083	1.17362	-	-	-	-	G
C61528322      none	B	[O:1]=[CX3:2]!@[NX3H0:3][!#1:4]	-150.001	1.37927	-	-	-	-	O
C13034722      none	B	[O:1]=[C:2]([O-])!@[c:3]([cH1])[cH1:4]	179.975	7.35294	-	-	-	-	G
C13034722      none	B	[aH0:1][c:2]([aH0])!@[SX2:3][!#1:4]	180	14.0278	-	-	-	-	G
C13034722      none	B	[!#1:1][CX4:2]!@[SX2:3][!#1:4]	60.0002	7.53739	-	-	-	-	G
C13034722      none	B	[!#1:1][CX4H2:2]!@[CX3:3]=[O:4]	29.9975	3.68098	-	-	-	-	G
C13034722      none	B	[O:1]=[CX3:2]!@[NX3H1:3][!#1:4]	-0.000355222	63.7893	-	-	-	-	G
C13034722      none	B	[$(C=O):1][NX3H1:2]!@[CX4H1:3][H:4]	-59.9957	1.23735	-	-	-	-	G
C35199159      none	B	[H:1][CX4H1:2]!@[SX4:3][!#1:4]	68.3856	6.16967	-	-	-	-	G
C35199159      none	B	[*:1][$(S(=O)=O):2]!@[NX3H1:3][*:4]	-90.0037	4.38465	-	-	-	-	G
C02557584      none	B	[!#1:1][CH2:2]!@[n:3][cH0:4]	89.9793	14.7896	-	-	-	-	G
C02557584      none	B	[!#1:1][CX4H2:2]!@[CX3:3]=[O:4]	-90.0016	1.11373	-	-	-	-	G
C02557584      none	B	[O:1]=[CX3:2]!@[NX3H1:3][!#1:4]	0.00533169	63.7893	-	-	-	-	G
C24239755      none	B	[c:1][c:2]!@[c:3][s,o,nX3H1:4]	180	12.4984	-	-	-	-	G
C24239755      none	B	[a:1][c:2]!@[CX4H2:3][CX3:4]	149.996	0.645995	-	-	-	-	R
C24239755      none	B	[c:1][CX4H2:2]!@[CX3:3]=[O:4]	-59.9914	1.56695	-	-	-	-	G
C24239755      none	B	[O:1]=[CX3:2]!@[NX3H1:3][!#1:4]	0.00311098	63.7893	-	-	-	-	G
C24239755      none	B	[$(C=O):1][NX3H1:2]!@[c:3]([cH1])[cH1:4]	-29.9972	5.05437	-	-	-	-	G
C24239755      none	B	[aH1:1][c:2]([aH1])!@[SX4:3][!#1:4]	90.0044	12.916	-	-	-	-	G
C24239755      none	B	[c:1][S:2](=O)(=O)!@[NX2H0-:3]-[*:4]	-60.0038	11.1111	-	-	-	-	G
C24239755      none	B	[$(S(=O)(=O)):1][N:2]!@[c:3][a:4]	30.0016	2.05078	-	-	-	-	G
C54632074      none	B	[O-:1][N+:2](=O)!@[c:3]([cH,nX2H0])[cH,nX2H0:4]	179.973	23.2156	-	-	-	-	G
C54632074      none	B	[cH1:1][c:2]([cH1])!@[CX4H2:3][CX4:4]	90.0633	11.713	-	-	-	-	G
C54632074      none	B	[!#1:1][CX4:2]!@[CX4:3][!#1:4]	43.9593	0.998355	-	-	-	-	G
C54632074      none	B	[C:1][CX4:2]!@[CX3:3]=[O:4]	0.00258668	5.61823	-	-	-	-	G
C66247619      none	B	[$(S(=O)(=O)):1][N:2]!@[c:3][a:4]	0.00808685	3.75977	-	-	-	-	G
C66247619      none	B	[cH1:1][a:2]([cH1])!@[a:3]([sX2,o,nX2H0,nX3H1:4])([cH0])	30.4859	4.34028	-	-	-	-	G
C66247619      none	B	[O-:1][N+:2](=O)!@[c:3]([cH,nX2H0])[cH,nX2H0:4]	179.992	23.2156	-	-	-	-	G
C66247619      none	B	[c:1][S:2](=O)(=O)!@[NX2H0-:3]-[*:4]	89.9969	2.77778	-	-	-	-	G
C66247619      none	B	[aH1:1][c:2]([aH1])!@[SX4:3][!#1:4]	-89.6861	12.5987	-	-	-	-	G
C05612962      none	B	[C:1][CX4:2]!@[NX3:3][C:4]	60.0039	6.16204	-	-	-	-	G
C05612962      none	B	[!#1:1][CX3:2](=S)!@[NX3H1:3][!#1:4]	0.000908336	27.5459	-	-	-	-	G
C05612962      none	B	[!#1:1][CX3:2](=S)!@[NX3H1:3][!#1:4]	180	37.0618	-	-	-	-	G
C05612962      none	B	[C:1][CX4H2:2]!@[NX3:3][C:4]	179.996	3.30615	-	-	-	-	G
C05612962      none	B	[!#1:1][CX4H2:2]!@[CX4H2:3][!#1:4]	-60.0065	3.77933	-	-	-	-	G
C05612962      none	B	[!#1:1][CX4H2:2]!@[CX4H2:3][!#1:4]	-59.9974	3.77933	-	-	-	-	G
C05612962      none	B	[C:1][CX4H2:2]!@[CX3:3]=[O:4]	-90.0022	1.15875	-	-	-	-	O
C61843301      none	B	[O:1]=[CX3:2]!@[NX3H1:3][!#1:4]	0.005961	63.7893	-	-	-	-	G
C61843301      none	B	[!#1:1][CX4H2:2]!@[CX3:3]=[O:4]	119.99	0.613497	-	-	-	-	G
C61843301      none	B	[!#1:1][CH2:2]!@[n:3][a:4]	90.2999	13.2097	-	-	-	-	G
C61843301      none	B	[*:1]~[CX3:2]!@[cX3:3]~[*:4]	-59.9977	1.26106	-	-	-	-	O
C20108768      none	B	[aH0:1][c:2]([aH0])!@[SX4:3][!#1:4]	126.132	1.67598	-	-	-	-	G
C20108768      none	B	[!#1:1][CH2:2]!@[n:3][cH0:4]	-90.0232	15.4696	-	-	-	-	G
C20108768      none	B	[!#1:1][CX4H2:2]!@[CX3:3]=[O:4]	-59.9969	1.45352	-	-	-	-	G
C20108768      none	B	[O:1]=[CX3:2]!@[NX3H1:3][!#1:4]	-0.01005	63.7893	-	-	-	-	G
C20108768      none	B	[$([CX3]=O):1][NX3H1:2]!@[CX4H2:3][C:4] 	90.0103	7.35439	-	-	-	-	G
C20108768      none	B	[!#1:1][CX4H2:2]!@[CX4H2:3][!#1:4]	59.9953	3.99483	-	-	-	-	G
C20108768      none	B	[CX4:1][CX4H2:2]!@[NX3;"N_lp":3][CX4:4]	-156.365	6.65327	-	-	-	-	G
C20108768      none	B	[*:1][$(S(=O)=O):2]!@[NX3H0r:3][*:4]	-59.7252	8.17536	-	-	-	-	O
C07734760      none	B	[!#1:1][CH2:2]!@[n:3][cH0:4]	180	0.148746	-	-	-	-	R
C07734760      none	B	[!#1:1][CX4H2:2]!@[CX3:3]=[O:4]	90.006	1.06654	-	-	-	-	G
C07734760      none	B	[O:1]=[CX3:2]!@[NX3H1:3][!#1:4]	-0.00944316	63.7893	-	-	-	-	G
C07734760      none	B	[*:1]~[NX3:2]!@[NX2:3]~[*:4]	-149.996	0.364964	-	-	-	-	O
C07734760      none	B	[cH1:1][c:2]([cH0])!@[CX3x0:3]=[NX2:4]	30.2745	0.850762	-	-	-	-	G
C07734760      none	B	[O-:1][N+:2](=O)!@[c:3]([cH,nX2H0])[cH,nX2H0:4]	179.981	23.2156	-	-	-	-	G
C58231555      none	B	[a:1][c:2]!@[CX4H1:3][N,O:4]	90.0113	1.22453	-	-	-	-	G
C58231555      none	B	[$(S(=O)(=O)):1][N:2]!@[c:3][a:4]	119.998	2.34375	-	-	-	-	G
C58231555      none	B	[*:1]~[N,n:2]!@[S:3]~[*:4]	23.8707	1.44092	-	-	-	-	G
C58231555      none	B	[*:1][$(S(=O)=O):2]!@[NX3H0:3][*:4]	89.9892	5.90452	-	-	-	-	G
C37367067      none	B	[$([cH0](=O)):1][c:2]([cH1])!@[CX3:3]([NX3H1,NX3H2])=[O:4]	119.976	0	-	-	-	-	R
C37367067      none	B	[O:1]=[CX3:2]!@[NX3H1:3][!#1:4]	0.00295054	63.7893	-	-	-	-	G
C37367067      none	B	[$(C=O):1][NX3H1:2]!@[CX4H0:3][C:4]	-176.328	11.3993	-	-	-	-	G
C37367067      none	B	[NH1:1][CX4:2]!@[CX3:3]=[O:4]	0.0134355	6.89233	-	-	-	-	G
C09088947      none	B	[C:1][CX4:2]!@[CX3:3][C:4]	119.549	1.49612	-	-	-	-	O
C05757415      none	B	[a:1][c:2]!@[CX4H1:3][N,O:4]	86.6624	1.22453	-	-	-	-	G
C63079388      none	B	[!#1:1][CX4H2:2]!@[NX3H1:3][!#1:4]	180	11.3535	-	-	-	-	G
C63079388      none	B	[cH0:1][c:2]([cH,nX2H0])!@[NX3H1:3][CX4:4]	-179.723	49.7854	-	-	-	-	G
C63079388      none	B	[a:1][c:2]!@[CX4H2:3][a:4]	44.9911	1.8797	-	-	-	-	O
C63079388      none	B	[!#1:1][CH2:2]!@[n:3][a:4]	-44.6869	0.361056	-	-	-	-	O
C13212182      none	B	[a:1][c:2]!@[CX4H1:3][N,O:4]	180	1.64318	-	-	-	-	G
C13212182      none	B	[!#1:1][CX4H1:2]!@[NX3:3][!#1:4]	-119.997	4.10724	-	-	-	-	O
C13212182      none	B	[cH0:1][c:2]([cH,nX2H0])!@[NX3H1:3][CX4:4]	-149.992	1.00143	-	-	-	-	O
C13212182      none	B	[aH1:1][c:2]([aH1])!@[SX4:3][!#1:4]	-69.9939	5.44275	-	-	-	-	G
C13212182      none	B	[O-:1][N+:2](=O)!@[c:3]([cH0])[cH,nX2H0:4]	0.256062	12.6374	-	-	-	-	G
C13212182      none	B	[*:1][$(S(=O)=O):2]!@[NX3H0r:3][*:4]	90.2737	4.85782	-	-	-	-	G
C13212182      none	B	[O:1]=[C:2]([O-])!@[CX4H1:3][H:4]	-0.00271459	0.495663	-	-	-	-	O
C05606819      none	B	[H:1][CX4H1:2]!@[O:3][CX4:4]	59.9915	4.42842	-	-	-	-	G
C05606819      none	B	[OX2:1][CX4:2]!@[CX4:3][OX2:4]	-59.9543	16.2177	-	-	-	-	G
C51104669      none	B	[N:1][CX4:2]!@[CX3:3]=[O:4]	150.005	6.84729	-	-	-	-	G
C51104669      none	B	[C:1][CX4:2]!@[NX3;"N_lp":3][C:4]	163.638	4.57693	-	-	-	-	G
C51104669      none	B	[O:1]=[C:2]!@[NX3H1:3](C=O)[H:4]	180	35.6725	-	-	-	-	G
C51104669      none	B	[O:1]=[C:2]([NH1])!@[NX3H1:3](C=O)[H:4]	-0.00857138	58.9474	-	-	-	-	G
C51104669      none	B	[O:1]=[CX3:2]([$([NX3H1]C)])!@[NX3H1:3][!#1:4]	0.0172441	41.1343	-	-	-	-	G
C51104669      none	B	[$([CX3]=O):1][NX3H1:2]!@[CX4H2:3][C:4] 	179.991	6.46594	-	-	-	-	G
C51104669      none	B	[OX2:1][CX4:2]!@[CX4:3][N:4]	81.1921	3.55056	-	-	-	-	O
C51104669      none	B	[O:1][CX4:2]!@[CX3:3]=[O:4]	-29.9068	2.69102	-	-	-	-	G
C65740767      none	B	[*:1]~[CX4:2]!@[n:3]~[*:4]	-60.0098	3.65221	-	-	-	-	G
C65740767      none	B	[OX2:1][CX4:2]!@[CX4:3][OX2:4]	-175.546	13.4277	-	-	-	-	G
C26548050      none	B	[!#1:1][CX4H2:2]!@[CX4H2:3][!#1:4]	60.0025	3.99483	-	-	-	-	G
C26548050      none	B	[!#1:1][CH2:2]!@[n:3][cH0:4]	-134.689	0.892478	-	-	-	-	R
C26548050      none	B	[a:1][ar5:2]!@[ar5:3][a:4]	-149.686	1.24046	-	-	-	-	O
C38007274      none	B	[*:1][$(S(=O)=O):2]!@[NX3H0r:3][*:4]	120.004	1.23223	-	-	-	-	G
C38007274      none	B	[*:1][$(S(=O)=O):2]!@[NX3H1:3][*:4]	-60.0003	9.96512	-	-	-	-	G
C38007274      none	B	[$(S(=O)(=O)):1][NX3H1:2]!@[CX4H2:3][!#1:4]	179.997	9.01288	-	-	-	-	G
C38007274      none	B	[a:1][c:2]!@[CX4H2:3][!#1:4]	-44.6951	1.62815	-	-	-	-	O
C24869228      none	B	[O:1]=[CX3:2]!@[NX3H0:3][!#1:4]	149.999	1.73707	-	-	-	-	O
C24869228      none	B	[O:1]=[CX3:2]!@[CX3:3]=[O:4]	90.0001	2.94118	-	-	-	-	G
C24869228      none	B	[O:1]=[CX3:2]!@[NX3H1:3][!#1:4]	0.00259945	63.7893	-	-	-	-	G
C42526908      none	B	[$(C=O):1][NX3H0:2]!@[CX4H1:3][H:4]	0.00255396	15.8824	-	-	-	-	G
C42526908      none	B	[$([CX3]=O):1][NX3H0:2](C)!@[CX4H2:3][C:4]	-60.0114	0.686106	-	-	-	-	O
C42526908      none	B	[O:1]=[CX3:2]!@[NX3H0:3][!#1:4]	-30.0139	0.692521	-	-	-	-	O
C42526908      none	B	[!#1:1][CX4H2:2]!@[CX4H2:3][!#1:4]	180	58.554	-	-	-	-	G
C42526908      none	B	[!#1:1][CX4H2:2]!@[CX4H2:3][!#1:4]	180	58.554	-	-	-	-	G
C42526908      none	B	[O:1]=[CX3:2]!@[NX3H1:3][!#1:4]	120.013	0.00505102	-	-	-	-	R
C42526908      none	B	[$(C=O):1][NX3H1:2]!@[c:3]([cH1])[cH1:4]	-29.9989	5.05437	-	-	-	-	G
C42526908      none	B	[O:1]=[C:2]([O-])!@[c:3]([cH1])[cH0:4]	89.9925	0	-	-	-	-	R
C37835204      none	B	[C:1][CX4:2]!@[CX3:3]=[O:4]	-120.065	3.42432	-	-	-	-	G
C37835204      none	B	[O:1]=[CX3:2]!@[NX3H0:3][!#1:4]	29.998	0.680979	-	-	-	-	O
C37835204      none	B	[N:1][C:2](=O)!@[CX4H2:3][CX4H2:4]	150	4.76839	-	-	-	-	G
C37835204      none	B	[!#1:1][CX4H2:2]!@[CX4H2:3][!#1:4]	179.996	58.554	-	-	-	-	G
C37835204      none	B	[!#1:1][CX4H2:2]!@[CX4H2:3][!#1:4]	-59.9971	3.77933	-	-	-	-	G
C37835204      none	B	[!#1:1][CX4H2:2]!@[CX4H2:3][!#1:4]	-60.0043	3.77933	-	-	-	-	G
C37835204      none	B	[C:1][CX4H2:2]!@[CX3:3]=[O:4]	120.008	0.695249	-	-	-	-	O
C44681699      none	B	[cH1:1][c:2]([cH1])!@[O:3][C:4]	-179.755	26.896	-	-	-	-	G
C44681699      none	B	[cH1,nX2H0:1][c:2]([cH1,nX2H0])!@[NX3r:3][*:4]	-119.71	2.61442	-	-	-	-	O
C44681699      none	B	[CX4:1][CX4H2:2]!@[NX3;"N_lp":3][CX4:4]	-160.003	6.65327	-	-	-	-	G
C44681699      none	B	[!#1:1][CX4H2:2]!@[CX4H2:3][!#1:4]	59.9918	3.99483	-	-	-	-	G
C44681699      none	B	[$([CX3]=O):1][NX3H1:2]!@[CX4H2:3][C:4] 	180	6.46594	-	-	-	-	G
C44681699      none	B	[O:1]=[CX3:2]!@[NX3H1:3][!#1:4]	0.00454219	63.7893	-	-	-	-	G
C44681699      none	B	[cH1:1][c:2]([cH1])!@[C:3]([NH1,NH2])=[O:4]	153.003	9.05971	-	-	-	-	G
C44681699      none	B	[$(S(=O)(=O)):1][NH0:2]!@[c:3]([cH1])[cH1:4]	-90.0307	17.7686	-	-	-	-	G
C44681699      none	B	[c:1][S:2](=O)(=O)!@[NX2H0-:3]-[*:4]	-90.004	2.77778	-	-	-	-	G
C44681699      none	B	[aH0:1][c:2]([aH1])!@[SX4:3][!#1:4]	-70.3289	15.3236	-	-	-	-	G
C13115282      none	B	[*:1]~[CX3:2]!@[cX3:3]~[*:4]	179.997	13.7809	-	-	-	-	G
C13115282      none	B	[*:1]~[NX2:2]!@[nX3:3]~[*:4]	-89.6779	0.976563	-	-	-	-	G
C13115282      none	B	[a:1][c:2]!@[CX4H1:3][H:4]	-29.9971	3.94031	-	-	-	-	G
C40697494      none	B	[$([C](=O)):1][NX3:2]!@[a:3](s)[a:4]	179.997	61.7021	-	-	-	-	G
C40697494      none	B	[s:1][c:2]!@[C:3]([NH1])=[O:4]	-0.00404754	23.0769	-	-	-	-	G
C40697494      none	B	[O:1]=[CX3:2]!@[NX3H1:3][!#1:4]	-0.00435035	63.7893	-	-	-	-	G
C40697494      none	B	[$(C=O):1][NX3H1:2]!@[CX4H1:3][H:4]	30.0039	9.46757	-	-	-	-	G
C40697494      none	B	[!#1:1][CX4:2]!@[CX4:3][!#1:4]	80.0001	1.75235	-	-	-	-	G
C40697494      none	B	[O:1]=[C:2]([O-])!@[CX4H1:3][H:4]	0.00322836	0.495663	-	-	-	-	O
C40697494      none	B	[!#1:1][CX4H2:2]!@[CX4H2:3][!#1:4]	180	58.554	-	-	-	-	G
C40697494      none	B	[O:1]=[CX3:2]!@[NX3H1:3][!#1:4]	0.00494882	63.7893	-	-	-	-	G
C40697494      none	B	[O:1]=[CX3:2]!@[CX4H1r3:3][H:4]	0.00636618	1.66667	-	-	-	-	G
C37286140      none	B	[O-:1][N+:2](=O)!@[c:3]([cH0])[cH,nX2H0:4]	-0.0177801	12.6374	-	-	-	-	G
C37286140      none	B	[a:1][c:2]!@[C:3]([NH0])=[O:4]	149.996	1.44444	-	-	-	-	G
C37286140      none	B	[O:1]=[CX3:2](a)!@[NX3H0:3][!#1:4]	-29.6814	1.17502	-	-	-	-	O
C37286140      none	B	[N:1][CX4:2]!@[CX3:3]=[O:4]	2.903	7.55292	-	-	-	-	G
C35024989      none	B	[O-:1][N+:2](=O)!@[c:3]([cH,nX2H0])[cH,nX2H0:4]	179.973	23.2156	-	-	-	-	G
C35024989      none	B	[a:1][c:2]!@[CX4H1:3][N,O:4]	-121.594	3.08052	-	-	-	-	G
C35024989      none	B	[*^2:1]~[C^2:2]([!H])!@[C^2:3]~[*^2:4]	-90.0452	1.27397	-	-	-	-	G
C35024989      none	B	[$([CX3]=O):1][NX3H0:2](C)!@[CX4H2:3][C:4]	-30.0474	0.0428816	-	-	-	-	R
C35024989      none	B	[OX2:1][CX4:2]!@[CX4:3][N:4]	-176.647	9.8427	-	-	-	-	G
C35024989      none	B	[cH1:1][c:2]([cH1])!@[CX3:3]([CX3H0])=[O:4]	-179.723	9.0847	-	-	-	-	G
C40473022      none	B	[cH1:1][c:2]([cH1])!@[C:3]([NH1,NH2])=[O:4]	-153.012	8.78518	-	-	-	-	G
C40473022      none	B	[O:1]=[CX3:2]!@[NX3H1:3][!#1:4]	0.00351441	63.7893	-	-	-	-	G
C40473022      none	B	[$(C=O):1][NX3H1:2]!@[CX4H1:3][H:4]	179.992	0.712411	-	-	-	-	R
C40473022      none	B	[OX2:1][CX4:2]!@[CX4:3][N:4]	-60.0026	14.8764	-	-	-	-	G
C40473022      none	B	[O:1]=[C:2]([O-])!@[CX4H1:3][H:4]	90.0044	0.86741	-	-	-	-	O
C65580705      none	B	[cH0:1][c:2]([cH1])!@[CX3:3]([NX3H0])=[O:4]	-60.0066	9.09091	-	-	-	-	G
C65580705      none	B	[O:1]=[CX3:2](a)!@[NX3H0:3][!#1:4]	-29.7269	1.17502	-	-	-	-	O
C65580705      none	B	[O:1]=[CX3:2](a)!@[NX3H0:3][!#1:4]	149.996	2.50464	-	-	-	-	G
C65580705      none	B	[a:1][c:2]!@[C:3]([NH0])=[O:4]	-29.6666	2.55556	-	-	-	-	G
C65580705      none	B	[O-:1][N+:2](=O)!@[c:3]([cH0])[cH,nX2H0:4]	-0.0451034	12.6374	-	-	-	-	G
C13135556      none	B	[*:1]~[CX3:2]!@[NX3:3]~[*:4]	0.000678139	27.0519	-	-	-	-	G
C13135556      none	B	[*:1]~[NX3:2]!@[NX2:3]~[*:4]	-150.004	0.364964	-	-	-	-	O
C13135556      none	B	[*:1]~[CX3:2]!@[NX2:3]~[*:4]	0.314744	40.1033	-	-	-	-	G
C13135556      none	B	[!#1:1][CX4:2]!@[CX4:3][!#1:4]	-40.0012	0.976141	-	-	-	-	G
C13135556      none	B	[O:1]=[CX3:2]([NH1])!@[CH2:3][C:4]	-90.0003	1.868	-	-	-	-	O
C13135556      none	B	[O:1]=[C:2]!@[NX3H1:3](C=O)[H:4]	180	35.6725	-	-	-	-	G
C13135556      none	B	[O:1]=[C:2]!@[NX3H1:3](C=O)[H:4]	-0.00842249	23.6842	-	-	-	-	G
C62084636      none	B	[*:1][$(S(=O)=O):2]!@[NX3H0r:3][*:4]	-89.7282	4.88152	-	-	-	-	G
C62084636      none	B	[O:1]=[CX3:2]!@[NX3H0:3][!#1:4]	-150.004	1.37927	-	-	-	-	O
C62084636      none	B	[O:1]=[CX3:2]!@[NX3H0:3][!#1:4]	-149.683	1.37927	-	-	-	-	O
C62084636      none	B	[O:1]=[C:2]([O-])!@[CX4H1:3][H:4]	0.0107593	0.495663	-	-	-	-	O
C40603081      none	B	[$([CX3]=O):1][NX3H0:2](C)!@[CX4H2:3][C:4]	90.0052	14.7513	-	-	-	-	G
C40603081      none	B	[O:1]=[CX3:2]!@[NX3H0:3][!#1:4]	150.004	1.73707	-	-	-	-	O
C40603081      none	B	[OX2:1][CX4H2:2]!@[CX4H2:3][N:4]	179.993	8.36763	-	-	-	-	G
C40603081      none	B	[O:1]=[CX3:2]!@[NX3H0:3][!#1:4]	-29.6821	0.692521	-	-	-	-	O
C40603081      none	B	[O:1]=[C:2]([O-])!@[CX4H1:3][H:4]	89.9961	0.86741	-	-	-	-	O
C04320894      none	B	[OX2:1][CX4:2]!@[CX4:3][N:4]	48.1526	5.86517	-	-	-	-	G
C04320894      none	B	[OX2:1][CX4:2]!@[CX4:3][OX2:4]	39.9974	0.511128	-	-	-	-	G
C04320894      none	B	[OX2:1][CX4:2]!@[CX4:3][OX2:4]	160.008	0.798637	-	-	-	-	G
C04320894      none	B	[OX2:1][CX4:2]!@[CX4:3][OX2:4]	39.9919	0.511128	-	-	-	-	G
C04320894      none	B	[OX2:1][CX4:2]!@[CX4:3][OX2:4]	-59.9989	16.2177	-	-	-	-	G
C37845487      none	B	[a:1][c:2]!@[C:3]([NH0])=[O:4]	90.0016	2.88889	-	-	-	-	G
C37845487      none	B	[O:1]=[CX3:2](a)!@[NX3H0:3][!#1:4]	150.276	2.50464	-	-	-	-	G
C38062638      none	B	[a:1][a:2]!@[NX3:3][!#1:4]	-159.992	2.54422	-	-	-	-	G
C38062638      none	B	[!#1:1][CX4H2:2]!@[NX3H1:3][!#1:4]	180	11.3535	-	-	-	-	G
C38062638      none	B	[OX2:1][CX4:2]!@[CX4:3][N:4]	-160.131	1.21348	-	-	-	-	O
C62810202      none	B	[C:1][CX4:2]!@[NX3;"N_lp":3][C:4]	77.9023	5.94326	-	-	-	-	G
C62810202      none	B	[CX4:1][CX4H2:2]!@[NX3;"N_lp":3][CX4:4]	-159.995	6.65327	-	-	-	-	G
C62810202      none	B	[OX2:1][CX4H2:2]!@[CX4H2:3][Nr:4]	59.9969	18.1373	-	-	-	-	G
C37144794      none	B	[cH1:1][c:2]([cH1])!@[O:3][C:4]	-30.0078	0.195465	-	-	-	-	O
C37144794      none	B	[*:1]~[CX3:2]!@[cX3:3]~[*:4]	-119.995	1.20163	-	-	-	-	O
C37144794      none	B	[C:1][CX4H2:2]!@[OX2:3][c:4]	-119.997	0.315856	-	-	-	-	R
C37144794      none	B	[!#1:1][CX4H2:2]!@[CX4H2:3][!#1:4]	59.996	3.99483	-	-	-	-	G
C37144794      none	B	[!#1:1][CX4H2:2]!@[CX4H2:3][!#1:4]	60.002	3.99483	-	-	-	-	G
C37144794      none	B	[!#1:1][CH2:2]!@[n:3][cH0:4]	-134.715	0.892478	-	-	-	-	R
C40470932      none	B	[OX2:1][CX4:2]!@[CX4:3][N:4]	60.0031	15.2809	-	-	-	-	G
C40470932      none	B	[O:1]=[C:2]([O-])!@[CX4H1:3][H:4]	-0.000184016	0.495663	-	-	-	-	O
C40470932      none	B	[$(C=O):1][NX3H1:2]!@[CX4H1:3][H:4]	-29.9979	6.97413	-	-	-	-	G
C40470932      none	B	[O:1]=[CX3:2]!@[NX3H1:3][!#1:4]	-0.00301412	63.7893	-	-	-	-	G
C40470932      none	B	[cH1:1][c:2]([cH1])!@[C:3]([NH1,NH2])=[O:4]	-152.996	8.78518	-	-	-	-	G
C03869842      none	B	[*:1]~[CX4:2]!@[n:3]~[*:4]	119.999	3.12393	-	-	-	-	G
C03869842      none	B	[OX2:1][CX4:2]!@[CX4:3][OX2:4]	32.1521	0.0745395	-	-	-	-	O
C39217703      none	B	[C:1][CX4H2:2]!@[OX2:3][c:4]	60.0001	0.147399	-	-	-	-	G
C39217703      none	B	[cH1:1][c:2]([cH1])!@[O:3][C:4]	-149.73	0.243246	-	-	-	-	R
C39217703      none	B	[a:1][c:2]!@[CX4H1:3][H:4]	-89.9982	0.504612	-	-	-	-	O
C42439867      none	B	[O:1]=[CX3:2]!@[NX3H0:3][!#1:4]	-29.9989	0.692521	-	-	-	-	O
C42439867      none	B	[!#1:1][CX4:2]!@[CX4:3][!#1:4]	-79.9998	1.71775	-	-	-	-	G
C42439867      none	B	[C:1][CX4H2:2]!@[CX3:3]=[O:4]	120.002	0.695249	-	-	-	-	O
C42439867      none	B	[O:1]=[CX3:2]!@[NX3H1:3][!#1:4]	0.00654181	63.7893	-	-	-	-	G
C42439867      none	B	[$(C=O):1][NX3H1:2]!@[CX4H1:3][H:4]	-60.0131	1.23735	-	-	-	-	O
C42439867      none	B	[OX2:1][CX4:2]!@[CX4:3][N:4]	59.9999	15.2809	-	-	-	-	G
C42439867      none	B	[O:1]=[C:2]([O-])!@[CX4H1:3][H:4]	0.0139428	0.495663	-	-	-	-	O
C23144572      none	B	[a,!nX2H0:1][a:2]([!nX2H0])!@[a:3]([nX2H0])[nX2H0:4]	180	32.5	-	-	-	-	G
C23144572      none	B	[n,o,s:1][c:2]!@[CX4H2:3][CX4:4]	-30.0019	1.04712	-	-	-	-	O
C23144572      none	B	[!#1:1][CX4:2]!@[CX4:3][!#1:4]	-158.604	1.85018	-	-	-	-	G
C37584631      none	B	[!#1:1][CX4:2]!@[CX4:3][!#1:4]	180	22.1548	-	-	-	-	G
C37584631      none	B	[NH1:1][CX4:2]!@[CX3:3]=[O:4]	59.9944	0.459488	-	-	-	-	O
C37584631      none	B	[$(C=O):1][NX3H1:2]!@[CX4H1:3][H:4]	-30.0085	6.97413	-	-	-	-	G
C37584631      none	B	[O:1]=[C:2]!@[NX3H0:3]([a:4])[A]	180	18.3322	-	-	-	-	G
C37584631      none	B	[$(C=O):1][NX3H0:2]!@[CX4H2:3][!#1:4]	-90.0012	14.1466	-	-	-	-	G
C37584631      none	B	[$(C=O):1][NX3H0:2]!@[c:3]([cH1])[cH1:4]	90.0061	2.51637	-	-	-	-	G
C37584631      none	B	[N:1][CX4:2]!@[CX3:3]=[O:4]	-89.9896	0.479136	-	-	-	-	O
C37584631      none	B	[O:1]=[CX3:2]!@[NX3H1:3][!#1:4]	0.0068605	63.7893	-	-	-	-	G
C13275639      none	B	[O:1]=[CX3:2]!@[NX3H1:3][!#1:4]	-0.00276315	63.7893	-	-	-	-	G
C13275639      none	B	[$(C=O):1][NX3H1:2]!@[c:3]([cH1])[cH1:4]	90.0005	0.0402739	-	-	-	-	R
C13275639      none	B	[aH1:1][c:2]([aH1])!@[SX2:3][!#1:4]	120.002	2.09614	-	-	-	-	G
C13275639      none	B	[aH1:1][c:2]([aH0])!@[SX2:3][*R:4]	-30.0049	1.53061	-	-	-	-	O
C13275639      none	B	[aH1:1][c:2]([aH1])!@[SX4:3][!#1:4]	70.013	5.04089	-	-	-	-	G
C13275639      none	B	[O-:1][N+:2](=O)!@[c:3]([cH0])[cH,nX2H0:4]	90.2745	0.274725	-	-	-	-	O
C13275639      none	B	[*:1][$(S(=O)=O):2]!@[NX3H0r:3][*:4]	90.2762	4.85782	-	-	-	-	G
C13275639      none	B	[O:1]=[C:2]([O-])!@[CX4H1:3][H:4]	0.000640337	0.495663	-	-	-	-	O
C09006939      none	B	[O:1]=[CX3:2]!@[NX3H0:3][!#1:4]	0.00548778	25.0866	-	-	-	-	G
C09006939      none	B	[O:1]=[CX3:2]!@[CX3:3]=[O:4]	-119.999	1.55709	-	-	-	-	G
C09006939      none	B	[O:1]=[CX3:2]!@[NX3H1:3][!#1:4]	-0.00846385	63.7893	-	-	-	-	G
C09006939      none	B	[$([CX3]=O):1][NX3H1:2]!@[CX4H2:3][C:4] 	90.0049	7.35439	-	-	-	-	G
C09006939      none	B	[!#1:1][CX4:2]!@[CX4:3][!#1:4]	80.0068	1.75235	-	-	-	-	G
C09006939      none	B	[a:1][c:2]!@[CX4H1:3][H:4]	180	7.22227	-	-	-	-	G
C09006939      none	B	[H:1][CX4H1:2]!@[SX4:3][!#1:4]	67.7431	6.16967	-	-	-	-	G
C09006939      none	B	[aH1:1][c:2]([aH1])!@[SX4:3][!#1:4]	-89.7229	12.5987	-	-	-	-	G
C40111254      none	B	[!#1:1][CX4H2:2]!@[CX4H2:3][!#1:4]	179.993	58.554	-	-	-	-	G
C40111254      none	B	[!#1:1][CX4H2:2]!@[CX4H2:3][!#1:4]	179.996	58.554	-	-	-	-	G
C40111254      none	B	[$([CX3]=O):1][NX3H0:2](C)!@[CX4H2:3][C:4]	119.704	2.74443	-	-	-	-	O
C40111254      none	B	[a:1][c:2]!@[CX4H1:3][N,O:4]	120.002	3.12238	-	-	-	-	G
C40111254      none	B	[*^2:1]~[C^2:2]([!H])!@[C^2:3]~[*^2:4]	-149.997	1.11601	-	-	-	-	G
C40111254      none	B	[cH1:1][c:2]([cH1])!@[CX3:3]([CX3H0])=[O:4]	60.2714	0.204918	-	-	-	-	R
C40111254      none	B	[aH1:1][c:2]([aH1])!@[SX4:3][!#1:4]	-89.9931	12.5987	-	-	-	-	G
C40111254      none	B	[*:1][$(S(=O)=O):2]!@[NX3H0r:3][*:4]	-89.7166	4.88152	-	-	-	-	G
C66152099      none	B	[O:1][CX4:2]!@[CX3:3]=[O:4]	-59.9837	0.530348	-	-	-	-	O
C66152099      none	B	[H:1][CX4H1:2]!@[OX2:3][!#1:4]	90.0021	0.00502866	-	-	-	-	R
C66152099      none	B	[O:1]=[CX3:2]!@[NX3H0:3][!#1:4]	30.2735	0.680979	-	-	-	-	O
C66152099      none	B	[O:1]=[C:2]([O-])!@[CX4H1:3][H:4]	89.9973	0.86741	-	-	-	-	O
C66152099      none	B	[cH1,n:1][c:2]!@[O:3][CH1:4]	-59.9937	0.582524	-	-	-	-	R
C66152099      none	B	[O-:1][N+:2](=O)!@[c:3]([cH,nX2H0])[cH,nX2H0:4]	179.964	23.2156	-	-	-	-	G
C45048952      none	B	[a:1][c:2]!@[CX4H2:3][a:4]	-90.0017	5.18797	-	-	-	-	G
C45048952      none	B	[a:1][c:2]!@[CX4H2:3][a:4]	90.3102	4.86842	-	-	-	-	G
C33519977      none	B	[$([c]([NH1,NH2])):1][c:2]!@[CX3:3]([!O])=[O:4]	-0.0226557	27.6243	-	-	-	-	G
C33519977      none	B	[$([C](=O)):1][NX3:2]!@[a:3](s)[a:4]	150.005	0.851064	-	-	-	-	R
C33519977      none	B	[O:1]=[CX3:2]!@[NX3H1:3][!#1:4]	-0.00175666	63.7893	-	-	-	-	G
C33519977      none	B	[O:1]=[CX3:2]!@[CX4H1r3:3][H:4]	-90.0037	0	-	-	-	-	R
C33519977      none	B	[O:1]=[CX3:2]!@[NX3H1:3][!#1:4]	0.00146576	63.7893	-	-	-	-	G
C33519977      none	B	[$([CX3]=O):1][NX3H1:2]!@[CX4H2:3][C:4] 	150.001	1.43139	-	-	-	-	O
C33519977      none	B	[!#1:1][CX4H2:2]!@[CX4H2:3][!#1:4]	-60.0056	3.77933	-	-	-	-	G
C33519977      none	B	[C:1][CX4H2:2]!@[CX3:3]=[O:4]	120.008	0.695249	-	-	-	-	O
C48356070      none	B	[a:1][a:2]!@[NX3:3][!#1:4]	29.9946	1.9288	-	-	-	-	O
C48356070      none	B	[*:1]~[NX3:2]!@[NX3:3]~[*:4]	120	2.59525	-	-	-	-	G
C48356070      none	B	[O:1]=[CX3:2]!@[NX3H1:3][!#1:4]	0.00658312	63.7893	-	-	-	-	G
C48356070      none	B	[C:1][CX4:2]!@[CX3:3]=[O:4]	-119.959	3.42432	-	-	-	-	G
C48356070      none	B	[*:1][$(S(=O)=O):2]!@[NX3H0r:3][*:4]	-89.9999	4.88152	-	-	-	-	G
C48356070      none	B	[aH1:1][c:2]([aH1])!@[SX4:3][!#1:4]	110.284	4.92809	-	-	-	-	G
C62913808      none	B	[C:1][CX4:2]!@[CX3:3]=[O:4]	-0.00383903	5.61823	-	-	-	-	G
C62913808      none	B	[O:1]=[CX3:2](a)!@[NX3H0:3][!#1:4]	-29.9993	1.17502	-	-	-	-	O
C62913808      none	B	[a:1][c:2]!@[C:3]([NH0])=[O:4]	120.274	4.19444	-	-	-	-	G
C62913808      none	B	[O-:1][N+:2](=O)!@[c:3]([cH0])[cH,nX2H0:4]	0.27271	12.6374	-	-	-	-	G
C21050214      none	B	[!#1:1][CX4:2]!@[SX2:3][!#1:4]	59.9917	7.53739	-	-	-	-	G
C21050214      none	B	[!#1:1][CX4H2:2]!@[CX4H2:3][!#1:4]	180	58.554	-	-	-	-	G
C21050214      none	B	[!#1:1][CX4:2]!@[CX4:3][!#1:4]	80.0011	1.75235	-	-	-	-	G
C21050214      none	B	[O:1]=[C:2]([O-])!@[CX4H1:3][H:4]	90.0074	0.86741	-	-	-	-	O
C21050214      none	B	[$(C=O):1][NX3H1:2]!@[CX4H1:3][H:4]	-30.0069	6.97413	-	-	-	-	G
C21050214      none	B	[O:1]=[CX3:2]([$([NX3H1]C)])!@[NX3H1:3][!#1:4]	179.996	9.5176	-	-	-	-	R
C21050214      none	B	[O:1]=[CX3:2]([$([NX3H1]C)])!@[NX3H1:3][!#1:4]	0.0115044	41.1343	-	-	-	-	G
C21050214      none	B	[$(C=O):1][NX3H1:2]!@[CX4H2:3][!#1:4]	-90.0015	7.86473	-	-	-	-	G
C21050214      none	B	[a:1][c:2]!@[CX4H2:3][!#1:4]	0.327003	2.24426	-	-	-	-	O
C62941199      none	B	[aH1:1][c:2]([aH1])!@[SX4:3][!#1:4]	-109.999	4.53328	-	-	-	-	G
C62941199      none	B	[O:1]=[C:2]([O-])!@[c:3][nX3H1:4]	180	34.7826	-	-	-	-	G
C62941199      none	B	[*:1][$(S(=O)=O):2]!@[NX3H0r:3][*:4]	-119.721	0.995261	-	-	-	-	G
C61938312      none	B	[O:1]=[CX3:2](a)!@[NX3H0:3][!#1:4]	149.997	2.50464	-	-	-	-	G
C61938312      none	B	[cH0:1][c:2]([cH1])!@[CX3:3]([NX3H0])=[O:4]	-29.9879	1.81818	-	-	-	-	R
C08918006      none	B	[*:1]~[NX2:2]!@[OX2:3]~[*:4]	149.994	0.691085	-	-	-	-	R
C08918006      none	B	[C:1][CX4H2:2]!@[OX2:3][!#1:4]	159.997	4.72228	-	-	-	-	G
C08918006      none	B	[O:1][CX4:2]!@[CX3:3]=[O:4]	-89.9898	0.491063	-	-	-	-	O
C08918006      none	B	[O:1]=[CX3:2]!@[NX3H0:3][!#1:4]	-179.676	18.2537	-	-	-	-	G
C08918006      none	B	[O:1]=[C:2]([O-])!@[CX4H1:3][H:4]	0.00585687	0.495663	-	-	-	-	O
C65621815      none	B	[O:1]=[CX3:2]!@[NX3H0:3][!#1:4]	150.001	1.73707	-	-	-	-	O
C65621815      none	B	N[C:2](=[O:1])!@[CH2:3][N:4]	-60.0003	0.14881	-	-	-	-	O
C65621815      none	B	[$([CX3]=O):1][NX3H1:2]!@[CX4H2:3][C:4] 	150.004	1.43139	-	-	-	-	O
C65621815      none	B	[O:1]=[CX3:2]!@[NX3H1:3][!#1:4]	-0.00299405	63.7893	-	-	-	-	G
C65621815      none	B	N[C:2](=[O:1])!@[CH2:3][N:4]	180	8.33333	-	-	-	-	G
C65621815      none	B	[$([CX3]=O):1][NX3H1:2]!@[CX4H2:3][C:4] 	89.9987	7.35439	-	-	-	-	G
C65621815      none	B	[O:1]=[CX3:2]!@[NX3H1:3][!#1:4]	-0.000995661	63.7893	-	-	-	-	G
C35848008      none	B	[cH0:1][c:2]([cH,nX2H0])!@[NX3H0:3][CX4:4]	90.283	2.06517	-	-	-	-	O
C35848008      none	B	[a:1][c:2]!@[CX4H1:3][H:4]	-85.6697	0.504612	-	-	-	-	O
C44608599      none	B	[OX2:1][CX4:2]!@[CX4:3][OX2:4]	179.953	13.4277	-	-	-	-	G
C44608599      none	B	[H:1][CX4H1:2]!@[OX2:3][!#1:4]	-40.2326	10.8116	-	-	-	-	G
C44608599      none	B	[*:1]~[OX2:2]!@[SX4:3]~[*:4]	40.0022	4.66479	-	-	-	-	G
C20624757      none	B	[a:1][a:2]!@[CX3:3]=[CX3H1:4]	-59.9987	1.10784	-	-	-	-	O
C20624757      none	B	[cH0:1][c:2]!@[CX4H1:3][CX3:4]	26.2166	0.351288	-	-	-	-	R
C20624757      none	B	[cH1:1][c:2]([cH1])!@[O:3][C:4]	-0.00539467	26.3009	-	-	-	-	G
C20624757      none	B	[cH0:1][c:2]([cH1])!@[O:3][C:4]	179.993	48.7454	-	-	-	-	G
C60442961      none	B	[O-:1][N+:2](=O)!@[c:3]([cH0])[cH,nX2H0:4]	90.0205	0.274725	-	-	-	-	O
C60442961      none	B	[aH0:1][c:2]([aH1])!@[SX4:3][!#1:4]	-69.9711	15.3236	-	-	-	-	G
C60442961      none	B	[c:1][S:2](=O)(=O)!@[NX2H0-:3]-[*:4]	-90.0032	2.77778	-	-	-	-	G
C60442961      none	B	[$(S(=O)(=O)):1][NH0:2]!@[c:3]([cH1])[cH0:4]	-90.2752	18.0328	-	-	-	-	G
C60442961      none	B	[c:1][c:2]([cH0])!@[c:3][nX2H0:4]	120.555	2.09836	-	-	-	-	O
C13135557      none	B	[*:1]~[CX3:2]!@[NX3:3]~[*:4]	-0.00107966	27.0519	-	-	-	-	G
C13135557      none	B	[*:1]~[NX3:2]!@[NX2:3]~[*:4]	179.999	29.4914	-	-	-	-	G
C13135557      none	B	[*:1]~[CX3:2]!@[NX2:3]~[*:4]	-29.6875	0.217973	-	-	-	-	O
C13135557      none	B	[!#1:1][CX4:2]!@[CX4:3][!#1:4]	39.9985	0.998355	-	-	-	-	G
C13135557      none	B	[O:1]=[CX3:2]([NH1])!@[CH2:3][C:4]	-120.002	0.124533	-	-	-	-	O
C13135557      none	B	[O:1]=[C:2]!@[NX3H1:3](C=O)[H:4]	179.993	35.6725	-	-	-	-	G
C13135557      none	B	[O:1]=[C:2]!@[NX3H1:3](C=O)[H:4]	0.0150124	23.6842	-	-	-	-	G
C50196650      none	B	[!#1:1][CX4:2]!@[CX4:3][!#1:4]	179.999	22.1548	-	-	-	-	G
C50196650      none	B	[$(C=O):1][NX3H1:2]!@[CX4H0:3][C:4]	-60.0033	14.7253	-	-	-	-	G
C50196650      none	B	[!#1:1][CX4H2:2]!@[CX4H2:3][!#1:4]	179.996	58.554	-	-	-	-	G
C50196650      none	B	[C:1][CX4H2:2]!@[CX3:3]=[O:4]	120.004	0.695249	-	-	-	-	O
C50196650      none	B	[O:1]=[CX3:2]([$([NX3H1]C)])!@[NX3H1:3][!#1:4]	0.00977713	41.1343	-	-	-	-	G
C50196650      none	B	[O:1]=[CX3:2]([$([NX3H1]C)])!@[NX3H1:3][!#1:4]	-0.00502087	41.1343	-	-	-	-	G
C50196650      none	B	[$(C=O):1][NX3:2]!@[a:3][aH0:4]	59.9967	2.5788	-	-	-	-	G
C62426781      none	B	[a:1][c:2]!@[CX4H1:3][H:4]	180	7.22227	-	-	-	-	G
C62426781      none	B	[a:1][ar5:2]!@[ar5:3][a:4]	30.3162	1.41221	-	-	-	-	O
C62426781      none	B	[cH0:1][c:2]!@[CX4H1:3][CX4:4]	56.6189	1.73972	-	-	-	-	O
C62426781      none	B	[O:1]=[C:2]([O-])!@[c:3][nX2H0:4]	-90.0397	0	-	-	-	-	G
C20593922      none	B	[$(C=O):1][NX3H0:2]!@[c:3]([cH1])[cH1:4]	-150.006	1.13754	-	-	-	-	G
C20593922      none	B	[$(C=O):1][NX3H0:2]!@[CX4H1:3][H:4]	90.0007	0.168067	-	-	-	-	R
C33523038      none	B	[C:1][CX4H2:2]!@[OX2:3][c:4]	-120.004	0.315856	-	-	-	-	R
C33523038      none	B	[cH1:1][c:2](cO)!@[O:3][C:4]	30.0057	0.429248	-	-	-	-	O
C33523038      none	B	[a:1][c:2]!@[CX4H1:3][N,O:4]	-121.599	3.08052	-	-	-	-	G
C33523038      none	B	[*^2:1]~[C^2:2]([!H])!@[C^2:3]~[*^2:4]	119.953	0.806964	-	-	-	-	G
C33523038      none	B	[$([C](=O)):1][NX3H0:2]!@[CX4H2:3][$([c]([cH,nX2H0])[cH,nX2H0]):4]	-90.062	11.8974	-	-	-	-	G
C33523038      none	B	[a:1][c:2]!@[CX4H2:3][!#1:4]	-89.7264	7.30446	-	-	-	-	G
C33523038      none	B	[a:1][a:2]!@[CX3:3]=[O:4]	-179.693	14.6728	-	-	-	-	G
C33523038      none	B	[cH0:1][c:2]([cH1])!@[O:3][C:4]	-89.9883	0.64732	-	-	-	-	R
C40218429      none	B	[cH0:1][c:2]([cH1])!@[CX3:3]([NX3H0])=[O:4]	-59.995	9.09091	-	-	-	-	G
C40218429      none	B	[O:1]=[CX3:2](a)!@[NX3H0:3][!#1:4]	0.279981	23.6549	-	-	-	-	G
C40218429      none	B	[H:1][CX4H1:2]!@[SX4:3][!#1:4]	-172.318	2.9563	-	-	-	-	G
C50254491      none	B	[$(S(=O)(=O)):1][NH1:2]!@[c:3]([cH0])[cH0:4]	-90.0268	14.1304	-	-	-	-	G
C50254491      none	B	[c:1][$(S(=O)=O):2]!@[NX3H1:3][c:4]	-90.0022	1.19863	-	-	-	-	G
C50254491      none	B	[aH0:1][c:2]([aH1])!@[SX4:3][!#1:4]	-110.318	1.0568	-	-	-	-	O
C67246547      none	B	[$(C=O):1][NX3H1:2]!@[CX4H1:3][H:4]	59.9981	6.22422	-	-	-	-	G
C67246547      none	B	[O:1]=[CX3:2]!@[NX3H1:3][!#1:4]	0.00866461	63.7893	-	-	-	-	G
C67246547      none	B	[O:1]=[CX3:2]!@[CX3:3]=[O:4]	-90.0093	4.15225	-	-	-	-	G
C67246547      none	B	[O:1]=[CX3:2]!@[NX3H0:3][!#1:4]	-179.716	18.2537	-	-	-	-	G
C67246547      none	B	[O:1]=[CX3:2]!@[NX3H0:3][!#1:4]	29.9943	0.680979	-	-	-	-	O
C67246547      none	B	[C:1][CX4:2]!@[CX3:3]=[O:4]	60.0535	2.38699	-	-	-	-	G
C16905017      none	B	[cH1:1][c:2]([cH1])!@[O:3][C:4]	29.9993	0.264964	-	-	-	-	O
C16905017      none	B	[a:1][c:2]!@[CX3:3]=[CX3H0:4]	119.993	3.34694	-	-	-	-	G
C16905017      none	B	[C:1][CX4H2:2]!@[OX2:3][c:4]	-120.002	0.315856	-	-	-	-	R
C16905017      none	B	[!#1:1][CX4H2:2]!@[CX4H2:3][!#1:4]	180	58.554	-	-	-	-	G
C16905017      none	B	[C:1][CX4H2:2]!@[CX3:3]=[O:4]	120.002	0.695249	-	-	-	-	O
C00121458      none	B	[aH1:1][c:2]([aH1])!@[SX4:3][!#1:4]	90.0047	12.916	-	-	-	-	G
C00121458      none	B	[*:1]~[N,n:2]!@[S:3]~[*:4]	180	8.16343	-	-	-	-	G
C45549125      none	B	[!#1:1][CX4:2]!@[CX4:3][!#1:4]	39.997	0.998355	-	-	-	-	G
C45549125      none	B	[N:1][CX4:2]!@[CX3:3]=[O:4]	-29.9921	5.37503	-	-	-	-	G
C45549125      none	B	[*:1]~[CX4:2]!@[NX4:3]~[*:4]	59.9994	15.3058	-	-	-	-	G
C45549125      none	B	[!#1:1][CX4H2:2]!@[CX4H2:3][!#1:4]	180	58.554	-	-	-	-	G
C45549125      none	B	[!#1:1][CX4:2]!@[SX2:3][!#1:4]	-59.9985	7.13757	-	-	-	-	G
C45549125      none	B	[aH1:1][c:2]([aH0])!@[SX2:3][!#1:4]	119.733	1.24514	-	-	-	-	O
C45549125      none	B	[*:1]~[CX4:2]!@[NX4:3]~[*:4]	-91.3759	0.698267	-	-	-	-	O
C13429890      none	B	[*:1][$(S(=O)=O):2]!@[NX3H0r:3][*:4]	-60.005	8.17536	-	-	-	-	G
C13429890      none	B	[aH1:1][c:2]([aH1])!@[SX4:3][!#1:4]	110.282	4.92809	-	-	-	-	G
C13429890      none	B	[cH1:1][c:2]([cH1])!@[C:3]([NH1,NH2])=[O:4]	26.7515	8.08167	-	-	-	-	G
C13429890      none	B	[O:1]=[CX3:2]!@[NX3H1:3][!#1:4]	-0.00340998	63.7893	-	-	-	-	G
C13429890      none	B	[$(C=O):1][NX3:2]!@[a:3][aH0:4]	-149.998	1.98526	-	-	-	-	O
C13429890      none	B	[O:1]=[C:2]([O-])!@[c:3]([cH1])[$([cH0][NH1,NH2]):4]	90.004	0	-	-	-	-	R
C41035113      none	B	[NH1:1][CX4:2]!@[CX3:3]=[O:4]	-150	4.5183	-	-	-	-	G
C41035113      none	B	[!#1:1][CX4:2]!@[NX3:3][!#1:4]	149.996	2.03596	-	-	-	-	G
C41035113      none	B	[a:1][c:2]!@[NX3H1:3][$([CX4r]([C;r])([C;r])):4]	60.0076	1.13636	-	-	-	-	R
C41035113      none	B	[O-:1][N+:2](=O)!@[c:3]([cH0])[cH,nX2H0:4]	0.189965	12.6374	-	-	-	-	G
C39325272      none	B	[C:1][CX4H2:2]!@[OX2:3][c:4]	-149.995	1.28448	-	-	-	-	O
C39325272      none	B	[cH1:1][c:2](cO)!@[O:3][C:4]	119.999	0.236827	-	-	-	-	R
C39325272      none	B	[a:1][c:2]!@[CX4H1:3][H:4]	150	3.71955	-	-	-	-	G
C39325272      none	B	[cH1:1][c:2](cO)!@[O:3][C:4]	-29.7256	0.458851	-	-	-	-	O
C39325272      none	B	[C:1][CX4H2:2]!@[OX2:3][c:4]	-59.9996	0.252685	-	-	-	-	G
C39325272      none	B	[OX2:1][CX4H2:2]!@[CX4H2:3][Nr:4]	179.998	8.33333	-	-	-	-	G
C39325272      none	B	[CX4:1][CX4H2:2]!@[NX3;"N_lp":3][CX4:4]	-76.3751	8.1206	-	-	-	-	G
C39325272      none	B	[O:1]=[CX3:2]!@[NX3H0:3][!#1:4]	0.000221279	25.0866	-	-	-	-	G
C13619827      none	B	[!#1:1][CX4H2:2]!@[CX4H2:3][!#1:4]	60.0025	3.99483	-	-	-	-	G
C13619827      none	B	[$([CX3]=O):1][NX3H1:2]!@[CX4H2:3][C:4] 	89.9994	7.35439	-	-	-	-	G
C13619827      none	B	[O:1]=[CX3:2]!@[NX3H1:3][!#1:4]	0.00309113	63.7893	-	-	-	-	G
C13619827      none	B	[cH1:1][c:2]([cH1])!@[C:3]([NH1,NH2])=[O:4]	-152.996	8.78518	-	-	-	-	G
C13619827      none	B	[$(C=O):1][NX3H1:2]!@[c:3]([cH1])[cH1:4]	30.2538	5.05437	-	-	-	-	G
C13619827      none	B	[O:1]=[CX3:2]!@[NX3H1:3][!#1:4]	7.33949e-06	63.7893	-	-	-	-	G
C13619827      none	B	[*^2:1]~[C^2:2]([!H])!@[C^2:3]~[*^2:4]	150.004	1.21045	-	-	-	-	G
C13619827      none	B	[*^2:1]~[C^2:2]([!H])!@[C^2:3]~[*^2:4]	-0.000384264	20.0453	-	-	-	-	G
C36127528      none	B	[a:1][c:2]!@[C:3]([NH0])=[O:4]	-29.9973	2.55556	-	-	-	-	G
C36127528      none	B	[O:1]=[CX3:2](a)!@[NX3H0:3][!#1:4]	-30.0001	1.17502	-	-	-	-	O
C36127528      none	B	[$([CX3]=O):1][NX3H0:2](C)!@[CX4H2:3][C:4]	-60.0017	0.686106	-	-	-	-	O
C36127528      none	B	[$(C=O):1][NX3H0:2]!@[CX4H1:3][H:4]	94.3217	0.168067	-	-	-	-	R
C36127528      none	B	[OX2:1][CX4H2:2]!@[CX4H2:3][N:4]	180	8.36763	-	-	-	-	G
C39408654      none	B	[C:1][CX4:2]!@[CX3:3]=[O:4]	119.999	3.75937	-	-	-	-	G
C39408654      none	B	[O:1]=[CX3:2]!@[NX3H1:3][!#1:4]	-0.00792737	63.7893	-	-	-	-	G
C39408654      none	B	[$(C=O):1][NX3H1:2]!@[CX4H1:3][H:4]	179.998	0.712411	-	-	-	-	R
C65739805      none	B	[OX2:1][CX4:2]!@[CX4:3][OX2:4]	-60.0547	16.2177	-	-	-	-	G
C65739805      none	B	[OX2:1][CX4:2]!@[CX4:3][OX2:4]	60.0042	14.3222	-	-	-	-	G
C13211835      none	B	[cH0:1][c:2]([cH,nX2H0])!@[NX3H1:3][CX4:4]	179.983	49.7854	-	-	-	-	G
C13211835      none	B	[aH0:1][c:2]([aH1])!@[SX4:3][!#1:4]	110.025	1.0568	-	-	-	-	O
C13211835      none	B	[O-:1][N+:2](=O)!@[c:3]([cH,nX2H0])[cH,nX2H0:4]	180	23.2156	-	-	-	-	G
C13211835      none	B	[*:1][$(S(=O)=O):2]!@[NX3H0r:3][*:4]	90.2754	4.85782	-	-	-	-	G
C13211835      none	B	[O:1]=[C:2]([O-])!@[CX4H1:3][H:4]	89.9914	0.86741	-	-	-	-	O
C13211835      none	B	[!#1:1][CX4H2:2]!@[NX3H1:3][!#1:4]	90.0005	6.33327	-	-	-	-	G
C13211835      none	B	[!#1:1][CX4H2:2]!@[CX4H2:3][!#1:4]	60.0004	3.99483	-	-	-	-	G
C48236037      none	B	[a:1][c:2]!@[C:3]([NH0])=[O:4]	119.999	4.19444	-	-	-	-	G
C48236037      none	B	[O:1]=[CX3:2](a)!@[NX3H0:3][!#1:4]	-179.725	9.67842	-	-	-	-	G
C48236037      none	B	[a:1][a:2]!@[NX3:3][!#1:4]	60.0028	1.72297	-	-	-	-	O
C48236037      none	B	[a:1][c:2]!@[CX4H1:3][H:4]	-55.6694	1.09004	-	-	-	-	G
C07405507      none	B	[O:1]=[C:2]([N])!@[O:3]~[C:4]	-0.00439077	57.729	-	-	-	-	G
C07405507      none	B	[O:1]=[CX3:2]!@[NX3H1:3][!#1:4]	0.00687755	63.7893	-	-	-	-	G
C07405507      none	B	[*:1]~[NX3:2]!@[NX3:3]~[*:4]	119.997	2.59525	-	-	-	-	G
C07405507      none	B	[*:1][$(S(=O)=O):2]!@[NX3H1:3][*:4]	59.9985	8.81913	-	-	-	-	G
C07405507      none	B	[aH1:1][c:2]([aH1])!@[SX4:3][!#1:4]	90.2711	12.916	-	-	-	-	G
C20258811      none	B	[cH0:1][c:2]([cH1])!@[O:3][C:4]	-90.0198	0.64732	-	-	-	-	R
C20258811      none	B	[O:1]=[C:2]([O-])!@[c:3]([cH1])[cH1:4]	179.975	7.35294	-	-	-	-	G
C20258811      none	B	[a:1][a:2]!@[NX3:3][!#1:4]	-90.0256	1.65296	-	-	-	-	O
C20258811      none	B	[!#1:1][CX3:2](=S)!@[NX3H1:3][!#1:4]	180	37.0618	-	-	-	-	G
C20258811      none	B	[$(C=O):1][NX3H1:2]!@[CX3:3]=[*H0:4]	180	33.8082	-	-	-	-	G
C20258811      none	B	[O:1]=[CX3:2]!@[NX3H1:3][!#1:4]	-0.0049651	63.7893	-	-	-	-	G
C20258811      none	B	[cH1:1][c:2]([cH1])!@[C:3]([NH1,NH2])=[O:4]	-26.9912	8.39053	-	-	-	-	G
C16740995      none	B	[CH0:1][NX3:2]([CH1])!@[c:3][a:4]	-119.999	2.69414	-	-	-	-	G
C16740995      none	B	[*:1]~[CX3:2]!@[NX2:3]~[*:4]	-89.9986	0.0956023	-	-	-	-	G
C16740995      none	B	[N:1][C:2](=O)!@[CX4H2:3][CX4H2:4]	120.004	5.31335	-	-	-	-	G
C16740995      none	B	[!#1:1][CX4H2:2]!@[CX4H2:3][!#1:4]	-60.0034	3.77933	-	-	-	-	G
C16740995      none	B	[C:1][CX4H2:2]!@[CX3:3]=[O:4]	120.004	0.695249	-	-	-	-	O
C37269418      none	B	[$([c]([NH1,NH2])):1][c:2]!@[CX3:3]([!O])=[O:4]	119.972	0	-	-	-	-	R
C37269418      none	B	[O:1]=[CX3:2](a)!@[NX3H0:3][!#1:4]	-30.0011	1.17502	-	-	-	-	O
C37269418      none	B	[$([CX3]=O):1][NX3H0:2](C)!@[CX4H2:3][C:4]	-89.9974	15.9949	-	-	-	-	G
C37269418      none	B	N[C:2](=[O:1])!@[CH2:3][N:4]	90.003	0	-	-	-	-	R
C25721154      none	B	[O:1]=[CX3:2]!@[NX3H1:3][!#1:4]	-0.00686172	63.7893	-	-	-	-	G
C25721154      none	B	[$(C=O):1][NX3H1:2]!@[CX4H1:3][H:4]	-29.9942	6.97413	-	-	-	-	G
C25721154      none	B	[OX2:1][CX4:2]!@[CX4:3][OX2:4]	-39.9391	0.393994	-	-	-	-	O
C17174257      none	B	[aH1:1][c:2]([aH1])!@[SX4:3][!#1:4]	89.9964	12.916	-	-	-	-	G
C17174257      none	B	[a:1][a:2]!@[NX3:3][!#1:4]	29.9989	1.9288	-	-	-	-	O
C17174257      none	B	[*:1]~[CX3:2]!@[NX3:3]~[*:4]	119.999	0.164173	-	-	-	-	G
C17174257      none	B	[c:1][S:2](=O)(=O)!@[NX2H0-:3]-[*:4]	-59.9958	11.1111	-	-	-	-	G
C17174257      none	B	[$(S(=O)(=O)):1][N:2]!@[c:3][a:4]	119.999	2.34375	-	-	-	-	G
C49369924      none	B	[O:1]=[CX3:2]!@[NX3H1:3][!#1:4]	-0.00877146	63.7893	-	-	-	-	G
C49369924      none	B	[$([CX3]=O):1][NX3H1:2]!@[CX4H2:3][C:4] 	60.0073	1.1846	-	-	-	-	G
C49369924      none	B	[!#1:1][CX4H2:2]!@[CX4H2:3][!#1:4]	59.9942	3.99483	-	-	-	-	G
C49369924      none	B	[$([CX3]=O):1][NX3H1:2]!@[CX4H2:3][C:4] 	-119.992	2.61599	-	-	-	-	O
C49369924      none	B	[O:1]=[CX3:2]!@[NX3H1:3][!#1:4]	-0.00558779	63.7893	-	-	-	-	G
C49369924      none	B	[O:1]=[CX3:2]!@[NX3H0:3][!#1:4]	30.2765	0.680979	-	-	-	-	O
C49369924      none	B	[O:1]=[CX3:2]!@[NX3H0:3][!#1:4]	179.997	18.2537	-	-	-	-	G
C49369924      none	B	[O:1]=[C:2]([N])!@[O:3]~[C:4]	-0.00157358	57.729	-	-	-	-	G
C05725590      none	B	[O:1]=[C:2]([O-])!@[CX4H1:3][H:4]	0.0029545	0.495663	-	-	-	-	O
C05725590      none	B	[C:1][CX4:2]!@[CX3:3]=[O:4]	180	0.827213	-	-	-	-	G
C05725590      none	B	[O:1]=[CX3:2]!@[NX3H1:3][!#1:4]	-0.00784982	63.7893	-	-	-	-	G
C05725590      none	B	[$([C](=O)):1][NX3:2]!@[a:3](s)[a:4]	150.333	0.851064	-	-	-	-	R
C61809611      none	B	[a:1][c:2]!@[C:3]([NH0])=[O:4]	-90.0046	2.91667	-	-	-	-	G
C61809611      none	B	[O:1]=[CX3:2](a)!@[NX3H0:3][!#1:4]	0.00427804	23.6549	-	-	-	-	G
C61809611      none	B	[$([CX3]=O):1][NX3H0:2](C)!@[CX4H2:3][C:4]	90.0011	14.7513	-	-	-	-	G
C61809611      none	B	[$([CX3]=O):1][NX3H0:2](C)!@[CX4H2:3][C:4]	-120.002	2.31561	-	-	-	-	O
C61809611      none	B	N[C:2](=[O:1])!@[CH2:3][N:4]	89.9929	0	-	-	-	-	R
C61809611      none	B	N[C:2](=[O:1])!@[CH2:3][N:4]	-119.997	0.892857	-	-	-	-	G
C43509242      none	B	[NH1:1][CX4:2]!@[CX3:3]=[O:4]	149.995	9.89432	-	-	-	-	G
C43509242      none	B	[$(C=O):1][NX3H1:2]!@[CX4H1:3][H:4]	179.999	0.712411	-	-	-	-	R
C43509242      none	B	[O:1]=[CX3:2]!@[NX3H1:3][!#1:4]	0.00556035	63.7893	-	-	-	-	G
C43509242      none	B	[$(C=O):1][NX3H1:2]!@[CX4H0:3][C:4]	-59.5416	14.7253	-	-	-	-	G
C43509242      none	B	[NH1:1][CX4:2]!@[CX3:3]=[O:4]	90.0024	0.183795	-	-	-	-	R
C43509242      none	B	[O:1]=[CX3:2]!@[NX3H1:3][!#1:4]	-0.00147457	63.7893	-	-	-	-	G
C43509242      none	B	[a:1][c:2]!@[C:3]([NH1,NH2])=[O:4]	0.309556	9.67683	-	-	-	-	G
C17327933      none	B	[!#1:1][CH2:2]!@[n:3][cH0:4]	-134.998	0.892478	-	-	-	-	R
C17327933      none	B	[!#1:1][CX4H2:2]!@[CX4H2:3][!#1:4]	60.0023	3.99483	-	-	-	-	G
C17327933      none	B	[!#1:1][CX4H2:2]!@[CX4H2:3][!#1:4]	179.998	58.554	-	-	-	-	G
C17327933      none	B	[O:1]=[CX3:2]([NH1])!@[CH2:3][C:4]	-29.9947	4.73225	-	-	-	-	G
C17327933      none	B	[O:1]=[CX3:2]!@[NX3H1:3][!#1:4]	-0.00203347	63.7893	-	-	-	-	G
C35320614      none	B	[$(C=O):1][NX3H1:2]!@[c:3]([cH1])[cH1:4]	29.977	5.05437	-	-	-	-	G
C35320614      none	B	[aH1:1][c:2]([aH1])!@[SX4:3][!#1:4]	-89.9984	12.5987	-	-	-	-	G
C35320614      none	B	[O:1]=[CX3:2]!@[NX3H1:3][!#1:4]	-0.00289243	63.7893	-	-	-	-	G
C35320614      none	B	[O:1]=[CX3:2](O)!@[CX3:3]([$([NH1,NH2,CH2])])=[O:4]	180	20	-	-	-	-	G
C40103062      none	B	[C:1][CX4H2:2]!@[OX2:3][c:4]	-149.998	1.28448	-	-	-	-	O
C40103062      none	B	[cH1:1][c:2]([cH1])!@[O:3][C:4]	150.277	0.199809	-	-	-	-	O
C40103062      none	B	[a:1][c:2]!@[CX4H1:3][N,O:4]	-28.4193	3.61778	-	-	-	-	G
C40103062      none	B	[*^2:1]~[C^2:2]([!H])!@[C^2:3]~[*^2:4]	-120.014	0.661024	-	-	-	-	G
C40103062      none	B	[$([CX3]=O):1][NX3H0:2](C)!@[CX4H2:3][C:4]	120.027	2.74443	-	-	-	-	O
C40103062      none	B	[OX2:1][CX4H2:2]!@[CX4H2:3][Nr:4]	180	8.33333	-	-	-	-	G
C40103062      none	B	[cH1:1][c:2]([cH1])!@[CX3:3]([CX3H0])=[O:4]	-179.744	9.0847	-	-	-	-	G
C40103062      none	B	[cH1:1][c:2]([cH1])!@[O:3][C:4]	180	26.896	-	-	-	-	G
C40103062      none	B	[c:1][CX4H2:2]!@[OX2:3][c:4]	180	39.7757	-	-	-	-	G
C40103062      none	B	[a:1][c:2]!@[CX4H2:3][!#1:4]	-149.733	1.39181	-	-	-	-	O
C54453012      none	B	[!#1:1][CH2:2]!@[n:3][a:4]	90.0002	13.2097	-	-	-	-	G
C54453012      none	B	[O-:1][N+:2](=O)!@[c:3]([cH,nX2H0])[cH,nX2H0:4]	179.972	23.2156	-	-	-	-	G
C54453012      none	B	[!#1:1][CX4H2:2]!@[CX3:3]=[O:4]	119.998	0.613497	-	-	-	-	G
C54453012      none	B	[*^2:1]~[C^2:2]([!H])!@[C^2:3]~[*^2:4]	120.009	0.806964	-	-	-	-	G
C54453012      none	B	[*:1]~[CX3:2]!@[NX3:3]~[*:4]	89.9961	0.0573688	-	-	-	-	R
C54453012      none	B	[C:1][CX4:2]!@[NX3:3][C:4]	79.9961	4.97681	-	-	-	-	G
C08204571      none	B	[OX2:1][CX4:2]!@[CX4:3][OX2:4]	39.9205	0.511128	-	-	-	-	O
C12414153      none	B	[cH1,n:1][c:2]!@[O:3][CRH1:4]	-60.0031	0.609756	-	-	-	-	R
C12414153      none	B	[H:1][CX4H1:2]!@[OX2:3][!#1:4]	30.0033	9.32817	-	-	-	-	G
C12414153      none	B	[$(C=O):1][NX3H1:2]!@[CX4H1:3][H:4]	59.9968	6.22422	-	-	-	-	G
C12414153      none	B	[O:1]=[CX3:2]!@[NX3H1:3][!#1:4]	-0.00611347	63.7893	-	-	-	-	G
C51450097      none	B	[O:1]=[CX3:2]!@[NX3H1:3][!#1:4]	-0.011791	63.7893	-	-	-	-	G
C51450097      none	B	[$(C=O):1][NX3H1:2]!@[c:3]([cH1])[cH1:4]	90.0024	0.0402739	-	-	-	-	R
C51450097      none	B	[$(C=O):1][NX3H1:2]!@[c:3]([cH1])[cH1:4]	29.9677	5.05437	-	-	-	-	G
C51450097      none	B	[O:1]=[CX3:2]!@[NX3H1:3][!#1:4]	-0.000521316	63.7893	-	-	-	-	G
C51450097      none	B	[*^2:1]~[C^2:2]([!H])!@[C^2:3]~[*^2:4]	180	19.9269	-	-	-	-	G
C51450097      none	B	[CX3:1]=[CX3:2]!@[CH1:3](C)[C:4]	-124.327	10.437	-	-	-	-	G
C51450097      none	B	[a:1][c:2]!@[CX4H1:3][H:4]	55.9761	1.05062	-	-	-	-	G
C09348652      none	B	[*:1]~[NX2:2]!@[NX2:3]~[*:4]	-90.0045	0.0449035	-	-	-	-	R
C09348652      none	B	[!#1:1][CX4:2]!@[CX4:3][!#1:4]	180	22.1548	-	-	-	-	G
C09348652      none	B	[O:1]=[CX3:2]([NH1])!@[CH2:3][C:4]	89.9992	2.11706	-	-	-	-	O
C09348652      none	B	[O:1]=[CX3:2]!@[NX3H1:3][!#1:4]	-0.00606721	63.7893	-	-	-	-	G
C09348652      none	B	[$([CX3]=O):1][NX3H1:2]!@[CX4H2:3][C:4] 	180	6.46594	-	-	-	-	G
C09348652      none	B	[NH1:1][CX4:2]!@[CX3:3]=[O:4]	-120	0.275693	-	-	-	-	G
C37855447      none	B	[O:1]=[CX3:2]!@[NX3H0:3][!#1:4]	30.0008	0.680979	-	-	-	-	O
C37855447      none	B	N[C:2](=[O:1])!@[CH2:3][N:4]	-29.9925	4.7619	-	-	-	-	G
C37855447      none	B	[*:1]~[CX4:2]!@[NX4:3]~[*:4]	180	15.0612	-	-	-	-	G
C37855447      none	B	[*:1]~[CX4:2]!@[NX4:3]~[*:4]	180	15.0612	-	-	-	-	G
C37855447      none	B	[OX2:1][CX4:2]!@[CX4:3][N:4]	179.999	9.8427	-	-	-	-	G
C37855447      none	B	[OX2:1][CX4:2]!@[CX4:3][N:4]	180	9.8427	-	-	-	-	G
C37855447      none	B	[CX4:1][CX4H2:2]!@[NX3;"N_lp":3][CX4:4]	-156.369	6.65327	-	-	-	-	G
C36857960      none	B	[O-:1][N+:2](=O)!@[c:3]([cH,nX2H0])[cH,nX2H0:4]	179.989	23.2156	-	-	-	-	G
C36857960      none	B	[*:1]~[CX4:2]!@[n:3]~[*:4]	98.6172	2.49266	-	-	-	-	G
C36857960      none	B	[a:1][c:2]!@[C:3]([NH1,NH2])=[O:4]	-119.999	0.626362	-	-	-	-	G
C36857960      none	B	[O:1]=[CX3:2]!@[NX3H1:3][!#1:4]	-0.00255511	63.7893	-	-	-	-	G
C36857960      none	B	[$(C=O):1][NX3H1:2]!@[CX4H1:3][H:4]	-30.0055	6.97413	-	-	-	-	G
C36857960      none	B	[OX2:1][CX4:2]!@[CX4:3][N:4]	60.0035	15.2809	-	-	-	-	G
C36857960      none	B	[O:1]=[C:2]([O-])!@[CX4H1:3][H:4]	0.00596548	0.495663	-	-	-	-	O
C47683915      none	B	[O:1]=[CX3:2]!@[NX3H1:3][!#1:4]	0.045297	63.7893	-	-	-	-	G
C47683915      none	B	[*:1]~[NX3:2]!@[NX3:3]~[*:4]	89.9778	3.54776	-	-	-	-	G
C47683915      none	B	[O:1]=[CX3:2]!@[NX3H1:3][!#1:4]	0.00656267	63.7893	-	-	-	-	G
C47683915      none	B	N[C:2](=[O:1])!@[CH2:3][N:4]	150.003	3.125	-	-	-	-	G
C47683915      none	B	[$([CX3]=O):1][NX3H1:2]!@[CX4H2:3][C:4] 	89.9964	7.35439	-	-	-	-	G
C47683915      none	B	[O:1]=[CX3:2]!@[NX3H1:3][!#1:4]	0.000611379	63.7893	-	-	-	-	G
C47683915      none	B	[cH1:1][c:2]([cH1])!@[C:3]([NH1,NH2])=[O:4]	152.993	9.05971	-	-	-	-	G
C33334991      none	B	[CX3H0:1]=[CX3H0:2]!@[CX3:3]=[CX3H0:4]	40.0099	0.628931	-	-	-	-	G
C33334991      none	B	[*:1]~[CX3:2]!@[NX3:3]~[*:4]	-0.00843091	27.0519	-	-	-	-	G
C33334991      none	B	[*:1]~[CX3:2]!@[NX3:3]~[*:4]	59.9969	0.126334	-	-	-	-	G
C35003375      none	B	[C:1][CH2:2]!@[O:3][CX4:4]	-80.0052	1.18773	-	-	-	-	G
C35003375      none	B	[!#1:1][CX4H2:2]!@[CX4H2:3][!#1:4]	-59.9968	3.77933	-	-	-	-	G
C35003375      none	B	[!#1:1][CX4H2:2]!@[CX4H2:3][!#1:4]	179.998	58.554	-	-	-	-	G
C35003375      none	B	[$([CX3]=O):1][NX3H0:2](C)!@[CX4H2:3][C:4]	59.6917	0.600343	-	-	-	-	O
C35003375      none	B	[a:1][c:2]!@[CX4H1:3][N,O:4]	60.0022	3.42939	-	-	-	-	G
C35003375      none	B	[*^2:1]~[C^2:2]([!H])!@[C^2:3]~[*^2:4]	-90.0306	1.27397	-	-	-	-	G
C35003375      none	B	[cH1:1][c:2]([cH1])!@[CX3:3]([CX3H0])=[O:4]	-179.726	9.0847	-	-	-	-	G
C35003375      none	B	[O-:1][N+:2](=O)!@[c:3]([cH,nX2H0])[cH,nX2H0:4]	-179.839	23.2156	-	-	-	-	G
C28066256      none	B	[cH1:1][c:2]([cH1])!@[CX3:3]=[NX2:4]	-149.687	2.34391	-	-	-	-	G
C28066256      none	B	[*:1]~[CX3:2]!@[NX3:3]~[*:4]	-179.668	27.0317	-	-	-	-	G
C28066256      none	B	[a:1][c:2]!@[CX4H1:3][N,O:4]	150.277	3.7643	-	-	-	-	G
C28066256      none	B	[!#1:1][CX4:2]!@[CX4:3][!#1:4]	79.9997	1.75235	-	-	-	-	G
C28066256      none	B	[O:1]=[CX3:2]([NH1])!@[CH2:3][C:4]	-30.0022	4.73225	-	-	-	-	G
C28066256      none	B	[O:1]=[CX3:2]!@[NX3H1:3][!#1:4]	0.0128825	63.7893	-	-	-	-	G
C28066256      none	B	[$(C=O):1][NX3H1:2]!@[c:3]([cH1])[cH1:4]	149.998	5.05437	-	-	-	-	G
C28066256      none	B	[O:1]=[C:2]([O-])!@[c:3]([cH1])[cH1:4]	-179.789	7.35294	-	-	-	-	G
C28559086      none	B	[!#1:1][CH2:2]!@[n:3][cH0:4]	-89.7223	15.4696	-	-	-	-	G
C28559086      none	B	[a:1][a:2]!@[NX3:3][!#1:4]	90.2751	1.62893	-	-	-	-	O
C28559086      none	B	[!#1:1][CX3:2](=S)!@[NX3H0:3][!#1:4]	29.9939	1.07914	-	-	-	-	O
C42808217      none	B	[C:1][CH2:2]!@[O:3][CX4:4]	-79.9986	1.18773	-	-	-	-	G
C42808217      none	B	[!#1:1][CX4H2:2]!@[CX4H2:3][!#1:4]	180	58.554	-	-	-	-	G
C42808217      none	B	[!#1:1][CX4:2]!@[SX4:3][!#1:4]	-172.256	7.34737	-	-	-	-	G
C42808217      none	B	[C:1][$(S(=O)=O):2]!@[NX3H1:3][C:4]	-90.0053	6.12245	-	-	-	-	G
C42808217      none	B	[$(S(=O)(=O)):1][NX3H1:2]!@[CX4H1:3][H:4]	30.0091	11.9705	-	-	-	-	G
C42808217      none	B	[OX2:1][CX4:2]!@[CX4:3][N:4]	-59.9971	14.8764	-	-	-	-	G
C42808217      none	B	[O:1]=[C:2]([O-])!@[CX4H1:3][H:4]	-0.00511581	0.495663	-	-	-	-	O
C65740709      none	B	[*:1]~[CX4:2]!@[n:3]~[*:4]	149.995	3.15253	-	-	-	-	G
C65740709      none	B	[OX2:1][CX4:2]!@[CX4:3][OX2:4]	-35.147	0.393994	-	-	-	-	O
C65399244      none	B	[!#1:1][CH2:2]!@[n:3][cH0:4]	-89.9976	15.4696	-	-	-	-	G
C65399244      none	B	[!#1:1][CX4H2:2]!@[CX4H2:3][!#1:4]	-60.0008	3.77933	-	-	-	-	G
C65399244      none	B	[!#1:1][CX4H2:2]!@[NX3H1:3][!#1:4]	-119.993	2.14327	-	-	-	-	O
C65399244      none	B	[a:1][a:2]!@[NX3:3][!#1:4]	160.281	2.58602	-	-	-	-	G
C65399244      none	B	[cH0:1][c:2]([cH,nX2H0])!@[NX3H0:3][CX4:4]	150.332	2.61588	-	-	-	-	G
C48518751      none	B	[aH1:1][c:2]([aH1])!@[SX4:3][!#1:4]	-90.0072	12.5987	-	-	-	-	G
C48518751      none	B	[a:1][c:2]!@[C:3]([NH1,NH2])=[O:4]	0.00847363	9.67683	-	-	-	-	G
C48518751      none	B	[*:1]~[N,n:2]!@[S:3]~[*:4]	-59.9992	4.40087	-	-	-	-	G
C48518751      none	B	[!#1:1][CX4:2]!@[CX3H0:3][!#1:4]	150.004	3.04782	-	-	-	-	G
C48518751      none	B	[!#1:1][CX4H2:2]!@[CX4H2:3][!#1:4]	180	58.554	-	-	-	-	G
C48518751      none	B	[!#1:1][CX4H2:2]!@[CX4H2:3][!#1:4]	60.0019	3.99483	-	-	-	-	G
C48518751      none	B	[C:1][CH2:2]!@[O:3][CX4:4]	79.9951	1.71561	-	-	-	-	G
C33759898      none	B	[aH1:1][c:2]([aH1])!@[SX4:3][!#1:4]	90.0015	12.916	-	-	-	-	G
C33759898      none	B	[O-:1][N+:2](=O)!@[c:3]([cH,nX2H0])[cH,nX2H0:4]	179.913	23.2156	-	-	-	-	G
C33759898      none	B	[aH0:1][c:2]([aH1])!@[SX4:3][!#1:4]	89.6794	4.49141	-	-	-	-	G
C33759898      none	B	[$(S(=O)(=O)):1][N:2]!@[c:3][a:4]	120.001	2.34375	-	-	-	-	G
C33759898      none	B	[c:1][S:2](=O)(=O)!@[NX2H0-:3]-[*:4]	-59.9976	11.1111	-	-	-	-	G
C33759898      none	B	[aH1:1][c:2]([aH1])!@[SX4:3][!#1:4]	-89.7252	12.5987	-	-	-	-	G
C04713140      none	B	[a:1][ar6:2]!@[ar5:3][a:4]	-179.714	7.27752	-	-	-	-	G
C04713140      none	B	[a:1][a:2]!@[NX3:3][!#1:4]	180	11.4213	-	-	-	-	G
C04713140      none	B	[*:1]~[NX3:2]!@[NX2:3]~[*:4]	-59.9986	0.223687	-	-	-	-	R
C04713140      none	B	[cH1:1][c:2]([cH1])!@[CX3:3]=[NX2:4]	-179.729	13.9437	-	-	-	-	G
C05759551      none	B	[a:1][c:2]!@[C:3]([NH1,NH2])=[O:4]	0.0121123	9.67683	-	-	-	-	G
C05759551      none	B	[a:1][c:2]!@[CX4H1:3][N,O:4]	27.9173	3.56196	-	-	-	-	G
C05759551      none	B	[OX2:1][CX4:2]!@[CX4:3][OX2:4]	178.156	13.4277	-	-	-	-	G
C05908902      none	B	[OX2:1][CX4:2]!@[CX4:3][OX2:4]	78.8659	2.87509	-	-	-	-	G
C41581318      none	B	[cH1,nX2H0:1][c:2]([cH1,nX2H0])!@[NX3r:3][*:4]	-89.9982	1.92406	-	-	-	-	O
C05732067      none	B	[H:1][CX4H1:2]!@[O:3][CX4:4]	-40.002	11.8876	-	-	-	-	G
C05732067      none	B	[OX2:1][CX4:2]!@[CX4:3][OX2:4]	60.042	14.3222	-	-	-	-	G
C16249313      none	B	[a:1][c:2]!@[CX3:3]=[CX3H0:4]	120.005	3.34694	-	-	-	-	G
C61844633      none	B	[nX2H0:1][c:2]!@[c:3][nX3H1:4]	0.288841	50.5435	-	-	-	-	G
C61844633      none	B	[a:1][c:2]!@[CX4H1:3][N,O:4]	-59.875	3.48172	-	-	-	-	G
C54699496      none	B	[a:1][c:2]!@[CX4H1:3][H:4]	-0.0027352	6.54616	-	-	-	-	G
C54699496      none	B	[a:1][c:2]!@[CX4H1:3][H:4]	120.006	1.00725	-	-	-	-	G
C54699496      none	B	[O:1]=[C:2]([O-])!@[CX4H1:3][H:4]	90.0012	0.86741	-	-	-	-	O
C49212185      none	B	[a:1][c:2]!@[CX4H1:3][H:4]	179.994	7.22227	-	-	-	-	G
C49212185      none	B	[O:1]=[CX3:2]!@[NX3H0:3][!#1:4]	-150.001	1.37927	-	-	-	-	O
C49212185      none	B	[O:1]=[CX3:2]!@[NX3H1:3][!#1:4]	-29.9957	0.0303061	-	-	-	-	O
C49212185      none	B	[$(C=O):1][NX3H1:2]!@[c:3]([cH1])[cH1:4]	-0.00139124	7.77286	-	-	-	-	G
C15020060      none	B	[$(C=O):1][NX3H0:2]!@[c:3]([cH1])[cH1:4]	-29.702	1.1203	-	-	-	-	G
C15020060      none	B	[cH1:1][c:2]([cH1])!@[C:3]([NH1,NH2])=[O:4]	-90.0323	0	-	-	-	-	R
C15020060      none	B	[O:1]=[CX3:2]!@[NX3H1:3][!#1:4]	0.00778941	63.7893	-	-	-	-	G
C05478132      none	B	[a:1][a:2]!@[NX3:3][!#1:4]	30.0031	1.9288	-	-	-	-	O
C05478132      none	B	[*:1]~[NX3:2]!@[NX2:3]~[*:4]	-149.997	0.364964	-	-	-	-	O
C05478132      none	B	[*:1]~[cX3:2]!@[NX2:3]~[*:4]	-149.69	1.73726	-	-	-	-	O
C58368888      none	B	[N:1][CX4:2]!@[CX3:3]=[O:4]	89.9935	0.374597	-	-	-	-	O
C58368888      none	B	[C:1][CX4:2]!@[NX3;"N_lp":3][C:4]	75.694	5.94326	-	-	-	-	G
C58368888      none	B	[O:1]=[C:2]!@[NX3H1:3](C=O)[H:4]	179.996	35.6725	-	-	-	-	G
C58368888      none	B	[O:1]=[C:2]([NH1])!@[NX3H1:3](C=O)[H:4]	0.00225436	58.9474	-	-	-	-	G
C58368888      none	B	[O:1]=[CX3:2]([$([NX3H1]C)])!@[NX3H1:3][!#1:4]	0.00936308	41.1343	-	-	-	-	G
C58368888      none	B	[O:1]=[CX3:2]!@[NX3H0:3][!#1:4]	-149.995	1.37927	-	-	-	-	O
C58368888      none	B	[C:1][CX4:2]!@[CX3:3]=[O:4]	-120.012	3.42432	-	-	-	-	G
C31161917      none	B	[C:1][CX4:2]!@[CX3:3][C:4]	90.0011	3.09142	-	-	-	-	G
C31161917      none	B	[CX3:1]=[CX3:2]!@[CH2:3][OX2:4]	150.002	1.83206	-	-	-	-	G
C31161917      none	B	[C:1][CH2:2]!@[O:3][CX4:4]	179.999	35.2689	-	-	-	-	G
C31161917      none	B	[C:1][CH2:2]!@[O:3][CX4:4]	180	35.2689	-	-	-	-	G
C31161917      none	B	[OX2:1][CX4:2]!@[CX4:3][OX2:4]	-60	16.2177	-	-	-	-	G
C31161917      none	B	[OX2:1][CX4:2]!@[CX4:3][N:4]	59.9922	15.2809	-	-	-	-	G
C31161917      none	B	[O:1]=[C:2]([O-])!@[CX4H1:3][H:4]	0.0123686	0.495663	-	-	-	-	O
C31161917      none	B	[$(C=O):1][NX3H1:2]!@[CX4H1:3][H:4]	-0.00276057	8.26772	-	-	-	-	G
C31161917      none	B	[O:1]=[CX3:2]!@[NX3H1:3][!#1:4]	-0.00111471	63.7893	-	-	-	-	G
C18077315      none	B	[nX2H0:1][c:2]([nX2H0])!@[NX3H1:3][C,c:4]	-29.9986	0.299401	-	-	-	-	R
C18077315      none	B	[*:1]~[CX3:2]!@[NX3:3]~[*:4]	-30.006	0.593829	-	-	-	-	G
C18077315      none	B	[*:1]~[CX3:2]!@[NX2:3]~[*:4]	6.02452e-06	40.1033	-	-	-	-	G
C18077315      none	B	[*:1]~[CX3:2]!@[NX2:3]~[*:4]	120.002	0.114723	-	-	-	-	G
C18077315      none	B	[!#1:1][CX4H2:2]!@[CX3:3]=[O:4]	59.9963	1.20812	-	-	-	-	G
C18077315      none	B	[!#1:1][CX4:2]!@[SX2:3][!#1:4]	-150.001	1.30312	-	-	-	-	G
C18077315      none	B	[aH0:1][c:2]([aH0])!@[SX2:3][!#1:4]	-89.9971	3.32646	-	-	-	-	G
C18077315      none	B	[*:1]~[CX4:2]!@[NX2:3]~[*:4]	-150	1.74411	-	-	-	-	G
C18077315      none	B	[!#1:1][CX4H2:2]!@[CX4H2:3][!#1:4]	179.992	58.554	-	-	-	-	G
C18077315      none	B	[cH0:1][c:2]!@[CX4H2:3][CX4:4]	-89.9954	18.481	-	-	-	-	G
C13211305      none	B	[cH1:1][c:2]([cH0])!@[O:3][c:4]	-89.9773	3.22581	-	-	-	-	G
C13211305      none	B	[O-:1][N+:2](=O)!@[c:3]([cH0])[cH,nX2H0:4]	-0.0398876	12.6374	-	-	-	-	G
C13211305      none	B	[cH1:1][c:2]([cH0])!@[O:3][c:4]	0.268666	9.46237	-	-	-	-	G
C13211305      none	B	[O-:1][N+:2](=O)!@[c:3]([cH,nX2H0])[cH,nX2H0:4]	179.984	23.2156	-	-	-	-	G
C13211305      none	B	[aH0:1][c:2]([aH1])!@[SX4:3][!#1:4]	-90.3181	5.01982	-	-	-	-	O
C13211305      none	B	[*:1][$(S(=O)=O):2]!@[NX3H0r:3][*:4]	60.286	7.32227	-	-	-	-	G
C13211305      none	B	[O:1]=[C:2]([O-])!@[CX4H1:3][H:4]	89.9994	0.86741	-	-	-	-	O
C35003010      none	B	[cH1:1][c:2]([cH1])!@[CX3:3]([CX3H0])=[O:4]	119.995	0.34153	-	-	-	-	R
C35003010      none	B	[*^2:1]~[C^2:2]([!H])!@[C^2:3]~[*^2:4]	150.312	1.21045	-	-	-	-	G
C35003010      none	B	[$([CX3]=O):1][NX3H0:2](C)!@[CX4H2:3][C:4]	90.0043	14.7513	-	-	-	-	G
C35003010      none	B	[a:1][c:2]!@[CX4H1:3][N,O:4]	56.8355	3.42939	-	-	-	-	G
C35003010      none	B	[cH1:1][c:2](cO)!@[O:3][C:4]	-89.9888	0.35524	-	-	-	-	R
C35003010      none	B	[$(cO):1][c:2](cO)!@[O:3][C:4]	-119.956	3.51638	-	-	-	-	G
C35003010      none	B	[cH1:1][c:2](cO)!@[O:3][C:4]	-89.7476	0.35524	-	-	-	-	R
C35003010      none	B	[OX2:1][CX4H2:2]!@[CX4H2:3][Nr:4]	180	8.33333	-	-	-	-	G
C35003010      none	B	[C:1][CH2:2]!@[O:3][CX4:4]	-160	4.55295	-	-	-	-	G
C44171734      none	B	[cH1,n:1][c:2]!@[O:3][CRH1:4]	-60.0336	0.609756	-	-	-	-	R
C44171734      none	B	[H:1][CX4H1:2]!@[OX2:3][!#1:4]	29.9935	9.32817	-	-	-	-	G
C44171734      none	B	[OX2:1][CX4:2]!@[CX4:3][OX2:4]	80.0393	2.87509	-	-	-	-	O
C44171734      none	B	[C:1][CX4H2:2]!@[OX2:3][!#1:4]	-80.0073	3.30412	-	-	-	-	G
C44171734      none	B	[*:1]~[OX2:2]!@[SX4:3]~[*:4]	-39.9934	4.33662	-	-	-	-	G
C54502082      none	B	[a:1][a:2]!@[NX3:3][!#1:4]	-119.997	1.58818	-	-	-	-	O
C54502082      none	B	[*:1]~[CX3:2]!@[NX3:3]~[*:4]	180	27.0317	-	-	-	-	G
C54502082      none	B	[CX3H0:1]=[CX3H0:2]!@[CX3:3]=[CX3H0:4]	39.9963	0.628931	-	-	-	-	G
C54502082      none	B	[*:1]~[CX3:2]!@[OX2:3]~[*:4]	-119.991	0.0647646	-	-	-	-	G
C62164040      none	B	[a:1][ar6:2]!@[ar5:3][a:4]	150.284	2.78735	-	-	-	-	G
C62164040      none	B	[cH1,nX2H0:1][c:2]([cH1,nX2H0])!@[NX3r:3][*:4]	150.285	1.71312	-	-	-	-	O
C62164040      none	B	[C:1][CX4:2]!@[CX3:3]=[O:4]	119.883	3.75937	-	-	-	-	G
C62164040      none	B	[O:1]=[CX3:2]!@[NX3H1:3][!#1:4]	-0.0158118	63.7893	-	-	-	-	G
C62164040      none	B	[$(C=O):1][NX3H1:2]!@[c:3]([cH1])[cH1:4]	-29.9978	5.05437	-	-	-	-	G
C62164040      none	B	[aH1:1][c:2]([aH1])!@[SX4:3][!#1:4]	-90.0026	12.5987	-	-	-	-	G
C37451441      none	B	[O:1]=[CX3:2]!@[NX3H0:3][!#1:4]	30.2835	0.680979	-	-	-	-	O
C37451441      none	B	[C:1][CX4:2]!@[CX3:3]=[O:4]	-150.072	1.18876	-	-	-	-	G
C37451441      none	B	[O:1]=[CX3:2]!@[NX3H1:3][!#1:4]	0.00272389	63.7893	-	-	-	-	G
C37451441      none	B	[$(C=O):1][NX3H1:2]!@[CX4H1:3][H:4]	-29.9969	6.97413	-	-	-	-	G
C37451441      none	B	[OX2:1][CX4:2]!@[CX4:3][N:4]	59.9976	15.2809	-	-	-	-	G
C37451441      none	B	[O:1]=[C:2]([O-])!@[CX4H1:3][H:4]	-0.00356507	0.495663	-	-	-	-	O
C40547500      none	B	[C:1][CX4:2]!@[CX3:3]=[O:4]	29.9311	3.28614	-	-	-	-	G
C40547500      none	B	[O:1]=[CX3:2]!@[NX3H0:3][!#1:4]	-150	1.37927	-	-	-	-	O
C40547500      none	B	[O:1]=[CX3:2]!@[NX3H0:3][!#1:4]	-149.703	1.37927	-	-	-	-	O
C40547500      none	B	[O:1]=[C:2]([O-])!@[CX4H1:3][H:4]	0.00054385	0.495663	-	-	-	-	O
C06322678      none	B	[O-:1][N+:2](=O)!@[c:3]([cH,nX2H0])[cH,nX2H0:4]	180	23.2156	-	-	-	-	G
C06322678      none	B	[O-:1][N+:2](=O)!@[c:3]([cH0])[cH0:4]	89.9944	5.69106	-	-	-	-	G
C57646088      none	B	[*^2:1]~[C^2:2]([!H])!@[C^2:3]~[*^2:4]	120.001	0.806964	-	-	-	-	G
C57646088      none	B	[*^2:1]~[C^2:2]([!H])!@[C^2:3]~[*^2:4]	90.0004	1.26539	-	-	-	-	G
C57646088      none	B	[O:1][CX4:2]!@[CX3:3]=[O:4]	-120.003	1.11962	-	-	-	-	O
C57646088      none	B	[$(C=O):1][O:2]!@[CH2:3]~[C:4]	149.998	2.20243	-	-	-	-	G
C57646088      none	B	[O:1]=[C:2]!@[O:3]~[C:4]	0.00513871	74.4927	-	-	-	-	G
C57646088      none	B	[cH1:1][c:2]([cH1])!@[CX3:3]=[O:4]	150.278	3.28558	-	-	-	-	G
CHEMBL65729      none	B	[O-:1][N+:2](=O)!@[c:3]([cH0])[cH,nX2H0:4]	0.0229496	12.6374	-	-	-	-	G
CHEMBL65729      none	B	[O-:1][N+:2](=O)!@[c:3]([cH0])[cH,nX2H0:4]	89.9816	0.274725	-	-	-	-	O
CHEMBL65729      none	B	[$(S(=O)(=O)):1][NH0:2]!@[c:3]([cH1])[cH0:4]	-89.9737	18.0328	-	-	-	-	G
CHEMBL65729      none	B	[*:1]~[N,n:2]!@[S:3]~[*:4]	56.0373	4.33354	-	-	-	-	O
C40469338      none	B	[cH1:1][c:2]([cH1])!@[C:3]([NH1,NH2])=[O:4]	-27.0114	8.39053	-	-	-	-	G
C40469338      none	B	[O:1]=[CX3:2]!@[NX3H1:3][!#1:4]	0.00946425	63.7893	-	-	-	-	G
C40469338      none	B	[$([CX3]=O):1][NX3H1:2]!@[CX4H2:3][C:4] 	-150.003	1.7769	-	-	-	-	O
C40469338      none	B	N[C:2](=[O:1])!@[CH2:3][N:4]	-90.0063	0.14881	-	-	-	-	R
C40469338      none	B	[O:1]=[CX3:2]!@[NX3H0:3][!#1:4]	-179.675	18.2537	-	-	-	-	G
C40469338      none	B	[O:1]=[C:2]([O-])!@[CX4H1:3][H:4]	-0.0119047	0.495663	-	-	-	-	O
C44610418      none	B	[NH1:1][CX4:2]!@[CX3:3]=[O:4]	179.996	3.23174	-	-	-	-	O
C44610418      none	B	[!#1:1][CX4H1:2]!@[NX3:3][!#1:4]	-149.998	2.59662	-	-	-	-	G
C44610418      none	B	[O:1]=[CX3:2]!@[NX3H1:3][!#1:4]	0.00219705	63.7893	-	-	-	-	G
C44610418      none	B	[a:1][a:2]!@[NX3:3][!#1:4]	150.005	1.85775	-	-	-	-	O
C50743839      none	B	[cH0:1][c:2]([cH,nX2H0])!@[NX3H1:3][CX4:4]	-0.265217	0.286123	-	-	-	-	R
C50743839      none	B	[cH0:1][c:2]([cH1])!@[CX3:3]([NX3H0])=[O:4]	89.9801	5.09091	-	-	-	-	G
C50743839      none	B	[O-:1][N+:2](=O)!@[c:3]([cH0])[cH,nX2H0:4]	-0.0266901	12.6374	-	-	-	-	G
C50743839      none	B	[O:1]=[CX3:2](a)!@[NX3H0:3][!#1:4]	-179.715	9.67842	-	-	-	-	G
C45549122      none	B	[*:1]~[CX4:2]!@[NX4:3]~[*:4]	-39.9995	2.20693	-	-	-	-	G
C45549122      none	B	[*:1]~[CX4:2]!@[NX4:3]~[*:4]	-160.001	2.15596	-	-	-	-	G
C45549122      none	B	[!#1:1][CX4:2]!@[CX4:3][!#1:4]	180	22.1548	-	-	-	-	G
C45549122      none	B	[N:1][CX4:2]!@[CX3:3]=[O:4]	90.0111	0.374597	-	-	-	-	O
C45549122      none	B	[!#1:1][CX4H2:2]!@[CX4H2:3][!#1:4]	180	58.554	-	-	-	-	G
C45549122      none	B	[!#1:1][CX4:2]!@[SX2:3][!#1:4]	-89.9988	3.00607	-	-	-	-	G
C45549122      none	B	[aH1:1][c:2]([aH0])!@[SX2:3][!#1:4]	-150.272	0.466926	-	-	-	-	R
C13522808      none	B	[CX3:1]=[CX3:2]!@[CH2:3][C:4]	-119.998	8.72666	-	-	-	-	G
C13522808      none	B	[!#1:1][CX4:2]!@[CX3H0:3][!#1:4]	-149.992	2.58987	-	-	-	-	G
C13522808      none	B	[!#1:1][CX3:2]!@[SX2:3][!#1:4]	90.0016	1.80723	-	-	-	-	G
C13522808      none	B	[*:1]~[NX2:2]!@[OX2:3]~[*:4]	150	0.691085	-	-	-	-	R
C13522808      none	B	[*:1]~[OX2:2]!@[SX4:3]~[*:4]	60	3.04735	-	-	-	-	G
C13522808      none	B	[!#1:1][CX4:2]!@[SX2:3][!#1:4]	80.0204	6.41197	-	-	-	-	G
C13522808      none	B	[OX2:1][CX4:2]!@[CX4:3][OX2:4]	-60.0446	16.2177	-	-	-	-	G
C19621121      none	B	[C:1][CX4:2]!@[NX3;"N_lp":3][C:4]	-63.6947	7.07677	-	-	-	-	G
C36867628      none	B	[cH0:1][c:2]([cH,nX2H0])!@[NX3H0:3][CX4:4]	-89.701	1.8357	-	-	-	-	G
C36867628      none	B	[O:1]=[C:2]([O-])!@[CX4H1:3][H:4]	-0.00381057	0.495663	-	-	-	-	O
C25300430      none	B	[C:1][CX4:2]!@[CX3:3]=[O:4]	89.9992	3.65147	-	-	-	-	G
C25300430      none	B	[*:1]~[CX4:2]!@[n:3]~[*:4]	180	3.53397	-	-	-	-	G
C25300430      none	B	[O:1]=[CX3:2]!@[NX3H1:3][!#1:4]	-0.000135094	63.7893	-	-	-	-	G
C25300430      none	B	[$(C=O):1][NX3H1:2]!@[c:3]([cH1])[cH1:4]	30.0023	5.05437	-	-	-	-	G
C25300430      none	B	[$(C=O):1][NX3H1:2]!@[c:3]([cH1])[cH1:4]	89.9707	0.0402739	-	-	-	-	R
C25300430      none	B	[O:1]=[CX3:2]!@[NX3H1:3][!#1:4]	-0.00293241	63.7893	-	-	-	-	G
C45953626      none	B	[O:1]=[C:2]!@[O:3]~[C:4]	0.00801073	74.4927	-	-	-	-	G
C45953626      none	B	[C:1][CX4:2]!@[CX3:3]=[O:4]	124.644	3.75937	-	-	-	-	G
C45953626      none	B	[$(C=O):1][NX3H0:2]!@[c:3]([cH1])[cH1:4]	29.9964	1.15477	-	-	-	-	G
C45953626      none	B	[aH1:1][c:2]([aH1])!@[SX4:3][!#1:4]	-89.9978	12.5987	-	-	-	-	G
C62100812      none	B	[O:1]=[CX3:2]!@[NX3H0:3][!#1:4]	-149.997	1.37927	-	-	-	-	O
C62100812      none	B	[O:1]=[CX3:2]!@[NX3H0:3][!#1:4]	-149.686	1.37927	-	-	-	-	O
C62100812      none	B	[O:1]=[C:2]([O-])!@[CX4H1:3][H:4]	0.00114049	0.495663	-	-	-	-	O
C62946740      none	B	[O:1]=[C:2]([O-])!@[c:3]([cH1])[cH1:4]	179.978	7.35294	-	-	-	-	G
C62946740      none	B	[$(C=O):1][NX3H1:2]!@[c:3]([cH1])[cH1:4]	150	5.05437	-	-	-	-	G
C62946740      none	B	[O:1]=[CX3:2]!@[NX3H1:3][!#1:4]	0.0195676	63.7893	-	-	-	-	G
C62946740      none	B	[C:1][CX4:2]!@[CX3:3]=[O:4]	149.857	1.17362	-	-	-	-	G
C62946740      none	B	[O:1]=[CX3:2]!@[NX3H0:3][!#1:4]	29.9969	0.680979	-	-	-	-	O
C44610011      none	B	[H:1][CX4H1:2]!@[O:3][CX4:4]	-39.9966	11.8876	-	-	-	-	G
C44610011      none	B	[O:1]=[C:2]([O-])!@[CX4H1:3][H:4]	89.9946	0.86741	-	-	-	-	O
C44610011      none	B	[a:1][a:2]!@[NX3:3][!#1:4]	-60.0023	1.73028	-	-	-	-	O
C43428424      none	B	[OX2:1][CX4:2]!@[CX4:3][N:4]	40.004	1.66292	-	-	-	-	G
C43428424      none	B	[O:1]=[C:2]([O-])!@[CX4H1:3][H:4]	-0.00605272	0.495663	-	-	-	-	O
C43428424      none	B	[$(C=O):1][NX3H1:2]!@[CX4H1:3][H:4]	-59.9894	1.23735	-	-	-	-	G
C43428424      none	B	[O:1]=[CX3:2]!@[NX3H1:3][!#1:4]	-0.00896145	63.7893	-	-	-	-	G
C43428424      none	B	[O:1]=[CX3:2]!@[NX3H0:3][!#1:4]	-149.715	1.37927	-	-	-	-	O
C61881371      none	B	[aH0:1][c:2]([aH1])!@[SX4:3][!#1:4]	-150.023	0.1321	-	-	-	-	R
C61881371      none	B	[*:1][$(S(=O)=O):2]!@[NX3H0r:3][*:4]	-119.727	0.995261	-	-	-	-	G
C05681517      none	B	[O-:1][N+:2](=O)!@[c:3]([cH,nX2H0])[cH,nX2H0:4]	179.976	23.2156	-	-	-	-	G
C05681517      none	B	[aH1:1][c:2]([aH1])!@[SX4:3][!#1:4]	90.0047	12.916	-	-	-	-	G
C05681517      none	B	[c:1][S:2](=O)(=O)!@[NX2H0-:3]-[*:4]	60.0033	8.33333	-	-	-	-	G
C05681517      none	B	[$(S(=O)(=O)):1][N:2]!@[c:3][a:4]	29.9928	2.05078	-	-	-	-	G
C40084195      none	B	[cH1,n:1][c:2]!@[O:3][CH1:4]	60.0052	0.194175	-	-	-	-	R
C40084195      none	B	[cH0:1][c:2]([cH1])!@[CX3:3]=[O:4]	59.9967	1.40891	-	-	-	-	O
C40084195      none	B	[*^2:1]~[C^2:2]([!H])!@[C^2:3]~[*^2:4]	-149.669	1.11601	-	-	-	-	O
C40084195      none	B	[$([CX3]=O):1][NX3H0:2](C)!@[CX4H2:3][C:4]	89.9984	14.7513	-	-	-	-	G
C40084195      none	B	[a:1][c:2]!@[CX4H1:3][N,O:4]	-56.6758	3.48172	-	-	-	-	G
C40084195      none	B	[O-:1][N+:2](=O)!@[c:3]([cH,nX2H0])[cH,nX2H0:4]	179.984	23.2156	-	-	-	-	G
C40084195      none	B	[OX2:1][CX4H2:2]!@[CX4H2:3][Nr:4]	60.0035	18.1373	-	-	-	-	G
C40084195      none	B	[C:1][CH2:2]!@[O:3][CX4:4]	79.9976	1.71561	-	-	-	-	G
C40084195      none	B	[C:1][CH2:2]!@[O:3][CX4:4]	160.001	5.67469	-	-	-	-	G
C40084195      none	B	[OX2:1][CX4H2:2]!@[CX4H2:3][OX2:4]	-59.9986	9.11809	-	-	-	-	G
C40084195      none	B	[H:1][CX4H1:2]!@[OX2:3][!#1:4]	-0.00375068	7.47259	-	-	-	-	G
C57939882      none	B	[$(C=O):1][NX3H1:2]!@[CX4H1:3][H:4]	31.9949	9.46757	-	-	-	-	G
C57939882      none	B	[O:1]=[CX3:2]!@[NX3H1:3][!#1:4]	0.0140129	63.7893	-	-	-	-	G
C57939882      none	B	[O:1]=[CX3:2]([NH1])!@[CH2:3][C:4]	89.9943	2.11706	-	-	-	-	O
C57939882      none	B	[!#1:1][CX4H2:2]!@[CX4H2:3][!#1:4]	180	58.554	-	-	-	-	G
C57939882      none	B	[!#1:1][CX4:2]!@[CX4:3][!#1:4]	-177.163	22.1548	-	-	-	-	G
C39871407      none	B	[O-:1][N+:2](=O)!@[c:3]([cH,nX2H0])[cH,nX2H0:4]	179.976	23.2156	-	-	-	-	G
C39871407      none	B	[*:1]~[cX3:2]!@[NX2:3]~[*:4]	150.003	1.9358	-	-	-	-	O
C39871407      none	B	[*:1]~[cX3:2]!@[NX2:3]~[*:4]	30.2717	1.49735	-	-	-	-	O
C39871407      none	B	[!#1:1][CH2:2]!@[n:3][cH0:4]	-90.0003	15.4696	-	-	-	-	G
C39871407      none	B	[CX3:1]=[CX3:2]!@[CH2:3][!#1:4]	120.009	8.78049	-	-	-	-	G
C13448188      none	B	[cH0:1][c:2]!@[CX4H2:3][CX4:4]	89.9919	18.5823	-	-	-	-	G
C13448188      none	B	[aH1:1][c:2]([aH0])!@[SX2:3][!#1:4]	-120.006	0.466926	-	-	-	-	O
C13448188      none	B	[!#1:1][CX4:2]!@[SX2:3][!#1:4]	-89.9977	3.00607	-	-	-	-	G
C13448188      none	B	[!#1:1][CX4H2:2]!@[CX3:3]=[O:4]	-89.9911	1.11373	-	-	-	-	G
C13448188      none	B	[O:1]=[C:2]!@[NX3H1:3](C=O)[H:4]	180	35.6725	-	-	-	-	G
C13448188      none	B	[O:1]=[C:2]!@[NX3H1:3](C=O)[H:4]	-0.011276	23.6842	-	-	-	-	G
C13448188      none	B	[!#1:1][CX4H2:2]!@[CX4H2:3][!#1:4]	180	58.554	-	-	-	-	G
C13448188      none	B	[C:1][CX4H2:2]!@[CX3:3]=[O:4]	119.999	0.695249	-	-	-	-	O
C44984502      none	B	[a:1][c:2]!@[CX4H2:3][!#1:4]	-44.9992	1.62815	-	-	-	-	O
C44984502      none	B	[$(C=O):1][NX3H1:2]!@[CX4H2:3][$([c]([cH,nX2H0])[cH,nX2H0]):4]	90.0002	8.35443	-	-	-	-	G
C44984502      none	B	[O:1]=[CX3:2]!@[NX3H1:3][!#1:4]	0.00831218	63.7893	-	-	-	-	G
C44984502      none	B	[O:1]=[CX3:2]!@[NX3H0:3][!#1:4]	0.311776	25.0866	-	-	-	-	G
C44984502      none	B	[O:1]=[C:2]([O-])!@[CX4H1:3][H:4]	0.00675881	0.495663	-	-	-	-	O
C66241631      none	B	[$([CX3]=O):1][NX3H0:2](C)!@[CX4H2:3][C:4]	90.0232	14.7513	-	-	-	-	G
C66241631      none	B	[$(C=O):1][NX3H0:2]!@[CX4H1:3][H:4]	-60.0229	0.378151	-	-	-	-	R
C66241631      none	B	[O:1]=[CX3:2](a)!@[NX3H0:3][!#1:4]	-149.984	2.19542	-	-	-	-	O
C66241631      none	B	[a:1][c:2]!@[C:3]([NH0])=[O:4]	60.2399	3.02778	-	-	-	-	G
C66241631      none	B	[cH1:1][a:2]([cH1])!@[a:3]([sX2,o,nX2H0,nX3H1:4])([cH0])	-60.004	1.92551	-	-	-	-	G
C41074501      none	B	[!#1:1][CH2:2]!@[n:3][cH0:4]	-89.9958	15.4696	-	-	-	-	G
C41074501      none	B	[!#1:1][CX4H2:2]!@[CX4H2:3][!#1:4]	179.996	58.554	-	-	-	-	G
C41074501      none	B	[$([CX3]=O):1][NX3H0:2](C)!@[CX4H2:3][C:4]	89.9994	14.7513	-	-	-	-	G
C36231731      none	B	[O:1]=[CX3:2]!@[NX3H0:3][!#1:4]	-149.999	1.37927	-	-	-	-	O
C36231731      none	B	[CX4:1][CX4H2:2]!@[NX3;"N_lp":3][CX4:4]	79.9979	8.72362	-	-	-	-	G
C36231731      none	B	[OX2:1][CX4H2:2]!@[CX4H2:3][Nr:4]	179.998	8.33333	-	-	-	-	G
C36231731      none	B	[C:1][CX4H2:2]!@[CX3:3]=[O:4]	-29.9952	4.17149	-	-	-	-	G
C36231731      none	B	[!#1:1][CX4:2]!@[CX3H0:3][!#1:4]	-59.9984	4.40277	-	-	-	-	G
C40394224      none	B	[a:1][c:2]!@[CX4H1:3][N,O:4]	-29.9847	3.61778	-	-	-	-	G
C40394224      none	B	[OH1:1][CX4:2]!@[CX3:3]=[O:4]	-60.0087	0.596125	-	-	-	-	R
C40394224      none	B	[O:1]=[CX3:2]!@[NX3H0:3][!#1:4]	-29.6804	0.692521	-	-	-	-	O
C40394224      none	B	[O:1]=[C:2]([O-])!@[CX4H1:3][H:4]	90.0056	0.86741	-	-	-	-	O
C49946869      none	B	[!#1:1][CX4:2]!@[SX2:3][!#1:4]	-90.0005	3.00607	-	-	-	-	G
C49946869      none	B	[aH0:1][c:2]([aH0])!@[SX2:3][!#1:4]	-0.00355611	13.1253	-	-	-	-	G
C49946869      none	B	[*:1]~[cX3:2]!@[NX2:3]~[*:4]	120.003	1.45599	-	-	-	-	O
C49946869      none	B	[!#1:1][CX4:2]!@[CX3H0:3][!#1:4]	93.7729	2.78327	-	-	-	-	G
C49946869      none	B	[O:1]=[C:2]([O-])!@[CX4H1:3][H:4]	90.0006	0.86741	-	-	-	-	O
C67178159      none	B	[n,o,s:1][c:2]!@[CX4H2:3][CX4:4]	-135.005	0.52356	-	-	-	-	O
C67178159      none	B	[!#1:1][CX4H2:2]!@[CX4H2:3][!#1:4]	180	58.554	-	-	-	-	G
C67178159      none	B	[!#1:1][CX4H2:2]!@[CX4H2:3][!#1:4]	180	58.554	-	-	-	-	G
C67178159      none	B	[$([CX3]=O):1][NX3H1:2]!@[CX4H2:3][C:4] 	180	6.46594	-	-	-	-	G
C67178159      none	B	[O:1]=[CX3:2]!@[NX3H1:3][!#1:4]	-0.000418736	63.7893	-	-	-	-	G
C67178159      none	B	[$([cH0][OH1]):1][c:2]([cH1])!@[C:3](=O)[NH1:4]	-150.003	2.54237	-	-	-	-	R
C67178159      none	B	[$(S(=O)(=O)):1][NH0:2]!@[c:3]([cH1])[cH1:4]	-120.017	1.65289	-	-	-	-	G
C67178159      none	B	[*:1]~[N,n:2]!@[S:3]~[*:4]	176.021	8.16343	-	-	-	-	G
C42489491      none	B	[a:1][c:2]!@[CX4H2:3][!#1:4]	-89.9966	7.30446	-	-	-	-	G
C42489491      none	B	[$([C](=O)):1][NX3H0:2]!@[CX4H2:3][$([c]([cH,nX2H0])[cH,nX2H0]):4]	119.988	4.66563	-	-	-	-	G
C42489491      none	B	[O:1]=[CX3:2](a)!@[NX3H0:3][!#1:4]	-150.006	2.19542	-	-	-	-	G
C42489491      none	B	[$([c]([NH1,NH2])):1][c:2]!@[CX3:3]([!O])=[O:4]	-89.9913	0	-	-	-	-	R
C50441142      none	B	[a:1][c:2]([a])!@[O:3][CX4H0:4]	59.9915	0.322581	-	-	-	-	G
C50441142      none	B	[O-:1][N+:2](=O)!@[c:3]([cH0])[cH,nX2H0:4]	90.2598	0.274725	-	-	-	-	O
C50441142      none	B	[!#1:1][CX4H0:2]!@[OX2:3][!#1:4]	23.7599	0.0510269	-	-	-	-	R
C50441142      none	B	[O:1][CX4:2]!@[CX3:3]=[O:4]	-0.00331946	13.789	-	-	-	-	G
C35052862      none	B	[cH1,n:1][c:2]!@[O:3][CRH1:4]	119.991	0.203252	-	-	-	-	R
C35052862      none	B	[H:1][CX4H1:2]!@[OX2:3][!#1:4]	30.0104	9.32817	-	-	-	-	G
C35052862      none	B	[$(C=O):1][NX3H1:2]!@[CX4H1:3][H:4]	29.9962	9.46757	-	-	-	-	G
C35052862      none	B	[$(C=O):1][O:2]!@[CH1:3][H:4]	-0.0111473	9.45727	-	-	-	-	G
C35052862      none	B	[$(C=O):1][O:2]!@[CH1:3][H:4]	60.0032	0.586008	-	-	-	-	O
C35052862      none	B	[OX2:1][CX4:2]!@[CX4:3][OX2:4]	-60.0946	16.2177	-	-	-	-	G
C35052862      none	B	[$(C=O):1][O:2]!@[CH2:3]~[C:4]	-89.987	4.43359	-	-	-	-	G
C35052862      none	B	[O:1]=[C:2]!@[O:3]~[C:4]	-0.0122602	74.4927	-	-	-	-	G
C35052862      none	B	[O:1]=[C:2]!@[O:3]~[C:4]	-30.0013	0.0890388	-	-	-	-	R
C35052862      none	B	[O:1]=[C:2]!@[O:3]~[C:4]	0.0116237	74.4927	-	-	-	-	G
C35052862      none	B	[O:1]=[CX3:2]!@[NX3H1:3][!#1:4]	-0.00867976	63.7893	-	-	-	-	G
C04151657      none	B	[O:1]=[C:2]!@[O:3]~[C:4]	-0.00305853	74.4927	-	-	-	-	G
C04151657      none	B	[N:1][CX4:2]!@[CX3:3]=[O:4]	-121.4	0.897291	-	-	-	-	G
C04151657      none	B	[O:1]=[CX3:2]!@[NX3H0:3][!#1:4]	0.00409367	25.0866	-	-	-	-	G
C04151657      none	B	[N:1][CX4:2]!@[CX3:3]=[O:4]	-29.717	5.37503	-	-	-	-	G
C04151657      none	B	[!#1:1][CX4:2]!@[SX2:3][!#1:4]	-60.0015	7.13757	-	-	-	-	G
C04151657      none	B	[O:1]=[CX3:2]!@[NX3H0:3][!#1:4]	180	18.2537	-	-	-	-	G
C04151657      none	B	[O:1][CX4:2]!@[CX3:3]=[O:4]	-120.001	1.11962	-	-	-	-	O
C04151657      none	B	[C:1][CH2:2]!@[O:3][CX4:4]	59.9938	0.263939	-	-	-	-	O
C04151657      none	B	[C:1][CH2:2]!@[O:3][CX4:4]	40.0076	0	-	-	-	-	R
C04151657      none	B	[O:1][CX4:2]!@[CX3:3]=[O:4]	-120.001	1.11962	-	-	-	-	O
C04151657      none	B	[!#1:1][CX4:2]!@[SX2:3][!#1:4]	-59.9953	7.13757	-	-	-	-	G
C04151657      none	B	[a:1][c:2]!@[CX4H2:3][!#1:4]	-89.7026	7.30446	-	-	-	-	G
C11923799      none	B	[aH0:1][c:2]([aH1])!@[SX4:3][!#1:4]	-64.996	12.9458	-	-	-	-	G
C11923799      none	B	[c:1][$(S(=O)=O):2]!@[NX3H1:3][c:4]	-60.009	22.2603	-	-	-	-	G
C11923799      none	B	[$(S(=O)(=O)):1][NH1:2]!@[c:3][nX2:4]	29.6972	1.18343	-	-	-	-	O
C35097283      none	B	[$([cH0]Cl):1][c:2]([cH1])!@[CX3:3]([NX3H1])=[O:4]	-60.0003	9.83607	-	-	-	-	G
C35097283      none	B	[O:1]=[CX3:2]!@[NX3H1:3][!#1:4]	-0.00317315	63.7893	-	-	-	-	G
C35097283      none	B	[$([CX3]=O):1][NX3H1:2]!@[CX4H2:3][C:4] 	180	6.46594	-	-	-	-	G
C35097283      none	B	N[C:2](=[O:1])!@[CH2:3][N:4]	-120.001	0.892857	-	-	-	-	G
C35097283      none	B	[O:1]=[CX3:2]!@[NX3H1:3][!#1:4]	0.00709071	63.7893	-	-	-	-	G
C35097283      none	B	[$([CX3]=O):1][NX3H1:2]!@[CX4H2:3][C:4] 	179.999	6.46594	-	-	-	-	G
C35097283      none	B	[NH1:1][CX4:2]!@[CX3:3]=[O:4]	119.99	0.41354	-	-	-	-	G
C44888756      none	B	[a:1][c:2]!@[CX4H1:3][N,O:4]	150.002	3.7643	-	-	-	-	G
C44888756      none	B	[$(C=O):1][NX3H1:2]!@[CX4H1:3][H:4]	32.0069	9.46757	-	-	-	-	G
C44888756      none	B	[O:1]=[CX3:2]!@[NX3H1:3][!#1:4]	-0.0106722	63.7893	-	-	-	-	G
C44888756      none	B	[*^2:1]~[C^2:2]([!H])!@[C^2:3]~[*^2:4]	-29.7145	1.21216	-	-	-	-	G
C61095019      none	B	[aH1:1][c:2]([aH1])!@[SX4:3][!#1:4]	89.9969	12.916	-	-	-	-	G
C61095019      none	B	[c:1][S:2](=O)(=O)!@[NX2H0-:3]-[*:4]	-59.9941	11.1111	-	-	-	-	G
C61095019      none	B	[$(S(=O)(=O)):1][NH0:2]!@[c:3]([cH1])[cH0:4]	-120.279	0	-	-	-	-	R
C12872923      none	B	[*:1]~[NX2:2]!@[OX2:3]~[*:4]	150.003	0.691085	-	-	-	-	R
C12872923      none	B	[C:1][CX4H2:2]!@[OX2:3][!#1:4]	-80.0026	3.30412	-	-	-	-	G
C12872923      none	B	[OX2:1][CX4H2:2]!@[CX3:3]([$([NX3H1,NX3H2])])=[O:4]	-59.9962	0.714286	-	-	-	-	R
C12872923      none	B	[O:1]=[CX3:2]!@[NX3H1:3][!#1:4]	-0.00365079	63.7893	-	-	-	-	G
C12872923      none	B	[$([CX3]=O):1][NX3H1:2]!@[CX4H2:3][C:4] 	120.005	2.76407	-	-	-	-	O
C12872923      none	B	[!#1:1][CX4:2]!@[CX4:3][!#1:4]	60.0034	12.3771	-	-	-	-	G
C12872923      none	B	[O:1]=[C:2]([O-])!@[CX4H1:3][H:4]	90.002	0.86741	-	-	-	-	O
C50674107      none	B	[a:1][c:2]!@[CX4H2:3][!#1:4]	-135.003	1.61199	-	-	-	-	O
C50674107      none	B	[$(S(=O)(=O)):1][NX3H1:2]!@[CX4H2:3][!#1:4]	-149.997	7.72532	-	-	-	-	G
C50674107      none	B	[c:1][$(S(=O)=O):2]!@[NX3H1:3][C:4]	59.9983	14.5215	-	-	-	-	G
C50674107      none	B	[aH1:1][c:2]([aH1])!@[SX4:3][!#1:4]	90.2817	12.916	-	-	-	-	G
C35897889      none	B	[$([C](=O)):1][NX3:2]!@[a:3](s)[a:4]	179.995	61.7021	-	-	-	-	G
C35897889      none	B	[$([c]([NH1,NH2])):1][c:2]!@[CX3:3]([!O])=[O:4]	29.9947	6.90608	-	-	-	-	G
C35897889      none	B	[O:1]=[CX3:2]!@[NX3H1:3][!#1:4]	0.0110412	63.7893	-	-	-	-	G
C35897889      none	B	[$(C=O):1][NX3H1:2]!@[CX4H1:3][H:4]	-60.0074	1.23735	-	-	-	-	G
C35897889      none	B	[O:1]=[CX3:2]!@[NX3H1:3][!#1:4]	0.000117017	63.7893	-	-	-	-	G
C35897889      none	B	[C:1][CX4:2]!@[CX3:3]=[O:4]	-153.213	1.18876	-	-	-	-	G
C35897889      none	B	[O:1]=[C:2]([O-])!@[CX4H1:3][H:4]	0.00360736	0.495663	-	-	-	-	O
C06158743      none	B	[O:1]=[CX3:2]!@[NX3H1:3][!#1:4]	-0.000834445	63.7893	-	-	-	-	G
C06158743      none	B	[$(C=O):1][NX3H1:2]!@[CX4H1:3][H:4]	0.00664177	8.26772	-	-	-	-	G
C06158743      none	B	[!#1:1][CX4:2]!@[CX4:3][!#1:4]	179.996	22.1548	-	-	-	-	G
C06158743      none	B	[!#1:1][CX4:2]!@[CX3H0:3][!#1:4]	-90.0064	2.97335	-	-	-	-	G
C06158743      none	B	[!#1:1][CX4H2:2]!@[CX4H2:3][!#1:4]	179.998	58.554	-	-	-	-	G
C06158743      none	B	[!#1:1][CX4:2]!@[SX4:3][!#1:4]	-154.666	1.51579	-	-	-	-	O
C06158743      none	B	[*:1]~[cX3:2]!@[NX2:3]~[*:4]	90.308	1.96062	-	-	-	-	O
C35101208      none	B	[nH0r6:1][cr6:2]([cH1r6])!@[C:3]([NH1,NH2])=[O:4]	30.5503	0	-	-	-	-	R
C35101208      none	B	[O:1]=[CX3:2]!@[NX3H1:3][!#1:4]	0.00689325	63.7893	-	-	-	-	G
C35101208      none	B	[$(C=O):1][NX3H1:2]!@[CX4H1:3][H:4]	-30.0041	6.97413	-	-	-	-	G
C09243892      none	B	[!#1:1][CX4:2]!@[CX4:3][!#1:4]	-59.9966	12.2558	-	-	-	-	G
C09243892      none	B	[C:1][CX4H2:2]!@[OX2:3][c:4]	179.999	43.8829	-	-	-	-	G
C09243892      none	B	[cH1:1][c:2]([cH1])!@[O:3][C:4]	-179.722	26.896	-	-	-	-	G
C09243892      none	B	[cH1:1][c:2]([cH1])!@[CX3:3]([CX3H0])=[O:4]	60.0037	0.204918	-	-	-	-	R
C09243892      none	B	[*^2:1]~[C^2:2]([!H])!@[C^2:3]~[*^2:4]	-119.702	0.661024	-	-	-	-	G
C09243892      none	B	[$([CX3]=O):1][NX3H0:2](C)!@[CX4H2:3][C:4]	119.994	2.74443	-	-	-	-	O
C09243892      none	B	[a:1][c:2]!@[CX4H1:3][N,O:4]	-26.6737	3.61778	-	-	-	-	G
C09243892      none	B	[O-:1][N+:2](=O)!@[c:3]([cH,nX2H0])[cH,nX2H0:4]	179.981	23.2156	-	-	-	-	G
C09243892      none	B	[!#1:1][CX4H2:2]!@[CX4H2:3][!#1:4]	180	58.554	-	-	-	-	G
C09243892      none	B	[CX4:1][CX4H2:2]!@[NX3;"N_lp":3][CX4:4]	-76.3699	8.1206	-	-	-	-	G
C38194673      none	B	[$(C=O):1][NX3H0:2]!@[c:3]([s,o])[n:4]	-150.044	0	-	-	-	-	O
C38194673      none	B	[a:1][c:2]!@[CX4H1:3][N,O:4]	60.0017	3.42939	-	-	-	-	G
C38194673      none	B	[*^2:1]~[C^2:2]([!H])!@[C^2:3]~[*^2:4]	-89.9957	1.27397	-	-	-	-	G
C38194673      none	B	[cH1:1][c:2]([cH1])!@[CX3:3]([CX3H0])=[O:4]	-179.726	9.0847	-	-	-	-	G
C53117719      none	B	[OX2:1][CX4:2]!@[CX4:3][N:4]	60.0026	15.2809	-	-	-	-	G
C53117719      none	B	[!#1:1][CX4:2]!@[NX3:3][!#1:4]	-60.0074	6.13257	-	-	-	-	G
C53117719      none	B	[C:1][$(S(=O)=O):2]!@[NX3H1:3][C:4]	90.0058	7.14286	-	-	-	-	G
C53117719      none	B	[!#1:1][CX4:2]!@[SX4:3][!#1:4]	39.9971	1.34737	-	-	-	-	G
C53117719      none	B	[!#1:1][CX4H2:2]!@[CX4H2:3][!#1:4]	60.0065	3.99483	-	-	-	-	G
C53117719      none	B	[C:1][CX4H2:2]!@[CX3:3]=[O:4]	-119.995	0.79457	-	-	-	-	O
C61174506      none	B	[N:1][CX4:2]!@[CX3:3]=[O:4]	-120.003	0.897291	-	-	-	-	G
C61174506      none	B	[$(C=O):1][NX3H0:2]!@[CX4H0:3][C:4]	-90.0069	1.21622	-	-	-	-	G
C61174506      none	B	[O:1]=[CX3:2]!@[NX3H0:3][!#1:4]	-150.002	1.37927	-	-	-	-	O
C61174506      none	B	[O:1]=[CX3:2]!@[NX3H1:3][!#1:4]	0.00863504	63.7893	-	-	-	-	G
C61174506      none	B	[$([CX3]=O):1][NX3H1:2]!@[CX4H2:3][C:4] 	89.9957	7.35439	-	-	-	-	G
C61174506      none	B	[!#1:1][CX4H2:2]!@[CX4H2:3][!#1:4]	59.9996	3.99483	-	-	-	-	G
C61174506      none	B	[!#1:1][CX4H2:2]!@[CX4H2:3][!#1:4]	180	58.554	-	-	-	-	G
C61174506      none	B	[CX4:1][CX4H2:2]!@[NX3;"N_lp":3][CX4:4]	156.304	6.03015	-	-	-	-	G
C61843563      none	B	[a:1][ar6:2]!@[ar5:3][a:4]	150.324	2.78735	-	-	-	-	G
C61843563      none	B	[*:1]~[CX3:2]!@[cX3:3]~[*:4]	-30.0021	2.32371	-	-	-	-	O
C02504695      none	B	[cH1:1][c:2]([cH1])!@[O:3][c:4]	89.9999	3.67985	-	-	-	-	G
C02504695      none	B	[cH1:1][c:2]([cH0])!@[O:3][c:4]	0.281011	9.46237	-	-	-	-	G
C02504695      none	B	[$(C=O):1][NX3H0:2]!@[c:3]([cH1])[cH1:4]	-29.6784	1.1203	-	-	-	-	G
C02504695      none	B	[aH0:1][c:2]([aH1])!@[SX4:3][!#1:4]	-70.2565	15.3236	-	-	-	-	G
C40483554      none	B	[$(C=O):1][NX3H0:2]!@[CX4H1:3][H:4]	-58.6324	0.378151	-	-	-	-	R
C40483554      none	B	[$([CX3]=O):1][NX3H0:2](C)!@[CX4H2:3][C:4]	89.999	14.7513	-	-	-	-	G
C40483554      none	B	[O:1]=[CX3:2]!@[NX3H0:3][!#1:4]	29.998	0.680979	-	-	-	-	O
C40483554      none	B	[N:1][CX4:2]!@[CX3:3]=[O:4]	-119.99	0.897291	-	-	-	-	O
C40483554      none	B	[C:1][CX4:2]!@[CX3:3]=[O:4]	89.9957	3.65147	-	-	-	-	G
C50603925      none	B	[!#1:1][CX4:2]!@[CX4:3][!#1:4]	8.62375	0.0551082	-	-	-	-	R
C50603925      none	B	[NH1:1][CX4:2]!@[CX3:3]=[O:4]	-149.996	4.5183	-	-	-	-	G
C50603925      none	B	[$(C=O):1][NX3H1:2]!@[CX4H0:3][C:4]	179.999	11.3993	-	-	-	-	G
C50603925      none	B	[O:1]=[CX3:2]([$([NX3H1]C)])!@[NX3H1:3][!#1:4]	-0.00149748	41.1343	-	-	-	-	G
C50603925      none	B	[O:1]=[CX3:2]([$([NX3H1]C)])!@[NX3H1:3][!#1:4]	0.00394853	41.1343	-	-	-	-	G
C50603925      none	B	[$([CX3]=O):1][NX3H1:2]!@[CX4H2:3][C:4] 	119.997	2.76407	-	-	-	-	O
C50603925      none	B	[!#1:1][CX4:2]!@[CX4:3][!#1:4]	159.229	1.81259	-	-	-	-	G
C08651892      none	B	[aH0:1][c:2]([aH1])!@[SX4:3][!#1:4]	-70.0127	15.3236	-	-	-	-	G
C08651892      none	B	[c:1][S:2](=O)(=O)!@[NX2H0-:3]-[*:4]	-89.999	2.77778	-	-	-	-	G
C08651892      none	B	[$(S(=O)(=O)):1][N:2]!@[c:3][a:4]	-60.0033	1.85547	-	-	-	-	G
C08651892      none	B	[a:1][ar6:2]!@[ar5:3][a:4]	-179.728	7.27752	-	-	-	-	G
C11907319      none	B	[CH0:1][NX3:2]([CH1])!@[c:3][a:4]	30.0052	1.8225	-	-	-	-	G
C11907319      none	B	[*:1]~[CX3:2]!@[NX2:3]~[*:4]	-89.9987	0.0956023	-	-	-	-	G
C11907319      none	B	[N:1][C:2](=O)!@[CX4H2:3][CX4H2:4]	-119.993	3.67847	-	-	-	-	G
C11907319      none	B	[!#1:1][CX4H2:2]!@[CX4H2:3][!#1:4]	-59.9968	3.77933	-	-	-	-	G
C11907319      none	B	[C:1][CX4H2:2]!@[CX3:3]=[O:4]	120.006	0.695249	-	-	-	-	O
C61863003      none	B	[a:1][c:2]!@[CX4H1:3][N,O:4]	-59.9974	3.48172	-	-	-	-	G
C61863003      none	B	[$(C=O):1][NX3H1:2]!@[CX4H1:3][H:4]	29.9892	9.46757	-	-	-	-	G
C61863003      none	B	[O:1]=[CX3:2]!@[NX3H1:3][!#1:4]	0.00777053	63.7893	-	-	-	-	G
C61863003      none	B	[nH0r6:1][cr6:2]([cH1r6])!@[C:3]([NH1,NH2])=[O:4]	150.013	0.368324	-	-	-	-	G
C13035757      none	B	[!#1:1][CX4H2:2]!@[CX4H2:3][!#1:4]	-60.0028	3.77933	-	-	-	-	G
C13035757      none	B	[n,o,s:1][c:2]!@[CX4H2:3][CX4:4]	-44.6818	0.972326	-	-	-	-	O
C13035757      none	B	[aH0:1][c:2]([aH0])!@[SX2:3][!#1:4]	-30.0027	0.51573	-	-	-	-	O
C13035757      none	B	[!#1:1][CH2:2]!@[n:3][cH0:4]	89.998	14.7896	-	-	-	-	G
C13035757      none	B	[!#1:1][CX4H2:2]!@[CX3:3]=[O:4]	120.008	0.613497	-	-	-	-	G
C13035757      none	B	[!#1:1][CX4:2]!@[SX2:3][!#1:4]	-59.9975	7.13757	-	-	-	-	G
C13035757      none	B	[!#1:1][CX4H2:2]!@[CX3:3]=[O:4]	-90.0019	1.11373	-	-	-	-	G
C13035757      none	B	[O:1]=[CX3:2]!@[NX3H1:3][!#1:4]	-0.00111489	63.7893	-	-	-	-	G
C13035757      none	B	[*:1]~[NX3:2]!@[NX3:3]~[*:4]	180	7.3164	-	-	-	-	G
C13035757      none	B	[O:1]=[CX3:2]!@[NX3H1:3][!#1:4]	0.00262595	63.7893	-	-	-	-	G
C13035757      none	B	[O:1]=[CX3:2]([NH1])!@[CH2:3][C:4]	29.9878	5.10585	-	-	-	-	G
C13035757      none	B	[!#1:1][CX4:2]!@[CX4:3][!#1:4]	58.5639	12.3771	-	-	-	-	G
C45713156      none	B	[aH1:1][c:2]([aH1])!@[SX4:3][!#1:4]	89.9941	12.916	-	-	-	-	G
C45713156      none	B	[a:1][c:2]!@[C:3]([NH1,NH2])=[O:4]	90.005	0.308642	-	-	-	-	O
C45713156      none	B	[c:1][S:2](=O)(=O)!@[NX2H0-:3]-[*:4]	60.0011	8.33333	-	-	-	-	G
C45713156      none	B	[$(S(=O)(=O)):1][NH0:2]!@[c:3]([cH1])[cH0:4]	-120.276	0	-	-	-	-	R
C45713156      none	B	[cH0:1][a:2]([cH1])!@[a:3]([sX2,o,nX2H0,nX3H1:4])([cH1])	149.999	3.42205	-	-	-	-	G
C09293225      none	B	[aH1:1][c:2]([aH1])!@[SX4:3][!#1:4]	90.2764	12.916	-	-	-	-	G
C09293225      none	B	[c:1][c:2]!@[c:3][s,o,nX3H1:4]	180	12.4984	-	-	-	-	G
C09293225      none	B	[$(C=O):1][NX3H1:2]!@[c:3](o)[n:4]	179.999	38.4615	-	-	-	-	G
C09293225      none	B	[O:1]=[CX3:2]!@[NX3H1:3][!#1:4]	0.0145891	63.7893	-	-	-	-	G
C09293225      none	B	[cH0:1][c:2]([cH1])!@[CX3:3]([NX3H1])=[O:4]	-119.999	1.47955	-	-	-	-	G
C09293225      none	B	[$(S(=O)(=O)):1][NH0:2]!@[c:3]([cH1])[cH0:4]	-90.0016	18.0328	-	-	-	-	G
C09293225      none	B	[c:1][S:2](=O)(=O)!@[NX2H0-:3]-[*:4]	-59.9976	11.1111	-	-	-	-	G
C09293225      none	B	[aH1:1][c:2]([aH1])!@[SX4:3][!#1:4]	-89.7226	12.5987	-	-	-	-	G
C51149502      none	B	[C:1][CX4H2:2]!@[OX2:3][c:4]	150.001	0.884397	-	-	-	-	O
C51149502      none	B	[cH0:1][c:2]([cH1])!@[O:3][C:4]	-150.271	0.58186	-	-	-	-	O
C51149502      none	B	[$(C=O):1][NX3H1:2]!@[c:3]([cH1])[cH1:4]	149.972	5.05437	-	-	-	-	G
C51149502      none	B	[cH0:1][c:2]!@[CX4H2:3][N,O,S:4]	179.994	6.20075	-	-	-	-	G
C51149502      none	B	[O:1]=[CX3:2]!@[NX3H1:3][!#1:4]	-0.00201719	63.7893	-	-	-	-	G
C51149502      none	B	[C:1][CX4:2]!@[CX3:3]=[O:4]	-117.214	3.42432	-	-	-	-	G
C51149502      none	B	[O:1]=[C:2]([O-])!@[CX4H1:3][H:4]	90.0067	0.86741	-	-	-	-	O
C19519338      none	B	[cH1:1][c:2]([cH1])!@[C:3]([NH1,NH2])=[O:4]	-152.981	8.78518	-	-	-	-	G
C19519338      none	B	[O:1]=[CX3:2]!@[NX3H1:3][!#1:4]	-0.00677465	63.7893	-	-	-	-	G
C19519338      none	B	[$([CX3]=O):1][NX3H1:2]!@[CX4H2:3][C:4] 	150.005	1.43139	-	-	-	-	O
C19519338      none	B	[!#1:1][CX4H2:2]!@[CX4H2:3][!#1:4]	-60.0012	3.77933	-	-	-	-	G
C19519338      none	B	[!#1:1][CX4H2:2]!@[CX4H2:3][!#1:4]	-59.9928	3.77933	-	-	-	-	G
C19519338      none	B	[C:1][CX4H2:2]!@[CX3:3]=[O:4]	119.997	0.695249	-	-	-	-	O
C13445308      none	B	[cH1:1][c:2](cO)!@[O:3][C:4]	0.278052	49.3635	-	-	-	-	G
C13445308      none	B	[O:1]=[C:2]([O-])!@[c:3]([cH1])[$([cH0][NH1,NH2]):4]	-0.00403124	10	-	-	-	-	G
C13445308      none	B	[$(C=O):1][NX3:2]!@[a:3][aH0:4]	119.994	2.43553	-	-	-	-	G
C13445308      none	B	[cH0:1][c:2]([cH0])!@[O:3][C:4]	119.994	2.5775	-	-	-	-	G
C13445308      none	B	[$(cO):1][c:2](cO)!@[O:3][C:4]	-60.0013	1.7341	-	-	-	-	G
C13445308      none	B	[O:1]=[CX3:2]!@[NX3H1:3][!#1:4]	0.00369611	63.7893	-	-	-	-	G
C13445308      none	B	[C:1][CX4:2]!@[CX3:3]=[O:4]	-29.946	3.42621	-	-	-	-	G
C13445308      none	B	[cH1,nX2H0:1][c:2]([cH1,nX2H0])!@[NX3r:3][*:4]	149.994	1.71312	-	-	-	-	O
C61843355      none	B	[*:1]~[CX3:2]!@[cX3:3]~[*:4]	-29.9941	2.32371	-	-	-	-	O
C61843355      none	B	[!#1:1][CH2:2]!@[n:3][a:4]	89.9969	13.2097	-	-	-	-	G
C61843355      none	B	[!#1:1][CX4H2:2]!@[CX4H2:3][!#1:4]	60.0037	3.99483	-	-	-	-	G
C26263088      none	B	[aH1:1][c:2]([aH1])!@[SX4:3][!#1:4]	90.008	12.916	-	-	-	-	G
C26263088      none	B	[cH0:1][c:2]([cH1])!@[CX3:3]([NX3H1])=[O:4]	-120.001	1.47955	-	-	-	-	G
C26263088      none	B	[O:1]=[C:2](c)!@[$([NX3](c([nX2H0])([nX2H0]))):3][H:4]	180	26.6667	-	-	-	-	G
C26263088      none	B	[$(C=O):1][NX3:2]!@[a:3][aH0:4]	-0.00207531	4.11379	-	-	-	-	G
C26263088      none	B	[c:1][$(S(=O)=O):2]!@[NX3H1:3][C:4]	147.003	0	-	-	-	-	R
C26263088      none	B	[!#1:1][CX4:2]!@[NX3:3][!#1:4]	29.9906	0.392826	-	-	-	-	G
C38738953      none	B	[*:1]~[CX3:2]!@[NX2:3]~[*:4]	90.0064	0.126195	-	-	-	-	G
C38738953      none	B	[!#1:1][CX4H2:2]!@[CX3:3]=[O:4]	89.9907	1.06654	-	-	-	-	G
C38738953      none	B	[!#1:1][CX4:2]!@[SX2:3][!#1:4]	79.998	6.41197	-	-	-	-	G
C38738953      none	B	[!#1:1][CX3:2]!@[SX2:3][!#1:4]	-90.3141	1.24247	-	-	-	-	O
C15050187      none	B	[a:1][c:2]!@[CX3:3]=[CX3H0:4]	120.001	3.34694	-	-	-	-	G
C15050187      none	B	[$([CX3]=O):1][NX3H0:2](C)!@[CX4H2:3][C:4]	-89.9988	15.9949	-	-	-	-	G
C15050187      none	B	N[C:2](=[O:1])!@[CH2:3][N:4]	30.0008	5.20833	-	-	-	-	G
C15050187      none	B	[O:1]=[CX3:2]!@[NX3H1:3][!#1:4]	-0.00512633	63.7893	-	-	-	-	G
C15050187      none	B	[$([CX3]=O):1][NX3H1:2]!@[CX4H2:3][C:4] 	179.998	6.46594	-	-	-	-	G
C15050187      none	B	[NH1:1][CX4:2]!@[CX3:3]=[O:4]	-120.002	0.275693	-	-	-	-	G
C05315646      none	B	[$(C=O):1][O:2]!@[CH2:3]~[C:4]	89.9954	4.53893	-	-	-	-	G
C05315646      none	B	[O:1]=[C:2]([N])!@[O:3]~[C:4]	0.00458562	57.729	-	-	-	-	G
C05315646      none	B	[O:1]=[CX3:2]!@[NX3H1:3][!#1:4]	-0.00915246	63.7893	-	-	-	-	G
C05315646      none	B	[$(C=O):1][NX3H1:2]!@[CX4H1:3][H:4]	29.9984	9.46757	-	-	-	-	G
C05315646      none	B	[OX2:1][CX4:2]!@[CX4:3][OX2:4]	179.96	13.4277	-	-	-	-	G
C36025329      none	B	[*:1]~[CX4:2]!@[n:3]~[*:4]	-30.0022	3.02285	-	-	-	-	G
C36025329      none	B	[OX2:1][CX4:2]!@[CX4:3][OX2:4]	-166.781	4.55756	-	-	-	-	G
C66587816      none	B	[O-:1][N+:2](=O)!@[c:3]([cH,nX2H0])[cH,nX2H0:4]	179.985	23.2156	-	-	-	-	G
C66587816      none	B	[aH0:1][c:2]([aH1])!@[SX4:3][!#1:4]	-110.213	1.0568	-	-	-	-	O
C66587816      none	B	[c:1][S:2](=O)(=O)!@[NX2H0-:3]-[*:4]	89.9952	2.77778	-	-	-	-	G
C66587816      none	B	[$(S(=O)(=O)):1][NH0:2]!@[c:3]([cH1])[cH1:4]	89.734	15.7025	-	-	-	-	G
C66587816      none	B	[$(C=O):1][NX3H1:2]!@[c:3]([cH0]F)[cH:4]	-29.7418	8.77193	-	-	-	-	G
C66587816      none	B	[O:1]=[CX3:2]!@[NX3H1:3][!#1:4]	-179.989	2.24265	-	-	-	-	G
C66587816      none	B	[O:1]=[C:2]([N])!@[O:3]~[C:4]	0.00097221	57.729	-	-	-	-	G
C28429355      none	B	[a:1][c:2]!@[CX4H1:3][N,O:4]	-90.9445	1.29082	-	-	-	-	G
C42312599      none	B	[aH1:1][c:2]([aH1])!@[SX4:3][!#1:4]	89.9985	12.916	-	-	-	-	G
C42312599      none	B	[cH1:1][c:2]([cH1])!@[C:3]([NH1,NH2])=[O:4]	179.988	3.89499	-	-	-	-	G
C42312599      none	B	[*:1]~[N,n:2]!@[S:3]~[*:4]	59.9974	4.33354	-	-	-	-	G
C42312599      none	B	[!#1:1][CX4:2]!@[CX3H0:3][!#1:4]	38.6215	1.9374	-	-	-	-	G
C36231730      none	B	[a:1][c:2]!@[C:3](=[N:4])	-29.9984	1.66156	-	-	-	-	G
C36231730      none	B	[a:1][c:2]!@[C:3]([NH0])=[O:4]	-90.0025	2.91667	-	-	-	-	G
C36231730      none	B	[O:1]=[CX3:2](a)!@[NX3H0:3][!#1:4]	0.283481	23.6549	-	-	-	-	G
C36231730      none	B	[CX4:1][CX4H2:2]!@[NX3;"N_lp":3][CX4:4]	-60.0066	4.98492	-	-	-	-	G
C36231730      none	B	[OX2:1][CX4H2:2]!@[CX4H2:3][Nr:4]	180	8.33333	-	-	-	-	G
C22050790      none	B	[O:1]=[CX3:2]!@[NX3H1:3][!#1:4]	0.00189196	63.7893	-	-	-	-	G
C22050790      none	B	[$(C=O):1][NX3H1:2]!@[CX4H1:3][H:4]	-30.007	6.97413	-	-	-	-	G
C22050790      none	B	[a:1][c:2]!@[CX4H1:3][N,O:4]	-89.7266	1.29082	-	-	-	-	G
C50604003      none	B	[OX2:1][CX4:2]!@[CX4:3][N:4]	60.0024	15.2809	-	-	-	-	G
C50604003      none	B	[O:1]=[C:2]([O-])!@[CX4H1:3][H:4]	-0.00296347	0.495663	-	-	-	-	O
C50604003      none	B	[$(C=O):1][NX3H1:2]!@[CX4H1:3][H:4]	-60.0025	1.23735	-	-	-	-	G
C50604003      none	B	[O:1]=[CX3:2]([$([NX3H1]C)])!@[NX3H1:3][!#1:4]	0.00262996	41.1343	-	-	-	-	G
C50604003      none	B	[O:1]=[CX3:2]([$([NX3H1]C)])!@[NX3H1:3][!#1:4]	0.00130695	41.1343	-	-	-	-	G
C50604003      none	B	[$([CX3]=O):1][NX3H1:2]!@[CX4H2:3][C:4] 	-149.999	1.7769	-	-	-	-	O
C50604003      none	B	[!#1:1][CX4:2]!@[CX4:3][!#1:4]	179.338	22.1548	-	-	-	-	G
C41017632      none	B	[$([CX3]=O):1][NX3H0:2](C)!@[CX4H2:3][C:4]	-89.9979	15.9949	-	-	-	-	G
C41017632      none	B	N[C:2](=[O:1])!@[CH2:3][N:4]	-30.0067	4.7619	-	-	-	-	G
C41017632      none	B	[O:1]=[CX3:2]!@[NX3H1:3][!#1:4]	180	2.24265	-	-	-	-	G
C41017632      none	B	[$(C=O):1][NX3H1:2]!@[c:3](s)[n:4]	0.00438535	0.574713	-	-	-	-	R
C41017632      none	B	[aH0:1][c:2]([aH0])!@[SX2:3][!#1:4]	149.997	0.567303	-	-	-	-	O
C41017632      none	B	[!#1:1][CX4:2]!@[SX2:3][!#1:4]	-60.0117	7.13757	-	-	-	-	G
C41017632      none	B	[!#1:1][CX4H2:2]!@[CX3:3]=[O:4]	-90.005	1.11373	-	-	-	-	G
C26276023      none	B	[cH1:1][c:2]([cH1])!@[O:3][C:4]	-149.997	0.243246	-	-	-	-	O
C26276023      none	B	[C:1][CX4H2:2]!@[OX2:3][c:4]	150.001	0.884397	-	-	-	-	O
C26276023      none	B	[OX2:1][CX4H2:2]!@[CX3:3]([$([NX3H1,NX3H2])])=[O:4]	29.9927	0.357143	-	-	-	-	O
C26276023      none	B	[O:1]=[C:2]([!$([NH1])])!@[NX3H1:3]([H:4])[$(c([nX2H0])([nX2H0]))]	0.00364084	20	-	-	-	-	R
C26276023      none	B	[$([C]([CX4])(=O)):1][NX3H1:2]!@[c:3]([nX2H0])[nX2H0:4]	-30.3098	1.92308	-	-	-	-	O
C18283683      none	B	[C:1][CX4:2]!@[CX3:3][C:4]	-149.998	1.84328	-	-	-	-	G
C18283683      none	B	[*^2:1]~[C^2:2]([!H])!@[C^2:3]~[*^2:4]	90.2689	1.26539	-	-	-	-	G
C18283683      none	B	[!#1:1][CX4:2]!@[CX4:3][!#1:4]	178.417	22.1548	-	-	-	-	G
C12378540      none	B	[!#1:1][CX4:2]!@[CX4:3][!#1:4]	-60.0011	12.2558	-	-	-	-	G
C12378540      none	B	[H:1][CX4H1:2]!@[O:3][CX4:4]	-30.0057	6.07621	-	-	-	-	G
C12378540      none	B	[H:1][CX4H1:2]!@[O:3][CX4:4]	0.000737293	4.26659	-	-	-	-	G
C12378540      none	B	[$(C=O):1][NX3H1:2]!@[CX4H1:3][H:4]	60.003	6.22422	-	-	-	-	G
C12378540      none	B	[OX2:1][CX4:2]!@[CX4:3][OX2:4]	39.9598	0.511128	-	-	-	-	O
C12378540      none	B	[O:1]=[CX3:2]!@[NX3H1:3][!#1:4]	-0.00152283	63.7893	-	-	-	-	G
C58841789      none	B	[O:1]=[CX3:2]!@[NX3H1:3][!#1:4]	0.00782393	63.7893	-	-	-	-	G
C58841789      none	B	[$([CX3]=O):1][NX3H1:2]!@[CX4H2:3][C:4] 	60.0008	1.1846	-	-	-	-	G
C58841789      none	B	N[C:2](=[O:1])!@[CH2:3][N:4]	-150.008	2.38095	-	-	-	-	G
C58841789      none	B	[O:1]=[CX3:2]!@[NX3H1:3][!#1:4]	0.00549037	63.7893	-	-	-	-	G
C58841789      none	B	[$([CX3]=O):1][NX3H1:2]!@[CX4H2:3][C:4] 	149.996	1.43139	-	-	-	-	O
C58841789      none	B	N[C:2](=[O:1])!@[CH2:3][N:4]	-30.0075	4.7619	-	-	-	-	G
C58841789      none	B	[O:1]=[CX3:2]!@[NX3H1:3][!#1:4]	0.00915532	63.7893	-	-	-	-	G
C58841789      none	B	[$(C=O):1][NX3H1:2]!@[CX4H1:3][H:4]	-32.0024	6.97413	-	-	-	-	G
C06576959      none	B	[!#1:1][CH2:2]!@[n:3][cH0:4]	-89.998	15.4696	-	-	-	-	G
C06576959      none	B	[O:1]=[C:2]([O-])!@[c:3]([cH1])[cH0:4]	89.9968	0	-	-	-	-	R
C06576959      none	B	[cH0:1][c:2]([cH,nX2H0])!@[NX3H0:3][CX4:4]	0.2835	1.19321	-	-	-	-	O
C06576959      none	B	[C:1][CX4:2]!@[CX3:3]=[O:4]	59.9998	2.38699	-	-	-	-	G
C06576959      none	B	[O:1][CX4:2]!@[CX3:3]=[O:4]	68.7474	0.274995	-	-	-	-	O
C06576959      none	B	[O:1]=[C:2]!@[O:3]~[C:4]	0.00175266	74.4927	-	-	-	-	G
C06576959      none	B	[$(C=O):1][O:2]!@[CH2:3]~[C:4]	-89.9962	4.43359	-	-	-	-	G
C06576959      none	B	[O:1]=[C:2]!@[O:3]~[C:4]	-0.00199023	74.4927	-	-	-	-	G
C06576959      none	B	[$(C=O):1][O:2]!@[CH2:3]~[C:4]	179.999	23.3458	-	-	-	-	G
C08740133      none	B	[O:1]=[C:2]([O-])!@[CX4H1:3][H:4]	90.0023	0.86741	-	-	-	-	O
C08740133      none	B	[$(C=O):1][NX3H1:2]!@[CX4H1:3][H:4]	-0.0127227	8.26772	-	-	-	-	G
C08740133      none	B	[O:1]=[CX3:2]!@[NX3H1:3][!#1:4]	0.0108619	63.7893	-	-	-	-	G
C08740133      none	B	[NH1:1][CX4:2]!@[CX3:3]=[O:4]	-60.0112	1.73074	-	-	-	-	O
C08740133      none	B	[a:1][c:2]!@[CX4H1:3][N,O:4]	150.268	3.7643	-	-	-	-	G
C08740133      none	B	[!#1:1][CX4:2]!@[NX3;"N_lp":3]	-61.9703	6.10228	-	-	-	-	G
C08740133      none	B	[*:1]~[NX3:2]!@[NX3:3]~[*:4]	120.003	2.59525	-	-	-	-	G
C17081175      none	B	[cH1:1][c:2]([cH1])!@[O:3][C:4]	30.0012	0.264964	-	-	-	-	O
C17081175      none	B	[C:1][CX4H2:2]!@[OX2:3][c:4]	149.998	0.884397	-	-	-	-	O
C17081175      none	B	[OX2:1][CX4H2:2]!@[CX3:3]([$([NX3H1,NX3H2])])=[O:4]	150	1.07143	-	-	-	-	O
C17081175      none	B	[O:1]=[CX3:2]!@[NX3H1:3][!#1:4]	0.00246069	63.7893	-	-	-	-	G
C17081175      none	B	[*:1]~[NX3:2]!@[NX3:3]~[*:4]	-150.001	1.86361	-	-	-	-	G
C17081175      none	B	[O:1]=[CX3:2]!@[NX3H1:3][!#1:4]	0.00172752	63.7893	-	-	-	-	G
C17081175      none	B	[C:1][CX4:2]!@[CX3:3]=[O:4]	56.7812	2.38699	-	-	-	-	G
C17081175      none	B	[O:1]=[C:2]([O-])!@[CX4H1:3][H:4]	90.006	0.86741	-	-	-	-	O
C37053076      none	B	[$(S(=O)(=O)):1][N:2]!@[c:3][a:4]	179.994	4.19922	-	-	-	-	G
C37053076      none	B	[c:1][S:2](=O)(=O)!@[NX2H0-:3]-[*:4]	60.0017	8.33333	-	-	-	-	G
C37053076      none	B	[aH0:1][c:2]([aH1])!@[SX4:3][!#1:4]	-110.275	1.0568	-	-	-	-	O
C65022414      none	B	[a:1][c:2]!@[CX4H2:3][!#1:4]	134.998	1.8443	-	-	-	-	O
C65022414      none	B	[$([C](=O)):1][NX3H0:2]!@[CX4H2:3][$([c]([cH,nX2H0])[cH,nX2H0]):4]	-60.2807	0.233281	-	-	-	-	O
C65022414      none	B	[aH0:1][c:2]([aH1])!@[SX4:3][!#1:4]	-69.9864	15.3236	-	-	-	-	G
C65022414      none	B	[c:1][S:2](=O)(=O)!@[NX2H0-:3]-[*:4]	-90.0011	2.77778	-	-	-	-	G
C65022414      none	B	[$(S(=O)(=O)):1][NH0:2]!@[c:3]([cH1])[cH0:4]	89.7209	13.1148	-	-	-	-	G
C65022414      none	B	[cH1:1][c:2]([cH1])!@[O:3][C:4]	0.000764248	26.3009	-	-	-	-	G
C65022414      none	B	[cH0:1][c:2]([cH1])!@[O:3][C:4]	89.9999	0.6255	-	-	-	-	R
C40697744      none	B	[cH1,nX2H0:1][c:2]([cH1,nX2H0])!@[NX3r:3][*:4]	-179.7	6.12375	-	-	-	-	G
C40697744      none	B	[N:1][CX4:2]!@[CX3:3]=[O:4]	151.734	6.84729	-	-	-	-	G
C40697744      none	B	[O:1]=[CX3:2]!@[NX3H1:3][!#1:4]	-0.000870476	63.7893	-	-	-	-	G
C40697744      none	B	[$(C=O):1][NX3H1:2]!@[CX4H1:3][H:4]	29.9967	9.46757	-	-	-	-	G
C40697744      none	B	[!#1:1][CX4:2]!@[CX4:3][!#1:4]	179.995	22.1548	-	-	-	-	G
C40697744      none	B	[O:1]=[C:2]([O-])!@[CX4H1:3][H:4]	0.00300519	0.495663	-	-	-	-	O
C40697744      none	B	[!#1:1][CX4H2:2]!@[CX4H2:3][!#1:4]	180	58.554	-	-	-	-	G
C13629017      none	B	[a:1][c:2]!@[CX4H2:3][!#1:4]	90.0014	7.24386	-	-	-	-	G
C13629017      none	B	[$(C=O):1][NX3H0:2]!@[CX4H2:3][!#1:4]	-90.2946	14.1466	-	-	-	-	G
C13629017      none	B	[C:1][CX4:2]!@[CX3:3]=[O:4]	-85.355	3.45082	-	-	-	-	G
C13629017      none	B	[O:1]=[CX3:2]!@[NX3H1:3][!#1:4]	-0.00238625	63.7893	-	-	-	-	G
C13629017      none	B	[*:1]~[NX3:2]!@[NX3:3]~[*:4]	149.996	1.2148	-	-	-	-	G
C13629017      none	B	[O:1]=[CX3:2]!@[NX3H1:3][!#1:4]	0.00834828	63.7893	-	-	-	-	G
C13629017      none	B	[*^2:1]~[C^2:2]([!H])!@[C^2:3]~[*^2:4]	150	1.21045	-	-	-	-	G
C13629017      none	B	[*^2:1]~[C^2:2]([!H])!@[C^2:3]~[*^2:4]	90.0008	1.26539	-	-	-	-	G
CHEMBL482097      none	B	[$([CX3]([C])([H])):1]=[CX3:2]([H])!@[CH1:3](C)[C:4]	-120.005	15.6904	-	-	-	-	G
CHEMBL482097      none	B	[O:1]=[C:2]([O-])!@[CX4H1:3][H:4]	90.004	0.86741	-	-	-	-	O
CHEMBL482097      none	B	[CX3:1]=[CX3:2]!@[CX3:3]=[CX3:4]	180	49.5465	-	-	-	-	G
CHEMBL482097      none	B	[CX3:1]=[CX3:2]!@[CH1:3](C)[C:4]	-35.0588	0.874036	-	-	-	-	O
CHEMBL482097      none	B	[O:1]=[C:2]([O-])!@[CX4H1:3][H:4]	89.9971	0.86741	-	-	-	-	O
CHEMBL482097      none	B	[!#1:1][CX4:2]!@[CX4:3][!#1:4]	159.999	1.81259	-	-	-	-	G
CHEMBL482097      none	B	[C:1][CX4H2:2]!@[CX3:3]=[O:4]	120.009	0.695249	-	-	-	-	O
C15089261      none	B	[$(S(=O)(=O)):1][NX3H0:2]!@[CX4H2:3][!#1:4]	-90.0007	8.83621	-	-	-	-	G
C15089261      none	B	[$(S(=O)(=O)):1][NX3H0:2]!@[CX4H2:3][!#1:4]	-89.9972	8.83621	-	-	-	-	G
C15089261      none	B	[c:1][$(S(=O)=O):2]!@[NX3H0:3][C:4]	89.9997	4.81691	-	-	-	-	G
C15089261      none	B	[aH1:1][c:2]([aH1])!@[SX4:3][!#1:4]	-149.73	0.324309	-	-	-	-	R
C15089261      none	B	[cH1:1][a:2]([cH1])!@[a:3]([sX2,o,nX2H0,nX3H1:4])	60.3177	0.904951	-	-	-	-	R
C15089261      none	B	[aH0:1][c:2]([aH0])!@[SX2:3][!#1:4]	-30.0017	0.51573	-	-	-	-	O
C15089261      none	B	[!#1:1][CH2:2]!@[n:3][cH0:4]	89.9963	14.7896	-	-	-	-	G
C15089261      none	B	[!#1:1][CX4:2]!@[CX4:3][!#1:4]	60.0022	12.3771	-	-	-	-	G
C15089261      none	B	[!#1:1][CX4:2]!@[SX2:3][!#1:4]	-159.994	3.18377	-	-	-	-	G
C15089261      none	B	[C:1][CX4:2]!@[CX3:3]=[O:4]	-30.0052	3.42621	-	-	-	-	G
C15089261      none	B	[O:1]=[C:2]!@[NX3H1:3](C=O)[H:4]	-179.989	35.6725	-	-	-	-	G
C15089261      none	B	[O:1]=[C:2]!@[NX3H1:3](C=O)[H:4]	-0.0158006	23.6842	-	-	-	-	G
C37732121      none	B	[O:1]=[C:2]([O-])!@[c:3]([cH1])[cH0:4]	89.9998	0	-	-	-	-	R
C37732121      none	B	[aH0:1][c:2]([aH1])!@[SX4:3][!#1:4]	-143.859	0.1321	-	-	-	-	R
C37732121      none	B	[c:1][S:2](=O)(=O)!@[NX2H0-:3]-[*:4]	-60.002	11.1111	-	-	-	-	G
C37732121      none	B	[$(S(=O)(=O)):1][N:2]!@[c:3][a:4]	180	4.19922	-	-	-	-	G
C37732121      none	B	[a:1][c:2]!@[CX4H1:3][H:4]	124.315	1.00725	-	-	-	-	G
C09045854      none	B	[!#1:1][CX4:2]!@[CX4:3][!#1:4]	159.996	1.81259	-	-	-	-	G
C09045854      none	B	[NH1:1][CX4:2]!@[CX3:3]=[O:4]	0.00591692	6.89233	-	-	-	-	G
C09045854      none	B	[$(C=O):1][NX3H1:2]!@[CX4H1:3][H:4]	-30.0053	6.97413	-	-	-	-	G
C09045854      none	B	[O:1]=[CX3:2]!@[NX3H0:3][!#1:4]	-29.7238	0.692521	-	-	-	-	O
C09045854      none	B	[O:1]=[C:2]([O-])!@[CX4H1:3][H:4]	90	0.86741	-	-	-	-	O
C09045854      none	B	[O:1]=[CX3:2]!@[NX3H1:3][!#1:4]	-0.000759229	63.7893	-	-	-	-	G
C09045854      none	B	[O:1]=[C:2]!@[NX3H0:3]([a:4])[A]	-30.2832	0.827016	-	-	-	-	O
C39217710      none	B	[cH0:1][c:2]!@[CX4H1:3][CX4:4]	179.816	0.512475	-	-	-	-	G
C45810263      none	B	[O-:1][N+:2](=O)!@[c:3]([cH,nX2H0])[cH,nX2H0:4]	179.97	23.2156	-	-	-	-	G
C45810263      none	B	[aH1:1][c:2]([aH1])!@[SX4:3][!#1:4]	-90.0032	12.5987	-	-	-	-	G
C45810263      none	B	[c:1][S:2](=O)(=O)!@[NX2H0-:3]-[*:4]	60.0042	8.33333	-	-	-	-	G
C45810263      none	B	[$(S(=O)(=O)):1][NH0:2]!@[c:3]([cH1])[cH1:4]	119.732	2.06612	-	-	-	-	G
C45810263      none	B	[cH1:1][c:2]([cH1])!@[C:3]([NH1,NH2])=[O:4]	-152.923	8.78518	-	-	-	-	G
C45810263      none	B	[O:1]=[CX3:2]!@[NX3H1:3][!#1:4]	-0.00134034	63.7893	-	-	-	-	G
C45810263      none	B	[$(C=O):1][NX3H1:2]!@[c:3]([cH1])[cH1:4]	30.0039	5.05437	-	-	-	-	G
C45810263      none	B	[cH1,nX2H0:1][c:2]([cH1,nX2H0])!@[NX3r:3][*:4]	30.2805	2.135	-	-	-	-	O
C61712966      none	B	[O:1]=[CX3:2]!@[NX3H0:3][!#1:4]	-149.995	1.37927	-	-	-	-	O
C61712966      none	B	[O:1]=[CX3:2]!@[NX3H1:3][!#1:4]	0.00241462	63.7893	-	-	-	-	G
C61712966      none	B	[$([CX3]=O):1][NX3H1:2]!@[CX4H2:3][C:4] 	89.9975	7.35439	-	-	-	-	G
C61712966      none	B	N[C:2](=[O:1])!@[CH2:3][N:4]	-150.002	2.38095	-	-	-	-	G
C61712966      none	B	[O:1]=[CX3:2]!@[NX3H1:3][!#1:4]	-0.00590806	63.7893	-	-	-	-	G
C61712966      none	B	[$([CX3]=O):1][NX3H1:2]!@[CX4H2:3][C:4] 	180	6.46594	-	-	-	-	G
C61712966      none	B	[NH1:1][CX4:2]!@[CX3:3]=[O:4]	-119.986	0.275693	-	-	-	-	G
C13264300      none	B	[cH0:1][c:2]([cH1])!@[CX3:3]([NX3H1])=[O:4]	60.0015	2.95909	-	-	-	-	G
C13264300      none	B	[O:1]=[CX3:2]!@[NX3H1:3][!#1:4]	0.00379726	63.7893	-	-	-	-	G
C13264300      none	B	[*:1]~[NX3:2]!@[NX2:3]~[*:4]	180	29.4914	-	-	-	-	G
C13264300      none	B	[cH1:1][c:2]([cH1])!@[CX3:3]=[NX2:4]	-149.722	2.34391	-	-	-	-	G
C13264300      none	B	[aH1:1][c:2]([aH1])!@[SX4:3][!#1:4]	-30.0005	0.190355	-	-	-	-	R
C13264300      none	B	[*:1][$(S(=O)=O):2]!@[NX3H0r:3][*:4]	90.2807	4.85782	-	-	-	-	G
C13264300      none	B	[O:1]=[C:2]([O-])!@[CX4H1:3][H:4]	0.0111827	0.495663	-	-	-	-	O
C13170882      none	B	[a:1][c:2]!@[C:3]([NH0])=[O:4]	-59.9978	3.63889	-	-	-	-	G
C13170882      none	B	[O-:1][N+:2](=O)!@[c:3]([cH0])[cH,nX2H0:4]	0.238837	12.6374	-	-	-	-	G
C13170882      none	B	[O:1]=[CX3:2](a)!@[NX3H0:3][!#1:4]	150.278	2.50464	-	-	-	-	G
C13170882      none	B	[O:1]=[C:2]([O-])!@[CX4H1:3][H:4]	89.9939	0.86741	-	-	-	-	O
C44127292      none	B	[O:1]=[CX3:2]!@[NX3H1:3][!#1:4]	0.0104331	63.7893	-	-	-	-	G
C44127292      none	B	[$(C=O):1][NX3H1:2]!@[c:3]([cH1])[cH1:4]	-0.00281265	7.77286	-	-	-	-	G
C44127292      none	B	[cH1,n:1][c:2]!@[O:3][CRH1:4]	-59.9972	0.609756	-	-	-	-	R
C44127292      none	B	[H:1][CX4H1:2]!@[OX2:3][!#1:4]	-0.0070023	7.47259	-	-	-	-	G
C44127292      none	B	[O:1]=[C:2]([O-])!@[CX4H1:3][H:4]	89.9999	0.86741	-	-	-	-	O
C38655385      none	B	[*:1]~[CX4:2]!@[n:3]~[*:4]	120.002	3.12393	-	-	-	-	G
C38655385      none	B	[OX2:1][CX4:2]!@[CX4:3][OX2:4]	-63.6739	16.2177	-	-	-	-	G
C00406547      none	B	[aH1:1][c:2]([aH1])!@[SX4:3][!#1:4]	90.0022	12.916	-	-	-	-	G
C00406547      none	B	[*:1][$(S(=O)=O):2]!@[NX3H1:3][*:4]	-59.9952	9.96512	-	-	-	-	G
C00406547      none	B	[*:1]~[NX3:2]!@[NX3:3]~[*:4]	-72.4367	3.00939	-	-	-	-	G
C37825384      none	B	[OX2:1][CX4H2:2]!@[CX4H2:3][N:4]	59.9945	17.6955	-	-	-	-	G
C37825384      none	B	[$([CX3]=O):1][NX3H0:2](C)!@[CX4H2:3][C:4]	-89.9939	15.9949	-	-	-	-	G
C37825384      none	B	[$([CX3]=O):1][NX3H0:2](C)!@[CX4H2:3][C:4]	89.9969	14.7513	-	-	-	-	G
C37825384      none	B	[O:1]=[CX3:2]!@[NX3H0:3][!#1:4]	180	18.2537	-	-	-	-	G
C37825384      none	B	[OX2:1][CX4H2:2]!@[CX4H2:3][N:4]	-59.9959	16.5981	-	-	-	-	G
C37825384      none	B	N[C:2](=[O:1])!@[CH2:3][N:4]	-30.0041	4.7619	-	-	-	-	G
C40111887      none	B	[!#1:1][CX4H2:2]!@[CX4H2:3][!#1:4]	179.997	58.554	-	-	-	-	G
C40111887      none	B	[!#1:1][CX4H2:2]!@[CX4H2:3][!#1:4]	180	58.554	-	-	-	-	G
C40111887      none	B	[$([CX3]=O):1][NX3H0:2](C)!@[CX4H2:3][C:4]	-60.3115	0.686106	-	-	-	-	O
C40111887      none	B	[a:1][c:2]!@[CX4H1:3][N,O:4]	29.9996	3.56196	-	-	-	-	G
C40111887      none	B	[*^2:1]~[C^2:2]([!H])!@[C^2:3]~[*^2:4]	150.011	1.21045	-	-	-	-	G
C40111887      none	B	[cH1:1][c:2]([cH1])!@[CX3:3]([CX3H0])=[O:4]	-59.7279	0.204918	-	-	-	-	R
C40111887      none	B	[aH1:1][c:2]([aH1])!@[SX4:3][!#1:4]	110.003	4.92809	-	-	-	-	G
C40111887      none	B	[*:1][$(S(=O)=O):2]!@[NX3H0r:3][*:4]	-89.6701	4.88152	-	-	-	-	G
C40111887      none	B	[O-:1][N+:2](=O)!@[c:3]([cH,nX2H0])[cH,nX2H0:4]	-179.839	23.2156	-	-	-	-	G
C09437101      none	B	[cH1:1][c:2]([cH1])!@[CX3:3]([CX3H0])=[O:4]	-60.0069	0.204918	-	-	-	-	R
C09437101      none	B	[*^2:1]~[C^2:2]([!H])!@[C^2:3]~[*^2:4]	150.305	1.21045	-	-	-	-	G
C09437101      none	B	[$(C=O):1][NX3:2]!@[a:3]([nX2H0])[cH1:4]	-179.701	3.56473	-	-	-	-	O
C09437101      none	B	[a:1][c:2]!@[CX4H1:3][N,O:4]	56.8237	3.42939	-	-	-	-	G
C09437101      none	B	[O-:1][N+:2](=O)!@[c:3]([cH,nX2H0])[cH,nX2H0:4]	-179.848	23.2156	-	-	-	-	G
C05732068      none	B	[H:1][CX4H1:2]!@[O:3][CX4:4]	39.9947	11.9906	-	-	-	-	G
C05732068      none	B	[OX2:1][CX4:2]!@[CX4:3][OX2:4]	80.0519	2.87509	-	-	-	-	O
C12881094      none	B	[!#1:1][CX4:2]!@[CX4:3][!#1:4]	-60.014	12.2558	-	-	-	-	G
C12881094      none	B	[!#1:1][CX4:2]!@[CX4:3][!#1:4]	-80.0123	1.71775	-	-	-	-	G
C12881094      none	B	[O:1]=[C:2]([O-])!@[CX4H1:3][H:4]	0.00557553	0.495663	-	-	-	-	O
C12881094      none	B	[$(C=O):1][NX3H1:2]!@[CX4H1:3][H:4]	-0.00845822	8.26772	-	-	-	-	G
C12881094      none	B	[O:1]=[CX3:2]!@[NX3H1:3][!#1:4]	0.0114753	63.7893	-	-	-	-	G
C12881094      none	B	[NH1:1][CX4:2]!@[CX3:3]=[O:4]	-120.006	0.275693	-	-	-	-	G
C12881094      none	B	[$(C=O):1][NX3H1:2]!@[CX4H1:3][H:4]	29.9987	9.46757	-	-	-	-	G
C12881094      none	B	[O:1]=[CX3:2]!@[NX3H1:3][!#1:4]	0.00112259	63.7893	-	-	-	-	G
C12881094      none	B	[C:1][CX4:2]!@[CX3:3]=[O:4]	-85.3577	3.45082	-	-	-	-	G
C12881094      none	B	[$(C=O):1][NX3H0:2]!@[c:3]([cH1])[cH1:4]	150.001	1.18925	-	-	-	-	G
C66790890      none	B	[!#1:1][CX4:2]!@[CX4:3][!#1:4]	-59.9964	12.2558	-	-	-	-	G
C66790890      none	B	[!#1:1][CX4H2:2]!@[CX4H2:3][!#1:4]	180	58.554	-	-	-	-	G
C66790890      none	B	[O:1]=[CX3:2]([NH1])!@[CH2:3][C:4]	-90.0038	1.868	-	-	-	-	O
C66790890      none	B	[O:1]=[CX3:2]!@[NX3H1:3][!#1:4]	0.0017005	63.7893	-	-	-	-	G
C66790890      none	B	[*:1]~[NX3:2]!@[NX3:3]~[*:4]	-90.0062	3.3545	-	-	-	-	G
C66790890      none	B	[O:1]=[CX3:2]!@[NX3H1:3][!#1:4]	0.00654801	63.7893	-	-	-	-	G
C66790890      none	B	[cH1:1][c:2]([cH1])!@[C:3]([NH1,NH2])=[O:4]	-26.9971	8.39053	-	-	-	-	G
C50253619      none	B	[aH1:1][c:2]([aH1])!@[SX4:3][!#1:4]	-89.9997	12.5987	-	-	-	-	G
C50253619      none	B	[c:1][S:2](=O)(=O)!@[NX2H0-:3]-[*:4]	-89.9979	2.77778	-	-	-	-	G
C50253619      none	B	[$(S(=O)(=O)):1][NH0:2]!@[c:3]([cH1])[cH0:4]	-90.2764	18.0328	-	-	-	-	G
C04955514      none	B	[cH1:1][c:2]([cH1])!@[CX3:3]=[NX2:4]	-29.998	2.32396	-	-	-	-	G
C04955514      none	B	[O-:1][N+:2](=O)!@[c:3]([cH,nX2H0])[cH,nX2H0:4]	179.973	23.2156	-	-	-	-	G
C04955514      none	B	[*:1]~[NX3:2]!@[NX2:3]~[*:4]	60.0034	0.141276	-	-	-	-	R
C04955514      none	B	[a:1][a:2]!@[NX3:3][!#1:4]	-149.711	1.91104	-	-	-	-	O
C04955514      none	B	[aH1:1][c:2]([aH1])!@[SX4:3][!#1:4]	-89.9994	12.5987	-	-	-	-	G
C44750978      none	B	[$(C=O):1][NX3H1:2]!@[c:3]([cH1])[cH1:4]	-30.0246	5.05437	-	-	-	-	G
C44750978      none	B	[O:1]=[C:2]([O-])!@[c:3]([cH1])[cH0:4]	89.9956	0	-	-	-	-	R
C44750978      none	B	[O:1]=[CX3:2]!@[NX3H1:3][!#1:4]	120.002	0.00505102	-	-	-	-	R
C44750978      none	B	[O:1]=[CX3:2]!@[NX3H0:3][!#1:4]	0.306965	25.0866	-	-	-	-	G
C32958500      none	B	[$(S(=O)(=O)):1][NH0:2]!@[c:3]([cH0])[cH0:4]	-90.025	15.2174	-	-	-	-	G
C32958500      none	B	[cH1:1][a:2]([cH1])!@[a:3]([sX2,o,nX2H0,nX3H1:4])([cH0])	0.321153	3.0303	-	-	-	-	G
C32958500      none	B	[c:1][S:2](=O)(=O)!@[NX2H0-:3]-[*:4]	-89.9972	2.77778	-	-	-	-	G
C32958500      none	B	[aH0:1][c:2]([aH1])!@[SX4:3][!#1:4]	-70.3212	15.3236	-	-	-	-	G
C49455720      none	B	[nH0r6:1][cr6:2]([nH0r6])!@[cr6:3]([cH1r6])[cH1r6:4]	-119.475	0.352113	-	-	-	-	R
C49455720      none	B	[cH1,nX2H0:1][c:2]([cH1,nX2H0])!@[NX3r:3][*:4]	-29.7167	1.80261	-	-	-	-	O
C49455720      none	B	[O:1]=[C:2]([O-])!@[CX4H1:3][H:4]	90.0015	0.86741	-	-	-	-	O
C42439457      none	B	[C:1][CX4:2]!@[CX3:3]=[O:4]	-119.939	3.42432	-	-	-	-	G
C42439457      none	B	[O:1]=[CX3:2]!@[NX3H0:3][!#1:4]	-150.001	1.37927	-	-	-	-	O
C42439457      none	B	[O:1]=[CX3:2]!@[NX3H0:3][!#1:4]	-149.714	1.37927	-	-	-	-	O
C42439457      none	B	[O:1]=[C:2]([O-])!@[CX4H1:3][H:4]	-0.000665277	0.495663	-	-	-	-	O
C09231670      none	B	[C:1][CX4:2]!@[CX3:3]=[O:4]	0.00447189	5.61823	-	-	-	-	G
C09231670      none	B	[O:1]=[CX3:2]!@[NX3H1:3][!#1:4]	-0.00655848	63.7893	-	-	-	-	G
C09231670      none	B	[$(C=O):1][NX3H1:2]!@[c:3]([cH1])[cH1:4]	119.999	0.181232	-	-	-	-	R
C09231670      none	B	[$(C=O):1][NX3H1:2]!@[c:3]([cH1])[cH1:4]	30.2563	5.05437	-	-	-	-	G
C09231670      none	B	[O:1]=[CX3:2]!@[NX3H1:3][!#1:4]	0.00615068	63.7893	-	-	-	-	G
C09231670      none	B	[*^2:1]~[C^2:2]([!H])!@[C^2:3]~[*^2:4]	89.9916	1.26539	-	-	-	-	G
C09231670      none	B	[*^2:1]~[C^2:2]([!H])!@[C^2:3]~[*^2:4]	30.0033	1.05249	-	-	-	-	G
C48858757      none	B	[O:1]=[C:2]([O-])!@[c:3]([cH1])[cH1:4]	179.983	7.35294	-	-	-	-	G
C48858757      none	B	[$(C=O):1][NX3H1:2]!@[c:3]([cH1])[cH1:4]	-150.015	5.07451	-	-	-	-	G
C48858757      none	B	[O:1]=[CX3:2]!@[NX3H1:3][!#1:4]	30.0043	0.0707142	-	-	-	-	O
C48858757      none	B	[O:1]=[CX3:2]!@[NX3H0:3][!#1:4]	-29.7317	0.692521	-	-	-	-	O
C48858757      none	B	[OX2:1][CX4:2]!@[CX4:3][N:4]	-79.9975	3.59551	-	-	-	-	G
C13318758      none	B	[cH0:1][c:2]([cH1])!@[O:3][C:4]	-120.019	0.327297	-	-	-	-	R
C13318758      none	B	[O-:1][N+:2](=O)!@[c:3]([cH0])[cH,nX2H0:4]	-0.0295369	12.6374	-	-	-	-	G
C13318758      none	B	[aH1:1][c:2]([aH1])!@[SX4:3][!#1:4]	-29.9986	0.190355	-	-	-	-	R
C13318758      none	B	[*:1][$(S(=O)=O):2]!@[NX3H0r:3][*:4]	-59.7237	8.17536	-	-	-	-	O
C13318758      none	B	[C:1][CX4H2:2]!@[OX2:3][c:4]	29.9991	0.0210571	-	-	-	-	R
C13318758      none	B	[OX2:1][CX4H2:2]!@[CX3:3]([$([NX3H1,NX3H2])])=[O:4]	60.0004	1.07143	-	-	-	-	R
C13318758      none	B	[O:1]=[CX3:2]!@[NX3H1:3][!#1:4]	-0.00443329	63.7893	-	-	-	-	G
C13318758      none	B	[$(C=O):1][NX3:2]!@[a:3][aH0:4]	-150.001	1.98526	-	-	-	-	O
C13318758      none	B	[O:1]=[C:2]([O-])!@[c:3]([cH1])[$([cH0][NH1,NH2]):4]	0.00439873	10	-	-	-	-	G
C37297051      none	B	[C:1][CX4:2]!@[CX3:3]=[O:4]	30.1385	3.28614	-	-	-	-	G
C37297051      none	B	[O:1]=[CX3:2]!@[NX3H0:3][!#1:4]	-150.003	1.37927	-	-	-	-	O
C37297051      none	B	[O:1]=[CX3:2]!@[NX3H0:3][!#1:4]	-149.718	1.37927	-	-	-	-	O
C37297051      none	B	[O:1]=[C:2]([O-])!@[CX4H1:3][H:4]	89.9969	0.86741	-	-	-	-	O
C13317361      none	B	[O:1]=[CX3:2]!@[NX3H1:3][!#1:4]	0.00634643	63.7893	-	-	-	-	G
C13317361      none	B	[cH1:1][c:2]([cH1])!@[C:3]([NH1,NH2])=[O:4]	152.998	9.05971	-	-	-	-	G
C13317361      none	B	[aH1:1][c:2]([aH1])!@[SX4:3][!#1:4]	-110.003	4.53328	-	-	-	-	G
C13317361      none	B	[*:1][$(S(=O)=O):2]!@[NX3H0r:3][*:4]	60.3149	7.32227	-	-	-	-	G
C13317361      none	B	[O:1]=[C:2]([O-])!@[CX4H1:3][H:4]	90.0002	0.86741	-	-	-	-	O
C08741303      none	B	[cH1:1][a:2]([cH1])!@[a:3]([cH0])[cH0:4]	119.994	5.83986	-	-	-	-	G
C08741303      none	B	[nX2H0:1][$(c([nX2H0])(a(a)(a))!@c[nX2H0]):2]!@[c:3][nX2H0:4]	-150.295	7.74411	-	-	-	-	O
C40524692      none	B	[!#1:1][CX4:2]!@[CX4:3][!#1:4]	8.62411	0.0551082	-	-	-	-	R
C40524692      none	B	[NH1:1][CX4:2]!@[CX3:3]=[O:4]	-120.01	0.275693	-	-	-	-	G
C40524692      none	B	[$(C=O):1][NX3H1:2]!@[CX4H0:3][C:4]	-59.9924	14.7253	-	-	-	-	G
C40524692      none	B	[O:1]=[CX3:2]([$([NX3H1]C)])!@[NX3H1:3][!#1:4]	-0.00356638	41.1343	-	-	-	-	G
C40524692      none	B	[O:1]=[CX3:2]([$([NX3H1]C)])!@[NX3H1:3][!#1:4]	-0.011804	41.1343	-	-	-	-	G
C40524692      none	B	[$(C=O):1][NX3H1:2]!@[CX4H2:3][!#1:4]	120.007	2.79198	-	-	-	-	O
C40524692      none	B	[a:1][c:2]!@[CX4H2:3][!#1:4]	0.307546	2.24426	-	-	-	-	O
C37835203      none	B	[C:1][CX4:2]!@[CX3:3]=[O:4]	30.1268	3.28614	-	-	-	-	G
C37835203      none	B	[O:1]=[CX3:2]!@[NX3H0:3][!#1:4]	180	18.2537	-	-	-	-	G
C37835203      none	B	[N:1][C:2](=O)!@[CX4H2:3][CX4H2:4]	179.995	15.2589	-	-	-	-	G
C37835203      none	B	[!#1:1][CX4H2:2]!@[CX4H2:3][!#1:4]	60.0004	3.99483	-	-	-	-	G
C37835203      none	B	[!#1:1][CX4H2:2]!@[CX4H2:3][!#1:4]	180	58.554	-	-	-	-	G
C37835203      none	B	[!#1:1][CX4H2:2]!@[CX4H2:3][!#1:4]	180	58.554	-	-	-	-	G
C37835203      none	B	[C:1][CX4H2:2]!@[CX3:3]=[O:4]	-120.001	0.79457	-	-	-	-	O
C00528890      none	B	[c:1][c:2]!@[c:3][s,o,nX3H1:4]	0.278943	17.837	-	-	-	-	G
C00528890      none	B	[n,o,s:1][c:2]!@[CX4H2:3][CX4:4]	-90.0078	5.3104	-	-	-	-	G
C00528890      none	B	[cH1:1][a:2]([cH1])!@[a:3]([cH0])[cH0:4]	90.462	5.441	-	-	-	-	G
C00528890      none	B	[cH1:1][c:2]([cH1])!@[C:3]([NH1,NH2])=[O:4]	179.995	3.89499	-	-	-	-	G
C00528890      none	B	[!#1:1][CX4H2:2]!@[CX4H2:3][!#1:4]	-59.9965	3.77933	-	-	-	-	G
C00528890      none	B	[C:1][CX4H2:2]!@[CX3:3]=[O:4]	119.998	0.695249	-	-	-	-	O
C03869586      none	B	[a:1][c:2]!@[CX4H1:3][N,O:4]	-60.0017	3.48172	-	-	-	-	G
C03869586      none	B	[H:1][CX4H1:2]!@[O:3][CX4:4]	-60.0069	5.14933	-	-	-	-	G
C03869586      none	B	[H:1][CX4H1:2]!@[O:3][CX4:4]	-59.9995	5.14933	-	-	-	-	G
C03869586      none	B	[O:1]=[C:2]([O-])!@[CX4H1:3][H:4]	89.9983	0.86741	-	-	-	-	O
C40445162      none	B	[cH1:1][c:2]([cH1])!@[C:3]([NH1,NH2])=[O:4]	153.022	9.05971	-	-	-	-	G
C40445162      none	B	[O:1]=[CX3:2]!@[NX3H1:3][!#1:4]	0.00981593	63.7893	-	-	-	-	G
C40445162      none	B	[$(C=O):1][NX3H1:2]!@[CX4H1:3][H:4]	179.996	0.712411	-	-	-	-	R
C40445162      none	B	[!#1:1][CH2:2]!@[n:3][cH0:4]	89.999	14.7896	-	-	-	-	G
C40445162      none	B	[!#1:1][CX4H2:2]!@[CX4H2:3][!#1:4]	180	58.554	-	-	-	-	G
C12408736      none	B	[O:1]=[CX3:2]!@[NX3H1:3][!#1:4]	-0.00464852	63.7893	-	-	-	-	G
C12408736      none	B	[$(C=O):1][NX3H1:2]!@[c:3](s)[n:4]	0.323617	0.574713	-	-	-	-	R
C12408736      none	B	[cH1:1][c:2]([cH1])!@[C:3]([NH1,NH2])=[O:4]	153.017	9.05971	-	-	-	-	G
C12408736      none	B	[O:1]=[CX3:2]!@[NX3H1:3][!#1:4]	0.0078254	63.7893	-	-	-	-	G
C12408736      none	B	[$(C=O):1][NX3H1:2]!@[CX4H1:3][H:4]	60.0017	6.22422	-	-	-	-	G
C50223604      none	B	[O:1]=[CX3:2]!@[NX3H0:3][!#1:4]	30.0083	0.680979	-	-	-	-	O
C50223604      none	B	[!#1:1][CX4H2:2]!@[CX3:3]=[O:4]	29.9856	3.68098	-	-	-	-	G
C50223604      none	B	[!#1:1][CH2:2]!@[n:3][cH0:4]	90.3152	14.7896	-	-	-	-	G
C50223604      none	B	[cH0:1][c:2]!@[CX4H1:3][CX4:4]	-51.3906	0.714767	-	-	-	-	O
C50223604      none	B	[O:1]=[C:2]([O-])!@[c:3][nX2H0:4]	179.979	20	-	-	-	-	G
C59293895      none	B	[cH1:1][c:2](cO)!@[O:3][C:4]	0.277473	49.3635	-	-	-	-	G
C59293895      none	B	[a:1][c:2]!@[CX4H1:3][H:4]	0.00445279	6.54616	-	-	-	-	G
C59293895      none	B	[!#1:1][CX4:2]!@[CX4:3][!#1:4]	160	1.81259	-	-	-	-	G
C59293895      none	B	[C:1][CX4H2:2]!@[CX3:3]=[O:4]	-120.001	0.79457	-	-	-	-	O
C59293895      none	B	[*^2:1]~[C^2:2]([!H])!@[C^2:3]~[*^2:4]	29.9794	1.05249	-	-	-	-	G
C59293895      none	B	[O:1]=[C:2]!@[O:3]~[C:4]	0.00928019	74.4927	-	-	-	-	G
C52764076      none	B	[!#1:1][CX4:2]!@[CX4:3][!#1:4]	79.9987	1.75235	-	-	-	-	G
C52764076      none	B	[O:1]=[CX3:2]!@[NX3H0:3][!#1:4]	179.999	18.2537	-	-	-	-	G
C52764076      none	B	[O:1]=[CX3:2]!@[NX3H1:3][!#1:4]	-0.000715078	63.7893	-	-	-	-	G
C52764076      none	B	[$([CX3]=O):1][NX3H1:2]!@[CX4H2:3][C:4] 	-120.002	2.61599	-	-	-	-	O
C52764076      none	B	N[C:2](=[O:1])!@[CH2:3][N:4]	150.001	3.125	-	-	-	-	G
C52764076      none	B	[O:1]=[CX3:2]!@[NX3H1:3][!#1:4]	-0.00239043	63.7893	-	-	-	-	G
C52764076      none	B	[$([CX3]=O):1][NX3H1:2]!@[CX4H2:3][C:4] 	179.996	6.46594	-	-	-	-	G
C52764076      none	B	[NH1:1][CX4:2]!@[CX3:3]=[O:4]	120.01	0.41354	-	-	-	-	G
C52764076      none	B	[!#1:1][CX4H2:2]!@[CX4H2:3][!#1:4]	179.992	58.554	-	-	-	-	G
C52764076      none	B	[!#1:1][CX4H2:2]!@[CX4H2:3][!#1:4]	60.0057	3.99483	-	-	-	-	G
C50638767      none	B	[aH1:1][c:2]([aH1])!@[SX4:3][!#1:4]	-89.9968	12.5987	-	-	-	-	G
C50638767      none	B	[c:1][$(S(=O)=O):2]!@[NX3H1:3][C:4]	90.0046	2.64026	-	-	-	-	G
C50638767      none	B	[$(S(=O)(=O)):1][NX3H1:2]!@[CX4H2:3][!#1:4]	-90.0029	3.86266	-	-	-	-	G
C50638767      none	B	N[C:2](=[O:1])!@[CH2:3][N:4]	150.003	3.125	-	-	-	-	G
C13054025      none	B	[aH1:1][c:2]([aH1])!@[SX4:3][!#1:4]	109.998	4.92809	-	-	-	-	G
C13054025      none	B	[$(C=O):1][NX3:2]!@[a:3][aH0:4]	-149.998	1.98526	-	-	-	-	O
C13054025      none	B	[O:1]=[CX3:2]!@[NX3H1:3][!#1:4]	-0.00913464	63.7893	-	-	-	-	G
C13054025      none	B	[OX2:1][CX4H2:2]!@[CX3:3]([$([NX3H1,NX3H2])])=[O:4]	-120	0	-	-	-	-	R
C13054025      none	B	[C:1][CX4H2:2]!@[OX2:3][c:4]	150.004	0.884397	-	-	-	-	O
C13054025      none	B	[cH0:1][c:2]([cH1])!@[O:3][C:4]	89.7217	0.6255	-	-	-	-	R
C13054025      none	B	[O:1]=[C:2]([O-])!@[c:3]([cH1])[cH1:4]	179.969	7.35294	-	-	-	-	G
C13054025      none	B	[O-:1][N+:2](=O)!@[c:3]([cH0])[cH,nX2H0:4]	90.2513	0.274725	-	-	-	-	O
C13054025      none	B	[*:1][$(S(=O)=O):2]!@[NX3H0r:3][*:4]	-89.7238	4.88152	-	-	-	-	G
C49238339      none	B	[a:1][c:2]!@[CX4H1:3][H:4]	-94.3215	0.504612	-	-	-	-	O
C49238339      none	B	[$(C=O):1][NX3H1:2]!@[c:3](s)[n:4]	150	0	-	-	-	-	R
C49238339      none	B	[O:1]=[CX3:2]!@[NX3H1:3][!#1:4]	0.00409753	63.7893	-	-	-	-	G
C49238339      none	B	[O:1]=[CX3:2]!@[NX3H0:3][!#1:4]	-29.6994	0.692521	-	-	-	-	O
C49238339      none	B	[O:1]=[C:2]([O-])!@[CX4H1:3][H:4]	0.000133291	0.495663	-	-	-	-	O
C67625643      none	B	[*:1][$(S(=O)=O):2]!@[NX3H0r:3][*:4]	-89.716	4.88152	-	-	-	-	G
C67625643      none	B	[$(C=O):1][NX3H1:2]!@[CX4H1:3][H:4]	30.0005	9.46757	-	-	-	-	G
C67625643      none	B	[O:1]=[CX3:2]!@[NX3H1:3][!#1:4]	-0.00423026	63.7893	-	-	-	-	G
C67625643      none	B	[O:1]=[CX3:2]!@[NX3H0:3][!#1:4]	-149.714	1.37927	-	-	-	-	O
C13275521      none	B	[$(C=O):1][NX3H1:2]!@[c:3]([cH1])[cH1:4]	-150.028	5.07451	-	-	-	-	G
C13275521      none	B	[a:1][c:2]!@[CX4H2:3][CX3:4]	-89.9967	7.62274	-	-	-	-	G
C13275521      none	B	[c:1][CX4H2:2]!@[CX3:3]=[O:4]	119.996	1.4245	-	-	-	-	O
C13275521      none	B	[O:1]=[CX3:2]!@[NX3H1:3][!#1:4]	0.00155249	63.7893	-	-	-	-	G
C13275521      none	B	[OX2:1][CX4H2:2]!@[CX3:3]([$([NX3H1,NX3H2])])=[O:4]	29.9976	0.357143	-	-	-	-	O
C13275521      none	B	[C:1][CX4H2:2]!@[OX2:3][c:4]	59.9951	0.147399	-	-	-	-	G
C13275521      none	B	[cH0:1][c:2]([cH1])!@[O:3][C:4]	-120.272	0.327297	-	-	-	-	R
C13275521      none	B	[aH1:1][c:2]([aH1])!@[SX4:3][!#1:4]	-109.998	4.53328	-	-	-	-	G
C13275521      none	B	[O-:1][N+:2](=O)!@[c:3]([cH0])[cH,nX2H0:4]	90.2776	0.274725	-	-	-	-	O
C13275521      none	B	[*:1][$(S(=O)=O):2]!@[NX3H0r:3][*:4]	-89.7069	4.88152	-	-	-	-	G
C53200750      none	B	[$(C=O):1][NX3:2]!@[a:3][aH0:4]	149.974	1.842	-	-	-	-	O
C53200750      none	B	[cH0:1][c:2]!@[CX4H2:3][CX3:4]	89.996	10.5615	-	-	-	-	G
C53200750      none	B	[c:1][CX4H2:2]!@[CX3:3]=[O:4]	120.005	1.4245	-	-	-	-	O
C53200750      none	B	[O:1]=[CX3:2]([$([NX3H1]C)])!@[NX3H1:3][!#1:4]	0.0071355	41.1343	-	-	-	-	G
C53200750      none	B	[O:1]=[CX3:2]([$([NX3H1]C)])!@[NX3H1:3][!#1:4]	-0.0084852	41.1343	-	-	-	-	G
C53200750      none	B	[$(C=O):1][NX3H1:2]!@[CX4H2:3][!#1:4]	-149.996	1.65159	-	-	-	-	G
C53200750      none	B	[a:1][c:2]!@[CX4H2:3][!#1:4]	90.3192	7.24386	-	-	-	-	G
C40544170      none	B	[a:1][c:2]!@[CX4H2:3][!#1:4]	89.9952	7.24386	-	-	-	-	G
C40544170      none	B	[!#1:1][CX4H2:2]!@[NX3H1:3][!#1:4]	150.003	1.87295	-	-	-	-	O
C40544170      none	B	[a:1][a:2]!@[NX3:3][!#1:4]	-159.725	2.54422	-	-	-	-	O
C40544170      none	B	[c:1][c:2]!@[c:3]([cH0])[nX2H0:4]	120.265	2.16942	-	-	-	-	G
C40544170      none	B	[cH1:1][c:2]([cH1])!@[O:3][C:4]	-0.00457784	26.3009	-	-	-	-	G
C06000472      none	B	[a:1][ar6:2]!@[ar5:3][a:4]	30.3	2.76454	-	-	-	-	G
C06000472      none	B	[*:1]~[NX2:2]!@[nX3:3]~[*:4]	-120.007	2.53906	-	-	-	-	G
C06000472      none	B	[cH1:1][c:2]([cH1])!@[CX3:3]=[NX2:4]	-119.717	0.897666	-	-	-	-	O
C06000472      none	B	[O-:1][N+:2](=O)!@[c:3]([cH,nX2H0])[cH,nX2H0:4]	179.974	23.2156	-	-	-	-	G
C36857842      none	B	[*:1]~[CX4:2]!@[n:3]~[*:4]	98.6144	2.49266	-	-	-	-	G
C36857842      none	B	[a:1][c:2]!@[C:3]([NH1,NH2])=[O:4]	-150.004	5.2923	-	-	-	-	O
C36857842      none	B	[O:1]=[CX3:2]!@[NX3H1:3][!#1:4]	-0.0066455	63.7893	-	-	-	-	G
C36857842      none	B	[$(C=O):1][NX3H1:2]!@[CX4H1:3][H:4]	-59.9921	1.23735	-	-	-	-	G
C36857842      none	B	[OX2:1][CX4:2]!@[CX4:3][N:4]	60.0066	15.2809	-	-	-	-	G
C36857842      none	B	[O:1]=[C:2]([O-])!@[CX4H1:3][H:4]	-0.0107617	0.495663	-	-	-	-	O
C11223216      none	B	[a:1][a:2]!@[CX3:3]=[CX3H1:4]	-160.003	2.81868	-	-	-	-	G
C11223216      none	B	[*^2:1]~[C^2:2]([!H])!@[C^2:3]~[*^2:4]	-119.997	0.661024	-	-	-	-	G
C11223216      none	B	[O:1]=[CX3:2]!@[NX3H1:3][!#1:4]	-0.00780457	63.7893	-	-	-	-	G
C11223216      none	B	[*:1]~[NX3:2]!@[NX3:3]~[*:4]	-89.9971	3.3545	-	-	-	-	G
C11223216      none	B	[O:1]=[CX3:2]!@[NX3H1:3][!#1:4]	0.00894371	63.7893	-	-	-	-	G
C11223216      none	B	[nH0r6:1][cr6:2]([cH1r6])!@[C:3]([NH1,NH2])=[O:4]	179.989	49.7238	-	-	-	-	G
C38277924      none	B	[cH1:1][c:2]([cH1])!@[O:3][C:4]	-179.732	26.896	-	-	-	-	G
C38277924      none	B	[cH1:1][c:2]([cH1])!@[CX3:3]([CX3H0])=[O:4]	90.0026	0	-	-	-	-	R
C38277924      none	B	[*^2:1]~[C^2:2]([!H])!@[C^2:3]~[*^2:4]	150.308	1.21045	-	-	-	-	G
C38277924      none	B	[$([CX3]=O):1][NX3H0:2](C)!@[CX4H2:3][C:4]	-119.999	2.31561	-	-	-	-	O
C38277924      none	B	[a:1][c:2]!@[CX4H1:3][N,O:4]	-123.167	3.08052	-	-	-	-	G
C38277924      none	B	[cH1:1][c:2](cO)!@[O:3][C:4]	-89.9849	0.35524	-	-	-	-	R
C38277924      none	B	[$(cO):1][c:2](cO)!@[O:3][C:4]	89.997	10.8863	-	-	-	-	G
C38277924      none	B	[cH1:1][c:2](cO)!@[O:3][C:4]	90.2537	0.310835	-	-	-	-	R
C38277924      none	B	[OX2:1][CX4:2]!@[CX4:3][N:4]	157.602	1.1236	-	-	-	-	O
C12413615      none	B	[n,o,s:1][c:2]!@[CX4H2:3][CX4:4]	90.34	4.03889	-	-	-	-	G
C12413615      none	B	[$(C=O):1][NX3H1:2]!@[c:3](s)[n:4]	179.999	66.092	-	-	-	-	G
C12413615      none	B	[O:1]=[CX3:2]!@[NX3H1:3][!#1:4]	0.00400076	63.7893	-	-	-	-	G
C12413615      none	B	[!#1:1][CX4H2:2]!@[CX3:3]=[O:4]	-90.0033	1.11373	-	-	-	-	G
C12413615      none	B	[!#1:1][CX4:2]!@[SX2:3][!#1:4]	-90	3.00607	-	-	-	-	G
C12413615      none	B	[aH0:1][c:2]([aH0])!@[SX2:3][!#1:4]	-120.003	1.95977	-	-	-	-	G
C17028596      none	B	[a:1][c:2]!@[CX4H1:3][N,O:4]	-149.978	3.72593	-	-	-	-	G
C17028596      none	B	[a:1][c:2]!@[CX4H1:3][N,O:4]	29.9532	3.56196	-	-	-	-	G
C37269420      none	B	[$([CX3]=O):1][NX3H0:2](C)!@[CX4H2:3][C:4]	-90.0043	15.9949	-	-	-	-	G
C37269420      none	B	[O:1]=[CX3:2](a)!@[NX3H0:3][!#1:4]	-30.0027	1.17502	-	-	-	-	O
C37269420      none	B	N[C:2](=[O:1])!@[CH2:3][N:4]	-59.9891	0.14881	-	-	-	-	O
C37269420      none	B	[$([c]([NH1,NH2])):1][c:2]!@[CX3:3]([!O])=[O:4]	-90.0042	0	-	-	-	-	R
C30700256      none	B	[O:1]=[CX3:2]!@[NX3H0:3][!#1:4]	179.999	18.2537	-	-	-	-	G
C30700256      none	B	[$(C=O):1][NX3H0:2]!@[CX4H2:3][!#1:4]	-150.002	0.115955	-	-	-	-	R
C30700256      none	B	[cH0:1][c:2]!@[CX4H2:3][N,O,S:4]	-89.9965	7.87941	-	-	-	-	G
C30700256      none	B	[$(C=O):1][NX3:2]!@[a:3][aH0:4]	150	1.842	-	-	-	-	O
C30700256      none	B	[O:1]=[CX3:2]!@[NX3H1:3][!#1:4]	0.0122678	63.7893	-	-	-	-	G
C30700256      none	B	[cH1:1][c:2]([cH1])!@[C:3]([NH1,NH2])=[O:4]	-26.997	8.39053	-	-	-	-	G
C30700256      none	B	[aH0:1][c:2]([aH1])!@[SX4:3][!#1:4]	-70.2846	15.3236	-	-	-	-	G
C30700256      none	B	[c:1][S:2](=O)(=O)!@[NX2H0-:3]-[*:4]	-59.9966	11.1111	-	-	-	-	G
C30700256      none	B	[$(S(=O)(=O)):1][NH0:2]!@[c:3]([cH1])[cH1:4]	119.731	2.06612	-	-	-	-	G
C40168028      none	B	[$(C=O):1][NX3H1:2]!@[CX4H1:3][H:4]	-29.998	6.97413	-	-	-	-	G
C40168028      none	B	[O:1]=[CX3:2]([$([NX3H1]C)])!@[NX3H1:3][!#1:4]	0.00453697	41.1343	-	-	-	-	G
C40168028      none	B	[O:1]=[CX3:2]([$([NX3H1]C)])!@[NX3H1:3][!#1:4]	0.00262194	41.1343	-	-	-	-	G
C37180460      none	B	[!#1:1][CX4:2]!@[CX4:3][!#1:4]	179.995	22.1548	-	-	-	-	G
C37180460      none	B	[$(S(=O)(=O)):1][NX3H1:2]!@[CX4H2:3][!#1:4]	-120.005	2.14592	-	-	-	-	O
C37180460      none	B	[C:1][$(S(=O)=O):2]!@[NX3H1:3][C:4]	-89.9893	6.12245	-	-	-	-	G
C37180460      none	B	[!#1:1][CX4:2]!@[SX4:3][!#1:4]	180	13.1368	-	-	-	-	G
C37180460      none	B	[!#1:1][CX4H2:2]!@[CX3:3]=[O:4]	-120.012	0.59462	-	-	-	-	O
C05140024      none	B	[!#1:1][CX4H1:2]!@[NX3:3][!#1:4]	89.9954	2.80893	-	-	-	-	G
C05140024      none	B	[a:1][c:2]!@[NX3H1:3][$([CX4r]([C;r])([C;r])):4]	-149.997	1.42045	-	-	-	-	G
C05140024      none	B	[O-:1][N+:2](=O)!@[c:3]([cH0])[cH0:4]	89.9764	5.69106	-	-	-	-	G
C05140024      none	B	[a:1][a:2]!@[NX3:3][!#1:4]	0.00586321	10.9271	-	-	-	-	G
C05140024      none	B	[!#1:1][CX4H2:2]!@[NX3H1:3][!#1:4]	59.998	1.21645	-	-	-	-	O
C05140024      none	B	[NH1:1][CX4:2]!@[CX3:3]=[O:4]	-119.995	0.275693	-	-	-	-	G
C05005953      none	B	[cH0:1][c:2]([cH1])!@[CX3:3]([NX3H1])=[O:4]	120	1.13142	-	-	-	-	G
C05005953      none	B	[O:1]=[CX3:2]!@[NX3H1:3][!#1:4]	0.00478175	63.7893	-	-	-	-	G
C05005953      none	B	[*:1]~[NX3:2]!@[NX2:3]~[*:4]	180	29.4914	-	-	-	-	G
C05005953      none	B	[cH1:1][c:2]([cH0])!@[CX3x0:3]=[NX2:4]	0.273752	6.02623	-	-	-	-	G
C05005953      none	B	[O-:1][N+:2](=O)!@[c:3]([cH,nX2H0])[cH,nX2H0:4]	179.982	23.2156	-	-	-	-	G
C13204425      none	B	[$([CX3]=O):1][NX3H0:2](C)!@[CX4H2:3][C:4]	90.0014	14.7513	-	-	-	-	G
C13204425      none	B	[O:1]=[CX3:2]!@[NX3H0:3][!#1:4]	-0.000846366	25.0866	-	-	-	-	G
C13204425      none	B	N[C:2](=[O:1])!@[CH2:3][N:4]	180	8.33333	-	-	-	-	G
C13204425      none	B	[O:1]=[CX3:2]!@[NX3H1:3][!#1:4]	-0.00276568	63.7893	-	-	-	-	G
C13204425      none	B	[$(C=O):1][NX3:2]!@[a:3][aH0:4]	-149.997	1.98526	-	-	-	-	O
C13204425      none	B	[aH1:1][c:2]([aH0])!@[SX2:3][!#1:4]	90.2839	1.8677	-	-	-	-	G
C13204425      none	B	[!#1:1][CX4H2:2]!@[CX3:3]=[O:4]	-89.9951	1.11373	-	-	-	-	G
C13204425      none	B	[!#1:1][CX4:2]!@[SX2:3][!#1:4]	89.9985	2.8728	-	-	-	-	G
C13204425      none	B	[aH0:1][c:2]([aH0])!@[SX2:3][!#1:4]	0.0018744	13.1253	-	-	-	-	G
C13204425      none	B	[a:1][ar5:2]!@[ar5:3][a:4]	-119.676	1.62214	-	-	-	-	O
C13204425      none	B	[!#1:1][CH2:2]!@[n:3][cH0:4]	89.9992	14.7896	-	-	-	-	G
C13204425      none	B	[!#1:1][CX4H2:2]!@[CX3:3]=[O:4]	119.996	0.613497	-	-	-	-	G
C20310353      none	B	[O:1]=[C:2]!@[O:3]~[C:4]	0.00650983	74.4927	-	-	-	-	G
C20310353      none	B	[cH1:1][c:2]([cH1])!@[CX3:3]=[O:4]	0.284264	14.2319	-	-	-	-	G
C20310353      none	B	[a:1][c:2]!@[CX4H1:3][N,O:4]	58.4167	3.42939	-	-	-	-	G
C20310353      none	B	[*^2:1]~[C^2:2]([!H])!@[C^2:3]~[*^2:4]	150.021	1.21045	-	-	-	-	G
C20310353      none	B	[$([CX3]=O):1][NX3H0:2](C)!@[CX4H2:3][C:4]	89.9886	14.7513	-	-	-	-	G
C20310353      none	B	[!#1:1][CX4H2:2]!@[CX4H2:3][!#1:4]	179.998	58.554	-	-	-	-	G
C20310353      none	B	[CX4:1][CX4H2:2]!@[NX3;"N_lp":3][CX4:4]	-76.3684	8.1206	-	-	-	-	G
C20310353      none	B	[$([cH0]!@[*^2]):1][c:2]([cH1])!@[CX3:3]=[O:4]	90.0152	0.422886	-	-	-	-	O
CHEMBL294792      none	B	[O-:1][N+:2](=O)!@[c:3]([cH0])[cH,nX2H0:4]	90.0287	0.274725	-	-	-	-	O
CHEMBL294792      none	B	[O-:1][N+:2](=O)!@[c:3]([cH0])[cH,nX2H0:4]	-0.0303225	12.6374	-	-	-	-	G
CHEMBL294792      none	B	[O:1]=[C:2]([O-])!@[c:3]([cH1])[cH0:4]	0.00470066	8.88889	-	-	-	-	G
C30867877      none	B	[O:1]=[C:2]!@[O:3]~[C:4]	-0.00176485	74.4927	-	-	-	-	G
C30867877      none	B	[cH1:1][c:2]([cH1])!@[CX3:3]=[O:4]	0.275032	14.2319	-	-	-	-	G
C30867877      none	B	[cH1:1][c:2]([cH1])!@[CX3:3]=[O:4]	180	13.4921	-	-	-	-	G
C30867877      none	B	[$(C=O):1][NX3H1:2]!@[c:3]([cH1])[cH1:4]	30.28	5.05437	-	-	-	-	G
C30867877      none	B	[O:1]=[CX3:2]!@[NX3H1:3][!#1:4]	0.00230247	63.7893	-	-	-	-	G
C30867877      none	B	[$([cH0]Cl):1][c:2]([cH1])!@[CX3:3]([NX3H1])=[O:4]	-120	3.27869	-	-	-	-	G
C30867877      none	B	[$(S(=O)(=O)):1][NH0:2]!@[c:3]([cH1])[cH1:4]	29.9629	0.413223	-	-	-	-	R
C30867877      none	B	[*:1]~[N,n:2]!@[S:3]~[*:4]	26.0282	2.49131	-	-	-	-	G
C30867877      none	B	[O:1]=[C:2]!@[O:3]~[C:4]	-0.0023249	74.4927	-	-	-	-	G
C17300530      none	B	[$(C=O):1][NX3H1:2]!@[CX4H1:3][H:4]	30.0137	9.46757	-	-	-	-	G
C17300530      none	B	[O:1]=[CX3:2]!@[NX3H1:3][!#1:4]	-0.0290744	63.7893	-	-	-	-	G
C17300530      none	B	[cH1:1][c:2]([cH1])!@[C:3]([NH1,NH2])=[O:4]	27.0033	8.08167	-	-	-	-	G
C17300530      none	B	[cH0:1][c:2]([cH,nX2H0])!@[NX3H0:3][CX4:4]	-89.7299	1.8357	-	-	-	-	G
C17300530      none	B	[O-:1][N+:2](=O)!@[c:3]([cH0])[cH,nX2H0:4]	0.264626	12.6374	-	-	-	-	G
C61713892      none	B	[cH0:1][c:2]([cH,nX2H0])!@[NX3H1:3][CX4:4]	179.725	49.7854	-	-	-	-	G
C61713892      none	B	[a:1][c:2]!@[C:3]([NH0])=[O:4]	30.0023	2.13889	-	-	-	-	G
C61713892      none	B	[O-:1][N+:2](=O)!@[c:3]([cH0])[cH,nX2H0:4]	90.2685	0.274725	-	-	-	-	O
C61713892      none	B	[O:1]=[CX3:2](a)!@[NX3H0:3][!#1:4]	30.2912	0.896722	-	-	-	-	R
C38799053      none	B	[nH0r6:1][cr6:2]([cH1r6])!@[C:3]([NH1,NH2])=[O:4]	-29.4412	0	-	-	-	-	R
C38799053      none	B	[O:1]=[CX3:2]!@[NX3H1:3][!#1:4]	-0.00716388	63.7893	-	-	-	-	G
C38799053      none	B	[$(C=O):1][NX3H1:2]!@[CX4H1:3][H:4]	30.0044	9.46757	-	-	-	-	G
C38799053      none	B	[O:1]=[CX3:2]!@[NX3H0:3][!#1:4]	180	18.2537	-	-	-	-	G
C38799053      none	B	[O:1][CX4:2]!@[CX3:3]=[O:4]	115.419	0.923198	-	-	-	-	O
C36854701      none	B	[aH1:1][c:2]([aH0])!@[SX2:3][*R:4]	-90.0058	3.82653	-	-	-	-	G
C36854701      none	B	[!#1:1][CX4:2]!@[SX2:3][!#1:4]	-76.9495	6.01214	-	-	-	-	G
C48761528      none	B	[!#1:1][CX4:2]!@[CX3H0:3][!#1:4]	-30.0105	1.75844	-	-	-	-	G
C48761528      none	B	[H:1][CX4H1:2]!@[O:3][CX4:4]	39.9922	11.9906	-	-	-	-	G
C48761528      none	B	[*:1]~[N,n:2]!@[S:3]~[*:4]	179.999	8.16343	-	-	-	-	G
C48761528      none	B	[aH1:1][c:2]([aH1])!@[SX4:3][!#1:4]	90.2736	12.916	-	-	-	-	G
C40945808      none	B	[O-:1][N+:2](=O)!@[c:3]([cH,nX2H0])[cH,nX2H0:4]	179.974	23.2156	-	-	-	-	G
C40945808      none	B	[aH1:1][c:2]([aH1])!@[SX4:3][!#1:4]	-89.991	12.5987	-	-	-	-	G
C40945808      none	B	[c:1][S:2](=O)(=O)!@[NX2H0-:3]-[*:4]	60.0007	8.33333	-	-	-	-	G
C40945808      none	B	[$(S(=O)(=O)):1][N:2]!@[c:3][a:4]	-30.0011	2.09961	-	-	-	-	G
C40945808      none	B	[cH1:1][c:2]!@[c:3]([cH1])[nX2H0:4]	-119.728	0.102854	-	-	-	-	R
C40945808      none	B	[O-:1][N+:2](=O)!@[c:3]([cH,nX2H0])[cH,nX2H0:4]	179.983	23.2156	-	-	-	-	G
C50982057      none	B	[$(C=O):1][NX3H1:2]!@[c:3]([cH1])[cH1:4]	-150.018	5.07451	-	-	-	-	G
C50982057      none	B	[O:1]=[CX3:2]!@[NX3H1:3][!#1:4]	0.00115464	63.7893	-	-	-	-	G
C50982057      none	B	[*^2:1]~[C^2:2]([!H])!@[C^2:3]~[*^2:4]	150.012	1.21045	-	-	-	-	G
C50982057      none	B	[CX3:1]=[CX3:2]!@[CH2:3][!#1:4]	179.997	0.97561	-	-	-	-	R
C50982057      none	B	[$([CX3]=O):1][NX3H1:2]!@[CX4H2:3][C:4] 	120.001	2.76407	-	-	-	-	O
C50982057      none	B	[O:1]=[CX3:2]!@[NX3H1:3][!#1:4]	0.00272401	63.7893	-	-	-	-	G
C50982057      none	B	[O:1]=[CX3:2]!@[CX4H1r3:3][H:4]	-90.0015	0	-	-	-	-	R
C56291266      none	B	[!#1:1][CX4H2:2]!@[CX4H2:3][!#1:4]	59.9947	3.99483	-	-	-	-	G
C56291266      none	B	[N:1][C:2](=O)!@[CX4H2:3][CX4H2:4]	-149.998	5.31335	-	-	-	-	G
C56291266      none	B	[O:1]=[CX3:2]!@[NX3H0:3][!#1:4]	-29.7274	0.692521	-	-	-	-	O
C56291266      none	B	[C:1][CX4:2]!@[CX3:3]=[O:4]	-89.9474	3.45082	-	-	-	-	G
C56291266      none	B	[O:1]=[C:2]([!$([NH1])])!@[NX3H1:3]([H:4])[$(c([nX2H0])([nX2H0]))]	180	26.6667	-	-	-	-	G
C56291266      none	B	[$([C]([CX4])(=O)):1][NX3H1:2]!@[c:3]([nX2H0])[nX2H0:4]	179.706	13.4615	-	-	-	-	G
C40124495      none	B	[O-:1][N+:2](=O)!@[c:3]([cH,nX2H0])[cH,nX2H0:4]	179.977	23.2156	-	-	-	-	G
C40124495      none	B	[a:1][c:2]!@[CX4H1:3][N,O:4]	-121.591	3.08052	-	-	-	-	G
C40124495      none	B	[*^2:1]~[C^2:2]([!H])!@[C^2:3]~[*^2:4]	119.945	0.806964	-	-	-	-	G
C40124495      none	B	[cH1:1][c:2]([cH1])!@[CX3:3]([CX3H0])=[O:4]	0.283233	10.4508	-	-	-	-	G
C27982019      none	B	[OX2:1][CX4:2]!@[CX4:3][OX2:4]	-59.9668	16.2177	-	-	-	-	G
C27982019      none	B	[$(C=O):1][NX3H1:2]!@[CX4H1:3][H:4]	-29.9986	6.97413	-	-	-	-	G
C27982019      none	B	[O:1]=[CX3:2]!@[NX3H1:3][!#1:4]	-0.000647615	63.7893	-	-	-	-	G
C27982019      none	B	[!#1:1][CX4H2:2]!@[CX3:3]=[O:4]	-149.99	0.689004	-	-	-	-	O
C37432372      none	B	[OX2:1][CX4:2]!@[CX4:3][N:4]	60.0168	15.2809	-	-	-	-	G
C37432372      none	B	[O:1]=[C:2]([O-])!@[CX4H1:3][H:4]	-0.00361161	0.495663	-	-	-	-	O
C37432372      none	B	[$(C=O):1][NX3H1:2]!@[CX4H1:3][H:4]	0.00747158	8.26772	-	-	-	-	G
C37432372      none	B	[O:1]=[CX3:2]!@[NX3H1:3][!#1:4]	-0.00740546	63.7893	-	-	-	-	G
C37432372      none	B	[C:1][CX4:2]!@[CX3:3]=[O:4]	179.942	0.827213	-	-	-	-	G
C37432372      none	B	[O:1]=[CX3:2]!@[NX3H0:3][!#1:4]	-150.002	1.37927	-	-	-	-	O
C51126683      none	B	[$(C=O):1][NX3H0:2]!@[CX4H1:3][H:4]	-85.6674	0.12605	-	-	-	-	R
C51126683      none	B	[O:1]=[CX3:2](a)!@[NX3H0:3][!#1:4]	0.00268076	23.6549	-	-	-	-	G
C51126683      none	B	[a:1][c:2]!@[C:3]([NH0])=[O:4]	-119.723	3.91667	-	-	-	-	G
C51126683      none	B	[a:1][a:2]!@[NX3:3][!#1:4]	30.0025	1.9288	-	-	-	-	O
C62675881      none	B	[O-:1][N+:2](=O)!@[c:3]([cH,nX2H0])[cH,nX2H0:4]	0.00157649	22.9313	-	-	-	-	G
C62675881      none	B	[!#1:1][CH2:2]!@[n:3][cH0:4]	90.0074	14.7896	-	-	-	-	G
C62675881      none	B	[!#1:1][CX4H2:2]!@[CX3:3]=[O:4]	60.0045	1.20812	-	-	-	-	G
C62675881      none	B	[*^2:1]~[C^2:2]([!H])!@[C^2:3]~[*^2:4]	119.993	0.806964	-	-	-	-	G
C62675881      none	B	[*:1]~[CX3:2]!@[NX3:3]~[*:4]	180	27.0317	-	-	-	-	G
C62675881      none	B	[C:1][CX4:2]!@[NX3:3][C:4]	160.004	2.93262	-	-	-	-	G
C42397401      none	B	[O:1]=[CX3:2]!@[NX3H1:3][!#1:4]	-0.0018965	63.7893	-	-	-	-	G
C42397401      none	B	[N:1][CX4:2]!@[CX3:3]=[O:4]	-151.773	3.58916	-	-	-	-	G
C42397401      none	B	[O:1]=[CX3:2]!@[NX3H0:3][!#1:4]	-0.00321207	25.0866	-	-	-	-	G
C42397401      none	B	[O:1]=[CX3:2]!@[NX3H1:3][!#1:4]	0.00256907	63.7893	-	-	-	-	G
C42397401      none	B	[$(C=O):1][NX3H1:2]!@[CX4H1:3][H:4]	-30.0047	6.97413	-	-	-	-	G
C42397401      none	B	[OX2:1][CX4:2]!@[CX4:3][N:4]	60.0022	15.2809	-	-	-	-	G
C42397401      none	B	[O:1]=[C:2]([O-])!@[CX4H1:3][H:4]	0.0046111	0.495663	-	-	-	-	O
C22066131      none	B	[!#1:1][CX4H2:2]!@[CX4H2:3][!#1:4]	-59.9954	3.77933	-	-	-	-	G
C22066131      none	B	[n,o,s:1][c:2]!@[CX4H2:3][CX4:4]	150.001	0.598355	-	-	-	-	O
C22066131      none	B	[*:1]~[CX4:2]!@[n:3]~[*:4]	150.002	3.15253	-	-	-	-	G
C22066131      none	B	[O:1]=[C:2]([O-])!@[CX4H1:3][H:4]	89.9998	0.86741	-	-	-	-	O
C38755265      none	B	[$(S(=O)(=O)):1][NH0:2]!@[c:3]([cH1])[cH0:4]	-89.9935	18.0328	-	-	-	-	G
C38755265      none	B	[$(S(=O)(=O)):1][NX3H0:2]!@[CX4H1:3][H:4]	59.9876	0	-	-	-	-	R
C38755265      none	B	[C:1][$(S(=O)=O):2]!@[NX3H0:3][c:4]	-90.0004	2.32558	-	-	-	-	G
C38755265      none	B	[N:1][CX4:2]!@[CX3:3]=[O:4]	89.9873	0.374597	-	-	-	-	O
C38755265      none	B	[O:1]=[CX3:2]!@[NX3H1:3][!#1:4]	0.0202093	63.7893	-	-	-	-	G
C38755265      none	B	[$(C=O):1][NX3H1:2]!@[c:3]([cH1])[cH1:4]	-30.0042	5.05437	-	-	-	-	G
C38755265      none	B	[aH1:1][c:2]([aH1])!@[SX4:3][!#1:4]	89.9969	12.916	-	-	-	-	G
C38755265      none	B	[c:1][S:2](=O)(=O)!@[NX2H0-:3]-[*:4]	60.0054	8.33333	-	-	-	-	G
C38755265      none	B	[$(S(=O)(=O)):1][N:2]!@[c:3][a:4]	-0.000155034	3.75977	-	-	-	-	G
C50656689      none	B	[*:1][$(S(=O)=O):2]!@[NX3H0r:3][*:4]	120.001	1.23223	-	-	-	-	G
C50656689      none	B	[aH1:1][c:2]([aH1])!@[SX4:3][!#1:4]	-89.7288	12.5987	-	-	-	-	G
C03874269      none	B	[CX4:1][CX4H2:2]!@[NX3:3][CX4:4]	-60.0008	3.9001	-	-	-	-	G
C03874269      none	B	[!#1:1][CX3:2](=S)!@[NX3H0:3][!#1:4]	-119.994	0	-	-	-	-	R
C03874269      none	B	[OX2:1][CX4:2]!@[CX4:3][N:4]	80.0075	3.55056	-	-	-	-	G
C03874269      none	B	[OX2:1][CX4:2]!@[CX4:3][OX2:4]	-60.0032	16.2177	-	-	-	-	G
C03874269      none	B	[OX2:1][CX4:2]!@[CX4:3][OX2:4]	59.9998	14.3222	-	-	-	-	G
C03874269      none	B	[OX2:1][CX4:2]!@[CX4:3][OX2:4]	180	13.4277	-	-	-	-	G
C03874269      none	B	[OX2:1][CX4:2]!@[CX4:3][OX2:4]	-59.9995	16.2177	-	-	-	-	G
C55189402      none	B	[nX2H0:1][$(c([nX2H0])(a(a)(a))!@c[nX2H0]):2]!@[c:3][nX2H0:4]	120.281	3.0303	-	-	-	-	G
C02130445      none	B	[cH0:1][c:2]!@[CX4H2:3][CX3:4]	-89.9968	9.62567	-	-	-	-	G
C02130445      none	B	[c:1][CX4H2:2]!@[CX3:3]=[O:4]	60.0042	1.9943	-	-	-	-	G
C02130445      none	B	[O:1]=[CX3:2]!@[NX3H1:3][!#1:4]	-0.0101443	63.7893	-	-	-	-	G
C02130445      none	B	[$(C=O):1][NX3H1:2]!@[CX4H1:3][H:4]	-29.9885	6.97413	-	-	-	-	G
C02130445      none	B	[!#1:1][CX4:2]!@[CX4:3][!#1:4]	80.0014	1.75235	-	-	-	-	G
C02130445      none	B	[O:1]=[C:2]([O-])!@[CX4H1:3][H:4]	0.0054805	0.495663	-	-	-	-	O
C02130445      none	B	[cH0:1][c:2]!@[CX4H2:3][CX4:4]	-89.9984	18.481	-	-	-	-	G
C55331828      none	B	[cH1:1][c:2]([cH1])!@[C:3]([NH1,NH2])=[O:4]	-0.00802798	4.32395	-	-	-	-	G
C55331828      none	B	[!#1:1][CH2:2]!@[n:3][a:4]	-90.0013	13.2844	-	-	-	-	G
C55331828      none	B	[!#1:1][CX4H2:2]!@[CX3:3]=[O:4]	-0.00249857	19.1789	-	-	-	-	G
C55331828      none	B	[O:1]=[CX3:2]!@[NX3H0:3][!#1:4]	0.279796	25.0866	-	-	-	-	G
C55331828      none	B	[O:1]=[C:2]([O-])!@[CX4H1:3][H:4]	-0.00452864	0.495663	-	-	-	-	O
C53633751      none	B	[cH0:1][c:2]([cH1])!@[O:3][C:4]	-90.005	0.64732	-	-	-	-	R
C53633751      none	B	[cH0:1][c:2]([cH1])!@[NX3H1:3][C,c:4]	-90.0031	0.773558	-	-	-	-	O
C53633751      none	B	[*:1]~[CX3:2]!@[NX3:3]~[*:4]	-149.728	0.515099	-	-	-	-	G
C53633751      none	B	[a:1][c:2]!@[CX4H1:3][N,O:4]	59.9974	3.42939	-	-	-	-	G
C35003012      none	B	[cH1:1][c:2]([cH1])!@[CX3:3]([CX3H0])=[O:4]	119.995	0.34153	-	-	-	-	R
C35003012      none	B	[*^2:1]~[C^2:2]([!H])!@[C^2:3]~[*^2:4]	150.316	1.21045	-	-	-	-	G
C35003012      none	B	[$([CX3]=O):1][NX3H0:2](C)!@[CX4H2:3][C:4]	90.0011	14.7513	-	-	-	-	G
C35003012      none	B	[a:1][c:2]!@[CX4H1:3][N,O:4]	56.8344	3.42939	-	-	-	-	G
C35003012      none	B	[cH1:1][c:2](cO)!@[O:3][C:4]	-89.9839	0.35524	-	-	-	-	R
C35003012      none	B	[$(cO):1][c:2](cO)!@[O:3][C:4]	-120.034	3.51638	-	-	-	-	O
C35003012      none	B	[cH1:1][c:2](cO)!@[O:3][C:4]	-89.7572	0.35524	-	-	-	-	R
C35003012      none	B	[OX2:1][CX4H2:2]!@[CX4H2:3][Nr:4]	179.995	8.33333	-	-	-	-	G
C35003012      none	B	[C:1][CH2:2]!@[O:3][CX4:4]	-160.002	4.55295	-	-	-	-	G
C36746216      none	B	[O:1]=[CX3:2]!@[NX3H1:3][!#1:4]	-0.00805715	63.7893	-	-	-	-	G
C36746216      none	B	[$([CX3]=O):1][NX3H1:2]!@[CX4H2:3][C:4] 	180	6.46594	-	-	-	-	G
C36746216      none	B	[!#1:1][CX4H2:2]!@[CX4H2:3][!#1:4]	-59.9969	3.77933	-	-	-	-	G
C36746216      none	B	[$([CX3]=O):1][NX3H1:2]!@[CX4H2:3][C:4] 	-89.9935	7.35439	-	-	-	-	G
C36746216      none	B	[O:1]=[CX3:2]!@[NX3H1:3][!#1:4]	-0.00999438	63.7893	-	-	-	-	G
C36746216      none	B	[!#1:1][CX4H2:2]!@[CX3:3]=[O:4]	-90.0004	1.11373	-	-	-	-	G
C36746216      none	B	[!#1:1][CH2:2]!@[n:3][a:4]	0.309304	0.0996016	-	-	-	-	R
C01070337      none	B	[O:1]=[C:2]([O-])!@[c:3]([cH1])[cH0:4]	-0.00557058	8.88889	-	-	-	-	G
C01070337      none	B	[cH0:1][c:2]!@[CX4H1:3][a:4]	120.609	3.09082	-	-	-	-	G
C01070337      none	B	[c:1][c:2]!@[c:3]([cH0])[nX2H0:4]	-59.7557	1.82507	-	-	-	-	G
C40589011      none	B	[O:1]=[CX3:2]!@[NX3H0:3][!#1:4]	150.002	1.73707	-	-	-	-	O
C40589011      none	B	[CX4:1][CX4H2:2]!@[NX3;"N_lp":3][CX4:4]	79.9994	8.72362	-	-	-	-	G
C40589011      none	B	[OX2:1][CX4H2:2]!@[CX4H2:3][Nr:4]	180	8.33333	-	-	-	-	G
C40589011      none	B	[O:1]=[CX3:2]!@[NX3H1:3][!#1:4]	0.000466364	63.7893	-	-	-	-	G
C40589011      none	B	[$(C=O):1][NX3H1:2]!@[CX4H1:3][H:4]	-60.0016	1.23735	-	-	-	-	G
C40589011      none	B	[OX2:1][CX4:2]!@[CX4:3][N:4]	59.9966	15.2809	-	-	-	-	G
C40589011      none	B	[O:1]=[C:2]([O-])!@[CX4H1:3][H:4]	-0.00429297	0.495663	-	-	-	-	O
C35687930      none	B	[C:1][CX4:2]!@[NX3;"N_lp":3][C:4]	76.2655	5.94326	-	-	-	-	G
C35687930      none	B	[C:1][CX4:2]!@[NX3;"N_lp":3][C:4]	-160.266	4.58918	-	-	-	-	G
C40040143      none	B	[!#1:1][CX4:2]!@[SX2:3][!#1:4]	40.0006	0.636754	-	-	-	-	O
C40040143      none	B	[aH0:1][c:2]([aH0])!@[SX2:3][!#1:4]	-119.999	1.95977	-	-	-	-	G
C40040143      none	B	[a:1][c:2]!@[CX4H1:3][H:4]	-85.6744	0.504612	-	-	-	-	O
C40040143      none	B	[*:1]~[CX4:2]!@[n:3]~[*:4]	-128.622	2.14174	-	-	-	-	G
C00915620      none	B	[$(S(=O)(=O)):1][N:2]!@[c:3][a:4]	180	4.19922	-	-	-	-	G
C00915620      none	B	[c:1][S:2](=O)(=O)!@[NX2H0-:3]-[*:4]	59.9992	8.33333	-	-	-	-	G
C00915620      none	B	[aH1:1][c:2]([aH1])!@[SX4:3][!#1:4]	-89.7195	12.5987	-	-	-	-	G
C00915620      none	B	[$(C=O):1][NX3H1:2]!@[c:3]([cH1])[cH1:4]	-150.02	5.07451	-	-	-	-	G
C00915620      none	B	[O:1]=[CX3:2]!@[NX3H1:3][!#1:4]	0.0164932	63.7893	-	-	-	-	G
C00915620      none	B	[C:1][CX4:2]!@[CX3:3]=[O:4]	-90.1782	3.45082	-	-	-	-	G
C66587382      none	B	[aH1:1][c:2]([aH1])!@[SX4:3][!#1:4]	-89.9945	12.5987	-	-	-	-	G
C66587382      none	B	[a:1][c:2]!@[C:3]([NH1,NH2])=[O:4]	90.0026	0.308642	-	-	-	-	O
C66587382      none	B	[c:1][S:2](=O)(=O)!@[NX2H0-:3]-[*:4]	-89.9999	2.77778	-	-	-	-	G
C66587382      none	B	[$(S(=O)(=O)):1][NH0:2]!@[c:3]([cH1])[cH1:4]	-60.2736	0.826446	-	-	-	-	G
C66587382      none	B	[aH1:1][c:2]([aH1])!@[SX4:3][!#1:4]	-89.9987	12.5987	-	-	-	-	G
C66587382      none	B	[H:1][CX4H1:2]!@[SX4:3][!#1:4]	-60.0049	12.2108	-	-	-	-	G
C37455622      none	B	[H:1][CX4H1:2]!@[O:3][CX4:4]	-40.0004	11.8876	-	-	-	-	G
C37455622      none	B	[O:1]=[C:2]([O-])!@[CX4H1:3][H:4]	-0.00447898	0.495663	-	-	-	-	O
C37455622      none	B	[O:1]=[CX3:2](a)!@[NX3H0:3][!#1:4]	-150.004	2.19542	-	-	-	-	G
C37455622      none	B	[a:1][c:2]!@[C:3]([NH0])=[O:4]	0.323066	2.33333	-	-	-	-	G
C05519179      none	B	[a:1][c:2]!@[C:3]([NH1,NH2])=[O:4]	-0.0152615	9.67683	-	-	-	-	G
C05519179      none	B	[a:1][c:2]!@[CX4H1:3][N,O:4]	1.60882	1.53503	-	-	-	-	G
C36977497      none	B	[O-:1][N+:2](=O)!@[c:3][a:4]	0.00710604	18.5814	-	-	-	-	G
C36977497      none	B	[s:1][c:2]!@[C:3]([NH1])=[O:4]	-0.0197959	23.0769	-	-	-	-	G
C36977497      none	B	[O:1]=[CX3:2]!@[NX3H1:3][!#1:4]	0.00628716	63.7893	-	-	-	-	G
C36977497      none	B	[$(C=O):1][NX3H1:2]!@[CX4H1:3][H:4]	-0.00838217	8.26772	-	-	-	-	G
C36977497      none	B	[OX2:1][CX4:2]!@[CX4:3][N:4]	39.993	1.66292	-	-	-	-	G
C36977497      none	B	[O:1]=[C:2]([O-])!@[CX4H1:3][H:4]	0.0019911	0.495663	-	-	-	-	O
C39097582      none	B	[*:1]~[CX4:2]!@[n:3]~[*:4]	120.002	3.12393	-	-	-	-	G
C49187094      none	B	[cH0:1][c:2]!@[CX4H2:3][CX4:4]	-89.7176	18.481	-	-	-	-	G
C49187094      none	B	[$(C=O):1][NX3H1:2]!@[c:3](s)[n:4]	0.290312	0.574713	-	-	-	-	R
C49187094      none	B	[O,S:1]=[C:2]([$([NX3H1]),$([NX3H2])])!@[$([NX3]c[nH0]):3][H:4]	179.991	19.9219	-	-	-	-	G
C49187094      none	B	[O:1]=[CX3:2]([$([NX3H1]C)])!@[NX3H1:3][!#1:4]	180	9.5176	-	-	-	-	R
C49187094      none	B	[$(C=O):1][NX3H1:2]!@[CX4H0:3][C:4]	176.36	11.3993	-	-	-	-	G
C49187094      none	B	[NH1:1][CX4:2]!@[CX3:3]=[O:4]	89.9927	0.183795	-	-	-	-	R
C06382811      none	B	[aH0:1][c:2]([aH0])!@[SX2:3][!#1:4]	119.995	1.75348	-	-	-	-	G
C06382811      none	B	[!#1:1][CX4:2]!@[SX2:3][!#1:4]	90.0016	2.8728	-	-	-	-	G
C06382811      none	B	[!#1:1][CX4H2:2]!@[CX4H2:3][!#1:4]	179.999	58.554	-	-	-	-	G
C06382811      none	B	[!#1:1][CX4H2:2]!@[CX4H2:3][!#1:4]	179.997	58.554	-	-	-	-	G
C06382811      none	B	[!#1:1][CX4H2:2]!@[CX4H2:3][!#1:4]	-59.9966	3.77933	-	-	-	-	G
C06382811      none	B	[O:1]=[CX3:2]([NH1])!@[CH2:3][C:4]	89.9942	2.11706	-	-	-	-	O
C06382811      none	B	[O:1]=[CX3:2]!@[NX3H1:3][!#1:4]	0.00591434	63.7893	-	-	-	-	G
C06382811      none	B	[$(C=O):1][NX3H1:2]!@[CX4H0:3][C:4]	176.353	11.3993	-	-	-	-	G
C06382811      none	B	[NH1:1][CX4:2]!@[CX3:3]=[O:4]	90.0058	0.183795	-	-	-	-	R
C38007276      none	B	[*:1][$(S(=O)=O):2]!@[NX3H0r:3][*:4]	119.995	1.23223	-	-	-	-	G
C38007276      none	B	[*:1][$(S(=O)=O):2]!@[NX3H1:3][*:4]	-89.9987	4.38465	-	-	-	-	G
C38007276      none	B	[$(S(=O)(=O)):1][NX3H1:2]!@[CX4H2:3][!#1:4]	180	9.01288	-	-	-	-	G
C38007276      none	B	[a:1][c:2]!@[CX4H2:3][!#1:4]	0.317271	2.24426	-	-	-	-	O
C04429015      none	B	[*:1]~[CX4:2]!@[NX2:3]~[*:4]	-60.0025	3.306	-	-	-	-	G
C04429015      none	B	[*:1][CX4:2]!@[O:3][CX4:4]	-79.9956	2.64732	-	-	-	-	G
C04429015      none	B	[H:1][CX4H1:2]!@[O:3][CX4:4]	39.9935	11.9906	-	-	-	-	G
C04429015      none	B	[OX2:1][CX4:2]!@[CX4:3][OX2:4]	179.956	13.4277	-	-	-	-	G
C32627310      none	B	[cH1:1][a:2]([cH1])!@[a:3]([sX2,o,nX2H0,nX3H1:4])	120.322	0.939981	-	-	-	-	O
C32627310      none	B	[cH1:1][a:2]([cH1])!@[a:3]([cH0])[cH0:4]	-59.5169	5.89253	-	-	-	-	O
C15023393      none	B	[*:1]~[CX3:2]!@[OX2:3]~[*:4]	-60.0102	0.0682654	-	-	-	-	G
C15023393      none	B	[*:1][CX4:2]!@[O:3][$([CX3](=[!O])):4]	80.0033	1.62051	-	-	-	-	G
C15023393      none	B	[OX2:1][CX4:2]!@[CX4:3][OX2:4]	160.031	0.798637	-	-	-	-	G
C38709866      none	B	[a:1][c:2]!@[CX4H1:3][H:4]	122.302	1.00725	-	-	-	-	G
C38709866      none	B	[cH1:1][c:2](cO)!@[O:3][C:4]	-89.758	0.35524	-	-	-	-	R
C41805515      none	B	[!#1:1][CX4H2:2]!@[CX4H2:3][!#1:4]	180	58.554	-	-	-	-	G
C41805515      none	B	[$([CX3]=O):1][NX3H1:2]!@[CX4H2:3][C:4] 	180	6.46594	-	-	-	-	G
C41805515      none	B	[O:1]=[CX3:2]!@[NX3H1:3][!#1:4]	-0.0060975	63.7893	-	-	-	-	G
C41805515      none	B	N[C:2](=[O:1])!@[CH2:3][N:4]	-119.995	0.892857	-	-	-	-	G
C41805515      none	B	[C:1][CX4H2:2]!@[NX3;"N_lp":3][C:4]	-160.001	6.16939	-	-	-	-	G
C41805515      none	B	[C:1][CX4:2]!@[NX3;"N_lp":3][C:4]	-40.0031	0.821028	-	-	-	-	G
C41805515      none	B	[a:1][c:2]!@[CX4H0:3][CX3:4]	-59.9951	4.04715	-	-	-	-	G
C41805515      none	B	[NH1:1][CX4:2]!@[CX3:3]=[O:4]	89.9944	0.183795	-	-	-	-	R
C13396431      none	B	[C:1][CX4H2:2]!@[OX2:3][c:4]	150.001	0.884397	-	-	-	-	O
C13396431      none	B	[cH1:1][c:2]([cH1])!@[O:3][C:4]	-149.724	0.243246	-	-	-	-	R
C13396431      none	B	[cH1:1][c:2]([cH1])!@[O:3][C:4]	29.9964	0.264964	-	-	-	-	O
C13396431      none	B	[C:1][CX4H2:2]!@[OX2:3][c:4]	149.997	0.884397	-	-	-	-	O
C13396431      none	B	[!#1:1][CX4H2:2]!@[CX4H2:3][!#1:4]	60.0061	3.99483	-	-	-	-	G
C13396431      none	B	[!#1:1][CX4H2:2]!@[CX4H2:3][!#1:4]	59.9956	3.99483	-	-	-	-	G
C13396431      none	B	[O:1]=[CX3:2]([NH1])!@[CH2:3][C:4]	89.9964	2.11706	-	-	-	-	O
C13396431      none	B	[O:1]=[CX3:2]!@[NX3H1:3][!#1:4]	0.00268408	63.7893	-	-	-	-	G
C13396431      none	B	[$(C=O):1][NX3H1:2]!@[c:3]([cH1])[cH1:4]	29.999	5.05437	-	-	-	-	G
C13396431      none	B	[aH1:1][c:2]([aH1])!@[SX4:3][!#1:4]	90.0037	12.916	-	-	-	-	G
C13396431      none	B	[*:1][$(S(=O)=O):2]!@[NX3H0r:3][*:4]	60.279	7.32227	-	-	-	-	G
C13396431      none	B	[O:1]=[C:2]([O-])!@[CX4H1:3][H:4]	89.998	0.86741	-	-	-	-	O
C39105097      none	B	[a:1][c:2]!@[CX4H1:3][N,O:4]	150.009	3.7643	-	-	-	-	G
C39105097      none	B	[OX2:1][CX4:2]!@[CX4:3][OX2:4]	79.9944	2.87509	-	-	-	-	G
C39105097      none	B	[OX2:1][CX4:2]!@[CX4:3][OX2:4]	-40.0055	0.393994	-	-	-	-	G
C39105097      none	B	[OX2:1][CX4:2]!@[CX4:3][OX2:4]	59.9894	14.3222	-	-	-	-	G
C40832430      none	B	[a:1][c:2]!@[C:3]([NH1,NH2])=[O:4]	-30.0015	5.14706	-	-	-	-	O
C40832430      none	B	[O:1]=[CX3:2]!@[NX3H1:3][!#1:4]	0.00214113	63.7893	-	-	-	-	G
C40832430      none	B	[$(C=O):1][NX3H1:2]!@[c:3]([cH1])[cH1:4]	-149.998	5.07451	-	-	-	-	G
C40832430      none	B	[!#1:1][CH2:2]!@[n:3][a:4]	-89.9994	13.2844	-	-	-	-	G
C40832430      none	B	[!#1:1][CX4H2:2]!@[CX3:3]=[O:4]	29.9974	3.68098	-	-	-	-	G
C39306140      none	B	[aH0:1][c:2]([aH0])!@[SX2:3][!#1:4]	59.9973	2.01135	-	-	-	-	G
C39306140      none	B	[!#1:1][CX4:2]!@[SX2:3][!#1:4]	158.614	2.91722	-	-	-	-	G
C05630739      none	B	[*:1]~[CX4:2]!@[n:3]~[*:4]	89.9968	3.25743	-	-	-	-	G
C05630739      none	B	[OX2:1][CX4:2]!@[CX4:3][OX2:4]	-56.5092	16.2177	-	-	-	-	G
C35384096      none	B	[!#1:1][CX4:2]!@[SX2:3][!#1:4]	59.9986	7.53739	-	-	-	-	G
C35384096      none	B	[!#1:1][CX4:2]!@[SX2:3][!#1:4]	80.002	6.41197	-	-	-	-	G
C35384096      none	B	[!#1:1][CX4H2:2]!@[CX3:3]=[O:4]	-150.001	0.689004	-	-	-	-	O
C35384096      none	B	[O:1]=[CX3:2]!@[NX3H1:3][!#1:4]	0.00186883	63.7893	-	-	-	-	G
C35384096      none	B	[$([CX3]=O):1][NX3H1:2]!@[CX4H2:3][C:4] 	149.996	1.43139	-	-	-	-	O
C35384096      none	B	N[C:2](=[O:1])!@[CH2:3][N:4]	149.997	3.125	-	-	-	-	G
C35384096      none	B	[O:1]=[CX3:2]!@[NX3H1:3][!#1:4]	0.0072633	63.7893	-	-	-	-	G
C35384096      none	B	[$([CX3]=O):1][NX3H1:2]!@[CX4H2:3][C:4] 	179.997	6.46594	-	-	-	-	G
C35384096      none	B	[NH1:1][CX4:2]!@[CX3:3]=[O:4]	119.999	0.41354	-	-	-	-	G
C44847069      none	B	[$(S(=O)(=O)):1][NH0:2]!@[c:3]([cH1])[cH1:4]	89.9774	15.7025	-	-	-	-	G
C44847069      none	B	[$(S(=O)(=O)):1][NX3H0:2]!@[CX4H1:3][H:4]	-29.9994	4.5	-	-	-	-	G
C44847069      none	B	[C:1][$(S(=O)=O):2]!@[NX3H0:3][c:4]	60.0045	6.97674	-	-	-	-	G
C44847069      none	B	[N:1][CX4:2]!@[CX3:3]=[O:4]	60.0016	0.592386	-	-	-	-	G
C44847069      none	B	[O:1]=[CX3:2]!@[NX3H1:3][!#1:4]	-0.0105577	63.7893	-	-	-	-	G
C44847069      none	B	[$(C=O):1][NX3H1:2]!@[c:3]([cH1])[cH1:4]	-30.0014	5.05437	-	-	-	-	G
C44847069      none	B	[aH1:1][c:2]([aH1])!@[SX4:3][!#1:4]	-89.9959	12.5987	-	-	-	-	G
C44847069      none	B	[c:1][S:2](=O)(=O)!@[NX2H0-:3]-[*:4]	-59.9971	11.1111	-	-	-	-	G
C44847069      none	B	[$(S(=O)(=O)):1][N:2]!@[c:3][a:4]	89.9977	4.78516	-	-	-	-	G
C40470452      none	B	[a:1][c:2]!@[C:3]([NH0])=[O:4]	119.993	4.19444	-	-	-	-	G
C40470452      none	B	[O:1]=[CX3:2](a)!@[NX3H0:3][!#1:4]	-179.68	9.67842	-	-	-	-	G
C40470452      none	B	[O:1]=[C:2]([O-])!@[CX4H1:3][H:4]	-0.00656177	0.495663	-	-	-	-	O
C12248879      none	B	[$(S(=O)(=O)):1][N:2]!@[c:3][a:4]	-119.996	1.85547	-	-	-	-	G
C12248879      none	B	[c:1][S:2](=O)(=O)!@[NX2H0-:3]-[*:4]	-59.9974	11.1111	-	-	-	-	G
C12248879      none	B	[aH1:1][c:2]([aH1])!@[SX4:3][!#1:4]	-89.7244	12.5987	-	-	-	-	G
C12248879      none	B	[$(C=O):1][NX3H1:2]!@[c:3]([cH1])[cH1:4]	-150.02	5.07451	-	-	-	-	G
C12248879      none	B	[O:1]=[CX3:2]!@[NX3H1:3][!#1:4]	-0.00354257	63.7893	-	-	-	-	G
C12248879      none	B	[!#1:1][CX4H2:2]!@[CX3:3]=[O:4]	149.998	0.887211	-	-	-	-	O
C12248879      none	B	[!#1:1][CX4:2]!@[SX2:3][!#1:4]	-59.9968	7.13757	-	-	-	-	G
C12248879      none	B	[aH0:1][c:2]([aH0])!@[SX2:3][!#1:4]	179.995	14.0278	-	-	-	-	G
C12248879      none	B	[c:1][c:2]!@[c:3][s,o,nX3H1:4]	0.636414	17.837	-	-	-	-	G
C13026393      none	B	[cH1:1][c:2]([cH1])!@[CX3:3]=[NX2:4]	-29.7138	2.32396	-	-	-	-	G
C13026393      none	B	[*:1]~[NX3:2]!@[NX2:3]~[*:4]	-150.006	0.364964	-	-	-	-	O
C13026393      none	B	[O:1]=[CX3:2]!@[NX3H1:3][!#1:4]	0.00766373	63.7893	-	-	-	-	G
C13026393      none	B	[C:1][CX4:2]!@[CX3:3]=[O:4]	150.965	1.17362	-	-	-	-	G
C13026393      none	B	[aH1:1][c:2]([aH1])!@[SX4:3][!#1:4]	110.053	4.92809	-	-	-	-	G
C13026393      none	B	[*:1][$(S(=O)=O):2]!@[NX3H0r:3][*:4]	90.288	4.85782	-	-	-	-	G
C13026393      none	B	[O:1]=[C:2]([O-])!@[CX4H1:3][H:4]	0.00432893	0.495663	-	-	-	-	O
C30865733      none	B	[*:1]~[N,n:2]!@[S:3]~[*:4]	59.9981	4.33354	-	-	-	-	G
C30865733      none	B	[$(S(=O)(=O)):1][NH0:2]!@[c:3]([cH1])[cH0:4]	-120.275	0	-	-	-	-	R
C30865733      none	B	[a:1][c:2]!@[C:3]([NH0])=[O:4]	120.004	4.19444	-	-	-	-	G
C30865733      none	B	[O:1]=[CX3:2](a)!@[NX3H0:3][!#1:4]	150.285	2.50464	-	-	-	-	G
C30865733      none	B	[C:1][CX4:2]!@[CX3:3]=[O:4]	-120.032	3.42432	-	-	-	-	G
C37559352      none	B	[aH0:1][c:2]([aH1])!@[SX4:3][!#1:4]	-69.9941	15.3236	-	-	-	-	G
C37559352      none	B	[c:1][$(S(=O)=O):2]!@[NX3H1:3][C:4]	-90.0007	3.19032	-	-	-	-	G
C37559352      none	B	[$(S(=O)(=O)):1][NX3H1:2]!@[CX4H2:3][!#1:4]	59.9969	0.858369	-	-	-	-	O
C37559352      none	B	[!#1:1][CX4H2:2]!@[CX4H2:3][!#1:4]	180	58.554	-	-	-	-	G
C37559352      none	B	[!#1:1][CX4:2]!@[SX4:3][!#1:4]	47.7374	4.33684	-	-	-	-	G
C39451252      none	B	[*:1]~[nX3:2]!@[OX2:3]~[*:4]	-90.0021	9.15179	-	-	-	-	G
C40334924      none	B	[aH0:1][c:2]([aH1])!@[SX4:3][!#1:4]	-149.995	0.1321	-	-	-	-	R
C40334924      none	B	[*:1][$(S(=O)=O):2]!@[NX3H0r:3][*:4]	120.28	1.23223	-	-	-	-	O
C40334924      none	B	[C:1][CX4H2:2]!@[NX3;"N_lp":3][C:4]	-60.0048	5.43901	-	-	-	-	G
C20214040      none	B	[OX2:1][CX4:2]!@[CX4:3][N:4]	-60.0156	14.8764	-	-	-	-	G
C20214040      none	B	[O:1]=[C:2]([O-])!@[CX4H1:3][H:4]	-0.00171461	0.495663	-	-	-	-	O
C20214040      none	B	[$(C=O):1][NX3H1:2]!@[CX4H1:3][H:4]	30.0001	9.46757	-	-	-	-	G
C20214040      none	B	[O:1]=[CX3:2]!@[NX3H1:3][!#1:4]	0.00192868	63.7893	-	-	-	-	G
C20214040      none	B	[a:1][c:2]!@[C:3]([NH1,NH2])=[O:4]	150.33	5.34677	-	-	-	-	O
C20214040      none	B	[O-:1][N+:2](=O)!@[c:3]([cH,nX2H0])[cH,nX2H0:4]	179.958	23.2156	-	-	-	-	G
C38255428      none	B	[cH1:1][c:2]([cH1])!@[CX3:3]([CX3H0])=[O:4]	-90.0043	0	-	-	-	-	R
C38255428      none	B	[*^2:1]~[C^2:2]([!H])!@[C^2:3]~[*^2:4]	-179.703	19.9269	-	-	-	-	G
C38255428      none	B	[$([CX3]=O):1][NX3H0:2](C)!@[CX4H2:3][C:4]	120.003	2.74443	-	-	-	-	O
C38255428      none	B	[a:1][c:2]!@[CX4H1:3][N,O:4]	-56.6875	3.48172	-	-	-	-	G
C38255428      none	B	[O-:1][N+:2](=O)!@[c:3]([cH,nX2H0])[cH,nX2H0:4]	-179.837	23.2156	-	-	-	-	G
C38255428      none	B	[!#1:1][CX4H2:2]!@[CX4H2:3][!#1:4]	-60.0058	3.77933	-	-	-	-	G
C38255428      none	B	[CX4:1][CX4H2:2]!@[NX3;"N_lp":3][CX4:4]	-76.3636	8.1206	-	-	-	-	G
C44551602      none	B	[a:1][c:2]!@[CX3:3]=[CX3H0:4]	-0.00484839	4.55571	-	-	-	-	G
C44551602      none	B	[*^2:1]~[C^2:2]([!H])!@[C^2:3]~[*^2:4]	120.003	0.806964	-	-	-	-	G
C44551602      none	B	[O:1]=[CX3:2]!@[NX3H1:3][!#1:4]	-0.00855186	63.7893	-	-	-	-	G
C35325112      none	B	[a:1][c:2]!@[CX4H1:3][N,O:4]	-60.005	3.48172	-	-	-	-	G
C35325112      none	B	[!#1:1][CX4:2]!@[CX4:3][!#1:4]	60.0047	12.3771	-	-	-	-	G
C35325112      none	B	[!#1:1][CX4H2:2]!@[CX4H2:3][!#1:4]	59.9992	3.99483	-	-	-	-	G
C35325112      none	B	[!#1:1][CX4H2:2]!@[CX4H2:3][!#1:4]	180	58.554	-	-	-	-	G
C35325112      none	B	[!#1:1][CX4H2:2]!@[CX4H2:3][!#1:4]	59.9894	3.99483	-	-	-	-	G
C35325112      none	B	[C:1][CX4H2:2]!@[CX3:3]=[O:4]	-119.997	0.79457	-	-	-	-	O
C40524198      none	B	[O:1]=[CX3:2]!@[NX3H0:3][!#1:4]	29.996	0.680979	-	-	-	-	O
C40524198      none	B	[O:1]=[CX3:2]!@[NX3H1:3][!#1:4]	0.00644873	63.7893	-	-	-	-	G
C40524198      none	B	[$([CX3]=O):1][NX3H1:2]!@[CX4H2:3][C:4] 	89.9936	7.35439	-	-	-	-	G
C40524198      none	B	N[C:2](=[O:1])!@[CH2:3][N:4]	-119.995	0.892857	-	-	-	-	G
C40524198      none	B	[O:1]=[CX3:2]!@[NX3H1:3][!#1:4]	-0.00813757	63.7893	-	-	-	-	G
C40524198      none	B	[$([CX3]=O):1][NX3H1:2]!@[CX4H2:3][C:4] 	180	6.46594	-	-	-	-	G
C40524198      none	B	[NH1:1][CX4:2]!@[CX3:3]=[O:4]	-119.997	0.275693	-	-	-	-	G
C05811991      none	B	[aH0:1][c:2]([aH0])!@[SX2:3][!#1:4]	-89.9939	3.32646	-	-	-	-	G
C05811991      none	B	[*:1]~[CX4:2]!@[n:3]~[*:4]	-149.997	3.13346	-	-	-	-	G
C05811991      none	B	[$(C=O):1][O:2]!@[CH1:3][H:4]	0.00507919	9.45727	-	-	-	-	G
C05811991      none	B	[$(C=O):1][O:2]!@[CH1:3][H:4]	30.0047	10.7465	-	-	-	-	G
C05811991      none	B	[$(C=O):1][O:2]!@[CH1:3][H:4]	-30.0027	11.3505	-	-	-	-	G
C05811991      none	B	[O:1]=[C:2]!@[O:3]~[C:4]	0.0105936	74.4927	-	-	-	-	G
C05811991      none	B	[O:1]=[C:2]!@[O:3]~[C:4]	-0.0074988	74.4927	-	-	-	-	G
C05811991      none	B	[O:1]=[C:2]!@[O:3]~[C:4]	-30.0045	0.0890388	-	-	-	-	R
C39164567      none	B	[$(C=O):1][NX3H1:2]!@[CX4H1:3][H:4]	32.0096	9.46757	-	-	-	-	G
C39164567      none	B	[O:1]=[CX3:2]!@[NX3H1:3][!#1:4]	-0.00616368	63.7893	-	-	-	-	G
C39164567      none	B	[N:1][CX4:2]!@[CX3:3]=[O:4]	-3.1358	7.55292	-	-	-	-	G
C20370028      none	B	[O-:1][N+:2](=O)!@[c:3]([cH0])[cH,nX2H0:4]	90.0035	0.274725	-	-	-	-	O
C20370028      none	B	[cH0:1][c:2]([cH,nX2H0])!@[NX3H0:3][CX4:4]	90.2974	2.06517	-	-	-	-	O
C20370028      none	B	[O:1]=[C:2]([O-])!@[CX4H1:3][H:4]	0.00709559	0.495663	-	-	-	-	O
C40048057      none	B	[C:1][CX4H2:2]!@[OX2:3][c:4]	60.0056	0.147399	-	-	-	-	G
C40048057      none	B	[cH1:1][c:2]([cH1])!@[O:3][C:4]	-149.725	0.243246	-	-	-	-	R
C40048057      none	B	[cH1:1][c:2]([cH1])!@[CX3:3]([CX3H0])=[O:4]	-119.999	0.546448	-	-	-	-	R
C40048057      none	B	[*^2:1]~[C^2:2]([!H])!@[C^2:3]~[*^2:4]	-149.691	1.11601	-	-	-	-	O
C40048057      none	B	[$([CX3]=O):1][NX3H0:2](C)!@[CX4H2:3][C:4]	-90.0017	15.9949	-	-	-	-	G
C40048057      none	B	[a:1][c:2]!@[CX4H1:3][N,O:4]	-56.6803	3.48172	-	-	-	-	G
C40048057      none	B	[cH1:1][c:2](cO)!@[O:3][C:4]	0.0270905	49.3635	-	-	-	-	G
C40048057      none	B	[!#1:1][CX4H2:2]!@[CX4H2:3][!#1:4]	59.9997	3.99483	-	-	-	-	G
C40048057      none	B	[!#1:1][CX4H2:2]!@[CX4H2:3][!#1:4]	179.999	58.554	-	-	-	-	G
C40589393      none	B	[O:1]=[C:2]([O-])!@[CX4H1:3][H:4]	90.001	0.86741	-	-	-	-	O
C40589393      none	B	[$(C=O):1][NX3H1:2]!@[CX4H1:3][H:4]	0.0039033	8.26772	-	-	-	-	G
C40589393      none	B	[O:1]=[CX3:2]([$([NX3H1]C)])!@[NX3H1:3][!#1:4]	-0.00278579	41.1343	-	-	-	-	G
C40589393      none	B	[O:1]=[CX3:2]([$([NX3H1]C)])!@[NX3H1:3][!#1:4]	0.00564769	41.1343	-	-	-	-	G
C40589393      none	B	[$(C=O):1][NX3H1:2]!@[CX4H1:3][H:4]	-59.9992	1.23735	-	-	-	-	G
C12748385      none	B	[$(S(=O)(=O)):1][NX3H0:2]!@[CX4H2:3][!#1:4]	90.0003	6.68103	-	-	-	-	G
C12748385      none	B	[c:1][$(S(=O)=O):2]!@[NX3H0:3][C:4]	-90.0013	4.66945	-	-	-	-	G
C12748385      none	B	N[C:2](=[O:1])!@[CH2:3][N:4]	-119.996	0.892857	-	-	-	-	G
C12748385      none	B	[aH1:1][c:2]([aH1])!@[SX4:3][!#1:4]	70.2752	5.04089	-	-	-	-	G
C22023419      none	B	[O:1]=[C:2]!@[O:3]~[C:4]	0.00750364	74.4927	-	-	-	-	G
C22023419      none	B	[cH1:1][c:2]([cH1])!@[CX3:3]=[O:4]	0.266172	14.2319	-	-	-	-	G
C22023419      none	B	[cH0:1][c:2]([cH1])!@[CX3:3]=[O:4]	89.9702	0.524246	-	-	-	-	R
C22023419      none	B	[aH0:1][c:2]([aH1])!@[SX4:3][!#1:4]	-89.9976	5.01982	-	-	-	-	G
C22023419      none	B	[*:1][$(S(=O)=O):2]!@[NX3H0r:3][*:4]	-59.6974	8.17536	-	-	-	-	O
C22023419      none	B	[aH1:1][c:2]([aH1])!@[SX4:3][!#1:4]	0.00352657	0.126904	-	-	-	-	R
C22023419      none	B	[O:1]=[C:2]!@[O:3]~[C:4]	0.00372377	74.4927	-	-	-	-	G
C54698976      none	B	[OX2:1][CX4:2]!@[CX4:3][N:4]	39.9986	1.66292	-	-	-	-	G
C54698976      none	B	[a:1][c:2]!@[CX4H1:3][N,O:4]	-90.0002	1.29082	-	-	-	-	G
C54698976      none	B	[n,o,s:1][c:2]!@[CX4H2:3][CX4:4]	90.0074	4.03889	-	-	-	-	G
C54698976      none	B	[!#1:1][CX4:2]!@[CX4:3][!#1:4]	59.9949	12.3771	-	-	-	-	G
C49187961      none	B	[!#1:1][CX4:2]!@[CX4:3][!#1:4]	-60.0067	12.2558	-	-	-	-	G
C49187961      none	B	[$(C=O):1][NX3H1:2]!@[CX4H1:3][H:4]	-0.0012004	8.26772	-	-	-	-	G
C49187961      none	B	[cH1:1][c:2]([cH1])!@[CX4H2:3][CX4:4]	-89.7213	11.9355	-	-	-	-	G
C49187961      none	B	[O:1]=[CX3:2]([$([NX3H1]C)])!@[NX3H1:3][!#1:4]	-0.00611025	41.1343	-	-	-	-	G
C49187961      none	B	[O:1]=[CX3:2]([$([NX3H1]C)])!@[NX3H1:3][!#1:4]	0.0089917	41.1343	-	-	-	-	G
C49187961      none	B	[$([CX3]=O):1][NX3H1:2]!@[CX4H2:3][C:4] 	-60.0093	1.43139	-	-	-	-	G
C49187961      none	B	N[C:2](=[O:1])!@[CH2:3][N:4]	149.996	3.125	-	-	-	-	G
C49187961      none	B	[O:1]=[CX3:2]!@[NX3H1:3][!#1:4]	0.00635903	63.7893	-	-	-	-	G
C49187961      none	B	[$([CX3]=O):1][NX3H1:2]!@[CX4H2:3][C:4] 	179.992	6.46594	-	-	-	-	G
C49187961      none	B	[NH1:1][CX4:2]!@[CX3:3]=[O:4]	-119.994	0.275693	-	-	-	-	G
C20595826      none	B	[!#1:1][CX4H2:2]!@[CX4H2:3][!#1:4]	180	58.554	-	-	-	-	G
C20595826      none	B	[n,o,s:1][c:2]!@[CX4H2:3][CX4:4]	90.0016	4.03889	-	-	-	-	G
C20595826      none	B	[aH0:1][c:2]([aH0])!@[SX2:3][!#1:4]	0.00262716	13.1253	-	-	-	-	G
C20595826      none	B	[!#1:1][CX4:2]!@[SX2:3][!#1:4]	59.9977	7.53739	-	-	-	-	G
C20595826      none	B	[!#1:1][CX4:2]!@[CX3H0:3][!#1:4]	-119.993	1.6873	-	-	-	-	O
C20595826      none	B	[*:1]~[cX3:2]!@[NX2:3]~[*:4]	120.317	1.45599	-	-	-	-	O
C20595826      none	B	[*:1]~[NX2:2]!@[nX3:3]~[*:4]	-149.995	1.75781	-	-	-	-	G
C17147319      none	B	[*^2:1]~[C^2:2]([!H])!@[C^2:3]~[*^2:4]	-59.7041	0.757173	-	-	-	-	O
C17147319      none	B	[*:1]~[cX3:2]!@[NX2:3]~[*:4]	-59.725	1.53044	-	-	-	-	O
C17147319      none	B	[O-:1][N+:2](=O)!@[c:3]([cH,nX2H0])[cH,nX2H0:4]	179.983	23.2156	-	-	-	-	G
C17147319      none	B	[O-:1][N+:2](=O)!@[c:3]([cH0])[cH,nX2H0:4]	90.0225	0.274725	-	-	-	-	O
C01087721      none	B	[!#1:1][CH2:2]!@[n:3][a:4]	-89.9994	13.2844	-	-	-	-	G
C01087721      none	B	[!#1:1][CX4H2:2]!@[NX3H1:3][!#1:4]	179.994	11.3535	-	-	-	-	G
C01087721      none	B	[cH0:1][c:2]([cH,nX2H0])!@[NX3H1:3][CX4:4]	-179.696	49.7854	-	-	-	-	G
C01087721      none	B	[cH0:1][c:2]!@[CX4H2:3][CX3:4]	-90.0021	9.62567	-	-	-	-	G
C01087721      none	B	[c:1][CX4H2:2]!@[CX3:3]=[O:4]	-119.999	0.712251	-	-	-	-	O
C36747562      none	B	[cH1:1][a:2]([cH1])!@[a:3]([sX2,o,nX2H0,nX3H1:4])	-59.7071	0.840729	-	-	-	-	O
C36747562      none	B	[!#1:1][CH2:2]!@[n:3][cH0:4]	-90.0041	15.4696	-	-	-	-	G
C36747562      none	B	[!#1:1][CX4H2:2]!@[CX4H2:3][!#1:4]	179.997	58.554	-	-	-	-	G
C36747562      none	B	[N:1][C:2](=O)!@[CX4H2:3][CX4H2:4]	-59.9951	0	-	-	-	-	R
C55621657      none	B	[cH1:1][c:2]([cH1])!@[O:3][c:4]	-45.0036	1.28795	-	-	-	-	G
C55621657      none	B	[aH0:1][c:2]!@[OX2:3][!#1:4]	-45.0018	0.225901	-	-	-	-	R
C55621657      none	B	[$(S(=O)(=O)):1][NH0:2]!@[c:3]([cH1])[cH1:4]	-90.0183	17.7686	-	-	-	-	G
C55621657      none	B	[c:1][S:2](=O)(=O)!@[NX2H0-:3]-[*:4]	-60.0031	11.1111	-	-	-	-	G
C55621657      none	B	[aH1:1][c:2]([aH1])!@[SX4:3][!#1:4]	-89.6895	12.5987	-	-	-	-	G
C55621657      none	B	[a:1][c:2]!@[C:3]([NH1,NH2])=[O:4]	89.9975	0.308642	-	-	-	-	O
C62190068      none	B	[C:1][CX4:2]!@[NX3;"N_lp":3][C:4]	-156.629	4.58918	-	-	-	-	G
C01679330      none	B	[cH0:1][c:2]([cH,nX2H0])!@[NX3H0:3][CX4:4]	60.0023	3.25838	-	-	-	-	G
C01679330      none	B	[CX4:1][CX4H2:2]!@[NX3:3][CX4:4]	60.0001	3.43258	-	-	-	-	G
C01679330      none	B	[CX4:1][CX4H2:2]!@[NX3:3][CX4:4]	59.9937	3.43258	-	-	-	-	G
C01679330      none	B	[OX2:1][CX4H2:2]!@[CX4H2:3][N:4]	-60.0002	16.5981	-	-	-	-	G
C01679330      none	B	[OX2:1][CX4H2:2]!@[CX4H2:3][N:4]	179.996	8.36763	-	-	-	-	G
C13959715      none	B	[aH0:1][c:2]([aH0])!@[SX2:3][!#1:4]	120.007	1.75348	-	-	-	-	G
C13959715      none	B	[!#1:1][CX4:2]!@[SX2:3][!#1:4]	-150.001	1.30312	-	-	-	-	G
C13959715      none	B	[CX3:1]=[CX3:2]!@[CH2:3][!#1:4]	90.0023	5.15376	-	-	-	-	G
C13959715      none	B	[*^2:1]~[C^2:2]([!H])!@[C^2:3]~[*^2:4]	90.0007	1.26539	-	-	-	-	G
C13959715      none	B	[$(C=O):1][NX3H1:2]!@[CX4H1:3][H:4]	-29.9875	6.97413	-	-	-	-	G
C13959715      none	B	[O:1]=[CX3:2]!@[NX3H1:3][!#1:4]	-0.00977296	63.7893	-	-	-	-	G
C13959715      none	B	[O:1]=[CX3:2]([NH1])!@[CH2:3][C:4]	-90.0015	1.868	-	-	-	-	O
C13959715      none	B	[!#1:1][CX4H2:2]!@[CX4H2:3][!#1:4]	-59.9962	3.77933	-	-	-	-	G
C13959715      none	B	[!#1:1][CH2:2]!@[n:3][a:4]	135.311	0.423307	-	-	-	-	O
C13959715      none	B	[O-:1][N+:2](=O)!@[c:3]([cH,nX2H0])[cH,nX2H0:4]	179.976	23.2156	-	-	-	-	G
C20569843      none	B	[$(S(=O)(=O)):1][NH0:2]!@[c:3]([cH1])[cH0:4]	-90.0182	18.0328	-	-	-	-	G
C20569843      none	B	[cH0:1][c:2]([cH1])!@[CX3:3]([NX3H1])=[O:4]	-119.997	1.47955	-	-	-	-	G
C20569843      none	B	[O:1]=[CX3:2]!@[NX3H1:3][!#1:4]	-0.013179	63.7893	-	-	-	-	G
C20569843      none	B	[$(C=O):1][NX3H1:2]!@[c:3](o)[n:4]	180	38.4615	-	-	-	-	G
C20569843      none	B	[a:1][a:2]!@[CX3:3]=[CX3H1:4]	0.267131	13.6236	-	-	-	-	G
C20569843      none	B	[c:1][S:2](=O)(=O)!@[NX2H0-:3]-[*:4]	-60.0024	11.1111	-	-	-	-	G
C20569843      none	B	[aH1:1][c:2]([aH1])!@[SX4:3][!#1:4]	-89.7242	12.5987	-	-	-	-	G
C08616125      none	B	[$(S(=O)(=O)):1][NX3H1:2]!@[CX4H1:3][H:4]	30.0091	11.9705	-	-	-	-	G
C08616125      none	B	[c:1][$(S(=O)=O):2]!@[NX3H1:3][C:4]	-60.0067	13.7514	-	-	-	-	G
C08616125      none	B	[aH0:1][c:2]([aH0])!@[SX4:3][!#1:4]	-29.9959	0.698324	-	-	-	-	R
C42549958      none	B	[NH1:1][CX4:2]!@[CX3:3]=[O:4]	-119.998	0.275693	-	-	-	-	G
C42549958      none	B	[$(C=O):1][NX3H1:2]!@[CX4H0:3][C:4]	-60.001	14.7253	-	-	-	-	G
C42549958      none	B	[O:1]=[CX3:2]([$([NX3H1]C)])!@[NX3H1:3][!#1:4]	-0.0101915	41.1343	-	-	-	-	G
C42549958      none	B	[O:1]=[CX3:2]([$([NX3H1]C)])!@[NX3H1:3][!#1:4]	0.0140925	41.1343	-	-	-	-	G
C42549958      none	B	[$(C=O):1][NX3H1:2]!@[CX4H1:3][H:4]	180	0.712411	-	-	-	-	R
C65097717      none	B	[$(S(=O)(=O)):1][NH0:2]!@[c:3]([cH1])[cH0:4]	120.002	0	-	-	-	-	R
C65097717      none	B	[c:1][S:2](=O)(=O)!@[NX2H0-:3]-[*:4]	-90.0022	2.77778	-	-	-	-	G
C65097717      none	B	[aH0:1][c:2]([aH1])!@[SX4:3][!#1:4]	-110.274	1.0568	-	-	-	-	O
C65097717      none	B	[a,!nX2H0:1][a:2]([!nX2H0])!@[a:3]([nX2H0])[nX2H0:4]	180	32.5	-	-	-	-	G
C65097717      none	B	[a:1][c:2]!@[C:3]([NH0])=[O:4]	-149.997	1.44444	-	-	-	-	G
C65097717      none	B	[O:1]=[CX3:2](a)!@[NX3H0:3][!#1:4]	-149.717	2.19542	-	-	-	-	O
C42439469      none	B	[C:1][CX4:2]!@[CX3:3]=[O:4]	149.875	1.17362	-	-	-	-	G
C42439469      none	B	[O:1]=[CX3:2]!@[NX3H0:3][!#1:4]	-30.0012	0.692521	-	-	-	-	O
C42439469      none	B	[O:1]=[CX3:2]!@[NX3H1:3][!#1:4]	0.00651457	63.7893	-	-	-	-	G
C42439469      none	B	[$([CX3]=O):1][NX3H1:2]!@[CX4H2:3][C:4] 	180	6.46594	-	-	-	-	G
C42439469      none	B	[NH1:1][CX4:2]!@[CX3:3]=[O:4]	-120.004	0.275693	-	-	-	-	G
C40047804      none	B	[C:1][CX4H2:2]!@[OX2:3][c:4]	-149.998	1.28448	-	-	-	-	O
C40047804      none	B	[cH1:1][c:2](cO)!@[O:3][C:4]	-89.9957	0.35524	-	-	-	-	R
C40047804      none	B	[a:1][c:2]!@[CX4H1:3][N,O:4]	-121.579	3.08052	-	-	-	-	G
C40047804      none	B	[cH1:1][c:2](cO)!@[O:3][C:4]	-119.716	0.103612	-	-	-	-	R
C40047804      none	B	[C:1][CX4H2:2]!@[OX2:3][c:4]	120.005	0.336913	-	-	-	-	R
C40047804      none	B	[CX3:1]=[CX3:2]!@[CH2:3][OX2:4]	-120.003	9.31298	-	-	-	-	G
C40047804      none	B	[*^2:1]~[C^2:2]([!H])!@[C^2:3]~[*^2:4]	150.007	1.21045	-	-	-	-	G
C40047804      none	B	[$([CX3]=O):1][NX3H0:2](C)!@[CX4H2:3][C:4]	-90.0508	15.9949	-	-	-	-	G
C40047804      none	B	[!#1:1][CX4H2:2]!@[CX4H2:3][!#1:4]	179.999	58.554	-	-	-	-	G
C40047804      none	B	[!#1:1][CX4H2:2]!@[CX4H2:3][!#1:4]	180	58.554	-	-	-	-	G
C40047804      none	B	[cH1:1][c:2]([cH1])!@[CX3:3]([CX3H0])=[O:4]	90.2638	0	-	-	-	-	R
C15205784      none	B	[H:1][CX4H1:2]!@[O:3][CX4:4]	40.0022	11.9906	-	-	-	-	G
C15205784      none	B	[OX2:1][CX4:2]!@[CX4:3][OX2:4]	-59.9483	16.2177	-	-	-	-	G
C52752249      none	B	[O-:1][N+:2](=O)!@[c:3]([cH,nX2H0])[cH,nX2H0:4]	-0.0272245	22.9313	-	-	-	-	G
C52752249      none	B	[!#1:1][CH2:2]!@[n:3][a:4]	-90.0005	13.2844	-	-	-	-	G
C52752249      none	B	[!#1:1][CX4H2:2]!@[CX3:3]=[O:4]	-59.9977	1.45352	-	-	-	-	G
C52752249      none	B	[*^2:1]~[C^2:2]([!H])!@[C^2:3]~[*^2:4]	-120.007	0.661024	-	-	-	-	G
C52752249      none	B	[*:1]~[CX3:2]!@[NX3:3]~[*:4]	60.0094	0.126334	-	-	-	-	G
C52752249      none	B	[C:1][CX4:2]!@[NX3:3][C:4]	-131.379	1.80242	-	-	-	-	G
C12560528      none	B	[!#1:1][CX4:2]!@[CX4:3][!#1:4]	59.9992	12.3771	-	-	-	-	G
C12560528      none	B	[!#1:1][CX4:2]!@[CX4:3][!#1:4]	180	22.1548	-	-	-	-	G
C12560528      none	B	[!#1:1][CX4:2]!@[CX4:3][!#1:4]	59.9973	12.3771	-	-	-	-	G
C12560528      none	B	[C:1][CX4:2]!@[NX3;"N_lp":3][C:4]	-176.365	5.71656	-	-	-	-	G
C12560528      none	B	[$([CX3]=O):1][NX3H1:2]!@[CX4H2:3][C:4] 	89.9989	7.35439	-	-	-	-	G
C12560528      none	B	[O:1]=[CX3:2]!@[NX3H1:3][!#1:4]	0.00145137	63.7893	-	-	-	-	G
C12560528      none	B	[cH1:1][c:2]([cH1])!@[C:3]([NH1,NH2])=[O:4]	-153.011	8.78518	-	-	-	-	G
C12560528      none	B	[$(S(=O)(=O)):1][NH0:2]!@[c:3]([cH1])[cH1:4]	59.9702	1.23967	-	-	-	-	G
C12560528      none	B	[c:1][S:2](=O)(=O)!@[NX2H0-:3]-[*:4]	60.0176	8.33333	-	-	-	-	G
C12560528      none	B	[aH1:1][c:2]([aH1])!@[SX4:3][!#1:4]	90.2478	12.916	-	-	-	-	G
C12560528      none	B	[O-:1][N+:2](=O)!@[c:3]([cH,nX2H0])[cH,nX2H0:4]	-179.83	23.2156	-	-	-	-	G
C40547865      none	B	[$(C=O):1][NX3H1:2]!@[c:3]([cH1])[cH1:4]	30.0067	5.05437	-	-	-	-	G
C40547865      none	B	[O:1]=[CX3:2]!@[NX3H1:3][!#1:4]	30.001	0.0707142	-	-	-	-	O
C40547865      none	B	[O:1]=[CX3:2]!@[NX3H0:3][!#1:4]	30.3181	0.680979	-	-	-	-	O
C40547865      none	B	[O:1]=[C:2]([O-])!@[CX4H1:3][H:4]	-0.00401116	0.495663	-	-	-	-	O
C35397865      none	B	[!#1:1][CH2:2]!@[n:3][cH0:4]	-89.6853	15.4696	-	-	-	-	G
C35397865      none	B	[cH0:1][c:2]!@[CX4H2:3][CX4:4]	90.0067	18.5823	-	-	-	-	G
C35397865      none	B	[!#1:1][CX4H2:2]!@[CX4H2:3][!#1:4]	180	58.554	-	-	-	-	G
C35397865      none	B	[CX4:1][CX4H2:2]!@[NX3:3][CX4:4]	29.9952	0.0123031	-	-	-	-	R
C35397865      none	B	[a:1][a:2]!@[NX3:3][!#1:4]	120.263	1.62057	-	-	-	-	O
C35397865      none	B	[O:1]=[C:2]([O-])!@[c:3]([cH1])[cH0:4]	89.9906	0	-	-	-	-	R
C35397865      none	B	[$(S(=O)(=O)):1][NH0:2]!@[c:3]([cH1])[cH1:4]	-60.0181	0.826446	-	-	-	-	G
C35397865      none	B	[c:1][S:2](=O)(=O)!@[NX2H0-:3]-[*:4]	-90.0046	2.77778	-	-	-	-	G
C35397865      none	B	[aH0:1][c:2]([aH1])!@[SX4:3][!#1:4]	89.6831	4.49141	-	-	-	-	G
C43635534      none	B	[C:1][CX4:2]!@[CX3:3]=[O:4]	-61.5696	2.40592	-	-	-	-	G
C43635534      none	B	[O:1]=[CX3:2]!@[NX3H1:3][!#1:4]	0.0160026	63.7893	-	-	-	-	G
C43635534      none	B	[*:1]~[NX3:2]!@[NX3:3]~[*:4]	-150.002	1.86361	-	-	-	-	G
C43635534      none	B	[O:1]=[CX3:2]([$([NX3H1]C)])!@[NX3H1:3][!#1:4]	-0.00707805	41.1343	-	-	-	-	G
C43635534      none	B	[O:1]=[CX3:2]([$([NX3H1]C)])!@[NX3H1:3][!#1:4]	-0.0013884	41.1343	-	-	-	-	G
C43635534      none	B	[$([CX3]=O):1][NX3H1:2]!@[CX4H2:3][C:4] 	60.0023	1.1846	-	-	-	-	G
C43635534      none	B	[!#1:1][CX4:2]!@[CX4:3][!#1:4]	128.621	0.0995365	-	-	-	-	R
C00226336      none	B	[cH0:1][c:2]([cH,nX2H0])!@[NX3H0:3][CX4:4]	-89.7217	1.8357	-	-	-	-	G
C50196924      none	B	[!#1:1][CX4:2]!@[CX4:3][!#1:4]	180	22.1548	-	-	-	-	G
C50196924      none	B	[$(C=O):1][NX3H1:2]!@[CX4H0:3][C:4]	60.0044	13.3187	-	-	-	-	G
C50196924      none	B	[!#1:1][CX4H2:2]!@[CX4H2:3][!#1:4]	180	58.554	-	-	-	-	G
C50196924      none	B	[C:1][CX4H2:2]!@[CX3:3]=[O:4]	120.006	0.695249	-	-	-	-	O
C50196924      none	B	[O:1]=[CX3:2]!@[NX3H1:3][!#1:4]	-0.00930098	63.7893	-	-	-	-	G
C50196924      none	B	[O:1]=[CX3:2]!@[NX3H0:3][!#1:4]	150.277	1.73707	-	-	-	-	O
C50196924      none	B	[OX2:1][CX4:2]!@[CX4:3][N:4]	-159.996	1.21348	-	-	-	-	O
C06524240      none	B	[*:1]~[CX4:2]!@[n:3]~[*:4]	149.995	3.15253	-	-	-	-	G
C06524240      none	B	[OX2:1][CX4:2]!@[CX4:3][OX2:4]	-176.748	13.4277	-	-	-	-	G
C63348910      none	B	[CX3:1]=[CX3:2]!@[CH2:3][!#1:4]	150.002	0.933192	-	-	-	-	G
C63348910      none	B	[!#1:1][CH2:2]!@[n:3][cH0:4]	-89.6843	15.4696	-	-	-	-	G
C63348910      none	B	[a:1][c:2]!@[CX4H1:3][H:4]	-29.9953	3.94031	-	-	-	-	G
C04073339      none	B	[!#1:1][CX4:2]!@[CX4:3][!#1:4]	-59.9961	12.2558	-	-	-	-	G
C04073339      none	B	[$([CX3]([C])([H])):1]=[CX3:2]([H])!@[CH1:3](C)[C:4]	-122.198	15.6904	-	-	-	-	G
C04073339      none	B	[CX3R:1]=[CX3R:2]!@[CX3:3]=[CX3:4]	-39.999	1.78042	-	-	-	-	G
C34173144      none	B	[OX2:1][CX4:2]!@[CX4:3][OX2:4]	-167.619	4.55756	-	-	-	-	G
C34173144      none	B	[*:1]~[CX4:2]!@[n:3]~[*:4]	-90.001	3.28413	-	-	-	-	G
C44678224      none	B	[C:1][CH2:2]!@[O:3][CX4:4]	180	35.2689	-	-	-	-	G
C44678224      none	B	[!#1:1][CX4H2:2]!@[CX4H2:3][!#1:4]	180	58.554	-	-	-	-	G
C44678224      none	B	[!#1:1][CX4H2:2]!@[CX4H2:3][!#1:4]	180	58.554	-	-	-	-	G
C44678224      none	B	[!#1:1][CX4H2:2]!@[CX4H2:3][!#1:4]	180	58.554	-	-	-	-	G
C44678224      none	B	[$([CX3]=O):1][NX3H1:2]!@[CX4H2:3][C:4] 	-90.002	7.35439	-	-	-	-	G
C44678224      none	B	[O:1]=[CX3:2]!@[NX3H1:3][!#1:4]	-0.00689442	63.7893	-	-	-	-	G
C44678224      none	B	[O:1]=[CX3:2]!@[NX3H0:3][!#1:4]	-149.688	1.37927	-	-	-	-	O
C44678224      none	B	[O:1]=[C:2]([O-])!@[CX4H1:3][H:4]	89.9988	0.86741	-	-	-	-	O
C40475530      none	B	[cH1:1][c:2](cO)!@[O:3][C:4]	0.269767	49.3635	-	-	-	-	G
C40475530      none	B	[a:1][c:2]!@[CX4H1:3][a:4]	29.5043	2.22329	-	-	-	-	G
C40475530      none	B	[cH1:1][c:2](cO)!@[O:3][C:4]	0.279168	49.3635	-	-	-	-	G
C40475530      none	B	[$(C=O):1][NX3H0:2]!@[c:3]([cH1])[cH1:4]	-29.9992	1.1203	-	-	-	-	G
C40475530      none	B	[O-:1][N+:2](=O)!@[c:3]([cH,nX2H0])[cH,nX2H0:4]	179.974	23.2156	-	-	-	-	G
C64414342      none	B	[H:1][CX4H1:2]!@[SX4:3][!#1:4]	47.6202	10.0257	-	-	-	-	G
C64414342      none	B	[*:1]~[N,n:2]!@[S:3]~[*:4]	-89.9921	2.07385	-	-	-	-	G
C64414342      none	B	[$(S(=O)(=O)):1][NH0:2]!@[c:3]([cH1])[cH0:4]	119.72	0	-	-	-	-	R
C64414342      none	B	[aH1:1][c:2]([aH0])!@[SX2:3][*R:4]	-29.9929	1.53061	-	-	-	-	O
C64414342      none	B	[aH1:1][c:2]([aH0])!@[SX2:3][*R:4]	89.9995	2.04082	-	-	-	-	G
C39417572      none	B	[*:1]~[CX4:2]!@[n:3]~[*:4]	119.997	3.12393	-	-	-	-	G
C03874268      none	B	[CX4:1][CX4H2:2]!@[NX3:3][CX4:4]	-59.9992	3.9001	-	-	-	-	G
C03874268      none	B	[!#1:1][CX3:2](=S)!@[NX3H0:3][!#1:4]	-149.993	0.57554	-	-	-	-	O
C03874268      none	B	[OX2:1][CX4:2]!@[CX4:3][N:4]	79.9998	3.55056	-	-	-	-	G
C03874268      none	B	[OX2:1][CX4:2]!@[CX4:3][OX2:4]	60.0048	14.3222	-	-	-	-	G
C03874268      none	B	[OX2:1][CX4:2]!@[CX4:3][OX2:4]	-60.0002	16.2177	-	-	-	-	G
C03874268      none	B	[OX2:1][CX4:2]!@[CX4:3][OX2:4]	-160.004	0.511128	-	-	-	-	G
C03874268      none	B	[OX2:1][CX4:2]!@[CX4:3][OX2:4]	-60.0087	16.2177	-	-	-	-	G
C05500088      none	B	[*:1]~[CX4:2]!@[NX2:3]~[*:4]	-60.0005	3.306	-	-	-	-	G
C05500088      none	B	[OX2:1][CX4:2]!@[CX4:3][OX2:4]	81.9964	2.87509	-	-	-	-	O
C05500088      none	B	[OX2:1][CX4:2]!@[CX4:3][OX2:4]	60	14.3222	-	-	-	-	G
C62868493      none	B	[C:1][CX4:2]!@[CX3:3]=[O:4]	89.9957	3.65147	-	-	-	-	G
C62868493      none	B	[O:1]=[CX3:2]!@[NX3H0:3][!#1:4]	30.0037	0.680979	-	-	-	-	O
C62868493      none	B	[N:1][C:2](=O)!@[CX4H2:3][CX4H2:4]	60.0049	0.27248	-	-	-	-	R
C62868493      none	B	[!#1:1][CX4H2:2]!@[CX4H2:3][!#1:4]	180	58.554	-	-	-	-	G
C62868493      none	B	[!#1:1][CH2:2]!@[n:3][a:4]	-89.6835	13.2844	-	-	-	-	G
C39410022      none	B	[C:1][CH2:2]!@[O:3][CX4:4]	180	35.2689	-	-	-	-	G
C39410022      none	B	[OX2:1][CX4:2]!@[CX4:3][N:4]	-163.984	1.21348	-	-	-	-	O
C39410022      none	B	[$(C=O):1][NX3H1:2]!@[CX4H1:3][H:4]	-25.0364	6.97413	-	-	-	-	G
C39410022      none	B	[O:1]=[CX3:2]!@[NX3H1:3][!#1:4]	-0.00361059	63.7893	-	-	-	-	G
C39410022      none	B	[a:1][c:2]!@[C:3]([NH1,NH2])=[O:4]	0.320985	9.67683	-	-	-	-	G
C43438133      none	B	[!#1:1][CX4:2]!@[CX4:3][!#1:4]	79.9934	1.75235	-	-	-	-	G
C43438133      none	B	[NH1:1][CX4:2]!@[CX3:3]=[O:4]	-0.00692313	6.89233	-	-	-	-	G
C43438133      none	B	[$(C=O):1][NX3H1:2]!@[CX4H1:3][H:4]	29.9923	9.46757	-	-	-	-	G
C43438133      none	B	[O:1]=[C:2]!@[O:3]~[C:4]	0.00163458	74.4927	-	-	-	-	G
C43438133      none	B	[O:1]=[CX3:2]!@[NX3H1:3][!#1:4]	0.000570104	63.7893	-	-	-	-	G
C43438133      none	B	[O:1]=[CX3:2]!@[NX3H0:3][!#1:4]	0.307105	25.0866	-	-	-	-	G
C43438133      none	B	[O:1]=[C:2]([O-])!@[CX4H1:3][H:4]	-0.00545141	0.495663	-	-	-	-	O
C61844721      none	B	[cH0:1][c:2]([cH1])!@[CX3:3]([NX3H1])=[O:4]	-90.0006	1.04439	-	-	-	-	O
C61844721      none	B	[O:1]=[C:2](c)!@[$([NX3](c([nX2H0])([nX2H0]))):3][H:4]	179.989	26.6667	-	-	-	-	G
C61844721      none	B	[$(C=O):1][NX3:2]!@[a:3][aH0:4]	-0.00186308	4.11379	-	-	-	-	G
C04556989      none	B	[H:1][CX4H1:2]!@[O:3][CX4:4]	60.01	4.42842	-	-	-	-	G
C04556989      none	B	[OX2:1][CX4:2]!@[CX4:3][OX2:4]	84.5536	2.87509	-	-	-	-	O
C04556989      none	B	[*:1]~[CX4:2]!@[n:3]~[*:4]	-0.000856988	3.06862	-	-	-	-	G
C05877162      none	B	[cH1:1][c:2]([cH1])!@[C:3]([NH1,NH2])=[O:4]	27.0017	8.08167	-	-	-	-	G
C05877162      none	B	[O:1]=[CX3:2]!@[NX3H1:3][!#1:4]	0.00966598	63.7893	-	-	-	-	G
C05877162      none	B	[$(C=O):1][NX3H1:2]!@[CX4H1:3][H:4]	29.9948	9.46757	-	-	-	-	G
C05877162      none	B	[*^2:1]~[C^2:2]([!H])!@[C^2:3]~[*^2:4]	-89.9926	1.27397	-	-	-	-	G
C05877162      none	B	[CX3:1]=[CX3:2]!@[CH2:3][OX2:4]	-150.003	1.83206	-	-	-	-	G
C12358834      none	B	[OX2:1][CX4:2]!@[CX4:3][OX2:4]	-60.0882	16.2177	-	-	-	-	G
C64486827      none	B	[cH0:1][c:2]!@[CX4H2:3][N,O,S:4]	90.0002	7.74238	-	-	-	-	G
C64486827      none	B	[$(C=O):1][NX3H1:2]!@[CX4H2:3][!#1:4]	-150	1.65159	-	-	-	-	G
C64486827      none	B	[O:1]=[CX3:2]!@[NX3H1:3][!#1:4]	0.00246932	63.7893	-	-	-	-	G
C64486827      none	B	[cH0:1][c:2]([cH1])!@[CX3:3]([NX3H1])=[O:4]	150.007	1.21845	-	-	-	-	G
C64486827      none	B	[$(S(=O)(=O)):1][NH0:2]!@[c:3]([cH1])[cH0:4]	-119.998	0	-	-	-	-	R
C64486827      none	B	[*:1]~[N,n:2]!@[S:3]~[*:4]	176.021	8.16343	-	-	-	-	G
C05415596      none	B	[$(C=O):1][NX3H1:2]!@[c:3]([cH1])[cH1:4]	179.976	8.15546	-	-	-	-	G
C05415596      none	B	[O:1]=[CX3:2]!@[NX3H1:3][!#1:4]	-60.0032	0	-	-	-	-	R
C05415596      none	B	[O:1]=[CX3:2]!@[NX3H0:3][!#1:4]	-179.713	18.2537	-	-	-	-	G
C05415596      none	B	[O:1]=[CX3:2]!@[NX3H0:3][!#1:4]	150.006	1.73707	-	-	-	-	O
C05415596      none	B	[N:1][CX4:2]!@[CX3:3]=[O:4]	89.652	0.374597	-	-	-	-	O
C05415596      none	B	[O:1]=[CX3:2]!@[NX3H1:3][!#1:4]	-0.00405067	63.7893	-	-	-	-	G
C05415596      none	B	[$(C=O):1][NX3H1:2]!@[CX4H1:3][H:4]	0.00747827	8.26772	-	-	-	-	G
C05415596      none	B	[N:1][C:2](=O)!@[CX4H2:3][CX4H2:4]	-119.997	3.67847	-	-	-	-	G
C05415596      none	B	[!#1:1][CX4H2:2]!@[CX4H2:3][!#1:4]	60.0015	3.99483	-	-	-	-	G
C05415596      none	B	[!#1:1][CX4H2:2]!@[CX4H2:3][!#1:4]	59.9995	3.99483	-	-	-	-	G
C05415596      none	B	[C:1][CX4H2:2]!@[CX3:3]=[O:4]	-120.005	0.79457	-	-	-	-	O
C37991742      none	B	[C:1][CX4:2]!@[CX3:3]=[O:4]	-119.873	3.42432	-	-	-	-	G
C37991742      none	B	[*:1][$(S(=O)=O):2]!@[NX3H0r:3][*:4]	-60.0055	8.17536	-	-	-	-	G
C37991742      none	B	[aH0:1][c:2]([aH0])!@[SX4:3][!#1:4]	150.003	0.139665	-	-	-	-	R
C45298396      none	B	[aH1:1][c:2]([aH0])!@[SX2:3][!#1:4]	59.9959	1.24514	-	-	-	-	O
C45298396      none	B	[cH1:1][c:2]([cH1])!@[C:3]([NH1,NH2])=[O:4]	152.998	9.05971	-	-	-	-	G
C45298396      none	B	[O:1]=[CX3:2]!@[NX3H1:3][!#1:4]	0.00838909	63.7893	-	-	-	-	G
C45298396      none	B	[$(C=O):1][NX3H1:2]!@[CX4H1:3][H:4]	-60.006	1.23735	-	-	-	-	G
C45298396      none	B	[!#1:1][CX4:2]!@[SX2:3][!#1:4]	-59.9949	7.13757	-	-	-	-	G
C45298396      none	B	[!#1:1][CX4H2:2]!@[CX3:3]=[O:4]	119.984	0.613497	-	-	-	-	G
C39849649      none	B	[a:1][c:2]!@[CX4H2:3][!#1:4]	-90.0045	7.30446	-	-	-	-	G
C39849649      none	B	[$([C](=O)):1][NX3H0:2]!@[CX4H2:3][$([c]([cH,nX2H0])[cH,nX2H0]):4]	119.692	4.66563	-	-	-	-	G
C39849649      none	B	[a:1][c:2]!@[CX4H1:3][N,O:4]	-59.9956	3.48172	-	-	-	-	G
C39849649      none	B	[*^2:1]~[C^2:2]([!H])!@[C^2:3]~[*^2:4]	-120.025	0.661024	-	-	-	-	G
C39849649      none	B	[*^2:1]~[C^2:2]([!H])!@[C^2:3]~[*^2:4]	-0.00319545	20.0453	-	-	-	-	G
C39849649      none	B	[a:1][a:2]!@[CX3:3]=[CX3H1:4]	30.3193	2.28579	-	-	-	-	O
C39849649      none	B	[O-:1][N+:2](=O)!@[c:3]([cH,nX2H0])[cH,nX2H0:4]	179.987	23.2156	-	-	-	-	G
CHEMBL62086      none	B	[!#1:1][CX4:2]!@[CX4:3][!#1:4]	-40.006	0.976141	-	-	-	-	G
CHEMBL62086      none	B	[!#1:1][CX4:2]!@[CX4:3][!#1:4]	-159.998	1.85018	-	-	-	-	G
CHEMBL62086      none	B	[O:1]=[C:2]([O-])!@[CX4H1:3][H:4]	0.00811187	0.495663	-	-	-	-	O
CHEMBL62086      none	B	[!#1:1][CX4:2]!@[CX4:3][!#1:4]	-159.998	1.85018	-	-	-	-	G
CHEMBL62086      none	B	[O:1]=[C:2]([O-])!@[CX4H1:3][H:4]	0.00121789	0.495663	-	-	-	-	O
C40697780      none	B	[cH1:1][a:2]([cH1])!@[a:3]([cH1])[cH1:4]	-0.00448863	10.8271	-	-	-	-	G
C40697780      none	B	[cH1:1][c:2]([cH1])!@[C:3]([NH1,NH2])=[O:4]	152.765	9.05971	-	-	-	-	G
C40697780      none	B	[O:1]=[CX3:2]!@[NX3H1:3][!#1:4]	0.00271597	63.7893	-	-	-	-	G
C40697780      none	B	[$(C=O):1][NX3H1:2]!@[CX4H1:3][H:4]	29.9991	9.46757	-	-	-	-	G
C40697780      none	B	[!#1:1][CX4:2]!@[CX4:3][!#1:4]	180	22.1548	-	-	-	-	G
C40697780      none	B	[O:1]=[C:2]([O-])!@[CX4H1:3][H:4]	0.00128548	0.495663	-	-	-	-	O
C40697780      none	B	[!#1:1][CX4H2:2]!@[CX4H2:3][!#1:4]	-60.006	3.77933	-	-	-	-	G
C05594772      none	B	[*:1]~[CX4:2]!@[n:3]~[*:4]	179.996	3.53397	-	-	-	-	G
C05594772      none	B	[CX3:1]=[CX3:2]!@[CH2:3][OX2:4]	0.00266107	15.4198	-	-	-	-	G
C65323257      none	B	[a:1][c:2]!@[CX4H1:3][N,O:4]	150.028	3.7643	-	-	-	-	G
C65323257      none	B	[!#1:1][CX4:2]!@[CX3H0:3][!#1:4]	-149.997	2.58987	-	-	-	-	G
C65323257      none	B	[*:1]~[cX3:2]!@[NX2:3]~[*:4]	90.3098	1.96062	-	-	-	-	O
C09002246      none	B	[aH1:1][c:2]([aH1])!@[SX4:3][!#1:4]	90.0048	12.916	-	-	-	-	G
C09002246      none	B	[c:1][$(S(=O)=O):2]!@[NX3H1:3][C:4]	60.0022	14.5215	-	-	-	-	G
C09002246      none	B	[$(S(=O)(=O)):1][NX3H1:2]!@[CX4H1:3][H:4]	-60.0089	0.736648	-	-	-	-	G
C60860437      none	B	[*:1]~[CX3:2]!@[NX3:3]~[*:4]	150.001	0.571247	-	-	-	-	G
C60860437      none	B	[*:1]~[NX3:2]!@[NX3:3]~[*:4]	150.008	1.2148	-	-	-	-	G
C60860437      none	B	[O:1]=[CX3:2]!@[NX3H1:3][!#1:4]	-0.00556647	63.7893	-	-	-	-	G
C60860437      none	B	[cH1:1][c:2]([cH1])!@[C:3]([NH1,NH2])=[O:4]	-26.9934	8.39053	-	-	-	-	G
C60860437      none	B	[O-:1][N+:2](=O)!@[c:3]([cH,nX2H0])[cH,nX2H0:4]	-179.725	23.2156	-	-	-	-	G
C04082253      none	B	[CX3:1]=[CX3:2]!@[CH1:3](C)[C:4]	154.707	1.74807	-	-	-	-	R
C04082253      none	B	[C:1][CX4:2]!@[CX3:3]=[O:4]	-0.000771423	5.61823	-	-	-	-	G
C09455004      none	B	[O-:1][N+:2](=O)!@[c:3]([cH,nX2H0])[cH,nX2H0:4]	179.981	23.2156	-	-	-	-	G
C09455004      none	B	[aH0:1][c:2]([aH1])!@[SX4:3][!#1:4]	-110.206	1.0568	-	-	-	-	O
C09455004      none	B	[c:1][S:2](=O)(=O)!@[NX2H0-:3]-[*:4]	90.0036	2.77778	-	-	-	-	G
C09455004      none	B	[$(S(=O)(=O)):1][NH0:2]!@[c:3]([cH1])[cH0:4]	-90.2703	18.0328	-	-	-	-	G
C09455004      none	B	[cH1:1][a:2]([cH1])!@[a:3]([cH0])[cH0:4]	-119.996	5.81728	-	-	-	-	G
C39957207      none	B	[OX2:1][CX4:2]!@[CX4:3][OX2:4]	-159.999	0.511128	-	-	-	-	G
C39957207      none	B	[OX2:1][CX4:2]!@[CX4:3][OX2:4]	-64.291	16.2177	-	-	-	-	G
C39957207      none	B	[OX2:1][CX4:2]!@[CX4:3][OX2:4]	39.9966	0.511128	-	-	-	-	G
C60708450      none	B	[!#1:1][CH2:2]!@[n:3][cH0:4]	-89.6845	15.4696	-	-	-	-	G
C60708450      none	B	[a:1][ar5:2]!@[ar5:3][a:4]	-149.692	1.24046	-	-	-	-	O
C60708450      none	B	[aH0:1][c:2]([aH0])!@[SX2:3][!#1:4]	149.999	0.567303	-	-	-	-	O
C60708450      none	B	[!#1:1][CX4:2]!@[SX2:3][!#1:4]	179.999	11.1654	-	-	-	-	G
C60708450      none	B	[a:1][c:2]!@[CX4H2:3][!#1:4]	-89.732	7.30446	-	-	-	-	G
C62842790      none	B	[C:1][CX4:2]!@[CX3:3]=[O:4]	-0.00150492	5.61823	-	-	-	-	G
C62842790      none	B	[O:1]=[CX3:2]!@[NX3H0:3][!#1:4]	-29.9904	0.692521	-	-	-	-	O
C62842790      none	B	[O:1]=[CX3:2]!@[NX3H0:3][!#1:4]	-29.9966	0.692521	-	-	-	-	O
C62842790      none	B	[$([CX3]=O):1][NX3H0:2](C)!@[CX4H2:3][C:4]	-119.993	2.31561	-	-	-	-	O
C62842790      none	B	[!#1:1][CX4H2:2]!@[CX4H2:3][!#1:4]	59.9983	3.99483	-	-	-	-	G
C29218329      none	B	[*:1]~[CX4:2]!@[n:3]~[*:4]	89.9995	3.25743	-	-	-	-	G
C29218329      none	B	[OX2:1][CX4:2]!@[CX4:3][OX2:4]	-81.8411	2.4811	-	-	-	-	O
C47720316      none	B	[$(C=O):1][NX3H1:2]!@[c:3](s)[n:4]	180	66.092	-	-	-	-	G
C47720316      none	B	[O:1]=[CX3:2]!@[NX3H1:3][!#1:4]	0.00559465	63.7893	-	-	-	-	G
C47720316      none	B	[O:1]=[CX3:2]!@[NX3H0:3][!#1:4]	-29.7244	0.692521	-	-	-	-	O
C47720316      none	B	[$(S(=O)(=O)):1][NX3H1:2]!@[CX4H1:3][H:4]	0.000842642	7.36648	-	-	-	-	G
C47720316      none	B	[C:1][$(S(=O)=O):2]!@[NX3H1:3][C:4]	59.9996	6.12245	-	-	-	-	G
C13400972      none	B	[aH1:1][c:2]([aH0])!@[SX2:3][!#1:4]	60.001	1.24514	-	-	-	-	O
C13400972      none	B	[O-:1][N+:2](=O)!@[c:3]([cH0])[cH,nX2H0:4]	89.9447	0.274725	-	-	-	-	O
C13400972      none	B	[!#1:1][CX4:2]!@[SX2:3][!#1:4]	180	11.1654	-	-	-	-	G
C13400972      none	B	[!#1:1][CX4H2:2]!@[CX3:3]=[O:4]	-59.9998	1.45352	-	-	-	-	G
C13400972      none	B	[O:1]=[CX3:2]!@[NX3H0:3][!#1:4]	-149.719	1.37927	-	-	-	-	O
C13400972      none	B	[*:1][$(S(=O)=O):2]!@[NX3H0r:3][*:4]	-89.9983	4.88152	-	-	-	-	G
C13400972      none	B	[aH0:1][c:2]([aH1])!@[SX4:3][!#1:4]	109.671	1.0568	-	-	-	-	O
C13400972      none	B	[O:1]=[C:2]([O-])!@[c:3]([cH1])[cH1:4]	179.974	7.35294	-	-	-	-	G
C63215615      none	B	[C:1][CX4:2]!@[CX3:3]=[O:4]	30.0019	3.28614	-	-	-	-	G
C63215615      none	B	[*:1]~[CX4:2]!@[n:3]~[*:4]	120.003	3.12393	-	-	-	-	G
C63215615      none	B	[O:1]=[CX3:2]!@[NX3H1:3][!#1:4]	-0.00108383	63.7893	-	-	-	-	G
C63215615      none	B	[$(C=O):1][NX3:2]!@[a:3]([nX2H0])[cH0:4]	-179.723	12.037	-	-	-	-	G
C63215615      none	B	[O:1]=[C:2]([O-])!@[c:3][nX2H0:4]	179.982	20	-	-	-	-	G
C49500298      none	B	[!#1:1][CX4:2]!@[CX4:3][!#1:4]	38.6241	0.998355	-	-	-	-	G
C49500298      none	B	[NH1:1][CX4:2]!@[CX3:3]=[O:4]	120.002	0.41354	-	-	-	-	G
C49500298      none	B	[$(C=O):1][NX3H1:2]!@[CX4H0:3][C:4]	59.9895	13.3187	-	-	-	-	G
C49500298      none	B	[O:1]=[CX3:2]([$([NX3H1]C)])!@[NX3H1:3][!#1:4]	0.00841471	41.1343	-	-	-	-	G
C49500298      none	B	[O,S:1]=[C:2]([$([NX3H1]),$([NX3H2])])!@[$([NX3]c[nH0]):3][H:4]	-0.00538042	46.0938	-	-	-	-	G
C49500298      none	B	[$(C=O):1][NX3H1:2]!@[c:3](s)[n:4]	0.31074	0.574713	-	-	-	-	R
C49500298      none	B	[a:1][c:2]!@[CX4H0:3][CX4:4]	0.00551043	4.9669	-	-	-	-	G
C49104389      none	B	[NH1:1][CX4:2]!@[CX3:3]=[O:4]	59.9996	0.459488	-	-	-	-	O
C49104389      none	B	[$(C=O):1][NX3H1:2]!@[CX4H1:3][H:4]	-30.0027	6.97413	-	-	-	-	G
C49104389      none	B	[O:1]=[CX3:2]!@[NX3H0:3][!#1:4]	0.000658286	25.0866	-	-	-	-	G
C49104389      none	B	[O:1]=[CX3:2]!@[NX3H1:3][!#1:4]	0.00402371	63.7893	-	-	-	-	G
C49104389      none	B	[O:1]=[CX3:2]!@[NX3H0:3][!#1:4]	0.319145	25.0866	-	-	-	-	G
C49104389      none	B	[O:1]=[C:2]([O-])!@[CX4H1:3][H:4]	-0.00460279	0.495663	-	-	-	-	O
C04732887      none	B	[$(C=O):1][NX3:2]!@[a:3][aH0:4]	-179.708	13.4466	-	-	-	-	G
C13069615      none	B	[$(S(=O)(=O)):1][NX3H0:2]!@[CX4H2:3][!#1:4]	-90.0042	8.83621	-	-	-	-	G
C13069615      none	B	[$(S(=O)(=O)):1][NX3H0:2]!@[CX4H2:3][!#1:4]	-90.0002	8.83621	-	-	-	-	G
C13069615      none	B	[c:1][$(S(=O)=O):2]!@[NX3H0:3][C:4]	90.0031	4.81691	-	-	-	-	G
C13069615      none	B	N[C:2](=[O:1])!@[CH2:3][N:4]	-30.0035	4.7619	-	-	-	-	G
C13069615      none	B	[O:1]=[CX3:2]!@[NX3H1:3][!#1:4]	0.0111453	63.7893	-	-	-	-	G
C13069615      none	B	[$(C=O):1][NX3H1:2]!@[c:3]([cH1])[cH1:4]	29.9957	5.05437	-	-	-	-	G
C13069615      none	B	[aH1:1][c:2]([aH1])!@[SX4:3][!#1:4]	-109.731	4.53328	-	-	-	-	G
C13069615      none	B	[O:1]=[C:2]([O-])!@[c:3]([cH1])[cH0:4]	0.00156254	8.88889	-	-	-	-	G
C50421618      none	B	[a:1][c:2]!@[CX4H1:3][N,O:4]	-60.0105	3.48172	-	-	-	-	G
C50421618      none	B	[$(C=O):1][NX3H1:2]!@[CX4H1:3][H:4]	60.0053	6.22422	-	-	-	-	G
C50421618      none	B	[O:1]=[CX3:2]([$([NX3H1]C)])!@[NX3H1:3][!#1:4]	-0.0165573	41.1343	-	-	-	-	G
C50421618      none	B	[O:1]=[CX3:2]([$([NX3H1]C)])!@[NX3H1:3][!#1:4]	180	9.5176	-	-	-	-	R
C50421618      none	B	[$(C=O):1][NX3H1:2]!@[CX4H0:3][C:4]	-63.637	14.7253	-	-	-	-	G
C50421618      none	B	[NH1:1][CX4:2]!@[CX3:3]=[O:4]	90.0048	0.183795	-	-	-	-	R
C22553942      none	B	[a:1][c:2]!@[CX4H1:3][a:4]	89.9999	4.22522	-	-	-	-	G
C22553942      none	B	[!#1:1][CX4:2]!@[CX4:3][!#1:4]	160.002	1.81259	-	-	-	-	G
C22553942      none	B	[cH0:1][c:2]!@[CX4H1:3][a:4]	-120	2.61531	-	-	-	-	G
C22553942      none	B	[!#1:1][CX4H2:2]!@[NX3:3][!#1:4]	-119.995	1.59404	-	-	-	-	O
C39339251      none	B	[NH1:1][CX4:2]!@[CX3:3]=[O:4]	-123.935	0.275693	-	-	-	-	G
C39339251      none	B	[O:1]=[CX3:2]!@[NX3H1:3][!#1:4]	0.00620761	63.7893	-	-	-	-	G
C39339251      none	B	[*:1]~[NX3:2]!@[NX2:3]~[*:4]	179.989	29.4914	-	-	-	-	G
C39339251      none	B	[*:1]~[CX4:2]!@[CX3:3]~[*:4]	150.002	1.98335	-	-	-	-	G
C39691950      none	B	[a:1][c:2]!@[CX4H2:3][!#1:4]	-135.002	1.61199	-	-	-	-	O
C39691950      none	B	[O:1]=[C:2]([O-])!@[c:3][a:4]	0.00406821	11.4943	-	-	-	-	G
C39691950      none	B	[!#1:1][CX4:2]!@[SX2:3][!#1:4]	39.9962	0.636754	-	-	-	-	O
C39691950      none	B	[!#1:1][CX3:2]!@[SX2:3][!#1:4]	-150.278	0.338855	-	-	-	-	R
C39691950      none	B	[$([CX3]=O):1][NX3H0:2](C)!@[CX4H2:3][C:4]	60.1837	0.600343	-	-	-	-	O
C39691950      none	B	[OX2:1][CX4H2:2]!@[CX4H2:3][Nr:4]	60.0044	18.1373	-	-	-	-	G
C39691950      none	B	[C:1][CH2:2]!@[O:3][CX4:4]	180	35.2689	-	-	-	-	G
C19439154      none	B	[$(S(=O)(=O)):1][N:2]!@[c:3][a:4]	180	4.19922	-	-	-	-	G
C19439154      none	B	[c:1][S:2](=O)(=O)!@[NX2H0-:3]-[*:4]	60.002	8.33333	-	-	-	-	G
C19439154      none	B	[aH0:1][c:2]([aH1])!@[SX4:3][!#1:4]	-110.278	1.0568	-	-	-	-	O
C05639325      none	B	[O:1]=[CX3:2]!@[NX3H1:3][!#1:4]	-0.000171983	63.7893	-	-	-	-	G
C05639325      none	B	[$(C=O):1][NX3H1:2]!@[CX4H1:3][H:4]	179.996	0.712411	-	-	-	-	R
C05639325      none	B	[$(C=O):1][NX3H1:2]!@[CX4H1:3][H:4]	-29.9955	6.97413	-	-	-	-	G
C05639325      none	B	[OX2:1][CX4:2]!@[CX4:3][OX2:4]	79.9993	2.87509	-	-	-	-	G
C05639325      none	B	[O:1]=[CX3:2]!@[NX3H1:3][!#1:4]	-0.00519387	63.7893	-	-	-	-	G
C49693185      none	B	[OX2:1][CX4:2]!@[CX4:3][N:4]	59.9902	15.2809	-	-	-	-	G
C49693185      none	B	[O:1]=[C:2]([O-])!@[CX4H1:3][H:4]	0.00417705	0.495663	-	-	-	-	O
C49693185      none	B	[$(C=O):1][NX3H1:2]!@[CX4H1:3][H:4]	29.9943	9.46757	-	-	-	-	G
C49693185      none	B	[O:1]=[CX3:2]!@[NX3H1:3][!#1:4]	-0.00187159	63.7893	-	-	-	-	G
C49693185      none	B	[O:1]=[CX3:2]!@[NX3H0:3][!#1:4]	150.273	1.73707	-	-	-	-	O
C50421342      none	B	[NH1:1][CX4:2]!@[CX3:3]=[O:4]	-119.993	0.275693	-	-	-	-	G
C50421342      none	B	[$(C=O):1][NX3H1:2]!@[CX4H0:3][C:4]	60.0016	13.3187	-	-	-	-	G
C50421342      none	B	[O:1]=[CX3:2]([$([NX3H1]C)])!@[NX3H1:3][!#1:4]	0.000662112	41.1343	-	-	-	-	G
C50421342      none	B	[O:1]=[CX3:2]([$([NX3H1]C)])!@[NX3H1:3][!#1:4]	-0.00671323	41.1343	-	-	-	-	G
C50421342      none	B	[$(C=O):1][NX3H1:2]!@[CX4H2:3][!#1:4]	-89.9993	7.86473	-	-	-	-	G
C50421342      none	B	[a:1][c:2]!@[CX4H2:3][!#1:4]	135.307	1.69481	-	-	-	-	O
C22410625      none	B	[$(S(=O)(=O)):1][NX3H0:2]!@[CX4H2:3][!#1:4]	90.0041	6.68103	-	-	-	-	G
C22410625      none	B	[$(S(=O)(=O)):1][NX3H0:2]!@[CX4H2:3][!#1:4]	90.0004	6.68103	-	-	-	-	G
C22410625      none	B	[c:1][$(S(=O)=O):2]!@[NX3H0:3][C:4]	89.9969	4.81691	-	-	-	-	G
C22410625      none	B	[aH1:1][c:2]([aH1])!@[SX4:3][!#1:4]	150.273	0.260857	-	-	-	-	R
C22410625      none	B	[cH0:1][c:2]([cH1])!@[O:3][C:4]	119.978	0.35639	-	-	-	-	R
C22410625      none	B	[$(S(=O)(=O)):1][NH0:2]!@[c:3]([cH1])[cH0:4]	-120.009	0	-	-	-	-	R
C22410625      none	B	[c:1][S:2](=O)(=O)!@[NX2H0-:3]-[*:4]	90.0045	2.77778	-	-	-	-	G
C22410625      none	B	[aH1:1][c:2]([aH1])!@[SX4:3][!#1:4]	90.2827	12.916	-	-	-	-	G
C22410625      none	B	[aH1:1][c:2]([aH1])!@[SX4:3][!#1:4]	-90.003	12.5987	-	-	-	-	G
C22410625      none	B	[C:1][CX4H2:2]!@[OX2:3][c:4]	-149.997	1.28448	-	-	-	-	O
C06021862      none	B	[*^2:1]~[C^2:2]([!H])!@[C^2:3]~[*^2:4]	3.64431e-06	20.0453	-	-	-	-	G
C06021862      none	B	[OX2:1][CX4:2]!@[CX4:3][OX2:4]	40.0063	0.511128	-	-	-	-	G
C06021862      none	B	[OX2:1][CX4:2]!@[CX4:3][OX2:4]	179.998	13.4277	-	-	-	-	G
C06021862      none	B	[OX2:1][CX4:2]!@[CX4:3][OX2:4]	59.9981	14.3222	-	-	-	-	G
C06719529      none	B	[O:1]=[CX3:2]!@[NX3H0:3][!#1:4]	-149.998	1.37927	-	-	-	-	O
C06719529      none	B	[O:1]=[CX3:2]!@[NX3H1:3][!#1:4]	29.99	0.0707142	-	-	-	-	O
C06719529      none	B	[$([C](=O)):1][NX3:2]!@[a:3](s)[a:4]	-149.68	0	-	-	-	-	R
C06719529      none	B	[O:1]=[C:2]([O-])!@[c:3]([cH0])[cH0:4]	179.98	20	-	-	-	-	G
CHEMBL15002      none	B	[O:1]=[C:2]([O-])!@[c:3][nX2H0:4]	179.92	20	-	-	-	-	G
C13568704      none	B	[aH0:1][c:2]([aH0])!@[SX2:3][!#1:4]	180	14.0278	-	-	-	-	G
C13568704      none	B	[!#1:1][CX4:2]!@[SX2:3][!#1:4]	-150	1.30312	-	-	-	-	G
C13568704      none	B	[!#1:1][CX4H2:2]!@[CX3:3]=[O:4]	-90.0012	1.11373	-	-	-	-	G
C13568704      none	B	[O:1]=[CX3:2]!@[NX3H1:3][!#1:4]	-0.00382863	63.7893	-	-	-	-	G
C13568704      none	B	[$(C=O):1][NX3H1:2]!@[c:3](s)[n:4]	179.999	66.092	-	-	-	-	G
C21951094      none	B	[O:1]=[CX3:2]!@[NX3H0:3][!#1:4]	150.001	1.73707	-	-	-	-	O
C21951094      none	B	[O:1]=[C:2]([O-])!@[CX4H1:3][H:4]	0.0134451	0.495663	-	-	-	-	O
C21951094      none	B	[O:1]=[CX3:2]!@[NX3H1:3][!#1:4]	-0.00391547	63.7893	-	-	-	-	G
C21951094      none	B	[$([CX3]=O):1][NX3H1:2]!@[CX4H2:3][C:4] 	-119.998	2.61599	-	-	-	-	O
C21951094      none	B	[!#1:1][CX4:2]!@[CX4:3][!#1:4]	-59.9973	12.2558	-	-	-	-	G
C36367398      none	B	[$(C=O):1][O:2]!@[CH1:3][H:4]	0.000733769	9.45727	-	-	-	-	G
C36367398      none	B	[CX3:1]=[CX3:2]!@[CH1:3](C)[C:4]	-23.9359	1.54242	-	-	-	-	O
C36367398      none	B	[O:1]=[C:2]!@[O:3]~[C:4]	-59.9972	0.0117156	-	-	-	-	R
C36367398      none	B	[C:1][CX4H2:2]!@[CX3:3]=[O:4]	119.998	0.695249	-	-	-	-	O
C36367398      none	B	[!#1:1][CX4H2:2]!@[CX4H2:3][!#1:4]	-59.9976	3.77933	-	-	-	-	G
C36367398      none	B	[C:1][CX4H2:2]!@[CX3:3]=[O:4]	-90.004	1.15875	-	-	-	-	O
C37791379      none	B	[NH1:1][CX4:2]!@[CX3:3]=[O:4]	-119.994	0.275693	-	-	-	-	G
C37791379      none	B	[$(S(=O)(=O)):1][NX3H1:2]!@[CX4H1:3][H:4]	-29.9967	9.39227	-	-	-	-	G
C37791379      none	B	[O:1]=[CX3:2]!@[NX3H0:3][!#1:4]	-149.727	1.37927	-	-	-	-	O
C37791379      none	B	[c:1][$(S(=O)=O):2]!@[NX3H1:3][C:4]	-60.006	13.7514	-	-	-	-	G
C37791379      none	B	[aH1:1][c:2]([aH1])!@[SX4:3][!#1:4]	-89.6887	12.5987	-	-	-	-	G
C13262670      none	B	[O-:1][N+:2](=O)!@[c:3]([cH,nX2H0])[cH,nX2H0:4]	179.987	23.2156	-	-	-	-	G
C13262670      none	B	[aH1:1][c:2]([aH1])!@[SX4:3][!#1:4]	89.9987	12.916	-	-	-	-	G
C13262670      none	B	[c:1][$(S(=O)=O):2]!@[NX3H1:3][c:4]	-89.9997	1.19863	-	-	-	-	G
C13262670      none	B	[$(S(=O)(=O)):1][NH1:2]!@[c:3]([cH1])[cH1:4]	120.001	4.02542	-	-	-	-	O
C13262670      none	B	[cH1:1][c:2]([cH0])!@[O:3][S:4]	59.9912	2.57732	-	-	-	-	G
C13262670      none	B	[O:1]=[C:2]([O-])!@[c:3]([cH1])[cH0:4]	-0.000655374	8.88889	-	-	-	-	G
C13262670      none	B	[*:1]~[OX2:2]!@[SX4:3]~[*:4]	-79.9983	4.57103	-	-	-	-	G
C13262670      none	B	[aH0:1][c:2]([aH1])!@[SX4:3][!#1:4]	109.679	1.0568	-	-	-	-	O
C65575653      none	B	[a:1][c:2]!@[CX4H0:3][CX3:4]	179.999	2.34308	-	-	-	-	G
C65575653      none	B	[NH1:1][CX4:2]!@[CX3:3]=[O:4]	-30.0038	4.44172	-	-	-	-	G
C65575653      none	B	[$(C=O):1][NX3H1:2]!@[CX4H0:3][C:4]	60.0043	13.3187	-	-	-	-	G
C65575653      none	B	[O:1]=[C:2]!@[O:3]~[C:4]	0.010031	74.4927	-	-	-	-	G
C65575653      none	B	[O:1]=[CX3:2]!@[NX3H1:3][!#1:4]	-0.00490743	63.7893	-	-	-	-	G
C65575653      none	B	[*^2:1]~[C^2:2]([!H])!@[C^2:3]~[*^2:4]	-150.001	1.11601	-	-	-	-	G
C65575653      none	B	[a:1][a:2]!@[CX3:3]=[CX3H1:4]	20.0069	2.80466	-	-	-	-	G
C65575653      none	B	[aH1:1][c:2]([aH1])!@[SX4:3][!#1:4]	-89.9814	12.5987	-	-	-	-	G
C65575653      none	B	[c:1][S:2](=O)(=O)!@[NX2H0-:3]-[*:4]	-90.0169	2.77778	-	-	-	-	G
C65575653      none	B	[$(S(=O)(=O)):1][NH0:2]!@[c:3]([cH1])[cH0:4]	-90.2756	18.0328	-	-	-	-	G
C43474583      none	B	[$(C=O):1][NX3H1:2]!@[c:3]([cH0]F)[cH:4]	60.0014	0	-	-	-	-	R
C43474583      none	B	[O-:1][N+:2](=O)!@[c:3]([cH,nX2H0])[cH,nX2H0:4]	179.977	23.2156	-	-	-	-	G
C43474583      none	B	[O:1]=[CX3:2]([$([NX3H1]C)])!@[NX3H1:3][!#1:4]	180	9.5176	-	-	-	-	R
C43474583      none	B	[O:1]=[CX3:2]([$([NX3H1]C)])!@[NX3H1:3][!#1:4]	-0.0173873	41.1343	-	-	-	-	G
C43474583      none	B	[$(C=O):1][NX3H1:2]!@[CX4H1:3][H:4]	0.0121063	8.26772	-	-	-	-	G
C43474583      none	B	[!#1:1][CX4:2]!@[CX4:3][!#1:4]	160.003	1.81259	-	-	-	-	G
C43474583      none	B	[O:1]=[C:2]([O-])!@[CX4H1:3][H:4]	90.0001	0.86741	-	-	-	-	O
C43474583      none	B	[!#1:1][CX4H2:2]!@[CX4H2:3][!#1:4]	180	58.554	-	-	-	-	G
C48838460      none	B	[!#1:1][CX4:2]!@[CX4:3][!#1:4]	-59.9951	12.2558	-	-	-	-	G
C48838460      none	B	[!#1:1][CX4:2]!@[CX4:3][!#1:4]	179.995	22.1548	-	-	-	-	G
C48838460      none	B	[C:1][CX4:2]!@[CX3:3]=[O:4]	89.999	3.65147	-	-	-	-	G
C48838460      none	B	[O:1]=[CX3:2]([NH1])!@[CH2:3][C:4]	90.0039	2.11706	-	-	-	-	O
C48838460      none	B	[O:1]=[CX3:2]!@[NX3H1:3][!#1:4]	-0.00089721	63.7893	-	-	-	-	G
C48838460      none	B	[$([CX3]=O):1][NX3H1:2]!@[CX4H2:3][C:4] 	-120.002	2.61599	-	-	-	-	O
C48838460      none	B	N[C:2](=[O:1])!@[CH2:3][N:4]	-89.9973	0.14881	-	-	-	-	R
C48838460      none	B	[O:1]=[CX3:2]!@[NX3H0:3][!#1:4]	0.26832	25.0866	-	-	-	-	G
C06829979      none	B	[cH1,nX2H0:1][c:2]([cH1,nX2H0])!@[NX3r:3][*:4]	-119.722	2.61442	-	-	-	-	O
C06829979      none	B	[a:1][a:2]!@[NX3:3][!#1:4]	-60.0067	1.73028	-	-	-	-	O
C06829979      none	B	[O-:1][N+:2](=O)!@[c:3]([cH0])[cH,nX2H0:4]	89.9522	0.274725	-	-	-	-	O
C49533050      none	B	[!#1:1][CX4:2]!@[CX4:3][!#1:4]	179.997	22.1548	-	-	-	-	G
C49533050      none	B	[a:1][c:2]!@[CX4H1:3][N,O:4]	-90.0072	1.29082	-	-	-	-	G
C49533050      none	B	[$(C=O):1][NX3H1:2]!@[CX4H1:3][H:4]	-0.00399614	8.26772	-	-	-	-	G
C49533050      none	B	[O:1]=[CX3:2]([$([NX3H1]C)])!@[NX3H1:3][!#1:4]	0.00474476	41.1343	-	-	-	-	G
C49533050      none	B	[O:1]=[CX3:2]([$([NX3H1]C)])!@[NX3H1:3][!#1:4]	-0.00376827	41.1343	-	-	-	-	G
C49533050      none	B	[$([CX3]=O):1][NX3H1:2]!@[CX4H2:3][C:4] 	-150.001	1.7769	-	-	-	-	O
C49533050      none	B	N[C:2](=[O:1])!@[CH2:3][N:4]	150.003	3.125	-	-	-	-	G
C49533050      none	B	[O:1]=[CX3:2]!@[NX3H1:3][!#1:4]	0.000548264	63.7893	-	-	-	-	G
C49533050      none	B	[$([CX3]=O):1][NX3H1:2]!@[CX4H2:3][C:4] 	179.998	6.46594	-	-	-	-	G
C49533050      none	B	[NH1:1][CX4:2]!@[CX3:3]=[O:4]	-120.001	0.275693	-	-	-	-	G
C50183902      none	B	[cH0:1][c:2]!@[CX4H2:3][CX4:4]	134.995	0.481013	-	-	-	-	R
C50183902      none	B	[!#1:1][CX4H2:2]!@[CX4H2:3][!#1:4]	180	58.554	-	-	-	-	G
C50183902      none	B	[!#1:1][CX4H2:2]!@[CX4H2:3][!#1:4]	-59.9967	3.77933	-	-	-	-	G
C50183902      none	B	[$([CX3]=O):1][NX3H1:2]!@[CX4H2:3][C:4] 	150.006	1.43139	-	-	-	-	O
C50183902      none	B	[O:1]=[CX3:2]([$([NX3H1]C)])!@[NX3H1:3][!#1:4]	180	9.5176	-	-	-	-	R
C50183902      none	B	[O:1]=[CX3:2]([$([NX3H1]C)])!@[NX3H1:3][!#1:4]	-0.00991685	41.1343	-	-	-	-	G
C50183902      none	B	[$(C=O):1][NX3H1:2]!@[CX4H0:3][C:4]	-59.9969	14.7253	-	-	-	-	G
C50183902      none	B	[NH1:1][CX4:2]!@[CX3:3]=[O:4]	89.9991	0.183795	-	-	-	-	R
C05884304      none	B	[*:1]~[CX4:2]!@[n:3]~[*:4]	120.008	3.12393	-	-	-	-	G
C05884304      none	B	[CX3:1]=[CX3:2]!@[CH2:3][OX2:4]	-29.9977	0.152672	-	-	-	-	O
C61685929      none	B	[O-:1][N+:2](=O)!@[c:3]([cH,nX2H0])[cH,nX2H0:4]	179.983	23.2156	-	-	-	-	G
C61685929      none	B	[aH0:1][c:2]([aH0])!@[SX4:3][!#1:4]	126.137	1.67598	-	-	-	-	G
C61685929      none	B	[c:1][S:2](=O)(=O)!@[NX2H0-:3]-[*:4]	-59.9954	11.1111	-	-	-	-	G
C61685929      none	B	[$(S(=O)(=O)):1][NH0:2]!@[c:3]([cH1])[cH1:4]	149.698	0	-	-	-	-	R
C40565989      none	B	[O:1]=[C:2]([O-])!@[c:3]([cH1])[cH1:4]	179.985	7.35294	-	-	-	-	G
C40565989      none	B	[$(C=O):1][NX3:2]!@[a:3][aH0:4]	-149.999	1.98526	-	-	-	-	O
C40565989      none	B	[O:1]=[CX3:2]!@[NX3H1:3][!#1:4]	60.0003	0	-	-	-	-	R
C40565989      none	B	[O:1]=[CX3:2]!@[NX3H0:3][!#1:4]	-150.006	1.37927	-	-	-	-	O
C40565989      none	B	[$(C=O):1][NX3H0:2]!@[CX4H1:3][H:4]	-0.000717803	15.8824	-	-	-	-	G
C63912061      none	B	[c:1][c:2]!@[c:3][s,o,nX3H1:4]	120.547	0.615501	-	-	-	-	O
C63912061      none	B	[$(S(=O)(=O)):1][NH0:2]!@[c:3]([cH1])[cH0:4]	119.993	0	-	-	-	-	R
C63912061      none	B	[c:1][S:2](=O)(=O)!@[NX2H0-:3]-[*:4]	59.9996	8.33333	-	-	-	-	G
C63912061      none	B	[aH0:1][c:2]([aH1])!@[SX4:3][!#1:4]	69.679	11.3606	-	-	-	-	G
C63912061      none	B	[O-:1][N+:2](=O)!@[c:3][a:4]	0.00624436	18.5814	-	-	-	-	G
C02194103      none	B	[n,o,s:1][c:2]!@[CX4H2:3][CX4:4]	0.328005	6.43231	-	-	-	-	G
C02194103      none	B	[$(S(=O)(=O)):1][N:2]!@[c:3][a:4]	-0.0090502	3.75977	-	-	-	-	G
C02194103      none	B	[c:1][S:2](=O)(=O)!@[NX2H0-:3]-[*:4]	60.0211	8.33333	-	-	-	-	G
C02194103      none	B	[aH1:1][c:2]([aH1])!@[SX4:3][!#1:4]	-89.8274	12.5987	-	-	-	-	G
C02194103      none	B	[a:1][a:2]!@[NX3:3][!#1:4]	59.994	1.72297	-	-	-	-	O
C02194103      none	B	[!#1:1][CX3:2](=S)!@[NX3H1:3][!#1:4]	180	37.0618	-	-	-	-	G
C02194103      none	B	[$(C=O):1][NX3H1:2]!@[CX3:3]=[*H0:4]	180	33.8082	-	-	-	-	G
C02194103      none	B	[O:1]=[CX3:2]!@[NX3H1:3][!#1:4]	-0.00435811	63.7893	-	-	-	-	G
C02194103      none	B	[cH1:1][c:2]([cH1])!@[C:3]([NH1,NH2])=[O:4]	153.005	9.05971	-	-	-	-	G
C48631667      none	B	[!#1:1][CX4:2]!@[CX3H0:3][!#1:4]	90.007	2.78327	-	-	-	-	G
C48631667      none	B	[$(C=O):1][NX3H1:2]!@[CX4H1:3][H:4]	59.9988	6.22422	-	-	-	-	G
C48631667      none	B	[O:1]=[CX3:2]!@[NX3H1:3][!#1:4]	-0.00354703	63.7893	-	-	-	-	G
C48631667      none	B	[OX2:1][CX4H2:2]!@[CX3:3]([$([NX3H1,NX3H2])])=[O:4]	-150.001	0.714286	-	-	-	-	O
C48631667      none	B	[C:1][CH2:2]!@[O:3][CX4:4]	80.0016	1.71561	-	-	-	-	G
C41804429      none	B	[O:1]=[CX3:2]!@[NX3H1:3][!#1:4]	-0.00446971	63.7893	-	-	-	-	G
C41804429      none	B	[$([CX3]=O):1][NX3H1:2]!@[CX4H2:3][C:4] 	90.0005	7.35439	-	-	-	-	G
C41804429      none	B	[!#1:1][CX4H2:2]!@[CX4H2:3][!#1:4]	60.0027	3.99483	-	-	-	-	G
C41804429      none	B	[*:1]~[CX4:2]!@[NX4:3]~[*:4]	59.9958	15.3058	-	-	-	-	G
C41804429      none	B	[*:1]~[CX4:2]!@[NX4:3]~[*:4]	-60.001	15.3415	-	-	-	-	G
C41804429      none	B	[!#1:1][CX4:2]!@[CX4:3][!#1:4]	98.6332	0.196083	-	-	-	-	O
C41804429      none	B	[N:1][CX4:2]!@[CX3:3]=[O:4]	-0.0120288	7.55292	-	-	-	-	G
C13426208      none	B	[*:1][$(S(=O)=O):2]!@[NX3H0r:3][*:4]	59.9973	7.32227	-	-	-	-	G
C13426208      none	B	[aH1:1][c:2]([aH1])!@[SX4:3][!#1:4]	70.2703	5.04089	-	-	-	-	G
C13426208      none	B	[cH1:1][c:2]([cH1])!@[C:3]([NH1,NH2])=[O:4]	26.9943	8.08167	-	-	-	-	G
C13426208      none	B	[O:1]=[CX3:2]!@[NX3H1:3][!#1:4]	0.00327983	63.7893	-	-	-	-	G
C13426208      none	B	[$(C=O):1][NX3H1:2]!@[CX4H0:3][C:4]	-59.9964	14.7253	-	-	-	-	G
C13426208      none	B	[NH1:1][CX4:2]!@[CX3:3]=[O:4]	-0.00245305	6.89233	-	-	-	-	G
C40578977      none	B	[!#1:1][CX4:2]!@[CX4:3][!#1:4]	79.9944	1.75235	-	-	-	-	G
C40578977      none	B	[$(C=O):1][NX3H1:2]!@[CX4H1:3][H:4]	-29.9958	6.97413	-	-	-	-	G
C40578977      none	B	[C:1][CX4H2:2]!@[CX3:3]=[O:4]	-120.002	0.79457	-	-	-	-	O
C40578977      none	B	[O:1]=[CX3:2]([$([NX3H1]C)])!@[NX3H1:3][!#1:4]	179.994	9.5176	-	-	-	-	R
C40578977      none	B	[O:1]=[CX3:2]([$([NX3H1]C)])!@[NX3H1:3][!#1:4]	0.0072973	41.1343	-	-	-	-	G
C40578977      none	B	[$([CX3]=O):1][NX3H1:2]!@[CX4H2:3][C:4] 	89.9962	7.35439	-	-	-	-	G
C40578977      none	B	[!#1:1][CX4H2:2]!@[CX4H2:3][!#1:4]	-59.9973	3.77933	-	-	-	-	G
C40578977      none	B	[!#1:1][CX4:2]!@[SX4:3][!#1:4]	-172.267	7.34737	-	-	-	-	G
C39466037      none	B	[H:1][CX4H1:2]!@[SX4:3][!#1:4]	47.7415	10.0257	-	-	-	-	G
C39466037      none	B	[aH0:1][c:2]([aH1])!@[SX4:3][!#1:4]	-70.2761	15.3236	-	-	-	-	G
C39466037      none	B	[*:1]~[S:2]!@[P:3]~[*:4]	160	1.87919	-	-	-	-	G
C39466037      none	B	[*:1]~[OX2:2]!@[SX4:3]~[*:4]	-59.9973	3.39897	-	-	-	-	G
C39466037      none	B	[cH1:1][c:2]([cH1])!@[O:3][S:4]	-59.9994	0.8	-	-	-	-	G
C17426658      none	B	[aH1:1][c:2]([aH1])!@[SX4:3][!#1:4]	90.0061	12.916	-	-	-	-	G
C17426658      none	B	[a:1][a:2]!@[NX3:3][!#1:4]	30.0001	1.9288	-	-	-	-	O
C17426658      none	B	[*:1]~[NX3:2]!@[NX2:3]~[*:4]	120	0.129503	-	-	-	-	R
C17426658      none	B	[*^2:1]~[C^2:2]([!H])!@[C^2:3]~[*^2:4]	-89.7343	1.27397	-	-	-	-	G
C17426658      none	B	[c:1][S:2](=O)(=O)!@[NX2H0-:3]-[*:4]	59.9939	8.33333	-	-	-	-	G
C17426658      none	B	[$(S(=O)(=O)):1][N:2]!@[c:3][a:4]	-149.995	2.49023	-	-	-	-	G
C22010112      none	B	[C:1][CH2:2]!@[O:3][CX4:4]	160	5.67469	-	-	-	-	G
C22010112      none	B	[CX3:1]=[CX3:2]!@[CH2:3][OX2:4]	-60.0065	0.763359	-	-	-	-	R
C22010112      none	B	[*^2:1]~[C^2:2]([!H])!@[C^2:3]~[*^2:4]	-60.0038	0.757173	-	-	-	-	O
C22010112      none	B	[$(C=O):1][NX3H1:2]!@[CX4H1:3][H:4]	30.0018	9.46757	-	-	-	-	G
C22010112      none	B	[O:1]=[CX3:2]!@[NX3H1:3][!#1:4]	-0.00676693	63.7893	-	-	-	-	G
C22010112      none	B	[*^2:1]~[C^2:2]([!H])!@[C^2:3]~[*^2:4]	120.007	0.806964	-	-	-	-	G
C22010112      none	B	[*:1]~[CX3:2]!@[cX3:3]~[*:4]	150.332	2.32505	-	-	-	-	O
C22010112      none	B	[*:1]~[NX2:2]!@[OX2:3]~[*:4]	180	49.4817	-	-	-	-	G
C45866012      none	B	[aH1:1][c:2]([aH1])!@[SX4:3][!#1:4]	-89.7284	12.5987	-	-	-	-	G
C45866012      none	B	[aH1:1][c:2]([aH1])!@[SX4:3][!#1:4]	90.0008	12.916	-	-	-	-	G
C45866012      none	B	[c:1][S:2](=O)(=O)!@[NX2H0-:3]-[*:4]	59.9946	8.33333	-	-	-	-	G
C45866012      none	B	[$(S(=O)(=O)):1][NH0:2]!@[c:3]([cH1])[cH1:4]	-90.2841	17.7686	-	-	-	-	G
C45866012      none	B	[aH1:1][c:2]([aH1])!@[SX4:3][!#1:4]	-90.0022	12.5987	-	-	-	-	G
C45866012      none	B	[*:1]~[N,n:2]!@[S:3]~[*:4]	179.995	8.16343	-	-	-	-	G
C20841173      none	B	[O:1]=[C:2]([O-])!@[c:3][nX3H1:4]	-179.697	34.7826	-	-	-	-	G
C20841173      none	B	[*:1]~[cX3:2]!@[NX2:3]~[*:4]	-150.001	1.73726	-	-	-	-	O
C20841173      none	B	[!#1:1][CX4:2]!@[CX3H0:3][!#1:4]	-120.009	1.6873	-	-	-	-	O
C20841173      none	B	[!#1:1][CX4:2]!@[CX4:3][!#1:4]	89.9968	0.504518	-	-	-	-	G
C41913458      none	B	[O-:1][N+:2](=O)!@[c:3]([cH,nX2H0])[cH,nX2H0:4]	179.957	23.2156	-	-	-	-	G
C41913458      none	B	[$(C=O):1][NX3H0:2]!@[CX4H0:3][C:4]	120.433	1.21622	-	-	-	-	R
C41913458      none	B	[N:1][CX4:2]!@[CX3:3]=[O:4]	0.00146722	7.55292	-	-	-	-	G
C37431459      none	B	[a:1][c:2]!@[CX4H1:3][H:4]	-55.6959	1.09004	-	-	-	-	G
C37431459      none	B	[n,o,s:1][c:2]!@[CX4H2:3][CX4:4]	-89.7321	5.3104	-	-	-	-	G
C37431459      none	B	[!#1:1][CX4H2:2]!@[CX4H2:3][!#1:4]	60.0048	3.99483	-	-	-	-	G
C37431459      none	B	[O:1]=[CX3:2]([NH1])!@[CH2:3][C:4]	89.9942	2.11706	-	-	-	-	O
C37431459      none	B	[O:1]=[CX3:2]!@[NX3H1:3][!#1:4]	-0.0012847	63.7893	-	-	-	-	G
C37431459      none	B	[$(C=O):1][NX3H1:2]!@[CX4H1:3][H:4]	0.00310295	8.26772	-	-	-	-	G
C37431459      none	B	[OX2:1][CX4:2]!@[CX4:3][N:4]	40.0075	1.66292	-	-	-	-	G
C37431459      none	B	[O:1]=[C:2]([O-])!@[CX4H1:3][H:4]	-0.0030121	0.495663	-	-	-	-	O
C40997708      none	B	[a:1][c:2]!@[CX4H2:3][!#1:4]	-44.9929	1.62815	-	-	-	-	O
C40997708      none	B	[$(C=O):1][NX3H1:2]!@[CX4H2:3][!#1:4]	180	5.78057	-	-	-	-	G
C40997708      none	B	[O:1]=[CX3:2]!@[NX3H1:3][!#1:4]	-0.00840742	63.7893	-	-	-	-	G
C40997708      none	B	[O:1]=[CX3:2]!@[CX4H1r3:3][H:4]	-119.998	1.16667	-	-	-	-	O
C40997708      none	B	[O:1]=[C:2]([O-])!@[CX4H1:3][H:4]	-0.00150851	0.495663	-	-	-	-	O
C39957197      none	B	[OX2:1][CX4:2]!@[CX4:3][OX2:4]	51.9446	3.39687	-	-	-	-	G
C39957197      none	B	[OX2:1][CX4:2]!@[CX4:3][OX2:4]	179.997	13.4277	-	-	-	-	G
C01351130      none	B	[cH0:1][c:2]([cH1])!@[O:3][C:4]	180	48.7454	-	-	-	-	G
C01351130      none	B	[aH1:1][c:2]([aH1])!@[SX4:3][!#1:4]	-90.0039	12.5987	-	-	-	-	G
C01351130      none	B	[cH0:1][a:2]([cH1])!@[a:3]([sX2,o,nX2H0,nX3H1:4])([cH1])	179.999	7.79468	-	-	-	-	G
C01351130      none	B	[c:1][S:2](=O)(=O)!@[NX2H0-:3]-[*:4]	-89.9973	2.77778	-	-	-	-	G
C01351130      none	B	[$(S(=O)(=O)):1][NH0:2]!@[c:3]([cH1])[cH1:4]	-120.279	1.65289	-	-	-	-	G
C01351130      none	B	[a:1][c:2]!@[C:3]([NH0])=[O:4]	-120.011	3.91667	-	-	-	-	G
C01351130      none	B	[O:1]=[CX3:2](a)!@[NX3H0:3][!#1:4]	0.313	23.6549	-	-	-	-	G
C39576898      none	B	[cH1:1][c:2]([cH1])!@[CX3:3]=[NX2:4]	0.322969	14.4225	-	-	-	-	G
C39576898      none	B	[cH1:1][a:2]([cH1])!@[a:3]([sX2,o,nX2H0,nX3H1:4])([cH1])	0.0049152	11.7616	-	-	-	-	G
C39576898      none	B	[O:1]=[C:2]([O-])!@[CX4H1:3][H:4]	-0.00308774	0.495663	-	-	-	-	O
C49364278      none	B	[NH1:1][CX4:2]!@[CX3:3]=[O:4]	-119.99	0.275693	-	-	-	-	G
C49364278      none	B	[$(C=O):1][NX3H1:2]!@[CX4H1:3][H:4]	179.998	0.712411	-	-	-	-	R
C49364278      none	B	[O:1]=[C:2]!@[O:3]~[C:4]	0.00453848	74.4927	-	-	-	-	G
C49364278      none	B	[O:1]=[CX3:2]!@[NX3H1:3][!#1:4]	0.00658866	63.7893	-	-	-	-	G
C49364278      none	B	[O:1]=[CX3:2]!@[NX3H0:3][!#1:4]	30.3066	0.680979	-	-	-	-	O
C49364278      none	B	[H:1][CX4H1:2]!@[O:3][CX4:4]	55.925	4.42842	-	-	-	-	G
C49364278      none	B	[O:1]=[C:2]([O-])!@[CX4H1:3][H:4]	0.00608133	0.495663	-	-	-	-	O
C08818031      none	B	[*^2:1]~[C^2:2]([!H])!@[C^2:3]~[*^2:4]	60.0045	0.650722	-	-	-	-	O
C08818031      none	B	[C:1][CX4:2]!@[CX3:3]=[O:4]	30.0025	3.28614	-	-	-	-	G
C08818031      none	B	[*^2:1]~[C^2:2]([!H])!@[C^2:3]~[*^2:4]	-179.696	19.9269	-	-	-	-	G
C08818031      none	B	[$([C](=O)):1][NX3H0:2]!@[CX4H2:3][$([c]([cH,nX2H0])[cH,nX2H0]):4]	-120	4.27683	-	-	-	-	G
C08818031      none	B	[a:1][c:2]!@[CX4H1:3][N,O:4]	86.8791	1.22453	-	-	-	-	G
C08818031      none	B	[a:1][c:2]!@[CX4H2:3][!#1:4]	-134.724	2.0362	-	-	-	-	O
C08818031      none	B	[O:1]=[C:2]!@[O:3]~[C:4]	-0.000382196	74.4927	-	-	-	-	G
C37432456      none	B	[OX2:1][CX4:2]!@[CX4:3][N:4]	59.9926	15.2809	-	-	-	-	G
C37432456      none	B	[O:1]=[C:2]([O-])!@[CX4H1:3][H:4]	-0.00879484	0.495663	-	-	-	-	O
C37432456      none	B	[$(C=O):1][NX3H1:2]!@[CX4H1:3][H:4]	-30.0012	6.97413	-	-	-	-	G
C37432456      none	B	[O:1]=[CX3:2]!@[NX3H1:3][!#1:4]	-0.00235388	63.7893	-	-	-	-	G
C37432456      none	B	[C:1][CX4:2]!@[CX3:3]=[O:4]	179.939	0.827213	-	-	-	-	G
C37432456      none	B	[O:1]=[CX3:2]!@[NX3H0:3][!#1:4]	-0.00100272	25.0866	-	-	-	-	G
C37432456      none	B	[O:1]=[CX3:2]!@[CX4H1r3:3][H:4]	-119.993	1.16667	-	-	-	-	O
C54104495      none	B	[O:1]=[CX3:2]!@[NX3H1:3][!#1:4]	-0.00299769	63.7893	-	-	-	-	G
C54104495      none	B	[$(C=O):1][NX3H1:2]!@[CX4H1:3][H:4]	-30.0013	6.97413	-	-	-	-	G
C48546578      none	B	[cH0:1][c:2]([cH,nX2H0])!@[NX3H1:3][CX4:4]	180	49.7854	-	-	-	-	G
C48546578      none	B	[$([c]([NH1,NH2])):1][c:2]!@[CX3:3]([!O])=[O:4]	-119.998	0	-	-	-	-	R
C48546578      none	B	[O:1]=[CX3:2]!@[NX3H1:3][!#1:4]	0.00511783	63.7893	-	-	-	-	G
C48546578      none	B	[$([CX3]=O):1][NX3H1:2]!@[CX4H2:3][C:4] 	150	1.43139	-	-	-	-	O
C48546578      none	B	[OX2:1][CX4H2:2]!@[CX4H2:3][N:4]	59.994	17.6955	-	-	-	-	G
C49023572      none	B	[$(C=O):1][NX3H1:2]!@[CX4H1:3][H:4]	-0.0024563	8.26772	-	-	-	-	G
C49023572      none	B	[O:1]=[CX3:2]([$([NX3H1]C)])!@[NX3H1:3][!#1:4]	0.00481785	41.1343	-	-	-	-	G
C49023572      none	B	[O,S:1]=[C:2]([$([NX3H1]),$([NX3H2])])!@[$([NX3]c[nH0]):3][H:4]	179.995	19.9219	-	-	-	-	G
C49023572      none	B	[$(C=O):1][NX3H1:2]!@[c:3](s)[n:4]	-149.68	0	-	-	-	-	R
C49023572      none	B	[a:1][c:2]!@[CX4H1:3][H:4]	-150.002	3.82796	-	-	-	-	G
C42439505      none	B	[C:1][CX4:2]!@[CX3:3]=[O:4]	-149.88	1.18876	-	-	-	-	G
C42439505      none	B	[O:1]=[CX3:2]!@[NX3H0:3][!#1:4]	29.9906	0.680979	-	-	-	-	O
C42439505      none	B	[O:1]=[CX3:2]!@[NX3H0:3][!#1:4]	30.3085	0.680979	-	-	-	-	O
C42439505      none	B	[O:1]=[C:2]([O-])!@[CX4H1:3][H:4]	0.0109768	0.495663	-	-	-	-	O
C49248426      none	B	[cH0:1][c:2]([cH1])!@[CX3:3]([NX3H1])=[O:4]	0.0138112	4.8738	-	-	-	-	G
C49248426      none	B	[O:1]=[CX3:2]!@[NX3H1:3][!#1:4]	0.00269411	63.7893	-	-	-	-	G
C49248426      none	B	[$([CX3]=O):1][NX3H1:2]!@[CX4H2:3][C:4] 	89.9996	7.35439	-	-	-	-	G
C49248426      none	B	N[C:2](=[O:1])!@[CH2:3][N:4]	60.0062	0.14881	-	-	-	-	O
C49248426      none	B	[O:1]=[CX3:2]!@[NX3H0:3][!#1:4]	179.997	18.2537	-	-	-	-	G
C49248426      none	B	[$([CX3]=O):1][NX3H0:2](C)!@[CX4H2:3][C:4]	-90.0013	15.9949	-	-	-	-	G
C49248426      none	B	N[C:2](=[O:1])!@[CH2:3][N:4]	89.9991	0	-	-	-	-	R
C37559324      none	B	[!#1:1][CH2:2]!@[n:3][a:4]	-89.6846	13.2844	-	-	-	-	G
C37559324      none	B	[aH0:1][c:2]([aH1])!@[SX4:3][!#1:4]	-149.992	0.1321	-	-	-	-	R
C37559324      none	B	[*:1][$(S(=O)=O):2]!@[NX3H0r:3][*:4]	-119.718	0.995261	-	-	-	-	G
C50350962      none	B	[$(S(=O)(=O)):1][NH0:2]!@[c:3]([cH1])[cH0:4]	59.7206	0	-	-	-	-	R
C50350962      none	B	[C:1][$(S(=O)=O):2]!@[NX3H0:3][c:4]	89.9977	11.6279	-	-	-	-	G
C50350962      none	B	[H:1][CX4H1:2]!@[SX4:3][!#1:4]	-39.407	7.45501	-	-	-	-	O
C52267704      none	B	[!#1:1][CX4:2]!@[CX4:3][!#1:4]	-29.9975	0.239657	-	-	-	-	G
C52267704      none	B	[C:1][CX4:2]!@[CX3:3]=[O:4]	-0.00029162	5.61823	-	-	-	-	G
C52267704      none	B	[a:1][c:2]!@[CX4H1:3][N,O:4]	-149.999	3.72593	-	-	-	-	G
C40751093      none	B	[a:1][c:2]!@[C:3]([NH0])=[O:4]	-29.9979	2.55556	-	-	-	-	G
C40751093      none	B	[O:1]=[C:2]([O-])!@[c:3]([cH1])[cH1:4]	180	7.35294	-	-	-	-	G
C40751093      none	B	[O:1]=[CX3:2](a)!@[NX3H0:3][!#1:4]	-30.0012	1.17502	-	-	-	-	O
C40751093      none	B	[$([CX3]=O):1][NX3H0:2](C)!@[CX4H2:3][C:4]	-59.9997	0.686106	-	-	-	-	O
C40751093      none	B	[$([CX3]=O):1][NX3H0:2](C)!@[CX4H2:3][C:4]	120.001	2.74443	-	-	-	-	O
C40751093      none	B	[OX2:1][CX4H2:2]!@[CX4H2:3][N:4]	-60.0018	16.5981	-	-	-	-	G
C40751093      none	B	[OX2:1][CX4H2:2]!@[CX4H2:3][N:4]	59.9974	17.6955	-	-	-	-	G
C02119624      none	B	[cH1:1][c:2]([cH1])!@[O:3][C:4]	-29.9978	0.195465	-	-	-	-	O
C02119624      none	B	[C:1][CX4H2:2]!@[OX2:3][c:4]	-60.0044	0.252685	-	-	-	-	G
C02119624      none	B	[OX2:1][CX4H2:2]!@[CX3:3]([$([NX3H1,NX3H2])])=[O:4]	150.002	1.07143	-	-	-	-	O
C02119624      none	B	[O:1]=[CX3:2]!@[NX3H1:3][!#1:4]	0.000103085	63.7893	-	-	-	-	G
C02119624      none	B	[$(C=O):1][NX3H1:2]!@[CX4H1:3][H:4]	-60.0005	1.23735	-	-	-	-	G
C02119624      none	B	[!#1:1][CX4:2]!@[CX4:3][!#1:4]	159.998	1.81259	-	-	-	-	G
C02119624      none	B	[O:1]=[C:2]([O-])!@[CX4H1:3][H:4]	-0.0100122	0.495663	-	-	-	-	O
C02119624      none	B	[!#1:1][CX4H2:2]!@[CX4H2:3][!#1:4]	179.999	58.554	-	-	-	-	G
C02119624      none	B	[!#1:1][CX4H2:2]!@[CX4H2:3][!#1:4]	-59.999	3.77933	-	-	-	-	G
C02119624      none	B	[$([CX3]=O):1][NX3H1:2]!@[CX4H2:3][C:4] 	180	6.46594	-	-	-	-	G
C02119624      none	B	[O:1]=[CX3:2]!@[NX3H1:3][!#1:4]	-0.00542305	63.7893	-	-	-	-	G
CHEMBL14861      none	B	[O:1]=[CX3:2]([$([NX3H1]C)])!@[NX3H1:3][!#1:4]	0.00397708	41.1343	-	-	-	-	G
CHEMBL14861      none	B	[O:1]=[CX3:2]([$([NX3H1]C)])!@[NX3H1:3][!#1:4]	-0.00280799	41.1343	-	-	-	-	G
CHEMBL14861      none	B	[$(C=O):1][NX3H1:2]!@[c:3]([cH1])[cH1:4]	149.998	5.05437	-	-	-	-	G
CHEMBL14861      none	B	[!#1:1][CX4:2]!@[CX4:3][!#1:4]	-159.996	1.85018	-	-	-	-	G
CHEMBL14861      none	B	[C:1][CX4H2:2]!@[CX3:3]=[O:4]	-120.001	0.79457	-	-	-	-	O
C43428913      none	B	[O:1]=[CX3:2]!@[NX3H0:3][!#1:4]	149.999	1.73707	-	-	-	-	O
C43428913      none	B	[O:1]=[CX3:2]!@[CX3:3]=[O:4]	119.999	1.7301	-	-	-	-	G
C43428913      none	B	[O:1]=[CX3:2]!@[NX3H1:3][!#1:4]	0.00517379	63.7893	-	-	-	-	G
C04822094      none	B	[aH0:1][c:2]([aH1])!@[SX4:3][!#1:4]	110.012	1.0568	-	-	-	-	O
C04822094      none	B	[cH1:1][c:2]([cH1])!@[NX3:3][a:4]	150.003	4.43889	-	-	-	-	G
C04822094      none	B	[cH1:1][c:2]([cH0])!@[NX3:3][a:4]	90.269	0.749064	-	-	-	-	G
C04822094      none	B	[O-:1][N+:2](=O)!@[c:3]([cH,nX2H0])[cH,nX2H0:4]	179.99	23.2156	-	-	-	-	G
C04822094      none	B	[O-:1][N+:2](=O)!@[c:3]([cH0])[cH,nX2H0:4]	90.3189	0.274725	-	-	-	-	O
C13989196      none	B	[$([C](=O)):1][NX3:2]!@[a:3](s)[a:4]	179.993	61.7021	-	-	-	-	G
C13989196      none	B	[O:1]=[CX3:2]!@[NX3H1:3][!#1:4]	-0.00770314	63.7893	-	-	-	-	G
C13989196      none	B	[*^2:1]~[C^2:2]([!H])!@[C^2:3]~[*^2:4]	120.005	0.806964	-	-	-	-	G
C13989196      none	B	[*^2:1]~[C^2:2]([!H])!@[C^2:3]~[*^2:4]	90.0101	1.26539	-	-	-	-	G
C42397317      none	B	[OX2:1][CX4:2]!@[CX4:3][N:4]	59.996	15.2809	-	-	-	-	G
C42397317      none	B	[O:1]=[C:2]([O-])!@[CX4H1:3][H:4]	0.00624514	0.495663	-	-	-	-	O
C42397317      none	B	[$(C=O):1][NX3H1:2]!@[CX4H1:3][H:4]	-30.0006	6.97413	-	-	-	-	G
C42397317      none	B	[O:1]=[CX3:2]!@[NX3H1:3][!#1:4]	-0.00324384	63.7893	-	-	-	-	G
C42397317      none	B	[O:1]=[CX3:2]!@[NX3H0:3][!#1:4]	-179.678	18.2537	-	-	-	-	G
C42397317      none	B	[N:1][CX4:2]!@[CX3:3]=[O:4]	178.903	3.27555	-	-	-	-	G
C42397317      none	B	[O:1]=[CX3:2]!@[NX3H1:3][!#1:4]	-0.00903348	63.7893	-	-	-	-	G
C62302236      none	B	[c:1][cr6:2]!@[cr5:3][c:4]	-89.689	0.932449	-	-	-	-	G
C62302236      none	B	[!#1:1][CH2:2]!@[n:3][cH0:4]	-90.0033	15.4696	-	-	-	-	G
C62302236      none	B	[!#1:1][CX4H2:2]!@[CX4H2:3][!#1:4]	-59.9975	3.77933	-	-	-	-	G
C62302236      none	B	[C:1][CX4H2:2]!@[CX3:3]=[O:4]	119.999	0.695249	-	-	-	-	O
C58849280      none	B	[O:1]=[CX3:2]!@[NX3H0:3][!#1:4]	-150.003	1.37927	-	-	-	-	O
C58849280      none	B	[O:1][CX4:2]!@[CX3:3]=[O:4]	-30.0096	2.69102	-	-	-	-	G
C58849280      none	B	[C:1][CH2:2]!@[O:3][CX4:4]	-59.9978	0.329924	-	-	-	-	O
C58849280      none	B	[C:1][CH2:2]!@[O:3][CX4:4]	-159.997	4.55295	-	-	-	-	G
C58849280      none	B	[OX2:1][CX4H2:2]!@[CX3:3]([$([NX3H1,NX3H2])])=[O:4]	-119.998	0	-	-	-	-	R
C58849280      none	B	[O:1]=[CX3:2]!@[NX3H1:3][!#1:4]	-0.00848694	63.7893	-	-	-	-	G
C55167212      none	B	[*:1][$(S(=O)=O):2]!@[NX3H0r:3][*:4]	-89.7258	4.88152	-	-	-	-	G
C55167212      none	B	[O:1]=[CX3:2](a)!@[NX3H0:3][!#1:4]	30.0037	0.896722	-	-	-	-	O
C55167212      none	B	[a:1][c:2]!@[C:3]([NH0])=[O:4]	30.3076	2.13889	-	-	-	-	G
C44868103      none	B	[$([CX3]=O):1][NX3H0:2](C)!@[CX4H2:3][C:4]	119.996	2.74443	-	-	-	-	O
C44868103      none	B	[O:1]=[CX3:2](a)!@[NX3H0:3][!#1:4]	149.995	2.50464	-	-	-	-	G
C44868103      none	B	N[C:2](=[O:1])!@[CH2:3][N:4]	-60.0015	0.14881	-	-	-	-	O
C44868103      none	B	[O:1]=[CX3:2]!@[NX3H0:3][!#1:4]	-179.677	18.2537	-	-	-	-	G
C44868103      none	B	[a:1][c:2]!@[C:3]([NH0])=[O:4]	-30.0039	2.55556	-	-	-	-	G
C37516847      none	B	[cH1:1][a:2]([cH1])!@[a:3]([sX2,o,nX2H0,nX3H1:4])	0.312793	10.7602	-	-	-	-	G
C37516847      none	B	[O-:1][N+:2](=O)!@[c:3]([cH,nX2H0])[cH,nX2H0:4]	179.968	23.2156	-	-	-	-	G
C37516847      none	B	[a:1][c:2]!@[CX4H1:3][H:4]	-150.007	3.82796	-	-	-	-	G
C37516847      none	B	[O:1]=[C:2]([O-])!@[CX4H1:3][H:4]	-0.0019128	0.495663	-	-	-	-	O
C55597822      none	B	[O-:1][N+:2](=O)!@[c:3]([cH,nX2H0])[cH,nX2H0:4]	179.982	23.2156	-	-	-	-	G
C55597822      none	B	[aH0:1][c:2]([aH1])!@[SX4:3][!#1:4]	69.7982	11.3606	-	-	-	-	G
C55597822      none	B	[c:1][S:2](=O)(=O)!@[NX2H0-:3]-[*:4]	59.9928	8.33333	-	-	-	-	G
C55597822      none	B	[$(S(=O)(=O)):1][NH0:2]!@[c:3]([cH1])[cH1:4]	-120.277	1.65289	-	-	-	-	G
C55597822      none	B	[$(C=O):1][NX3H0:2]!@[c:3]([cH1])[cH1:4]	-149.721	1.13754	-	-	-	-	G
C36242285      none	B	[cH1:1][c:2]([cH1])!@[NX3:3][CX4:4]	-59.997	1.1056	-	-	-	-	O
C36242285      none	B	[cH1:1][a:2]([cH1])!@[a:3]([sX2,o,nX2H0,nX3H1:4])	-119.69	0.969173	-	-	-	-	R
C01106863      none	B	[n,o,s:1][c:2]!@[CX4H2:3][CX4:4]	0.310045	6.43231	-	-	-	-	G
C01106863      none	B	[!#1:1][CH2:2]!@[n:3][cH0:4]	89.9753	14.7896	-	-	-	-	G
C01106863      none	B	[!#1:1][CX4H2:2]!@[CX3:3]=[O:4]	-150.001	0.689004	-	-	-	-	O
C01106863      none	B	[O:1]=[CX3:2]!@[NX3H1:3][!#1:4]	-0.000262878	63.7893	-	-	-	-	G
C47007645      none	B	[cH0:1][c:2]!@[CX4H1:3][CX4:4]	150.003	3.06136	-	-	-	-	G
C47007645      none	B	[$(C=O):1][NX3H1:2]!@[CX4H1:3][H:4]	30.0005	9.46757	-	-	-	-	G
C47007645      none	B	[O:1]=[CX3:2]!@[NX3H1:3][!#1:4]	0.000443654	63.7893	-	-	-	-	G
C47007645      none	B	[O:1]=[CX3:2]!@[NX3H0:3][!#1:4]	-149.723	1.37927	-	-	-	-	O
C47007645      none	B	[C:1][CX4H2:2]!@[NX3;"N_lp":3][C:4]	180	4.47552	-	-	-	-	G
C47007645      none	B	N[C:2](=[O:1])!@[CH2:3][N:4]	89.9951	0	-	-	-	-	R
C47007645      none	B	[O:1]=[CX3:2]!@[NX3H1:3][!#1:4]	0.0125564	63.7893	-	-	-	-	G
C47007645      none	B	[$(C=O):1][NX3H1:2]!@[CX4H1:3][H:4]	-60.0036	1.23735	-	-	-	-	G
C41976780      none	B	[C:1][CX4:2]!@[CX3:3]=[O:4]	-0.00330561	5.61823	-	-	-	-	G
C41976780      none	B	[!#1:1][CX4:2]!@[SX2:3][!#1:4]	79.9986	6.41197	-	-	-	-	G
C41976780      none	B	[aH1:1][c:2]([aH0])!@[SX2:3][*R:4]	-29.9976	1.53061	-	-	-	-	O
C36139021      none	B	[$(S(=O)(=O)):1][NH0:2]!@[c:3]([cH1])[cH0:4]	-90.0309	18.0328	-	-	-	-	G
C36139021      none	B	[c:1][S:2](=O)(=O)!@[NX2H0-:3]-[*:4]	-89.9972	2.77778	-	-	-	-	G
C36139021      none	B	[aH1:1][c:2]([aH1])!@[SX4:3][!#1:4]	-89.7361	12.5987	-	-	-	-	G
C43703878      none	B	[a:1][c:2]!@[CX4H1:3][H:4]	-4.31468	6.54616	-	-	-	-	G
C43703878      none	B	[*:1]~[cX3:2]!@[NX2:3]~[*:4]	120.006	1.45599	-	-	-	-	O
C43703878      none	B	[!#1:1][CX4:2]!@[CX3H0:3][!#1:4]	59.9951	4.20603	-	-	-	-	G
C43703878      none	B	[C:1][CX4H2:2]!@[NX3;"N_lp":3][C:4]	163.637	5.62549	-	-	-	-	G
C43703878      none	B	[O:1]=[C:2]([O-])!@[CX4H1:3][H:4]	89.9979	0.86741	-	-	-	-	O
C12504421      none	B	[OX2:1][CX4:2]!@[CX4:3][N:4]	179.996	9.8427	-	-	-	-	G
C12504421      none	B	[!#1:1][CX4:2]!@[CX3H0:3][!#1:4]	149.702	3.04782	-	-	-	-	O
C12504421      none	B	[a:1][c:2]!@[CX3:3]=[CX3H0:4]	-89.7273	1.59557	-	-	-	-	G
C12504421      none	B	[$([CX3]=O):1][NX3H0:2](C)!@[CX4H2:3][C:4]	90.1829	14.7513	-	-	-	-	G
C12504421      none	B	[N:1][CX4:2]!@[CX3:3]=[O:4]	-149.996	3.58916	-	-	-	-	G
C25479817      none	B	[$(C=O):1][NX3H0:2]!@[c:3]([cH1])[cH1:4]	149.969	1.18925	-	-	-	-	G
C25479817      none	B	[aH1:1][c:2]([aH1])!@[SX4:3][!#1:4]	179.978	0.148054	-	-	-	-	R
C25479817      none	B	[cH0:1][c:2]([cH,nX2H0])!@[NX3H0:3][CX4:4]	-29.6861	1.28499	-	-	-	-	O
C60499248      none	B	[O-:1][N+:2](=O)!@[c:3]([cH0])[cH,nX2H0:4]	90.0219	0.274725	-	-	-	-	O
C60499248      none	B	[aH0:1][c:2]([aH1])!@[SX4:3][!#1:4]	-89.9748	5.01982	-	-	-	-	G
C60499248      none	B	[c:1][S:2](=O)(=O)!@[NX2H0-:3]-[*:4]	-89.9975	2.77778	-	-	-	-	G
C60499248      none	B	[*:1]~[CX4:2]!@[NX2:3]~[*:4]	179.996	3.51425	-	-	-	-	G
C60499248      none	B	[a:1][c:2]!@[CX4H2:3][!#1:4]	-44.7266	1.62815	-	-	-	-	O
C60499248      none	B	[a:1][ar6:2]!@[ar5:3][a:4]	0.316425	7.24965	-	-	-	-	G
C22130404      none	B	[O:1]=[CX3:2]!@[NX3H0:3][!#1:4]	-0.00287258	25.0866	-	-	-	-	G
C22130404      none	B	[CX4:1][CX4H2:2]!@[NX3;"N_lp":3][CX4:4]	80.0025	8.72362	-	-	-	-	G
C22130404      none	B	[OX2:1][CX4H2:2]!@[CX4H2:3][Nr:4]	180	8.33333	-	-	-	-	G
C22130404      none	B	[O:1]=[CX3:2]!@[NX3H1:3][!#1:4]	90.0077	0	-	-	-	-	R
C22130404      none	B	[$([C](=O)):1][NX3:2]!@[a:3](s)[a:4]	-179.673	61.7021	-	-	-	-	G
C22130404      none	B	[O:1]=[C:2]([O-])!@[c:3][nX2H0:4]	179.979	20	-	-	-	-	G
C44882819      none	B	[$(C=O):1][NX3H1:2]!@[CX4H0:3][C:4]	60.0006	13.3187	-	-	-	-	G
C44882819      none	B	[O:1]=[CX3:2]!@[NX3H1:3][!#1:4]	-0.00327535	63.7893	-	-	-	-	G
C44882819      none	B	[O:1]=[CX3:2]!@[CX3:3]=[O:4]	-59.9883	0.346021	-	-	-	-	R
C44882819      none	B	[O:1]=[CX3:2]!@[NX3H1:3][!#1:4]	-0.0126285	63.7893	-	-	-	-	G
C09122718      none	B	[cH0:1][c:2]([cH0])!@[CX3:3]=[O:4]	60.0027	2.43032	-	-	-	-	G
C09122718      none	B	[nX3H1:1][a:2]!@[CX3:3]=[O:4]	0.192738	49.0712	-	-	-	-	G
C09122718      none	B	[O:1]=[C:2]!@[O:3]~[C:4]	-0.00320703	74.4927	-	-	-	-	G
C09122718      none	B	[*^2:1]~[C^2:2]([!H])!@[C^2:3]~[*^2:4]	60.3244	0.650722	-	-	-	-	O
C09122718      none	B	[$([CX3]=O):1][NX3H0:2](C)!@[CX4H2:3][C:4]	59.9959	0.600343	-	-	-	-	O
C09122718      none	B	[a:1][c:2]!@[CX4H1:3][N,O:4]	153.576	3.7643	-	-	-	-	G
C09122718      none	B	[!#1:1][CX4H2:2]!@[CX4H2:3][!#1:4]	180	58.554	-	-	-	-	G
C09122718      none	B	[CX4:1][CX4H2:2]!@[NX3;"N_lp":3][CX4:4]	-76.3631	8.1206	-	-	-	-	G
C36974657      none	B	[O:1]=[C:2]([O-])!@[CX4H1:3][H:4]	89.9946	0.86741	-	-	-	-	O
C36974657      none	B	[O:1]=[CX3:2]!@[NX3H0:3][!#1:4]	-150	1.37927	-	-	-	-	O
C36974657      none	B	[C:1][CX4:2]!@[CX3:3]=[O:4]	-0.123443	5.61823	-	-	-	-	G
C36974657      none	B	[O:1]=[CX3:2]!@[NX3H0:3][!#1:4]	29.9999	0.680979	-	-	-	-	O
C05085913      none	B	[OX2:1][CX4:2]!@[CX4:3][OX2:4]	-60.0482	16.2177	-	-	-	-	G
C05085913      none	B	[$(C=O):1][NX3H1:2]!@[CX4H1:3][H:4]	29.997	9.46757	-	-	-	-	G
C05085913      none	B	[O:1]=[CX3:2]!@[NX3H1:3][!#1:4]	0.00396283	63.7893	-	-	-	-	G
C05085913      none	B	[!#1:1][CX4H2:2]!@[CX3:3]=[O:4]	89.9997	1.06654	-	-	-	-	G
C39306058      none	B	[O:1]=[C:2]([O-])!@[CX4H1:3][H:4]	0.00275929	0.495663	-	-	-	-	O
C39306058      none	B	[CX3:1]=[CX3:2]!@[CH2:3][C:4]	89.9562	6.55348	-	-	-	-	G
C39306058      none	B	[!#1:1][CX4H2:2]!@[CX4H2:3][!#1:4]	180	58.554	-	-	-	-	G
C39306058      none	B	[C:1][CX4H2:2]!@[CX3:3]=[O:4]	-119.998	0.79457	-	-	-	-	O
C13451762      none	B	[H:1][CX4H1:2]!@[O:3][CX4:4]	40.0255	11.9906	-	-	-	-	O
C13451762      none	B	[cH0:1][c:2]([cH,nX2H0])!@[NX3H0:3][CX4:4]	-90.2731	1.8357	-	-	-	-	O
C13451762      none	B	[aH1:1][c:2]([aH1])!@[SX4:3][!#1:4]	-89.9972	12.5987	-	-	-	-	G
C13451762      none	B	[O-:1][N+:2](=O)!@[c:3]([cH0])[cH,nX2H0:4]	90.2874	0.274725	-	-	-	-	O
C13451762      none	B	[c:1][$(S(=O)=O):2]!@[NX3H1:3][C:4]	59.9978	14.5215	-	-	-	-	G
C13451762      none	B	[$(S(=O)(=O)):1][NX3H1:2]!@[CX4H2:3][!#1:4]	-119.995	2.14592	-	-	-	-	O
C13451762      none	B	[!#1:1][CX4H2:2]!@[CX4H2:3][!#1:4]	179.995	58.554	-	-	-	-	G
C13451762      none	B	[C:1][CX4H2:2]!@[CX3:3]=[O:4]	119.997	0.695249	-	-	-	-	O
C36856837      none	B	[!#1:1][CH2:2]!@[n:3][cH0:4]	90.0006	14.7896	-	-	-	-	G
C36856837      none	B	[O-:1][N+:2](=O)!@[c:3]([cH,nX2H0])[cH,nX2H0:4]	179.95	23.2156	-	-	-	-	G
C36856837      none	B	[a:1][c:2]!@[C:3]([NH1,NH2])=[O:4]	-90.0006	0.299564	-	-	-	-	O
C36856837      none	B	[O:1]=[CX3:2]!@[NX3H1:3][!#1:4]	0.0080336	63.7893	-	-	-	-	G
C36856837      none	B	[$([CX3]=O):1][NX3H1:2]!@[CX4H2:3][C:4] 	89.9959	7.35439	-	-	-	-	G
C36856837      none	B	N[C:2](=[O:1])!@[CH2:3][N:4]	119.993	0.595238	-	-	-	-	G
C36856837      none	B	[O:1]=[CX3:2]!@[NX3H1:3][!#1:4]	0.00874699	63.7893	-	-	-	-	G
C36856837      none	B	[$([CX3]=O):1][NX3H1:2]!@[CX4H2:3][C:4] 	180	6.46594	-	-	-	-	G
C36856837      none	B	[NH1:1][CX4:2]!@[CX3:3]=[O:4]	-120.002	0.275693	-	-	-	-	G
C44931445      none	B	[a:1][c:2]!@[CX4H1:3][N,O:4]	119.997	3.12238	-	-	-	-	G
C44931445      none	B	[!#1:1][CX4H1:2]!@[NX3:3][!#1:4]	-119.996	4.10724	-	-	-	-	O
C44931445      none	B	[a:1][a:2]!@[NX3:3][!#1:4]	-30.0048	1.93298	-	-	-	-	O
C44931445      none	B	[cH1:1][a:2]([cH1])!@[a:3]([sX2,o,nX2H0,nX3H1:4])([cH0])	-29.6123	4.65593	-	-	-	-	G
CHEMBL221321      none	B	[O:1]=[C:2]([O-])!@[c:3][a:4]	-90.0042	0.862069	-	-	-	-	O
CHEMBL221321      none	B	[cH0:1][c:2]!@[CX4H2:3][a:4]	-45.0202	0.792393	-	-	-	-	R
CHEMBL221321      none	B	[!#1:1][CH2:2]!@[n:3][cH0:4]	135.272	0.318742	-	-	-	-	R
CHEMBL221321      none	B	[!#1:1][CH2:2]!@[n:3][cH0:4]	90.2496	14.7896	-	-	-	-	G
CHEMBL221321      none	B	[!#1:1][CX4:2]!@[CX4:3][!#1:4]	180	22.1548	-	-	-	-	G
CHEMBL221321      none	B	[O:1]=[C:2]([O-])!@[CX4H1:3][H:4]	90.0062	0.86741	-	-	-	-	O
C40726720      none	B	[cH1,nX2H0:1][c:2]([cH1,nX2H0])!@[NX3r:3][*:4]	90.2952	1.92406	-	-	-	-	O
C40726720      none	B	[O:1]=[C:2]([O-])!@[CX4H1:3][H:4]	-0.00941512	0.495663	-	-	-	-	O
C51092789      none	B	[$([CX3]=O):1][NX3H0:2](C)!@[CX4H2:3][C:4]	-120.004	2.31561	-	-	-	-	O
C51092789      none	B	[O:1]=[CX3:2](a)!@[NX3H0:3][!#1:4]	-30.0054	1.17502	-	-	-	-	O
C51092789      none	B	[!#1:1][CX4H2:2]!@[CX4H2:3][!#1:4]	179.998	58.554	-	-	-	-	G
C51092789      none	B	[$([c]([NH1,NH2])):1][c:2]!@[CX3:3]([!O])=[O:4]	119.996	0	-	-	-	-	R
C51092789      none	B	[a:1][a:2]!@[NX3:3][!#1:4]	150	1.85775	-	-	-	-	O
C36570195      none	B	[!#1:1][CX4H2:2]!@[CX4H2:3][!#1:4]	179.999	58.554	-	-	-	-	G
C36570195      none	B	[$([CX3]=O):1][NX3H0:2](C)!@[CX4H2:3][C:4]	60.0003	0.600343	-	-	-	-	O
C36570195      none	B	[$(C=O):1][NX3H0:2]!@[CX4H1:3][H:4]	-30.0148	2.81513	-	-	-	-	O
C36570195      none	B	[O:1]=[CX3:2](a)!@[NX3H0:3][!#1:4]	29.9962	0.896722	-	-	-	-	O
C36570195      none	B	[a:1][c:2]!@[CX4H1:3][N,O:4]	-89.7284	1.29082	-	-	-	-	G
C36570195      none	B	[N:1][CX4:2]!@[CX3:3]=[O:4]	-0.00201301	7.55292	-	-	-	-	G
C36570195      none	B	[O:1]=[CX3:2]!@[NX3H1:3][!#1:4]	-0.004776	63.7893	-	-	-	-	G
C36570195      none	B	[$(C=O):1][NX3H1:2]!@[CX4H2:3][!#1:4]	150.005	1.53362	-	-	-	-	G
C36570195      none	B	[!#1:1][CX4:2]!@[SX4:3][!#1:4]	167.738	7.85263	-	-	-	-	G
C36570195      none	B	[aH1:1][c:2]([aH1])!@[SX4:3][!#1:4]	-89.7307	12.5987	-	-	-	-	G
C36570195      none	B	[cH0:1][c:2]([cH1])!@[CX3:3]([NX3H0])=[O:4]	-119.99	1.09091	-	-	-	-	G
C36570195      none	B	[O-:1][N+:2](=O)!@[c:3]([cH,nX2H0])[cH,nX2H0:4]	179.978	23.2156	-	-	-	-	G
C13094889      none	B	[O:1]=[C:2]([O-])!@[c:3]([cH1])[cH1:4]	179.987	7.35294	-	-	-	-	G
C13094889      none	B	[$(C=O):1][NX3H1:2]!@[c:3]([cH1])[cH1:4]	150.01	5.05437	-	-	-	-	G
C13094889      none	B	[O:1]=[CX3:2]!@[NX3H1:3][!#1:4]	-0.00131106	63.7893	-	-	-	-	G
C13094889      none	B	[C:1][CX4:2]!@[CX3:3]=[O:4]	150.07	1.17362	-	-	-	-	G
C13094889      none	B	[*:1][$(S(=O)=O):2]!@[NX3H0r:3][*:4]	89.9972	4.85782	-	-	-	-	G
C13094889      none	B	[aH1:1][c:2]([aH1])!@[SX4:3][!#1:4]	-89.7183	12.5987	-	-	-	-	G
C13094889      none	B	[O-:1][N+:2](=O)!@[c:3]([cH0])[cH,nX2H0:4]	90.2563	0.274725	-	-	-	-	O
C20258349      none	B	[OX2:1][CX4:2]!@[CX4:3][N:4]	59.9989	15.2809	-	-	-	-	G
C20258349      none	B	[O:1]=[C:2]([O-])!@[CX4H1:3][H:4]	-0.0026741	0.495663	-	-	-	-	O
C20258349      none	B	[$(C=O):1][NX3H1:2]!@[CX4H1:3][H:4]	-29.9976	6.97413	-	-	-	-	G
C20258349      none	B	[O:1]=[CX3:2]!@[NX3H1:3][!#1:4]	-0.00192653	63.7893	-	-	-	-	G
C20258349      none	B	[*^2:1]~[C^2:2]([!H])!@[C^2:3]~[*^2:4]	-149.726	1.11601	-	-	-	-	O
C40698921      none	B	[!#1:1][CX4:2]!@[CX4:3][!#1:4]	79.9995	1.75235	-	-	-	-	G
C40698921      none	B	[$([CX3]=O):1][NX3H0:2](C)!@[CX4H2:3][C:4]	89.6999	14.7513	-	-	-	-	G
C40698921      none	B	[C:1][CX4:2]!@[CX3:3]=[O:4]	-86.209	3.45082	-	-	-	-	G
C40698921      none	B	[O:1]=[CX3:2]!@[NX3H1:3][!#1:4]	-0.00158496	63.7893	-	-	-	-	G
C40698921      none	B	[$(C=O):1][NX3H1:2]!@[CX4H1:3][H:4]	30.0037	9.46757	-	-	-	-	G
C40698921      none	B	[!#1:1][CX4:2]!@[CX4:3][!#1:4]	160.001	1.81259	-	-	-	-	G
C40698921      none	B	[O:1]=[C:2]([O-])!@[CX4H1:3][H:4]	90.0015	0.86741	-	-	-	-	O
C40698921      none	B	[!#1:1][CX4H2:2]!@[CX4H2:3][!#1:4]	179.998	58.554	-	-	-	-	G
C66254284      none	B	[$(S(=O)(=O)):1][N:2]!@[c:3][a:4]	-89.9973	5.66406	-	-	-	-	G
C66254284      none	B	[c:1][c:2]!@[c:3][s,o,nX3H1:4]	30.0042	2.54993	-	-	-	-	G
C66254284      none	B	[a:1][c:2]!@[CX4H1:3][H:4]	124.323	1.00725	-	-	-	-	G
C66254284      none	B	[c:1][S:2](=O)(=O)!@[NX2H0-:3]-[*:4]	90.0054	2.77778	-	-	-	-	G
C66254284      none	B	[aH1:1][c:2]([aH1])!@[SX4:3][!#1:4]	90.2661	12.916	-	-	-	-	G
C53709423      none	B	[c:1][c:2]([cH0])!@[c:3][nX2H0:4]	90.3146	2.03279	-	-	-	-	O
C48843355      none	B	[O:1]=[CX3:2]!@[NX3H0:3][!#1:4]	-29.9986	0.692521	-	-	-	-	O
C48843355      none	B	N[C:2](=[O:1])!@[CH2:3][N:4]	30.0009	5.20833	-	-	-	-	G
C48843355      none	B	[$([CX3]=O):1][NX3H1:2]!@[CX4H2:3][C:4] 	89.9962	7.35439	-	-	-	-	G
C48843355      none	B	[O:1]=[CX3:2]([$([NX3H1]C)])!@[NX3H1:3][!#1:4]	0.00290393	41.1343	-	-	-	-	G
C48843355      none	B	[O:1]=[CX3:2]([$([NX3H1]C)])!@[NX3H1:3][!#1:4]	0.00120704	41.1343	-	-	-	-	G
C48843355      none	B	[$(C=O):1][NX3H1:2]!@[CX4H1:3][H:4]	60.0031	6.22422	-	-	-	-	G
C48843355      none	B	[!#1:1][CX4:2]!@[CX4:3][!#1:4]	179.999	22.1548	-	-	-	-	G
C48843355      none	B	[O:1]=[C:2]([O-])!@[CX4H1:3][H:4]	-0.00758535	0.495663	-	-	-	-	O
C48843355      none	B	[!#1:1][CX4H2:2]!@[CX4H2:3][!#1:4]	180	58.554	-	-	-	-	G
C04188277      none	B	[C:1][CH2:2]!@[O:3][CX4:4]	59.9933	0.263939	-	-	-	-	O
C04188277      none	B	[H:1][CX4H1:2]!@[O:3][CX4:4]	-59.9941	5.14933	-	-	-	-	G
C04188277      none	B	[OX2:1][CX4:2]!@[CX4:3][OX2:4]	73.5703	14.7588	-	-	-	-	G
C04188277      none	B	[*:1]~[CX4:2]!@[n:3]~[*:4]	-29.9981	3.02285	-	-	-	-	G
C45636786      none	B	[cH0:1][c:2]([cH1])!@[CX3:3]([NX3H1])=[O:4]	29.9955	2.4369	-	-	-	-	G
C45636786      none	B	[O:1]=[CX3:2]!@[NX3H1:3][!#1:4]	0.00259899	63.7893	-	-	-	-	G
C45636786      none	B	[*:1]~[NX3:2]!@[NX3:3]~[*:4]	-149.998	1.86361	-	-	-	-	G
C45636786      none	B	[O:1]=[CX3:2]([$([NX3H1]C)])!@[NX3H1:3][!#1:4]	-0.00877963	41.1343	-	-	-	-	G
C45636786      none	B	[O:1]=[CX3:2]([$([NX3H1]C)])!@[NX3H1:3][!#1:4]	0.00626838	41.1343	-	-	-	-	G
C45636786      none	B	[$([CX3]=O):1][NX3H1:2]!@[CX4H2:3][C:4] 	-120.005	2.61599	-	-	-	-	O
C45636786      none	B	[!#1:1][CX4:2]!@[CX4:3][!#1:4]	-79.9995	1.71775	-	-	-	-	G
C45636786      none	B	[!#1:1][CX4:2]!@[CX4:3][!#1:4]	-162.555	1.85018	-	-	-	-	G
C45636786      none	B	[C:1][CX4:2]!@[NX3;"N_lp":3][C:4]	43.6376	0.870045	-	-	-	-	G
C09952952      none	B	[O-:1][N+:2](=O)!@[c:3]([cH,nX2H0])[cH,nX2H0:4]	179.997	23.2156	-	-	-	-	G
C09952952      none	B	[a:1][c:2]!@[C:3]([NH1,NH2])=[O:4]	-30.0284	5.14706	-	-	-	-	O
C09952952      none	B	[O:1]=[CX3:2]!@[NX3H1:3][!#1:4]	0.0171178	63.7893	-	-	-	-	G
C09952952      none	B	[*:1]~[NX3:2]!@[NX3:3]~[*:4]	89.9923	3.54776	-	-	-	-	G
C09952952      none	B	[O:1]=[CX3:2]!@[NX3H1:3][!#1:4]	-0.00206145	63.7893	-	-	-	-	G
C09952952      none	B	N[C:2](=[O:1])!@[CH2:3][N:4]	149.999	3.125	-	-	-	-	G
C09952952      none	B	[$([CX3]=O):1][NX3H0:2](C)!@[CX4H2:3][C:4]	89.7194	14.7513	-	-	-	-	G
C37731013      none	B	[aH0:1][c:2]([aH1])!@[SX4:3][!#1:4]	70.0202	11.3606	-	-	-	-	G
C37731013      none	B	[c:1][S:2](=O)(=O)!@[NX2H0-:3]-[*:4]	89.9981	2.77778	-	-	-	-	G
C37731013      none	B	[$(S(=O)(=O)):1][NH0:2]!@[c:3]([cH1])[cH1:4]	-90.2727	17.7686	-	-	-	-	G
C46910202      none	B	[O-:1][N+:2](=O)!@[c:3]([cH0])[cH,nX2H0:4]	89.9669	0.274725	-	-	-	-	O
C46910202      none	B	[cH1:1][c:2]([cH1])!@[C:3]([NH1,NH2])=[O:4]	-26.99	8.39053	-	-	-	-	G
C46910202      none	B	[O:1]=[CX3:2]!@[NX3H1:3][!#1:4]	0.0157186	63.7893	-	-	-	-	G
C46910202      none	B	[*:1]~[NX3:2]!@[NX3:3]~[*:4]	-150.007	1.86361	-	-	-	-	G
C46910202      none	B	[O:1]=[CX3:2]!@[NX3H1:3][!#1:4]	-0.00218279	63.7893	-	-	-	-	G
C46910202      none	B	[a:1][c:2]!@[C:3]([NH1,NH2])=[O:4]	-119.682	0.626362	-	-	-	-	G
C46910202      none	B	[cH1:1][a:2]([cH1])!@[a:3]([sX2,o,nX2H0,nX3H1:4])([cH1])	0.545219	11.7616	-	-	-	-	G
C41539254      none	B	[cH0:1][c:2]([cH0])!@[CX3:3]=[O:4]	-60.0026	2.48131	-	-	-	-	G
C41539254      none	B	[*^2:1]~[C^2:2]([!H])!@[C^2:3]~[*^2:4]	150.309	1.21045	-	-	-	-	G
C41539254      none	B	[a:1][c:2]!@[CX4H1:3][N,O:4]	-123.18	3.08052	-	-	-	-	G
C41539254      none	B	[cH1:1][c:2](cO)!@[O:3][C:4]	-89.9811	0.35524	-	-	-	-	R
C41539254      none	B	[$(cO):1][c:2](cO)!@[O:3][C:4]	60.0638	1.68593	-	-	-	-	G
C41539254      none	B	[cH1:1][c:2](cO)!@[O:3][C:4]	-89.743	0.35524	-	-	-	-	R
C40725799      none	B	[O:1]=[CX3:2]!@[NX3H0:3][!#1:4]	-0.00153359	25.0866	-	-	-	-	G
C40725799      none	B	[O:1]=[CX3:2]!@[NX3H1:3][!#1:4]	0.00915158	63.7893	-	-	-	-	G
C40725799      none	B	[$(C=O):1][NX3H1:2]!@[CX4H1:3][H:4]	-30.0064	6.97413	-	-	-	-	G
C40725799      none	B	[OX2:1][CX4:2]!@[CX4:3][N:4]	59.9949	15.2809	-	-	-	-	G
C40725799      none	B	[O:1]=[C:2]([O-])!@[CX4H1:3][H:4]	89.9986	0.86741	-	-	-	-	O
C42805947      none	B	[aH1:1][c:2]([aH1])!@[SX4:3][!#1:4]	-89.7235	12.5987	-	-	-	-	G
C42805947      none	B	[cH1:1][c:2]([cH1])!@[C:3]([NH1,NH2])=[O:4]	-152.988	8.78518	-	-	-	-	G
C42805947      none	B	[O:1]=[CX3:2]!@[NX3H1:3][!#1:4]	-0.00917073	63.7893	-	-	-	-	G
C42805947      none	B	[$([CX3]=O):1][NX3H1:2]!@[CX4H2:3][C:4] 	-119.988	2.61599	-	-	-	-	O
C42805947      none	B	[!#1:1][CX4H2:2]!@[CX4H2:3][!#1:4]	59.9929	3.99483	-	-	-	-	G
C42805947      none	B	[$(S(=O)(=O)):1][NX3H1:2]!@[CX4H2:3][!#1:4]	120.004	2.14592	-	-	-	-	O
C42805947      none	B	[C:1][$(S(=O)=O):2]!@[NX3H1:3][C:4]	59.9994	6.12245	-	-	-	-	G
C01232510      none	B	[$(C=O):1][NX3H1:2]!@[CX4H1:3][H:4]	-59.9899	1.23735	-	-	-	-	G
C01232510      none	B	[O:1]=[CX3:2]([$([NX3H1]C)])!@[NX3H1:3][!#1:4]	-0.0188707	41.1343	-	-	-	-	G
C01232510      none	B	[O:1]=[CX3:2]([$([NX3H1]C)])!@[NX3H1:3][!#1:4]	180	9.5176	-	-	-	-	R
C01232510      none	B	[$(C=O):1][NX3H1:2]!@[CX4H1:3][H:4]	60.0097	6.22422	-	-	-	-	G
C12997545      none	B	[n,o,s:1][c:2]!@[CX4H2:3][CX4:4]	134.997	0.747943	-	-	-	-	O
C12997545      none	B	[!#1:1][CX4H2:2]!@[CX4H2:3][!#1:4]	60.0025	3.99483	-	-	-	-	G
C12997545      none	B	[*:1]~[CX4:2]!@[NX4:3]~[*:4]	60.0019	15.3058	-	-	-	-	G
C12997545      none	B	[*:1]~[CX4:2]!@[NX4:3]~[*:4]	40.0027	2.08461	-	-	-	-	G
C12997545      none	B	[a:1][c:2]!@[CX4H1:3][N,O:4]	59.9941	3.42939	-	-	-	-	G
C12997545      none	B	[*:1]~[CX4:2]!@[P:3]~[*:4]	80.0039	2.6613	-	-	-	-	G
C40431467      none	B	[NH1:1][CX4:2]!@[CX3:3]=[O:4]	-149.998	4.5183	-	-	-	-	G
C40431467      none	B	[$(C=O):1][NX3H1:2]!@[CX4H0:3][C:4]	180	11.3993	-	-	-	-	G
C40431467      none	B	[O:1]=[CX3:2]([$([NX3H1]C)])!@[NX3H1:3][!#1:4]	-0.00429968	41.1343	-	-	-	-	G
C40431467      none	B	[O:1]=[CX3:2]([$([NX3H1]C)])!@[NX3H1:3][!#1:4]	180	9.5176	-	-	-	-	R
C40431467      none	B	[$(C=O):1][NX3H1:2]!@[CX4H1:3][H:4]	30.0014	9.46757	-	-	-	-	G
C20086326      none	B	[cH0:1][c:2]!@[CX4H1:3][a:4]	119.72	3.09082	-	-	-	-	G
C20086326      none	B	[cH1:1][c:2]([cH1])!@[O:3][C:4]	179.999	26.896	-	-	-	-	G
C20086326      none	B	[cH0:1][c:2]([cH1])!@[O:3][C:4]	180	48.7454	-	-	-	-	G
C43562764      none	B	[N:1][CX4:2]!@[CX3:3]=[O:4]	119.997	0.766617	-	-	-	-	G
C43562764      none	B	[C:1][CX4:2]!@[NX3;"N_lp":3][C:4]	43.6375	0.870045	-	-	-	-	G
C43562764      none	B	[O:1]=[C:2]!@[NX3H1:3](C=O)[H:4]	179.997	35.6725	-	-	-	-	G
C43562764      none	B	[O:1]=[C:2]([NH1])!@[NX3H1:3](C=O)[H:4]	0.0102495	58.9474	-	-	-	-	G
C43562764      none	B	[O:1]=[CX3:2]([$([NX3H1]C)])!@[NX3H1:3][!#1:4]	-0.00513847	41.1343	-	-	-	-	G
C43562764      none	B	[$([CX3]=O):1][NX3H1:2]!@[CX4H2:3][C:4] 	-149.999	1.7769	-	-	-	-	O
C43562764      none	B	[OX2:1][CX4:2]!@[CX4:3][N:4]	-62.0668	14.8764	-	-	-	-	G
C05852888      none	B	[*:1]~[cX3:2]!@[NX2:3]~[*:4]	-149.995	1.73726	-	-	-	-	O
C05852888      none	B	[a:1][ar6:2]!@[ar5:3][a:4]	120.274	2.26536	-	-	-	-	O
C05852888      none	B	[cH0:1][c:2]([cH0])!@[CX3!r:3]=[NX2!r:4]	60.2914	0.527426	-	-	-	-	R
C05852888      none	B	[cH1:1][a:2]([cH1])!@[a:3]([cH0])[cH0:4]	60.504	5.86243	-	-	-	-	G
C51638688      none	B	[$(C=O):1][NX3H1:2]!@[c:3]([cH1])[cH1:4]	-150.002	5.07451	-	-	-	-	G
C51638688      none	B	[O:1]=[CX3:2]!@[NX3H1:3][!#1:4]	-0.00401577	63.7893	-	-	-	-	G
C51638688      none	B	[s:1][c:2]!@[C:3]([NH1])=[O:4]	120.007	0	-	-	-	-	R
C51638688      none	B	[O:1]=[C:2]([O-])!@[c:3][a:4]	0.0132675	11.4943	-	-	-	-	G
C22896600      none	B	[cH1:1][c:2]([cH1])!@[C:3]([NH1,NH2])=[O:4]	-152.969	8.78518	-	-	-	-	G
C22896600      none	B	[O:1]=[CX3:2]!@[NX3H1:3][!#1:4]	-0.00098807	63.7893	-	-	-	-	G
C22896600      none	B	[*:1]~[NX3:2]!@[NX3:3]~[*:4]	179.998	7.3164	-	-	-	-	G
C22896600      none	B	[O:1]=[CX3:2]!@[NX3H1:3][!#1:4]	0.0047942	63.7893	-	-	-	-	G
C22896600      none	B	[nH0r6:1][cr6:2]([cH1r6])!@[C:3]([NH1,NH2])=[O:4]	29.9897	0	-	-	-	-	R
C37053654      none	B	[aH1:1][c:2]([aH1])!@[SX4:3][!#1:4]	-90.0018	12.5987	-	-	-	-	G
C37053654      none	B	[c:1][$(S(=O)=O):2]!@[NX3H1:3][C:4]	89.9977	2.64026	-	-	-	-	G
C37053654      none	B	[$(S(=O)(=O)):1][NX3H1:2]!@[CX4H1:3][H:4]	59.9972	1.10497	-	-	-	-	G
C44608437      none	B	[H:1][CX4H1:2]!@[O:3][CX4:4]	-40.0016	11.8876	-	-	-	-	G
C44608437      none	B	[OX2:1][CX4:2]!@[CX4:3][OX2:4]	-39.9464	0.393994	-	-	-	-	O
C49691844      none	B	[!#1:1][CX4:2]!@[CX4:3][!#1:4]	159.997	1.81259	-	-	-	-	G
C49691844      none	B	[C:1][CX4:2]!@[NX3;"N_lp":3][C:4]	46.1096	3.22897	-	-	-	-	G
C49691844      none	B	[!#1:1][CX4:2]!@[CX3H0:3][!#1:4]	60.0026	4.20603	-	-	-	-	G
C40577509      none	B	[!#1:1][CX4:2]!@[CX4:3][!#1:4]	180	22.1548	-	-	-	-	G
C40577509      none	B	[NH1:1][CX4:2]!@[CX3:3]=[O:4]	120.005	0.41354	-	-	-	-	G
C40577509      none	B	[$(C=O):1][NX3H1:2]!@[CX4H0:3][C:4]	59.9975	13.3187	-	-	-	-	G
C40577509      none	B	[O:1]=[CX3:2]([$([NX3H1]C)])!@[NX3H1:3][!#1:4]	-0.000247193	41.1343	-	-	-	-	G
C40577509      none	B	[O:1]=[CX3:2]([$([NX3H1]C)])!@[NX3H1:3][!#1:4]	-0.00189177	41.1343	-	-	-	-	G
C40577509      none	B	[$(C=O):1][NX3H1:2]!@[c:3]([cH1])[cH1:4]	0.00355517	7.77286	-	-	-	-	G
C40547058      none	B	[$([C](=O)([$([NX3H1]),$([NX3H2])])[NX3H1]):1][NX3H1:2]!@[cr6:3][nH0r6:4]	-29.9934	0	-	-	-	-	R
C40547058      none	B	[O,S:1]=[C:2]([$([NX3H1]),$([NX3H2])])!@[$([NX3]c[nH0]):3][H:4]	0.00215381	46.0938	-	-	-	-	G
C40547058      none	B	[O:1]=[CX3:2]([$([NX3H1]C)])!@[NX3H1:3][!#1:4]	-0.00263373	41.1343	-	-	-	-	G
C40547058      none	B	[$([CX3]=O):1][NX3H1:2]!@[CX4H2:3][C:4] 	-89.9981	7.35439	-	-	-	-	G
C40547058      none	B	N[C:2](=[O:1])!@[CH2:3][N:4]	150.002	3.125	-	-	-	-	G
C40547058      none	B	[O:1]=[CX3:2]!@[NX3H1:3][!#1:4]	-0.00150285	63.7893	-	-	-	-	G
C40547058      none	B	[$([CX3]=O):1][NX3H1:2]!@[CX4H2:3][C:4] 	179.997	6.46594	-	-	-	-	G
C40547058      none	B	[NH1:1][CX4:2]!@[CX3:3]=[O:4]	119.996	0.41354	-	-	-	-	G
C26166489      none	B	[a:1][ar6:2]!@[ar5:3][a:4]	-119.692	2.39966	-	-	-	-	O
C37920106      none	B	[a:1][a:2]!@[NX3:3][!#1:4]	160.005	2.58602	-	-	-	-	G
C37920106      none	B	[O-:1][N+:2](=O)!@[c:3]([cH,nX2H0])[cH,nX2H0:4]	179.974	23.2156	-	-	-	-	G
C37920106      none	B	[!#1:1][CX4H2:2]!@[NX3H1:3][!#1:4]	-149.999	1.95018	-	-	-	-	O
C37920106      none	B	[a:1][c:2]!@[CX4H2:3][!#1:4]	-134.687	2.0362	-	-	-	-	O
C36869032      none	B	[!#1:1][CH2:2]!@[n:3][cH0:4]	134.994	0.637484	-	-	-	-	R
C36869032      none	B	[!#1:1][CX4H2:2]!@[CX3:3]=[O:4]	179.995	2.94479	-	-	-	-	G
C36869032      none	B	[O:1]=[CX3:2]!@[NX3H1:3][!#1:4]	0.0105239	63.7893	-	-	-	-	G
C36869032      none	B	[$([CX3]=O):1][NX3H1:2]!@[CX4H2:3][C:4] 	-90.0022	7.35439	-	-	-	-	G
C36869032      none	B	N[C:2](=[O:1])!@[CH2:3][N:4]	180	8.33333	-	-	-	-	G
C36869032      none	B	[O:1]=[CX3:2]!@[NX3H1:3][!#1:4]	-0.0082966	63.7893	-	-	-	-	G
C36869032      none	B	[$([CX3]=O):1][NX3H1:2]!@[CX4H2:3][C:4] 	180	6.46594	-	-	-	-	G
C36869032      none	B	[NH1:1][CX4:2]!@[CX3:3]=[O:4]	120.003	0.41354	-	-	-	-	G
C58838055      none	B	[!#1:1][CX4:2]!@[CX4:3][!#1:4]	180	22.1548	-	-	-	-	G
C58838055      none	B	[*:1]~[CX4:2]!@[n:3]~[*:4]	-30.003	3.02285	-	-	-	-	G
C58838055      none	B	[O:1]=[CX3:2]([NH1])!@[CH2:3][C:4]	89.9997	2.11706	-	-	-	-	O
C58838055      none	B	[O:1]=[CX3:2]!@[NX3H1:3][!#1:4]	-0.00263354	63.7893	-	-	-	-	G
C58670050      none	B	[cH1,nX2H0:1][c:2]([cH1,nX2H0])!@[NX3r:3][*:4]	150.281	1.71312	-	-	-	-	O
C58670050      none	B	[O:1]=[CX3:2]!@[NX3H0:3][!#1:4]	149.999	1.73707	-	-	-	-	O
C58670050      none	B	[O:1][CX4:2]!@[CX3:3]=[O:4]	0.886305	13.789	-	-	-	-	G
C37926447      none	B	[aH0:1][c:2]([aH0])!@[SX4:3][!#1:4]	156.14	1.81564	-	-	-	-	R
C37926447      none	B	[c:1][$(S(=O)=O):2]!@[NX3H1:3][C:4]	60.0051	14.5215	-	-	-	-	G
C37926447      none	B	[$(S(=O)(=O)):1][NX3H1:2]!@[CX4H2:3][!#1:4]	149.995	5.15021	-	-	-	-	G
C37926447      none	B	[!#1:1][CX4H2:2]!@[CX4H2:3][!#1:4]	179.997	58.554	-	-	-	-	G
C37926447      none	B	[!#1:1][CX4:2]!@[SX4:3][!#1:4]	-152.25	1.51579	-	-	-	-	O
C33515157      none	B	[C:1][CX4H2:2]!@[OX2:3][c:4]	149.995	0.884397	-	-	-	-	O
C33515157      none	B	[cH1:1][c:2]([cH1])!@[O:3][C:4]	-149.722	0.243246	-	-	-	-	R
C33515157      none	B	[a:1][c:2]!@[CX4H1:3][N,O:4]	-121.588	3.08052	-	-	-	-	G
C33515157      none	B	[*^2:1]~[C^2:2]([!H])!@[C^2:3]~[*^2:4]	179.951	19.9269	-	-	-	-	G
C33515157      none	B	[$([CX3]=O):1][NX3H0:2](C)!@[CX4H2:3][C:4]	-120.041	2.31561	-	-	-	-	O
C33515157      none	B	[!#1:1][CX4H2:2]!@[CX4H2:3][!#1:4]	179.996	58.554	-	-	-	-	G
C33515157      none	B	[!#1:1][CX4H2:2]!@[CX4H2:3][!#1:4]	59.9967	3.99483	-	-	-	-	G
C33515157      none	B	[CX4:1][CX4H2:2]!@[NX3;"N_lp":3][CX4:4]	76.3692	8.72362	-	-	-	-	G
C33515157      none	B	[cH1:1][c:2]([cH1])!@[CX3:3]([CX3H0])=[O:4]	90.2572	0	-	-	-	-	R
C19472544      none	B	[O:1]=[CX3:2]!@[NX3H1:3][!#1:4]	0.00592521	63.7893	-	-	-	-	G
C19472544      none	B	[$([CX3]=O):1][NX3H1:2]!@[CX4H2:3][C:4] 	-90.0054	7.35439	-	-	-	-	G
C19472544      none	B	N[C:2](=[O:1])!@[CH2:3][N:4]	120.002	0.595238	-	-	-	-	G
C19472544      none	B	[O:1]=[CX3:2]!@[NX3H0:3][!#1:4]	-29.6909	0.692521	-	-	-	-	O
C19472544      none	B	[O:1]=[C:2]([O-])!@[CX4H1:3][H:4]	-0.00289779	0.495663	-	-	-	-	O
C31992633      none	B	[$([CX3]=O):1][NX3H0:2](C)!@[CX4H2:3][C:4]	90.0071	14.7513	-	-	-	-	G
C31992633      none	B	[!#1:1][CX4H2:2]!@[CX4H2:3][!#1:4]	180	58.554	-	-	-	-	G
C31992633      none	B	[!#1:1][CX4H2:2]!@[CX4H2:3][!#1:4]	-60.0041	3.77933	-	-	-	-	G
C13235127      none	B	[$(C=O):1][NX3H1:2]!@[CX4H1:3][H:4]	-29.9958	6.97413	-	-	-	-	G
C13235127      none	B	[O:1]=[CX3:2]!@[NX3H1:3][!#1:4]	-0.00553578	63.7893	-	-	-	-	G
C13235127      none	B	N[C:2](=[O:1])!@[CH2:3][N:4]	-150.004	2.38095	-	-	-	-	G
C13235127      none	B	[$([CX3]=O):1][NX3H0:2](C)!@[CX4H2:3][C:4]	89.9992	14.7513	-	-	-	-	G
C13235127      none	B	[!#1:1][CX4:2]!@[CX4:3][!#1:4]	180	22.1548	-	-	-	-	G
C13235127      none	B	[!#1:1][CX4H2:2]!@[CX4H2:3][!#1:4]	180	58.554	-	-	-	-	G
C13235127      none	B	[C:1][CX4H2:2]!@[CX3:3]=[O:4]	120.005	0.695249	-	-	-	-	O
C21508171      none	B	[*:1]~[N,n:2]!@[S:3]~[*:4]	-29.9979	2.46977	-	-	-	-	G
C21508171      none	B	[aH1:1][c:2]([aH1])!@[SX4:3][!#1:4]	-89.7358	12.5987	-	-	-	-	G
C66586323      none	B	[aH0:1][c:2]([aH1])!@[SX4:3][!#1:4]	-70.0132	15.3236	-	-	-	-	G
C66586323      none	B	[O-:1][N+:2](=O)!@[c:3]([cH0])[cH,nX2H0:4]	90.1562	0.274725	-	-	-	-	O
C66586323      none	B	[c:1][S:2](=O)(=O)!@[NX2H0-:3]-[*:4]	-60.0024	11.1111	-	-	-	-	G
C66586323      none	B	[$(S(=O)(=O)):1][NH0:2]!@[c:3]([cH1])[cH1:4]	-60.2713	0.826446	-	-	-	-	G
C66586323      none	B	[a:1][c:2]!@[C:3]([NH1,NH2])=[O:4]	-89.9886	0.299564	-	-	-	-	O
C32594258      none	B	[O:1]=[CX3:2]!@[NX3H1:3][!#1:4]	0.00546327	63.7893	-	-	-	-	G
C32594258      none	B	[$(C=O):1][NX3H1:2]!@[CX4H1:3][H:4]	179.995	0.712411	-	-	-	-	R
C32594258      none	B	[$(C=O):1][O:2]!@[CH1:3][H:4]	0.00503739	9.45727	-	-	-	-	G
C32594258      none	B	[$(C=O):1][O:2]!@[CH1:3][H:4]	0.00214796	9.45727	-	-	-	-	G
C32594258      none	B	[OX2:1][CX4:2]!@[CX4:3][OX2:4]	-79.9523	2.4811	-	-	-	-	G
C32594258      none	B	[*:1]~[CX4:2]!@[n:3]~[*:4]	149.994	3.15253	-	-	-	-	G
C32594258      none	B	[c:1][c:2]!@[c:3][s,o,nX3H1:4]	-179.728	12.4984	-	-	-	-	G
C32594258      none	B	[$(C=O):1][O:2]!@[CH2:3]~[C:4]	180	23.3458	-	-	-	-	G
C32594258      none	B	[O:1]=[C:2]!@[O:3]~[C:4]	-29.9956	0.0890388	-	-	-	-	R
C32594258      none	B	[O:1]=[C:2]!@[O:3]~[C:4]	-30.0049	0.0890388	-	-	-	-	R
C32594258      none	B	[O:1]=[C:2]!@[O:3]~[C:4]	-0.00532243	74.4927	-	-	-	-	G
C33908442      none	B	[cH1:1][c:2]([cH1])!@[CX3:3]=[NX2:4]	-149.998	2.34391	-	-	-	-	G
C33908442      none	B	[*:1]~[NX3:2]!@[NX2:3]~[*:4]	-149.996	0.364964	-	-	-	-	O
C33908442      none	B	[O:1]=[CX3:2]!@[NX3H1:3][!#1:4]	-0.0155798	63.7893	-	-	-	-	G
C33908442      none	B	[O:1]=[CX3:2]!@[CX3:3]=[O:4]	120.009	1.7301	-	-	-	-	G
C33908442      none	B	[O:1]=[CX3:2]!@[NX3H1:3][!#1:4]	-0.0144079	63.7893	-	-	-	-	G
C33908442      none	B	[*:1]~[NX3:2]!@[NX2:3]~[*:4]	90.0037	0.0824111	-	-	-	-	R
C33908442      none	B	[*:1]~[CX3:2]!@[NX2:3]~[*:4]	180	40.8031	-	-	-	-	G
C33908442      none	B	[*:1]~[NX3:2]!@[NX2:3]~[*:4]	59.9943	0.141276	-	-	-	-	R
C43704962      none	B	[N:1][CX4:2]!@[CX3:3]=[O:4]	-150.008	3.58916	-	-	-	-	G
C43704962      none	B	[C:1][CX4:2]!@[NX3;"N_lp":3][C:4]	-56.3671	7.07677	-	-	-	-	G
C43704962      none	B	[O:1]=[C:2]!@[NX3H1:3](C=O)[H:4]	179.992	35.6725	-	-	-	-	G
C43704962      none	B	[O:1]=[C:2]!@[NX3H1:3](C=O)[H:4]	-179.988	35.6725	-	-	-	-	G
C43704962      none	B	[O:1]=[C:2]([O-])!@[CX4H1:3][H:4]	-0.00830597	0.495663	-	-	-	-	O
C05003591      none	B	[OX2:1][CX4:2]!@[CX4:3][OX2:4]	-176.467	13.4277	-	-	-	-	G
C05003591      none	B	[*:1]~[CX4:2]!@[n:3]~[*:4]	119.997	3.12393	-	-	-	-	G
C11361968      none	B	[*:1]~[N,n:2]!@[S:3]~[*:4]	89.9943	2.07924	-	-	-	-	G
C11361968      none	B	[$(S(=O)(=O)):1][NH0:2]!@[c:3]([cH1])[cH1:4]	149.728	0	-	-	-	-	R
C11361968      none	B	[$(C=O):1][NX3H1:2]!@[c:3]([cH1])[cH1:4]	-150.029	5.07451	-	-	-	-	G
C11361968      none	B	[O:1]=[CX3:2]!@[NX3H1:3][!#1:4]	-0.0083367	63.7893	-	-	-	-	G
C11361968      none	B	[cH1:1][c:2]([cH1])!@[C:3]([NH1,NH2])=[O:4]	-153.007	8.78518	-	-	-	-	G
C08836209      none	B	[a:1][a:2]!@[CX3:3]=[O:4]	-120	0.825401	-	-	-	-	O
C08836209      none	B	[*^2:1]~[C^2:2]([!H])!@[C^2:3]~[*^2:4]	-179.689	19.9269	-	-	-	-	G
C08836209      none	B	[$([CX3]=O):1][NX3H0:2](C)!@[CX4H2:3][C:4]	90.0024	14.7513	-	-	-	-	G
C08836209      none	B	[a:1][c:2]!@[CX4H1:3][N,O:4]	56.7687	3.42939	-	-	-	-	G
C08836209      none	B	[cH1:1][c:2]([cH1])!@[O:3][C:4]	180	26.896	-	-	-	-	G
C08836209      none	B	[!#1:1][CX4H2:2]!@[CX4H2:3][!#1:4]	180	58.554	-	-	-	-	G
C08836209      none	B	[CX4:1][CX4H2:2]!@[NX3;"N_lp":3][CX4:4]	-76.3568	8.1206	-	-	-	-	G
C02042138      none	B	[!#1:1][CX4H2:2]!@[CX4H2:3][!#1:4]	180	58.554	-	-	-	-	G
C02042138      none	B	[!#1:1][CX4:2]!@[CX4:3][!#1:4]	62.8157	12.3771	-	-	-	-	G
C02042138      none	B	[!#1:1][CX4:2]!@[SX4:3][!#1:4]	-72.2606	7.22105	-	-	-	-	G
C20244894      none	B	[C:1][CX4:2]!@[CX3:3]=[O:4]	149.878	1.17362	-	-	-	-	G
C20244894      none	B	[*:1][$(S(=O)=O):2]!@[NX3H0r:3][*:4]	-90.0012	4.88152	-	-	-	-	G
C20244894      none	B	[!#1:1][CX4:2]!@[SX4:3][!#1:4]	-80.0004	3.11579	-	-	-	-	G
C20244894      none	B	[!#1:1][CX4H2:2]!@[CX4H2:3][!#1:4]	180	58.554	-	-	-	-	G
C20244894      none	B	[!#1:1][CX4H2:2]!@[CX4H2:3][!#1:4]	-59.9961	3.77933	-	-	-	-	G
C20244894      none	B	[C:1][CX4H2:2]!@[CX3:3]=[O:4]	119.992	0.695249	-	-	-	-	O
C39970551      none	B	[$(S(=O)(=O)):1][N:2]!@[c:3][a:4]	-59.9951	1.85547	-	-	-	-	G
C39970551      none	B	[c:1][S:2](=O)(=O)!@[NX2H0-:3]-[*:4]	-60.0015	11.1111	-	-	-	-	G
C39970551      none	B	[aH1:1][c:2]([aH1])!@[SX4:3][!#1:4]	-89.7256	12.5987	-	-	-	-	G
C39970551      none	B	[a:1][a:2]!@[NX3:3][!#1:4]	90.0028	1.62893	-	-	-	-	O
C39970551      none	B	[!#1:1][CX3:2](=S)!@[NX3H1:3][!#1:4]	-0.00735772	27.5459	-	-	-	-	G
C39970551      none	B	[!#1:1][CX3:2](=S)!@[NX3H1:3][!#1:4]	180	37.0618	-	-	-	-	G
C39970551      none	B	[a:1][a:2]!@[NX3:3][!#1:4]	-89.6858	1.65296	-	-	-	-	O
C39970551      none	B	[!#1:1][CH2:2]!@[n:3][cH0:4]	90.2349	14.7896	-	-	-	-	G
C39970551      none	B	[a:1][c:2]!@[CX4H2:3][a:4]	45.2783	2.21805	-	-	-	-	O
C62119853      none	B	[aH1:1][c:2]([aH1])!@[SX4:3][!#1:4]	29.9987	0.225606	-	-	-	-	R
C62119853      none	B	[O-:1][N+:2](=O)!@[c:3]([cH,nX2H0])[cH,nX2H0:4]	179.905	23.2156	-	-	-	-	G
C62119853      none	B	[*:1][$(S(=O)=O):2]!@[NX3H0r:3][*:4]	-119.691	0.995261	-	-	-	-	G
C62119853      none	B	[O:1]=[C:2]([O-])!@[CX4H1:3][H:4]	0.00231757	0.495663	-	-	-	-	O
C04801997      none	B	[H:1][CX4H1:2]!@[O:3][CX4:4]	-59.9978	5.14933	-	-	-	-	G
C04801997      none	B	[H:1][CX4H1:2]!@[OX2:3][!#1:4]	-40.1229	10.8116	-	-	-	-	G
C04801997      none	B	[OX2:1][CX4:2]!@[CX4:3][OX2:4]	-80.0475	2.4811	-	-	-	-	O
C04801997      none	B	[*:1]~[OX2:2]!@[SX4:3]~[*:4]	-79.9942	4.57103	-	-	-	-	G
C39954227      none	B	[!#1:1][CX4H0:2]!@[OX2:3][!#1:4]	59.9984	19.4328	-	-	-	-	G
C39954227      none	B	[O:1]=[C:2]!@[O:3]~[CH0:4]	-0.00258134	56.519	-	-	-	-	G
C39954227      none	B	[O:1]=[CX3:2]!@[NX3H0:3][!#1:4]	-29.6762	0.692521	-	-	-	-	O
C39954227      none	B	[H:1][CX4H1:2]!@[OX2:3][!#1:4]	26.122	9.32817	-	-	-	-	G
C39954227      none	B	[O:1]=[C:2]([O-])!@[CX4H1:3][H:4]	90.0023	0.86741	-	-	-	-	O
C39954227      none	B	[cH1,n:1][c:2]!@[O:3][CRH1:4]	180	10.7724	-	-	-	-	G
C45741494      none	B	[aH1:1][c:2]([aH1])!@[SX4:3][!#1:4]	89.9964	12.916	-	-	-	-	G
C45741494      none	B	[c:1][$(S(=O)=O):2]!@[NX3H1:3][C:4]	-59.9953	13.7514	-	-	-	-	G
C45741494      none	B	[$(S(=O)(=O)):1][NX3H1:2]!@[CX4H1:3][H:4]	-30.0031	9.39227	-	-	-	-	G
C50244582      none	B	[O:1]=[CX3:2]!@[NX3H0:3][!#1:4]	-29.9915	0.692521	-	-	-	-	O
C50244582      none	B	[O:1]=[CX3:2]!@[NX3H0:3][!#1:4]	150.314	1.73707	-	-	-	-	O
C50244582      none	B	[O:1]=[C:2]([O-])!@[CX4H1:3][H:4]	-0.00285135	0.495663	-	-	-	-	O
C44885919      none	B	[a:1][c:2]!@[CX4H1:3][N,O:4]	149.999	3.7643	-	-	-	-	G
C44885919      none	B	[$(C=O):1][NX3H1:2]!@[CX4H1:3][H:4]	-31.9987	6.97413	-	-	-	-	G
C44885919      none	B	[O:1]=[CX3:2]!@[NX3H1:3][!#1:4]	0.00111067	63.7893	-	-	-	-	G
C44885919      none	B	[!#1:1][CX4H2:2]!@[CX3:3]=[O:4]	89.9997	1.06654	-	-	-	-	G
C44885919      none	B	[!#1:1][CH2:2]!@[n:3][cH0:4]	90.0026	14.7896	-	-	-	-	G
C52306717      none	B	[a:1][c:2]!@[CX4H1:3][H:4]	0.0003687	6.54616	-	-	-	-	G
C52306717      none	B	[aH0:1][c:2]([aH1])!@[SX4:3][!#1:4]	89.9672	4.49141	-	-	-	-	G
C52306717      none	B	[*:1]~[CX4:2]!@[n:3]~[*:4]	-30.0044	3.02285	-	-	-	-	G
C66250612      none	B	[aH0:1][c:2]([aH0])!@[SX4:3][!#1:4]	156.144	1.81564	-	-	-	-	R
C66250612      none	B	[c:1][S:2](=O)(=O)!@[NX2H0-:3]-[*:4]	-89.9984	2.77778	-	-	-	-	G
C66250612      none	B	[$(S(=O)(=O)):1][N:2]!@[c:3][a:4]	59.9948	1.70898	-	-	-	-	G
C66250612      none	B	[a:1][c:2]!@[CX4H2:3][CX3:4]	30.0027	0.732127	-	-	-	-	R
C66250612      none	B	[c:1][CX4H2:2]!@[CX3:3]=[O:4]	119.996	1.4245	-	-	-	-	O
C41736774      none	B	[C:1][CX4:2]!@[CX3:3]=[O:4]	-89.9975	3.45082	-	-	-	-	G
C41736774      none	B	[O:1]=[CX3:2]!@[NX3H1:3][!#1:4]	-0.0104893	63.7893	-	-	-	-	G
C41736774      none	B	[$(C=O):1][NX3H1:2]!@[CX4H1:3][H:4]	60.003	6.22422	-	-	-	-	G
C41736774      none	B	[OX2:1][CX4:2]!@[CX4:3][OX2:4]	40.0461	0.511128	-	-	-	-	G
C50442100      none	B	[H:1][CX4H1:2]!@[O:3][CX4:4]	40.0067	11.9906	-	-	-	-	G
C50442100      none	B	[O:1]=[C:2]([O-])!@[CX4H1:3][H:4]	0.00217484	0.495663	-	-	-	-	O
C50442100      none	B	[cH0:1][c:2]([cH,nX2H0])!@[NX3H0:3][CX4:4]	-30.0028	1.28499	-	-	-	-	G
C50442100      none	B	[O-:1][N+:2](=O)!@[c:3]([cH,nX2H0])[cH,nX2H0:4]	179.972	23.2156	-	-	-	-	G
C33433586      none	B	[cH1:1][c:2]([cH1])!@[C:3]([NH1,NH2])=[O:4]	27.0104	8.08167	-	-	-	-	G
C33433586      none	B	[O:1]=[CX3:2]!@[NX3H1:3][!#1:4]	-0.00275093	63.7893	-	-	-	-	G
C33433586      none	B	[$(C=O):1][NX3H1:2]!@[CX4H1:3][H:4]	-29.996	6.97413	-	-	-	-	G
C33433586      none	B	[O:1]=[C:2]([O-])!@[CX4H1:3][H:4]	0.00284746	0.495663	-	-	-	-	O
C61712871      none	B	[!#1:1][CX4:2]!@[SX2:3][!#1:4]	80.0065	6.41197	-	-	-	-	G
C61712871      none	B	[!#1:1][CX4H2:2]!@[CX4H2:3][!#1:4]	179.998	58.554	-	-	-	-	G
C61712871      none	B	[!#1:1][CX4:2]!@[CX4:3][!#1:4]	179.996	22.1548	-	-	-	-	G
C61712871      none	B	[O:1]=[C:2]([O-])!@[CX4H1:3][H:4]	-0.00386361	0.495663	-	-	-	-	O
C61712871      none	B	[$(C=O):1][NX3H1:2]!@[CX4H1:3][H:4]	30.0043	9.46757	-	-	-	-	G
C61712871      none	B	[O:1]=[CX3:2]!@[NX3H1:3][!#1:4]	-0.000493312	63.7893	-	-	-	-	G
C61712871      none	B	[O:1]=[CX3:2]!@[NX3H0:3][!#1:4]	0.312728	25.0866	-	-	-	-	G
C02573783      none	B	[OX2:1][CX4:2]!@[CX4:3][OX2:4]	179.992	13.4277	-	-	-	-	G
C02573783      none	B	[OX2:1][CX4:2]!@[CX4:3][OX2:4]	60.0015	14.3222	-	-	-	-	G
C02573783      none	B	[OX2:1][CX4:2]!@[CX4:3][OX2:4]	-40.0087	0.393994	-	-	-	-	G
C02573783      none	B	[H:1][CX4H1:2]!@[OX2:3][!#1:4]	40.0018	11.1687	-	-	-	-	G
C02573783      none	B	[OX2:1][CX4:2]!@[CX4:3][OX2:4]	-40.0021	0.393994	-	-	-	-	G
C02573783      none	B	[OH1:1][CX4:2]!@[CX3:3]=[O:4]	-150.007	4.39642	-	-	-	-	G
C02573783      none	B	[*:1]~[OX2:2]!@[SX4:3]~[*:4]	-40.0024	4.33662	-	-	-	-	G
C62132664      none	B	[O:1]=[C:2]!@[O:3]~[C:4]	0.00437669	74.4927	-	-	-	-	G
C62132664      none	B	[C:1][CX4:2]!@[CX3:3]=[O:4]	120.036	3.75937	-	-	-	-	G
C62132664      none	B	[*:1][$(S(=O)=O):2]!@[NX3H0r:3][*:4]	-60.0055	8.17536	-	-	-	-	G
C62132664      none	B	[*:1][$(S(=O)=O):2]!@[NX3H0r:3][*:4]	90.3205	4.85782	-	-	-	-	G
C62132664      none	B	[O:1]=[C:2]([O-])!@[CX4H1:3][H:4]	-0.00348853	0.495663	-	-	-	-	O
C54524574      none	B	[cH1,n:1][c:2]!@[O:3][CH1:4]	60.0026	0.194175	-	-	-	-	R
C54524574      none	B	[$(C=O):1][NX3:2]!@[$([a]([cH1])):3][$([aH0](!@O)):4]	59.9905	0.97561	-	-	-	-	O
C54524574      none	B	[O:1]=[CX3:2]([$([NX3H1]C)])!@[NX3H1:3][!#1:4]	0.0140397	41.1343	-	-	-	-	G
C54524574      none	B	[O:1]=[CX3:2]([$([NX3H1]C)])!@[NX3H1:3][!#1:4]	-0.00909686	41.1343	-	-	-	-	G
C54524574      none	B	[$(C=O):1][NX3H1:2]!@[CX4H1:3][H:4]	-30.0009	6.97413	-	-	-	-	G
C54524574      none	B	[!#1:1][CX4:2]!@[CX4:3][!#1:4]	148.625	0.50879	-	-	-	-	O
C54524574      none	B	[O:1]=[C:2]([O-])!@[CX4H1:3][H:4]	-0.000429484	0.495663	-	-	-	-	O
C54524574      none	B	[H:1][CX4H1:2]!@[OX2:3][!#1:4]	29.9976	9.32817	-	-	-	-	G
C38648258      none	B	[aH0:1][c:2]([aH1])!@[SX4:3][!#1:4]	69.9731	11.3606	-	-	-	-	G
C38648258      none	B	[cH0:1][c:2]!@[CX4H2:3][N,O,S:4]	180	6.20075	-	-	-	-	G
C38648258      none	B	[H:1][CX4H1:2]!@[SX4:3][!#1:4]	-79.9985	1.28535	-	-	-	-	G
C38648258      none	B	[cH0:1][c:2]!@[CX4H1:3][N,O,S:4]	-90.2678	1.41422	-	-	-	-	O
C38648258      none	B	[aH0:1][c:2]([aH1])!@[SX4:3][!#1:4]	-70.1998	15.3236	-	-	-	-	G
C03069539      none	B	[aH1:1][c:2]([aH1])!@[SX4:3][!#1:4]	90.0036	12.916	-	-	-	-	G
C03069539      none	B	[O-:1][N+:2](=O)!@[c:3]([cH,nX2H0])[cH,nX2H0:4]	179.907	23.2156	-	-	-	-	G
C03069539      none	B	[c:1][$(S(=O)=O):2]!@[NX3H1:3][C:4]	89.9959	2.64026	-	-	-	-	G
C03069539      none	B	[$(S(=O)(=O)):1][NX3H1:2]!@[CX4H1:3][H:4]	-29.9937	9.39227	-	-	-	-	G
C03069539      none	B	[OX2:1][CX4:2]!@[CX4:3][N:4]	60.0061	15.2809	-	-	-	-	G
C03069539      none	B	[O:1]=[C:2]([O-])!@[CX4H1:3][H:4]	-0.0118342	0.495663	-	-	-	-	O
C00305514      none	B	[!#1:1][CH2:2]!@[n:3][cH0:4]	90.0037	14.7896	-	-	-	-	G
C00305514      none	B	[cH0:1][c:2]!@[CX4H2:3][a:4]	134.997	0.713154	-	-	-	-	G
C37589811      none	B	[!#1:1][CX4:2]!@[CX4:3][!#1:4]	-60.0001	12.2558	-	-	-	-	G
C37589811      none	B	[$(C=O):1][NX3H0:2]!@[CX4H1:3][H:4]	0.00537367	15.8824	-	-	-	-	G
C37589811      none	B	[$([CX3]=O):1][NX3H0:2](C)!@[CX4H2:3][C:4]	60.0028	0.600343	-	-	-	-	O
C37589811      none	B	[O:1]=[CX3:2](a)!@[NX3H0:3][!#1:4]	-149.997	2.19542	-	-	-	-	G
C37589811      none	B	[N:1][CX4:2]!@[CX3:3]=[O:4]	-119.995	0.897291	-	-	-	-	G
C37589811      none	B	[a:1][c:2]!@[C:3]([NH0])=[O:4]	-149.689	1.44444	-	-	-	-	G
C37589811      none	B	[aH1:1][c:2]([aH1])!@[SX4:3][!#1:4]	90.0046	12.916	-	-	-	-	G
C62835056      none	B	[$(C=O):1][NX3H0:2]!@[CX4H1:3][H:4]	-55.6696	0.378151	-	-	-	-	R
C62835056      none	B	[O:1]=[CX3:2]!@[NX3H0:3][!#1:4]	29.998	0.680979	-	-	-	-	O
C62835056      none	B	N[C:2](=[O:1])!@[CH2:3][N:4]	59.9972	0.14881	-	-	-	-	O
C62835056      none	B	[C:1][CX4H2:2]!@[NX3:3][C:4]	-120	1.34412	-	-	-	-	O
C62835056      none	B	[CX4:1][CX4H2:2]!@[NX3:3][CX4:4]	-60.004	3.9001	-	-	-	-	G
C62835056      none	B	[cH0:1][c:2]([cH,nX2H0])!@[NX3H0:3][CX4:4]	-90.2783	1.8357	-	-	-	-	O
C62835056      none	B	[!#1:1][CX4H2:2]!@[CX4H2:3][!#1:4]	180	58.554	-	-	-	-	G
C62835056      none	B	[C:1][CX4H2:2]!@[CX3:3]=[O:4]	119.994	0.695249	-	-	-	-	O
C19437374      none	B	[s:1][c:2]!@[C:3]([NH1])=[O:4]	-60.0274	0	-	-	-	-	R
C19437374      none	B	[O:1]=[CX3:2]!@[NX3H1:3][!#1:4]	0.00120309	63.7893	-	-	-	-	G
C19437374      none	B	[$(C=O):1][NX3H1:2]!@[CX4H1:3][H:4]	-59.9973	1.23735	-	-	-	-	G
C19437374      none	B	[OX2:1][CX4:2]!@[CX4:3][N:4]	40.0016	1.66292	-	-	-	-	G
C19437374      none	B	[O:1]=[C:2]([O-])!@[CX4H1:3][H:4]	0.00919324	0.495663	-	-	-	-	O
C50659249      none	B	[!#1:1][CX4:2]!@[CX4:3][!#1:4]	-179.124	22.1548	-	-	-	-	G
C50659249      none	B	[*:1][$(S(=O)=O):2]!@[NX3H0r:3][*:4]	89.9985	4.85782	-	-	-	-	G
C50659249      none	B	[aH0:1][c:2]([aH1])!@[SX4:3][!#1:4]	-110.275	1.0568	-	-	-	-	O
C50659249      none	B	[O-:1][N+:2](=O)!@[c:3]([cH0])[cH,nX2H0:4]	90.2532	0.274725	-	-	-	-	O
C06091575      none	B	[*:1]~[CX4:2]!@[n:3]~[*:4]	150	3.15253	-	-	-	-	G
C06091575      none	B	[OX2:1][CX4:2]!@[CX4:3][OX2:4]	88.2359	0.42594	-	-	-	-	O
C16123949      none	B	[O:1]=[CX3:2]!@[NX3H1:3][!#1:4]	-0.00327095	63.7893	-	-	-	-	G
C16123949      none	B	[$(C=O):1][NX3H1:2]!@[CX4H1:3][H:4]	-29.9955	6.97413	-	-	-	-	G
C16123949      none	B	[$(C=O):1][O:2]!@[CH1:3][H:4]	-29.9976	11.3505	-	-	-	-	G
C16123949      none	B	[O:1]=[C:2]!@[O:3]~[C:4]	-0.00565919	74.4927	-	-	-	-	G
C40393887      none	B	[C:1][CX4:2]!@[CX3:3]=[O:4]	-89.9305	3.45082	-	-	-	-	G
C40393887      none	B	[O:1]=[CX3:2]!@[NX3H0:3][!#1:4]	-149.995	1.37927	-	-	-	-	O
C40393887      none	B	[O:1]=[CX3:2]!@[NX3H0:3][!#1:4]	0.312697	25.0866	-	-	-	-	G
C40393887      none	B	[O:1]=[C:2]([O-])!@[CX4H1:3][H:4]	-0.00407768	0.495663	-	-	-	-	O
C48507908      none	B	[n,o,s:1][c:2]!@[CX4H2:3][CX4:4]	0.32151	6.43231	-	-	-	-	G
C48507908      none	B	[$(C=O):1][NX3H1:2]!@[c:3](s)[n:4]	-0.00110624	0.574713	-	-	-	-	R
C48507908      none	B	[O:1]=[CX3:2]!@[NX3H1:3][!#1:4]	0.00041822	63.7893	-	-	-	-	G
C48507908      none	B	[O:1]=[CX3:2]!@[NX3H0:3][!#1:4]	150.278	1.73707	-	-	-	-	O
C48507908      none	B	[$(C=O):1][NX3H1:2]!@[CX4H1:3][H:4]	60.0028	6.22422	-	-	-	-	G
C48507908      none	B	[O:1]=[CX3:2]!@[NX3H1:3][!#1:4]	-0.00539817	63.7893	-	-	-	-	G
C37795378      none	B	[$(C=O):1][NX3:2]!@[a:3][aH0:4]	59.9763	2.5788	-	-	-	-	O
C37795378      none	B	[O:1]=[CX3:2]!@[NX3H1:3][!#1:4]	-0.00563909	63.7893	-	-	-	-	G
C37795378      none	B	[*^2:1]~[C^2:2]([!H])!@[C^2:3]~[*^2:4]	0.0111041	20.0453	-	-	-	-	G
C37795378      none	B	[*^2:1]~[C^2:2]([!H])!@[C^2:3]~[*^2:4]	0.00289629	20.0453	-	-	-	-	G
C43428239      none	B	[aH1:1][c:2]([aH1])!@[SX4:3][!#1:4]	-29.9975	0.190355	-	-	-	-	R
C43428239      none	B	[a:1][a:2]!@[NX3:3][!#1:4]	0.024554	10.9271	-	-	-	-	G
C43428239      none	B	[*:1][$(S(=O)=O):2]!@[NX3H0r:3][*:4]	-89.7264	4.88152	-	-	-	-	G
C63824412      none	B	[a:1][c:2]!@[CX4H1:3][H:4]	31.5245	4.04281	-	-	-	-	G
C63824412      none	B	[cH1,nX2H0:1][c:2]([cH1,nX2H0])!@[NX3r:3][*:4]	119.996	2.56328	-	-	-	-	O
C63824412      none	B	[c:1][c:2]!@[c:3][s,o,nX3H1:4]	-29.491	2.72579	-	-	-	-	G
C63824412      none	B	[cH1:1][c:2]([cH1])!@[CX3:3]=[O:4]	-0.00769266	14.2319	-	-	-	-	G
C61713128      none	B	[O:1]=[CX3:2]!@[NX3H0:3][!#1:4]	-30.0084	0.692521	-	-	-	-	O
C61713128      none	B	[O:1]=[CX3:2]!@[NX3H0:3][!#1:4]	150.297	1.73707	-	-	-	-	O
C61713128      none	B	[O:1]=[C:2]([O-])!@[CX4H1:3][H:4]	0.0037677	0.495663	-	-	-	-	O
C39693009      none	B	[!#1:1][CX4r:2]!@[CX4r:3][!#1:4]	-160.655	2.37148	-	-	-	-	G
C39693009      none	B	[!#1:1][CX4:2]!@[SX2:3][!#1:4]	-79.9944	6.01214	-	-	-	-	G
C39693009      none	B	[!#1:1][CX4:2]!@[SX2:3][!#1:4]	-60.0066	7.13757	-	-	-	-	G
C39693009      none	B	[!#1:1][CX4H2:2]!@[CX3:3]=[O:4]	90.003	1.06654	-	-	-	-	G
C39693009      none	B	[O:1]=[CX3:2]!@[NX3H1:3][!#1:4]	0.00638053	63.7893	-	-	-	-	G
C39693009      none	B	[$(C=O):1][NX3H1:2]!@[CX4H1:3][H:4]	29.9905	9.46757	-	-	-	-	G
C39693009      none	B	[!#1:1][CX4:2]!@[CX4:3][!#1:4]	-79.9986	1.71775	-	-	-	-	G
C39693009      none	B	[O:1]=[C:2]([O-])!@[CX4H1:3][H:4]	0.000340975	0.495663	-	-	-	-	O
C39693009      none	B	[cH0:1][c:2]!@[CX4H2:3][CX4:4]	-135.002	0.202532	-	-	-	-	R
C39097727      none	B	[!#1:1][CX4:2]!@[CX4:3][!#1:4]	179.975	22.1548	-	-	-	-	G
C32985018      none	B	[C:1][CX4H2:2]!@[OX2:3][c:4]	179.998	43.8829	-	-	-	-	G
C32985018      none	B	[cH1:1][c:2]([cH1])!@[O:3][C:4]	-179.733	26.896	-	-	-	-	G
C32985018      none	B	[$(S(=O)(=O)):1][NH0:2]!@[c:3]([cH1])[cH1:4]	-120.027	1.65289	-	-	-	-	G
C32985018      none	B	[*:1]~[N,n:2]!@[S:3]~[*:4]	173.86	5.49166	-	-	-	-	G
C32985018      none	B	[!#1:1][CX3:2]!@[SX4:3][!#1:4]	29.681	0.543478	-	-	-	-	R
C32985018      none	B	[*^2:1]~[C^2:2]([!H])!@[C^2:3]~[*^2:4]	-90.0047	1.27397	-	-	-	-	G
C32985018      none	B	[O:1]=[CX3:2]!@[NX3H0:3][!#1:4]	0.27182	25.0866	-	-	-	-	G
C32985018      none	B	[cH1,nX2H0:1][c:2]([cH1,nX2H0])!@[NX3r:3][*:4]	60.0057	2.78062	-	-	-	-	O
C32985018      none	B	[cH1:1][c:2]([cH1])!@[CX3:3]=[O:4]	-179.961	13.4921	-	-	-	-	G
C45648728      none	B	[!#1:1][CX4:2]!@[CX4:3][!#1:4]	80.0007	1.75235	-	-	-	-	G
C45648728      none	B	[$([CX3]=O):1][NX3H1:2]!@[CX4H2:3][C:4] 	90.0021	7.35439	-	-	-	-	G
C45648728      none	B	[O:1]=[CX3:2]([$([NX3H1]C)])!@[NX3H1:3][!#1:4]	180	9.5176	-	-	-	-	R
C45648728      none	B	[O:1]=[CX3:2]([$([NX3H1]C)])!@[NX3H1:3][!#1:4]	0.00265511	41.1343	-	-	-	-	G
C45648728      none	B	[$(C=O):1][NX3H1:2]!@[CX4H1:3][H:4]	-0.0016578	8.26772	-	-	-	-	G
C45648728      none	B	[!#1:1][CX4:2]!@[CX4:3][!#1:4]	179.999	22.1548	-	-	-	-	G
C45648728      none	B	[O:1]=[C:2]([O-])!@[CX4H1:3][H:4]	0.00192187	0.495663	-	-	-	-	O
C45648728      none	B	[!#1:1][CX4H2:2]!@[CX4H2:3][!#1:4]	180	58.554	-	-	-	-	G
C41071193      none	B	[aH1:1][c:2]([aH1])!@[SX4:3][!#1:4]	-30.0005	0.190355	-	-	-	-	R
C41071193      none	B	[a:1][a:2]!@[NX3:3][!#1:4]	0.033786	10.9271	-	-	-	-	G
C41071193      none	B	[*:1][$(S(=O)=O):2]!@[NX3H0r:3][*:4]	90.2787	4.85782	-	-	-	-	G
C37840528      none	B	[aH0:1][c:2]([aH0])!@[SX4:3][!#1:4]	-83.8643	8.10056	-	-	-	-	G
C37840528      none	B	[*:1][$(S(=O)=O):2]!@[NX3H0r:3][*:4]	60.2892	7.32227	-	-	-	-	G
C37840528      none	B	[$(C=O):1][NX3H1:2]!@[CX4H1:3][H:4]	29.9923	9.46757	-	-	-	-	G
C37840528      none	B	[O:1]=[CX3:2]!@[NX3H1:3][!#1:4]	0.00657598	63.7893	-	-	-	-	G
C12862092      none	B	[cH1:1][a:2]([cH1])!@[a:3]([sX2,o,nX2H0,nX3H1:4])	-119.683	0.969173	-	-	-	-	R
C12862092      none	B	[!#1:1][CH2:2]!@[n:3][cH0:4]	89.9991	14.7896	-	-	-	-	G
C12862092      none	B	[!#1:1][CX4H2:2]!@[CX3:3]=[O:4]	-150.003	0.689004	-	-	-	-	O
C12862092      none	B	[O:1]=[CX3:2]!@[NX3H1:3][!#1:4]	-0.00621081	63.7893	-	-	-	-	G
C12862092      none	B	[$(C=O):1][NX3H1:2]!@[CX4H1:3][H:4]	-31.9941	6.97413	-	-	-	-	G
C12862092      none	B	[!#1:1][CX4:2]!@[CX4:3][!#1:4]	79.9987	1.75235	-	-	-	-	G
C12862092      none	B	[cH0:1][c:2]!@[CX4H1:3][CX4:4]	89.7284	4.45044	-	-	-	-	G
C12862092      none	B	[C:1][CX4H2:2]!@[CX3:3]=[O:4]	60.003	1.60569	-	-	-	-	O
C12862092      none	B	[O:1]=[C:2]!@[O:3]~[C:4]	-0.00174659	74.4927	-	-	-	-	G
C12862092      none	B	[$(C=O):1][O:2]!@[CH1:3][H:4]	30.0043	10.7465	-	-	-	-	G
C12862092      none	B	[O-:1][N+:2](=O)!@[c:3]([cH0])[cH,nX2H0:4]	90.2079	0.274725	-	-	-	-	O
C20215145      none	B	[O-:1][N+:2](=O)!@[c:3]([cH,nX2H0])[cH,nX2H0:4]	179.974	23.2156	-	-	-	-	G
C20215145      none	B	[a:1][c:2]!@[C:3]([NH1,NH2])=[O:4]	150	5.34677	-	-	-	-	O
C20215145      none	B	[O:1]=[CX3:2]!@[NX3H1:3][!#1:4]	0.00353335	63.7893	-	-	-	-	G
C20215145      none	B	[$(C=O):1][NX3H1:2]!@[CX4H1:3][H:4]	29.9939	9.46757	-	-	-	-	G
C20215145      none	B	[OX2:1][CX4:2]!@[CX4:3][N:4]	-59.9984	14.8764	-	-	-	-	G
C20215145      none	B	[O:1]=[C:2]([O-])!@[CX4H1:3][H:4]	90.0027	0.86741	-	-	-	-	O
C02346906      none	B	[O:1]=[C:2]!@[NX3H0:3]([a:4])[A]	-149.991	3.17023	-	-	-	-	G
C02346906      none	B	[$(C=O):1][NX3H0:2]!@[CX4H2:3][!#1:4]	59.9962	0.649351	-	-	-	-	G
C02346906      none	B	[$(C=O):1][NX3H0:2]!@[c:3]([cH1])[cH1:4]	29.9992	1.15477	-	-	-	-	G
C02346906      none	B	[!#1:1][CX4H2:2]!@[CX4H2:3][!#1:4]	60	3.99483	-	-	-	-	G
C02346906      none	B	[C:1][CX4H2:2]!@[CX3:3]=[O:4]	59.9983	1.60569	-	-	-	-	O
C02346906      none	B	[O:1]=[C:2]!@[O:3]~[C:4]	-0.0128775	74.4927	-	-	-	-	G
C02346906      none	B	[cH1:1][c:2]([cH1])!@[NX3:3][a:4]	180	2.29759	-	-	-	-	O
C02346906      none	B	[a:1][a:2]!@[NX3:3][!#1:4]	-119.73	1.58818	-	-	-	-	O
C02346906      none	B	[$(S(=O)(=O)):1][N:2]!@[c:3][a:4]	-89.9983	5.66406	-	-	-	-	G
C02346906      none	B	[c:1][S:2](=O)(=O)!@[NX2H0-:3]-[*:4]	-60.0005	11.1111	-	-	-	-	G
C02346906      none	B	[aH1:1][c:2]([aH1])!@[SX4:3][!#1:4]	-89.7274	12.5987	-	-	-	-	G
C45918791      none	B	[O:1]=[C:2]([O-])!@[c:3][nX3H1:4]	-89.8422	0	-	-	-	-	R
C45918791      none	B	[a:1][c:2]!@[CX4H1:3][H:4]	-59.4116	1.09004	-	-	-	-	G
C41074078      none	B	[$(C=O):1][NX3H1:2]!@[CX4H1:3][H:4]	-60.0048	1.23735	-	-	-	-	G
C41074078      none	B	[O:1]=[CX3:2]([$([NX3H1]C)])!@[NX3H1:3][!#1:4]	0.0156677	41.1343	-	-	-	-	G
C41074078      none	B	[O:1]=[C:2]([NH1])!@[NX3H1:3](C=O)[H:4]	-0.00289715	58.9474	-	-	-	-	G
C41074078      none	B	[O:1]=[C:2]!@[NX3H1:3](C=O)[H:4]	179.996	35.6725	-	-	-	-	G
C41074078      none	B	[OX2:1][CX4H2:2]!@[CX3:3]([$([NX3H1,NX3H2])])=[O:4]	29.9965	0.357143	-	-	-	-	O
C41074078      none	B	[C:1][CH2:2]!@[O:3][CX4:4]	80.0081	1.71561	-	-	-	-	G
C41074078      none	B	[C:1][CH2:2]!@[O:3][CX4:4]	-60.0013	0.329924	-	-	-	-	O
C41074078      none	B	[O:1][CX4:2]!@[CX3:3]=[O:4]	-89.9899	0.491063	-	-	-	-	O
C62100757      none	B	[!#1:1][CX4:2]!@[CX4:3][!#1:4]	59.9945	12.3771	-	-	-	-	G
C62100757      none	B	[!#1:1][CX4H2:2]!@[CX4H2:3][!#1:4]	180	58.554	-	-	-	-	G
C62100757      none	B	[!#1:1][CX4H2:2]!@[CX4H2:3][!#1:4]	59.9967	3.99483	-	-	-	-	G
C62100757      none	B	[$([CX3]=O):1][NX3H1:2]!@[CX4H2:3][C:4] 	-119.997	2.61599	-	-	-	-	O
C62100757      none	B	[O:1]=[CX3:2]!@[NX3H1:3][!#1:4]	0.00246218	63.7893	-	-	-	-	G
C62100757      none	B	[O:1]=[C:2]!@[NX3H0:3]([a:4])[A]	180	18.3322	-	-	-	-	G
C62100757      none	B	[$(C=O):1][NX3H0:2]!@[CX4H2:3][!#1:4]	89.9973	13.8915	-	-	-	-	G
C62100757      none	B	[$(C=O):1][NX3H0:2]!@[c:3]([cH1])[cH1:4]	60.005	4.89486	-	-	-	-	G
C62100757      none	B	[N:1][CX4:2]!@[CX3:3]=[O:4]	119.994	0.766617	-	-	-	-	G
C43218595      none	B	[N:1][CX4:2]!@[CX3:3]=[O:4]	121.48	0.766617	-	-	-	-	G
C43218595      none	B	[cH0:1][c:2]!@[CX4H1:3][CX4:4]	59.7262	1.73972	-	-	-	-	O
C43218595      none	B	[cH1:1][c:2]([cH1])!@[O:3][C:4]	180	26.896	-	-	-	-	G
C43218595      none	B	[$([cH0]([CX3])):1][c:2]([cH1])!@[O:3][C:4]	-90.0037	1.38889	-	-	-	-	R
C43218595      none	B	[cH0:1][c:2]([cH0])!@[CX3:3]=[O:4]	60.0078	2.43032	-	-	-	-	G
C43218595      none	B	[O:1]=[C:2]!@[O:3]~[C:4]	-0.00828945	74.4927	-	-	-	-	G
C20246463      none	B	[a:1][a:2]!@[NX3:3][!#1:4]	180	11.4213	-	-	-	-	G
C20246463      none	B	[*:1]~[NX3:2]!@[NX2:3]~[*:4]	-59.9997	0.223687	-	-	-	-	R
C20246463      none	B	[cH1:1][c:2]([cH0])!@[CX3x0:3]=[NX2:4]	150.275	0.0708968	-	-	-	-	G
C63078784      none	B	[!#1:1][CX4:2]!@[CX4:3][!#1:4]	179.919	22.1548	-	-	-	-	G
C63078784      none	B	[!#1:1][CX4H2:2]!@[NX3;"N_lp":3][!#1:4]	180	4.52135	-	-	-	-	G
C63078784      none	B	[a:1][c:2]!@[CX4H2:3][!#1:4]	-89.7251	7.30446	-	-	-	-	G
C61808462      none	B	[aH0:1][c:2]([aH1])!@[SX4:3][!#1:4]	109.977	1.0568	-	-	-	-	O
C61808462      none	B	[O:1]=[C:2]([O-])!@[c:3][a:4]	-0.000880515	11.4943	-	-	-	-	G
C61808462      none	B	[c:1][$(S(=O)=O):2]!@[NX3H0:3][C:4]	89.9957	4.81691	-	-	-	-	G
C61808462      none	B	[$(S(=O)(=O)):1][NX3H0:2]!@[CX4H2:3][!#1:4]	60.0039	0.215517	-	-	-	-	R
C61808462      none	B	[$(S(=O)(=O)):1][NX3H0:2]!@[CX4H2:3][!#1:4]	-60.0105	0	-	-	-	-	R
C61808462      none	B	N[C:2](=[O:1])!@[CH2:3][N:4]	60.0056	0.14881	-	-	-	-	O
C61808462      none	B	N[C:2](=[O:1])!@[CH2:3][N:4]	150.004	3.125	-	-	-	-	G
C65832438      none	B	[a:1][c:2]!@[C:3]([NH0])=[O:4]	120.004	4.19444	-	-	-	-	G
C65832438      none	B	[$(S(=O)(=O)):1][NH0:2]!@[c:3]([cH1])[cH1:4]	89.9642	15.7025	-	-	-	-	G
C65832438      none	B	[c:1][S:2](=O)(=O)!@[NX2H0-:3]-[*:4]	59.9981	8.33333	-	-	-	-	G
C65832438      none	B	[aH1:1][c:2]([aH1])!@[SX4:3][!#1:4]	90.2734	12.916	-	-	-	-	G
C65832438      none	B	[cH1:1][a:2]([cH1])!@[a:3]([sX2,o,nX2H0,nX3H1:4])([cH1])	179.996	11.5003	-	-	-	-	G
C65832438      none	B	[O:1]=[CX3:2](a)!@[NX3H0:3][!#1:4]	0.324393	23.6549	-	-	-	-	G
C33434739      none	B	[cH0:1][c:2]([cH,nX2H0])!@[NX3H1:3][CX4:4]	160	3.7196	-	-	-	-	O
C33434739      none	B	[aH1:1][c:2]([aH1])!@[SX4:3][!#1:4]	90.0005	12.916	-	-	-	-	G
C33434739      none	B	[!#1:1][CX4H2:2]!@[NX3H1:3][!#1:4]	-120.004	2.14327	-	-	-	-	O
C33434739      none	B	[!#1:1][CX4H2:2]!@[CX4H2:3][!#1:4]	60.0062	3.99483	-	-	-	-	G
C40657476      none	B	[cH1:1][c:2]([cH1])!@[C:3]([NH1,NH2])=[O:4]	27.0124	8.08167	-	-	-	-	G
C40657476      none	B	[O:1]=[CX3:2]!@[NX3H1:3][!#1:4]	-0.00331012	63.7893	-	-	-	-	G
C40657476      none	B	[*:1]~[NX3:2]!@[NX3:3]~[*:4]	119.993	2.59525	-	-	-	-	G
C40657476      none	B	[a:1][a:2]!@[NX3:3][!#1:4]	-120.001	1.58818	-	-	-	-	O
C40657476      none	B	[O-:1][N+:2](=O)!@[c:3]([cH0])[cH0:4]	89.9873	5.69106	-	-	-	-	G
C36745545      none	B	[aH0:1][c:2]([aH0])!@[SX4:3][!#1:4]	-143.859	0.977654	-	-	-	-	R
C36745545      none	B	[!#1:1][CH2:2]!@[n:3][cH0:4]	-90.0011	15.4696	-	-	-	-	G
C36745545      none	B	[!#1:1][CX4H2:2]!@[CX3:3]=[O:4]	-120.004	0.59462	-	-	-	-	G
C36745545      none	B	[c:1][$(S(=O)=O):2]!@[NX3H1:3][C:4]	90.0034	2.64026	-	-	-	-	G
C36745545      none	B	[$(S(=O)(=O)):1][NX3H1:2]!@[CX4H2:3][!#1:4]	119.995	2.14592	-	-	-	-	O
C36745545      none	B	[!#1:1][CX4H2:2]!@[CX4H2:3][!#1:4]	-59.9958	3.77933	-	-	-	-	G
C36745545      none	B	[!#1:1][CX4:2]!@[SX4:3][!#1:4]	-172.266	7.34737	-	-	-	-	G
C04299300      none	B	[cH0:1][c:2]!@[CX4H1:3][CX4:4]	-120.003	7.57923	-	-	-	-	G
C04299300      none	B	[OX2:1][CX4:2]!@[CX4:3][N:4]	40.0038	1.66292	-	-	-	-	G
C04299300      none	B	[O:1]=[C:2]([O-])!@[CX4H1:3][H:4]	90.0003	0.86741	-	-	-	-	O
C04299300      none	B	[$(C=O):1][NX3H1:2]!@[CX4H1:3][H:4]	29.9972	9.46757	-	-	-	-	G
C04299300      none	B	[O:1]=[CX3:2]!@[NX3H1:3][!#1:4]	179.984	2.24265	-	-	-	-	G
C04299300      none	B	[O:1]=[C:2]!@[O:3]~[CH0:4]	-29.9917	0.596506	-	-	-	-	R
C04299300      none	B	[!#1:1][CX4H0:2]!@[OX2:3][!#1:4]	59.9953	19.4328	-	-	-	-	G
C44608184      none	B	[O:1]=[CX3:2]!@[NX3H1:3][!#1:4]	-0.00496061	63.7893	-	-	-	-	G
C44608184      none	B	[$(C=O):1][NX3H1:2]!@[CX4H1:3][H:4]	-59.9981	1.23735	-	-	-	-	G
C44608184      none	B	[$(C=O):1][O:2]!@[CH1:3][H:4]	0.000868494	9.45727	-	-	-	-	G
C44608184      none	B	[OX2:1][CX4:2]!@[CX4:3][OX2:4]	-179.945	13.4277	-	-	-	-	G
C44608184      none	B	[O:1]=[C:2]!@[O:3]~[C:4]	29.9961	0.0796663	-	-	-	-	R
C44932236      none	B	[*:1]~[CX4:2]!@[n:3]~[*:4]	30.0046	3.02094	-	-	-	-	G
C44932236      none	B	[cH1:1][a:2]([cH1])!@[a:3]([sX2,o,nX2H0,nX3H1:4])	90.2382	0.262728	-	-	-	-	R
C09329232      none	B	[cH1:1][c:2]([cH1])!@[CX3:3]([CX3H0])=[O:4]	60.0035	0.204918	-	-	-	-	R
C09329232      none	B	[*^2:1]~[C^2:2]([!H])!@[C^2:3]~[*^2:4]	-149.676	1.11601	-	-	-	-	O
C09329232      none	B	[$([CX3]=O):1][NX3H0:2](C)!@[CX4H2:3][C:4]	90.0082	14.7513	-	-	-	-	G
C09329232      none	B	[a:1][c:2]!@[CX4H1:3][N,O:4]	123.32	3.12238	-	-	-	-	G
C09329232      none	B	[cH1:1][c:2](cO)!@[O:3][C:4]	90.0167	0.310835	-	-	-	-	R
C09329232      none	B	[OX2:1][CX4H2:2]!@[CX4H2:3][Nr:4]	59.9932	18.1373	-	-	-	-	G
C09329232      none	B	[C:1][CH2:2]!@[O:3][CX4:4]	60.0074	0.263939	-	-	-	-	O
C38076244      none	B	[$(C=O):1][NX3H1:2]!@[c:3]([cH1])[cH1:4]	-150.024	5.07451	-	-	-	-	G
C38076244      none	B	[O:1]=[CX3:2]!@[NX3H1:3][!#1:4]	30.0051	0.0707142	-	-	-	-	O
C38076244      none	B	[O:1]=[CX3:2]!@[NX3H0:3][!#1:4]	30.3112	0.680979	-	-	-	-	O
C38076244      none	B	[O:1]=[C:2]([O-])!@[CX4H1:3][H:4]	9.14715e-05	0.495663	-	-	-	-	O
C06668369      none	B	[$(C=O):1][NX3H1:2]!@[c:3]([cH1])[cH1:4]	149.984	5.05437	-	-	-	-	G
C06668369      none	B	[O:1]=[CX3:2]!@[NX3H1:3][!#1:4]	-0.00517039	63.7893	-	-	-	-	G
C06668369      none	B	[a:1][c:2]!@[C:3]([NH1,NH2])=[O:4]	60.3119	0.626362	-	-	-	-	G
C06668369      none	B	[cH1:1][a:2]([cH1])!@[a:3]([sX2,o,nX2H0,nX3H1:4])	-179.685	10.6726	-	-	-	-	G
C54396229      none	B	[cH1,n:1][c:2]!@[O:3][CRH1:4]	29.9885	4.06504	-	-	-	-	G
C54396229      none	B	[nX2H0:1][c:2]!@[C:3](=[N:4])(-[NH1,NH2])	59.9514	0	-	-	-	-	O
C54396229      none	B	[H:1][CX4H1:2]!@[OX2:3][!#1:4]	-11.574	7.65363	-	-	-	-	G
C35695929      none	B	[$([CX3]=O):1][NX3H0:2](C)!@[CX4H2:3][C:4]	90.0022	14.7513	-	-	-	-	G
C35695929      none	B	[$([CX3]=O):1][NX3H0:2](C)!@[CX4H2:3][C:4]	-89.9972	15.9949	-	-	-	-	G
C35695929      none	B	[O:1]=[CX3:2]!@[NX3H0:3][!#1:4]	-30.0013	0.692521	-	-	-	-	O
C35695929      none	B	[*^2:1]~[C^2:2]([!H])!@[C^2:3]~[*^2:4]	120.276	0.806964	-	-	-	-	G
C35695929      none	B	[cH0:1][c:2]!@[CX4H1:3][CX3:4]	119.725	7.49415	-	-	-	-	G
C35695929      none	B	[C:1][CX4:2]!@[CX3:3][C:4]	-30.0327	0.603406	-	-	-	-	G
C35695929      none	B	[O:1]=[CX3:2]([NH1])!@[CH2:3][C:4]	-59.9967	5.85305	-	-	-	-	G
C35695929      none	B	[O:1]=[CX3:2]!@[NX3H1:3][!#1:4]	-0.00290779	63.7893	-	-	-	-	G
C35695929      none	B	[$([CX3]=O):1][NX3H1:2]!@[CX4H2:3][C:4] 	120.002	2.76407	-	-	-	-	O
C35695929      none	B	[!#1:1][CX4H2:2]!@[CX4H2:3][!#1:4]	-60.0014	3.77933	-	-	-	-	G
C35695929      none	B	[CX4:1][CX4H2:2]!@[NX3;"N_lp":3][CX4:4]	-76.3661	8.1206	-	-	-	-	G
C61370369      none	B	[a:1][c:2]!@[CX4H1:3][N,O:4]	60.0012	3.42939	-	-	-	-	G
C61370369      none	B	[$(C=O):1][NX3H1:2]!@[CX4H1:3][H:4]	-29.9967	6.97413	-	-	-	-	G
C61370369      none	B	[O:1]=[CX3:2]!@[NX3H1:3][!#1:4]	-0.00666805	63.7893	-	-	-	-	G
C61370369      none	B	[O:1]=[CX3:2]!@[NX3H0:3][!#1:4]	0.307044	25.0866	-	-	-	-	G
C61370369      none	B	[O:1]=[C:2]([O-])!@[CX4H1:3][H:4]	89.9911	0.86741	-	-	-	-	O
C10121101      none	B	[C:1][CH2:2]!@[O:3][CX4:4]	59.9982	0.263939	-	-	-	-	O
C10121101      none	B	[C:1][CH2:2]!@[O:3][CX4:4]	160.001	5.67469	-	-	-	-	G
C10121101      none	B	[OX2:1][CX4H2:2]!@[CX4H2:3][OX2:4]	179.999	10.6129	-	-	-	-	G
C10121101      none	B	[C:1][CX4H2:2]!@[OX2:3][c:4]	150.001	0.884397	-	-	-	-	O
C10121101      none	B	[cH1:1][c:2]([cH1])!@[O:3][C:4]	-149.715	0.243246	-	-	-	-	R
C10121101      none	B	[cH1:1][c:2]([cH1])!@[C:3]([NH1,NH2])=[O:4]	152.742	9.05971	-	-	-	-	G
C10121101      none	B	[O:1]=[CX3:2]!@[NX3H1:3][!#1:4]	-0.000284307	63.7893	-	-	-	-	G
C10121101      none	B	[$(C=O):1][NX3H1:2]!@[CX3:3]=[*H0:4]	179.997	33.8082	-	-	-	-	G
C10121101      none	B	[!#1:1][CX3:2](=S)!@[NX3H1:3][!#1:4]	180	37.0618	-	-	-	-	G
C10121101      none	B	[a:1][a:2]!@[NX3:3][!#1:4]	-89.771	1.65296	-	-	-	-	O
C10121101      none	B	[aH1:1][c:2]([aH1])!@[SX4:3][!#1:4]	90.0117	12.916	-	-	-	-	G
C10121101      none	B	[c:1][S:2](=O)(=O)!@[NX2H0-:3]-[*:4]	59.9625	8.33333	-	-	-	-	O
C10121101      none	B	[$(S(=O)(=O)):1][N:2]!@[c:3][a:4]	30.0321	2.05078	-	-	-	-	O
C40111418      none	B	[a:1][c:2]!@[CX4H1:3][N,O:4]	28.4127	3.56196	-	-	-	-	G
C40111418      none	B	[*^2:1]~[C^2:2]([!H])!@[C^2:3]~[*^2:4]	119.974	0.806964	-	-	-	-	G
C40111418      none	B	[$([CX3]=O):1][NX3H0:2](C)!@[CX4H2:3][C:4]	-90.0394	15.9949	-	-	-	-	G
C40111418      none	B	[OX2:1][CX4H2:2]!@[CX4H2:3][Nr:4]	-60.0005	16.6667	-	-	-	-	G
C40111418      none	B	[cH1:1][c:2]([cH1])!@[CX3:3]([CX3H0])=[O:4]	-29.7046	3.55191	-	-	-	-	G
C40111418      none	B	[aH1:1][c:2]([aH1])!@[SX4:3][!#1:4]	90.0005	12.916	-	-	-	-	G
C40111418      none	B	[*:1][$(S(=O)=O):2]!@[NX3H0r:3][*:4]	90.2806	4.85782	-	-	-	-	G
C49539942      none	B	[NH1:1][CX4:2]!@[CX3:3]=[O:4]	-150.004	4.5183	-	-	-	-	G
C49539942      none	B	[$(C=O):1][NX3H1:2]!@[CX4H0:3][C:4]	179.998	11.3993	-	-	-	-	G
C49539942      none	B	[O:1]=[CX3:2]([$([NX3H1]C)])!@[NX3H1:3][!#1:4]	-0.0059061	41.1343	-	-	-	-	G
C49539942      none	B	[O:1]=[CX3:2]([$([NX3H1]C)])!@[NX3H1:3][!#1:4]	-179.99	9.5176	-	-	-	-	R
C49539942      none	B	[$(C=O):1][NX3H1:2]!@[CX4H2:3][!#1:4]	-149.999	1.65159	-	-	-	-	G
C49539942      none	B	[a:1][c:2]!@[CX4H2:3][!#1:4]	90.3193	7.24386	-	-	-	-	G
C48988394      none	B	[O:1]=[CX3:2]!@[NX3H1:3][!#1:4]	-0.00991592	63.7893	-	-	-	-	G
C48988394      none	B	[C:1][CX4:2]!@[CX3:3]=[O:4]	0.046592	5.61823	-	-	-	-	G
C48988394      none	B	[O:1]=[CX3:2]!@[NX3H0:3][!#1:4]	-29.9983	0.692521	-	-	-	-	O
C48988394      none	B	[O:1]=[CX3:2]!@[NX3H1:3][!#1:4]	-0.000146834	63.7893	-	-	-	-	G
C48988394      none	B	[$([CX3]=O):1][NX3H1:2]!@[CX4H2:3][C:4] 	89.997	7.35439	-	-	-	-	G
C48988394      none	B	N[C:2](=[O:1])!@[CH2:3][N:4]	90.0018	0	-	-	-	-	R
C48988394      none	B	[O:1]=[CX3:2]!@[NX3H1:3][!#1:4]	0.000666264	63.7893	-	-	-	-	G
C48988394      none	B	[$([CX3]=O):1][NX3H1:2]!@[CX4H2:3][C:4] 	179.976	6.46594	-	-	-	-	G
C48988394      none	B	[NH1:1][CX4:2]!@[CX3:3]=[O:4]	120.012	0.41354	-	-	-	-	G
C13144525      none	B	[C:1][CH2:2]!@[O:3][CX4:4]	-59.9961	0.329924	-	-	-	-	O
C13144525      none	B	[H:1][CX4H1:2]!@[O:3][CX4:4]	60.0005	4.42842	-	-	-	-	G
C13144525      none	B	[OX2:1][CX4:2]!@[CX4:3][OX2:4]	83.874	2.87509	-	-	-	-	O
C13144525      none	B	[*:1]~[CX4:2]!@[n:3]~[*:4]	120.002	3.12393	-	-	-	-	G
C50920124      none	B	[$([CX3]=O):1][NX3H0:2](C)!@[CX4H2:3][C:4]	90.0033	14.7513	-	-	-	-	G
C50920124      none	B	[O:1]=[C:2]([O-])!@[CX4H1:3][H:4]	-0.00592106	0.495663	-	-	-	-	O
C50920124      none	B	[!#1:1][CX4H2:2]!@[CX4H2:3][!#1:4]	179.997	58.554	-	-	-	-	G
C50920124      none	B	[!#1:1][CX4H2:2]!@[CX4H2:3][!#1:4]	180	58.554	-	-	-	-	G
C50920124      none	B	[!#1:1][CX4H2:2]!@[CX4H2:3][!#1:4]	180	58.554	-	-	-	-	G
C44608197      none	B	[O:1]=[CX3:2]!@[NX3H1:3][!#1:4]	-0.00357448	63.7893	-	-	-	-	G
C44608197      none	B	[$(C=O):1][NX3H1:2]!@[CX4H1:3][H:4]	-29.9978	6.97413	-	-	-	-	G
C44608197      none	B	[OX2:1][CX4:2]!@[CX4:3][OX2:4]	-160.085	0.511128	-	-	-	-	G
C44608197      none	B	[C:1][CX4H2:2]!@[OX2:3][!#1:4]	80.0025	3.4026	-	-	-	-	G
C44608197      none	B	[*:1]~[OX2:2]!@[SX4:3]~[*:4]	39.9984	4.66479	-	-	-	-	G
C48843392      none	B	[!#1:1][CX4:2]!@[CX4:3][!#1:4]	159.998	1.81259	-	-	-	-	G
C48843392      none	B	[$(C=O):1][NX3H1:2]!@[CX4H1:3][H:4]	-29.9978	6.97413	-	-	-	-	G
C48843392      none	B	[C:1][CX4H2:2]!@[CX3:3]=[O:4]	120.006	0.695249	-	-	-	-	O
C48843392      none	B	[O:1]=[CX3:2]([$([NX3H1]C)])!@[NX3H1:3][!#1:4]	-0.0105204	41.1343	-	-	-	-	G
C48843392      none	B	[O:1]=[CX3:2]([$([NX3H1]C)])!@[NX3H1:3][!#1:4]	0.0120927	41.1343	-	-	-	-	G
C48843392      none	B	[$([CX3]=O):1][NX3H1:2]!@[CX4H2:3][C:4] 	-90.0054	7.35439	-	-	-	-	G
C48843392      none	B	N[C:2](=[O:1])!@[CH2:3][N:4]	-90.0004	0.14881	-	-	-	-	R
C48843392      none	B	[O:1]=[CX3:2]!@[NX3H0:3][!#1:4]	-149.704	1.37927	-	-	-	-	O
C44610208      none	B	[a:1][a:2]!@[NX3:3][!#1:4]	120.265	1.62057	-	-	-	-	O
C40475535      none	B	[C:1][CX4H2:2]!@[OX2:3][c:4]	119.998	0.336913	-	-	-	-	R
C40475535      none	B	[cH1:1][c:2](cO)!@[O:3][C:4]	119.997	0.236827	-	-	-	-	R
C40475535      none	B	[a:1][c:2]!@[CX4H1:3][a:4]	-150.495	2.31954	-	-	-	-	G
C40475535      none	B	[$(C=O):1][NX3H0:2]!@[c:3]([cH1])[cH1:4]	-59.9963	5.10169	-	-	-	-	G
C40475535      none	B	[O-:1][N+:2](=O)!@[c:3]([cH,nX2H0])[cH,nX2H0:4]	180	23.2156	-	-	-	-	G
C20426104      none	B	[a:1][c:2]!@[CX4H2:3][CX3:4]	-89.9773	7.62274	-	-	-	-	G
C20426104      none	B	[c:1][CX4H2:2]!@[CX3:3]=[O:4]	60.0036	1.9943	-	-	-	-	G
C20426104      none	B	[O:1]=[CX3:2]!@[NX3H0:3][!#1:4]	0.314886	25.0866	-	-	-	-	G
C20426104      none	B	[O:1]=[C:2]([O-])!@[CX4H1:3][H:4]	89.993	0.86741	-	-	-	-	O
C61527691      none	B	[a:1][c:2]!@[C:3]([NH1,NH2])=[O:4]	-30	5.14706	-	-	-	-	O
C61527691      none	B	[O:1]=[CX3:2]!@[NX3H1:3][!#1:4]	-0.00333467	63.7893	-	-	-	-	G
C61527691      none	B	[*:1]~[NX3:2]!@[NX3:3]~[*:4]	-89.9918	3.3545	-	-	-	-	G
C61527691      none	B	[O:1]=[CX3:2]!@[NX3H1:3][!#1:4]	-0.00593232	63.7893	-	-	-	-	G
C61527691      none	B	[cH1:1][c:2]([cH1])!@[C:3]([NH1,NH2])=[O:4]	152.997	9.05971	-	-	-	-	G
C44975906      none	B	[NH1:1][CX4:2]!@[CX3:3]=[O:4]	-29.9939	4.44172	-	-	-	-	G
C44975906      none	B	[$(C=O):1][NX3H1:2]!@[CX4H0:3][C:4]	60.0034	13.3187	-	-	-	-	G
C44975906      none	B	[O:1]=[CX3:2]([$([NX3H1]C)])!@[NX3H1:3][!#1:4]	-0.0102373	41.1343	-	-	-	-	G
C44975906      none	B	[O:1]=[CX3:2]([$([NX3H1]C)])!@[NX3H1:3][!#1:4]	180	9.5176	-	-	-	-	R
C44975906      none	B	[$([CX3]=O):1][NX3H1:2]!@[CX4H2:3][C:4] 	150.001	1.43139	-	-	-	-	O
C44975906      none	B	[!#1:1][CX4:2]!@[CX4:3][!#1:4]	179.759	22.1548	-	-	-	-	G
C38109026      none	B	[C:1][CX4:2]!@[CX3:3]=[O:4]	-149.935	1.18876	-	-	-	-	G
C38109026      none	B	[*:1][$(S(=O)=O):2]!@[NX3H0r:3][*:4]	60.0068	7.32227	-	-	-	-	G
C38109026      none	B	[aH1:1][c:2]([aH1])!@[SX4:3][!#1:4]	-69.7142	5.44275	-	-	-	-	G
C67286336      none	B	[$(C=O):1][NX3:2]!@[a:3]([nX2H0])[cH0:4]	180	12.037	-	-	-	-	G
C67286336      none	B	[O:1]=[CX3:2]!@[NX3H1:3][!#1:4]	0.000716265	63.7893	-	-	-	-	G
C67286336      none	B	N[C:2](=[O:1])!@[CH2:3][N:4]	179.998	8.33333	-	-	-	-	G
C67286336      none	B	[$([CX3]=O):1][NX3H1:2]!@[CX4H2:3][C:4] 	120.001	2.76407	-	-	-	-	O
C67286336      none	B	[O:1]=[CX3:2]!@[NX3H1:3][!#1:4]	0.00278458	63.7893	-	-	-	-	G
C67286336      none	B	[!#1:1][CX4H2:2]!@[CX3:3]=[O:4]	59.9975	1.20812	-	-	-	-	G
C67286336      none	B	[!#1:1][CH2:2]!@[n:3][a:4]	45.3094	0.859064	-	-	-	-	O
C06815713      none	B	[a:1][a:2]!@[NX3:3][!#1:4]	89.9832	1.62893	-	-	-	-	O
C06815713      none	B	[O:1]=[C:2]([O-])!@[c:3]([cH1])[cH1:4]	179.998	7.35294	-	-	-	-	G
C06815713      none	B	[!#1:1][CX3:2](=S)!@[NX3H1:3][!#1:4]	179.99	37.0618	-	-	-	-	G
C06815713      none	B	[$(C=O):1][NX3H1:2]!@[CX3:3]=[*H0:4]	180	33.8082	-	-	-	-	G
C06815713      none	B	[O:1]=[CX3:2]!@[NX3H1:3][!#1:4]	-0.00124905	63.7893	-	-	-	-	G
C06815713      none	B	[cH1:1][c:2]([cH1])!@[C:3]([NH1,NH2])=[O:4]	152.994	9.05971	-	-	-	-	G
C06815713      none	B	[O-:1][N+:2](=O)!@[c:3]([cH,nX2H0])[cH,nX2H0:4]	179.978	23.2156	-	-	-	-	G
C37838107      none	B	[!#1:1][CX4:2]!@[CX4:3][!#1:4]	60.0039	12.3771	-	-	-	-	G
C37838107      none	B	[*:1][$(S(=O)=O):2]!@[NX3H0r:3][*:4]	-90.0017	4.88152	-	-	-	-	G
C37838107      none	B	[!#1:1][CX4:2]!@[SX4:3][!#1:4]	180	13.1368	-	-	-	-	G
C37838107      none	B	[!#1:1][CX4H2:2]!@[CX4H2:3][!#1:4]	180	58.554	-	-	-	-	G
C37838107      none	B	[C:1][CX4H2:2]!@[CX3:3]=[O:4]	-119.994	0.79457	-	-	-	-	O
C37838107      none	B	[$(S(=O)(=O)):1][NX3H1:2]!@[CX4H2:3][!#1:4]	-120.005	2.14592	-	-	-	-	O
C37838107      none	B	[*:1][$(S(=O)=O):2]!@[NX3H1:3][*:4]	60.002	8.81913	-	-	-	-	G
CHEMBL51660      none	B	[CX3:1]=[CX3:2]!@[CH2:3][C:4]	119.997	8.89643	-	-	-	-	G
CHEMBL51660      none	B	[*^2:1]~[C^2:2]([!H])!@[C^2:3]~[*^2:4]	59.9968	0.650722	-	-	-	-	O
CHEMBL51660      none	B	[!#1:1][CX4:2]!@[CX4:3][!#1:4]	-160.005	1.85018	-	-	-	-	G
CHEMBL51660      none	B	[O:1]=[C:2]([O-])!@[CX4H1:3][H:4]	89.999	0.86741	-	-	-	-	O
C04354755      none	B	[c:1][c:2]!@[c:3]([cH0])[nX2H0:4]	149.991	3.78788	-	-	-	-	G
C04354755      none	B	[O-:1][N+:2](=O)!@[c:3]([cH,nX2H0])[cH,nX2H0:4]	-179.956	23.2156	-	-	-	-	G
C04354755      none	B	[O-:1][N+:2](=O)!@[c:3]([cH0])[cH,nX2H0:4]	89.9426	0.274725	-	-	-	-	O
C59861974      none	B	[$(C=O):1][NX3:2]!@[a:3][aH0:4]	-89.7437	3.39746	-	-	-	-	G
C59861974      none	B	[a:1][c:2]!@[CX3:3]=[CX3H0:4]	-119.68	3.00312	-	-	-	-	G
C59861974      none	B	[c:1][c:2]!@[c:3][s,o,nX3H1:4]	-149.436	2.47456	-	-	-	-	G
C59861974      none	B	[cH1:1][c:2]([cH1])!@[O:3][C:4]	0.0465434	26.3009	-	-	-	-	G
C59861974      none	B	[O-:1][N+:2](=O)!@[c:3]([cH0])[cH,nX2H0:4]	90.2666	0.274725	-	-	-	-	O
C37744494      none	B	[aH1:1][c:2]([aH1])!@[SX4:3][!#1:4]	89.9979	12.916	-	-	-	-	G
C37744494      none	B	[c:1][$(S(=O)=O):2]!@[NX3H1:3][C:4]	-89.9998	3.19032	-	-	-	-	G
C37744494      none	B	[$(S(=O)(=O)):1][NX3H1:2]!@[CX4H1:3][H:4]	-60.0028	0.736648	-	-	-	-	G
C37744494      none	B	[!#1:1][CX4:2]!@[CX4:3][!#1:4]	79.9951	1.75235	-	-	-	-	G
C37744494      none	B	[O:1]=[C:2]([O-])!@[CX4H1:3][H:4]	-0.00447609	0.495663	-	-	-	-	O
C37744494      none	B	[n,o,s:1][c:2]!@[CX4H2:3][CX4:4]	90.0023	4.03889	-	-	-	-	G
C35588657      none	B	[O:1]=[CX3:2]([$([NX3H1]C)])!@[NX3H1:3][!#1:4]	0.00540644	41.1343	-	-	-	-	G
C35588657      none	B	[O:1]=[CX3:2]([$([NX3H1]C)])!@[NX3H1:3][!#1:4]	179.991	9.5176	-	-	-	-	R
C35588657      none	B	[$(C=O):1][NX3H1:2]!@[CX4H1:3][H:4]	-60.0002	1.23735	-	-	-	-	G
C35588657      none	B	[!#1:1][CX4:2]!@[CX4:3][!#1:4]	79.9979	1.75235	-	-	-	-	G
C35588657      none	B	[a:1][c:2]!@[CX4H1:3][N,O:4]	-120.001	3.08052	-	-	-	-	G
C35588657      none	B	[C:1][CX4H2:2]!@[CX3:3]=[O:4]	120.004	0.695249	-	-	-	-	O
C38545494      none	B	[C:1][CX4:2]!@[NX3:3][C:4]	-147.745	1.97343	-	-	-	-	G
C38545494      none	B	[OX2:1][CX4:2]!@[CX4:3][OX2:4]	-175.543	13.4277	-	-	-	-	G
C61148116      none	B	[!#1:1][CX4:2]!@[CX4:3][!#1:4]	160.002	1.81259	-	-	-	-	G
C61148116      none	B	[$(C=O):1][NX3H1:2]!@[CX4H1:3][H:4]	0.00124027	8.26772	-	-	-	-	G
C61148116      none	B	[C:1][CX4H2:2]!@[CX3:3]=[O:4]	-89.994	1.15875	-	-	-	-	O
C61148116      none	B	[O:1]=[CX3:2]([$([NX3H1]C)])!@[NX3H1:3][!#1:4]	-0.00806961	41.1343	-	-	-	-	G
C61148116      none	B	[O:1]=[CX3:2]([$([NX3H1]C)])!@[NX3H1:3][!#1:4]	0.00660327	41.1343	-	-	-	-	G
C61148116      none	B	[$([CX3]=O):1][NX3H1:2]!@[CX4H2:3][C:4] 	89.9994	7.35439	-	-	-	-	G
C61148116      none	B	[!#1:1][CX4:2]!@[CX4:3][!#1:4]	163.474	1.81259	-	-	-	-	G
C51104671      none	B	[N:1][CX4:2]!@[CX3:3]=[O:4]	-120.03	0.897291	-	-	-	-	G
C51104671      none	B	[C:1][CX4:2]!@[NX3;"N_lp":3][C:4]	-76.3704	6.10869	-	-	-	-	G
C51104671      none	B	[O:1]=[C:2]!@[NX3H1:3](C=O)[H:4]	180	35.6725	-	-	-	-	G
C51104671      none	B	[O:1]=[C:2]([NH1])!@[NX3H1:3](C=O)[H:4]	0.00779102	58.9474	-	-	-	-	G
C51104671      none	B	[O:1]=[CX3:2]([$([NX3H1]C)])!@[NX3H1:3][!#1:4]	0.0113332	41.1343	-	-	-	-	G
C51104671      none	B	[$([CX3]=O):1][NX3H1:2]!@[CX4H2:3][C:4] 	59.9964	1.1846	-	-	-	-	G
C51104671      none	B	[OX2:1][CX4:2]!@[CX4:3][N:4]	80.8883	3.55056	-	-	-	-	O
C51104671      none	B	[O:1][CX4:2]!@[CX3:3]=[O:4]	120.078	0.923198	-	-	-	-	O
C43510257      none	B	[O:1]=[CX3:2]!@[NX3H1:3][!#1:4]	7.35365e-05	63.7893	-	-	-	-	G
C43510257      none	B	[$(C=O):1][NX3H1:2]!@[c:3](s)[n:4]	0.328623	0.574713	-	-	-	-	R
C43510257      none	B	[a:1][c:2]!@[C:3]([NH1,NH2])=[O:4]	120.004	0.644517	-	-	-	-	G
C43510257      none	B	[O:1]=[CX3:2]!@[NX3H1:3][!#1:4]	0.00321066	63.7893	-	-	-	-	G
C43510257      none	B	[$(C=O):1][NX3H1:2]!@[CX4H0:3][C:4]	-58.5768	14.7253	-	-	-	-	G
C43510257      none	B	[NH1:1][CX4:2]!@[CX3:3]=[O:4]	-0.00576322	6.89233	-	-	-	-	G
C06659807      none	B	[cH0:1][c:2]!@[CX4H2:3][N,O,S:4]	-45.0223	1.84995	-	-	-	-	G
C06659807      none	B	[!#1:1][CH2:2]!@[n:3][cH0:4]	90.0055	14.7896	-	-	-	-	G
C06659807      none	B	[!#1:1][CX4H2:2]!@[CX3:3]=[O:4]	-120.009	0.59462	-	-	-	-	G
C06659807      none	B	[O:1]=[CX3:2]!@[NX3H1:3][!#1:4]	0.0128495	63.7893	-	-	-	-	G
C06659807      none	B	[*:1][CX4:2]!@[O:3][CX4:4]	-80.0085	2.64732	-	-	-	-	G
C44699832      none	B	[O:1]=[CX3:2]!@[NX3H0:3][!#1:4]	180	18.2537	-	-	-	-	G
C44699832      none	B	[O:1]=[C:2]([N])!@[O:3]~[C:4]	-0.00434884	57.729	-	-	-	-	G
C44699832      none	B	[$(C=O):1][O:2]!@[CH1:3][H:4]	40.0034	10.1875	-	-	-	-	G
C44699832      none	B	[O:1]=[C:2]([O-])!@[CX4H1:3][H:4]	90	0.86741	-	-	-	-	O
C05490063      none	B	[CH0:1][NX3:2]([CH1])!@[c:3][a:4]	-89.729	5.07132	-	-	-	-	G
C62834586      none	B	[$(C=O):1][NX3:2]!@[a:3][aH0:4]	-60.033	2.68113	-	-	-	-	G
C62834586      none	B	[$(C=O):1][NX3H0:2]!@[CX4H2:3][!#1:4]	-59.9961	0.579777	-	-	-	-	G
C62834586      none	B	[O:1]=[C:2]!@[NX3H0:3]([a:4])[A]	150.008	3.23915	-	-	-	-	G
C62834586      none	B	[N:1][CX4:2]!@[CX3:3]=[O:4]	-119.995	0.897291	-	-	-	-	G
C62834586      none	B	[a:1][c:2]!@[C:3]([NH0])=[O:4]	-29.719	2.55556	-	-	-	-	G
C48528604      none	B	[s:1][c:2]([aX2,cH1])!@[CX3:3]=[O:4]	179.963	12.4339	-	-	-	-	R
C48528604      none	B	[*^2:1]~[C^2:2]([!H])!@[C^2:3]~[*^2:4]	-89.9908	1.27397	-	-	-	-	G
C48528604      none	B	[*:1]~[CX3:2]!@[NX3:3]~[*:4]	120.284	0.164173	-	-	-	-	G
C51164153      none	B	[*:1][$(S(=O)=O):2]!@[NX3H0r:3][*:4]	120.001	1.23223	-	-	-	-	G
C51164153      none	B	[*:1][$(S(=O)=O):2]!@[NX3H0r:3][*:4]	-89.726	4.88152	-	-	-	-	G
C51164153      none	B	[O:1][CX4:2]!@[CX3:3]=[O:4]	-119.809	1.11962	-	-	-	-	O
C45475895      none	B	[!#1:1][CX4:2]!@[CX4:3][!#1:4]	-160.005	1.85018	-	-	-	-	G
C45475895      none	B	[N:1][CX4:2]!@[CX3:3]=[O:4]	-29.9987	5.37503	-	-	-	-	G
C45475895      none	B	[!#1:1][CX4H2:2]!@[CX4H2:3][!#1:4]	179.997	58.554	-	-	-	-	G
C45475895      none	B	[!#1:1][CX4H2:2]!@[CX4H2:3][!#1:4]	-60.0021	3.77933	-	-	-	-	G
C45475895      none	B	[C:1][CH2:2]!@[O:3][CX4:4]	-80.0014	1.18773	-	-	-	-	G
C45475895      none	B	[C:1][CH2:2]!@[O:3][CX4:4]	160.003	5.67469	-	-	-	-	G
C45475895      none	B	[OX2:1][CX4:2]!@[CX4:3][OX2:4]	-161.708	0.511128	-	-	-	-	G
C65508522      none	B	[!#1:1][CH2:2]!@[n:3][cH0:4]	-90.0035	15.4696	-	-	-	-	G
C65508522      none	B	[!#1:1][CX4H2:2]!@[CX4H2:3][!#1:4]	-59.9967	3.77933	-	-	-	-	G
C65508522      none	B	[!#1:1][CX4H2:2]!@[NX3H1:3][!#1:4]	-150.007	1.95018	-	-	-	-	O
C65508522      none	B	[a:1][a:2]!@[NX3:3][!#1:4]	160.259	2.58602	-	-	-	-	G
C65508522      none	B	[cH0:1][c:2]([cH,nX2H0])!@[NX3H0:3][CX4:4]	-89.7184	1.8357	-	-	-	-	G
C00436661      none	B	[a:1][c:2]!@[CX4H1:3][N,O:4]	26.9532	3.56196	-	-	-	-	G
C00436661      none	B	[O:1]=[CX3:2]!@[CX4r3:3]!@[!#1:4]	-62.9932	1.13821	-	-	-	-	O
C00436661      none	B	[O:1]=[CX3:2]!@[CX4r3:3]!@[!#1:4]	122.997	2.92683	-	-	-	-	G
C50398439      none	B	[$(C=O):1][NX3H1:2]!@[CX4H1:3][H:4]	179.993	0.712411	-	-	-	-	R
C50398439      none	B	[O:1]=[CX3:2]!@[NX3H1:3][!#1:4]	-0.0079688	63.7893	-	-	-	-	G
C50398439      none	B	[O:1]=[CX3:2]!@[NX3H0:3][!#1:4]	150.284	1.73707	-	-	-	-	O
C50398439      none	B	[O:1]=[C:2]([O-])!@[CX4H1:3][H:4]	0.00915369	0.495663	-	-	-	-	O
C16213618      none	B	[a:1][c:2]!@[CX3:3]=[CX3H0:4]	119.998	3.34694	-	-	-	-	G
C16213618      none	B	[cH1:1][a:2]([cH0])!@[a:3]([cH0])[cH0:4]	90.472	12.8892	-	-	-	-	G
C16213618      none	B	[cH1:1][c:2]([cH1])!@[O:3][C:4]	0.00286142	26.3009	-	-	-	-	G
C16213618      none	B	[O-:1][N+:2](=O)!@[c:3]([cH0])[cH,nX2H0:4]	90.2655	0.274725	-	-	-	-	O
C16213618      none	B	[$(C=O):1][NX3:2]!@[a:3][aH0:4]	-89.7223	3.39746	-	-	-	-	G
C50924189      none	B	[cH0:1][c:2]([cH,nX2H0])!@[NX3H0:3][CX4:4]	-89.7392	1.8357	-	-	-	-	G
C50924189      none	B	[a:1][c:2]!@[C:3]([NH1,NH2])=[O:4]	-90.0007	0.299564	-	-	-	-	O
C50924189      none	B	[!#1:1][CX4:2]!@[CX4:3][!#1:4]	-60.0033	12.2558	-	-	-	-	G
C50924189      none	B	[!#1:1][CX4H2:2]!@[CX4H2:3][!#1:4]	-60.0064	3.77933	-	-	-	-	G
C50924189      none	B	[C:1][CX4H2:2]!@[CX3:3]=[O:4]	120.001	0.695249	-	-	-	-	O
C01278193      none	B	[!#1:1][CX4:2]!@[CX3H0:3][!#1:4]	150.005	3.04782	-	-	-	-	G
C01278193      none	B	[C:1][CH2:2]!@[O:3][CX4:4]	-60.0023	0.329924	-	-	-	-	O
C19512790      none	B	[a:1][c:2]!@[C:3]([NH0])=[O:4]	89.9995	2.88889	-	-	-	-	G
C19512790      none	B	[O:1]=[CX3:2](a)!@[NX3H0:3][!#1:4]	-179.72	9.67842	-	-	-	-	G
C19512790      none	B	[O:1]=[C:2]([O-])!@[CX4H1:3][H:4]	0.00662362	0.495663	-	-	-	-	O
C38029998      none	B	[$(C=O):1][NX3H1:2]!@[c:3]([cH1])[cH1:4]	149.997	5.05437	-	-	-	-	G
C38029998      none	B	[!#1:1][CH2:2]!@[n:3][a:4]	-135.004	0.298805	-	-	-	-	O
C38029998      none	B	[!#1:1][CX4H2:2]!@[CX3:3]=[O:4]	-120.004	0.59462	-	-	-	-	G
C38029998      none	B	[O:1]=[CX3:2]!@[NX3H1:3][!#1:4]	0.00597441	63.7893	-	-	-	-	G
C38029998      none	B	[C:1][CX4:2]!@[CX3:3]=[O:4]	119.869	3.75937	-	-	-	-	G
C38029998      none	B	[O:1]=[CX3:2]!@[NX3H0:3][!#1:4]	30.0018	0.680979	-	-	-	-	O
C20217898      none	B	[O:1]=[C:2]([O-])!@[c:3]([cH1])[cH1:4]	179.987	7.35294	-	-	-	-	G
C20217898      none	B	[!#1:1][CH2:2]!@[n:3][a:4]	-89.9993	13.2844	-	-	-	-	G
C20217898      none	B	[!#1:1][CX4H2:2]!@[CX3:3]=[O:4]	-29.9956	3.82256	-	-	-	-	G
C62179616      none	B	[!#1:1][CX4:2]!@[SX4:3][!#1:4]	67.7385	8.06316	-	-	-	-	G
C62179616      none	B	[*:1]~[N,n:2]!@[S:3]~[*:4]	89.9993	2.07924	-	-	-	-	G
C62179616      none	B	[$(S(=O)(=O)):1][NH0:2]!@[c:3]([cH1])[cH1:4]	-90.2726	17.7686	-	-	-	-	G
C37856314      none	B	[aH0:1][c:2]([aH0])!@[SX4:3][!#1:4]	-143.866	0.977654	-	-	-	-	R
C37856314      none	B	[c:1][S:2](=O)(=O)!@[NX2H0-:3]-[*:4]	-89.9946	2.77778	-	-	-	-	G
C37856314      none	B	[$(S(=O)(=O)):1][NH0:2]!@[c:3]([cH1])[cH1:4]	-90.271	17.7686	-	-	-	-	G
C61713102      none	B	[$(C=O):1][NX3H1:2]!@[c:3]([cH1])[cH1:4]	179.973	8.15546	-	-	-	-	G
C61713102      none	B	[!#1:1][CH2:2]!@[n:3][a:4]	-135.003	0.298805	-	-	-	-	O
C61713102      none	B	[!#1:1][CX4H2:2]!@[CX3:3]=[O:4]	-119.994	0.59462	-	-	-	-	G
C61713102      none	B	[O:1]=[CX3:2]!@[NX3H1:3][!#1:4]	60.0036	0	-	-	-	-	R
C61713102      none	B	[O:1]=[CX3:2]!@[NX3H0:3][!#1:4]	-179.703	18.2537	-	-	-	-	G
C54698975      none	B	[OX2:1][CX4:2]!@[CX4:3][N:4]	180	9.8427	-	-	-	-	G
C54698975      none	B	[a:1][c:2]!@[CX4H1:3][N,O:4]	29.9997	3.56196	-	-	-	-	G
C54698975      none	B	[n,o,s:1][c:2]!@[CX4H2:3][CX4:4]	-90.0047	5.3104	-	-	-	-	G
C54698975      none	B	[!#1:1][CX4:2]!@[CX4:3][!#1:4]	59.9997	12.3771	-	-	-	-	G
C42439630      none	B	[C:1][CX4:2]!@[CX3:3]=[O:4]	120.066	3.75937	-	-	-	-	G
C42439630      none	B	[O:1]=[CX3:2]!@[NX3H0:3][!#1:4]	30.0063	0.680979	-	-	-	-	O
C42439630      none	B	[O:1]=[CX3:2]!@[NX3H1:3][!#1:4]	0.00449374	63.7893	-	-	-	-	G
C42439630      none	B	[$([CX3]=O):1][NX3H1:2]!@[CX4H2:3][C:4] 	89.9987	7.35439	-	-	-	-	G
C42439630      none	B	N[C:2](=[O:1])!@[CH2:3][N:4]	150.005	3.125	-	-	-	-	G
C42439630      none	B	[O:1]=[CX3:2]!@[NX3H1:3][!#1:4]	-0.0104373	63.7893	-	-	-	-	G
C42439630      none	B	[$([CX3]=O):1][NX3H1:2]!@[CX4H2:3][C:4] 	180	6.46594	-	-	-	-	G
C42439630      none	B	[NH1:1][CX4:2]!@[CX3:3]=[O:4]	-119.992	0.275693	-	-	-	-	G
C40550049      none	B	[$(C=O):1][NX3H0:2]!@[c:3]([cH1])[cH1:4]	60.0197	4.89486	-	-	-	-	G
C40550049      none	B	[$(C=O):1][NX3H0:2]!@[CX4H2:3][!#1:4]	-120.002	2.94527	-	-	-	-	G
C40550049      none	B	[O:1]=[C:2]!@[NX3H0:3]([a:4])[A]	-29.9884	0.827016	-	-	-	-	G
C40550049      none	B	[N:1][CX4:2]!@[CX3:3]=[O:4]	-119.991	0.897291	-	-	-	-	G
C40550049      none	B	[O:1]=[CX3:2]!@[NX3H0:3][!#1:4]	-29.7339	0.692521	-	-	-	-	O
C01558281      none	B	[$([c]([NH1,NH2])):1][c:2]!@[CX3:3]([!O])=[O:4]	-0.0325878	27.6243	-	-	-	-	G
C01558281      none	B	[!#1:1][CH2:2]!@[n:3][cH0:4]	-90.0039	15.4696	-	-	-	-	G
C01558281      none	B	[!#1:1][CX4H2:2]!@[CX4H2:3][!#1:4]	179.996	58.554	-	-	-	-	G
C01558281      none	B	[C:1][CX4H2:2]!@[OX2:3][!#1:4]	80.0018	3.4026	-	-	-	-	G
C01558281      none	B	[*:1]~[OX2:2]!@[SX4:3]~[*:4]	40.008	4.66479	-	-	-	-	G
C66363839      none	B	[!#1:1][CH2:2]!@[n:3][cH0:4]	135.003	0.318742	-	-	-	-	R
C66363839      none	B	[!#1:1][CX4:2]!@[CX4:3][!#1:4]	80.0009	1.75235	-	-	-	-	G
C66363839      none	B	[$(C=O):1][NX3H1:2]!@[CX4H1:3][H:4]	30.0012	9.46757	-	-	-	-	G
C66363839      none	B	[O:1]=[CX3:2]([$([NX3H1]C)])!@[NX3H1:3][!#1:4]	-0.00642846	41.1343	-	-	-	-	G
C66363839      none	B	[O:1]=[CX3:2]([$([NX3H1]C)])!@[NX3H1:3][!#1:4]	0.00459562	41.1343	-	-	-	-	G
C66363839      none	B	[$(C=O):1][NX3H1:2]!@[CX4H1:3][H:4]	-0.00201452	8.26772	-	-	-	-	G
C66363839      none	B	[O:1]=[CX3:2]!@[NX3H0:3][!#1:4]	180	18.2537	-	-	-	-	G
C66363839      none	B	[O:1]=[C:2]([N])!@[O:3]~[C:4]	-0.00722032	57.729	-	-	-	-	G
C04575351      none	B	[nX2H0:1][c:2]([nX3H1])!@[NX3H1:3][C,c:4]	179.688	36.0465	-	-	-	-	G
C04575351      none	B	[nX2H0:1][c:2]([nX2H0])!@[NX3H1:3][C,c:4]	-119.698	0	-	-	-	-	R
C20744389      none	B	[cH1:1][a:2]([cH1])!@[a:3]([cH0])[cH0:4]	29.8903	0.248344	-	-	-	-	R
C20744389      none	B	[a:1][c:2]!@[CX4H2:3][a:4]	-135.004	1.74812	-	-	-	-	O
C20744389      none	B	[!#1:1][CH2:2]!@[n:3][a:4]	45.3092	0.859064	-	-	-	-	O
C20744389      none	B	[nX2H0:1][$(c([nX2H0])(a(a)(a))!@c[nX2H0]):2]!@[c:3][nX2H0:4]	-120.025	4.0404	-	-	-	-	G
C35565258      none	B	[OH1:1][CX4:2]!@[CX3:3]=[O:4]	-28.3067	1.49031	-	-	-	-	G
C35565258      none	B	[OH1:1][CX4:2]!@[CX3:3]=[O:4]	-30.0109	1.49031	-	-	-	-	O
C44528714      none	B	[a:1][c:2]!@[C:3]([NH0])=[O:4]	119.995	4.19444	-	-	-	-	G
C44528714      none	B	[O:1]=[CX3:2](a)!@[NX3H0:3][!#1:4]	150.281	2.50464	-	-	-	-	G
C44528714      none	B	[!#1:1][CX4:2]!@[CX4:3][!#1:4]	160.002	1.81259	-	-	-	-	G
C43771829      none	B	[*:1]~[CX4:2]!@[n:3]~[*:4]	149.998	3.15253	-	-	-	-	G
C43771829      none	B	[OX2:1][CX4:2]!@[CX4:3][OX2:4]	-55.5407	16.2177	-	-	-	-	G
C19478915      none	B	[cH0:1][c:2]([cH1])!@[CX3:3]([NX3H0])=[O:4]	119.994	3.63636	-	-	-	-	G
C19478915      none	B	[O:1]=[CX3:2](a)!@[NX3H0:3][!#1:4]	-179.692	9.67842	-	-	-	-	G
C19478915      none	B	[O:1]=[C:2]([O-])!@[CX4H1:3][H:4]	0.0114181	0.495663	-	-	-	-	O
C12602841      none	B	[$(C=O):1][NX3H1:2]!@[CX4H1:3][H:4]	-26.5805	6.97413	-	-	-	-	G
C12602841      none	B	[O:1]=[CX3:2]!@[NX3H1:3][!#1:4]	-0.00500863	63.7893	-	-	-	-	G
C12602841      none	B	[cH1:1][c:2]([cH1])!@[C:3]([NH1,NH2])=[O:4]	-27.0053	8.39053	-	-	-	-	G
C49417702      none	B	[cH0:1][c:2]([cH0])!@[CX3!r:3]=[NX2!r:4]	90.0026	0.632911	-	-	-	-	R
C49417702      none	B	[*:1]~[N,n:2]!@[S:3]~[*:4]	-60.0064	4.40087	-	-	-	-	G
C49417702      none	B	[H:1][CX4H1:2]!@[SX4:3][!#1:4]	59.9952	14.91	-	-	-	-	G
C49891838      none	B	[aH0:1][c:2]([aH0])!@[SX4:3][!#1:4]	-143.862	0.977654	-	-	-	-	R
C49891838      none	B	[c:1][$(S(=O)=O):2]!@[NX3H1:3][C:4]	90.0073	2.64026	-	-	-	-	G
C49891838      none	B	[$(S(=O)(=O)):1][NX3H1:2]!@[CX4H1:3][H:4]	-30.0037	9.39227	-	-	-	-	G
C49891838      none	B	[a:1][c:2]!@[CX4H1:3][N,O:4]	-0.00294088	1.53503	-	-	-	-	G
C05758265      none	B	[*:1]~[CX4:2]!@[n:3]~[*:4]	120.001	3.12393	-	-	-	-	G
C05758265      none	B	[OX2:1][CX4:2]!@[CX4:3][OX2:4]	-63.3579	16.2177	-	-	-	-	G
C50603851      none	B	[!#1:1][CX4:2]!@[CX4:3][!#1:4]	40.0025	0.998355	-	-	-	-	G
C50603851      none	B	[$([CX3]=O):1][NX3H1:2]!@[CX4H2:3][C:4] 	-119.997	2.61599	-	-	-	-	O
C50603851      none	B	[O:1]=[CX3:2]!@[NX3H1:3][!#1:4]	-0.00644658	63.7893	-	-	-	-	G
C50603851      none	B	[O:1]=[CX3:2]!@[NX3H0:3][!#1:4]	0.314407	25.0866	-	-	-	-	G
C50603851      none	B	[O:1]=[C:2]([O-])!@[CX4H1:3][H:4]	-0.000959627	0.495663	-	-	-	-	O
C20250659      none	B	[C:1][CX4:2]!@[CX3:3]=[O:4]	89.7747	3.65147	-	-	-	-	G
C20250659      none	B	[O:1]=[CX3:2]!@[NX3H0:3][!#1:4]	-179.677	18.2537	-	-	-	-	G
C20250659      none	B	[O:1]=[C:2]([O-])!@[CX4H1:3][H:4]	90.0022	0.86741	-	-	-	-	O
C05678499      none	B	[cH0:1][c:2]([cH1])!@[CX3:3]([NX3H1])=[O:4]	90.0033	0.348129	-	-	-	-	O
C05678499      none	B	[O:1]=[CX3:2]!@[NX3H1:3][!#1:4]	-0.00189163	63.7893	-	-	-	-	G
C05678499      none	B	[*:1]~[NX3:2]!@[NX3:3]~[*:4]	90.0201	3.54776	-	-	-	-	G
C05678499      none	B	[O:1]=[CX3:2]!@[NX3H1:3][!#1:4]	-0.045807	63.7893	-	-	-	-	G
C05678499      none	B	[*^2:1]~[C^2:2]([!H])!@[C^2:3]~[*^2:4]	120.022	0.806964	-	-	-	-	G
C05678499      none	B	[*^2:1]~[C^2:2]([!H])!@[C^2:3]~[*^2:4]	-0.000106054	20.0453	-	-	-	-	G
C39482820      none	B	[C:1][CH2:2]!@[O:3][CX4:4]	180	35.2689	-	-	-	-	G
C39482820      none	B	[H:1][CX4H1:2]!@[O:3][CX4:4]	40.0041	11.9906	-	-	-	-	G
C39482820      none	B	[cH0:1][c:2]([cH,nX2H0])!@[NX3H0:3][CX4:4]	89.7237	2.06517	-	-	-	-	G
C39482820      none	B	[aH1:1][c:2]([aH1])!@[SX4:3][!#1:4]	-89.9989	12.5987	-	-	-	-	G
C39482820      none	B	[$(S(=O)(=O)):1][NH1:2]!@[c:3]([cH1])[cH0:4]	-120	6.46388	-	-	-	-	G
C39482820      none	B	[*:1][$(S(=O)=O):2]!@[NX3H1:3][*:4]	60.0017	8.81913	-	-	-	-	G
C39482820      none	B	[*:1]~[OX2:2]!@[SX4:3]~[*:4]	-80.0049	4.57103	-	-	-	-	G
C39482820      none	B	[cH1:1][c:2]([cH1])!@[O:3][S:4]	90.014	8.8	-	-	-	-	G
C09013654      none	B	[O:1]=[CX3:2]!@[NX3H1:3][!#1:4]	0.00274596	63.7893	-	-	-	-	G
C09013654      none	B	[$(C=O):1][NX3H1:2]!@[c:3]([cH1])[cH1:4]	90.0064	0.0402739	-	-	-	-	R
C09013654      none	B	[$(C=O):1][NX3H0:2]!@[c:3]([cH1])[cH1:4]	29.9884	1.15477	-	-	-	-	G
C09013654      none	B	[a:1][c:2]!@[CX4H1:3][N,O:4]	60	3.42939	-	-	-	-	G
C09013654      none	B	[*^2:1]~[C^2:2]([!H])!@[C^2:3]~[*^2:4]	179.97	19.9269	-	-	-	-	G
C09013654      none	B	[cH1:1][c:2]([cH1])!@[CX3:3]([CX3H0])=[O:4]	90.2797	0	-	-	-	-	R
C09013654      none	B	[O-:1][N+:2](=O)!@[c:3]([cH,nX2H0])[cH,nX2H0:4]	179.978	23.2156	-	-	-	-	G
C09013654      none	B	[O-:1][N+:2](=O)!@[c:3]([cH,nX2H0])[cH,nX2H0:4]	179.974	23.2156	-	-	-	-	G
C33449910      none	B	[O:1]=[C:2]([O-])!@[CX4H1:3][H:4]	0.00389488	0.495663	-	-	-	-	O
C33449910      none	B	[O:1]=[CX3:2]!@[NX3H0:3][!#1:4]	-0.00692484	25.0866	-	-	-	-	G
C33449910      none	B	[N:1][C:2](=O)!@[CX4H2:3][CX4H2:4]	149.997	4.76839	-	-	-	-	G
C33449910      none	B	[!#1:1][CX4H2:2]!@[CX4H2:3][!#1:4]	-59.9986	3.77933	-	-	-	-	G
C33449910      none	B	[O:1]=[CX3:2]([NH1])!@[CH2:3][C:4]	-89.999	1.868	-	-	-	-	O
C33449910      none	B	[O:1]=[CX3:2]!@[NX3H1:3][!#1:4]	-0.0166674	63.7893	-	-	-	-	G
C33449910      none	B	[$([CX3]=O):1][NX3H1:2]!@[CX4H2:3][C:4] 	150.006	1.43139	-	-	-	-	O
C33449910      none	B	[!#1:1][CX4H2:2]!@[CX4H2:3][!#1:4]	180	58.554	-	-	-	-	G
C33449910      none	B	[!#1:1][CX4H2:2]!@[CX4H2:3][!#1:4]	180	58.554	-	-	-	-	G
C33449910      none	B	[!#1:1][CX4H2:2]!@[CX4H2:3][!#1:4]	179.995	58.554	-	-	-	-	G
C33449910      none	B	[!#1:1][CX4H2:2]!@[CX4H2:3][!#1:4]	60.0113	3.99483	-	-	-	-	G
C33457765      none	B	[$(C=O):1][NX3H0:2]!@[CX4H0:3][C:4]	-119.719	1.48649	-	-	-	-	R
C33457765      none	B	[a:1][c:2]!@[CX4H1:3][N,O:4]	-36.9249	4.29807	-	-	-	-	G
C33457765      none	B	[!#1:1][CX4:2]!@[CX4:3][!#1:4]	160.002	1.81259	-	-	-	-	G
C33457765      none	B	[NH1:1][CX4:2]!@[CX3:3]=[O:4]	89.9997	0.183795	-	-	-	-	R
C33457765      none	B	[C:1][CX4H2:2]!@[CX3:3]=[O:4]	180	0.645588	-	-	-	-	R
C36165484      none	B	[a:1][c:2]!@[C:3]([NH0])=[O:4]	-29.9995	2.55556	-	-	-	-	G
C36165484      none	B	[O:1]=[CX3:2](a)!@[NX3H0:3][!#1:4]	-29.7145	1.17502	-	-	-	-	O
C36165484      none	B	[C:1][CX4:2]!@[CX3:3]=[O:4]	29.9279	3.28614	-	-	-	-	G
C00547210      none	B	[a:1][a:2]!@[CX3:3]=[CX3H1:4]	179.995	13.7638	-	-	-	-	G
C00547210      none	B	[*^2:1]~[C^2:2]([!H])!@[C^2:3]~[*^2:4]	90.0022	1.26539	-	-	-	-	G
C00547210      none	B	[O:1]=[CX3:2]!@[NX3H1:3][!#1:4]	-0.00272822	63.7893	-	-	-	-	G
C00547210      none	B	[$(C=O):1][NX3H1:2]!@[CX3:3]=[*H0:4]	179.994	33.8082	-	-	-	-	G
C00547210      none	B	[!#1:1][CX3:2](=S)!@[NX3H1:3][!#1:4]	180	37.0618	-	-	-	-	G
C00547210      none	B	[a:1][a:2]!@[NX3:3][!#1:4]	-89.7291	1.65296	-	-	-	-	O
C00547210      none	B	[O:1]=[C:2]([O-])!@[c:3]([cH1])[cH1:4]	179.968	7.35294	-	-	-	-	G
C40764871      none	B	[n,o,s:1][c:2]!@[CX4H2:3][CX4:4]	90.0016	4.03889	-	-	-	-	G
C40764871      none	B	[a:1][a:2]!@[NX3:3][!#1:4]	-19.9959	2.52019	-	-	-	-	G
C40764871      none	B	[!#1:1][CX4H2:2]!@[NX3H1:3][!#1:4]	119.998	2.00811	-	-	-	-	O
C40764871      none	B	N[C:2](=[O:1])!@[CH2:3][N:4]	90.0048	0	-	-	-	-	R
C40764871      none	B	[O:1]=[CX3:2]!@[NX3H1:3][!#1:4]	-0.0124793	63.7893	-	-	-	-	G
C40764871      none	B	[$([CX3]=O):1][NX3H1:2]!@[CX4H2:3][C:4] 	180	6.46594	-	-	-	-	G
C40764871      none	B	[NH1:1][CX4:2]!@[CX3:3]=[O:4]	120.013	0.41354	-	-	-	-	G
C20216510      none	B	[a:1][c:2]!@[CX4H2:3][!#1:4]	89.9993	7.24386	-	-	-	-	G
C20216510      none	B	[!#1:1][CX4:2]!@[SX2:3][!#1:4]	-160.001	3.18377	-	-	-	-	G
C20216510      none	B	[!#1:1][CX4:2]!@[SX2:3][!#1:4]	-79.995	6.01214	-	-	-	-	G
C20216510      none	B	[!#1:1][CX4H2:2]!@[CX3:3]=[O:4]	-120.005	0.59462	-	-	-	-	G
C20216510      none	B	[O:1]=[CX3:2]!@[NX3H1:3][!#1:4]	-0.00333701	63.7893	-	-	-	-	G
C62805598      none	B	[cH1,n:1][c:2]!@[O:3][CRH1:4]	59.9973	0.203252	-	-	-	-	R
C62805598      none	B	[H:1][CX4H1:2]!@[OX2:3][!#1:4]	-0.00650876	7.47259	-	-	-	-	G
C30524388      none	B	[a:1][ar6:2]!@[ar5:3][a:4]	120.3	2.26536	-	-	-	-	O
C30524388      none	B	[cH0:1][c:2]([cH1])!@[CX3:3]([NX3H1])=[O:4]	-120.003	1.47955	-	-	-	-	G
C30524388      none	B	[O:1]=[CX3:2]!@[NX3H1:3][!#1:4]	0.00320955	63.7893	-	-	-	-	G
C30524388      none	B	[$(C=O):1][NX3H1:2]!@[CX4H2:3][$([c]([cH,nX2H0])[cH,nX2H0]):4]	90.0008	8.35443	-	-	-	-	G
C30524388      none	B	[a:1][c:2]!@[CX4H2:3][!#1:4]	-134.731	2.0362	-	-	-	-	O
C40052510      none	B	[cH1:1][c:2]([cH1])!@[CX3:3]([CX3H0])=[O:4]	-60.001	0.204918	-	-	-	-	R
C40052510      none	B	[cH0:1][c:2]([cH1])!@[O:3][C:4]	90.0047	0.6255	-	-	-	-	R
C40052510      none	B	[C:1][CX4H2:2]!@[OX2:3][c:4]	89.9948	1.05285	-	-	-	-	G
C40052510      none	B	[!#1:1][CX4:2]!@[CX4:3][!#1:4]	60.0002	12.3771	-	-	-	-	G
C40052510      none	B	[*^2:1]~[C^2:2]([!H])!@[C^2:3]~[*^2:4]	150.311	1.21045	-	-	-	-	G
C40052510      none	B	[$([CX3]=O):1][NX3H0:2](C)!@[CX4H2:3][C:4]	90.0076	14.7513	-	-	-	-	G
C40052510      none	B	[a:1][c:2]!@[CX4H1:3][N,O:4]	56.8233	3.42939	-	-	-	-	G
C40052510      none	B	[O-:1][N+:2](=O)!@[c:3]([cH,nX2H0])[cH,nX2H0:4]	179.982	23.2156	-	-	-	-	G
C40052510      none	B	[!#1:1][CX4H2:2]!@[CX4H2:3][!#1:4]	-60.0068	3.77933	-	-	-	-	G
C40052510      none	B	[!#1:1][CX4H2:2]!@[CX4H2:3][!#1:4]	180	58.554	-	-	-	-	G
C29433121      none	B	[cH0:1][c:2]([cH1])!@[O:3][C:4]	180	48.7454	-	-	-	-	G
C29433121      none	B	[O-:1][N+:2](=O)!@[c:3]([cH,nX2H0])[cH,nX2H0:4]	179.979	23.2156	-	-	-	-	G
C29433121      none	B	[aH0:1][c:2]([aH1])!@[SX4:3][!#1:4]	69.7338	11.3606	-	-	-	-	G
C29433121      none	B	[c:1][S:2](=O)(=O)!@[NX2H0-:3]-[*:4]	-89.9947	2.77778	-	-	-	-	G
C29433121      none	B	[$(S(=O)(=O)):1][NH0:2]!@[c:3]([cH1])[cH1:4]	119.721	2.06612	-	-	-	-	G
C29433121      none	B	[cH1:1][a:2]([cH1])!@[a:3]([sX2,o,nX2H0,nX3H1:4])([cH1])	-0.000665474	11.7616	-	-	-	-	G
C49527622      none	B	[cH0:1][c:2]!@[CX4H1:3][CX4:4]	-119.994	7.57923	-	-	-	-	G
C49527622      none	B	[$(C=O):1][NX3H1:2]!@[CX4H1:3][H:4]	-60.0035	1.23735	-	-	-	-	G
C49527622      none	B	[O:1]=[CX3:2]!@[NX3H1:3][!#1:4]	0.00201143	63.7893	-	-	-	-	G
C49527622      none	B	[O:1]=[CX3:2]!@[NX3H0:3][!#1:4]	-29.6814	0.692521	-	-	-	-	O
C49527622      none	B	[O:1]=[C:2]([O-])!@[CX4H1:3][H:4]	-0.00690158	0.495663	-	-	-	-	O
C40524074      none	B	[$(C=O):1][NX3H1:2]!@[c:3](s)[n:4]	-0.0166343	0.574713	-	-	-	-	R
C40524074      none	B	[O:1]=[CX3:2]!@[NX3H1:3][!#1:4]	0.00373272	63.7893	-	-	-	-	G
C40524074      none	B	[O:1]=[CX3:2]!@[NX3H0:3][!#1:4]	-30.0077	0.692521	-	-	-	-	O
C40524074      none	B	[$([CX3]=O):1][NX3H0:2](C)!@[CX4H2:3][C:4]	-59.9958	0.686106	-	-	-	-	O
C40524074      none	B	[$(C=O):1][NX3H0:2]!@[CX4H1:3][H:4]	-0.00733279	15.8824	-	-	-	-	G
C40524074      none	B	[N:1][CX4:2]!@[CX3:3]=[O:4]	120.004	0.766617	-	-	-	-	G
C39795737      none	B	[!#1:1][CX4:2]!@[NX3;"N_lp":3]	179.274	7.96925	-	-	-	-	G
C39795737      none	B	[C:1][CX4:2]!@[NX3:3][C:4]	88.2546	4.4579	-	-	-	-	G
C39795737      none	B	[OX2:1][CX4:2]!@[CX4:3][OX2:4]	51.1645	3.39687	-	-	-	-	G
C32212009      none	B	[$(C=O):1][NX3H1:2]!@[CX4H0:3][C:4]	60.0021	13.3187	-	-	-	-	G
C32212009      none	B	[O:1]=[CX3:2]!@[NX3H1:3][!#1:4]	-0.00529003	63.7893	-	-	-	-	G
C32212009      none	B	N[C:2](=[O:1])!@[CH2:3][N:4]	120.014	0.595238	-	-	-	-	G
C32212009      none	B	[$([CX3]=O):1][NX3H1:2]!@[CX4H2:3][C:4] 	-149.999	1.7769	-	-	-	-	O
C32212009      none	B	[O:1]=[CX3:2]!@[NX3H1:3][!#1:4]	-0.0049126	63.7893	-	-	-	-	G
C32212009      none	B	[*^2:1]~[C^2:2]([!H])!@[C^2:3]~[*^2:4]	90.2716	1.26539	-	-	-	-	G
C45112406      none	B	[NH1:1][CX4:2]!@[CX3:3]=[O:4]	-90.0051	0.352274	-	-	-	-	R
C45112406      none	B	[$(C=O):1][NX3H1:2]!@[CX4H0:3][C:4]	180	11.3993	-	-	-	-	G
C45112406      none	B	[O:1]=[CX3:2]!@[NX3H1:3][!#1:4]	-0.00263791	63.7893	-	-	-	-	G
C45112406      none	B	[O:1]=[CX3:2]!@[NX3H0:3][!#1:4]	30.0038	0.680979	-	-	-	-	O
C45112406      none	B	[$([CX3]=O):1][NX3H0:2](C)!@[CX4H2:3][C:4]	59.9963	0.600343	-	-	-	-	O
C45112406      none	B	[$(C=O):1][NX3H0:2]!@[CX4H1:3][H:4]	-85.685	0.12605	-	-	-	-	R
C45112406      none	B	[N:1][CX4:2]!@[CX3:3]=[O:4]	-89.99	0.479136	-	-	-	-	O
C66200533      none	B	[!#1:1][CX4:2]!@[CX4:3][!#1:4]	180	22.1548	-	-	-	-	G
C66200533      none	B	[cH0:1][c:2]!@[CX4H1:3][CX4:4]	119.738	7.01281	-	-	-	-	G
C66200533      none	B	[cH1,n:1][c:2]!@[O:3][CH1:4]	-59.7549	0.582524	-	-	-	-	R
C66200533      none	B	[H:1][CX4H1:2]!@[OX2:3][!#1:4]	29.9968	9.32817	-	-	-	-	G
C66200533      none	B	[O:1][CX4:2]!@[CX3:3]=[O:4]	120.006	0.923198	-	-	-	-	O
C66200533      none	B	[O:1]=[CX3:2]!@[NX3H1:3][!#1:4]	0.000937919	63.7893	-	-	-	-	G
C66200533      none	B	[$(C=O):1][NX3H1:2]!@[c:3]([cH1])[cH1:4]	30.0081	5.05437	-	-	-	-	G
C66200533      none	B	[aH1:1][c:2]([aH1])!@[SX4:3][!#1:4]	90.0019	12.916	-	-	-	-	G
C66200533      none	B	[c:1][S:2](=O)(=O)!@[NX2H0-:3]-[*:4]	59.9922	8.33333	-	-	-	-	G
C66200533      none	B	[$(S(=O)(=O)):1][N:2]!@[c:3][a:4]	-89.9951	5.66406	-	-	-	-	G
C66200533      none	B	[cH1:1][c:2]([nX2])!@[O:3][C:4]	179.995	59.0909	-	-	-	-	G
C08913890      none	B	[OH1:1][CX4:2]!@[CX3:3]=[O:4]	-177.638	6.03577	-	-	-	-	G
C08913890      none	B	[O:1][CX4:2]!@[CX3:3]=[O:4]	-0.000759694	13.789	-	-	-	-	G
C08913890      none	B	[$(C=O):1][O:2]!@[CH2:3]~[C:4]	-90.001	4.43359	-	-	-	-	G
C08913890      none	B	[O:1]=[C:2]!@[O:3]~[C:4]	-0.00213617	74.4927	-	-	-	-	G
C08913890      none	B	[C:1][CX4H2:2]!@[CX3:3]=[O:4]	-119.998	0.79457	-	-	-	-	O
C08913890      none	B	[!#1:1][CX4H2:2]!@[CX4H2:3][!#1:4]	179.999	58.554	-	-	-	-	G
C08913890      none	B	[O:1]=[CX3:2]([NH1])!@[CH2:3][C:4]	0.00824828	11.7061	-	-	-	-	G
C08913890      none	B	[O:1]=[CX3:2]!@[NX3H1:3][!#1:4]	-0.00999768	63.7893	-	-	-	-	G
C08913890      none	B	[$([CX3]=O):1][NX3H1:2]!@[CX4H2:3][C:4] 	180	6.46594	-	-	-	-	G
C08913890      none	B	[NH1:1][CX4:2]!@[CX3:3]=[O:4]	-119.997	0.275693	-	-	-	-	G
C64458315      none	B	[a:1][c:2]!@[CX4H1:3][H:4]	90.0022	0.477016	-	-	-	-	O
C64458315      none	B	[O:1]=[CX3:2]!@[CX4H1r3:3][H:4]	-150.008	3.33333	-	-	-	-	G
C64458315      none	B	[O:1]=[CX3:2]!@[NX3H1:3][!#1:4]	0.00820884	63.7893	-	-	-	-	G
C64458315      none	B	[*:1]~[NX3:2]!@[NX3:3]~[*:4]	-150	1.86361	-	-	-	-	G
C64458315      none	B	[O:1]=[CX3:2]!@[NX3H1:3][!#1:4]	0.00402011	63.7893	-	-	-	-	G
C64458315      none	B	[a:1][c:2]!@[C:3]([NH1,NH2])=[O:4]	-179.689	9.31373	-	-	-	-	G
C64458315      none	B	[cH1:1][a:2]([cH1])!@[a:3]([sX2,o,nX2H0,nX3H1:4])([cH1])	0.53802	11.7616	-	-	-	-	G
C60165920      none	B	[c:1][c:2]([cH0])!@[c:3][nX2H0:4]	-59.5263	2.81967	-	-	-	-	G
C60165920      none	B	[$(S(=O)(=O)):1][NH0:2]!@[c:3]([cH1])[cH0:4]	-119.995	0	-	-	-	-	R
C60165920      none	B	[c:1][S:2](=O)(=O)!@[NX2H0-:3]-[*:4]	59.9962	8.33333	-	-	-	-	G
C60165920      none	B	[aH1:1][c:2]([aH1])!@[SX4:3][!#1:4]	-89.7473	12.5987	-	-	-	-	G
C60165920      none	B	[cH1:1][a:2]([cH1])!@[a:3]([sX2,o,nX2H0,nX3H1:4])([cH1])	180	11.5003	-	-	-	-	G
C67619758      none	B	[!#1:1][CX4:2]!@[SX2:3][!#1:4]	179.995	11.1654	-	-	-	-	G
C67619758      none	B	[!#1:1][CX4:2]!@[SX2:3][!#1:4]	-79.9991	6.01214	-	-	-	-	G
C67619758      none	B	[C:1][CX4:2]!@[CX3:3]=[O:4]	29.9991	3.28614	-	-	-	-	G
C67619758      none	B	[!#1:1][CX4:2]!@[CX4:3][!#1:4]	180	22.1548	-	-	-	-	G
C67619758      none	B	[*^2:1]~[C^2:2]([!H])!@[C^2:3]~[*^2:4]	-90.0067	1.27397	-	-	-	-	G
C67619758      none	B	[*:1]~[CX3:2]!@[NX3:3]~[*:4]	120.002	0.164173	-	-	-	-	G
C67619758      none	B	[a:1][a:2]!@[NX3:3][!#1:4]	150.262	1.85775	-	-	-	-	O
C67619758      none	B	[$(C=O):1][NX3H1:2]!@[c:3]([cH1])[cH1:4]	89.9709	0.0402739	-	-	-	-	R
C67619758      none	B	[O:1]=[CX3:2]!@[NX3H1:3][!#1:4]	0.00381211	63.7893	-	-	-	-	G
C35353094      none	B	[aH1:1][c:2]([aH1])!@[SX4:3][!#1:4]	89.9999	12.916	-	-	-	-	G
C35353094      none	B	[cH1:1][c:2]([cH1])!@[NX3:3][CX4:4]	-160.001	2.66685	-	-	-	-	G
C35353094      none	B	[!#1:1][CX4H2:2]!@[NX3H1:3][!#1:4]	149.995	1.87295	-	-	-	-	O
C35353094      none	B	[NH1:1][CX4:2]!@[CX3:3]=[O:4]	120.004	0.41354	-	-	-	-	G
C35353094      none	B	[c:1][$(S(=O)=O):2]!@[NX3H1:3][C:4]	59.997	14.5215	-	-	-	-	G
C35353094      none	B	[$(S(=O)(=O)):1][NX3H1:2]!@[CX4H1:3][H:4]	59.9995	1.10497	-	-	-	-	G
C49539568      none	B	[a:1][c:2]!@[CX4H2:3][!#1:4]	0.00333451	2.24426	-	-	-	-	O
C49539568      none	B	[$(C=O):1][NX3H1:2]!@[CX4H2:3][!#1:4]	120.004	2.79198	-	-	-	-	O
C49539568      none	B	[O:1]=[CX3:2]([$([NX3H1]C)])!@[NX3H1:3][!#1:4]	-0.00477332	41.1343	-	-	-	-	G
C49539568      none	B	[O:1]=[CX3:2]([$([NX3H1]C)])!@[NX3H1:3][!#1:4]	-0.00991479	41.1343	-	-	-	-	G
C49539568      none	B	[$(C=O):1][NX3H1:2]!@[CX4H1:3][H:4]	179.999	0.712411	-	-	-	-	R
C49539568      none	B	[OX2:1][CX4:2]!@[CX4:3][N:4]	-40.0022	1.41573	-	-	-	-	G
C49539568      none	B	[O:1]=[C:2]([O-])!@[CX4H1:3][H:4]	89.9984	0.86741	-	-	-	-	O
C33519995      none	B	[$([c]([NH1,NH2])):1][c:2]!@[CX3:3]([!O])=[O:4]	29.9726	6.90608	-	-	-	-	G
C33519995      none	B	[$([C](=O)):1][NX3:2]!@[a:3](s)[a:4]	179.997	61.7021	-	-	-	-	G
C33519995      none	B	[O:1]=[CX3:2]!@[NX3H1:3][!#1:4]	0.00680302	63.7893	-	-	-	-	G
C33519995      none	B	[O:1]=[CX3:2]([NH1])!@[CH2:3][C:4]	29.9919	5.10585	-	-	-	-	G
C33519995      none	B	[!#1:1][CX4:2]!@[CX4:3][!#1:4]	59.9998	12.3771	-	-	-	-	G
C33519995      none	B	[O:1]=[CX3:2]!@[NX3H1:3][!#1:4]	0.000486688	63.7893	-	-	-	-	G
C33519995      none	B	[$([CX3]=O):1][NX3H1:2]!@[CX4H2:3][C:4] 	-90.006	7.35439	-	-	-	-	G
C33519995      none	B	[!#1:1][CX4H2:2]!@[CX4H2:3][!#1:4]	180	58.554	-	-	-	-	G
C33519995      none	B	[!#1:1][CX4H2:2]!@[CX4H2:3][!#1:4]	-59.9979	3.77933	-	-	-	-	G
C33519995      none	B	[C:1][CX4H2:2]!@[CX3:3]=[O:4]	119.999	0.695249	-	-	-	-	O
C21596197      none	B	[a:1][a:2]!@[NX3:3][!#1:4]	89.9947	1.62893	-	-	-	-	O
C21596197      none	B	[!#1:1][CX3:2](=S)!@[NX3H1:3][!#1:4]	180	37.0618	-	-	-	-	G
C21596197      none	B	[$(C=O):1][NX3H1:2]!@[CX3:3]=[*H0:4]	179.996	33.8082	-	-	-	-	G
C21596197      none	B	[O:1]=[CX3:2]!@[NX3H1:3][!#1:4]	-0.000137847	63.7893	-	-	-	-	G
C21596197      none	B	[cH1:1][c:2]([cH1])!@[C:3]([NH1,NH2])=[O:4]	-27.0036	8.39053	-	-	-	-	G
C36499754      none	B	[$(C=O):1][NX3H1:2]!@[CX4H0:3][C:4]	60.0083	13.3187	-	-	-	-	G
C36499754      none	B	[O:1]=[CX3:2]!@[NX3H1:3][!#1:4]	-0.00390516	63.7893	-	-	-	-	G
C36499754      none	B	[N:1][CX4:2]!@[CX3:3]=[O:4]	-0.00272423	7.55292	-	-	-	-	G
C36499754      none	B	[a:1][c:2]!@[CX4H1:3][N,O:4]	59.989	3.42939	-	-	-	-	G
C36499754      none	B	[$(C=O):1][NX3H0:2]!@[CX4H1:3][H:4]	-29.992	2.81513	-	-	-	-	G
C36499754      none	B	[$(C=O):1][NX3H0:2]!@[CX4H2:3][!#1:4]	-120.007	2.94527	-	-	-	-	G
C36499754      none	B	[O:1]=[CX3:2](a)!@[NX3H0:3][!#1:4]	180	9.67842	-	-	-	-	G
C36499754      none	B	[a:1][c:2]!@[CX4H2:3][!#1:4]	90.3113	7.24386	-	-	-	-	G
C36499754      none	B	[cH0:1][c:2]([cH1])!@[CX3:3]([NX3H0])=[O:4]	-90.0075	3.27273	-	-	-	-	G
C36499754      none	B	[O-:1][N+:2](=O)!@[c:3]([cH,nX2H0])[cH,nX2H0:4]	179.97	23.2156	-	-	-	-	G
C33369911      none	B	[a:1][a:2]!@[CX3:3]=[O:4]	30.005	2.37961	-	-	-	-	G
C33369911      none	B	[$(C=O):1][NX3H0:2]!@[c:3]([s,o])[n:4]	-179.72	52.6316	-	-	-	-	G
C33369911      none	B	[a:1][c:2]!@[CX4H1:3][N,O:4]	120.001	3.12238	-	-	-	-	G
C33369911      none	B	[*^2:1]~[C^2:2]([!H])!@[C^2:3]~[*^2:4]	-89.9998	1.27397	-	-	-	-	G
C33369911      none	B	[cH1:1][c:2]([cH1])!@[CX3:3]([CX3H0])=[O:4]	-29.7276	3.55191	-	-	-	-	G
C33369911      none	B	[O:1]=[C:2]!@[O:3]~[C:4]	-29.9973	0.0890388	-	-	-	-	R
C33369911      none	B	[$(C=O):1][O:2]!@[CH2:3]~[C:4]	-149.998	2.4514	-	-	-	-	G
C33369911      none	B	[CX3:1]=[CX3:2]!@[CH2:3][OX2:4]	-0.00798122	15.4198	-	-	-	-	G
C39098453      none	B	[OX2:1][CX4:2]!@[CX4:3][OX2:4]	-59.4781	16.2177	-	-	-	-	G
C37244488      none	B	[OX2:1][CX4:2]!@[CX4:3][N:4]	63.6775	15.2809	-	-	-	-	G
C37244488      none	B	[$([CX3]=O):1][NX3H1:2]!@[CX4H2:3][C:4] 	90.0011	7.35439	-	-	-	-	G
C37244488      none	B	[O:1]=[CX3:2]!@[NX3H1:3][!#1:4]	-0.00133658	63.7893	-	-	-	-	G
C37244488      none	B	[O:1]=[CX3:2]!@[CX3:3]=[O:4]	59.9911	0.346021	-	-	-	-	R
C37244488      none	B	[O:1]=[CX3:2]!@[NX3H1:3][!#1:4]	0.0117708	63.7893	-	-	-	-	G
C37244488      none	B	[$([CX3]=O):1][NX3H1:2]!@[CX4H2:3][C:4] 	-90.0045	7.35439	-	-	-	-	G
C37244488      none	B	[!#1:1][CX4:2]!@[CX3H0:3][!#1:4]	59.9912	4.20603	-	-	-	-	G
C64087643      none	B	[cH1,nX2H0:1][c:2]([cH1,nX2H0])!@[NX3r:3][*:4]	150.306	1.71312	-	-	-	-	O
C64087643      none	B	[*^2:1]~[C^2:2]([!H])!@[C^2:3]~[*^2:4]	-150.033	1.11601	-	-	-	-	G
C64087643      none	B	[O:1]=[CX3:2]!@[NX3H1:3][!#1:4]	-0.00435054	63.7893	-	-	-	-	G
C64087643      none	B	[$([CX3]=O):1][NX3H1:2]!@[CX4H2:3][C:4] 	-119.998	2.61599	-	-	-	-	O
C64087643      none	B	[!#1:1][CX4H2:2]!@[CX4H2:3][!#1:4]	-59.9985	3.77933	-	-	-	-	G
C64087643      none	B	[n,o,s:1][c:2]!@[CX4H2:3][CX4:4]	90.311	4.03889	-	-	-	-	G
C49693198      none	B	[O:1]=[CX3:2]!@[NX3H0:3][!#1:4]	-30.0043	0.692521	-	-	-	-	O
C49693198      none	B	[O:1]=[CX3:2]!@[NX3H1:3][!#1:4]	-0.00473077	63.7893	-	-	-	-	G
C49693198      none	B	[$(C=O):1][NX3H1:2]!@[CX4H1:3][H:4]	-0.0036098	8.26772	-	-	-	-	G
C49693198      none	B	[!#1:1][CX4:2]!@[CX4:3][!#1:4]	80.0034	1.75235	-	-	-	-	G
C49693198      none	B	[O:1]=[C:2]([O-])!@[CX4H1:3][H:4]	0.00742373	0.495663	-	-	-	-	O
C49693198      none	B	[C:1][CX4H2:2]!@[CX3:3]=[O:4]	-119.999	0.79457	-	-	-	-	O
C01344442      none	B	[cH1:1][c:2](cO)!@[O:3][C:4]	90.2675	0.310835	-	-	-	-	R
C01344442      none	B	[a:1][c:2]!@[CX4H1:3][N,O:4]	93.5887	1.22453	-	-	-	-	G
C36308199      none	B	[N:1][CX4:2]!@[CX3:3]=[O:4]	89.9958	0.374597	-	-	-	-	O
C36308199      none	B	[C:1][CX4:2]!@[NX3;"N_lp":3][C:4]	-155.696	4.58918	-	-	-	-	G
C36308199      none	B	[O:1]=[C:2]!@[NX3H1:3](C=O)[H:4]	179.998	35.6725	-	-	-	-	G
C36308199      none	B	[O:1]=[C:2]([NH1])!@[NX3H1:3](C=O)[H:4]	-0.00262839	58.9474	-	-	-	-	G
C36308199      none	B	[O:1]=[CX3:2]([$([NX3H1]C)])!@[NX3H1:3][!#1:4]	0.00953611	41.1343	-	-	-	-	G
C36308199      none	B	[$(C=O):1][NX3H1:2]!@[CX4H1:3][H:4]	29.9973	9.46757	-	-	-	-	G
C36308199      none	B	[O:1]=[CX3:2]!@[NX3H0:3][!#1:4]	-0.0116657	25.0866	-	-	-	-	G
C39098397      none	B	[O:1]=[C:2]!@[O:3]~[C:4]	0.00448175	74.4927	-	-	-	-	G
C39098397      none	B	[$(C=O):1][O:2]!@[CH1:3][H:4]	-40.0009	10.2957	-	-	-	-	G
C39098397      none	B	[OX2:1][CX4:2]!@[CX4:3][OX2:4]	-59.9443	16.2177	-	-	-	-	G
C37433178      none	B	[a:1][a:2]!@[CX3:3]=[CX3H1:4]	59.9978	0.974618	-	-	-	-	O
C37433178      none	B	[*^2:1]~[C^2:2]([!H])!@[C^2:3]~[*^2:4]	-89.9992	1.27397	-	-	-	-	G
C37433178      none	B	[O:1]=[CX3:2]!@[NX3H0:3][!#1:4]	150.264	1.73707	-	-	-	-	O
C37433178      none	B	[O:1]=[C:2]([O-])!@[CX4H1:3][H:4]	90.0102	0.86741	-	-	-	-	O
C50659157      none	B	[*:1][$(S(=O)=O):2]!@[NX3H0r:3][*:4]	90.0019	4.85782	-	-	-	-	G
C50659157      none	B	[aH0:1][c:2]([aH1])!@[SX4:3][!#1:4]	89.736	4.49141	-	-	-	-	G
C50659157      none	B	[O-:1][N+:2](=O)!@[c:3]([cH,nX2H0])[cH,nX2H0:4]	179.985	23.2156	-	-	-	-	G
C35409005      none	B	[!#1:1][CX4:2]!@[CX4:3][!#1:4]	-59.9952	12.2558	-	-	-	-	G
C35409005      none	B	[O:1]=[C:2]([O-])!@[CX4H1:3][H:4]	0.000960227	0.495663	-	-	-	-	O
C35409005      none	B	[$(C=O):1][NX3H1:2]!@[CX4H1:3][H:4]	30.0069	9.46757	-	-	-	-	G
C35409005      none	B	[O:1]=[CX3:2]!@[NX3H1:3][!#1:4]	-0.00805471	63.7893	-	-	-	-	G
C35409005      none	B	[s:1][c:2]!@[C:3]([NH1])=[O:4]	-0.00943387	23.0769	-	-	-	-	G
C35409005      none	B	[$([C](=O)):1][NX3:2]!@[a:3](s)[a:4]	179.998	61.7021	-	-	-	-	G
C35409005      none	B	[O:1]=[CX3:2]!@[NX3H1:3][!#1:4]	0.00326714	63.7893	-	-	-	-	G
C35409005      none	B	[O:1]=[CX3:2]!@[CX4H1r3:3][H:4]	-6.84821e-05	1.66667	-	-	-	-	G
C05540824      none	B	[cH1:1][c:2]([cH1])!@[O:3][C:4]	-179.731	26.896	-	-	-	-	G
C05540824      none	B	[cH0:1][c:2]([cH0])!@[c:3]([cH1:4])[cH1]	-89.7217	5.02886	-	-	-	-	G
C05540824      none	B	[*:1]~[CX4:2]!@[n:3]~[*:4]	0.00174155	3.06862	-	-	-	-	G
C05540824      none	B	[OX2:1][CX4:2]!@[CX4:3][OX2:4]	179.956	13.4277	-	-	-	-	G
C44784196      none	B	[$(C=O):1][NX3H1:2]!@[CX4H1:3][H:4]	30.0032	9.46757	-	-	-	-	G
C44784196      none	B	[O:1]=[CX3:2]!@[NX3H1:3][!#1:4]	-0.000678529	63.7893	-	-	-	-	G
C44784196      none	B	[C:1][CX4:2]!@[CX3:3]=[O:4]	0.442502	5.61823	-	-	-	-	G
C44784196      none	B	[!#1:1][CX4:2]!@[CX3H0:3][!#1:4]	-119.993	1.6873	-	-	-	-	O
C38029865      none	B	[O:1]=[CX3:2]!@[NX3H0:3][!#1:4]	180	18.2537	-	-	-	-	G
C38029865      none	B	[$([CX3]=O):1][NX3H0:2](C)!@[CX4H2:3][C:4]	119.997	2.74443	-	-	-	-	O
C38029865      none	B	N[C:2](=[O:1])!@[CH2:3][N:4]	-29.9987	4.7619	-	-	-	-	G
C38029865      none	B	[O:1]=[CX3:2]!@[NX3H1:3][!#1:4]	-0.00205466	63.7893	-	-	-	-	G
C38029865      none	B	[$(C=O):1][NX3H1:2]!@[c:3]([cH1])[cH1:4]	149.996	5.05437	-	-	-	-	G
C38029865      none	B	[!#1:1][CH2:2]!@[n:3][a:4]	89.9971	13.2097	-	-	-	-	G
C38029865      none	B	[!#1:1][CX4H2:2]!@[CX3:3]=[O:4]	-90.0098	1.11373	-	-	-	-	G
C40909957      none	B	[NH1:1][CX4:2]!@[CX3:3]=[O:4]	-119.994	0.275693	-	-	-	-	G
C40909957      none	B	[$(C=O):1][NX3H1:2]!@[CX4H0:3][C:4]	-59.9978	14.7253	-	-	-	-	G
C40909957      none	B	[O:1]=[CX3:2]!@[NX3H1:3][!#1:4]	-0.00319941	63.7893	-	-	-	-	G
C40909957      none	B	[O:1]=[CX3:2]([NH1])!@[CH2:3][C:4]	90.007	2.11706	-	-	-	-	O
C40909957      none	B	[!#1:1][CX4H2:2]!@[CX4H2:3][!#1:4]	60.0005	3.99483	-	-	-	-	G
C40909957      none	B	[!#1:1][CX4:2]!@[CX4:3][!#1:4]	179.119	22.1548	-	-	-	-	G
C15880022      none	B	[cH1:1][c:2]([cH1])!@[CX3:3]([CX3H0])=[O:4]	-89.999	0	-	-	-	-	R
C15880022      none	B	[*^2:1]~[C^2:2]([!H])!@[C^2:3]~[*^2:4]	150.305	1.21045	-	-	-	-	G
C15880022      none	B	[$([CX3]=O):1][NX3H0:2](C)!@[CX4H2:3][C:4]	-89.9956	15.9949	-	-	-	-	G
C15880022      none	B	[a:1][c:2]!@[CX4H1:3][N,O:4]	-123.171	3.08052	-	-	-	-	G
C15880022      none	B	[cH1:1][c:2](cO)!@[O:3][C:4]	-89.9795	0.35524	-	-	-	-	R
C15880022      none	B	[$(cO):1][c:2](cO)!@[O:3][C:4]	90.001	10.8863	-	-	-	-	G
C15880022      none	B	[cH1:1][c:2](cO)!@[O:3][C:4]	90.2557	0.310835	-	-	-	-	R
C15880022      none	B	[OX2:1][CX4:2]!@[CX4:3][N:4]	-38.8132	1.41573	-	-	-	-	O
C32961968      none	B	[cH0:1][c:2]([cH1])!@[O:3][C:4]	180	48.7454	-	-	-	-	G
C32961968      none	B	[aH0:1][c:2]([aH1])!@[SX4:3][!#1:4]	-110.291	1.0568	-	-	-	-	O
C32961968      none	B	[c:1][$(S(=O)=O):2]!@[NX3H1:3][c:4]	-90.0031	1.19863	-	-	-	-	G
C32961968      none	B	[$(S(=O)(=O)):1][NH1:2]!@[c:3]([cH1])[cH0:4]	-90.2781	3.42205	-	-	-	-	G
C32961968      none	B	[O:1]=[C:2]([O-])!@[c:3]([cH1])[cH1:4]	179.98	7.35294	-	-	-	-	G
C32961968      none	B	[cH0:1][c:2]([cH,nX2H0])!@[NX3H0:3][CX4:4]	120.275	2.29463	-	-	-	-	O
C32961968      none	B	[CX4:1][CX4H2:2]!@[NX3;"N_lp":3][CX4:4]	-160	6.65327	-	-	-	-	G
C32961968      none	B	[!#1:1][CX4H2:2]!@[CX4H2:3][!#1:4]	179.998	58.554	-	-	-	-	G
C41033072      none	B	[$([CX3]=O):1][NX3H1:2]!@[CX4H2:3][C:4] 	-80.0029	8.24284	-	-	-	-	G
C41033072      none	B	[O:1]=[CX3:2]!@[NX3H1:3][!#1:4]	0.00289141	63.7893	-	-	-	-	G
C41033072      none	B	[a:1][c:2]!@[C:3]([NH1,NH2])=[O:4]	90.2606	0.308642	-	-	-	-	O
C41033072      none	B	[a:1][c:2]!@[NX3H1:3][$([CX4r]([C;r])([C;r])):4]	89.9954	0	-	-	-	-	R
C41033072      none	B	[!#1:1][CX4:2]!@[NX3:3][!#1:4]	-120.002	2.54102	-	-	-	-	G
C41033072      none	B	[NH1:1][CX4:2]!@[CX3:3]=[O:4]	89.9995	0.183795	-	-	-	-	R
C40126119      none	B	[CX3:1]=[CX3:2]!@[CH2:3][OX2:4]	29.9926	0.610687	-	-	-	-	O
C40126119      none	B	[C:1][CX4H2:2]!@[OX2:3][c:4]	-150	1.28448	-	-	-	-	O
C40126119      none	B	[cH1:1][c:2]([cH1])!@[O:3][C:4]	150.272	0.199809	-	-	-	-	O
C40126119      none	B	[cH1:1][c:2]([cH1])!@[CX3:3]([CX3H0])=[O:4]	89.9925	0	-	-	-	-	R
C40126119      none	B	[*^2:1]~[C^2:2]([!H])!@[C^2:3]~[*^2:4]	-179.692	19.9269	-	-	-	-	G
C40126119      none	B	[a:1][c:2]!@[CX4H1:3][N,O:4]	26.8388	3.56196	-	-	-	-	G
C49535996      none	B	[$(C=O):1][NX3H1:2]!@[CX4H1:3][H:4]	30.0116	9.46757	-	-	-	-	G
C49535996      none	B	[O:1]=[CX3:2]!@[NX3H1:3][!#1:4]	-0.00746201	63.7893	-	-	-	-	G
C49535996      none	B	[O:1]=[CX3:2]!@[CX3:3]=[O:4]	59.995	0.346021	-	-	-	-	R
C49535996      none	B	[O:1]=[CX3:2]!@[NX3H1:3][!#1:4]	0.00346595	63.7893	-	-	-	-	G
C49535996      none	B	[*:1]~[NX3:2]!@[NX3:3]~[*:4]	149.997	1.2148	-	-	-	-	G
C49535996      none	B	[O:1]=[CX3:2]!@[NX3H1:3][!#1:4]	0.00262922	63.7893	-	-	-	-	G
C49535996      none	B	[*^2:1]~[C^2:2]([!H])!@[C^2:3]~[*^2:4]	-29.7303	1.21216	-	-	-	-	G
C35607066      none	B	[nH0r6:1][cr6:2]([cH1r6])!@[C:3]([NH1,NH2])=[O:4]	-150.021	1.10497	-	-	-	-	G
C35607066      none	B	[O:1]=[CX3:2]!@[NX3H1:3][!#1:4]	-0.000191281	63.7893	-	-	-	-	G
C35607066      none	B	[$([CX3]=O):1][NX3H1:2]!@[CX4H2:3][C:4] 	-59.9999	1.43139	-	-	-	-	G
C35607066      none	B	[!#1:1][CX4H2:2]!@[CX4H2:3][!#1:4]	180	58.554	-	-	-	-	G
C35607066      none	B	[!#1:1][CX4H2:2]!@[CX4H2:3][!#1:4]	180	58.554	-	-	-	-	G
C58097708      none	B	[cH1:1][c:2]([cH1])!@[C:3]([NH1,NH2])=[O:4]	-152.978	8.78518	-	-	-	-	G
C58097708      none	B	[O:1]=[CX3:2]!@[NX3H1:3][!#1:4]	0.00414136	63.7893	-	-	-	-	G
C58097708      none	B	[$(C=O):1][NX3H1:2]!@[CX4H1:3][H:4]	179.996	0.712411	-	-	-	-	R
C50655950      none	B	[O:1]=[CX3:2]!@[NX3H1:3][!#1:4]	-0.00313859	63.7893	-	-	-	-	G
C50655950      none	B	[$([CX3]=O):1][NX3H1:2]!@[CX4H2:3][C:4] 	60.0038	1.1846	-	-	-	-	G
C50655950      none	B	[!#1:1][CX4H2:2]!@[CX4H2:3][!#1:4]	60.0014	3.99483	-	-	-	-	G
C50655950      none	B	[$(S(=O)(=O)):1][NX3H1:2]!@[CX4H2:3][!#1:4]	180	9.01288	-	-	-	-	G
C50655950      none	B	[c:1][$(S(=O)=O):2]!@[NX3H1:3][C:4]	89.9966	2.64026	-	-	-	-	G
C50655950      none	B	[aH0:1][c:2]([aH1])!@[SX4:3][!#1:4]	69.7172	11.3606	-	-	-	-	G
C50655950      none	B	[O-:1][N+:2](=O)!@[c:3]([cH,nX2H0])[cH,nX2H0:4]	179.972	23.2156	-	-	-	-	G
C50655950      none	B	[cH0:1][c:2]([cH,nX2H0])!@[NX3H1:3][CX4:4]	120.003	0	-	-	-	-	R
C36743259      none	B	[aH1:1][c:2]([aH1])!@[SX4:3][!#1:4]	90.0018	12.916	-	-	-	-	G
C36743259      none	B	[c:1][S:2](=O)(=O)!@[NX2H0-:3]-[*:4]	-60.0002	11.1111	-	-	-	-	G
C36743259      none	B	[$(S(=O)(=O)):1][NH0:2]!@[c:3]([cH1])[cH0:4]	-120.269	0	-	-	-	-	R
C36828969      none	B	[O-:1][N+:2](=O)!@[c:3]([cH,nX2H0])[cH,nX2H0:4]	-179.977	23.2156	-	-	-	-	G
C36828969      none	B	[$(S(=O)(=O)):1][NH0:2]!@[c:3]([cH1])[cH1:4]	-119.976	1.65289	-	-	-	-	G
C36828969      none	B	[c:1][S:2](=O)(=O)!@[NX2H0-:3]-[*:4]	-60.0014	11.1111	-	-	-	-	G
C36828969      none	B	[aH1:1][c:2]([aH1])!@[SX4:3][!#1:4]	90.2747	12.916	-	-	-	-	G
C16889818      none	B	[H:1][CX4H1:2]!@[O:3][CX4:4]	40.005	11.9906	-	-	-	-	G
C16889818      none	B	[OX2:1][CX4:2]!@[CX4:3][OX2:4]	59.9609	14.3222	-	-	-	-	G
C16889818      none	B	[OX2:1][CX4:2]!@[CX4:3][OX2:4]	59.9963	14.3222	-	-	-	-	G
C65832505      none	B	[$(S(=O)(=O)):1][NH0:2]!@[c:3]([cH1])[cH0:4]	119.997	0	-	-	-	-	R
C65832505      none	B	[cH1:1][c:2]([cH1])!@[C:3]([NH1,NH2])=[O:4]	179.998	3.89499	-	-	-	-	G
C65832505      none	B	[c:1][S:2](=O)(=O)!@[NX2H0-:3]-[*:4]	-59.9978	11.1111	-	-	-	-	G
C65832505      none	B	[aH1:1][c:2]([aH1])!@[SX4:3][!#1:4]	-89.727	12.5987	-	-	-	-	G
C65832505      none	B	[cH1:1][a:2]([cH1])!@[a:3]([sX2,o,nX2H0,nX3H1:4])([cH1])	179.999	11.5003	-	-	-	-	G
C13277226      none	B	[a:1][c:2]!@[NX3H1:3][$([CX4r]([C;r])([C;r])):4]	-0.051818	14.4886	-	-	-	-	G
C13277226      none	B	[O-:1][N+:2](=O)!@[c:3]([cH0])[cH,nX2H0:4]	89.99	0.274725	-	-	-	-	O
C13277226      none	B	[aH1:1][c:2]([aH1])!@[SX4:3][!#1:4]	-69.999	5.44275	-	-	-	-	G
C13277226      none	B	[*:1][$(S(=O)=O):2]!@[NX3H0r:3][*:4]	-89.7246	4.88152	-	-	-	-	G
C13277226      none	B	[O:1]=[C:2]([O-])!@[CX4H1:3][H:4]	0.000303254	0.495663	-	-	-	-	O
C13277226      none	B	[!#1:1][CX4H1:2]!@[NX3:3][!#1:4]	-78.5573	4.33043	-	-	-	-	G
C35645581      none	B	[cH1:1][c:2]([cH1])!@[CX3:3]=[O:4]	180	13.4921	-	-	-	-	G
C35645581      none	B	[O:1]=[C:2]!@[O:3]~[C:4]	0.00460046	74.4927	-	-	-	-	G
C35645581      none	B	[$(C=O):1][O:2]!@[CH1:3][H:4]	-40.0085	10.2957	-	-	-	-	G
C35645581      none	B	[O:1]=[C:2]([O-])!@[CX4H1:3][H:4]	0.000289454	0.495663	-	-	-	-	O
C43540645      none	B	[!#1:1][CX4:2]!@[CX4:3][!#1:4]	179.998	22.1548	-	-	-	-	G
C43540645      none	B	[!#1:1][CX4:2]!@[CX3H0:3][!#1:4]	-59.9942	4.40277	-	-	-	-	G
C43540645      none	B	[*:1]~[CX4:2]!@[n:3]~[*:4]	29.9977	3.02094	-	-	-	-	G
C17175208      none	B	[nX2:1][c:2]([nX2])!@[O:3][C:4]	-179.74	41.4474	-	-	-	-	G
C17175208      none	B	[*:1]~[CX4:2]!@[n:3]~[*:4]	-59.9992	3.65221	-	-	-	-	G
C17175208      none	B	[OX2:1][CX4:2]!@[CX4:3][OX2:4]	-80.0379	2.4811	-	-	-	-	O
C40574775      none	B	[a:1][c:2]!@[CX4H1:3][N,O:4]	-120.004	3.08052	-	-	-	-	G
C40574775      none	B	[$(C=O):1][NX3H1:2]!@[CX4H1:3][H:4]	-30.008	6.97413	-	-	-	-	G
C40574775      none	B	[O:1]=[CX3:2]!@[NX3H1:3][!#1:4]	0.00901515	63.7893	-	-	-	-	G
C40574775      none	B	[O:1]=[CX3:2]!@[NX3H0:3][!#1:4]	0.303542	25.0866	-	-	-	-	G
C40574775      none	B	[O:1]=[C:2]([O-])!@[CX4H1:3][H:4]	89.9952	0.86741	-	-	-	-	O
C22157924      none	B	[cH1:1][c:2]([cH1])!@[CX3:3]=[O:4]	-179.685	13.4921	-	-	-	-	G
C22157924      none	B	[a:1][c:2]!@[C:3]([NH1,NH2])=[O:4]	149.997	5.34677	-	-	-	-	O
C22157924      none	B	[O:1]=[CX3:2]!@[NX3H1:3][!#1:4]	0.00718544	63.7893	-	-	-	-	G
C22157924      none	B	[$(C=O):1][NX3H1:2]!@[CX4H1:3][H:4]	-30.0057	6.97413	-	-	-	-	G
C22157924      none	B	[!#1:1][CX4:2]!@[CX4:3][!#1:4]	59.9965	12.3771	-	-	-	-	G
C22157924      none	B	[O:1]=[C:2]([O-])!@[CX4H1:3][H:4]	0.00349	0.495663	-	-	-	-	O
C22157924      none	B	[cH1:1][c:2]([cH1])!@[CX4H2:3][$([CX4H1]C(=O)O):4]	90.0011	11.2385	-	-	-	-	G
C35518156      none	B	[O:1]=[C:2]([O-])!@[CX4H1:3][H:4]	90.0052	0.86741	-	-	-	-	O
C35518156      none	B	[$(C=O):1][NX3H1:2]!@[CX4H1:3][H:4]	-59.9956	1.23735	-	-	-	-	G
C35518156      none	B	[O:1]=[CX3:2]!@[NX3H1:3][!#1:4]	-0.00690949	63.7893	-	-	-	-	G
C35518156      none	B	[a:1][c:2]!@[C:3]([NH1,NH2])=[O:4]	-29.7167	5.14706	-	-	-	-	O
C35518156      none	B	[a:1][a:2]!@[NX3:3][!#1:4]	-60.0029	1.73028	-	-	-	-	O
C35518156      none	B	[cH1:1][c:2]([cH1])!@[NX3:3][a:4]	150.282	4.43889	-	-	-	-	G
C48645339      none	B	[O:1]=[CX3:2]!@[NX3H1:3][!#1:4]	0.0077271	63.7893	-	-	-	-	G
C48645339      none	B	[O:1]=[CX3:2]!@[NX3H0:3][!#1:4]	-29.7342	0.692521	-	-	-	-	O
C48645339      none	B	[C:1][CX4:2]!@[CX3:3]=[O:4]	0.0279496	5.61823	-	-	-	-	G
C48645339      none	B	[O:1]=[CX3:2]!@[NX3H1:3][!#1:4]	0.00133924	63.7893	-	-	-	-	G
C48645339      none	B	[$(C=O):1][NX3H1:2]!@[CX4H1:3][H:4]	29.9982	9.46757	-	-	-	-	G
C42444009      none	B	[$(S(=O)(=O)):1][NX3H0:2]!@[CX4H2:3][!#1:4]	120.006	5.60345	-	-	-	-	O
C42444009      none	B	[$(S(=O)(=O)):1][NX3H0:2]!@[CX4H2:3][!#1:4]	89.9973	6.68103	-	-	-	-	G
C42444009      none	B	[c:1][$(S(=O)=O):2]!@[NX3H0:3][C:4]	-60.0061	7.66773	-	-	-	-	G
C42444009      none	B	[!#1:1][CX4:2]!@[CX4:3][!#1:4]	179.997	22.1548	-	-	-	-	G
C42444009      none	B	[!#1:1][CX4:2]!@[CX3H0:3][!#1:4]	59.992	4.20603	-	-	-	-	G
C42444009      none	B	[aH1:1][c:2]([aH1])!@[SX4:3][!#1:4]	70.3066	5.04089	-	-	-	-	G
C13549325      none	B	[a:1][c:2]!@[CX3:3]=[CX3H0:4]	120.004	3.34694	-	-	-	-	G
C13549325      none	B	[cH1:1][a:2]([cH1])!@[a:3]([cH0])[cH0:4]	120.422	5.83986	-	-	-	-	O
C13549325      none	B	[O-:1][N+:2](=O)!@[c:3]([cH,nX2H0])[cH,nX2H0:4]	-179.73	23.2156	-	-	-	-	G
C13549325      none	B	[$(C=O):1][NX3H0:2]!@[c:3]([cH1])[cH1:4]	-119.76	4.75698	-	-	-	-	G
C13549325      none	B	[cH1:1][c:2]([cH1])!@[O:3][C:4]	-0.00201972	26.3009	-	-	-	-	G
C40111641      none	B	[a:1][c:2]!@[CX4H1:3][N,O:4]	150.022	3.7643	-	-	-	-	G
C40111641      none	B	[*^2:1]~[C^2:2]([!H])!@[C^2:3]~[*^2:4]	-120.031	0.661024	-	-	-	-	G
C40111641      none	B	[$([CX3]=O):1][NX3H0:2](C)!@[CX4H2:3][C:4]	90.0437	14.7513	-	-	-	-	G
C40111641      none	B	[OX2:1][CX4H2:2]!@[CX4H2:3][Nr:4]	60.0007	18.1373	-	-	-	-	G
C40111641      none	B	[cH1:1][c:2]([cH1])!@[CX3:3]([CX3H0])=[O:4]	30.2929	4.23497	-	-	-	-	G
C40111641      none	B	[aH1:1][c:2]([aH1])!@[SX4:3][!#1:4]	70.0036	5.04089	-	-	-	-	G
C40111641      none	B	[*:1][$(S(=O)=O):2]!@[NX3H0r:3][*:4]	60.3022	7.32227	-	-	-	-	G
C65403627      none	B	[n,o,s:1][c:2]!@[CX4H2:3][CX4:4]	90.0009	4.03889	-	-	-	-	G
C65403627      none	B	[a:1][c:2]!@[CX4H1:3][a:4]	-29.6292	2.35804	-	-	-	-	G
C49502465      none	B	[!#1:1][CX4:2]!@[CX4:3][!#1:4]	-160.002	1.85018	-	-	-	-	G
C49502465      none	B	[$(C=O):1][NX3H1:2]!@[CX4H1:3][H:4]	29.9877	9.46757	-	-	-	-	G
C49502465      none	B	[CX4:1][CX4H2:2]!@[NX3;"N_lp":3][CX4:4]	-56.3567	4.98492	-	-	-	-	O
C49502465      none	B	[O:1]=[CX3:2]!@[NX3H1:3][!#1:4]	0.00618944	63.7893	-	-	-	-	G
C49502465      none	B	[O:1]=[CX3:2]!@[CX3:3]=[O:4]	-60.0051	0.346021	-	-	-	-	R
C49502465      none	B	[O:1]=[CX3:2]!@[NX3H1:3][!#1:4]	0.00577994	63.7893	-	-	-	-	G
C49502465      none	B	[$([CX3]=O):1][NX3H1:2]!@[CX4H2:3][C:4] 	89.995	7.35439	-	-	-	-	G
C49502465      none	B	[!#1:1][CX4:2]!@[CX3H0:3][!#1:4]	-89.9986	2.97335	-	-	-	-	G
C66361248      none	B	[O:1]=[C:2]([N])!@[O:3]~[C:4]	-0.00446413	57.729	-	-	-	-	G
C66361248      none	B	[O:1]=[CX3:2]!@[NX3H0:3][!#1:4]	-179.713	18.2537	-	-	-	-	G
C66361248      none	B	[$(C=O):1][NX3H1:2]!@[CX4H1:3][H:4]	-29.9956	6.97413	-	-	-	-	G
C66361248      none	B	[O:1]=[CX3:2]!@[NX3H1:3][!#1:4]	-0.00977224	63.7893	-	-	-	-	G
C66361248      none	B	[O:1]=[CX3:2]!@[NX3H0:3][!#1:4]	150.281	1.73707	-	-	-	-	O
C40094871      none	B	[cH1:1][c:2]([cH1])!@[CX3:3]([CX3H0])=[O:4]	-59.9942	0.204918	-	-	-	-	R
C40094871      none	B	[*^2:1]~[C^2:2]([!H])!@[C^2:3]~[*^2:4]	150.318	1.21045	-	-	-	-	G
C40094871      none	B	[$([CX3]=O):1][NX3H0:2](C)!@[CX4H2:3][C:4]	-59.996	0.686106	-	-	-	-	O
C40094871      none	B	[a:1][c:2]!@[CX4H1:3][N,O:4]	93.3298	1.22453	-	-	-	-	G
C40094871      none	B	[O-:1][N+:2](=O)!@[c:3]([cH,nX2H0])[cH,nX2H0:4]	-179.833	23.2156	-	-	-	-	G
C40094871      none	B	[OX2:1][CX4H2:2]!@[CX4H2:3][Nr:4]	-60.0048	16.6667	-	-	-	-	G
C40094871      none	B	[C:1][CH2:2]!@[O:3][CX4:4]	160	5.67469	-	-	-	-	G
C40094871      none	B	[C:1][CH2:2]!@[O:3][CX4:4]	-80.0006	1.18773	-	-	-	-	G
C40094871      none	B	[OX2:1][CX4H2:2]!@[CX4H2:3][OX2:4]	180	10.6129	-	-	-	-	G
C61147180      none	B	[!#1:1][CX4:2]!@[CX4:3][!#1:4]	79.9959	1.75235	-	-	-	-	G
C61147180      none	B	[$([CX3]=O):1][NX3H1:2]!@[CX4H2:3][C:4] 	119.992	2.76407	-	-	-	-	O
C61147180      none	B	[O:1]=[CX3:2]!@[NX3H1:3][!#1:4]	0.00847161	63.7893	-	-	-	-	G
C61147180      none	B	[O:1]=[CX3:2]([NH1])!@[CH2:3][C:4]	0.00529015	11.7061	-	-	-	-	G
C61147180      none	B	[!#1:1][CX4:2]!@[CX3H0:3][!#1:4]	-89.9972	2.97335	-	-	-	-	G
C08893014      none	B	[*^2:1]~[C^2:2]([!H])!@[C^2:3]~[*^2:4]	149.996	1.21045	-	-	-	-	G
C08893014      none	B	[C:1][CX4:2]!@[CX3:3]=[O:4]	-59.9967	2.40592	-	-	-	-	G
C08893014      none	B	[*^2:1]~[C^2:2]([!H])!@[C^2:3]~[*^2:4]	150.313	1.21045	-	-	-	-	G
C08893014      none	B	[$([CX3]=O):1][NX3H0:2](C)!@[CX4H2:3][C:4]	120.001	2.74443	-	-	-	-	O
C08893014      none	B	[a:1][c:2]!@[CX4H1:3][N,O:4]	56.8668	3.42939	-	-	-	-	G
C08893014      none	B	[a:1][c:2]!@[CX4H1:3][H:4]	179.997	7.22227	-	-	-	-	G
C08893014      none	B	[!#1:1][CX4H2:2]!@[CX4H2:3][!#1:4]	180	58.554	-	-	-	-	G
C08893014      none	B	[CX4:1][CX4H2:2]!@[NX3;"N_lp":3][CX4:4]	-156.36	6.65327	-	-	-	-	G
C08893014      none	B	[O:1]=[C:2]!@[O:3]~[C:4]	0.0108009	74.4927	-	-	-	-	G
C48763390      none	B	[$(C=O):1][NX3:2]!@[a:3][aH0:4]	-149.763	1.98526	-	-	-	-	O
C48763390      none	B	[O:1]=[CX3:2]!@[NX3H1:3][!#1:4]	0.000799664	63.7893	-	-	-	-	G
C48763390      none	B	[O:1]=[CX3:2]!@[CX3:3]=[O:4]	-89.9936	4.15225	-	-	-	-	G
C48763390      none	B	[O:1]=[CX3:2]!@[NX3H1:3][!#1:4]	-0.0127821	63.7893	-	-	-	-	G
C48763390      none	B	[$(C=O):1][NX3H1:2]!@[CX4H1:3][H:4]	32.0089	9.46757	-	-	-	-	G
C54807325      none	B	[O:1]=[CX3:2]!@[NX3H0:3][!#1:4]	0.00717437	25.0866	-	-	-	-	G
C54807325      none	B	[*^2:1]~[C^2:2]([!H])!@[C^2:3]~[*^2:4]	-120.006	0.661024	-	-	-	-	G
C54807325      none	B	[CX3:1]=[CX3:2]!@[CH2:3][!#1:4]	-119.999	9.03499	-	-	-	-	G
C54807325      none	B	[$([CX3]=O):1][NX3H1:2]!@[CX4H2:3][C:4] 	150	1.43139	-	-	-	-	O
C54807325      none	B	[O:1]=[CX3:2]([$([NX3H1]C)])!@[NX3H1:3][!#1:4]	-0.00698695	41.1343	-	-	-	-	G
C54807325      none	B	[O:1]=[CX3:2]([$([NX3H1]C)])!@[NX3H1:3][!#1:4]	180	9.5176	-	-	-	-	R
C54807325      none	B	[$(C=O):1][NX3H1:2]!@[CX4H1:3][H:4]	-29.9887	6.97413	-	-	-	-	G
C43508444      none	B	[cH1:1][c:2]([cH1])!@[C:3]([NH1,NH2])=[O:4]	90.0456	0	-	-	-	-	R
C43508444      none	B	[O:1]=[CX3:2]!@[NX3H1:3][!#1:4]	-0.00781421	63.7893	-	-	-	-	G
C43508444      none	B	[$(C=O):1][NX3H1:2]!@[CX4H0:3][C:4]	-179.531	11.3993	-	-	-	-	G
C43508444      none	B	[NH1:1][CX4:2]!@[CX3:3]=[O:4]	89.9957	0.183795	-	-	-	-	R
C00352544      none	B	[nH0r6:1][cr6:2]([cH1r6])!@[C:3]([NH1,NH2])=[O:4]	180	49.7238	-	-	-	-	G
C00352544      none	B	[O:1]=[CX3:2]!@[NX3H1:3][!#1:4]	0.00208249	63.7893	-	-	-	-	G
C00352544      none	B	[*:1]~[NX3:2]!@[NX3:3]~[*:4]	119.997	2.59525	-	-	-	-	G
C00352544      none	B	[!#1:1][CX3:2](=S)!@[NX3H1:3][!#1:4]	0.00280372	27.5459	-	-	-	-	G
C00352544      none	B	[!#1:1][CX3:2](=S)!@[NX3H0:3][!#1:4]	-119.713	0	-	-	-	-	R
C25173844      none	B	[*:1]~[NX3:2]!@[NX2:3]~[*:4]	-90.0004	0.164822	-	-	-	-	R
C25173844      none	B	[*:1]~[CX3:2]!@[NX3:3]~[*:4]	-149.7	0.515099	-	-	-	-	G
C45648730      none	B	[!#1:1][CX4:2]!@[CX4:3][!#1:4]	-160	1.85018	-	-	-	-	G
C45648730      none	B	[$([CX3]=O):1][NX3H1:2]!@[CX4H2:3][C:4] 	90.0001	7.35439	-	-	-	-	G
C45648730      none	B	[O:1]=[CX3:2]([$([NX3H1]C)])!@[NX3H1:3][!#1:4]	180	9.5176	-	-	-	-	R
C45648730      none	B	[O:1]=[CX3:2]([$([NX3H1]C)])!@[NX3H1:3][!#1:4]	-0.00921204	41.1343	-	-	-	-	G
C45648730      none	B	[$(C=O):1][NX3H1:2]!@[CX4H1:3][H:4]	0.00929369	8.26772	-	-	-	-	G
C45648730      none	B	[!#1:1][CX4:2]!@[CX4:3][!#1:4]	180	22.1548	-	-	-	-	G
C45648730      none	B	[O:1]=[C:2]([O-])!@[CX4H1:3][H:4]	-0.00101772	0.495663	-	-	-	-	O
C45648730      none	B	[!#1:1][CX4H2:2]!@[CX4H2:3][!#1:4]	59.9939	3.99483	-	-	-	-	G
C16900386      none	B	[$(C=O):1][NX3:2]!@[a:3][aH0:4]	60.288	2.5788	-	-	-	-	G
C16900386      none	B	[!#1:1][CX4:2]!@[SX2:3][!#1:4]	-59.9956	7.13757	-	-	-	-	G
C16900386      none	B	[!#1:1][CX4:2]!@[SX2:3][!#1:4]	160.002	2.91722	-	-	-	-	G
C16900386      none	B	[!#1:1][CX4:2]!@[CX4:3][!#1:4]	179.996	22.1548	-	-	-	-	G
C16900386      none	B	[O:1]=[C:2]([O-])!@[CX4H1:3][H:4]	90.0097	0.86741	-	-	-	-	O
C16900386      none	B	[$(C=O):1][NX3H1:2]!@[CX4H1:3][H:4]	179.992	0.712411	-	-	-	-	R
C16900386      none	B	[O:1]=[CX3:2]!@[NX3H1:3][!#1:4]	0.00772716	63.7893	-	-	-	-	G
C04303625      none	B	[C:1][CH2:2]!@[O:3][CX4:4]	179.999	35.2689	-	-	-	-	G
C04303625      none	B	[H:1][CX4H1:2]!@[O:3][CX4:4]	60.0044	4.42842	-	-	-	-	G
C04303625      none	B	[$(C=O):1][NX3H1:2]!@[CX4H1:3][H:4]	30.0047	9.46757	-	-	-	-	G
C04303625      none	B	[OX2:1][CX4:2]!@[CX4:3][OX2:4]	179.923	13.4277	-	-	-	-	G
C04303625      none	B	[O:1]=[CX3:2]!@[NX3H1:3][!#1:4]	0.00052316	63.7893	-	-	-	-	G
C14985861      none	B	[*:1]~[CX3:2]!@[NX3:3]~[*:4]	59.9992	0.126334	-	-	-	-	G
C22158818      none	B	[aH1:1][c:2]([aH1])!@[SX4:3][!#1:4]	-30.0035	0.190355	-	-	-	-	R
C22158818      none	B	[a:1][c:2]!@[C:3]([NH1,NH2])=[O:4]	-119.992	0.626362	-	-	-	-	G
C22158818      none	B	[O:1]=[CX3:2]!@[NX3H1:3][!#1:4]	-0.00553779	63.7893	-	-	-	-	G
C22158818      none	B	[*:1][$(S(=O)=O):2]!@[NX3H0r:3][*:4]	90.2814	4.85782	-	-	-	-	G
C22061593      none	B	[OX2:1][CX4:2]!@[CX4:3][OX2:4]	-36.9292	0.393994	-	-	-	-	O
C22061593      none	B	[OX2:1][CX4:2]!@[CX4:3][OX2:4]	59.9979	14.3222	-	-	-	-	G
C22061593      none	B	[C:1][CX4H2:2]!@[OX2:3][!#1:4]	-160	4.83061	-	-	-	-	G
C22061593      none	B	[*:1]~[OX2:2]!@[SX4:3]~[*:4]	-39.9961	4.33662	-	-	-	-	G
C55188851      none	B	[a:1][c:2]!@[C:3]([NH0])=[O:4]	29.999	2.13889	-	-	-	-	G
C55188851      none	B	[O:1]=[CX3:2](a)!@[NX3H0:3][!#1:4]	-149.68	2.19542	-	-	-	-	O
C55188851      none	B	[!#1:1][CX4:2]!@[CX4:3][!#1:4]	159.999	1.81259	-	-	-	-	G
C55188851      none	B	[C:1][CX4H2:2]!@[CX3:3]=[O:4]	-120.006	0.79457	-	-	-	-	O
C40557440      none	B	[OX2:1][CX4:2]!@[CX4:3][N:4]	177.125	9.8427	-	-	-	-	G
C40557440      none	B	[$([CX3]=O):1][NX3H1:2]!@[CX4H2:3][C:4] 	180	6.46594	-	-	-	-	G
C40557440      none	B	[O:1]=[CX3:2]([$([NX3H1]C)])!@[NX3H1:3][!#1:4]	180	9.5176	-	-	-	-	R
C40557440      none	B	[O:1]=[CX3:2]([$([NX3H1]C)])!@[NX3H1:3][!#1:4]	-0.00796288	41.1343	-	-	-	-	G
C40557440      none	B	[$(C=O):1][NX3H1:2]!@[CX4H1:3][H:4]	-59.991	1.23735	-	-	-	-	G
C40557440      none	B	[OX2:1][CX4:2]!@[CX4:3][N:4]	-39.999	1.41573	-	-	-	-	G
C40557440      none	B	[O:1]=[C:2]([O-])!@[CX4H1:3][H:4]	-0.00840954	0.495663	-	-	-	-	O
C50923803      none	B	[O-:1][N+:2](=O)!@[c:3]([cH0])[cH0:4]	90.0153	5.69106	-	-	-	-	G
C50923803      none	B	[a:1][a:2]!@[NX3:3][!#1:4]	90.2796	1.62893	-	-	-	-	O
C50923803      none	B	[!#1:1][CX4:2]!@[CX4:3][!#1:4]	160.005	1.81259	-	-	-	-	G
C50923803      none	B	[!#1:1][CX4H2:2]!@[CX4H2:3][!#1:4]	180	58.554	-	-	-	-	G
C50923803      none	B	[C:1][CX4H2:2]!@[CX3:3]=[O:4]	-120.007	0.79457	-	-	-	-	O
C41237936      none	B	[$(S(=O)(=O)):1][N:2]!@[c:3][a:4]	150.002	2.09961	-	-	-	-	G
C41237936      none	B	[*:1]~[N,n:2]!@[S:3]~[*:4]	176.025	8.16343	-	-	-	-	G
C41237936      none	B	[!#1:1][CX4:2]!@[SX4:3][!#1:4]	79.9977	3.66316	-	-	-	-	G
C41237936      none	B	[!#1:1][CX4H2:2]!@[CX4H2:3][!#1:4]	180	58.554	-	-	-	-	G
C41237936      none	B	[$(S(=O)(=O)):1][NX3H1:2]!@[CX4H2:3][!#1:4]	120.002	2.14592	-	-	-	-	O
C41237936      none	B	[c:1][$(S(=O)=O):2]!@[NX3H1:3][C:4]	-90.0032	3.19032	-	-	-	-	G
C41237936      none	B	[aH1:1][c:2]([aH1])!@[SX4:3][!#1:4]	-89.7248	12.5987	-	-	-	-	G
C40577511      none	B	[!#1:1][CX4:2]!@[CX4:3][!#1:4]	8.61524	0.0551082	-	-	-	-	R
C40577511      none	B	[NH1:1][CX4:2]!@[CX3:3]=[O:4]	-29.9929	4.44172	-	-	-	-	G
C40577511      none	B	[$(C=O):1][NX3H1:2]!@[CX4H0:3][C:4]	179.996	11.3993	-	-	-	-	G
C40577511      none	B	[O:1]=[CX3:2]([$([NX3H1]C)])!@[NX3H1:3][!#1:4]	0.0134275	41.1343	-	-	-	-	G
C40577511      none	B	[O:1]=[CX3:2]([$([NX3H1]C)])!@[NX3H1:3][!#1:4]	-0.00766546	41.1343	-	-	-	-	G
C40577511      none	B	[$(C=O):1][NX3H1:2]!@[c:3]([cH1])[cH1:4]	-0.00111169	7.77286	-	-	-	-	G
C40557245      none	B	[O:1]=[CX3:2]!@[NX3H0:3][!#1:4]	-149.997	1.37927	-	-	-	-	O
C40557245      none	B	[!#1:1][CX4:2]!@[CX4:3][!#1:4]	79.998	1.75235	-	-	-	-	G
C40557245      none	B	[!#1:1][CX4H2:2]!@[CX4H2:3][!#1:4]	179.998	58.554	-	-	-	-	G
C40557245      none	B	[O:1]=[CX3:2]!@[NX3H1:3][!#1:4]	0.000128282	63.7893	-	-	-	-	G
C40557245      none	B	[$([CX3]=O):1][NX3H1:2]!@[CX4H2:3][C:4] 	89.9949	7.35439	-	-	-	-	G
C40557245      none	B	[!#1:1][CX4H2:2]!@[CX4H2:3][!#1:4]	180	58.554	-	-	-	-	G
C40557245      none	B	[C:1][CX4H2:2]!@[CX3:3]=[O:4]	120.005	0.695249	-	-	-	-	O
C40470449      none	B	[a:1][c:2]!@[C:3]([NH0])=[O:4]	59.9999	3.02778	-	-	-	-	G
C40470449      none	B	[O:1]=[CX3:2](a)!@[NX3H0:3][!#1:4]	-179.689	9.67842	-	-	-	-	G
C40470449      none	B	[O:1]=[C:2]([O-])!@[CX4H1:3][H:4]	0.00579853	0.495663	-	-	-	-	O
C05329714      none	B	[!#1:1][CX4:2]!@[CX4:3][!#1:4]	59.68	12.3771	-	-	-	-	G
C16905482      none	B	[!#1:1][CX4H2:2]!@[CX4H2:3][!#1:4]	180	58.554	-	-	-	-	G
C16905482      none	B	[C:1][CX4H2:2]!@[CX3:3]=[O:4]	-120.005	0.79457	-	-	-	-	O
C16905482      none	B	[$([CX3]=O):1][NX3H1:2]!@[CX4H2:3][C:4] 	59.9935	1.1846	-	-	-	-	G
C16905482      none	B	[O:1]=[CX3:2]!@[NX3H1:3][!#1:4]	-0.000849762	63.7893	-	-	-	-	G
C16905482      none	B	[O:1]=[CX3:2]([NH1])!@[CH2:3][C:4]	120.013	0.124533	-	-	-	-	R
C16905482      none	B	[!#1:1][CX4:2]!@[CX4:3][!#1:4]	84.7596	1.75235	-	-	-	-	G
CHEMBL370038      none	B	[a,!nX2H0:1][a:2]([!nX2H0])!@[a:3]([nX2H0])[nX2H0:4]	-0.0408743	27.5	-	-	-	-	G
CHEMBL370038      none	B	[cH0:1][c:2]!@[CX4H2:3][CX4:4]	90.004	18.5823	-	-	-	-	G
CHEMBL370038      none	B	[!#1:1][CX4:2]!@[CX4:3][!#1:4]	80.0029	1.75235	-	-	-	-	G
CHEMBL370038      none	B	[O:1]=[C:2]([O-])!@[CX4H1:3][H:4]	-0.000433759	0.495663	-	-	-	-	O
C40480401      none	B	[a:1][c:2]!@[C:3]([NH0])=[O:4]	119.999	4.19444	-	-	-	-	G
C40480401      none	B	[O:1]=[CX3:2](a)!@[NX3H0:3][!#1:4]	-149.688	2.19542	-	-	-	-	O
C40480401      none	B	[H:1][CX4H1:2]!@[O:3][CX4:4]	35.8944	11.9906	-	-	-	-	G
C40480401      none	B	[O:1]=[C:2]([O-])!@[CX4H1:3][H:4]	-0.00146145	0.495663	-	-	-	-	O
C19486461      none	B	[a:1][c:2]!@[CX4H1:3][a:4]	-119.246	3.10876	-	-	-	-	G
C19486461      none	B	[*^2:1]~[C^2:2]([!H])!@[C^2:3]~[*^2:4]	-150.02	1.11601	-	-	-	-	G
C14412345      none	B	[O:1]=[CX3:2]!@[NX3H1:3][!#1:4]	0.00834339	63.7893	-	-	-	-	G
C14412345      none	B	[$(C=O):1][NX3H1:2]!@[CX4H1:3][H:4]	-0.00142014	8.26772	-	-	-	-	G
C36308196      none	B	[$([cH0]([CX3])):1][c:2]([cH1])!@[O:3][C:4]	119.978	0.462963	-	-	-	-	G
C36308196      none	B	[a:1][c:2]!@[C:3]([NH1,NH2])=[O:4]	180	9.31373	-	-	-	-	G
C36308196      none	B	[c:1][CX4H2:2]!@[OX2:3][c:4]	-119.991	0.172563	-	-	-	-	R
C36308196      none	B	[cH0:1][c:2]!@[CX4H2:3][N,O,S:4]	90.3109	7.74238	-	-	-	-	G
C36308196      none	B	[O:1]=[C:2]([O-])!@[c:3]([cH1])[cH0:4]	-0.0036707	8.88889	-	-	-	-	G
C66348155      none	B	[*:1]~[CX3:2]!@[NX2:3]~[*:4]	90.0027	0.126195	-	-	-	-	G
C66348155      none	B	[aH1:1][c:2]([aH1])!@[SX4:3][!#1:4]	179.994	0.148054	-	-	-	-	R
C39329827      none	B	[*:1]~[CX3:2]!@[NX2:3]~[*:4]	180	40.8031	-	-	-	-	G
C39329827      none	B	[*:1]~[NX2:2]!@[NX2:3]~[*:4]	90.0014	0.0898069	-	-	-	-	R
C39329827      none	B	[*^2:1]~[C^2:2]([!H])!@[C^2:3]~[*^2:4]	-89.9978	1.27397	-	-	-	-	G
C39329827      none	B	[*^2:1]~[C^2:2]([!H])!@[C^2:3]~[*^2:4]	-89.9992	1.27397	-	-	-	-	G
C39329827      none	B	[O:1]=[CX3:2]!@[NX3H0:3][!#1:4]	0.281442	25.0866	-	-	-	-	G
C44259631      none	B	[a:1][a:2]!@[CX3:3]=[CX3H1:4]	20.0027	2.80466	-	-	-	-	G
C44259631      none	B	[aH1:1][c:2]([aH1])!@[SX4:3][!#1:4]	70.001	5.04089	-	-	-	-	G
C44259631      none	B	[c:1][$(S(=O)=O):2]!@[NX3H0:3][C:4]	89.9962	4.81691	-	-	-	-	G
C44259631      none	B	[$(S(=O)(=O)):1][NX3H0:2]!@[CX4H2:3][!#1:4]	120.006	5.60345	-	-	-	-	O
C44259631      none	B	[$(S(=O)(=O)):1][NX3H0:2]!@[CX4H2:3][!#1:4]	120	5.60345	-	-	-	-	O
C44259631      none	B	[OX2:1][CX4H2:2]!@[CX4H2:3][N:4]	180	8.36763	-	-	-	-	G
C44259631      none	B	[OX2:1][CX4H2:2]!@[CX4H2:3][N:4]	59.989	17.6955	-	-	-	-	G
C44259631      none	B	[*^2:1]~[C^2:2]([!H])!@[C^2:3]~[*^2:4]	29.9881	1.05249	-	-	-	-	G
C36976548      none	B	[O:1]=[CX3:2]!@[NX3H0:3][!#1:4]	150	1.73707	-	-	-	-	O
C36976548      none	B	[O:1]=[C:2]([O-])!@[CX4H1:3][H:4]	0.00405797	0.495663	-	-	-	-	O
C40176147      none	B	[$(S(=O)(=O)):1][N:2]!@[c:3][a:4]	0.00827881	3.75977	-	-	-	-	G
C40176147      none	B	[c:1][S:2](=O)(=O)!@[NX2H0-:3]-[*:4]	-60.0041	11.1111	-	-	-	-	G
C40176147      none	B	[aH1:1][c:2]([aH1])!@[SX4:3][!#1:4]	90.2729	12.916	-	-	-	-	G
C40176147      none	B	[O:1]=[C:2]!@[NX3H0:3]([a:4])[A]	150.032	3.23915	-	-	-	-	G
C40176147      none	B	[a:1][c:2]!@[C:3]([NH0])=[O:4]	-29.7326	2.55556	-	-	-	-	G
C40828047      none	B	[cH0:1][a:2]([cH1])!@[a:3]([sX2,o,nX2H0,nX3H1:4])([cH1])	-60.0306	1.3308	-	-	-	-	O
C40828047      none	B	[$(C=O):1][NX3:2]!@[a:3][aH0:4]	-150.006	1.98526	-	-	-	-	O
C40828047      none	B	[O:1]=[CX3:2]!@[NX3H1:3][!#1:4]	0.0111127	63.7893	-	-	-	-	G
C40828047      none	B	[cH1:1][c:2]([cH1])!@[C:3]([NH1,NH2])=[O:4]	-152.999	8.78518	-	-	-	-	G
C55211668      none	B	[cH1:1][c:2]([cH1])!@[C:3]([NH1,NH2])=[O:4]	27.0224	8.08167	-	-	-	-	G
C55211668      none	B	[cH1:1][c:2]([cH1])!@[NX3:3][CX4:4]	-19.9981	3.00858	-	-	-	-	G
C55211668      none	B	[!#1:1][CX4H2:2]!@[NX3H1:3][!#1:4]	149.998	1.87295	-	-	-	-	O
C55211668      none	B	[NH1:1][CX4:2]!@[CX3:3]=[O:4]	-120.009	0.275693	-	-	-	-	G
C55211668      none	B	[O:1]=[CX3:2]!@[NX3H1:3][!#1:4]	0.00370863	63.7893	-	-	-	-	G
C55211668      none	B	[$([CX3]=O):1][NX3H1:2]!@[CX4H2:3][C:4] 	90.0008	7.35439	-	-	-	-	G
C55211668      none	B	[!#1:1][CX4H2:2]!@[CX4H2:3][!#1:4]	59.9934	3.99483	-	-	-	-	G
C55211668      none	B	[$([CX3]=O):1][NX3H1:2]!@[CX4H2:3][C:4] 	120.002	2.76407	-	-	-	-	O
C55211668      none	B	[O:1]=[CX3:2]!@[NX3H1:3][!#1:4]	0.00150959	63.7893	-	-	-	-	G
C55211668      none	B	[cH1:1][c:2]([cH1])!@[C:3]([NH1,NH2])=[O:4]	152.998	9.05971	-	-	-	-	G
C42144305      none	B	[O-:1][N+:2](=O)!@[c:3]([cH,nX2H0])[cH,nX2H0:4]	179.972	23.2156	-	-	-	-	G
C42144305      none	B	[a:1][c:2]!@[C:3]([NH0])=[O:4]	-60.0049	3.63889	-	-	-	-	G
C42144305      none	B	[O:1]=[CX3:2](a)!@[NX3H0:3][!#1:4]	-149.681	2.19542	-	-	-	-	O
C42144305      none	B	[!#1:1][CX4:2]!@[CX4:3][!#1:4]	-160	1.85018	-	-	-	-	G
C42144305      none	B	[C:1][CX4H2:2]!@[CX3:3]=[O:4]	120.002	0.695249	-	-	-	-	O
C35217449      none	B	[cH0:1][c:2]([cH1])!@[CX3:3]([NX3H0])=[O:4]	-60.0194	9.09091	-	-	-	-	G
C35217449      none	B	[O:1]=[CX3:2](a)!@[NX3H0:3][!#1:4]	150.277	2.50464	-	-	-	-	G
C35217449      none	B	[!#1:1][CX4:2]!@[CX4:3][!#1:4]	160	1.81259	-	-	-	-	G
C33582408      none	B	[$(C=O):1][NX3H0:2]!@[c:3]([s,o])[n:4]	179.953	52.6316	-	-	-	-	G
C33582408      none	B	[a:1][c:2]!@[CX4H1:3][N,O:4]	-59.9949	3.48172	-	-	-	-	G
C33582408      none	B	[*^2:1]~[C^2:2]([!H])!@[C^2:3]~[*^2:4]	59.962	0.650722	-	-	-	-	O
C33582408      none	B	[cH1:1][c:2]([cH1])!@[CX3:3]([CX3H0])=[O:4]	30.2774	4.23497	-	-	-	-	G
C33582408      none	B	[O-:1][N+:2](=O)!@[c:3]([cH,nX2H0])[cH,nX2H0:4]	-179.836	23.2156	-	-	-	-	G
C13273432      none	B	[n,o,s:1][c:2]!@[CX4H2:3][CX4:4]	135.003	0.52356	-	-	-	-	O
C13273432      none	B	[aH0:1][c:2]([aH0])!@[SX2:3][!#1:4]	149.995	0.567303	-	-	-	-	O
C13273432      none	B	[!#1:1][CX4:2]!@[SX2:3][!#1:4]	89.9963	2.8728	-	-	-	-	G
C13273432      none	B	[!#1:1][CX4H2:2]!@[CX3:3]=[O:4]	120.005	0.613497	-	-	-	-	G
C13273432      none	B	[O:1]=[CX3:2]!@[NX3H1:3][!#1:4]	-0.0002527	63.7893	-	-	-	-	G
C13273432      none	B	[$(C=O):1][NX3:2]!@[a:3][aH0:4]	-150.001	1.98526	-	-	-	-	O
C13273432      none	B	[cH1:1][c:2](cO)!@[O:3][C:4]	-0.00469225	49.3635	-	-	-	-	G
C13273432      none	B	[cH1:1][c:2](cO)!@[O:3][C:4]	-90.0289	0.35524	-	-	-	-	R
C13273432      none	B	[O:1]=[C:2]([O-])!@[c:3]([cH1])[$([cH0][NH1,NH2]):4]	89.9978	0	-	-	-	-	R
C13273432      none	B	[!#1:1][CX4:2]!@[CX4:3][!#1:4]	159.799	1.81259	-	-	-	-	G
C61809334      none	B	[O:1]=[C:2]([O-])!@[CX4H1:3][H:4]	90.0025	0.86741	-	-	-	-	O
C61809334      none	B	[O:1]=[CX3:2]!@[NX3H0:3][!#1:4]	-149.999	1.37927	-	-	-	-	O
C61809334      none	B	[O:1]=[CX3:2]!@[NX3H0:3][!#1:4]	29.9998	0.680979	-	-	-	-	O
C61809334      none	B	[$([CX3]=O):1][NX3H0:2](C)!@[CX4H2:3][C:4]	120.002	2.74443	-	-	-	-	O
C61809334      none	B	[$([CX3]=O):1][NX3H0:2](C)!@[CX4H2:3][C:4]	119.997	2.74443	-	-	-	-	O
C61809334      none	B	N[C:2](=[O:1])!@[CH2:3][N:4]	120.008	0.595238	-	-	-	-	G
C61809334      none	B	N[C:2](=[O:1])!@[CH2:3][N:4]	150.001	3.125	-	-	-	-	G
C48641429      none	B	[O:1][CX4:2]!@[CX3:3]=[O:4]	-30.0085	2.69102	-	-	-	-	G
C48641429      none	B	[H:1][CX4H1:2]!@[O:3][CX4:4]	-60.0079	5.14933	-	-	-	-	G
C48641429      none	B	[O:1]=[CX3:2]!@[NX3H1:3][!#1:4]	-0.00165346	63.7893	-	-	-	-	G
C48641429      none	B	[*:1]~[NX3:2]!@[NX3:3]~[*:4]	150.001	1.2148	-	-	-	-	G
C48641429      none	B	[O:1]=[CX3:2]!@[NX3H1:3][!#1:4]	0.00385097	63.7893	-	-	-	-	G
C48641429      none	B	[cH1:1][c:2]([cH1])!@[C:3]([NH1,NH2])=[O:4]	27.0037	8.08167	-	-	-	-	G
C33512431      none	B	[C:1][CX4:2]!@[CX3:3]=[O:4]	0.000514322	5.61823	-	-	-	-	G
C33512431      none	B	[*:1]~[CX4:2]!@[n:3]~[*:4]	120	3.12393	-	-	-	-	G
C33512431      none	B	[O:1]=[CX3:2]!@[NX3H1:3][!#1:4]	0.00863649	63.7893	-	-	-	-	G
C33512431      none	B	[$([CX3]=O):1][NX3H1:2]!@[CX4H2:3][C:4] 	179.997	6.46594	-	-	-	-	G
C33512431      none	B	[!#1:1][CX4H2:2]!@[CX4H2:3][!#1:4]	59.9924	3.99483	-	-	-	-	G
C33512431      none	B	[C:1][CX4H2:2]!@[CX3:3]=[O:4]	-119.999	0.79457	-	-	-	-	O
C33512431      none	B	[O-:1][N+:2](=O)!@[c:3]([cH,nX2H0])[cH,nX2H0:4]	179.982	23.2156	-	-	-	-	G
C21796081      none	B	[O-:1][N+:2](=O)!@[c:3]([cH0])[cH,nX2H0:4]	90.0136	0.274725	-	-	-	-	O
C21796081      none	B	[aH0:1][c:2]([aH1])!@[SX4:3][!#1:4]	-109.978	1.0568	-	-	-	-	O
C21796081      none	B	[c:1][$(S(=O)=O):2]!@[NX3H1:3][C:4]	90.0087	2.64026	-	-	-	-	G
C21796081      none	B	[$(S(=O)(=O)):1][NX3H1:2]!@[CX4H1:3][H:4]	-0.012519	7.36648	-	-	-	-	G
C21796081      none	B	[OX2:1][CX4:2]!@[CX4:3][N:4]	-60.0016	14.8764	-	-	-	-	G
C21796081      none	B	[O:1]=[C:2]([O-])!@[CX4H1:3][H:4]	0.00500794	0.495663	-	-	-	-	O
C35384144      none	B	[cH1:1][c:2]([cH1])!@[C:3]([NH1,NH2])=[O:4]	-26.9919	8.39053	-	-	-	-	G
C35384144      none	B	[O:1]=[CX3:2]!@[NX3H1:3][!#1:4]	-0.000683766	63.7893	-	-	-	-	G
C35384144      none	B	[$([CX3]=O):1][NX3H1:2]!@[CX4H2:3][C:4] 	120.001	2.76407	-	-	-	-	O
C35384144      none	B	N[C:2](=[O:1])!@[CH2:3][N:4]	-120.007	0.892857	-	-	-	-	G
C35384144      none	B	[O:1]=[CX3:2]!@[NX3H1:3][!#1:4]	0.0135747	63.7893	-	-	-	-	G
C35384144      none	B	[$([CX3]=O):1][NX3H1:2]!@[CX4H2:3][C:4] 	180	6.46594	-	-	-	-	G
C35384144      none	B	[NH1:1][CX4:2]!@[CX3:3]=[O:4]	120	0.41354	-	-	-	-	G
C13245631      none	B	[$(C=O):1][NX3H0:2]!@[CX4H1:3][H:4]	-1.69687	15.8824	-	-	-	-	G
C13245631      none	B	[$(C=O):1][NX3H0:2]!@[CX4H1:3][H:4]	179.997	19.1176	-	-	-	-	G
C13245631      none	B	[O:1]=[CX3:2]!@[NX3H0:3][!#1:4]	180	18.2537	-	-	-	-	G
C13245631      none	B	N[C:2](=[O:1])!@[CH2:3][N:4]	-0.0037322	9.82143	-	-	-	-	G
C13245631      none	B	[$([CX3]=O):1][NX3H1:2]!@[CX4H2:3][C:4] 	89.9942	7.35439	-	-	-	-	G
C13245631      none	B	[O:1]=[CX3:2]([$([NX3H1]C)])!@[NX3H1:3][!#1:4]	0.00335511	41.1343	-	-	-	-	G
C13245631      none	B	[O:1]=[CX3:2]([$([NX3H1]C)])!@[NX3H1:3][!#1:4]	-0.00933117	41.1343	-	-	-	-	G
C13245631      none	B	[$(C=O):1][NX3H1:2]!@[CX4H1:3][H:4]	60.0082	6.22422	-	-	-	-	G
C13245631      none	B	[!#1:1][CX4:2]!@[CX4:3][!#1:4]	-159.994	1.85018	-	-	-	-	G
C13245631      none	B	[O:1]=[C:2]([O-])!@[CX4H1:3][H:4]	0.000671328	0.495663	-	-	-	-	O
C13245631      none	B	[C:1][CX4H2:2]!@[CX3:3]=[O:4]	90.0079	1.30773	-	-	-	-	O
C13245631      none	B	[O:1]=[CX3:2]!@[NX3H0:3][!#1:4]	-179.684	18.2537	-	-	-	-	G
C36886398      none	B	[cH0:1][c:2]([cH,nX2H0])!@[NX3H1:3][CX4:4]	179.977	49.7854	-	-	-	-	G
C36886398      none	B	[cH1:1][c:2]([cH1])!@[C:3]([NH1,NH2])=[O:4]	179.993	3.89499	-	-	-	-	G
C36886398      none	B	[!#1:1][CX4H2:2]!@[NX3H1:3][!#1:4]	180	11.3535	-	-	-	-	G
C36886398      none	B	[NH1:1][CX4:2]!@[CX3:3]=[O:4]	-120.002	0.275693	-	-	-	-	G
C49891835      none	B	[aH0:1][c:2]([aH0])!@[SX4:3][!#1:4]	-83.8695	8.10056	-	-	-	-	G
C49891835      none	B	[c:1][$(S(=O)=O):2]!@[NX3H1:3][C:4]	90.0002	2.64026	-	-	-	-	G
C49891835      none	B	[$(S(=O)(=O)):1][NX3H1:2]!@[CX4H1:3][H:4]	0.00179533	7.36648	-	-	-	-	G
C49891835      none	B	[a:1][c:2]!@[CX4H1:3][N,O:4]	-29.9928	3.61778	-	-	-	-	G
C61323539      none	B	[a:1][c:2]!@[CX4H2:3][!#1:4]	90.0096	7.24386	-	-	-	-	G
C61323539      none	B	[$(S(=O)(=O)):1][NX3H1:2]!@[CX4H2:3][!#1:4]	-150.001	7.72532	-	-	-	-	G
C61323539      none	B	[c:1][$(S(=O)=O):2]!@[NX3H1:3][C:4]	-90.0043	3.19032	-	-	-	-	G
C61323539      none	B	[aH0:1][c:2]([aH0])!@[SX4:3][!#1:4]	-89.9984	9.35754	-	-	-	-	G
C62134709      none	B	[$(C=O):1][NX3H1:2]!@[c:3]([cH1])[cH1:4]	0.278576	7.77286	-	-	-	-	G
C62134709      none	B	[O:1]=[CX3:2]!@[NX3H1:3][!#1:4]	-59.9982	0	-	-	-	-	R
C62134709      none	B	[O:1]=[CX3:2]!@[NX3H0:3][!#1:4]	30.3084	0.680979	-	-	-	-	O
C62134709      none	B	[O:1]=[C:2]([O-])!@[CX4H1:3][H:4]	90.0001	0.86741	-	-	-	-	O
C61835584      none	B	[!#1:1][CX4:2]!@[CX4:3][!#1:4]	-160.003	1.85018	-	-	-	-	G
C61835584      none	B	[!#1:1][CX4:2]!@[CX4:3][!#1:4]	-79.9997	1.71775	-	-	-	-	G
C61835584      none	B	[O:1]=[CX3:2]([NH1])!@[CH2:3][C:4]	60.0039	6.84932	-	-	-	-	G
C61835584      none	B	[O:1]=[CX3:2]!@[NX3H1:3][!#1:4]	0.0044664	63.7893	-	-	-	-	G
C61835584      none	B	[$(C=O):1][NX3H1:2]!@[CX4H1:3][H:4]	-0.000973588	8.26772	-	-	-	-	G
C61835584      none	B	[C:1][CX4H2:2]!@[CX3:3]=[O:4]	-119.999	0.79457	-	-	-	-	O
C36416287      none	B	[$(C=O):1][NX3H1:2]!@[CX4H1:3][H:4]	29.9906	9.46757	-	-	-	-	G
C36416287      none	B	[O:1]=[CX3:2]!@[NX3H1:3][!#1:4]	0.00402026	63.7893	-	-	-	-	G
C36416287      none	B	[C:1][CX4:2]!@[CX3:3]=[O:4]	-119.701	3.42432	-	-	-	-	G
C62912747      none	B	[C:1][CX4:2]!@[CX3:3]=[O:4]	90.0016	3.65147	-	-	-	-	G
C62912747      none	B	[O:1]=[CX3:2](a)!@[NX3H0:3][!#1:4]	179.996	9.67842	-	-	-	-	G
C62912747      none	B	[a:1][c:2]!@[C:3]([NH0])=[O:4]	120.28	4.19444	-	-	-	-	G
C62912747      none	B	[O-:1][N+:2](=O)!@[c:3]([cH,nX2H0])[cH,nX2H0:4]	-179.728	23.2156	-	-	-	-	G
C02135290      none	B	[cH1,n:1][c:2]!@[O:3][CH1:4]	-59.5142	0.582524	-	-	-	-	R
C02135290      none	B	[H:1][CX4H1:2]!@[OX2:3][!#1:4]	29.9983	9.32817	-	-	-	-	G
C02135290      none	B	[O:1][CX4:2]!@[CX3:3]=[O:4]	180	6.67845	-	-	-	-	G
C02135290      none	B	[O:1]=[CX3:2]!@[NX3H1:3][!#1:4]	-0.00777819	63.7893	-	-	-	-	G
C02135290      none	B	[$(C=O):1][NX3H1:2]!@[CX4H1:3][H:4]	-29.9894	6.97413	-	-	-	-	G
C02135290      none	B	[!#1:1][CX4:2]!@[CX4:3][!#1:4]	79.9968	1.75235	-	-	-	-	G
C02135290      none	B	[O:1]=[C:2]([O-])!@[CX4H1:3][H:4]	0.00186013	0.495663	-	-	-	-	O
C02135290      none	B	[cH0:1][c:2]!@[CX4H2:3][CX4:4]	-90.003	18.481	-	-	-	-	G
C37730455      none	B	[aH0:1][c:2]([aH1])!@[SX4:3][!#1:4]	65.003	11.3606	-	-	-	-	G
C37730455      none	B	[c:1][$(S(=O)=O):2]!@[NX3H1:3][C:4]	146.996	0	-	-	-	-	R
C37730455      none	B	[!#1:1][CX4:2]!@[NX3:3][!#1:4]	-63.8292	6.13257	-	-	-	-	G
C37730455      none	B	[NH1:1][CX4:2]!@[CX3:3]=[O:4]	89.9957	0.183795	-	-	-	-	R
C49864847      none	B	[O-:1][N+:2](=O)!@[c:3]([cH0])[cH,nX2H0:4]	-0.0261518	12.6374	-	-	-	-	G
C49864847      none	B	[a:1][c:2]!@[C:3]([NH0])=[O:4]	119.996	4.19444	-	-	-	-	G
C49864847      none	B	[O:1]=[CX3:2](a)!@[NX3H0:3][!#1:4]	0.288865	23.6549	-	-	-	-	G
C49864847      none	B	[O:1]=[C:2]([O-])!@[CX4H1:3][H:4]	90.0057	0.86741	-	-	-	-	O
C55597816      none	B	[aH1:1][c:2]([aH1])!@[SX4:3][!#1:4]	89.9931	12.916	-	-	-	-	G
C55597816      none	B	[O-:1][N+:2](=O)!@[c:3]([cH0])[cH,nX2H0:4]	0.213782	12.6374	-	-	-	-	G
C55597816      none	B	[c:1][S:2](=O)(=O)!@[NX2H0-:3]-[*:4]	60.0016	8.33333	-	-	-	-	G
C55597816      none	B	[$(S(=O)(=O)):1][NH0:2]!@[c:3]([cH1])[cH1:4]	-120.281	1.65289	-	-	-	-	G
C55597816      none	B	[$(C=O):1][NX3H0:2]!@[c:3]([cH1])[cH1:4]	-149.721	1.13754	-	-	-	-	G
C65021701      none	B	[$(S(=O)(=O)):1][NH0:2]!@[c:3]([cH1])[cH1:4]	59.9833	1.23967	-	-	-	-	G
C65021701      none	B	[c:1][S:2](=O)(=O)!@[NX2H0-:3]-[*:4]	90.0046	2.77778	-	-	-	-	G
C65021701      none	B	[aH1:1][c:2]([aH1])!@[SX4:3][!#1:4]	90.2744	12.916	-	-	-	-	G
C65021701      none	B	[C:1][CX4:2]!@[CX3:3]=[O:4]	29.3653	3.28614	-	-	-	-	G
C65021701      none	B	[O:1]=[CX3:2]!@[NX3H0:3][!#1:4]	-29.7251	0.692521	-	-	-	-	O
C36947138      none	B	[!#1:1][CX4:2]!@[CX4:3][!#1:4]	8.61957	0.0551082	-	-	-	-	R
C36947138      none	B	[NH1:1][CX4:2]!@[CX3:3]=[O:4]	-29.9922	4.44172	-	-	-	-	G
C36947138      none	B	[$(C=O):1][NX3H1:2]!@[CX4H0:3][C:4]	180	11.3993	-	-	-	-	G
C36947138      none	B	[O:1]=[CX3:2]!@[NX3H1:3][!#1:4]	0.000214658	63.7893	-	-	-	-	G
C36947138      none	B	[cH1:1][c:2]([cH1])!@[C:3]([NH1,NH2])=[O:4]	26.9917	8.08167	-	-	-	-	G
C20309303      none	B	[$([cH0]!@[*^2]):1][c:2]([cH1])!@[CX3:3]=[O:4]	89.9972	0.422886	-	-	-	-	O
C20309303      none	B	[*^2:1]~[C^2:2]([!H])!@[C^2:3]~[*^2:4]	150.299	1.21045	-	-	-	-	G
C20309303      none	B	[$([CX3]=O):1][NX3H0:2](C)!@[CX4H2:3][C:4]	-90.0008	15.9949	-	-	-	-	G
C20309303      none	B	[a:1][c:2]!@[CX4H1:3][N,O:4]	56.8292	3.42939	-	-	-	-	G
C20309303      none	B	[cH1:1][c:2]([cH1])!@[CX3:3]=[O:4]	0.0095631	14.2319	-	-	-	-	G
C20309303      none	B	[O:1]=[C:2]!@[O:3]~[C:4]	-0.000317924	74.4927	-	-	-	-	G
C20309303      none	B	[!#1:1][CX4H2:2]!@[CX4H2:3][!#1:4]	180	58.554	-	-	-	-	G
C20309303      none	B	[!#1:1][CX4H2:2]!@[CX4H2:3][!#1:4]	-60.0024	3.77933	-	-	-	-	G
C20309303      none	B	[CX4:1][CX4H2:2]!@[NX3;"N_lp":3][CX4:4]	-76.3642	8.1206	-	-	-	-	G
C40578797      none	B	[$(C=O):1][NX3:2]!@[a:3][aH0:4]	60.0015	2.5788	-	-	-	-	G
C40578797      none	B	[O:1]=[CX3:2]!@[NX3H1:3][!#1:4]	60.0005	0	-	-	-	-	R
C40578797      none	B	[O:1]=[CX3:2]!@[NX3H0:3][!#1:4]	0.314253	25.0866	-	-	-	-	G
C40578797      none	B	[O:1]=[C:2]([O-])!@[CX4H1:3][H:4]	89.9999	0.86741	-	-	-	-	O
C40533655      none	B	[$(C=O):1][NX3:2]!@[a:3][aH0:4]	-120.018	2.3332	-	-	-	-	O
C40533655      none	B	[O:1]=[CX3:2]([$([NX3H1]C)])!@[NX3H1:3][!#1:4]	179.998	9.5176	-	-	-	-	R
C40533655      none	B	[O:1]=[CX3:2]([$([NX3H1]C)])!@[NX3H1:3][!#1:4]	0.0151297	41.1343	-	-	-	-	G
C40533655      none	B	[$(C=O):1][NX3H1:2]!@[CX4H1:3][H:4]	-0.0162318	8.26772	-	-	-	-	G
C40533655      none	B	[!#1:1][CX4:2]!@[CX4:3][!#1:4]	179.999	22.1548	-	-	-	-	G
C40533655      none	B	[O:1]=[C:2]([O-])!@[CX4H1:3][H:4]	-0.00284132	0.495663	-	-	-	-	O
C40533655      none	B	[!#1:1][CX4H2:2]!@[CX4H2:3][!#1:4]	179.997	58.554	-	-	-	-	G
C40533655      none	B	[!#1:1][CX4:2]!@[SX2:3][!#1:4]	179.996	11.1654	-	-	-	-	G
C20215016      none	B	[a:1][c:2]!@[C:3]([NH0])=[O:4]	-89.9913	2.91667	-	-	-	-	G
C20215016      none	B	[O-:1][N+:2](=O)!@[c:3][a:4]	179.798	18.7168	-	-	-	-	G
C20215016      none	B	[O:1]=[CX3:2](a)!@[NX3H0:3][!#1:4]	30.3214	0.896722	-	-	-	-	R
C20215016      none	B	[O:1]=[C:2]([O-])!@[CX4H1:3][H:4]	0.00239522	0.495663	-	-	-	-	O
C54525885      none	B	[cH1:1][c:2]([cH1])!@[CX4H2:3][CX4:4]	-89.9744	11.9355	-	-	-	-	G
C54525885      none	B	[!#1:1][CX4H2:2]!@[CX4H2:3][!#1:4]	60.0021	3.99483	-	-	-	-	G
C54525885      none	B	[$([CX3]=O):1][NX3H1:2]!@[CX4H2:3][C:4] 	90.006	7.35439	-	-	-	-	G
C54525885      none	B	[O:1]=[CX3:2]([$([NX3H1]C)])!@[NX3H1:3][!#1:4]	-0.0156716	41.1343	-	-	-	-	G
C54525885      none	B	[O:1]=[CX3:2]([$([NX3H1]C)])!@[NX3H1:3][!#1:4]	0.0156085	41.1343	-	-	-	-	G
C54525885      none	B	[$(C=O):1][NX3H1:2]!@[CX4H1:3][H:4]	29.9943	9.46757	-	-	-	-	G
C54525885      none	B	[!#1:1][CX4:2]!@[CX4:3][!#1:4]	28.6212	0.236666	-	-	-	-	O
C54525885      none	B	[O:1]=[C:2]([O-])!@[CX4H1:3][H:4]	90.001	0.86741	-	-	-	-	O
C54398846      none	B	[cH0:1][c:2]([cH,nX2H0])!@[NX3H0:3][CX4:4]	-90.025	1.8357	-	-	-	-	O
C54398846      none	B	[a:1][c:2]!@[C:3]([NH1,NH2])=[O:4]	-89.994	0.299564	-	-	-	-	O
C54398846      none	B	[C:1][CX4H2:2]!@[NX3:3][C:4]	59.9946	2.72009	-	-	-	-	O
C54398846      none	B	[C:1][CX4:2]!@[NX3:3][C:4]	179.354	4.61514	-	-	-	-	G
C54398846      none	B	[N:1][CX4:2]!@[CX3:3]=[O:4]	-89.9868	0.479136	-	-	-	-	O
C13277607      none	B	[O:1]=[C:2]([O-])!@[CX4H1:3][H:4]	90.0008	0.86741	-	-	-	-	O
C13277607      none	B	[$(C=O):1][NX3H1:2]!@[CX4H1:3][H:4]	-29.999	6.97413	-	-	-	-	G
C13277607      none	B	[O:1]=[CX3:2]!@[NX3H1:3][!#1:4]	-0.00100108	63.7893	-	-	-	-	G
C13277607      none	B	[cH1:1][c:2]([cH1])!@[C:3]([NH1,NH2])=[O:4]	-26.9961	8.39053	-	-	-	-	G
C13277607      none	B	[cH0:1][c:2]([cH,nX2H0])!@[NX3H1:3][CX4:4]	179.977	49.7854	-	-	-	-	G
C13277607      none	B	[O-:1][N+:2](=O)!@[c:3]([cH0])[cH,nX2H0:4]	0.249482	12.6374	-	-	-	-	G
C13277607      none	B	[!#1:1][CX4H2:2]!@[NX3H1:3][!#1:4]	179.993	11.3535	-	-	-	-	G
C13277607      none	B	N[C:2](=[O:1])!@[CH2:3][N:4]	-30.0044	4.7619	-	-	-	-	G
C13277607      none	B	[O:1]=[CX3:2]!@[NX3H1:3][!#1:4]	0.000834015	63.7893	-	-	-	-	G
C13277607      none	B	[$(C=O):1][NX3H1:2]!@[CX4H1:3][H:4]	-59.9978	1.23735	-	-	-	-	G
C02046903      none	B	[cH1:1][c:2]([cH0])!@[O:3][S:4]	89.9843	9.79381	-	-	-	-	G
C02046903      none	B	[O-:1][N+:2](=O)!@[c:3]([cH,nX2H0])[cH,nX2H0:4]	179.974	23.2156	-	-	-	-	G
C02046903      none	B	[*:1]~[OX2:2]!@[SX4:3]~[*:4]	180	9.86873	-	-	-	-	G
C37929206      none	B	[aH0:1][c:2]([aH1])!@[SX4:3][!#1:4]	-109.979	1.0568	-	-	-	-	O
C37929206      none	B	[c:1][S:2](=O)(=O)!@[NX2H0-:3]-[*:4]	-59.9992	11.1111	-	-	-	-	G
C37929206      none	B	[$(S(=O)(=O)):1][N:2]!@[c:3][a:4]	119.996	2.34375	-	-	-	-	G
C20635162      none	B	[$(C=O):1][NX3:2]!@[a:3][aH0:4]	120.002	2.43553	-	-	-	-	G
C20635162      none	B	[O:1]=[CX3:2]!@[NX3H1:3][!#1:4]	0.00242973	63.7893	-	-	-	-	G
C20635162      none	B	[O:1]=[CX3:2]([NH1])!@[CH2:3][C:4]	119.995	0.124533	-	-	-	-	O
C20635162      none	B	[!#1:1][CX4:2]!@[CX4:3][!#1:4]	-39.7592	0.976141	-	-	-	-	G
C20635162      none	B	[O:1]=[C:2]([O-])!@[CX4H1:3][H:4]	-0.00126632	0.495663	-	-	-	-	O
C62134805      none	B	[$(C=O):1][NX3:2]!@[a:3][aH0:4]	90.0051	3.35653	-	-	-	-	G
C62134805      none	B	[O:1]=[CX3:2]!@[NX3H1:3][!#1:4]	-0.00426323	63.7893	-	-	-	-	G
C62134805      none	B	[O:1]=[CX3:2]!@[NX3H0:3][!#1:4]	-179.698	18.2537	-	-	-	-	G
C62134805      none	B	[O:1]=[C:2]([O-])!@[CX4H1:3][H:4]	-0.00101806	0.495663	-	-	-	-	O
C42275039      none	B	[!#1:1][CX4H2:2]!@[CX4H2:3][!#1:4]	179.999	58.554	-	-	-	-	G
C42275039      none	B	[$([CX3]=O):1][NX3H0:2](C)!@[CX4H2:3][C:4]	120.002	2.74443	-	-	-	-	O
C42275039      none	B	[$([CX3]=O):1][NX3H0:2](C)!@[CX4H2:3][C:4]	119.993	2.74443	-	-	-	-	O
C42275039      none	B	[O:1]=[CX3:2]!@[NX3H0:3][!#1:4]	-30.0043	0.692521	-	-	-	-	O
C42275039      none	B	[N:1][CX4:2]!@[CX3:3]=[O:4]	-120.004	0.897291	-	-	-	-	G
C42275039      none	B	[O:1]=[CX3:2]!@[NX3H0:3][!#1:4]	-29.7234	0.692521	-	-	-	-	O
C42275039      none	B	[C:1][CX4:2]!@[CX3:3]=[O:4]	119.882	3.75937	-	-	-	-	G
C44390897      none	B	[cH1:1][c:2]!@[c:3]([cH1])[nX2H0:4]	29.9982	2.23708	-	-	-	-	G
C44390897      none	B	[*:1]~[CX4:2]!@[n:3]~[*:4]	-29.9986	3.02285	-	-	-	-	G
C44390897      none	B	[C:1][CX4:2]!@[CX3:3]=[O:4]	-60.0076	2.40592	-	-	-	-	G
C44390897      none	B	[O:1]=[CX3:2]!@[NX3H1:3][!#1:4]	0.0158344	63.7893	-	-	-	-	G
C44390897      none	B	[$(C=O):1][NX3H1:2]!@[c:3]([cH1])[cH1:4]	29.9982	5.05437	-	-	-	-	G
C44390897      none	B	[aH1:1][c:2]([aH1])!@[SX4:3][!#1:4]	90.0018	12.916	-	-	-	-	G
C44390897      none	B	[c:1][S:2](=O)(=O)!@[NX2H0-:3]-[*:4]	60.0062	8.33333	-	-	-	-	G
C44390897      none	B	[$(S(=O)(=O)):1][N:2]!@[c:3][a:4]	-0.0158493	3.75977	-	-	-	-	G
C58617246      none	B	[!#1:1][CX4:2]!@[CX3H0:3][!#1:4]	60.0008	4.20603	-	-	-	-	G
C58617246      none	B	[$(C=O):1][NX3H1:2]!@[CX4H1:3][H:4]	-30.0038	6.97413	-	-	-	-	G
C58617246      none	B	[*:1]~[cX3:2]!@[NX2:3]~[*:4]	30.3051	1.49735	-	-	-	-	O
C58617246      none	B	[O:1]=[CX3:2]!@[NX3H1:3][!#1:4]	0.00756871	63.7893	-	-	-	-	G
C40393962      none	B	[!#1:1][CX4:2]!@[CX4:3][!#1:4]	79.9966	1.75235	-	-	-	-	G
C40393962      none	B	[NH1:1][CX4:2]!@[CX3:3]=[O:4]	-119.998	0.275693	-	-	-	-	G
C40393962      none	B	[$(C=O):1][NX3H1:2]!@[CX4H1:3][H:4]	-30.0001	6.97413	-	-	-	-	G
C40393962      none	B	[O:1]=[CX3:2]!@[NX3H0:3][!#1:4]	-179.699	18.2537	-	-	-	-	G
C40393962      none	B	[O:1]=[C:2]([O-])!@[CX4H1:3][H:4]	-9.51214e-06	0.495663	-	-	-	-	O
C40393962      none	B	[O:1]=[CX3:2]!@[NX3H1:3][!#1:4]	0.00674127	63.7893	-	-	-	-	G
C33762384      none	B	[!#1:1][CX4:2]!@[SX2:3][!#1:4]	179.999	11.1654	-	-	-	-	G
C33762384      none	B	[!#1:1][CX4H2:2]!@[CX4H2:3][!#1:4]	179.998	58.554	-	-	-	-	G
C33762384      none	B	[!#1:1][CX4:2]!@[CX4:3][!#1:4]	-60.0013	12.2558	-	-	-	-	G
C33762384      none	B	[O:1]=[C:2]([O-])!@[CX4H1:3][H:4]	0.00244192	0.495663	-	-	-	-	O
C33762384      none	B	[$(C=O):1][NX3H1:2]!@[CX4H1:3][H:4]	29.9981	9.46757	-	-	-	-	G
C33762384      none	B	[O:1]=[CX3:2]([$([NX3H1]C)])!@[NX3H1:3][!#1:4]	-0.000734233	41.1343	-	-	-	-	G
C33762384      none	B	[O:1]=[CX3:2]([$([NX3H1]C)])!@[NX3H1:3][!#1:4]	180	9.5176	-	-	-	-	R
C33762384      none	B	[$(C=O):1][NX3H1:2]!@[c:3]([cH1])[cH1:4]	-120.009	0.302054	-	-	-	-	R
C50604007      none	B	[!#1:1][CX4:2]!@[SX2:3][!#1:4]	-59.9949	7.13757	-	-	-	-	G
C50604007      none	B	[!#1:1][CX4H2:2]!@[CX4H2:3][!#1:4]	179.995	58.554	-	-	-	-	G
C50604007      none	B	[!#1:1][CX4:2]!@[CX4:3][!#1:4]	-80.0027	1.71775	-	-	-	-	G
C50604007      none	B	[O:1]=[C:2]([O-])!@[CX4H1:3][H:4]	89.9953	0.86741	-	-	-	-	O
C50604007      none	B	[$(C=O):1][NX3H1:2]!@[CX4H1:3][H:4]	60.0005	6.22422	-	-	-	-	G
C50604007      none	B	[O:1]=[CX3:2]([$([NX3H1]C)])!@[NX3H1:3][!#1:4]	0.00593302	41.1343	-	-	-	-	G
C50604007      none	B	[O:1]=[CX3:2]([$([NX3H1]C)])!@[NX3H1:3][!#1:4]	-0.0124053	41.1343	-	-	-	-	G
C50604007      none	B	[$([CX3]=O):1][NX3H1:2]!@[CX4H2:3][C:4] 	120.006	2.76407	-	-	-	-	O
C50604007      none	B	[!#1:1][CX4:2]!@[CX4:3][!#1:4]	61.3031	12.3771	-	-	-	-	G
C33745247      none	B	[aH0:1][c:2]([aH1])!@[SX4:3][!#1:4]	69.98	11.3606	-	-	-	-	G
C33745247      none	B	[O-:1][N+:2](=O)!@[c:3]([cH0])[cH,nX2H0:4]	89.9733	0.274725	-	-	-	-	O
C33745247      none	B	[cH1:1][c:2]([cH1])!@[NX3:3][CX4:4]	120.007	0.904583	-	-	-	-	O
C33745247      none	B	[!#1:1][CX4H1:2]!@[NX3:3][!#1:4]	-29.9812	0.261296	-	-	-	-	O
C36864308      none	B	[OX2:1][CX4:2]!@[CX4:3][N:4]	160.005	1.1236	-	-	-	-	O
C36864308      none	B	[$(S(=O)(=O)):1][NX3H1:2]!@[CX4H2:3][!#1:4]	150.003	5.15021	-	-	-	-	G
C36864308      none	B	[c:1][$(S(=O)=O):2]!@[NX3H1:3][C:4]	-90.0033	3.19032	-	-	-	-	G
C36864308      none	B	[aH1:1][c:2]([aH1])!@[SX4:3][!#1:4]	-89.6967	12.5987	-	-	-	-	G
C36864308      none	B	[O:1]=[C:2]([O-])!@[c:3][a:4]	0.00477185	11.4943	-	-	-	-	G
C36864308      none	B	[*:1]~[CX4:2]!@[n:3]~[*:4]	128.621	2.16844	-	-	-	-	G
C43505234      none	B	[O:1]=[CX3:2]!@[NX3H1:3][!#1:4]	0.00462749	63.7893	-	-	-	-	G
C43505234      none	B	[$(C=O):1][NX3H1:2]!@[CX4H1:3][H:4]	179.994	0.712411	-	-	-	-	R
C43505234      none	B	[OX2:1][CX4:2]!@[CX4:3][OX2:4]	-60.0897	16.2177	-	-	-	-	G
C43505234      none	B	[H:1][CX4H1:2]!@[O:3][CX4:4]	159.953	0.0441371	-	-	-	-	R
C34803537      none	B	[$([cH0]([CX3])):1][c:2]([cH1])!@[O:3][C:4]	180	49.7106	-	-	-	-	G
C34803537      none	B	[aH1:1][c:2]([aH1])!@[SX4:3][!#1:4]	-90.002	12.5987	-	-	-	-	G
C34803537      none	B	[$([cH0][OH0]):1][c:2]([cH1])!@[C:3](=O)[NH1:4]	0.0158669	33.9844	-	-	-	-	G
C34803537      none	B	[O:1]=[CX3:2]!@[NX3H1:3][!#1:4]	0.0125784	63.7893	-	-	-	-	G
C34803537      none	B	[*:1]~[NX3:2]!@[NX3:3]~[*:4]	180	7.3164	-	-	-	-	G
C34803537      none	B	[O:1]=[CX3:2]!@[NX3H1:3][!#1:4]	-0.00956027	63.7893	-	-	-	-	G
C34803537      none	B	[cH1:1][c:2]([cH1])!@[C:3]([NH1,NH2])=[O:4]	-152.991	8.78518	-	-	-	-	G
C34803537      none	B	[$(S(=O)(=O)):1][NH0:2]!@[c:3]([cH1])[cH1:4]	-120.019	1.65289	-	-	-	-	G
C34803537      none	B	[c:1][S:2](=O)(=O)!@[NX2H0-:3]-[*:4]	-60.0056	11.1111	-	-	-	-	G
C34803537      none	B	[aH0:1][c:2]([aH1])!@[SX4:3][!#1:4]	-70.3131	15.3236	-	-	-	-	G
C12275720      none	B	[$(C=O):1][NX3H0:2]!@[c:3]([s,o])[n:4]	-149.678	0	-	-	-	-	R
C12275720      none	B	[*:1]~[NX3:2]!@[NX2:3]~[*:4]	150.009	0.447375	-	-	-	-	O
C12275720      none	B	[a:1][a:2]!@[NX3:3][!#1:4]	-179.716	11.4213	-	-	-	-	G
C12275720      none	B	[aH1:1][c:2]([aH1])!@[SX4:3][!#1:4]	-89.9914	12.5987	-	-	-	-	G
C12275720      none	B	[cH1:1][c:2]!@[c:3]([cH1])[nX2H0:4]	-89.7299	0	-	-	-	-	R
C12275720      none	B	[cH1:1][c:2]([cH1])!@[O:3][C:4]	0.000504606	26.3009	-	-	-	-	G
C40394209      none	B	[NH1:1][CX4:2]!@[CX3:3]=[O:4]	-119.993	0.275693	-	-	-	-	G
C40394209      none	B	[$(C=O):1][NX3H1:2]!@[CX4H1:3][H:4]	-59.9983	1.23735	-	-	-	-	G
C40394209      none	B	[O:1]=[CX3:2]!@[NX3H0:3][!#1:4]	-179.707	18.2537	-	-	-	-	G
C40394209      none	B	[O:1]=[C:2]([O-])!@[CX4H1:3][H:4]	-0.00908695	0.495663	-	-	-	-	O
C40394209      none	B	[O:1]=[CX3:2]!@[NX3H1:3][!#1:4]	0.00384444	63.7893	-	-	-	-	G
C40522298      none	B	[$(C=O):1][NX3:2]!@[a:3][aH0:4]	-150.025	1.98526	-	-	-	-	O
C40522298      none	B	[O:1]=[CX3:2]!@[NX3H1:3][!#1:4]	29.9916	0.0707142	-	-	-	-	O
C40522298      none	B	[O:1]=[CX3:2]!@[NX3H0:3][!#1:4]	30.3219	0.680979	-	-	-	-	O
C40522298      none	B	[O:1]=[C:2]([O-])!@[CX4H1:3][H:4]	-0.00198144	0.495663	-	-	-	-	O
C50421367      none	B	[a:1][c:2]!@[CX4H2:3][!#1:4]	-134.992	2.0362	-	-	-	-	O
C50421367      none	B	[$(C=O):1][NX3H1:2]!@[CX4H2:3][!#1:4]	90.0021	7.66811	-	-	-	-	G
C50421367      none	B	[O:1]=[CX3:2]([$([NX3H1]C)])!@[NX3H1:3][!#1:4]	-0.0125103	41.1343	-	-	-	-	G
C50421367      none	B	[O:1]=[CX3:2]([$([NX3H1]C)])!@[NX3H1:3][!#1:4]	0.00822054	41.1343	-	-	-	-	G
C50421367      none	B	[$([CX3]=O):1][NX3H1:2]!@[CX4H2:3][C:4] 	90.0042	7.35439	-	-	-	-	G
C50421367      none	B	[!#1:1][CX4H2:2]!@[CX4H2:3][!#1:4]	-60.0046	3.77933	-	-	-	-	G
C50421367      none	B	[C:1][CX4H2:2]!@[CX3:3]=[O:4]	-89.9901	1.15875	-	-	-	-	O
C30825801      none	B	[$(S(=O)(=O)):1][N:2]!@[c:3][a:4]	60.0092	1.70898	-	-	-	-	G
C30825801      none	B	[c:1][S:2](=O)(=O)!@[NX2H0-:3]-[*:4]	-90.007	2.77778	-	-	-	-	G
C30825801      none	B	[aH1:1][c:2]([aH1])!@[SX4:3][!#1:4]	-89.7266	12.5987	-	-	-	-	G
C30825801      none	B	[$(C=O):1][NX3H1:2]!@[c:3]([cH1])[cH1:4]	-150.016	5.07451	-	-	-	-	G
C30825801      none	B	[O:1]=[CX3:2]!@[NX3H1:3][!#1:4]	-0.000450173	63.7893	-	-	-	-	G
C30825801      none	B	[O:1][CX4:2]!@[CX3:3]=[O:4]	90.0026	0.432135	-	-	-	-	O
C30825801      none	B	[!#1:1][CX4H0:2]!@[OX2:3][!#1:4]	89.9953	0.242378	-	-	-	-	R
C30825801      none	B	[a:1][c:2]([a])!@[O:3][CX4H0:4]	89.9987	10.3226	-	-	-	-	G
C62133153      none	B	[cH0:1][c:2]([cH,nX2H0])!@[NX3H0:3][CX4:4]	90.2722	2.06517	-	-	-	-	O
C62133153      none	B	[O-:1][N+:2](=O)!@[c:3]([cH0])[cH,nX2H0:4]	89.9726	0.274725	-	-	-	-	O
C62133153      none	B	[O:1]=[C:2]([O-])!@[CX4H1:3][H:4]	-0.00225448	0.495663	-	-	-	-	O
C05730703      none	B	[a:1][c:2]!@[CX4H2:3][a:4]	45.0045	2.21805	-	-	-	-	O
C05730703      none	B	[!#1:1][CH2:2]!@[n:3][cH0:4]	-89.6755	15.4696	-	-	-	-	G
C44830912      none	B	[O:1]=[CX3:2]!@[NX3H1:3][!#1:4]	-0.00635114	63.7893	-	-	-	-	G
C44830912      none	B	[$(C=O):1][NX3H1:2]!@[CX4H1:3][H:4]	30.0002	9.46757	-	-	-	-	G
C44830912      none	B	[H:1][CX4H1:2]!@[O:3][CX4:4]	40.3308	11.9906	-	-	-	-	O
C44830912      none	B	[OX2:1][CX4:2]!@[CX4:3][OX2:4]	-60.0927	16.2177	-	-	-	-	G
C04556988      none	B	[H:1][CX4H1:2]!@[O:3][CX4:4]	39.9985	11.9906	-	-	-	-	G
C04556988      none	B	[OX2:1][CX4:2]!@[CX4:3][OX2:4]	-69.1464	16.1644	-	-	-	-	G
C04556988      none	B	[*:1]~[CX4:2]!@[n:3]~[*:4]	-29.9959	3.02285	-	-	-	-	G
C39887592      none	B	[cH1:1][c:2]([cH1])!@[O:3][C:4]	-179.733	26.896	-	-	-	-	G
C39887592      none	B	[c:1][c:2]!@[c:3]([cH0])[nX2H0:4]	-89.9975	0.895317	-	-	-	-	R
C39887592      none	B	[cH0:1][c:2]!@[CX4H1:3][N,O,S:4]	119.887	3.75884	-	-	-	-	O
C39887592      none	B	[cH1:1][a:2]([cH1])!@[a:3]([sX2,o,nX2H0,nX3H1:4])([cH1])	0.517529	11.7616	-	-	-	-	G
C39887592      none	B	[CH0:1][NX3:2]([CH1])!@[c:3][a:4]	60.2222	2.93185	-	-	-	-	G
C39887592      none	B	[cH0:1][c:2]([cH1])!@[O:3][C:4]	89.9942	0.6255	-	-	-	-	R
C61844806      none	B	[aH0:1][c:2]([aH1])!@[SX4:3][!#1:4]	69.975	11.3606	-	-	-	-	G
C61844806      none	B	[O-:1][N+:2](=O)!@[c:3]([cH0])[cH,nX2H0:4]	89.9784	0.274725	-	-	-	-	O
C61844806      none	B	[c:1][S:2](=O)(=O)!@[NX2H0-:3]-[*:4]	60.0007	8.33333	-	-	-	-	G
C61844806      none	B	[$(S(=O)(=O)):1][N:2]!@[c:3][a:4]	-150.002	2.49023	-	-	-	-	G
C13244676      none	B	[$(C=O):1][NX3H1:2]!@[c:3]([cH1])[cH1:4]	149.956	5.05437	-	-	-	-	G
C13244676      none	B	[O:1]=[CX3:2]!@[NX3H1:3][!#1:4]	-0.0151328	63.7893	-	-	-	-	G
C13244676      none	B	N[C:2](=[O:1])!@[CH2:3][N:4]	-89.9926	0.14881	-	-	-	-	R
C13244676      none	B	[$([CX3]=O):1][NX3H1:2]!@[CX4H2:3][C:4] 	-89.9929	7.35439	-	-	-	-	G
C13244676      none	B	[O:1]=[CX3:2]([$([NX3H1]C)])!@[NX3H1:3][!#1:4]	-0.00187764	41.1343	-	-	-	-	G
C13244676      none	B	[O:1]=[CX3:2]([$([NX3H1]C)])!@[NX3H1:3][!#1:4]	179.992	9.5176	-	-	-	-	R
C13244676      none	B	[$(C=O):1][NX3H1:2]!@[CX4H1:3][H:4]	30.0077	9.46757	-	-	-	-	G
C13244676      none	B	[!#1:1][CX4:2]!@[CX4:3][!#1:4]	160.001	1.81259	-	-	-	-	G
C13244676      none	B	[O:1]=[C:2]([O-])!@[CX4H1:3][H:4]	0.0024909	0.495663	-	-	-	-	O
C13244676      none	B	[C:1][CX4H2:2]!@[CX3:3]=[O:4]	-59.9968	2.08575	-	-	-	-	O
C13244676      none	B	[O:1]=[CX3:2]!@[NX3H0:3][!#1:4]	-179.691	18.2537	-	-	-	-	G
C09008183      none	B	[a:1][a:2]!@[CX3:3]=[O:4]	89.9945	0.65154	-	-	-	-	R
C09008183      none	B	[*^2:1]~[C^2:2]([!H])!@[C^2:3]~[*^2:4]	120.307	0.806964	-	-	-	-	G
C09008183      none	B	[$([CX3]=O):1][NX3H0:2](C)!@[CX4H2:3][C:4]	90.0103	14.7513	-	-	-	-	G
C09008183      none	B	[a:1][c:2]!@[CX4H1:3][N,O:4]	56.7743	3.42939	-	-	-	-	G
C09008183      none	B	[cH1:1][c:2]([cH1])!@[O:3][C:4]	180	26.896	-	-	-	-	G
C09008183      none	B	[!#1:1][CX4H2:2]!@[CX4H2:3][!#1:4]	179.998	58.554	-	-	-	-	G
C09008183      none	B	[CX4:1][CX4H2:2]!@[NX3;"N_lp":3][CX4:4]	-156.371	6.65327	-	-	-	-	G
C66253110      none	B	[cH1:1][a:2]([cH1])!@[a:3]([sX2,o,nX2H0,nX3H1:4])([cH1])	180	11.5003	-	-	-	-	G
C66253110      none	B	[aH1:1][c:2]([aH1])!@[SX4:3][!#1:4]	89.9978	12.916	-	-	-	-	G
C66253110      none	B	[c:1][S:2](=O)(=O)!@[NX2H0-:3]-[*:4]	-90.0026	2.77778	-	-	-	-	G
C66253110      none	B	[$(S(=O)(=O)):1][N:2]!@[c:3][a:4]	29.9991	2.05078	-	-	-	-	G
C66253110      none	B	[c:1][c:2]!@[c:3][s,o,nX3H1:4]	-0.00895291	17.837	-	-	-	-	G
C25571519      none	B	[O:1]=[CX3:2]!@[NX3H1:3][!#1:4]	-0.00614379	63.7893	-	-	-	-	G
C25571519      none	B	[$([CX3]=O):1][NX3H1:2]!@[CX4H2:3][C:4] 	180	6.46594	-	-	-	-	G
C25571519      none	B	[!#1:1][CX4H2:2]!@[CX4H2:3][!#1:4]	-59.9977	3.77933	-	-	-	-	G
C25571519      none	B	[C:1][CX4H2:2]!@[NX3:3][C:4]	179.996	3.30615	-	-	-	-	G
C25571519      none	B	[*:1]~[CX3:2]!@[NX3:3]~[*:4]	-119.999	0.121451	-	-	-	-	G
C64410573      none	B	[$(C=O):1][NX3H1:2]!@[CX3:3]=[*H0:4]	179.996	33.8082	-	-	-	-	G
C64410573      none	B	[O:1]=[CX3:2]!@[NX3H1:3][!#1:4]	0.01175	63.7893	-	-	-	-	G
C64410573      none	B	[N:1][CX4:2]!@[CX3:3]=[O:4]	62.998	0.592386	-	-	-	-	O
C64410573      none	B	[a:1][a:2]!@[CX3:3]=[CX3H1:4]	-179.667	13.7638	-	-	-	-	G
C37583810      none	B	[O:1]=[CX3:2]!@[NX3H1:3][!#1:4]	0.00281949	63.7893	-	-	-	-	G
C37583810      none	B	[$([CX3]=O):1][NX3H1:2]!@[CX4H2:3][C:4] 	89.9994	7.35439	-	-	-	-	G
C37583810      none	B	N[C:2](=[O:1])!@[CH2:3][N:4]	-60.0046	0.14881	-	-	-	-	O
C37583810      none	B	[O:1]=[C:2]!@[NX3H0:3]([a:4])[A]	-179.988	18.3322	-	-	-	-	G
C37583810      none	B	[$(C=O):1][NX3H0:2]!@[CX4H2:3][!#1:4]	90.0012	13.8915	-	-	-	-	G
C37583810      none	B	[$(C=O):1][NX3H0:2]!@[c:3]([cH1])[cH1:4]	90.0023	2.51637	-	-	-	-	G
C37583810      none	B	[N:1][CX4:2]!@[CX3:3]=[O:4]	119.997	0.766617	-	-	-	-	G
C04127125      none	B	[*:1]~[CX4:2]!@[n:3]~[*:4]	89.9915	3.25743	-	-	-	-	G
C36778236      none	B	[a:1][c:2]!@[C:3]([NH0])=[O:4]	-30.0004	2.55556	-	-	-	-	G
C36778236      none	B	[O:1]=[CX3:2](a)!@[NX3H0:3][!#1:4]	150.277	2.50464	-	-	-	-	G
C36778236      none	B	[O:1]=[C:2]([O-])!@[CX4H1:3][H:4]	89.9979	0.86741	-	-	-	-	O
C49539976      none	B	[a:1][c:2]!@[CX4H2:3][!#1:4]	-89.9958	7.30446	-	-	-	-	G
C49539976      none	B	[$(C=O):1][NX3H1:2]!@[CX4H2:3][$([c]([cH,nX2H0])[cH,nX2H0]):4]	119.996	2.53165	-	-	-	-	G
C49539976      none	B	[O:1]=[CX3:2]([$([NX3H1]C)])!@[NX3H1:3][!#1:4]	0.00754297	41.1343	-	-	-	-	G
C49539976      none	B	[O:1]=[CX3:2]([$([NX3H1]C)])!@[NX3H1:3][!#1:4]	-0.0123205	41.1343	-	-	-	-	G
C49539976      none	B	[$(C=O):1][NX3H1:2]!@[CX4H1:3][H:4]	180	0.712411	-	-	-	-	R
C49539976      none	B	[OX2:1][CX4:2]!@[CX4:3][N:4]	180	9.8427	-	-	-	-	G
C49539976      none	B	[O:1]=[C:2]([O-])!@[CX4H1:3][H:4]	89.9995	0.86741	-	-	-	-	O
C03800090      none	B	[*:1]~[CX4:2]!@[n:3]~[*:4]	149.999	3.15253	-	-	-	-	G
C03800090      none	B	[OX2:1][CX4:2]!@[CX4:3][OX2:4]	84.186	2.87509	-	-	-	-	O
C40521845      none	B	[O:1]=[CX3:2]!@[NX3H0:3][!#1:4]	30.0088	0.680979	-	-	-	-	O
C40521845      none	B	[C:1][CX4:2]!@[CX3:3]=[O:4]	-0.0312505	5.61823	-	-	-	-	G
C40521845      none	B	[O:1]=[CX3:2]!@[NX3H0:3][!#1:4]	-149.697	1.37927	-	-	-	-	O
C40521845      none	B	[O:1]=[C:2]([O-])!@[CX4H1:3][H:4]	0.00100794	0.495663	-	-	-	-	O
C33591336      none	B	[$(C=O):1][NX3H0:2]!@[c:3]([s,o])[n:4]	-150.058	0	-	-	-	-	O
C33591336      none	B	[a:1][c:2]!@[CX4H1:3][N,O:4]	149.998	3.7643	-	-	-	-	G
C33591336      none	B	[*^2:1]~[C^2:2]([!H])!@[C^2:3]~[*^2:4]	-150.03	1.11601	-	-	-	-	G
C33591336      none	B	[cH1:1][c:2]([cH1])!@[CX3:3]([CX3H0])=[O:4]	60.2758	0.204918	-	-	-	-	R
C33591336      none	B	[cH1:1][c:2]([cH1])!@[O:3][C:4]	0.00144761	26.3009	-	-	-	-	G
C33591336      none	B	[cH1:1][c:2](cO)!@[O:3][C:4]	90.2199	0.310835	-	-	-	-	R
C22158051      none	B	[*:1][$(S(=O)=O):2]!@[NX3H0r:3][*:4]	-59.9986	8.17536	-	-	-	-	G
C22158051      none	B	[aH1:1][c:2]([aH1])!@[SX4:3][!#1:4]	150.323	0.260857	-	-	-	-	R
C22158051      none	B	[a:1][c:2]!@[C:3]([NH1,NH2])=[O:4]	119.997	0.644517	-	-	-	-	G
C22158051      none	B	[O:1]=[CX3:2]!@[NX3H1:3][!#1:4]	-0.00113757	63.7893	-	-	-	-	G
C13094991      none	B	[$(C=O):1][NX3:2]!@[a:3][aH0:4]	-150.033	1.98526	-	-	-	-	O
C13094991      none	B	[O:1]=[C:2]([O-])!@[c:3]([cH1])[$([cH0][NH1,NH2]):4]	-0.00119394	10	-	-	-	-	G
C13094991      none	B	[O:1]=[CX3:2]!@[NX3H1:3][!#1:4]	-0.00556292	63.7893	-	-	-	-	G
C13094991      none	B	[C:1][CX4:2]!@[CX3:3]=[O:4]	-149.968	1.18876	-	-	-	-	G
C13094991      none	B	[*:1][$(S(=O)=O):2]!@[NX3H0r:3][*:4]	60.0008	7.32227	-	-	-	-	G
C13094991      none	B	[aH0:1][c:2]([aH1])!@[SX4:3][!#1:4]	69.7238	11.3606	-	-	-	-	G
C13094991      none	B	[O-:1][N+:2](=O)!@[c:3]([cH,nX2H0])[cH,nX2H0:4]	179.99	23.2156	-	-	-	-	G
C13264062      none	B	[cH1:1][c:2]([cH1])!@[CX3:3]=[NX2:4]	60.2619	0.877718	-	-	-	-	O
C13264062      none	B	[*:1]~[NX3:2]!@[NX2:3]~[*:4]	-149.993	0.364964	-	-	-	-	O
C13264062      none	B	[O:1]=[CX3:2]!@[NX3H1:3][!#1:4]	-0.00252393	63.7893	-	-	-	-	G
C13264062      none	B	[cH1:1][c:2]([cH1])!@[C:3]([NH1,NH2])=[O:4]	152.995	9.05971	-	-	-	-	G
C13264062      none	B	[aH1:1][c:2]([aH1])!@[SX4:3][!#1:4]	-110.002	4.53328	-	-	-	-	G
C13264062      none	B	[*:1][$(S(=O)=O):2]!@[NX3H0r:3][*:4]	-89.7127	4.88152	-	-	-	-	G
C13264062      none	B	[O:1]=[C:2]([O-])!@[CX4H1:3][H:4]	0.00583561	0.495663	-	-	-	-	O
C37454556      none	B	[$(C=O):1][NX3H1:2]!@[c:3]([cH1])[cH1:4]	-150.016	5.07451	-	-	-	-	G
C37454556      none	B	[a:1][c:2]!@[C:3]([NH0])=[O:4]	120.005	4.19444	-	-	-	-	G
C37454556      none	B	[O:1]=[CX3:2](a)!@[NX3H0:3][!#1:4]	-149.715	2.19542	-	-	-	-	O
C37454556      none	B	[O:1]=[C:2]([O-])!@[CX4H1:3][H:4]	0.00338166	0.495663	-	-	-	-	O
C37454556      none	B	[O:1]=[CX3:2]!@[NX3H1:3][!#1:4]	-150.003	0.00505102	-	-	-	-	O
CHEMBL84142      none	B	[$(C=O):1][O:2]!@[CH2:3]~[C:4]	90.0002	4.53893	-	-	-	-	G
CHEMBL84142      none	B	[O:1]=[C:2]!@[O:3]~[C:4]	-0.00672397	74.4927	-	-	-	-	G
CHEMBL84142      none	B	[cH1:1][c:2]([cH1])!@[CX3:3]=[O:4]	-29.7257	3.22841	-	-	-	-	G
CHEMBL84142      none	B	[$(C=O):1][NX3H1:2]!@[c:3]([cH1])[cH1:4]	-30.0151	5.05437	-	-	-	-	G
CHEMBL84142      none	B	[O:1]=[CX3:2]([$([NX3H1]C)])!@[NX3H1:3][!#1:4]	-0.0140514	41.1343	-	-	-	-	G
CHEMBL84142      none	B	[O:1]=[CX3:2]([$([NX3H1]C)])!@[NX3H1:3][!#1:4]	0.0200678	41.1343	-	-	-	-	G
CHEMBL84142      none	B	[$(C=O):1][NX3H1:2]!@[CX4H2:3][$([c]([cH,nX2H0])[cH,nX2H0]):4]	179.988	3.5443	-	-	-	-	G
CHEMBL84142      none	B	[a:1][c:2]!@[CX4H2:3][!#1:4]	90.3151	7.24386	-	-	-	-	G
CHEMBL84142      none	B	[cH1:1][a:2]([cH1])!@[a:3]([cH1])[cH0:4]	89.9943	0.671308	-	-	-	-	O
CHEMBL84142      none	B	[!#1:1][CH2:2]!@[n:3][cH0:4]	-89.995	15.4696	-	-	-	-	G
CHEMBL84142      none	B	[!#1:1][CX4H2:2]!@[CX3:3]=[O:4]	-120	0.59462	-	-	-	-	G
C03142474      none	B	[cH0:1][c:2]!@[CX4H1:3][N,O,S:4]	-36.5052	2.27019	-	-	-	-	G
C03142474      none	B	[O-:1][N+:2](=O)!@[c:3]([cH,nX2H0])[cH,nX2H0:4]	179.972	23.2156	-	-	-	-	G
C03142474      none	B	[O:1]=[C:2]([O-])!@[CX4H1:3][H:4]	89.999	0.86741	-	-	-	-	O
C52787892      none	B	[C:1][CH2:2]!@[O:3][CX4:4]	179.996	35.2689	-	-	-	-	G
C52787892      none	B	[!#1:1][CX4H2:2]!@[CX4H2:3][!#1:4]	180	58.554	-	-	-	-	G
C52787892      none	B	[!#1:1][CX4:2]!@[CX4:3][!#1:4]	59.9956	12.3771	-	-	-	-	G
C52787892      none	B	[O:1]=[C:2]([O-])!@[CX4H1:3][H:4]	89.9972	0.86741	-	-	-	-	O
C52787892      none	B	[$(C=O):1][NX3H1:2]!@[CX4H1:3][H:4]	59.9995	6.22422	-	-	-	-	G
C52787892      none	B	[O:1]=[CX3:2]!@[NX3H1:3][!#1:4]	-0.000313748	63.7893	-	-	-	-	G
C52787892      none	B	[O:1]=[CX3:2]!@[NX3H0:3][!#1:4]	-149.727	1.37927	-	-	-	-	O
C52787892      none	B	[!#1:1][CX4:2]!@[CX4:3][!#1:4]	80.0003	1.75235	-	-	-	-	G
C52787892      none	B	[C:1][CX4H2:2]!@[CX3:3]=[O:4]	-120.005	0.79457	-	-	-	-	O
C62117681      none	B	[C:1][CX4:2]!@[CX3:3]=[O:4]	59.9982	2.38699	-	-	-	-	G
C62117681      none	B	[*:1]~[CX4:2]!@[n:3]~[*:4]	149.998	3.15253	-	-	-	-	G
C62117681      none	B	[O:1]=[CX3:2]!@[NX3H0:3][!#1:4]	0.325746	25.0866	-	-	-	-	G
C62117681      none	B	[O:1]=[C:2]([O-])!@[CX4H1:3][H:4]	0.000497172	0.495663	-	-	-	-	O
C43592152      none	B	[aH0:1][c:2]([aH1])!@[SX4:3][!#1:4]	-70.0286	15.3236	-	-	-	-	G
C43592152      none	B	[*:1]~[N,n:2]!@[S:3]~[*:4]	150.001	1.41668	-	-	-	-	G
C50226985      none	B	[a:1][c:2]!@[CX4H2:3][!#1:4]	-45.0038	1.96752	-	-	-	-	O
C50226985      none	B	[$(C=O):1][NX3H1:2]!@[CX4H2:3][!#1:4]	90.0017	7.66811	-	-	-	-	G
C50226985      none	B	[O:1]=[CX3:2]!@[NX3H1:3][!#1:4]	-0.000591043	63.7893	-	-	-	-	G
C50226985      none	B	[O:1]=[CX3:2]!@[NX3H0:3][!#1:4]	0.30226	25.0866	-	-	-	-	G
C50226985      none	B	[O:1]=[C:2]([O-])!@[CX4H1:3][H:4]	0.00270551	0.495663	-	-	-	-	O
C44915172      none	B	[a:1][c:2]!@[CX4H1:3][H:4]	-94.3118	0.504612	-	-	-	-	O
C44915172      none	B	[a:1][a:2]!@[NX3:3][!#1:4]	150.284	1.85775	-	-	-	-	O
C44915172      none	B	[*:1][$(S(=O)=O):2]!@[NX3H0r:3][*:4]	89.9906	4.85782	-	-	-	-	G
C38107802      none	B	[aH0:1][c:2]([aH0])!@[SX4:3][!#1:4]	-173.868	0.837989	-	-	-	-	R
C38107802      none	B	[c:1][S:2](=O)(=O)!@[NX2H0-:3]-[*:4]	60.0036	8.33333	-	-	-	-	G
C38107802      none	B	[$(S(=O)(=O)):1][NH0:2]!@[c:3]([cH1])[cH1:4]	-150.282	0.413223	-	-	-	-	R
C38107802      none	B	[a:1][c:2]!@[CX4H2:3][CX3:4]	90.0234	7.83807	-	-	-	-	G
C38107802      none	B	[c:1][CX4H2:2]!@[CX3:3]=[O:4]	59.9906	1.9943	-	-	-	-	G
C33794725      none	B	[a:1][a:2]!@[CX3:3]=[O:4]	-29.9939	2.49728	-	-	-	-	G
C33794725      none	B	[$(C=O):1][NX3H0:2]!@[c:3]([s,o])[n:4]	-179.73	52.6316	-	-	-	-	G
C33794725      none	B	[a:1][c:2]!@[CX4H1:3][N,O:4]	60.0102	3.42939	-	-	-	-	G
C33794725      none	B	[*^2:1]~[C^2:2]([!H])!@[C^2:3]~[*^2:4]	-120.056	0.661024	-	-	-	-	G
C33794725      none	B	[cH1:1][c:2]([cH1])!@[CX3:3]([CX3H0])=[O:4]	30.2723	4.23497	-	-	-	-	G
C33794725      none	B	[cH1:1][c:2]([cH1])!@[NX3:3][CX4:4]	59.9939	1.23291	-	-	-	-	O
C63009475      none	B	[$(C=O):1][NX3H1:2]!@[c:3]([cH0]F)[cH:4]	150	0	-	-	-	-	R
C63009475      none	B	[O:1]=[C:2]([O-])!@[c:3]([cH1])[cH1:4]	-179.959	7.35294	-	-	-	-	G
C63009475      none	B	[O:1]=[CX3:2]!@[NX3H1:3][!#1:4]	120.003	0.00505102	-	-	-	-	R
C63009475      none	B	[O:1]=[CX3:2]!@[NX3H0:3][!#1:4]	0.310555	25.0866	-	-	-	-	G
C49364323      none	B	[NH1:1][CX4:2]!@[CX3:3]=[O:4]	120.004	0.41354	-	-	-	-	G
C49364323      none	B	[$(C=O):1][NX3H1:2]!@[CX4H0:3][C:4]	59.998	13.3187	-	-	-	-	G
C49364323      none	B	[O:1]=[CX3:2]([$([NX3H1]C)])!@[NX3H1:3][!#1:4]	5.11304e-05	41.1343	-	-	-	-	G
C49364323      none	B	[O:1]=[CX3:2]([$([NX3H1]C)])!@[NX3H1:3][!#1:4]	0.00281899	41.1343	-	-	-	-	G
C49364323      none	B	[$(C=O):1][NX3H1:2]!@[CX4H1:3][H:4]	-59.9981	1.23735	-	-	-	-	G
C49364323      none	B	[NH1:1][CX4:2]!@[CX3:3]=[O:4]	-120.005	0.275693	-	-	-	-	G
C49364323      none	B	[O:1]=[C:2]!@[O:3]~[C:4]	0.00587534	74.4927	-	-	-	-	G
C30831119      none	B	[$(C=O):1][NX3H1:2]!@[c:3]([cH1])[cH1:4]	-30.0257	5.05437	-	-	-	-	G
C30831119      none	B	[$(C=O):1][NX3:2]!@[a:3][aH0:4]	-120.006	2.3332	-	-	-	-	G
C30831119      none	B	[O:1]=[CX3:2]!@[NX3H1:3][!#1:4]	-4.54359e-05	63.7893	-	-	-	-	G
C30831119      none	B	[O:1]=[CX3:2]!@[CX4H1r3:3][H:4]	89.9901	0.166667	-	-	-	-	R
C30831119      none	B	[O:1]=[CX3:2]!@[NX3H1:3][!#1:4]	0.00823196	63.7893	-	-	-	-	G
C30831119      none	B	[O:1]=[CX3:2]([NH1])!@[CH2:3][C:4]	89.9879	2.11706	-	-	-	-	O
C30831119      none	B	[!#1:1][CX4H2:2]!@[CX4H2:3][!#1:4]	179.996	58.554	-	-	-	-	G
C30831119      none	B	[!#1:1][CX4H2:2]!@[CX4H2:3][!#1:4]	-59.9905	3.77933	-	-	-	-	G
C30831119      none	B	[C:1][CX4H2:2]!@[CX3:3]=[O:4]	120.005	0.695249	-	-	-	-	O
C32585632      none	B	[O-:1][N+:2](=O)!@[c:3]([cH,nX2H0])[cH,nX2H0:4]	179.964	23.2156	-	-	-	-	G
C32585632      none	B	[aH0:1][c:2]([aH1])!@[SX4:3][!#1:4]	-70.206	15.3236	-	-	-	-	G
C32585632      none	B	[c:1][S:2](=O)(=O)!@[NX2H0-:3]-[*:4]	-59.9967	11.1111	-	-	-	-	G
C32585632      none	B	[$(S(=O)(=O)):1][NH0:2]!@[c:3]([cH1])[cH1:4]	-60.2837	0.826446	-	-	-	-	G
C32585632      none	B	[aH1:1][c:2]([aH1])!@[SX4:3][!#1:4]	0.00459669	0.126904	-	-	-	-	R
C37660674      none	B	[!#1:1][CX4H2:2]!@[CX4H2:3][!#1:4]	-59.9992	3.77933	-	-	-	-	G
C37660674      none	B	[!#1:1][CX4H2:2]!@[CX4H2:3][!#1:4]	-60.0009	3.77933	-	-	-	-	G
C37660674      none	B	[N:1][C:2](=O)!@[CX4H2:3][CX4H2:4]	120.009	5.31335	-	-	-	-	G
C37660674      none	B	[!#1:1][CX4H2:2]!@[NX3H1:3][!#1:4]	120.004	2.00811	-	-	-	-	O
C37660674      none	B	[a:1][a:2]!@[NX3:3][!#1:4]	0.323767	10.9271	-	-	-	-	G
C37660674      none	B	[aH0:1][c:2]([aH0])!@[SX2:3][!#1:4]	179.999	14.0278	-	-	-	-	G
C37660674      none	B	[!#1:1][CX4:2]!@[SX2:3][!#1:4]	-60.0015	7.13757	-	-	-	-	G
C37660674      none	B	[!#1:1][CX4H2:2]!@[CX3:3]=[O:4]	119.989	0.613497	-	-	-	-	G
C43218358      none	B	[cH0:1][c:2]!@[CX4H1:3][CX4:4]	-91.8958	3.91099	-	-	-	-	G
C43218358      none	B	[$(C=O):1][NX3H0:2]!@[CX4H2:3][!#1:4]	119.996	3.3859	-	-	-	-	G
C43218358      none	B	[a:1][c:2]!@[CX4H2:3][!#1:4]	-179.682	2.35335	-	-	-	-	O
C43218358      none	B	[!#1:1][CX4:2]!@[CX4:3][!#1:4]	160.004	1.81259	-	-	-	-	G
C43218358      none	B	[NH1:1][CX4:2]!@[CX3:3]=[O:4]	-22.8424	5.49854	-	-	-	-	G
C43218358      none	B	[C:1][CX4H2:2]!@[CX3:3]=[O:4]	60.0039	1.60569	-	-	-	-	O
C21811553      none	B	[aH0:1][c:2]([aH0])!@[SX4:3][!#1:4]	-53.8643	1.67598	-	-	-	-	G
C21811553      none	B	[c:1][$(S(=O)=O):2]!@[NX3H1:3][C:4]	-146.999	0	-	-	-	-	R
C21811553      none	B	[!#1:1][CX4:2]!@[NX3:3][!#1:4]	179.998	4.35363	-	-	-	-	G
C21811553      none	B	[NH1:1][CX4:2]!@[CX3:3]=[O:4]	89.9985	0.183795	-	-	-	-	R
C08653312      none	B	[!#1:1][CH2:2]!@[n:3][cH0:4]	-90.0016	15.4696	-	-	-	-	G
C08653312      none	B	[!#1:1][CX4:2]!@[CX4:3][!#1:4]	80.0035	1.75235	-	-	-	-	G
C08653312      none	B	[OX2:1][CX4:2]!@[CX4:3][OX2:4]	-79.9927	2.4811	-	-	-	-	G
C37835226      none	B	[C:1][CX4:2]!@[CX3:3]=[O:4]	-119.87	3.42432	-	-	-	-	G
C37835226      none	B	[O:1]=[CX3:2]!@[NX3H0:3][!#1:4]	30.0062	0.680979	-	-	-	-	O
C37835226      none	B	[*^2:1]~[C^2:2]([!H])!@[C^2:3]~[*^2:4]	29.9948	1.05249	-	-	-	-	G
C37835226      none	B	[*^2:1]~[C^2:2]([!H])!@[C^2:3]~[*^2:4]	0.00265627	20.0453	-	-	-	-	G
C63856983      none	B	[C:1][CX4:2]!@[CX3:3][C:4]	59.993	7.72028	-	-	-	-	G
C63856983      none	B	[C:1][CX4:2]!@[NX3:3][C:4]	120	2.89331	-	-	-	-	O
C63856983      none	B	[*:1]~[CX3:2]!@[NX3:3]~[*:4]	60.2863	0.126334	-	-	-	-	R
C40945581      none	B	[aH0:1][c:2]([aH1])!@[SX4:3][!#1:4]	-110.022	1.0568	-	-	-	-	O
C40945581      none	B	[O-:1][N+:2](=O)!@[c:3]([cH0])[cH,nX2H0:4]	89.8698	0.274725	-	-	-	-	O
C40945581      none	B	[c:1][S:2](=O)(=O)!@[NX2H0-:3]-[*:4]	60.0016	8.33333	-	-	-	-	G
C40945581      none	B	[$(S(=O)(=O)):1][N:2]!@[c:3][a:4]	89.9952	4.78516	-	-	-	-	G
C40945581      none	B	[a:1][c:2]!@[C:3]([NH1,NH2])=[O:4]	179.997	9.31373	-	-	-	-	G
C48244670      none	B	[O:1]=[CX3:2](a)!@[NX3H0:3][!#1:4]	29.9876	0.896722	-	-	-	-	O
C48244670      none	B	[cH0:1][c:2]([cH1])!@[CX3:3]([NX3H0])=[O:4]	30.0103	1.45455	-	-	-	-	O
C01691117      none	B	[*:1]~[OX2:2]!@[SX4:3]~[*:4]	159.999	2.391	-	-	-	-	G
C01691117      none	B	[H:1][CX4H1:2]!@[OX2:3][!#1:4]	-40.0039	10.8116	-	-	-	-	G
C01691117      none	B	[OX2:1][CX4:2]!@[CX4:3][OX2:4]	-39.9503	0.393994	-	-	-	-	O
C44236185      none	B	[aH1:1][c:2]([aH1])!@[SX4:3][!#1:4]	90.2824	12.916	-	-	-	-	G
C44236185      none	B	[O-:1][N+:2](=O)!@[c:3]([cH0])[cH,nX2H0:4]	90.0101	0.274725	-	-	-	-	O
C44236185      none	B	[cH0:1][c:2]!@[CX4H1:3][CX4:4]	119.998	7.01281	-	-	-	-	G
C44236185      none	B	[!#1:1][CX4:2]!@[CX4:3][!#1:4]	-79.9955	1.71775	-	-	-	-	G
C44236185      none	B	[!#1:1][CX4H2:2]!@[CX4H2:3][!#1:4]	180	58.554	-	-	-	-	G
C50703616      none	B	[$([c]([NH1,NH2])):1][c:2]!@[CX3:3]([!O])=[O:4]	-30.0001	6.35359	-	-	-	-	G
C50703616      none	B	[O-:1][N+:2](=O)!@[c:3]([cH,nX2H0])[cH,nX2H0:4]	179.994	23.2156	-	-	-	-	G
C50703616      none	B	[O:1]=[CX3:2](a)!@[NX3H0:3][!#1:4]	-29.7331	1.17502	-	-	-	-	O
C36778231      none	B	[a:1][c:2]!@[C:3]([NH0])=[O:4]	-60.0087	3.63889	-	-	-	-	G
C36778231      none	B	[O:1]=[CX3:2](a)!@[NX3H0:3][!#1:4]	-179.691	9.67842	-	-	-	-	G
C36778231      none	B	[O:1]=[C:2]([O-])!@[CX4H1:3][H:4]	-0.000592438	0.495663	-	-	-	-	O
C37374741      none	B	[OX2:1][CX4:2]!@[CX4:3][N:4]	179.996	9.8427	-	-	-	-	G
C37374741      none	B	[O:1]=[C:2]([O-])!@[CX4H1:3][H:4]	90.0026	0.86741	-	-	-	-	O
C37374741      none	B	[$(S(=O)(=O)):1][NX3H1:2]!@[CX4H1:3][H:4]	0.00397447	7.36648	-	-	-	-	G
C37374741      none	B	[c:1][$(S(=O)=O):2]!@[NX3H1:3][C:4]	-90.0054	3.19032	-	-	-	-	G
C37374741      none	B	[aH0:1][c:2]([aH1])!@[SX4:3][!#1:4]	-70.2779	15.3236	-	-	-	-	G
C54376563      none	B	[cH0:1][c:2]([cH,nX2H0])!@[NX3H0:3][CX4:4]	60.2866	3.25838	-	-	-	-	G
C54376563      none	B	[O:1]=[C:2]([O-])!@[CX4H1:3][H:4]	89.9981	0.86741	-	-	-	-	O
C22060434      none	B	[a:1][c:2]!@[CX4H1:3][N,O:4]	180	1.64318	-	-	-	-	G
C22060434      none	B	[H:1][CX4H1:2]!@[O:3][CX4:4]	-60.0026	5.14933	-	-	-	-	G
C22060434      none	B	[H:1][CX4H1:2]!@[O:3][CX4:4]	-60.0042	5.14933	-	-	-	-	G
C22060434      none	B	[*^2:1]~[C^2:2]([!H])!@[C^2:3]~[*^2:4]	0.00153863	20.0453	-	-	-	-	G
C40601123      none	B	[cH1:1][c:2]([cH1])!@[CX4H2:3][CX4:4]	-89.9876	11.9355	-	-	-	-	G
C40601123      none	B	[!#1:1][CX4H2:2]!@[CX4H2:3][!#1:4]	-59.9987	3.77933	-	-	-	-	G
C40601123      none	B	[$([CX3]=O):1][NX3H1:2]!@[CX4H2:3][C:4] 	-90.0039	7.35439	-	-	-	-	G
C40601123      none	B	[O:1]=[CX3:2]!@[NX3H1:3][!#1:4]	0.00777663	63.7893	-	-	-	-	G
C40601123      none	B	[O:1]=[CX3:2]!@[NX3H0:3][!#1:4]	0.305196	25.0866	-	-	-	-	G
C40601123      none	B	[O:1]=[C:2]([O-])!@[CX4H1:3][H:4]	0.00439881	0.495663	-	-	-	-	O
C19428004      none	B	[a:1][c:2]!@[C:3]([NH0])=[O:4]	60.0063	3.02778	-	-	-	-	G
C19428004      none	B	[O:1]=[CX3:2](a)!@[NX3H0:3][!#1:4]	-179.711	9.67842	-	-	-	-	G
C19428004      none	B	[O:1]=[C:2]([O-])!@[CX4H1:3][H:4]	-0.00158067	0.495663	-	-	-	-	O
C42272902      none	B	[O:1]=[CX3:2]!@[NX3H1:3][!#1:4]	0.00294642	63.7893	-	-	-	-	G
C42272902      none	B	[N:1][CX4:2]!@[CX3:3]=[O:4]	56.5272	0.592386	-	-	-	-	G
C42272902      none	B	[*:1][$(S(=O)=O):2]!@[NX3H0r:3][*:4]	119.996	1.23223	-	-	-	-	G
C42272902      none	B	[aH0:1][c:2]([aH1])!@[SX4:3][!#1:4]	109.682	1.0568	-	-	-	-	O
C05454352      none	B	[a:1][c:2]!@[CX4H2:3][!#1:4]	-134.696	2.0362	-	-	-	-	O
C43760873      none	B	[O:1]=[CX3:2]!@[NX3H1:3][!#1:4]	0.00204105	63.7893	-	-	-	-	G
C43760873      none	B	[$(C=O):1][NX3H1:2]!@[CX4H1:3][H:4]	179.996	0.712411	-	-	-	-	R
C43760873      none	B	[a:1][c:2]!@[CX4H1:3][N,O:4]	150.274	3.7643	-	-	-	-	G
C43760873      none	B	[H:1][CX4H1:2]!@[O:3][CX4:4]	179.847	1.1917	-	-	-	-	R
C30879604      none	B	[C:1][$(S(=O)=O):2]!@[NX3H1:3][C:4]	90.0031	7.14286	-	-	-	-	G
C30879604      none	B	[$(S(=O)(=O)):1][NX3H1:2]!@[CX4H2:3][!#1:4]	-60.0009	0	-	-	-	-	O
C30879604      none	B	[OX2:1][CX4:2]!@[CX4:3][N:4]	84.0736	3.55056	-	-	-	-	O
C30879604      none	B	[C:1][CX4:2]!@[NX3;"N_lp":3][C:4]	-176.37	5.71656	-	-	-	-	G
C30879604      none	B	[OX2:1][CX4:2]!@[CX4:3][OX2:4]	175.889	13.4277	-	-	-	-	G
C13245614      none	B	[a:1][c:2]!@[CX4H2:3][!#1:4]	-44.9957	1.62815	-	-	-	-	O
C13245614      none	B	[$(C=O):1][NX3H1:2]!@[CX4H2:3][$([c]([cH,nX2H0])[cH,nX2H0]):4]	119.997	2.53165	-	-	-	-	G
C13245614      none	B	[O:1]=[CX3:2]([$([NX3H1]C)])!@[NX3H1:3][!#1:4]	0.00722694	41.1343	-	-	-	-	G
C13245614      none	B	[O:1]=[CX3:2]([$([NX3H1]C)])!@[NX3H1:3][!#1:4]	-0.00974915	41.1343	-	-	-	-	G
C13245614      none	B	[$(C=O):1][NX3H1:2]!@[CX4H1:3][H:4]	-29.9944	6.97413	-	-	-	-	G
C13245614      none	B	[!#1:1][CX4:2]!@[CX4:3][!#1:4]	-159.998	1.85018	-	-	-	-	G
C13245614      none	B	[O:1]=[C:2]([O-])!@[CX4H1:3][H:4]	-0.00347554	0.495663	-	-	-	-	O
C13245614      none	B	[C:1][CX4H2:2]!@[CX3:3]=[O:4]	-29.9965	4.17149	-	-	-	-	G
C13245614      none	B	[O:1]=[CX3:2]!@[NX3H0:3][!#1:4]	-179.696	18.2537	-	-	-	-	G
C46077690      none	B	[$(C=O):1][NX3H1:2]!@[c:3](s)[n:4]	0.00377379	0.574713	-	-	-	-	R
C46077690      none	B	[O,S:1]=[C:2]([$([NX3H1]),$([NX3H2])])!@[$([NX3]c[nH0]):3][H:4]	-0.00969423	46.0938	-	-	-	-	G
C46077690      none	B	[O:1]=[CX3:2]([$([NX3H1]C)])!@[NX3H1:3][!#1:4]	0.00467284	41.1343	-	-	-	-	G
C46077690      none	B	[$(C=O):1][NX3H1:2]!@[CX4H1:3][H:4]	29.997	9.46757	-	-	-	-	G
C50265127      none	B	[aH1:1][c:2]([aH1])!@[SX4:3][!#1:4]	-69.9939	5.44275	-	-	-	-	G
C50265127      none	B	[*:1][$(S(=O)=O):2]!@[NX3H0r:3][*:4]	90.283	4.85782	-	-	-	-	G
C50265127      none	B	[H:1][CX4H1:2]!@[SX4:3][!#1:4]	87.8055	0.771208	-	-	-	-	O
C48843320      none	B	[O:1]=[CX3:2]!@[NX3H0:3][!#1:4]	149.999	1.73707	-	-	-	-	O
C48843320      none	B	N[C:2](=[O:1])!@[CH2:3][N:4]	-59.9975	0.14881	-	-	-	-	O
C48843320      none	B	[$([CX3]=O):1][NX3H1:2]!@[CX4H2:3][C:4] 	-119.994	2.61599	-	-	-	-	O
C48843320      none	B	[O:1]=[CX3:2]([$([NX3H1]C)])!@[NX3H1:3][!#1:4]	-0.0127298	41.1343	-	-	-	-	G
C48843320      none	B	[O:1]=[CX3:2]([$([NX3H1]C)])!@[NX3H1:3][!#1:4]	0.0105114	41.1343	-	-	-	-	G
C48843320      none	B	[$([CX3]=O):1][NX3H1:2]!@[CX4H2:3][C:4] 	89.9948	7.35439	-	-	-	-	G
C48843320      none	B	N[C:2](=[O:1])!@[CH2:3][N:4]	150.007	3.125	-	-	-	-	G
C48843320      none	B	[O:1]=[CX3:2]!@[NX3H1:3][!#1:4]	-0.00591551	63.7893	-	-	-	-	G
C48843320      none	B	[$([CX3]=O):1][NX3H1:2]!@[CX4H2:3][C:4] 	180	6.46594	-	-	-	-	G
C48843320      none	B	[NH1:1][CX4:2]!@[CX3:3]=[O:4]	120.002	0.41354	-	-	-	-	G
C51121423      none	B	[a:1][a:2]!@[NX3:3][!#1:4]	-119.995	1.58818	-	-	-	-	O
C51121423      none	B	[a:1][c:2]!@[C:3]([NH0])=[O:4]	89.995	2.88889	-	-	-	-	G
C51121423      none	B	[O:1]=[CX3:2](a)!@[NX3H0:3][!#1:4]	30.2799	0.896722	-	-	-	-	R
C48935989      none	B	[$(C=O):1][NX3H1:2]!@[c:3]([cH1])[cH1:4]	-0.0161212	7.77286	-	-	-	-	G
C48935989      none	B	[!#1:1][CH2:2]!@[n:3][a:4]	134.999	0.697211	-	-	-	-	O
C48935989      none	B	[!#1:1][CX4H2:2]!@[CX3:3]=[O:4]	-30.0073	3.82256	-	-	-	-	G
C48935989      none	B	[O:1]=[CX3:2]!@[NX3H1:3][!#1:4]	-0.00833779	63.7893	-	-	-	-	G
C48935989      none	B	[a:1][c:2]!@[C:3]([NH1,NH2])=[O:4]	0.309741	9.67683	-	-	-	-	G
C16156432      none	B	[cH0:1][c:2]!@[CX4H2:3][N,O,S:4]	179.999	6.20075	-	-	-	-	G
C16156432      none	B	[c:1][CX4H2:2]!@[OX2:3][c:4]	180	39.7757	-	-	-	-	G
C16156432      none	B	[cH1:1][c:2]([cH1])!@[O:3][C:4]	-89.7368	0.464773	-	-	-	-	R
C16156432      none	B	[a:1][c:2]!@[CX3:3]=[CX3H0:4]	90.0029	1.52036	-	-	-	-	G
C16156432      none	B	[$(C=O):1][NX3H0:2]!@[c:3]([cH1])[cH1:4]	-119.698	4.75698	-	-	-	-	G
C16156432      none	B	[O-:1][N+:2](=O)!@[c:3]([cH,nX2H0])[cH,nX2H0:4]	179.979	23.2156	-	-	-	-	G
C40111752      none	B	[!#1:1][CX4H2:2]!@[CX4H2:3][!#1:4]	180	58.554	-	-	-	-	G
C40111752      none	B	[C:1][CX4H2:2]!@[OX2:3][c:4]	-119.993	0.315856	-	-	-	-	R
C40111752      none	B	[cH1:1][c:2]([cH1])!@[O:3][C:4]	30.2669	0.264964	-	-	-	-	R
C40111752      none	B	[a:1][c:2]!@[CX4H1:3][N,O:4]	-121.584	3.08052	-	-	-	-	G
C40111752      none	B	[*^2:1]~[C^2:2]([!H])!@[C^2:3]~[*^2:4]	149.977	1.21045	-	-	-	-	O
C40111752      none	B	[$([CX3]=O):1][NX3H0:2](C)!@[CX4H2:3][C:4]	89.9526	14.7513	-	-	-	-	G
C40111752      none	B	[OX2:1][CX4H2:2]!@[CX4H2:3][Nr:4]	180	8.33333	-	-	-	-	G
C40111752      none	B	[cH1:1][c:2]([cH1])!@[CX3:3]([CX3H0])=[O:4]	-59.7136	0.204918	-	-	-	-	R
C40111752      none	B	[aH1:1][c:2]([aH1])!@[SX4:3][!#1:4]	-110.002	4.53328	-	-	-	-	G
C40111752      none	B	[*:1][$(S(=O)=O):2]!@[NX3H0r:3][*:4]	60.3255	7.32227	-	-	-	-	G
C40710261      none	B	[!#1:1][CX4:2]!@[CX4:3][!#1:4]	-159.999	1.85018	-	-	-	-	G
C40710261      none	B	[$([CX3]=O):1][NX3H1:2]!@[CX4H2:3][C:4] 	-149.993	1.7769	-	-	-	-	O
C40710261      none	B	[O:1]=[CX3:2]([$([NX3H1]C)])!@[NX3H1:3][!#1:4]	179.994	9.5176	-	-	-	-	R
C40710261      none	B	[O:1]=[CX3:2]([$([NX3H1]C)])!@[NX3H1:3][!#1:4]	0.000130814	41.1343	-	-	-	-	G
C40710261      none	B	[$(C=O):1][NX3H1:2]!@[CX4H1:3][H:4]	0.00547264	8.26772	-	-	-	-	G
C40710261      none	B	[!#1:1][CX4:2]!@[CX4:3][!#1:4]	-159.999	1.85018	-	-	-	-	G
C40710261      none	B	[O:1]=[C:2]([O-])!@[CX4H1:3][H:4]	-0.00100569	0.495663	-	-	-	-	O
C40710261      none	B	[!#1:1][CX4H2:2]!@[CX4H2:3][!#1:4]	179.994	58.554	-	-	-	-	G
C59293871      none	B	[O:1]=[C:2]!@[O:3]~[C:4]	0.0107201	74.4927	-	-	-	-	G
C59293871      none	B	[*^2:1]~[C^2:2]([!H])!@[C^2:3]~[*^2:4]	30.2739	1.05249	-	-	-	-	O
C59293871      none	B	[!#1:1][CX4:2]!@[CX4:3][!#1:4]	-160.001	1.85018	-	-	-	-	G
C59293871      none	B	[a:1][c:2]!@[CX4H1:3][H:4]	179.338	7.22227	-	-	-	-	G
C59293871      none	B	[C:1][CX4H2:2]!@[CX3:3]=[O:4]	-119.988	0.79457	-	-	-	-	O
C62118702      none	B	[C:1][CX4:2]!@[CX3:3]=[O:4]	29.9353	3.28614	-	-	-	-	G
C62118702      none	B	[O:1]=[CX3:2]!@[NX3H0:3][!#1:4]	150.004	1.73707	-	-	-	-	O
C62118702      none	B	[O:1]=[CX3:2]!@[NX3H0:3][!#1:4]	-149.689	1.37927	-	-	-	-	O
C62118702      none	B	[O:1]=[C:2]([O-])!@[CX4H1:3][H:4]	0.00208288	0.495663	-	-	-	-	O
C02537709      none	B	[!#1:1][CX4:2]!@[SX4:3][!#1:4]	-172.264	7.34737	-	-	-	-	G
C02537709      none	B	[*:1][$(S(=O)=O):2]!@[NX3H0r:3][*:4]	-89.7177	4.88152	-	-	-	-	G
C02537709      none	B	[C:1][CX4:2]!@[CX3:3]=[O:4]	149.875	1.17362	-	-	-	-	G
C02537709      none	B	[O:1]=[CX3:2]!@[NX3H1:3][!#1:4]	-0.00353347	63.7893	-	-	-	-	G
C05167367      none	B	[O:1]=[CX3:2]!@[NX3H1:3][!#1:4]	-0.00605046	63.7893	-	-	-	-	G
C05167367      none	B	[$(C=O):1][NX3H1:2]!@[CX4H1:3][H:4]	0.00584481	8.26772	-	-	-	-	G
C05167367      none	B	[OX2:1][CX4:2]!@[CX4:3][OX2:4]	-179.908	13.4277	-	-	-	-	G
C05167367      none	B	[H:1][CX4H1:2]!@[O:3][CX4:4]	40.045	11.9906	-	-	-	-	O
C61369804      none	B	[a:1][c:2]!@[CX4H1:3][N,O:4]	59.9966	3.42939	-	-	-	-	G
C61369804      none	B	[$(C=O):1][NX3H1:2]!@[CX4H1:3][H:4]	60.0007	6.22422	-	-	-	-	G
C61369804      none	B	[O:1]=[CX3:2]([$([NX3H1]C)])!@[NX3H1:3][!#1:4]	-0.00453675	41.1343	-	-	-	-	G
C61369804      none	B	[O:1]=[CX3:2]([$([NX3H1]C)])!@[NX3H1:3][!#1:4]	0.00547121	41.1343	-	-	-	-	G
C61369804      none	B	[$(C=O):1][NX3H1:2]!@[CX4H1:3][H:4]	-60.0006	1.23735	-	-	-	-	G
C61369804      none	B	[OX2:1][CX4:2]!@[CX4:3][N:4]	180	9.8427	-	-	-	-	G
C61369804      none	B	[O:1]=[C:2]([O-])!@[CX4H1:3][H:4]	-0.00154584	0.495663	-	-	-	-	O
C65920282      none	B	[*:1][$(S(=O)=O):2]!@[NX3H0r:3][*:4]	-89.7308	4.88152	-	-	-	-	G
C65920282      none	B	[N:1][CX4:2]!@[CX3:3]=[O:4]	-59.6569	1.63777	-	-	-	-	G
C65920282      none	B	[O:1]=[CX3:2]!@[NX3H1:3][!#1:4]	0.00269921	63.7893	-	-	-	-	G
C65920282      none	B	[*:1]~[NX3:2]!@[NX3:3]~[*:4]	-60.0067	2.78851	-	-	-	-	G
C65920282      none	B	[O:1]=[CX3:2]([$([NX3H1]C)])!@[NX3H1:3][!#1:4]	0.00633366	41.1343	-	-	-	-	G
C65920282      none	B	[O:1]=[CX3:2]([$([NX3H1]C)])!@[NX3H1:3][!#1:4]	0.0019119	41.1343	-	-	-	-	G
C65920282      none	B	[$(C=O):1][NX3H1:2]!@[CX4H1:3][H:4]	-0.000524421	8.26772	-	-	-	-	G
C11592809      none	B	[*:1]~[NX2:2]!@[OX2:3]~[*:4]	90.0038	0.0691085	-	-	-	-	R
C11592809      none	B	[cH1:1][c:2]([nX2])!@[CX3:3]=[NX2:4]	60.2863	0.131752	-	-	-	-	R
C11592809      none	B	[*^2:1]~[C^2:2]([!H])!@[C^2:3]~[*^2:4]	-60.0074	0.757173	-	-	-	-	O
C11592809      none	B	[O:1]=[CX3:2]!@[NX3H1:3][!#1:4]	-0.000297796	63.7893	-	-	-	-	G
C11592809      none	B	[$(C=O):1][NX3H1:2]!@[CX4H1:3][H:4]	60.0021	6.22422	-	-	-	-	G
C11592809      none	B	[*^2:1]~[C^2:2]([!H])!@[C^2:3]~[*^2:4]	119.981	0.806964	-	-	-	-	G
C41071330      none	B	[!#1:1][CX4:2]!@[CX4:3][!#1:4]	60.5151	12.3771	-	-	-	-	G
C41071330      none	B	[*:1][$(S(=O)=O):2]!@[NX3H0r:3][*:4]	-60.0022	8.17536	-	-	-	-	G
C41071330      none	B	[aH1:1][c:2]([aH1])!@[SX4:3][!#1:4]	150.277	0.260857	-	-	-	-	R
C41071330      none	B	[a:1][a:2]!@[NX3:3][!#1:4]	-0.00165507	10.9271	-	-	-	-	G
C64844081      none	B	[cH0:1][c:2]!@[CX4H2:3][CX4:4]	89.9946	18.5823	-	-	-	-	G
C64844081      none	B	[!#1:1][CX4H2:2]!@[CX4H2:3][!#1:4]	179.995	58.554	-	-	-	-	G
C64844081      none	B	[!#1:1][CX4H2:2]!@[CX4H2:3][!#1:4]	180	58.554	-	-	-	-	G
C64844081      none	B	[CX4:1][CX4H2:2]!@[NX3:3][CX4:4]	-60.0072	3.9001	-	-	-	-	G
C64844081      none	B	[cH0:1][c:2]([cH,nX2H0])!@[NX3H0:3][CX4:4]	119.993	2.29463	-	-	-	-	O
C64844081      none	B	[$(S(=O)(=O)):1][NH1:2]!@[c:3]([cH1])[cH0:4]	-120.003	6.46388	-	-	-	-	G
C64844081      none	B	[O:1]=[C:2]([O-])!@[c:3]([cH1])[cH1:4]	179.981	7.35294	-	-	-	-	G
C64844081      none	B	[c:1][$(S(=O)=O):2]!@[NX3H1:3][c:4]	90.001	0.684932	-	-	-	-	G
C64844081      none	B	[aH1:1][c:2]([aH1])!@[SX4:3][!#1:4]	-89.7272	12.5987	-	-	-	-	G
C64844081      none	B	[cH1:1][c:2]([cH1])!@[O:3][C:4]	-0.00104988	26.3009	-	-	-	-	G
C38063276      none	B	[OX2:1][CX4:2]!@[CX4:3][N:4]	-160	1.21348	-	-	-	-	O
C38063276      none	B	[$([CX3]=O):1][NX3H1:2]!@[CX4H2:3][C:4] 	150.003	1.43139	-	-	-	-	O
C38063276      none	B	[O:1]=[CX3:2]!@[NX3H1:3][!#1:4]	-0.00784537	63.7893	-	-	-	-	G
C38063276      none	B	[O:1]=[CX3:2]([NH1])!@[CH2:3][C:4]	30.0143	5.10585	-	-	-	-	G
C38063276      none	B	[!#1:1][CX4:2]!@[CX3H0:3][!#1:4]	-30.0166	1.75844	-	-	-	-	G
C03956727      none	B	[*:1]~[OX2:2]!@[SX4:3]~[*:4]	79.9996	4.14909	-	-	-	-	G
C03956727      none	B	[H:1][CX4H1:2]!@[OX2:3][!#1:4]	-39.9995	10.8116	-	-	-	-	G
C03956727      none	B	[OX2:1][CX4:2]!@[CX4:3][OX2:4]	179.941	13.4277	-	-	-	-	G
C34930124      none	B	[cH1:1][c:2]([cH1])!@[O:3][C:4]	-179.729	26.896	-	-	-	-	G
C34930124      none	B	[cH1:1][c:2]([cH1])!@[CX3:3]([CX3H0])=[O:4]	150.007	3.34699	-	-	-	-	G
C34930124      none	B	[*^2:1]~[C^2:2]([!H])!@[C^2:3]~[*^2:4]	120.318	0.806964	-	-	-	-	G
C34930124      none	B	[$(C=O):1][NX3H0:2]!@[c:3]([s,o])[n:4]	0.315793	0	-	-	-	-	G
C34930124      none	B	[a:1][c:2]!@[CX4H1:3][N,O:4]	26.8151	3.56196	-	-	-	-	G
C61841567      none	B	[cH0:1][a:2]([cH1])!@[a:3]([sX2,o,nX2H0,nX3H1:4])([cH1])	120.002	1.52091	-	-	-	-	G
C35794308      none	B	[NH1:1][CX4:2]!@[CX3:3]=[O:4]	90.0007	0.183795	-	-	-	-	R
C35794308      none	B	[$(S(=O)(=O)):1][NX3H1:2]!@[CX4H1:3][H:4]	0.00211128	7.36648	-	-	-	-	G
C35794308      none	B	[c:1][$(S(=O)=O):2]!@[NX3H1:3][C:4]	-60.0036	13.7514	-	-	-	-	G
C35794308      none	B	[aH1:1][c:2]([aH1])!@[SX4:3][!#1:4]	90.3197	12.916	-	-	-	-	G
C35794308      none	B	[!#1:1][CH2:2]!@[n:3][a:4]	-44.9961	0.361056	-	-	-	-	O
C35794308      none	B	[!#1:1][CX4H2:2]!@[CX4H2:3][!#1:4]	59.9969	3.99483	-	-	-	-	G
C35794308      none	B	[C:1][CX4H2:2]!@[CX3:3]=[O:4]	-120.009	0.79457	-	-	-	-	O
C20316053      none	B	[O:1]=[CX3:2](a)!@[NX3H0:3][!#1:4]	150.004	2.50464	-	-	-	-	G
C20316053      none	B	[a:1][c:2]!@[C:3]([NH0])=[O:4]	-29.6864	2.55556	-	-	-	-	G
C20316053      none	B	[!#1:1][CH2:2]!@[n:3][a:4]	-135.003	0.298805	-	-	-	-	O
C20316053      none	B	[!#1:1][CX4H2:2]!@[CX3:3]=[O:4]	-120.005	0.59462	-	-	-	-	G
C65501583      none	B	[!#1:1][CX4:2]!@[CX4:3][!#1:4]	179.995	22.1548	-	-	-	-	G
C65501583      none	B	[C:1][CX4:2]!@[NX3;"N_lp":3][C:4]	75.6856	5.94326	-	-	-	-	G
C65501583      none	B	[O:1]=[CX3:2](a)!@[NX3H0:3][!#1:4]	-30.007	1.17502	-	-	-	-	O
C65501583      none	B	[$([c]([NH1,NH2])):1][c:2]!@[CX3:3]([!O])=[O:4]	-90.0052	0	-	-	-	-	R
C65501583      none	B	[O-:1][N+:2](=O)!@[c:3]([cH0])[cH,nX2H0:4]	89.7349	0.274725	-	-	-	-	O
C50421360      none	B	[!#1:1][CX4:2]!@[CX4:3][!#1:4]	-60.0008	12.2558	-	-	-	-	G
C50421360      none	B	[$(C=O):1][NX3H1:2]!@[CX4H1:3][H:4]	-30.0066	6.97413	-	-	-	-	G
C50421360      none	B	[C:1][CX4H2:2]!@[CX3:3]=[O:4]	119.999	0.695249	-	-	-	-	O
C50421360      none	B	[O:1]=[CX3:2]([$([NX3H1]C)])!@[NX3H1:3][!#1:4]	0.0121266	41.1343	-	-	-	-	G
C50421360      none	B	[O:1]=[CX3:2]([$([NX3H1]C)])!@[NX3H1:3][!#1:4]	179.997	9.5176	-	-	-	-	R
C50421360      none	B	[$(C=O):1][NX3H1:2]!@[CX4H2:3][!#1:4]	179.996	5.78057	-	-	-	-	G
C50421360      none	B	[a:1][c:2]!@[CX4H2:3][!#1:4]	90.3049	7.24386	-	-	-	-	G
C58224022      none	B	[aH1:1][c:2]([aH1])!@[SX4:3][!#1:4]	-90.0045	12.5987	-	-	-	-	G
C58224022      none	B	[c:1][S:2](=O)(=O)!@[NX2H0-:3]-[*:4]	60.0033	8.33333	-	-	-	-	G
C58224022      none	B	[$(S(=O)(=O)):1][NH0:2]!@[c:3]([cH1])[cH1:4]	89.7094	15.7025	-	-	-	-	G
C58224022      none	B	[cH1:1][c:2]([cH1])!@[O:3][C:4]	-150.001	0.243246	-	-	-	-	O
C58224022      none	B	[C:1][CX4H2:2]!@[OX2:3][c:4]	150	0.884397	-	-	-	-	O
C58224022      none	B	[!#1:1][CX4H2:2]!@[CX4H2:3][!#1:4]	180	58.554	-	-	-	-	G
C58224022      none	B	[!#1:1][CH2:2]!@[n:3][a:4]	90.3116	13.2097	-	-	-	-	G
C43510077      none	B	[cH1:1][c:2]([cH1])!@[C:3]([NH1,NH2])=[O:4]	-26.9808	8.39053	-	-	-	-	G
C43510077      none	B	[O:1]=[CX3:2]!@[NX3H1:3][!#1:4]	-0.00301293	63.7893	-	-	-	-	G
C43510077      none	B	[$(C=O):1][NX3H1:2]!@[CX4H0:3][C:4]	-59.527	14.7253	-	-	-	-	G
C43510077      none	B	[NH1:1][CX4:2]!@[CX3:3]=[O:4]	90.0032	0.183795	-	-	-	-	R
C37838896      none	B	[*:1][$(S(=O)=O):2]!@[NX3H0r:3][*:4]	89.9985	4.85782	-	-	-	-	G
C37838896      none	B	[C:1][CX4:2]!@[CX3:3]=[O:4]	150.07	1.17362	-	-	-	-	G
C37838896      none	B	[O:1]=[CX3:2]!@[NX3H1:3][!#1:4]	4.90298e-05	63.7893	-	-	-	-	G
C37838896      none	B	[$([CX3]=O):1][NX3H1:2]!@[CX4H2:3][C:4] 	179.997	6.46594	-	-	-	-	G
C37838896      none	B	[!#1:1][CX4H2:2]!@[CX4H2:3][!#1:4]	60.0018	3.99483	-	-	-	-	G
C37838896      none	B	[!#1:1][CX4H2:2]!@[CX4H2:3][!#1:4]	179.998	58.554	-	-	-	-	G
C37838896      none	B	[!#1:1][CX4:2]!@[SX4:3][!#1:4]	80.0016	3.66316	-	-	-	-	G
C37838896      none	B	[!#1:1][CX4H2:2]!@[CX4H2:3][!#1:4]	180	58.554	-	-	-	-	G
C37838896      none	B	[C:1][CX4H2:2]!@[CX3:3]=[O:4]	-120	0.79457	-	-	-	-	O
C36367313      none	B	[a:1][ar6:2]!@[ar5:3][a:4]	0.279234	7.24965	-	-	-	-	G
C36367313      none	B	[a:1][c:2]!@[CX4H1:3][a:4]	120.002	3.30125	-	-	-	-	G
C00457034      none	B	[C:1][$(S(=O)=O):2]!@[NX3H1:3][C:4]	89.9939	7.14286	-	-	-	-	G
C00457034      none	B	[$(S(=O)(=O)):1][NX3H1:2]!@[CX4H2:3][!#1:4]	-89.9943	3.86266	-	-	-	-	G
C00457034      none	B	[!#1:1][CX4H2:2]!@[CX4H2:3][!#1:4]	-59.9981	3.77933	-	-	-	-	G
C00457034      none	B	[cH1:1][c:2]([cH1])!@[CX4H2:3][CX4:4]	-29.999	0.300334	-	-	-	-	R
C00457034      none	B	[aH1:1][c:2]([aH1])!@[SX4:3][!#1:4]	-0.00431326	0.126904	-	-	-	-	R
C40393988      none	B	[NH1:1][CX4:2]!@[CX3:3]=[O:4]	-60.0054	1.73074	-	-	-	-	O
C40393988      none	B	[$(C=O):1][NX3H1:2]!@[CX4H1:3][H:4]	-60.0042	1.23735	-	-	-	-	G
C40393988      none	B	[O:1]=[CX3:2]!@[NX3H0:3][!#1:4]	-29.6897	0.692521	-	-	-	-	O
C40393988      none	B	[O:1]=[C:2]([O-])!@[CX4H1:3][H:4]	89.9969	0.86741	-	-	-	-	O
C40393988      none	B	[O:1]=[CX3:2]!@[NX3H1:3][!#1:4]	0.00502943	63.7893	-	-	-	-	G
C40393988      none	B	[C:1][CX4:2]!@[CX3:3]=[O:4]	-119.997	3.42432	-	-	-	-	G
C12323870      none	B	[$(C=O):1][NX3:2]!@[a:3][nH:4]	-0.0337302	44.9275	-	-	-	-	G
C12323870      none	B	[O:1]=[CX3:2]!@[NX3H1:3][!#1:4]	0.0024132	63.7893	-	-	-	-	G
C12323870      none	B	[O:1]=[CX3:2]!@[CX3:3]=[O:4]	89.9959	2.94118	-	-	-	-	G
C12323870      none	B	[O:1]=[CX3:2]!@[NX3H1:3][!#1:4]	0.00262219	63.7893	-	-	-	-	G
C12323870      none	B	[$([CX3]=O):1][NX3H1:2]!@[CX4H2:3][C:4] 	179.998	6.46594	-	-	-	-	G
C12323870      none	B	[!#1:1][CX4H2:2]!@[CX4H2:3][!#1:4]	-59.9964	3.77933	-	-	-	-	G
C12323870      none	B	[!#1:1][CX4H2:2]!@[CX4H2:3][!#1:4]	-60.0087	3.77933	-	-	-	-	G
C67619760      none	B	[!#1:1][CX4:2]!@[SX2:3][!#1:4]	179.999	11.1654	-	-	-	-	G
C67619760      none	B	[!#1:1][CX4:2]!@[SX2:3][!#1:4]	59.9938	7.53739	-	-	-	-	G
C67619760      none	B	[C:1][CX4:2]!@[CX3:3]=[O:4]	-29.9945	3.42621	-	-	-	-	G
C67619760      none	B	[!#1:1][CX4:2]!@[CX4:3][!#1:4]	60.0039	12.3771	-	-	-	-	G
C67619760      none	B	[*^2:1]~[C^2:2]([!H])!@[C^2:3]~[*^2:4]	119.998	0.806964	-	-	-	-	G
C67619760      none	B	[*:1]~[CX3:2]!@[NX3:3]~[*:4]	90.003	0.0573688	-	-	-	-	R
C67619760      none	B	[a:1][a:2]!@[NX3:3][!#1:4]	150.276	1.85775	-	-	-	-	O
C67619760      none	B	[$(C=O):1][NX3H1:2]!@[c:3]([cH1])[cH1:4]	89.9832	0.0402739	-	-	-	-	R
C67619760      none	B	[O:1]=[CX3:2]!@[NX3H1:3][!#1:4]	-0.00298571	63.7893	-	-	-	-	G
C61827858      none	B	[!#1:1][CX4:2]!@[CX4:3][!#1:4]	180	22.1548	-	-	-	-	G
C61827858      none	B	[!#1:1][CX4:2]!@[CX4:3][!#1:4]	-60.0061	12.2558	-	-	-	-	G
C61827858      none	B	[O:1]=[CX3:2]([NH1])!@[CH2:3][C:4]	89.9932	2.11706	-	-	-	-	O
C61827858      none	B	[O:1]=[C:2]!@[NX3H1:3](C=O)[H:4]	180	35.6725	-	-	-	-	G
C61827858      none	B	[O:1]=[C:2]([NH1])!@[NX3H1:3](C=O)[H:4]	-0.00732165	58.9474	-	-	-	-	G
C61827858      none	B	[O:1]=[CX3:2]([$([NX3H1]C)])!@[NX3H1:3][!#1:4]	0.00837112	41.1343	-	-	-	-	G
C61827858      none	B	[$(C=O):1][NX3H1:2]!@[CX4H2:3][!#1:4]	179.993	5.78057	-	-	-	-	G
C61827858      none	B	[a:1][c:2]!@[CX4H2:3][!#1:4]	45.3178	2.0463	-	-	-	-	O
C61827858      none	B	[C:1][CX4H2:2]!@[CX3:3]=[O:4]	120.003	0.695249	-	-	-	-	O
C41736768      none	B	[C:1][CX4:2]!@[CX3:3]=[O:4]	-90.0065	3.45082	-	-	-	-	G
C41736768      none	B	[O:1]=[CX3:2]!@[NX3H1:3][!#1:4]	0.000635686	63.7893	-	-	-	-	G
C41736768      none	B	[$(C=O):1][NX3H1:2]!@[CX4H1:3][H:4]	29.9975	9.46757	-	-	-	-	G
C41736768      none	B	[OX2:1][CX4:2]!@[CX4:3][OX2:4]	60.0606	14.3222	-	-	-	-	G
C40482531      none	B	[NH1:1][CX4:2]!@[CX3:3]=[O:4]	30.8002	2.12896	-	-	-	-	G
C40482531      none	B	[O:1]=[CX3:2]!@[NX3H1:3][!#1:4]	0.00604461	63.7893	-	-	-	-	G
C40482531      none	B	[$([CX3]=O):1][NX3H1:2]!@[CX4H2:3][C:4] 	-150.005	1.7769	-	-	-	-	O
C40482531      none	B	N[C:2](=[O:1])!@[CH2:3][N:4]	179.996	8.33333	-	-	-	-	G
C40482531      none	B	[O:1]=[CX3:2]!@[NX3H1:3][!#1:4]	0.0051841	63.7893	-	-	-	-	G
C40482531      none	B	[$([CX3]=O):1][NX3H1:2]!@[CX4H2:3][C:4] 	179.993	6.46594	-	-	-	-	G
C40482531      none	B	[NH1:1][CX4:2]!@[CX3:3]=[O:4]	120	0.41354	-	-	-	-	G
C35383569      none	B	[!#1:1][CX4H2:2]!@[CX4H2:3][!#1:4]	179.999	58.554	-	-	-	-	G
C35383569      none	B	[cH0:1][c:2]!@[CX4H2:3][CX4:4]	135.324	0.329114	-	-	-	-	R
C35383569      none	B	[cH0:1][c:2]!@[CX4H2:3][CX4:4]	90.0015	18.5823	-	-	-	-	G
C35383569      none	B	[s:1][c:2]!@[C:3]([NH1])=[O:4]	0.283305	23.0769	-	-	-	-	G
C35383569      none	B	[O:1]=[CX3:2]!@[NX3H1:3][!#1:4]	0.00208111	63.7893	-	-	-	-	G
C35383569      none	B	[$([CX3]=O):1][NX3H1:2]!@[CX4H2:3][C:4] 	89.9963	7.35439	-	-	-	-	G
C35383569      none	B	N[C:2](=[O:1])!@[CH2:3][N:4]	-150	2.38095	-	-	-	-	G
C35383569      none	B	[O:1]=[CX3:2]!@[NX3H1:3][!#1:4]	0.00283268	63.7893	-	-	-	-	G
C35383569      none	B	[$([CX3]=O):1][NX3H1:2]!@[CX4H2:3][C:4] 	179.996	6.46594	-	-	-	-	G
C35383569      none	B	[NH1:1][CX4:2]!@[CX3:3]=[O:4]	-119.997	0.275693	-	-	-	-	G
C44608186      none	B	[O:1]=[CX3:2]!@[NX3H1:3][!#1:4]	-0.00114346	63.7893	-	-	-	-	G
C44608186      none	B	[$(C=O):1][NX3H1:2]!@[CX4H1:3][H:4]	179.997	0.712411	-	-	-	-	R
C44608186      none	B	[$(C=O):1][O:2]!@[CH1:3][H:4]	-29.9964	11.3505	-	-	-	-	G
C44608186      none	B	[OX2:1][CX4:2]!@[CX4:3][OX2:4]	160.053	0.798637	-	-	-	-	G
C44608186      none	B	[O:1]=[C:2]!@[O:3]~[C:4]	-60.0051	0.0117156	-	-	-	-	R
C40325361      none	B	[!#1:1][CH2:2]!@[n:3][cH0:4]	-134.998	0.892478	-	-	-	-	R
C40325361      none	B	[!#1:1][CX4H2:2]!@[CX3:3]=[O:4]	-120.003	0.59462	-	-	-	-	G
C40325361      none	B	[O:1]=[CX3:2]!@[NX3H0:3][!#1:4]	-179.725	18.2537	-	-	-	-	G
C40325361      none	B	[N:1][CX4:2]!@[CX3:3]=[O:4]	149.364	6.84729	-	-	-	-	G
C40325361      none	B	[O:1]=[CX3:2]!@[NX3H1:3][!#1:4]	0.0111904	63.7893	-	-	-	-	G
C36976645      none	B	[!#1:1][CX4:2]!@[CX4:3][!#1:4]	-160.003	1.85018	-	-	-	-	G
C36976645      none	B	[$([CX3]=O):1][NX3H0:2](C)!@[CX4H2:3][C:4]	-60.3088	0.686106	-	-	-	-	O
C36976645      none	B	[C:1][CX4:2]!@[CX3:3]=[O:4]	-115.357	3.42432	-	-	-	-	G
C36976645      none	B	[O:1]=[CX3:2]!@[NX3H1:3][!#1:4]	-0.00514163	63.7893	-	-	-	-	G
C36976645      none	B	[$(C=O):1][NX3H1:2]!@[CX4H1:3][H:4]	60.0027	6.22422	-	-	-	-	G
C36976645      none	B	[!#1:1][CX4:2]!@[CX4:3][!#1:4]	159.993	1.81259	-	-	-	-	G
C36976645      none	B	[O:1]=[C:2]([O-])!@[CX4H1:3][H:4]	90.003	0.86741	-	-	-	-	O
C36976645      none	B	[C:1][CX4H2:2]!@[CX3:3]=[O:4]	-89.9926	1.15875	-	-	-	-	O
C44345468      none	B	[a:1][c:2]!@[CX4H1:3][N,O:4]	0.000121717	1.53503	-	-	-	-	G
C44345468      none	B	[$(C=O):1][NX3H1:2]!@[CX4H1:3][H:4]	-32.0009	6.97413	-	-	-	-	G
C44345468      none	B	[O:1]=[CX3:2]!@[NX3H1:3][!#1:4]	-0.00130594	63.7893	-	-	-	-	G
C44345468      none	B	[O:1]=[CX3:2]([NH1])!@[CH2:3][C:4]	119.997	0.124533	-	-	-	-	O
C44345468      none	B	[!#1:1][CX4H2:2]!@[CX4H2:3][!#1:4]	179.998	58.554	-	-	-	-	G
C44345468      none	B	[!#1:1][CX4:2]!@[SX2:3][!#1:4]	-79.9973	6.01214	-	-	-	-	G
C44345468      none	B	[!#1:1][CX4:2]!@[SX2:3][!#1:4]	-80.0023	6.01214	-	-	-	-	G
C44345468      none	B	[!#1:1][CX4H2:2]!@[CX3:3]=[O:4]	120.001	0.613497	-	-	-	-	G
C01532796      none	B	[OH1:1][CX4:2]!@[CX3:3]=[O:4]	-149.945	4.39642	-	-	-	-	G
C25790724      none	B	[O:1][CX4:2]!@[CX3:3]=[O:4]	180	6.67845	-	-	-	-	G
C25790724      none	B	[$(C=O):1][O:2]!@[CH1:3][H:4]	30.0023	10.7465	-	-	-	-	G
C25790724      none	B	[O:1]=[C:2]!@[NX3H1:3](C=O)[H:4]	179.99	35.6725	-	-	-	-	G
C25790724      none	B	[O:1]=[C:2]([NH1])!@[NX3H1:3](C=O)[H:4]	0.00633477	58.9474	-	-	-	-	G
C25790724      none	B	[O:1]=[CX3:2]([$([NX3H1]C)])!@[NX3H1:3][!#1:4]	-0.00611097	41.1343	-	-	-	-	G
C25790724      none	B	[$(C=O):1][NX3H1:2]!@[CX4H1:3][H:4]	30.0077	9.46757	-	-	-	-	G
C25790724      none	B	[O:1]=[C:2]!@[O:3]~[C:4]	-0.0109347	74.4927	-	-	-	-	G
C25790724      none	B	[cH1:1][c:2]([cH1])!@[CX3:3]=[O:4]	0.278678	14.2319	-	-	-	-	G
C33843298      none	B	[a:1][ar5:2]!@[ar5:3][a:4]	-29.6965	1.25954	-	-	-	-	O
C33843298      none	B	[*:1]~[NX2:2]!@[nX3:3]~[*:4]	-60.004	3.71094	-	-	-	-	G
C37450721      none	B	[O:1]=[CX3:2]!@[CX4H1r3:3][H:4]	-119.998	1.16667	-	-	-	-	O
C37450721      none	B	[O:1]=[CX3:2]!@[NX3H1:3][!#1:4]	-0.0111605	63.7893	-	-	-	-	G
C37450721      none	B	[$([CX3]=O):1][NX3H1:2]!@[CX4H2:3][C:4] 	-149.997	1.7769	-	-	-	-	O
C37450721      none	B	[!#1:1][CX4H2:2]!@[CX4H2:3][!#1:4]	179.999	58.554	-	-	-	-	G
C37450721      none	B	[O:1]=[CX3:2]([NH1])!@[CH2:3][C:4]	120.007	0.124533	-	-	-	-	O
C37450721      none	B	[O:1]=[CX3:2]!@[NX3H1:3][!#1:4]	-0.00291065	63.7893	-	-	-	-	G
C37450721      none	B	[$([C](=O)):1][NX3:2]!@[a:3](s)[a:4]	-179.675	61.7021	-	-	-	-	G
C37450721      none	B	[O:1]=[C:2]([O-])!@[c:3]([cH1])[$([cH0][NH1,NH2]):4]	-0.00535909	10	-	-	-	-	G
C06219048      none	B	[$(C=O):1][NX3H1:2]!@[c:3](s)[n:4]	0.0153133	0.574713	-	-	-	-	R
C06219048      none	B	[O:1]=[CX3:2]!@[NX3H1:3][!#1:4]	180	2.24265	-	-	-	-	G
C06219048      none	B	[O:1]=[CX3:2]([NH1])!@[CH2:3][CX3:4]=O	-0.0141259	0	-	-	-	-	G
C06219048      none	B	[O:1]=[CX3:2]([NH1])!@[CH2:3][CX3:4]=O	90.0044	6.89655	-	-	-	-	G
C06219048      none	B	[O:1]=[CX3:2]!@[NX3H1:3][!#1:4]	0.0082909	63.7893	-	-	-	-	G
C63155459      none	B	[!#1:1][CX4:2]!@[CX4:3][!#1:4]	-160.003	1.85018	-	-	-	-	G
C63155459      none	B	[!#1:1][CX4:2]!@[SX4:3][!#1:4]	-172.261	7.34737	-	-	-	-	G
C63155459      none	B	[C:1][$(S(=O)=O):2]!@[NX3H1:3][C:4]	-59.9992	10.2041	-	-	-	-	G
C63155459      none	B	[$(S(=O)(=O)):1][NX3H1:2]!@[CX4H2:3][!#1:4]	-119.999	2.14592	-	-	-	-	O
C63155459      none	B	N[C:2](=[O:1])!@[CH2:3][N:4]	120.005	0.595238	-	-	-	-	G
C63155459      none	B	[O:1]=[CX3:2]!@[NX3H1:3][!#1:4]	-0.000482722	63.7893	-	-	-	-	G
C63155459      none	B	[$([CX3]=O):1][NX3H1:2]!@[CX4H2:3][C:4] 	179.999	6.46594	-	-	-	-	G
C63155459      none	B	[NH1:1][CX4:2]!@[CX3:3]=[O:4]	119.994	0.41354	-	-	-	-	G
C62084175      none	B	[*:1][$(S(=O)=O):2]!@[NX3H0r:3][*:4]	-119.718	0.995261	-	-	-	-	G
C62084175      none	B	[cH1,nX2H0:1][c:2]([cH1,nX2H0])!@[NX3r:3][*:4]	60.0017	2.78062	-	-	-	-	O
C40660040      none	B	[cH1:1][c:2]([cH0])!@[NX3:3][a:4]	29.992	5.36829	-	-	-	-	G
C40660040      none	B	[a:1][a:2]!@[NX3:3][!#1:4]	120.271	1.62057	-	-	-	-	O
C40660040      none	B	[O-:1][N+:2](=O)!@[c:3]([cH0])[cH0:4]	89.9736	5.69106	-	-	-	-	G
C40660040      none	B	[cH0:1][c:2]([cH,nX2H0])!@[NX3H0:3][CX4:4]	-59.7254	5.09408	-	-	-	-	G
C40660040      none	B	[O:1]=[C:2]([O-])!@[CX4H1:3][H:4]	-0.00570023	0.495663	-	-	-	-	O
C20259163      none	B	[!#1:1][CH2:2]!@[n:3][a:4]	-89.9988	13.2844	-	-	-	-	G
C20259163      none	B	[!#1:1][CX4H2:2]!@[CX3:3]=[O:4]	-59.9977	1.45352	-	-	-	-	G
C20259163      none	B	[O:1]=[CX3:2]!@[NX3H0:3][!#1:4]	0.307348	25.0866	-	-	-	-	G
C20259163      none	B	[O:1]=[C:2]([O-])!@[CX4H1:3][H:4]	0.00739647	0.495663	-	-	-	-	O
C67303502      none	B	[cH1:1][c:2]([cH1])!@[C:3]([NH1,NH2])=[O:4]	-152.991	8.78518	-	-	-	-	G
C67303502      none	B	[O:1]=[CX3:2]!@[NX3H1:3][!#1:4]	0.00406983	63.7893	-	-	-	-	G
C67303502      none	B	[$(C=O):1][NX3H1:2]!@[CX4H1:3][H:4]	0.000106795	8.26772	-	-	-	-	G
C67303502      none	B	[cH0:1][c:2]!@[CX4H1:3][CX4:4]	90.0056	4.45044	-	-	-	-	G
C04301186      none	B	[O:1]=[CX3:2]!@[NX3H1:3][!#1:4]	-0.00214464	63.7893	-	-	-	-	G
C04301186      none	B	[$(C=O):1][NX3H1:2]!@[CX4H1:3][H:4]	29.9969	9.46757	-	-	-	-	G
C04301186      none	B	[OX2:1][CX4:2]!@[CX4:3][OX2:4]	-179.943	13.4277	-	-	-	-	G
C13210862      none	B	[CX4:1][CX4H2:2]!@[NX3:3][CX4:4]	59.9987	3.43258	-	-	-	-	G
C13210862      none	B	[cH0:1][c:2]([cH,nX2H0])!@[NX3H0:3][CX4:4]	59.7241	3.25838	-	-	-	-	G
C13210862      none	B	[OX2:1][CX4H2:2]!@[CX4H2:3][N:4]	60.0034	17.6955	-	-	-	-	G
C13210862      none	B	[aH1:1][c:2]([aH1])!@[SX4:3][!#1:4]	-89.9991	12.5987	-	-	-	-	G
C13210862      none	B	[O-:1][N+:2](=O)!@[c:3]([cH0])[cH,nX2H0:4]	90.2786	0.274725	-	-	-	-	O
C13210862      none	B	[*:1][$(S(=O)=O):2]!@[NX3H0r:3][*:4]	-89.7297	4.88152	-	-	-	-	G
C13210862      none	B	[O:1]=[C:2]([O-])!@[CX4H1:3][H:4]	-0.00563764	0.495663	-	-	-	-	O
C37435891      none	B	[NH1:1][CX4:2]!@[CX3:3]=[O:4]	0.00232957	6.89233	-	-	-	-	G
C37435891      none	B	[$(C=O):1][NX3H1:2]!@[CX4H1:3][H:4]	30.004	9.46757	-	-	-	-	G
C37435891      none	B	[O:1]=[CX3:2]!@[NX3H0:3][!#1:4]	-149.731	1.37927	-	-	-	-	O
C37435891      none	B	[O:1]=[C:2]([O-])!@[CX4H1:3][H:4]	89.9995	0.86741	-	-	-	-	O
C37435891      none	B	[O:1]=[CX3:2]!@[NX3H1:3][!#1:4]	-0.00121793	63.7893	-	-	-	-	G
C04873562      none	B	[$(C=O):1][NX3:2]!@[$([a]([cH1])):3][$([aH0](!@O)):4]	149.999	3.41463	-	-	-	-	G
C04873562      none	B	[O-:1][N+:2](=O)!@[c:3]([cH,nX2H0])[cH,nX2H0:4]	179.984	23.2156	-	-	-	-	G
C04873562      none	B	[O:1]=[CX3:2]!@[NX3H1:3][!#1:4]	-0.00126723	63.7893	-	-	-	-	G
C04873562      none	B	[C:1][CX4:2]!@[CX3:3]=[O:4]	59.5798	2.38699	-	-	-	-	G
C04873562      none	B	[O:1]=[C:2]([O-])!@[CX4H1:3][H:4]	89.9984	0.86741	-	-	-	-	O
CHEMBL374553      none	B	[O:1]=[C:2]([O-])!@[c:3]([cH1])[cH0:4]	89.9965	0	-	-	-	-	R
CHEMBL374553      none	B	[cH0:1][c:2]!@[CX4H2:3][a:4]	-44.9965	0.158479	-	-	-	-	R
CHEMBL374553      none	B	[!#1:1][CH2:2]!@[n:3][cH0:4]	135.273	0.318742	-	-	-	-	R
CHEMBL374553      none	B	[!#1:1][CH2:2]!@[n:3][cH0:4]	90.2586	14.7896	-	-	-	-	G
CHEMBL374553      none	B	[!#1:1][CX4:2]!@[CX4:3][!#1:4]	-160	1.85018	-	-	-	-	G
CHEMBL374553      none	B	[O:1]=[C:2]([O-])!@[CX4H1:3][H:4]	90.0016	0.86741	-	-	-	-	O
C63136182      none	B	[n,o,s:1][c:2]!@[CX4H2:3][CX4:4]	179.995	8.82573	-	-	-	-	G
C63136182      none	B	[!#1:1][CX4H2:2]!@[CX4H2:3][!#1:4]	60.0042	3.99483	-	-	-	-	G
C63136182      none	B	[$([CX3]=O):1][NX3H1:2]!@[CX4H2:3][C:4] 	119.996	2.76407	-	-	-	-	O
C63136182      none	B	[O:1]=[CX3:2]!@[NX3H1:3][!#1:4]	-0.00338125	63.7893	-	-	-	-	G
C63136182      none	B	[O:1]=[CX3:2]!@[NX3H0:3][!#1:4]	30.313	0.680979	-	-	-	-	O
C63136182      none	B	[O:1]=[C:2]([O-])!@[CX4H1:3][H:4]	-0.00556777	0.495663	-	-	-	-	O
C62119168      none	B	[cH0:1][c:2]([cH1])!@[CX3:3]([NX3H0])=[O:4]	59.9822	6.54545	-	-	-	-	G
C62119168      none	B	[O:1]=[CX3:2](a)!@[NX3H0:3][!#1:4]	-179.7	9.67842	-	-	-	-	G
C62119168      none	B	[O:1]=[C:2]([O-])!@[CX4H1:3][H:4]	-0.000880574	0.495663	-	-	-	-	O
C05940403      none	B	[O:1]=[C:2]([O-])!@[CX4H1:3][H:4]	90.0028	0.86741	-	-	-	-	O
C05940403      none	B	[!#1:1][CX4H1:2]!@[NX3:3][!#1:4]	39.9975	0.710397	-	-	-	-	G
C05940403      none	B	[a:1][a:2]!@[NX3:3][!#1:4]	30.0028	1.9288	-	-	-	-	O
C05940403      none	B	[*:1]~[cX3:2]!@[NX2:3]~[*:4]	-29.9967	1.57181	-	-	-	-	O
C37297232      none	B	[N:1][CX4:2]!@[CX3:3]=[O:4]	118.908	0.766617	-	-	-	-	O
C37297232      none	B	[O:1]=[CX3:2]!@[NX3H0:3][!#1:4]	30.002	0.680979	-	-	-	-	O
C37297232      none	B	[O:1]=[CX3:2]!@[NX3H0:3][!#1:4]	-149.717	1.37927	-	-	-	-	O
C37297232      none	B	[O:1]=[C:2]([O-])!@[CX4H1:3][H:4]	-0.000233161	0.495663	-	-	-	-	O
C41305994      none	B	[cH1:1][c:2]!@[c:3]([cH1])[nX2H0:4]	150.006	1.9028	-	-	-	-	G
C41305994      none	B	[*:1]~[cX3:2]!@[NX2:3]~[*:4]	-120.004	1.40635	-	-	-	-	O
C01637888      none	B	[N:1][CX4:2]!@[CX3:3]=[O:4]	-30.7726	5.37503	-	-	-	-	G
C01637888      none	B	[O:1]=[C:2]([O-])!@[CX4H1:3][H:4]	90.0016	0.86741	-	-	-	-	O
C58901918      none	B	[$(C=O):1][O:2]!@[CH2:3]~[C:4]	-89.9978	4.43359	-	-	-	-	G
C58901918      none	B	[O:1]=[C:2]!@[O:3]~[C:4]	-30.0073	0.0890388	-	-	-	-	R
C58901918      none	B	[O:1]=[CX3:2]!@[CX3:3]=[O:4]	-59.994	0.346021	-	-	-	-	R
C58901918      none	B	[O:1]=[C:2]!@[NX3H0:3]([a:4])[A]	-30.2736	0.827016	-	-	-	-	O
C58901918      none	B	[aH0:1][c:2]([aH1])!@[SX4:3][!#1:4]	180	1.4531	-	-	-	-	G
C35764717      none	B	[aH0:1][c:2]([aH0])!@[SX4:3][!#1:4]	156.14	1.81564	-	-	-	-	R
C35764717      none	B	[c:1][S:2](=O)(=O)!@[NX2H0-:3]-[*:4]	-60.0009	11.1111	-	-	-	-	G
C35764717      none	B	[$(S(=O)(=O)):1][NH0:2]!@[c:3]([cH1])[cH1:4]	-150.302	0.413223	-	-	-	-	R
C33520064      none	B	[n,o,s:1][c:2]!@[CX4H2:3][CX4:4]	-90.0057	5.3104	-	-	-	-	G
C33520064      none	B	[$([c]([NH1,NH2])):1][c:2]!@[CX3:3]([!O])=[O:4]	59.9674	0.552486	-	-	-	-	R
C33520064      none	B	[$([C](=O)):1][NX3:2]!@[a:3](s)[a:4]	180	61.7021	-	-	-	-	G
C33520064      none	B	[O:1]=[CX3:2]!@[NX3H1:3][!#1:4]	-0.00252333	63.7893	-	-	-	-	G
C33520064      none	B	[O:1]=[CX3:2]!@[NX3H1:3][!#1:4]	0.0107217	63.7893	-	-	-	-	G
C33520064      none	B	[$(C=O):1][NX3H1:2]!@[CX4H1:3][H:4]	-30.0042	6.97413	-	-	-	-	G
C33520064      none	B	[!#1:1][CX4:2]!@[CX4:3][!#1:4]	179.999	22.1548	-	-	-	-	G
C33520064      none	B	[O:1]=[C:2]([O-])!@[CX4H1:3][H:4]	0.0119712	0.495663	-	-	-	-	O
C29433020      none	B	[cH1:1][a:2]([cH1])!@[a:3]([sX2,o,nX2H0,nX3H1:4])([cH1])	29.9961	2.66597	-	-	-	-	G
C29433020      none	B	[$(S(=O)(=O)):1][NH0:2]!@[c:3]([cH1])[cH1:4]	90.0265	15.7025	-	-	-	-	G
C29433020      none	B	[c:1][S:2](=O)(=O)!@[NX2H0-:3]-[*:4]	59.9851	8.33333	-	-	-	-	O
C29433020      none	B	[aH1:1][c:2]([aH1])!@[SX4:3][!#1:4]	90.2899	12.916	-	-	-	-	G
C29433020      none	B	[O-:1][N+:2](=O)!@[c:3]([cH0])[cH,nX2H0:4]	90.2453	0.274725	-	-	-	-	O
C35186753      none	B	[aH1:1][c:2]([aH1])!@[SX4:3][!#1:4]	70.0025	5.04089	-	-	-	-	G
C35186753      none	B	[O:1]=[C:2]([O-])!@[c:3][a:4]	-0.0179876	11.4943	-	-	-	-	G
C35186753      none	B	[*:1][$(S(=O)=O):2]!@[NX3H0r:3][*:4]	-119.682	0.995261	-	-	-	-	G
C35186753      none	B	[N:1][CX4:2]!@[CX3:3]=[O:4]	121.498	0.766617	-	-	-	-	G
C35186753      none	B	[O:1]=[C:2]!@[O:3]~[C:4]	-0.000837116	74.4927	-	-	-	-	G
C35735387      none	B	[OX2:1][CX4:2]!@[CX4:3][N:4]	177.902	9.8427	-	-	-	-	G
C35735387      none	B	[$(C=O):1][NX3H1:2]!@[CX4H1:3][H:4]	-29.9972	6.97413	-	-	-	-	G
C35735387      none	B	[O:1]=[CX3:2]!@[NX3H1:3][!#1:4]	-0.00038877	63.7893	-	-	-	-	G
C35735387      none	B	[O:1]=[CX3:2]!@[CX3:3]=[O:4]	-59.9937	0.346021	-	-	-	-	R
C35735387      none	B	[O:1]=[CX3:2]!@[NX3H1:3][!#1:4]	-0.00407916	63.7893	-	-	-	-	G
C11685599      none	B	[C:1][CX4:2]!@[CX3:3]=[O:4]	-89.9987	3.45082	-	-	-	-	G
C11685599      none	B	[!#1:1][CX4:2]!@[SX2:3][!#1:4]	180	11.1654	-	-	-	-	G
C11685599      none	B	[O:1]=[C:2]!@[NX3H1:3](C=O)[H:4]	179.988	35.6725	-	-	-	-	G
C11685599      none	B	[O:1]=[C:2]([NH1])!@[NX3H1:3](C=O)[H:4]	0.00458931	58.9474	-	-	-	-	G
C11685599      none	B	[O:1]=[CX3:2]([$([NX3H1]C)])!@[NX3H1:3][!#1:4]	0.0203553	41.1343	-	-	-	-	G
C11685599      none	B	[$(C=O):1][NX3H1:2]!@[CX4H1:3][H:4]	29.9931	9.46757	-	-	-	-	G
C11685599      none	B	[aH0:1][c:2]([aH0])!@[SX2:3][!#1:4]	-150.001	0.43837	-	-	-	-	O
C63134071      none	B	[n,o,s:1][c:2]!@[CX4H2:3][CX4:4]	-89.9985	5.3104	-	-	-	-	G
C63134071      none	B	[!#1:1][CX4H2:2]!@[CX4H2:3][!#1:4]	59.9967	3.99483	-	-	-	-	G
C63134071      none	B	[$([CX3]=O):1][NX3H1:2]!@[CX4H2:3][C:4] 	90.0041	7.35439	-	-	-	-	G
C63134071      none	B	[O:1]=[CX3:2]!@[NX3H1:3][!#1:4]	-0.0096812	63.7893	-	-	-	-	G
C63134071      none	B	[*^2:1]~[C^2:2]([!H])!@[C^2:3]~[*^2:4]	149.998	1.21045	-	-	-	-	G
C63134071      none	B	[*^2:1]~[C^2:2]([!H])!@[C^2:3]~[*^2:4]	0.00760568	20.0453	-	-	-	-	G
C16321648      none	B	[O:1]=[C:2]!@[O:3]~[C:4]	29.9932	0.0796663	-	-	-	-	R
C16321648      none	B	[$(C=O):1][O:2]!@[CH1:3][H:4]	60.0028	0.586008	-	-	-	-	O
C16321648      none	B	[OX2:1][CX4:2]!@[CX4:3][OX2:4]	-56.5294	16.2177	-	-	-	-	G
C16321648      none	B	[OX2:1][CX4:2]!@[CX4:3][OX2:4]	-60.0009	16.2177	-	-	-	-	G
C09244207      none	B	[H:1][CX4H1:2]!@[OX2:3][!#1:4]	-0.00136528	7.47259	-	-	-	-	G
C09244207      none	B	[cH1,n:1][c:2]!@[O:3][CH1:4]	-59.9975	0.582524	-	-	-	-	R
C09244207      none	B	[cH1:1][c:2]([cH1])!@[CX3:3]([CX3H0])=[O:4]	150	3.34699	-	-	-	-	G
C09244207      none	B	[*^2:1]~[C^2:2]([!H])!@[C^2:3]~[*^2:4]	-89.7033	1.27397	-	-	-	-	G
C09244207      none	B	[$([CX3]=O):1][NX3H0:2](C)!@[CX4H2:3][C:4]	149.999	0.0857633	-	-	-	-	R
C09244207      none	B	[a:1][c:2]!@[CX4H1:3][N,O:4]	-56.6844	3.48172	-	-	-	-	G
C09244207      none	B	[O-:1][N+:2](=O)!@[c:3]([cH,nX2H0])[cH,nX2H0:4]	179.967	23.2156	-	-	-	-	G
C09244207      none	B	[!#1:1][CX4H2:2]!@[CX4H2:3][!#1:4]	179.995	58.554	-	-	-	-	G
C09244207      none	B	[!#1:1][CX4H2:2]!@[CX4H2:3][!#1:4]	179.996	58.554	-	-	-	-	G
C09244207      none	B	[CX4:1][CX4H2:2]!@[NX3;"N_lp":3][CX4:4]	-76.3626	8.1206	-	-	-	-	G
C04116945      none	B	[CH0:1][NX3:2]([CH1])!@[c:3][a:4]	59.9938	2.93185	-	-	-	-	G
C04116945      none	B	[a:1][c:2]!@[CX4H1:3][N,O:4]	-149.999	3.72593	-	-	-	-	G
C33373860      none	B	[!#1:1][CH2:2]!@[n:3][cH0:4]	-90.0025	15.4696	-	-	-	-	G
C33373860      none	B	[!#1:1][CX4:2]!@[CX4:3][!#1:4]	-160.008	1.85018	-	-	-	-	G
C33373860      none	B	[OX2:1][CX4:2]!@[CX4:3][OX2:4]	-60.0062	16.2177	-	-	-	-	G
C61936886      none	B	[a:1][a:2]!@[NX3:3][!#1:4]	0.262705	10.9271	-	-	-	-	G
C40091595      none	B	[!#1:1][CX4H2:2]!@[CX4H2:3][!#1:4]	-60.0042	3.77933	-	-	-	-	G
C40091595      none	B	[C:1][CX4H2:2]!@[OX2:3][c:4]	179.993	43.8829	-	-	-	-	G
C40091595      none	B	[cH0:1][c:2]([cH1])!@[O:3][C:4]	-90.248	0.64732	-	-	-	-	R
C40091595      none	B	[cH1:1][c:2]([cH1])!@[CX3:3]([CX3H0])=[O:4]	-29.9981	3.55191	-	-	-	-	G
C40091595      none	B	[*^2:1]~[C^2:2]([!H])!@[C^2:3]~[*^2:4]	120.31	0.806964	-	-	-	-	G
C40091595      none	B	[$([CX3]=O):1][NX3H0:2](C)!@[CX4H2:3][C:4]	-89.9974	15.9949	-	-	-	-	G
C40091595      none	B	[a:1][c:2]!@[CX4H1:3][N,O:4]	26.8304	3.56196	-	-	-	-	G
C40091595      none	B	[cH1:1][c:2](cO)!@[O:3][C:4]	0.0295705	49.3635	-	-	-	-	G
C40091595      none	B	[$(cO):1][c:2](cO)!@[O:3][C:4]	59.9972	1.68593	-	-	-	-	G
C40091595      none	B	[cH1:1][c:2](cO)!@[O:3][C:4]	-89.7566	0.35524	-	-	-	-	R
C40091595      none	B	[OX2:1][CX4H2:2]!@[CX4H2:3][Nr:4]	-60.0022	16.6667	-	-	-	-	G
C58249217      none	B	[a:1][c:2]!@[CX4H2:3][!#1:4]	135.004	1.69481	-	-	-	-	O
C58249217      none	B	[a:1][a:2]!@[NX3:3][!#1:4]	-179.699	11.4213	-	-	-	-	G
C58249217      none	B	[O:1]=[C:2]([O-])!@[CX4H1:3][H:4]	0.00790994	0.495663	-	-	-	-	O
C38007762      none	B	[a:1][c:2]!@[CX4H2:3][!#1:4]	179.996	2.35335	-	-	-	-	O
C38007762      none	B	[$(S(=O)(=O)):1][NX3H1:2]!@[CX4H2:3][!#1:4]	-150.004	7.72532	-	-	-	-	G
C38007762      none	B	[c:1][$(S(=O)=O):2]!@[NX3H1:3][C:4]	-89.9957	3.19032	-	-	-	-	G
C38007762      none	B	[aH1:1][c:2]([aH1])!@[SX4:3][!#1:4]	90.3043	12.916	-	-	-	-	G
C38007762      none	B	[O:1]=[C:2]([O-])!@[c:3][nX3H1:4]	179.975	34.7826	-	-	-	-	G
C50658989      none	B	[cH0:1][c:2]([cH,nX2H0])!@[NX3H1:3][CX4:4]	179.72	49.7854	-	-	-	-	G
C50658989      none	B	[aH1:1][c:2]([aH1])!@[SX4:3][!#1:4]	-90.0031	12.5987	-	-	-	-	G
C50658989      none	B	[O-:1][N+:2](=O)!@[c:3]([cH0])[cH,nX2H0:4]	0.281675	12.6374	-	-	-	-	G
C50658989      none	B	[c:1][$(S(=O)=O):2]!@[NX3H1:3][C:4]	-89.9956	3.19032	-	-	-	-	G
C50658989      none	B	[$(S(=O)(=O)):1][NX3H1:2]!@[CX4H1:3][H:4]	29.9975	11.9705	-	-	-	-	G
C43671560      none	B	[a:1][ar6:2]!@[ar5:3][a:4]	-179.69	7.27752	-	-	-	-	G
C43671560      none	B	[O:1]=[C:2]([O-])!@[c:3][a:4]	0.0078314	11.4943	-	-	-	-	G
C13829517      none	B	[O:1]=[CX3:2]!@[NX3H1:3][!#1:4]	-0.00579943	63.7893	-	-	-	-	G
C13829517      none	B	[$(C=O):1][NX3H1:2]!@[CX4H1:3][H:4]	180	0.712411	-	-	-	-	R
C13829517      none	B	[O:1]=[C:2]([O-])!@[CX4H1:3][H:4]	89.9977	0.86741	-	-	-	-	O
C02765081      none	B	[cH0:1][c:2]!@[CX4H2:3][CX4:4]	90.2896	18.5823	-	-	-	-	G
C02765081      none	B	[cH0:1][c:2]([cH1])!@[CX3:3]([NX3H1])=[O:4]	-90.0013	1.04439	-	-	-	-	O
C02765081      none	B	[O:1]=[CX3:2]!@[NX3H1:3][!#1:4]	0.00654319	63.7893	-	-	-	-	G
C02765081      none	B	[*:1]~[NX3:2]!@[NX3:3]~[*:4]	179.996	7.3164	-	-	-	-	G
C02765081      none	B	[O:1]=[CX3:2]!@[NX3H1:3][!#1:4]	-0.000952745	63.7893	-	-	-	-	G
C02765081      none	B	[C:1][CX4:2]!@[CX3:3]=[O:4]	-60.8269	2.40592	-	-	-	-	G
C02765081      none	B	[O:1]=[C:2]([O-])!@[CX4H1:3][H:4]	89.9946	0.86741	-	-	-	-	O
C39734465      none	B	[a:1][a:2]!@[CX3:3]=[O:4]	179.995	14.6728	-	-	-	-	G
C39734465      none	B	[*^2:1]~[C^2:2]([!H])!@[C^2:3]~[*^2:4]	-119.68	0.661024	-	-	-	-	G
C39734465      none	B	[$([CX3]=O):1][NX3H0:2](C)!@[CX4H2:3][C:4]	90	14.7513	-	-	-	-	G
C39734465      none	B	[a:1][c:2]!@[CX4H1:3][N,O:4]	-26.6585	3.61778	-	-	-	-	G
C39734465      none	B	[O-:1][N+:2](=O)!@[c:3]([cH,nX2H0])[cH,nX2H0:4]	179.978	23.2156	-	-	-	-	G
C39734465      none	B	[!#1:1][CX4H2:2]!@[CX4H2:3][!#1:4]	60.004	3.99483	-	-	-	-	G
C39734465      none	B	[!#1:1][CX4H2:2]!@[CX4H2:3][!#1:4]	180	58.554	-	-	-	-	G
C39734465      none	B	[CX4:1][CX4H2:2]!@[NX3;"N_lp":3][CX4:4]	-76.3594	8.1206	-	-	-	-	G
C47162580      none	B	[$(S(=O)(=O)):1][NX3H1:2]!@[CX4H1:3][H:4]	-59.9878	0.736648	-	-	-	-	G
C47162580      none	B	[c:1][$(S(=O)=O):2]!@[NX3H1:3][C:4]	59.9996	14.5215	-	-	-	-	G
C47162580      none	B	[aH1:1][c:2]([aH1])!@[SX4:3][!#1:4]	-89.7261	12.5987	-	-	-	-	G
C47162580      none	B	[$(S(=O)(=O)):1][NH0:2]!@[c:3]([cH1])[cH1:4]	-90.0229	17.7686	-	-	-	-	G
C47162580      none	B	[c:1][S:2](=O)(=O)!@[NX2H0-:3]-[*:4]	-59.9978	11.1111	-	-	-	-	G
C47162580      none	B	[aH1:1][c:2]([aH1])!@[SX4:3][!#1:4]	-89.7232	12.5987	-	-	-	-	G
C47162580      none	B	[c:1][c:2]!@[c:3][s,o,nX3H1:4]	180	12.4984	-	-	-	-	G
C47162580      none	B	[c:1][c:2]!@[c:3][s,o,nX3H1:4]	60.5643	0.665746	-	-	-	-	R
C37449665      none	B	[!#1:1][CX4:2]!@[CX4:3][!#1:4]	59.9999	12.3771	-	-	-	-	G
C37449665      none	B	[!#1:1][CX4:2]!@[CX4:3][!#1:4]	159.999	1.81259	-	-	-	-	G
C37449665      none	B	[NH1:1][CX4:2]!@[CX3:3]=[O:4]	-30.001	4.44172	-	-	-	-	G
C37449665      none	B	[$(S(=O)(=O)):1][NX3H1:2]!@[CX4H1:3][H:4]	29.9911	11.9705	-	-	-	-	G
C37449665      none	B	[O:1]=[CX3:2]!@[NX3H0:3][!#1:4]	-179.679	18.2537	-	-	-	-	G
C37449665      none	B	[O:1]=[C:2]([O-])!@[CX4H1:3][H:4]	-0.00205934	0.495663	-	-	-	-	O
C37449665      none	B	[C:1][$(S(=O)=O):2]!@[NX3H1:3][C:4]	60.0011	6.12245	-	-	-	-	G
C49135394      none	B	[O:1][CX4:2]!@[CX3:3]=[O:4]	90.001	0.432135	-	-	-	-	O
C49135394      none	B	[H:1][CX4H1:2]!@[O:3][CX4:4]	-39.9945	11.8876	-	-	-	-	G
C49135394      none	B	[c:1][CX4:2]!@[CX3:3]=[O:4]	30.0035	2.18887	-	-	-	-	O
C49135394      none	B	[a:1][c:2]!@[CX4H1:3][H:4]	-30.0084	3.94031	-	-	-	-	G
C40638257      none	B	[!#1:1][CX4:2]!@[CX4:3][!#1:4]	68.6271	7.06239	-	-	-	-	G
C40638257      none	B	[NH1:1][CX4:2]!@[CX3:3]=[O:4]	-119.997	0.275693	-	-	-	-	G
C40638257      none	B	[$(C=O):1][NX3H1:2]!@[CX4H0:3][C:4]	-60.0034	14.7253	-	-	-	-	G
C40638257      none	B	[O:1]=[CX3:2]!@[NX3H1:3][!#1:4]	0.00181761	63.7893	-	-	-	-	G
C40638257      none	B	[$([c]([NH1,NH2])):1][c:2]!@[CX3:3]([!O])=[O:4]	119.993	0	-	-	-	-	R
C35936265      none	B	[$(C=O):1][NX3H1:2]!@[CX4H1:3][H:4]	-30.0107	6.97413	-	-	-	-	G
C35936265      none	B	[O:1]=[CX3:2]!@[NX3H1:3][!#1:4]	0.010511	63.7893	-	-	-	-	G
C35936265      none	B	[a:1][c:2]!@[C:3]([NH1,NH2])=[O:4]	-29.6919	5.14706	-	-	-	-	O
C35936265      none	B	[O:1]=[CX3:2]!@[NX3H0:3][!#1:4]	-29.9929	0.692521	-	-	-	-	O
C35936265      none	B	[O:1][CX4:2]!@[CX3:3]=[O:4]	-56.6488	0.530348	-	-	-	-	O
C04521543      none	B	[!#1:1][CX4H2:2]!@[CX4H2:3][!#1:4]	-60.0018	3.77933	-	-	-	-	G
C04521543      none	B	[C:1][CX4H2:2]!@[NX3:3][C:4]	179.997	3.30615	-	-	-	-	G
C04521543      none	B	[!#1:1][CX4:2]!@[SX2:3][!#1:4]	-59.997	7.13757	-	-	-	-	G
C04521543      none	B	[!#1:1][CX4:2]!@[SX2:3][!#1:4]	-160.004	3.18377	-	-	-	-	G
C04521543      none	B	[!#1:1][CX4:2]!@[CX4:3][!#1:4]	59.997	12.3771	-	-	-	-	G
C04521543      none	B	[O:1]=[C:2]([O-])!@[CX4H1:3][H:4]	0.00102599	0.495663	-	-	-	-	O
C04521543      none	B	[C:1][CX4H2:2]!@[CX3:3]=[O:4]	-120.016	0.79457	-	-	-	-	R
C58353107      none	B	[$(C=O):1][NX3H1:2]!@[c:3]([cH1])[cH1:4]	-30.0177	5.05437	-	-	-	-	G
C58353107      none	B	[$(C=O):1][NX3:2]!@[a:3][aH0:4]	-89.999	3.39746	-	-	-	-	G
C58353107      none	B	[O:1]=[CX3:2]!@[NX3H1:3][!#1:4]	0.000743354	63.7893	-	-	-	-	G
C58353107      none	B	[O:1]=[CX3:2]!@[NX3H1:3][!#1:4]	-0.00333641	63.7893	-	-	-	-	G
C58353107      none	B	[a:1][c:2]!@[C:3]([NH1,NH2])=[O:4]	0.303531	9.67683	-	-	-	-	G
C58353107      none	B	[O-:1][N+:2](=O)!@[c:3]([cH0])[cH,nX2H0:4]	-0.0064351	12.6374	-	-	-	-	G
C41916246      none	B	[!#1:1][CX4:2]!@[CX4:3][!#1:4]	-40.0044	0.976141	-	-	-	-	G
C41916246      none	B	[C:1][CX4:2]!@[CX3:3]=[O:4]	90.0012	3.65147	-	-	-	-	G
C41916246      none	B	[*:1]~[CX4:2]!@[n:3]~[*:4]	-29.996	3.02285	-	-	-	-	G
C41916246      none	B	[!#1:1][CX4:2]!@[CX4:3][!#1:4]	180	22.1548	-	-	-	-	G
C41916246      none	B	[*:1][CX4:2]!@[O:3][CX4:4]	180	12.0478	-	-	-	-	G
C41916246      none	B	[O-:1][N+:2](=O)!@[c:3]([cH,nX2H0])[cH,nX2H0:4]	90.3123	0	-	-	-	-	R
C02491957      none	B	[!#1:1][CH2:2]!@[n:3][cH0:4]	-89.697	15.4696	-	-	-	-	G
C02491957      none	B	[a:1][a:2]!@[NX3:3][!#1:4]	180	11.4213	-	-	-	-	G
C02491957      none	B	[!#1:1][CX4H2:2]!@[NX3H1:3][!#1:4]	89.9993	6.33327	-	-	-	-	G
C02491957      none	B	[OX2:1][CX4H2:2]!@[CX4H2:3][N:4]	180	8.36763	-	-	-	-	G
C42811601      none	B	[aH1:1][c:2]([aH1])!@[SX4:3][!#1:4]	-89.7304	12.5987	-	-	-	-	G
C42811601      none	B	[cH1:1][c:2]([cH1])!@[C:3]([NH1,NH2])=[O:4]	153.012	9.05971	-	-	-	-	G
C42811601      none	B	[O:1]=[CX3:2]!@[NX3H1:3][!#1:4]	0.00106469	63.7893	-	-	-	-	G
C42811601      none	B	[$([CX3]=O):1][NX3H1:2]!@[CX4H2:3][C:4] 	120.001	2.76407	-	-	-	-	O
C42811601      none	B	[OX2:1][CX4:2]!@[CX4:3][N:4]	-59.9785	14.8764	-	-	-	-	G
C49693197      none	B	[O:1]=[CX3:2]!@[NX3H0:3][!#1:4]	150	1.73707	-	-	-	-	O
C49693197      none	B	[O:1]=[CX3:2]!@[NX3H1:3][!#1:4]	-0.00687419	63.7893	-	-	-	-	G
C49693197      none	B	[$(C=O):1][NX3H1:2]!@[CX4H1:3][H:4]	30.0081	9.46757	-	-	-	-	G
C49693197      none	B	[!#1:1][CX4:2]!@[CX4:3][!#1:4]	39.9978	0.998355	-	-	-	-	G
C49693197      none	B	[O:1]=[C:2]([O-])!@[CX4H1:3][H:4]	0.00833435	0.495663	-	-	-	-	O
C49693197      none	B	[C:1][CX4H2:2]!@[CX3:3]=[O:4]	-120.004	0.79457	-	-	-	-	O
C40591444      none	B	[$(C=O):1][NX3H0:2]!@[CX4H1:3][H:4]	90.0053	0.168067	-	-	-	-	R
C40591444      none	B	[O:1]=[CX3:2]!@[NX3H0:3][!#1:4]	150.002	1.73707	-	-	-	-	O
C40591444      none	B	[O:1]=[CX3:2]!@[NX3H1:3][!#1:4]	0.0022383	63.7893	-	-	-	-	G
C40591444      none	B	[$([CX3]=O):1][NX3H1:2]!@[CX4H2:3][C:4] 	89.9976	7.35439	-	-	-	-	G
C40591444      none	B	N[C:2](=[O:1])!@[CH2:3][N:4]	120.002	0.595238	-	-	-	-	G
C40591444      none	B	[O:1]=[CX3:2]!@[NX3H1:3][!#1:4]	0.00150676	63.7893	-	-	-	-	G
C40591444      none	B	[$([CX3]=O):1][NX3H1:2]!@[CX4H2:3][C:4] 	180	6.46594	-	-	-	-	G
C40591444      none	B	[NH1:1][CX4:2]!@[CX3:3]=[O:4]	119.988	0.41354	-	-	-	-	G
C50292924      none	B	[!#1:1][CX4:2]!@[CX4:3][!#1:4]	-40.0012	0.976141	-	-	-	-	G
C50292924      none	B	[$([CX3]=O):1][NX3H1:2]!@[CX4H2:3][C:4] 	90.0007	7.35439	-	-	-	-	G
C50292924      none	B	[O:1]=[CX3:2]!@[NX3H1:3][!#1:4]	0.000862692	63.7893	-	-	-	-	G
C50292924      none	B	[O:1]=[CX3:2]!@[CX4r3:3]!@[!#1:4]	94.3283	1.95122	-	-	-	-	O
C50292924      none	B	[O:1]=[CX3:2]!@[CX4r3:3]!@[!#1:4]	89.9962	1.95122	-	-	-	-	O
C52787769      none	B	[C:1][CH2:2]!@[O:3][CX4:4]	79.9931	1.71561	-	-	-	-	G
C52787769      none	B	[!#1:1][CX4H2:2]!@[CX4H2:3][!#1:4]	180	58.554	-	-	-	-	G
C52787769      none	B	[!#1:1][CX4:2]!@[CX4:3][!#1:4]	80.0082	1.75235	-	-	-	-	G
C52787769      none	B	[O:1]=[C:2]([O-])!@[CX4H1:3][H:4]	89.997	0.86741	-	-	-	-	O
C52787769      none	B	[$(C=O):1][NX3H1:2]!@[CX4H1:3][H:4]	-29.9977	6.97413	-	-	-	-	G
C52787769      none	B	[O:1]=[CX3:2]([$([NX3H1]C)])!@[NX3H1:3][!#1:4]	180	9.5176	-	-	-	-	R
C52787769      none	B	[O:1]=[CX3:2]([$([NX3H1]C)])!@[NX3H1:3][!#1:4]	-0.00974226	41.1343	-	-	-	-	G
C52787769      none	B	[$(C=O):1][NX3H1:2]!@[CX4H2:3][!#1:4]	-89.9958	7.86473	-	-	-	-	G
C52787769      none	B	[a:1][c:2]!@[CX4H2:3][!#1:4]	-89.6866	7.30446	-	-	-	-	G
C01637886      none	B	[N:1][CX4:2]!@[CX3:3]=[O:4]	-120.351	0.897291	-	-	-	-	G
C01637886      none	B	[O:1]=[C:2]([O-])!@[CX4H1:3][H:4]	90.0073	0.86741	-	-	-	-	O
C39114046      none	B	[a:1][c:2]!@[CX4H2:3][!#1:4]	-134.996	2.0362	-	-	-	-	O
C44259437      none	B	[$(S(=O)(=O)):1][NX3H0:2]!@[CX4H2:3][!#1:4]	90.0014	6.68103	-	-	-	-	G
C44259437      none	B	[c:1][$(S(=O)=O):2]!@[NX3H0:3][C:4]	-90.0026	4.66945	-	-	-	-	G
C44259437      none	B	N[C:2](=[O:1])!@[CH2:3][N:4]	-120.004	0.892857	-	-	-	-	G
C44259437      none	B	[aH1:1][c:2]([aH1])!@[SX4:3][!#1:4]	70.2681	5.04089	-	-	-	-	G
C44259437      none	B	[a:1][a:2]!@[CX3:3]=[CX3H1:4]	20.0083	2.80466	-	-	-	-	G
C44259437      none	B	[*^2:1]~[C^2:2]([!H])!@[C^2:3]~[*^2:4]	29.997	1.05249	-	-	-	-	G
C35567185      none	B	[C:1][CX4H2:2]!@[OX2:3][c:4]	149.998	0.884397	-	-	-	-	O
C35567185      none	B	[cH1:1][c:2](cO)!@[O:3][C:4]	-119.999	0.103612	-	-	-	-	R
C35567185      none	B	[a:1][c:2]!@[CX4H1:3][N,O:4]	58.3912	3.42939	-	-	-	-	G
C35567185      none	B	[*^2:1]~[C^2:2]([!H])!@[C^2:3]~[*^2:4]	119.987	0.806964	-	-	-	-	G
C35567185      none	B	[$([CX3]=O):1][NX3H0:2](C)!@[CX4H2:3][C:4]	-120.065	2.31561	-	-	-	-	O
C35567185      none	B	[!#1:1][CX4H2:2]!@[CX4H2:3][!#1:4]	179.994	58.554	-	-	-	-	G
C35567185      none	B	[!#1:1][CX4H2:2]!@[CX4H2:3][!#1:4]	60.0036	3.99483	-	-	-	-	G
C35567185      none	B	[CX4:1][CX4H2:2]!@[NX3;"N_lp":3][CX4:4]	-156.363	6.65327	-	-	-	-	G
C35567185      none	B	[a:1][a:2]!@[CX3:3]=[O:4]	0.304195	15.3068	-	-	-	-	G
C04533952      none	B	[O:1]=[CX3:2]!@[NX3H1:3][!#1:4]	-0.00432067	63.7893	-	-	-	-	G
C04533952      none	B	[$(C=O):1][NX3H1:2]!@[CX4H1:3][H:4]	-59.9987	1.23735	-	-	-	-	G
C04533952      none	B	[NH1:1][CX4:2]!@[CX3:3]=[O:4]	59.9923	0.459488	-	-	-	-	O
C04533952      none	B	[OX2:1][CX4:2]!@[CX4:3][N:4]	-39.9975	1.41573	-	-	-	-	G
C04533952      none	B	[OX2:1][CX4:2]!@[CX4:3][OX2:4]	79.9984	2.87509	-	-	-	-	G
C04533952      none	B	[OX2:1][CX4:2]!@[CX4:3][OX2:4]	79.9934	2.87509	-	-	-	-	G
C04533952      none	B	[OX2:1][CX4:2]!@[CX4:3][OX2:4]	-39.9957	0.393994	-	-	-	-	G
C04533952      none	B	[C:1][CX4H2:2]!@[OX2:3][!#1:4]	179.996	29.7764	-	-	-	-	G
C04533952      none	B	[*:1]~[OX2:2]!@[SX4:3]~[*:4]	59.9958	3.04735	-	-	-	-	G
C48960571      none	B	[O:1]=[CX3:2]!@[NX3H1:3][!#1:4]	-0.00856849	63.7893	-	-	-	-	G
C48960571      none	B	[$([CX3]=O):1][NX3H1:2]!@[CX4H2:3][C:4] 	180	6.46594	-	-	-	-	G
C48960571      none	B	[!#1:1][CX4:2]!@[CX4:3][!#1:4]	60.0754	12.3771	-	-	-	-	G
C48960571      none	B	[*:1][$(S(=O)=O):2]!@[NX3H0r:3][*:4]	-60.0009	8.17536	-	-	-	-	G
C48960571      none	B	[aH1:1][c:2]([aH1])!@[SX4:3][!#1:4]	-69.6929	5.44275	-	-	-	-	G
C49236053      none	B	[!#1:1][CX4:2]!@[SX4:3][!#1:4]	-79.9976	3.11579	-	-	-	-	G
C49236053      none	B	[!#1:1][CX4H2:2]!@[CX4H2:3][!#1:4]	60.0014	3.99483	-	-	-	-	G
C49236053      none	B	[!#1:1][CX4H2:2]!@[NX3H1:3][!#1:4]	89.9992	6.33327	-	-	-	-	G
C49236053      none	B	[a:1][a:2]!@[NX3:3][!#1:4]	160.267	2.58602	-	-	-	-	G
C22046453      none	B	[O:1]=[CX3:2]!@[NX3H1:3][!#1:4]	0.008607	63.7893	-	-	-	-	G
C22046453      none	B	[$(C=O):1][NX3H1:2]!@[CX4H1:3][H:4]	-30.0046	6.97413	-	-	-	-	G
C22046453      none	B	[OX2:1][CX4:2]!@[CX4:3][OX2:4]	-62.5409	16.2177	-	-	-	-	G
C22046453      none	B	[OX2:1][CX4:2]!@[CX4:3][OX2:4]	80.0058	2.87509	-	-	-	-	G
C63009543      none	B	[C:1][CH2:2]!@[O:3][CX4:4]	180	35.2689	-	-	-	-	G
C63009543      none	B	[C:1][CH2:2]!@[O:3][CX4:4]	179.995	35.2689	-	-	-	-	G
C63009543      none	B	[OX2:1][CX4:2]!@[CX4:3][N:4]	-79.9962	3.59551	-	-	-	-	G
C63009543      none	B	[$(C=O):1][NX3H1:2]!@[CX4H1:3][H:4]	-29.9937	6.97413	-	-	-	-	G
C63009543      none	B	[O:1]=[CX3:2]([$([NX3H1]C)])!@[NX3H1:3][!#1:4]	-0.00955047	41.1343	-	-	-	-	G
C63009543      none	B	[O:1]=[CX3:2]([$([NX3H1]C)])!@[NX3H1:3][!#1:4]	180	9.5176	-	-	-	-	R
C63009543      none	B	[$(C=O):1][NX3H1:2]!@[c:3]([cH0]F)[cH:4]	120.282	0	-	-	-	-	R
C63009543      none	B	[O:1]=[C:2]([O-])!@[c:3]([cH1])[cH1:4]	179.974	7.35294	-	-	-	-	G
C31978939      none	B	[O:1]=[C:2]([O-])!@[CX4H1:3][H:4]	90	0.86741	-	-	-	-	O
C31978939      none	B	[C:1][CX4:2]!@[CX3:3]=[O:4]	0.928979	5.61823	-	-	-	-	G
C31978939      none	B	[O:1]=[CX3:2]!@[NX3H1:3][!#1:4]	0.00193137	63.7893	-	-	-	-	G
C31978939      none	B	[$([CX3]=O):1][NX3H1:2]!@[CX4H2:3][C:4] 	89.9973	7.35439	-	-	-	-	G
C31978939      none	B	[!#1:1][CX4H2:2]!@[CX4H2:3][!#1:4]	-60.0004	3.77933	-	-	-	-	G
C31978939      none	B	[!#1:1][CX4H2:2]!@[CX4H2:3][!#1:4]	180	58.554	-	-	-	-	G
C31978939      none	B	[!#1:1][CX4H2:2]!@[CX4H2:3][!#1:4]	180	58.554	-	-	-	-	G
C31978939      none	B	[!#1:1][CX4H2:2]!@[CX4H2:3][!#1:4]	179.997	58.554	-	-	-	-	G
C05725664      none	B	[O:1]=[C:2]([O-])!@[CX4H1:3][H:4]	89.9978	0.86741	-	-	-	-	O
C05725664      none	B	[O:1]=[CX3:2]!@[NX3H0:3][!#1:4]	-150.003	1.37927	-	-	-	-	O
C05725664      none	B	[OH1:1][CX4:2]!@[CX3:3]=[O:4]	-119.993	1.11773	-	-	-	-	O
C05725664      none	B	[OX2:1][CX4:2]!@[CX4:3][OX2:4]	-80.0101	2.4811	-	-	-	-	O
C05725664      none	B	[OX2:1][CX4:2]!@[CX4:3][OX2:4]	40.0103	0.511128	-	-	-	-	G
C05725664      none	B	[OX2:1][CX4:2]!@[CX4:3][OX2:4]	-79.997	2.4811	-	-	-	-	G
C05725664      none	B	[OX2:1][CX4:2]!@[CX4:3][OX2:4]	-39.9991	0.393994	-	-	-	-	G
C02135287      none	B	[cH1,n:1][c:2]!@[O:3][CH1:4]	60.4818	0.194175	-	-	-	-	R
C02135287      none	B	[H:1][CX4H1:2]!@[OX2:3][!#1:4]	-60.0052	2.37856	-	-	-	-	G
C02135287      none	B	[O:1][CX4:2]!@[CX3:3]=[O:4]	180	6.67845	-	-	-	-	G
C02135287      none	B	[O:1]=[CX3:2]!@[NX3H1:3][!#1:4]	-0.0016669	63.7893	-	-	-	-	G
C02135287      none	B	[$(C=O):1][NX3H1:2]!@[CX4H1:3][H:4]	-29.9983	6.97413	-	-	-	-	G
C02135287      none	B	[!#1:1][CX4:2]!@[CX4:3][!#1:4]	80.0102	1.75235	-	-	-	-	G
C02135287      none	B	[O:1]=[C:2]([O-])!@[CX4H1:3][H:4]	0.00107386	0.495663	-	-	-	-	O
C02135287      none	B	[cH0:1][c:2]!@[CX4H2:3][CX4:4]	89.9984	18.5823	-	-	-	-	G
C49539967      none	B	[a:1][c:2]!@[CX4H2:3][!#1:4]	134.998	1.8443	-	-	-	-	O
C49539967      none	B	[$(C=O):1][NX3H1:2]!@[CX4H2:3][$([c]([cH,nX2H0])[cH,nX2H0]):4]	89.9988	8.35443	-	-	-	-	G
C49539967      none	B	[O:1]=[CX3:2]!@[NX3H1:3][!#1:4]	-0.00164139	63.7893	-	-	-	-	G
C49539967      none	B	[O:1]=[CX3:2]!@[NX3H0:3][!#1:4]	0.311405	25.0866	-	-	-	-	G
C49539967      none	B	[O:1]=[C:2]([O-])!@[CX4H1:3][H:4]	-0.00030858	0.495663	-	-	-	-	O
C37063574      none	B	[$(S(=O)(=O)):1][N:2]!@[c:3][a:4]	-149.997	2.49023	-	-	-	-	G
C37063574      none	B	[c:1][S:2](=O)(=O)!@[NX2H0-:3]-[*:4]	90.0076	2.77778	-	-	-	-	G
C37063574      none	B	[aH0:1][c:2]([aH0])!@[SX4:3][!#1:4]	60.0002	4.18994	-	-	-	-	G
C44139174      none	B	[!#1:1][CX4:2]!@[SX3:3][!#1:4]	59.996	11.6925	-	-	-	-	G
C44139174      none	B	[*:1]~[N,n:2]!@[S:3]~[*:4]	-159.998	2.91955	-	-	-	-	G
C44139174      none	B	[!#1:1][CX4H1:2]!@[NX3:3][!#1:4]	-39.9984	0.726728	-	-	-	-	G
C44139174      none	B	[a:1][c:2]!@[CX4H1:3][N,O:4]	-59.9973	3.48172	-	-	-	-	G
C44139174      none	B	[!#1:1][CX4:2]!@[CX4:3][!#1:4]	-60.0022	12.2558	-	-	-	-	G
C44139174      none	B	[C:1][CX4:2]!@[CX3:3]=[O:4]	90.0084	3.65147	-	-	-	-	G
C29786381      none	B	[!#1:1][CX4:2]!@[CX4:3][!#1:4]	-60.0032	12.2558	-	-	-	-	G
C29786381      none	B	[*:1]~[CX4:2]!@[n:3]~[*:4]	-119.999	3.09532	-	-	-	-	G
C29786381      none	B	[*:1]~[CX4:2]!@[P:3]~[*:4]	79.999	2.6613	-	-	-	-	G
C66516963      none	B	[C:1][CX4:2]!@[CX3:3]=[O:4]	89.9983	3.65147	-	-	-	-	G
C66516963      none	B	[!#1:1][CX4:2]!@[SX2:3][!#1:4]	179.996	11.1654	-	-	-	-	G
C66516963      none	B	[O:1]=[C:2]!@[O:3]~[!#1:4]	150.005	0	-	-	-	-	R
C66516963      none	B	[$(C=O):1][O:2]!@[c:3]~[*:4]	90.0013	8.88554	-	-	-	-	G
C66516963      none	B	[$(S(=O)(=O)):1][NH0:2]!@[c:3]([cH1])[cH1:4]	119.978	2.06612	-	-	-	-	G
C66516963      none	B	[*:1]~[N,n:2]!@[S:3]~[*:4]	56.027	4.33354	-	-	-	-	O
C66516963      none	B	[aH0:1][c:2]([aH0])!@[SX2:3][!#1:4]	60.0038	2.01135	-	-	-	-	G
C66516963      none	B	[*:1]~[CX4:2]!@[n:3]~[*:4]	-81.3725	2.89698	-	-	-	-	G
C38693383      none	B	[O:1]=[CX3:2]!@[NX3H0:3][!#1:4]	-30.0061	0.692521	-	-	-	-	O
C38693383      none	B	[O:1]=[C:2]([O-])!@[CX4H1:3][H:4]	89.9981	0.86741	-	-	-	-	O
C38693383      none	B	[N:1][CX4:2]!@[CX3:3]=[O:4]	1.96223	7.55292	-	-	-	-	G
C50603993      none	B	[!#1:1][CX4:2]!@[CX4:3][!#1:4]	59.9997	12.3771	-	-	-	-	G
C50603993      none	B	[$([CX3]=O):1][NX3H1:2]!@[CX4H2:3][C:4] 	-150	1.7769	-	-	-	-	O
C50603993      none	B	[O:1]=[CX3:2]!@[NX3H1:3][!#1:4]	0.0120453	63.7893	-	-	-	-	G
C50603993      none	B	[O:1]=[CX3:2]!@[NX3H0:3][!#1:4]	0.30241	25.0866	-	-	-	-	G
C50603993      none	B	[O:1]=[C:2]([O-])!@[CX4H1:3][H:4]	0.00870835	0.495663	-	-	-	-	O
C62048464      none	B	[a:1][c:2]!@[CX4H2:3][!#1:4]	-45.0008	1.96752	-	-	-	-	O
C62048464      none	B	[c:1][c:2]!@[c:3][s,o,nX3H1:4]	179.998	12.4984	-	-	-	-	G
C62048464      none	B	[a:1][c:2]!@[CX4H2:3][CX3:4]	-29.9945	0.559862	-	-	-	-	R
C62048464      none	B	[c:1][CX4H2:2]!@[CX3:3]=[O:4]	150	0.569801	-	-	-	-	O
C62048464      none	B	[O:1]=[CX3:2]!@[NX3H1:3][!#1:4]	-0.00256221	63.7893	-	-	-	-	G
C62048464      none	B	[$(C=O):1][NX3H1:2]!@[CX4H1:3][H:4]	-30.0025	6.97413	-	-	-	-	G
C62048464      none	B	[OX2:1][CX4:2]!@[CX4:3][N:4]	39.996	1.66292	-	-	-	-	G
C62048464      none	B	[O:1]=[C:2]([O-])!@[CX4H1:3][H:4]	0.00449057	0.495663	-	-	-	-	O
C62048464      none	B	[!#1:1][CX4H2:2]!@[NX3;"N_lp":3][!#1:4]	-76.3681	6.8682	-	-	-	-	G
C57530846      none	B	[$(S(=O)(=O)):1][NH0:2]!@[c:3]([cH1])[cH0:4]	-90.0283	18.0328	-	-	-	-	G
C57530846      none	B	[cH0:1][c:2]([cH1])!@[CX3:3]([NX3H1])=[O:4]	-120.009	1.47955	-	-	-	-	G
C57530846      none	B	[O:1]=[CX3:2]!@[NX3H1:3][!#1:4]	0.00149184	63.7893	-	-	-	-	G
C57530846      none	B	[$(C=O):1][NX3H1:2]!@[c:3]([cH1])[cH1:4]	-150.002	5.07451	-	-	-	-	G
C57530846      none	B	[c:1][S:2](=O)(=O)!@[NX2H0-:3]-[*:4]	-89.9979	2.77778	-	-	-	-	G
C57530846      none	B	[aH1:1][c:2]([aH1])!@[SX4:3][!#1:4]	-89.7279	12.5987	-	-	-	-	G
C57530846      none	B	[O-:1][N+:2](=O)!@[c:3]([cH,nX2H0])[cH,nX2H0:4]	-179.848	23.2156	-	-	-	-	G
C39887141      none	B	[CH0:1][NX3:2]([CH1])!@[c:3][a:4]	29.999	1.8225	-	-	-	-	G
C39887141      none	B	[cH0:1][c:2]!@[CX4H1:3][N,O,S:4]	-150.308	4.61481	-	-	-	-	G
C39887141      none	B	[cH1:1][a:2]([cH1])!@[a:3]([sX2,o,nX2H0,nX3H1:4])([cH1])	0.230456	11.7616	-	-	-	-	G
C39887141      none	B	[c:1][c:2]!@[c:3]([cH0])[nX2H0:4]	90.4758	0.619835	-	-	-	-	R
C39887141      none	B	[cH1:1][c:2]([cH1])!@[O:3][C:4]	180	26.896	-	-	-	-	G
C38975908      none	B	[O:1]=[C:2]!@[O:3]~[C:4]	-0.00446995	74.4927	-	-	-	-	G
C38975908      none	B	[*^2:1]~[C^2:2]([!H])!@[C^2:3]~[*^2:4]	0.291093	20.0453	-	-	-	-	G
C20214929      none	B	[a:1][c:2]!@[C:3]([NH0])=[O:4]	-59.9965	3.63889	-	-	-	-	G
C20214929      none	B	[O:1]=[CX3:2](a)!@[NX3H0:3][!#1:4]	-149.68	2.19542	-	-	-	-	O
C20214929      none	B	[O:1]=[C:2]([O-])!@[CX4H1:3][H:4]	0.0108146	0.495663	-	-	-	-	O
C27893769      none	B	[a:1][c:2]!@[CX4H2:3][!#1:4]	-89.9869	7.30446	-	-	-	-	G
C27893769      none	B	[!#1:1][CX4H2:2]!@[NX3:3][!#1:4]	119.997	1.56596	-	-	-	-	O
C27893769      none	B	[aH1:1][c:2]([aH1])!@[SX4:3][!#1:4]	180	0.148054	-	-	-	-	R
C60442683      none	B	[O-:1][N+:2](=O)!@[c:3]([cH0])[cH,nX2H0:4]	90.0158	0.274725	-	-	-	-	O
C60442683      none	B	[aH0:1][c:2]([aH1])!@[SX4:3][!#1:4]	-69.9696	15.3236	-	-	-	-	G
C60442683      none	B	[c:1][S:2](=O)(=O)!@[NX2H0-:3]-[*:4]	-60.0038	11.1111	-	-	-	-	G
C60442683      none	B	[$(S(=O)(=O)):1][NH0:2]!@[c:3]([cH1])[cH1:4]	59.7251	1.23967	-	-	-	-	G
C60442683      none	B	[a:1][c:2]!@[C:3]([NH1,NH2])=[O:4]	89.9869	0.308642	-	-	-	-	O
C40579261      none	B	[$(C=O):1][NX3H0:2]!@[c:3]([cH1])[cH1:4]	-120.023	4.75698	-	-	-	-	G
C40579261      none	B	[$(C=O):1][NX3H0:2]!@[CX4H2:3][!#1:4]	89.9954	13.8915	-	-	-	-	G
C40579261      none	B	[O:1]=[C:2]!@[NX3H0:3]([a:4])[A]	-150.003	3.17023	-	-	-	-	G
C40579261      none	B	[N:1][CX4:2]!@[CX3:3]=[O:4]	119.995	0.766617	-	-	-	-	G
C40579261      none	B	[O:1]=[CX3:2]!@[NX3H1:3][!#1:4]	-0.000565721	63.7893	-	-	-	-	G
C40579261      none	B	[$([CX3]=O):1][NX3H1:2]!@[CX4H2:3][C:4] 	-89.9996	7.35439	-	-	-	-	G
C40579261      none	B	[!#1:1][CX4H2:2]!@[CX4H2:3][!#1:4]	180	58.554	-	-	-	-	G
C40579261      none	B	[N:1][C:2](=O)!@[CX4H2:3][CX4H2:4]	180	15.2589	-	-	-	-	G
C55215939      none	B	[OX2:1][CX4:2]!@[CX4:3][N:4]	57.8974	15.2809	-	-	-	-	G
C55215939      none	B	[$(C=O):1][NX3H1:2]!@[CX4H1:3][H:4]	-29.9974	6.97413	-	-	-	-	G
C55215939      none	B	[O:1]=[CX3:2]!@[NX3H1:3][!#1:4]	-0.00635681	63.7893	-	-	-	-	G
C55215939      none	B	[$([cH0][OH1]):1][c:2]([cH1])!@[C:3](=O)[NH1:4]	149.999	1.27119	-	-	-	-	R
C55215939      none	B	[$(S(=O)(=O)):1][NH0:2]!@[c:3]([cH1])[cH1:4]	-120.025	1.65289	-	-	-	-	G
C55215939      none	B	[*:1]~[N,n:2]!@[S:3]~[*:4]	176.03	8.16343	-	-	-	-	G
C43703040      none	B	[aH1:1][c:2]([aH1])!@[SX4:3][!#1:4]	69.9965	5.04089	-	-	-	-	G
C43703040      none	B	[a:1][c:2]!@[C:3]([NH1,NH2])=[O:4]	90.002	0.308642	-	-	-	-	O
C43703040      none	B	[*:1][$(S(=O)=O):2]!@[NX3H0r:3][*:4]	90.2807	4.85782	-	-	-	-	G
C43703040      none	B	[O:1]=[C:2]([O-])!@[CX4H1:3][H:4]	90.0065	0.86741	-	-	-	-	O
C20763400      none	B	[cH1:1][c:2]([cH1])!@[O:3][C:4]	149.996	0.199809	-	-	-	-	O
C20763400      none	B	[C:1][CX4H2:2]!@[OX2:3][c:4]	90.0096	1.05285	-	-	-	-	G
C20763400      none	B	[OX2:1][CX4H2:2]!@[CX3:3]([$([NX3H1,NX3H2])])=[O:4]	-150.003	0.714286	-	-	-	-	O
C20763400      none	B	[O:1]=[CX3:2]!@[NX3H1:3][!#1:4]	0.00708447	63.7893	-	-	-	-	G
C20763400      none	B	[$(C=O):1][NX3H1:2]!@[CX4H1:3][H:4]	59.9948	6.22422	-	-	-	-	G
C20763400      none	B	[!#1:1][CX4:2]!@[CX4:3][!#1:4]	179.996	22.1548	-	-	-	-	G
C20763400      none	B	[O:1]=[C:2]([O-])!@[CX4H1:3][H:4]	-0.00482015	0.495663	-	-	-	-	O
C20763400      none	B	[!#1:1][CX4H2:2]!@[CX4H2:3][!#1:4]	179.997	58.554	-	-	-	-	G
C20763400      none	B	[!#1:1][CX4:2]!@[SX2:3][!#1:4]	80.0028	6.41197	-	-	-	-	G
C44459092      none	B	[$(S(=O)(=O)):1][N:2]!@[c:3][a:4]	180	4.19922	-	-	-	-	G
C44459092      none	B	[c:1][S:2](=O)(=O)!@[NX2H0-:3]-[*:4]	-60.0009	11.1111	-	-	-	-	G
C44459092      none	B	[aH1:1][c:2]([aH1])!@[SX4:3][!#1:4]	-89.7364	12.5987	-	-	-	-	G
C44459092      none	B	[$(C=O):1][NX3H1:2]!@[c:3]([cH1])[cH1:4]	-150.018	5.07451	-	-	-	-	G
C44459092      none	B	[O:1]=[CX3:2]!@[NX3H1:3][!#1:4]	0.00268312	63.7893	-	-	-	-	G
C44459092      none	B	N[C:2](=[O:1])!@[CH2:3][N:4]	29.9965	5.20833	-	-	-	-	G
C44459092      none	B	[$([CX3]=O):1][NX3H0:2](C)!@[CX4H2:3][C:4]	90.0001	14.7513	-	-	-	-	G
C44459092      none	B	[O:1]=[CX3:2](a)!@[NX3H0:3][!#1:4]	29.998	0.896722	-	-	-	-	O
C44459092      none	B	[a:1][c:2]!@[C:3]([NH0])=[O:4]	60.2664	3.02778	-	-	-	-	G
C45648768      none	B	[!#1:1][CX4:2]!@[CX4:3][!#1:4]	-59.9965	12.2558	-	-	-	-	G
C45648768      none	B	[$([CX3]=O):1][NX3H1:2]!@[CX4H2:3][C:4] 	-89.9963	7.35439	-	-	-	-	G
C45648768      none	B	[O:1]=[CX3:2]([$([NX3H1]C)])!@[NX3H1:3][!#1:4]	-0.0143341	41.1343	-	-	-	-	G
C45648768      none	B	[O:1]=[CX3:2]([$([NX3H1]C)])!@[NX3H1:3][!#1:4]	180	9.5176	-	-	-	-	R
C45648768      none	B	[$([CX3]=O):1][NX3H1:2]!@[CX4H2:3][C:4] 	180	6.46594	-	-	-	-	G
C45648768      none	B	[NH1:1][CX4:2]!@[CX3:3]=[O:4]	-120.009	0.275693	-	-	-	-	G
C40483195      none	B	[a:1][c:2]!@[C:3]([NH0])=[O:4]	-60.0096	3.63889	-	-	-	-	G
C40483195      none	B	[O:1]=[CX3:2](a)!@[NX3H0:3][!#1:4]	0.0106122	23.6549	-	-	-	-	G
C40483195      none	B	[$([CX3]=O):1][NX3H0:2](C)!@[CX4H2:3][C:4]	89.9915	14.7513	-	-	-	-	G
C40483195      none	B	[$([CX3]=O):1][NX3H0:2](C)!@[CX4H2:3][C:4]	-119.994	2.31561	-	-	-	-	O
C40483195      none	B	[!#1:1][CX4:2]!@[CX4:3][!#1:4]	-131.372	0.0995365	-	-	-	-	R
C40483195      none	B	[N:1][CX4:2]!@[CX3:3]=[O:4]	-120.004	0.897291	-	-	-	-	G
CHEMBL432224      none	B	[!#1:1][CX4:2]!@[CX4:3][!#1:4]	180	22.1548	-	-	-	-	G
CHEMBL432224      none	B	[!#1:1][CX4:2]!@[CX4:3][!#1:4]	179.996	22.1548	-	-	-	-	G
CHEMBL432224      none	B	[CX4:1][CX4H2:2]!@[NX3;"N_lp":3][CX4:4]	-77.0481	8.1206	-	-	-	-	G
CHEMBL432224      none	B	[O-:1][N+:2](=O)!@[c:3]([cH0])[cH,nX2H0:4]	-0.0337796	12.6374	-	-	-	-	G
C40936294      none	B	[a:1][c:2]!@[C:3]([NH0])=[O:4]	59.9996	3.02778	-	-	-	-	G
C40936294      none	B	[c:1][c:2]!@[c:3][s,o,nX3H1:4]	-159.439	3.25336	-	-	-	-	G
C40936294      none	B	[O:1]=[CX3:2](a)!@[NX3H0:3][!#1:4]	150.002	2.50464	-	-	-	-	G
C40936294      none	B	[$([C](=O)):1][NX3H0:2]!@[CX4H2:3][$([c]([cH,nX2H0])[cH,nX2H0]):4]	-90.0006	11.8974	-	-	-	-	G
C40936294      none	B	[$([CX3]=O):1][NX3H0:2](C)!@[CX4H2:3][C:4]	-89.997	15.9949	-	-	-	-	G
C40936294      none	B	[a:1][c:2]!@[CX4H2:3][!#1:4]	90.2621	7.24386	-	-	-	-	G
C40936294      none	B	[N:1][CX4:2]!@[CX3:3]=[O:4]	120	0.766617	-	-	-	-	G
C19268475      none	B	[a:1][c:2]!@[C:3]([NH0])=[O:4]	-119.994	3.91667	-	-	-	-	G
C19268475      none	B	[O:1]=[CX3:2](a)!@[NX3H0:3][!#1:4]	-149.683	2.19542	-	-	-	-	O
C19268475      none	B	[O:1]=[C:2]([O-])!@[CX4H1:3][H:4]	0.00512983	0.495663	-	-	-	-	O
C16478862      none	B	[s:1][c:2]!@[C:3]([NH1])=[O:4]	149.952	0	-	-	-	-	R
C16478862      none	B	[O:1]=[CX3:2]!@[NX3H1:3][!#1:4]	-0.00364823	63.7893	-	-	-	-	G
C16478862      none	B	[*:1]~[NX3:2]!@[NX3:3]~[*:4]	90.0064	3.54776	-	-	-	-	G
C16478862      none	B	[O:1]=[CX3:2]!@[NX3H1:3][!#1:4]	-0.00480741	63.7893	-	-	-	-	G
C16478862      none	B	[O:1]=[CX3:2]([NH1])!@[CH2:3][C:4]	90.005	2.11706	-	-	-	-	O
C16478862      none	B	[!#1:1][CX4:2]!@[CX4:3][!#1:4]	-160.002	1.85018	-	-	-	-	G
C16478862      none	B	[!#1:1][CX4:2]!@[CX4:3][!#1:4]	59.996	12.3771	-	-	-	-	G
C16478862      none	B	[C:1][CX4H2:2]!@[CX3:3]=[O:4]	-89.996	1.15875	-	-	-	-	O
C17173868      none	B	[*:1]~[CX4:2]!@[n:3]~[*:4]	-30.0027	3.02285	-	-	-	-	G
C17173868      none	B	[OX2:1][CX4:2]!@[CX4:3][OX2:4]	89.4312	0.42594	-	-	-	-	O
C49308170      none	B	[O:1]=[CX3:2]!@[NX3H1:3][!#1:4]	0.00532529	63.7893	-	-	-	-	G
C49308170      none	B	[$([CX3]=O):1][NX3H1:2]!@[CX4H2:3][C:4] 	89.992	7.35439	-	-	-	-	G
C49308170      none	B	N[C:2](=[O:1])!@[CH2:3][N:4]	-150	2.38095	-	-	-	-	G
C49308170      none	B	[O:1]=[CX3:2]!@[NX3H1:3][!#1:4]	0.0139488	63.7893	-	-	-	-	G
C49308170      none	B	[$([CX3]=O):1][NX3H1:2]!@[CX4H2:3][C:4] 	89.9902	7.35439	-	-	-	-	G
C49308170      none	B	N[C:2](=[O:1])!@[CH2:3][N:4]	120.003	0.595238	-	-	-	-	G
C49308170      none	B	[O:1]=[CX3:2]!@[NX3H1:3][!#1:4]	0.00278718	63.7893	-	-	-	-	G
C49308170      none	B	[*:1]~[NX3:2]!@[NX3:3]~[*:4]	-119.998	2.7333	-	-	-	-	G
C49308170      none	B	[a:1][a:2]!@[NX3:3][!#1:4]	149.999	1.85775	-	-	-	-	O
C35651708      none	B	[aH1:1][c:2]([aH1])!@[SX4:3][!#1:4]	90.007	12.916	-	-	-	-	G
C35651708      none	B	[!#1:1][CH2:2]!@[n:3][a:4]	90.0023	13.2097	-	-	-	-	G
C35651708      none	B	[!#1:1][CX4H2:2]!@[CX3:3]=[O:4]	-89.9903	1.11373	-	-	-	-	G
C35651708      none	B	[c:1][$(S(=O)=O):2]!@[NX3H1:3][C:4]	89.9981	2.64026	-	-	-	-	G
C35651708      none	B	[$(S(=O)(=O)):1][NX3H1:2]!@[CX4H1:3][H:4]	0.00652396	7.36648	-	-	-	-	G
C50603795      none	B	[!#1:1][CX4:2]!@[CX4:3][!#1:4]	60.0004	12.3771	-	-	-	-	G
C50603795      none	B	[O:1]=[C:2]([O-])!@[CX4H1:3][H:4]	0.00152516	0.495663	-	-	-	-	O
C50603795      none	B	[$(C=O):1][NX3H1:2]!@[CX4H1:3][H:4]	29.9967	9.46757	-	-	-	-	G
C50603795      none	B	[O:1]=[CX3:2]([$([NX3H1]C)])!@[NX3H1:3][!#1:4]	-0.000624375	41.1343	-	-	-	-	G
C50603795      none	B	[O:1]=[CX3:2]([$([NX3H1]C)])!@[NX3H1:3][!#1:4]	-0.000675897	41.1343	-	-	-	-	G
C50603795      none	B	[$([CX3]=O):1][NX3H1:2]!@[CX4H2:3][C:4] 	119.999	2.76407	-	-	-	-	O
C50603795      none	B	[!#1:1][CX4:2]!@[CX4:3][!#1:4]	-61.427	12.2558	-	-	-	-	G
C22157421      none	B	[O:1]=[C:2]([O-])!@[CX4H1:3][H:4]	-0.00529471	0.495663	-	-	-	-	O
C22157421      none	B	[$(C=O):1][NX3H1:2]!@[CX4H1:3][H:4]	30.0012	9.46757	-	-	-	-	G
C22157421      none	B	[O:1]=[CX3:2]!@[NX3H1:3][!#1:4]	-0.00198307	63.7893	-	-	-	-	G
C22157421      none	B	[a:1][c:2]!@[C:3]([NH1,NH2])=[O:4]	-29.6794	5.14706	-	-	-	-	O
C22157421      none	B	[aH1:1][c:2]([aH1])!@[SX4:3][!#1:4]	180	0.148054	-	-	-	-	R
C20721188      none	B	[aH0:1][c:2]([aH1])!@[SX4:3][!#1:4]	109.976	1.0568	-	-	-	-	O
C20721188      none	B	[*:1][$(S(=O)=O):2]!@[NX3H0r:3][*:4]	-89.7191	4.88152	-	-	-	-	G
C20721188      none	B	[O:1]=[CX3:2]!@[NX3H0:3][!#1:4]	149.997	1.73707	-	-	-	-	O
C20721188      none	B	[O:1]=[CX3:2]!@[CX3:3]=[O:4]	180	38.5813	-	-	-	-	G
C06846687      none	B	[s:1][c:2]!@[C:3]([NH1])=[O:4]	0.227884	23.0769	-	-	-	-	G
C06846687      none	B	[O:1]=[CX3:2]!@[NX3H1:3][!#1:4]	0.00263963	63.7893	-	-	-	-	G
C06846687      none	B	[*:1]~[NX3:2]!@[NX3:3]~[*:4]	89.9987	3.54776	-	-	-	-	G
C06846687      none	B	[O:1]=[CX3:2]!@[NX3H1:3][!#1:4]	-0.00328258	63.7893	-	-	-	-	G
C06846687      none	B	[O:1]=[CX3:2]([NH1])!@[CH2:3][C:4]	90.0012	2.11706	-	-	-	-	O
C06846687      none	B	[!#1:1][CX4:2]!@[CX4:3][!#1:4]	180	22.1548	-	-	-	-	G
C06846687      none	B	[!#1:1][CX4:2]!@[CX4:3][!#1:4]	60.0073	12.3771	-	-	-	-	G
C06846687      none	B	[C:1][CX4H2:2]!@[CX3:3]=[O:4]	-90.0026	1.15875	-	-	-	-	O
C13276609      none	B	[O:1]=[C:2]([O-])!@[CX4H1:3][H:4]	89.9989	0.86741	-	-	-	-	O
C13276609      none	B	[$(C=O):1][NX3H1:2]!@[CX4H1:3][H:4]	-59.9958	1.23735	-	-	-	-	G
C13276609      none	B	[O:1]=[CX3:2]!@[NX3H1:3][!#1:4]	0.0030356	63.7893	-	-	-	-	G
C13276609      none	B	[cH1:1][c:2]([cH1])!@[C:3]([NH1,NH2])=[O:4]	-153.012	8.78518	-	-	-	-	G
C13276609      none	B	[cH0:1][c:2]([cH,nX2H0])!@[NX3H1:3][CX4:4]	-160.02	4.72103	-	-	-	-	O
C13276609      none	B	[O-:1][N+:2](=O)!@[c:3]([cH0])[cH,nX2H0:4]	90.2479	0.274725	-	-	-	-	O
C13276609      none	B	[!#1:1][CX4H2:2]!@[NX3H1:3][!#1:4]	149.997	1.87295	-	-	-	-	O
C13276609      none	B	[!#1:1][CX4H2:2]!@[CX4H2:3][!#1:4]	-59.9962	3.77933	-	-	-	-	G
C13276609      none	B	[$([CX3]=O):1][NX3H1:2]!@[CX4H2:3][C:4] 	89.9977	7.35439	-	-	-	-	G
C13276609      none	B	[O:1]=[CX3:2]!@[NX3H1:3][!#1:4]	-0.0013653	63.7893	-	-	-	-	G
C39482755      none	B	[cH1:1][c:2]([cH1])!@[O:3][S:4]	89.9908	8.8	-	-	-	-	G
C39482755      none	B	[*:1]~[OX2:2]!@[SX4:3]~[*:4]	40.0136	4.66479	-	-	-	-	G
C39482755      none	B	[aH1:1][c:2]([aH1])!@[SX4:3][!#1:4]	90.3025	12.916	-	-	-	-	G
C39482755      none	B	[$(S(=O)(=O)):1][NH1:2]!@[c:3]([cH1])[cH0:4]	-150.031	9.5057	-	-	-	-	G
C39482755      none	B	[cH0:1][c:2]([cH,nX2H0])!@[NX3H0:3][CX4:4]	90.281	2.06517	-	-	-	-	O
C39482755      none	B	[*:1][$(S(=O)=O):2]!@[NX3H1:3][*:4]	60.0019	8.81913	-	-	-	-	G
C40784243      none	B	[cH1:1][c:2]([cH1])!@[C:3]([NH1,NH2])=[O:4]	-152.973	8.78518	-	-	-	-	G
C40784243      none	B	[O:1]=[CX3:2]!@[NX3H1:3][!#1:4]	-0.000883715	63.7893	-	-	-	-	G
C40784243      none	B	[*:1]~[NX3:2]!@[NX3:3]~[*:4]	120	2.59525	-	-	-	-	G
C40784243      none	B	[a:1][a:2]!@[NX3:3][!#1:4]	-119.999	1.58818	-	-	-	-	O
C40784243      none	B	[cH0:1][c:2]([cH,nX2H0])!@[NX3H0:3][CX4:4]	-89.728	1.8357	-	-	-	-	G
C40784243      none	B	[O:1]=[C:2]([O-])!@[CX4H1:3][H:4]	90.0013	0.86741	-	-	-	-	O
C05103250      none	B	[*:1]~[CX4:2]!@[n:3]~[*:4]	30.0024	3.02094	-	-	-	-	G
C05103250      none	B	[OX2:1][CX4:2]!@[CX4:3][OX2:4]	-59.9998	16.2177	-	-	-	-	G
C51635777      none	B	[aH0:1][c:2]([aH1])!@[SX4:3][!#1:4]	-110.021	1.0568	-	-	-	-	O
C51635777      none	B	[c:1][S:2](=O)(=O)!@[NX2H0-:3]-[*:4]	90.0012	2.77778	-	-	-	-	G
C51635777      none	B	[$(S(=O)(=O)):1][NH0:2]!@[c:3]([cH1])[cH1:4]	-120.28	1.65289	-	-	-	-	G
C54525310      none	B	[a:1][c:2]!@[CX4H1:3][N,O:4]	59.9986	3.42939	-	-	-	-	G
C54525310      none	B	[$(C=O):1][NX3H1:2]!@[CX4H1:3][H:4]	59.999	6.22422	-	-	-	-	G
C54525310      none	B	[O:1]=[CX3:2]([$([NX3H1]C)])!@[NX3H1:3][!#1:4]	-0.00259227	41.1343	-	-	-	-	G
C54525310      none	B	[O:1]=[CX3:2]([$([NX3H1]C)])!@[NX3H1:3][!#1:4]	0.0132082	41.1343	-	-	-	-	G
C54525310      none	B	[$(C=O):1][NX3H1:2]!@[CX4H1:3][H:4]	-30.0107	6.97413	-	-	-	-	G
C54525310      none	B	[!#1:1][CX4:2]!@[CX4:3][!#1:4]	148.619	0.50879	-	-	-	-	O
C54525310      none	B	[O:1]=[C:2]([O-])!@[CX4H1:3][H:4]	0.00755031	0.495663	-	-	-	-	O
C13264088      none	B	[aH0:1][c:2]([aH1])!@[SX4:3][!#1:4]	-65.0049	15.3236	-	-	-	-	G
C13264088      none	B	[*:1][$(S(=O)=O):2]!@[NX3H1:3][*:4]	89.9975	4.90782	-	-	-	-	G
C13264088      none	B	[*:1]~[NX3:2]!@[NX2:3]~[*:4]	119.999	0.129503	-	-	-	-	R
C13264088      none	B	[cH1:1][c:2]([cH1])!@[CX3:3]=[NX2:4]	-149.717	2.34391	-	-	-	-	G
C13264088      none	B	[aH1:1][c:2]([aH1])!@[SX4:3][!#1:4]	110.005	4.92809	-	-	-	-	G
C13264088      none	B	[*:1][$(S(=O)=O):2]!@[NX3H0r:3][*:4]	90.2858	4.85782	-	-	-	-	G
C13264088      none	B	[O:1]=[C:2]([O-])!@[CX4H1:3][H:4]	-0.00427412	0.495663	-	-	-	-	O
C25003248      none	B	[cH0:1][c:2]!@[CX4H1:3][CX4:4]	-119.993	7.57923	-	-	-	-	G
C25003248      none	B	[$(C=O):1][NX3H1:2]!@[CX4H1:3][H:4]	-29.9936	6.97413	-	-	-	-	G
C25003248      none	B	[O:1]=[CX3:2]!@[NX3H1:3][!#1:4]	-0.00297818	63.7893	-	-	-	-	G
C25003248      none	B	[cH0:1][c:2]([cH1])!@[CX3:3]([NX3H1])=[O:4]	-60.0009	2.698	-	-	-	-	G
C25003248      none	B	[a:1][ar6:2]!@[ar5:3][a:4]	30.2447	2.76454	-	-	-	-	G
C25077348      none	B	[$([CX3]=O):1][NX3H1:2]!@[CX4H2:3][C:4] 	-79.9978	8.24284	-	-	-	-	G
C25077348      none	B	[O:1]=[CX3:2]!@[NX3H1:3][!#1:4]	-0.000360413	63.7893	-	-	-	-	G
C25077348      none	B	[a:1][c:2]!@[C:3]([NH1,NH2])=[O:4]	-29.6921	5.14706	-	-	-	-	O
C25077348      none	B	[cH0:1][c:2]([cH0])!@[CX3:3]=[O:4]	-119.999	2.36234	-	-	-	-	G
C25077348      none	B	[*^2:1]~[C^2:2]([!H])!@[C^2:3]~[*^2:4]	60.3237	0.650722	-	-	-	-	O
C25077348      none	B	[$(C=O):1][NX3:2]!@[a:3]([nX2H0])[cH1:4]	0.31502	25.5159	-	-	-	-	G
C25077348      none	B	[a:1][c:2]!@[CX4H1:3][N,O:4]	-56.6718	3.48172	-	-	-	-	G
C50290339      none	B	[C:1][CX4:2]!@[CX3:3]=[O:4]	-119.998	3.42432	-	-	-	-	G
C50290339      none	B	[C:1][CX4:2]!@[CX3:3]=[O:4]	-0.0102996	5.61823	-	-	-	-	G
C50290339      none	B	[O:1]=[CX3:2]!@[NX3H1:3][!#1:4]	0.00425487	63.7893	-	-	-	-	G
C50290339      none	B	[$(C=O):1][NX3H1:2]!@[CX4H1:3][H:4]	-30.0034	6.97413	-	-	-	-	G
C40471480      none	B	[O:1]=[CX3:2]!@[NX3H0:3][!#1:4]	-30.0015	0.692521	-	-	-	-	O
C40471480      none	B	[O:1]=[C:2]([O-])!@[CX4H1:3][H:4]	-0.00106058	0.495663	-	-	-	-	O
C40471480      none	B	[N:1][C:2](=O)!@[CX4H2:3][CX4H2:4]	119.997	5.31335	-	-	-	-	G
C40471480      none	B	[!#1:1][CX4H2:2]!@[CX4H2:3][!#1:4]	-59.9988	3.77933	-	-	-	-	G
C37454712      none	B	[!#1:1][CX4:2]!@[CX4:3][!#1:4]	60.0049	12.3771	-	-	-	-	G
C37454712      none	B	[!#1:1][CX4:2]!@[CX4:3][!#1:4]	159.993	1.81259	-	-	-	-	G
C37454712      none	B	[NH1:1][CX4:2]!@[CX3:3]=[O:4]	120	0.41354	-	-	-	-	G
C37454712      none	B	[$(C=O):1][NX3H1:2]!@[CX4H1:3][H:4]	0.00419711	8.26772	-	-	-	-	G
C37454712      none	B	[O:1]=[CX3:2]!@[NX3H0:3][!#1:4]	-179.7	18.2537	-	-	-	-	G
C37454712      none	B	[O:1]=[C:2]([O-])!@[CX4H1:3][H:4]	0.000760289	0.495663	-	-	-	-	O
C37454712      none	B	[O:1]=[CX3:2]!@[NX3H1:3][!#1:4]	-0.00629803	63.7893	-	-	-	-	G
C31773022      none	B	[O:1]=[C:2]!@[O:3]~[C:4]	0.013878	74.4927	-	-	-	-	G
C31773022      none	B	[$([cH0]!@[*^2]):1][c:2]([cH1])!@[CX3:3]=[O:4]	119.998	1.0199	-	-	-	-	O
C31773022      none	B	[$(S(=O)(=O)):1][NH0:2]!@[c:3]([cH1])[cH0:4]	-90.0083	18.0328	-	-	-	-	G
C31773022      none	B	[c:1][S:2](=O)(=O)!@[NX2H0-:3]-[*:4]	60.0096	8.33333	-	-	-	-	G
C31773022      none	B	[aH1:1][c:2]([aH1])!@[SX4:3][!#1:4]	90.2646	12.916	-	-	-	-	G
C31773022      none	B	[aH1:1][c:2]([aH1])!@[SX4:3][!#1:4]	-89.9976	12.5987	-	-	-	-	G
C31773022      none	B	[H:1][CX4H1:2]!@[SX4:3][!#1:4]	39.9971	6.04113	-	-	-	-	G
C42397171      none	B	[NH1:1][CX4:2]!@[CX3:3]=[O:4]	-119.998	0.275693	-	-	-	-	G
C42397171      none	B	[$(C=O):1][NX3H1:2]!@[CX4H0:3][C:4]	59.9938	13.3187	-	-	-	-	G
C42397171      none	B	[O:1]=[CX3:2]!@[NX3H1:3][!#1:4]	0.00832781	63.7893	-	-	-	-	G
C42397171      none	B	[O:1]=[CX3:2]!@[NX3H0:3][!#1:4]	150.304	1.73707	-	-	-	-	O
C42397171      none	B	[N:1][CX4:2]!@[CX3:3]=[O:4]	-122.905	0.897291	-	-	-	-	G
C42397171      none	B	[O:1]=[CX3:2]!@[NX3H1:3][!#1:4]	0.00475903	63.7893	-	-	-	-	G
C51429727      none	B	[O:1]=[CX3:2]!@[NX3H1:3][!#1:4]	0.00790447	63.7893	-	-	-	-	G
C51429727      none	B	[$(C=O):1][NX3H1:2]!@[c:3]([cH1])[cH1:4]	89.999	0.0402739	-	-	-	-	R
C51429727      none	B	[$(C=O):1][NX3H1:2]!@[c:3]([cH1])[cH1:4]	29.9882	5.05437	-	-	-	-	G
C51429727      none	B	[O:1]=[CX3:2]!@[NX3H1:3][!#1:4]	-0.00947165	63.7893	-	-	-	-	G
C51429727      none	B	[*^2:1]~[C^2:2]([!H])!@[C^2:3]~[*^2:4]	-149.99	1.11601	-	-	-	-	O
C51429727      none	B	[a:1][c:2]!@[CX3:3]=[CX3H0:4]	120.277	3.34694	-	-	-	-	G
C51429727      none	B	[a:1][c:2]!@[CX4H2:3][!#1:4]	135.007	1.69481	-	-	-	-	O
C51429727      none	B	[!#1:1][CX4:2]!@[SX2:3][!#1:4]	-79.9937	6.01214	-	-	-	-	G
C40581472      none	B	[!#1:1][CX4H2:2]!@[CX4H2:3][!#1:4]	179.994	58.554	-	-	-	-	G
C40581472      none	B	[!#1:1][CX4:2]!@[CX4:3][!#1:4]	-160	1.85018	-	-	-	-	G
C40581472      none	B	[NH1:1][CX4:2]!@[CX3:3]=[O:4]	119.996	0.41354	-	-	-	-	G
C40581472      none	B	[$(C=O):1][NX3H1:2]!@[CX4H0:3][C:4]	-60.0082	14.7253	-	-	-	-	G
C40581472      none	B	[O:1]=[CX3:2]([$([NX3H1]C)])!@[NX3H1:3][!#1:4]	-0.0021083	41.1343	-	-	-	-	G
C40581472      none	B	[O:1]=[CX3:2]([$([NX3H1]C)])!@[NX3H1:3][!#1:4]	180	9.5176	-	-	-	-	R
C40581472      none	B	[$(C=O):1][NX3:2]!@[a:3][aH0:4]	-90.0017	3.39746	-	-	-	-	G
C40110649      none	B	[!#1:1][CX4H2:2]!@[CX4H2:3][!#1:4]	179.997	58.554	-	-	-	-	G
C40110649      none	B	[!#1:1][CX4H2:2]!@[CX4H2:3][!#1:4]	-59.9931	3.77933	-	-	-	-	G
C40110649      none	B	[C:1][CX4H2:2]!@[OX2:3][c:4]	179.995	43.8829	-	-	-	-	G
C40110649      none	B	[cH1:1][c:2]([cH1])!@[O:3][C:4]	-179.729	26.896	-	-	-	-	G
C40110649      none	B	[a:1][c:2]!@[CX4H1:3][N,O:4]	121.581	3.12238	-	-	-	-	G
C40110649      none	B	[*^2:1]~[C^2:2]([!H])!@[C^2:3]~[*^2:4]	-150.023	1.11601	-	-	-	-	G
C40110649      none	B	[$([CX3]=O):1][NX3H0:2](C)!@[CX4H2:3][C:4]	120.052	2.74443	-	-	-	-	O
C40110649      none	B	[OX2:1][CX4H2:2]!@[CX4H2:3][Nr:4]	59.9987	18.1373	-	-	-	-	G
C40110649      none	B	[cH1:1][c:2]([cH1])!@[CX3:3]([CX3H0])=[O:4]	90.2698	0	-	-	-	-	R
C40110649      none	B	[aH1:1][c:2]([aH1])!@[SX4:3][!#1:4]	69.9958	5.04089	-	-	-	-	G
C40110649      none	B	[c:1][$(S(=O)=O):2]!@[NX3H0:3][C:4]	60.0047	7.00418	-	-	-	-	G
C37453557      none	B	[O:1]=[CX3:2]!@[NX3H1:3][!#1:4]	0.00672225	63.7893	-	-	-	-	G
C37453557      none	B	[$(C=O):1][NX3H1:2]!@[c:3](s)[n:4]	0.32295	0.574713	-	-	-	-	R
C37453557      none	B	[a:1][c:2]!@[C:3]([NH1,NH2])=[O:4]	120.004	0.644517	-	-	-	-	G
C37453557      none	B	[O:1]=[CX3:2]!@[NX3H1:3][!#1:4]	0.000250976	63.7893	-	-	-	-	G
C37453557      none	B	[$(C=O):1][NX3H1:2]!@[CX4H0:3][C:4]	-60.0037	14.7253	-	-	-	-	G
C37453557      none	B	[NH1:1][CX4:2]!@[CX3:3]=[O:4]	-0.00456998	6.89233	-	-	-	-	G
C58851110      none	B	[O:1]=[CX3:2]!@[NX3H1:3][!#1:4]	-0.00231438	63.7893	-	-	-	-	G
C58851110      none	B	[$(C=O):1][NX3H1:2]!@[c:3]([cH1])[cH1:4]	90.0065	0.0402739	-	-	-	-	R
C58851110      none	B	[cH1:1][c:2]([cH1])!@[C:3]([NH1,NH2])=[O:4]	152.719	9.05971	-	-	-	-	G
C58851110      none	B	[O:1]=[CX3:2]!@[NX3H1:3][!#1:4]	0.00572325	63.7893	-	-	-	-	G
C58851110      none	B	[$(C=O):1][NX3H1:2]!@[CX4H1:3][H:4]	-0.00486775	8.26772	-	-	-	-	G
C58851110      none	B	[!#1:1][CX4:2]!@[CX4:3][!#1:4]	-59.9943	12.2558	-	-	-	-	G
C58851110      none	B	[O:1]=[C:2]([O-])!@[CX4H1:3][H:4]	89.9894	0.86741	-	-	-	-	O
C58851110      none	B	[cH1:1][c:2]([cH1])!@[CX4H2:3][$([CX4H1]C(=O)O):4]	-89.9982	11.5826	-	-	-	-	G
C62847413      none	B	[!#1:1][CX4:2]!@[CX4:3][!#1:4]	-179.927	22.1548	-	-	-	-	G
C62847413      none	B	[C:1][CX4:2]!@[CX3:3]=[O:4]	-0.00395792	5.61823	-	-	-	-	G
C62847413      none	B	[O:1]=[CX3:2]!@[NX3H0:3][!#1:4]	150.005	1.73707	-	-	-	-	O
C62847413      none	B	[O:1]=[CX3:2]!@[NX3H0:3][!#1:4]	150.274	1.73707	-	-	-	-	O
C02784168      none	B	[cH1:1][c:2]([cH1])!@[C:3]([NH1,NH2])=[O:4]	90.0247	0	-	-	-	-	R
C02784168      none	B	[O-:1][N+:2](=O)!@[c:3]([cH0])[cH,nX2H0:4]	90.2506	0.274725	-	-	-	-	O
C02784168      none	B	[O:1]=[CX3:2]!@[NX3H1:3][!#1:4]	0.00549162	63.7893	-	-	-	-	G
C02784168      none	B	[*:1]~[NX3:2]!@[NX3:3]~[*:4]	-150.002	1.86361	-	-	-	-	G
C02784168      none	B	[O:1]=[CX3:2]!@[NX3H1:3][!#1:4]	-0.00212943	63.7893	-	-	-	-	G
C02784168      none	B	[C:1][CX4:2]!@[CX3:3]=[O:4]	-0.422943	5.61823	-	-	-	-	G
C02784168      none	B	[O:1]=[C:2]([O-])!@[CX4H1:3][H:4]	0.000822485	0.495663	-	-	-	-	O
C12583023      none	B	[a:1][c:2]!@[CX4H2:3][a:4]	179.998	2.38722	-	-	-	-	O
C12583023      none	B	[!#1:1][CH2:2]!@[n:3][cH0:4]	-89.6973	15.4696	-	-	-	-	G
C12583023      none	B	[a:1][a:2]!@[NX3:3][!#1:4]	60.2742	1.72297	-	-	-	-	O
C40710014      none	B	[$(C=O):1][NX3H1:2]!@[CX4H1:3][H:4]	0.00529327	8.26772	-	-	-	-	G
C40710014      none	B	[O:1]=[CX3:2]([$([NX3H1]C)])!@[NX3H1:3][!#1:4]	-0.00857364	41.1343	-	-	-	-	G
C40710014      none	B	[O:1]=[CX3:2]([$([NX3H1]C)])!@[NX3H1:3][!#1:4]	180	9.5176	-	-	-	-	R
C40710014      none	B	[$(C=O):1][NX3H1:2]!@[CX4H1:3][H:4]	-29.9968	6.97413	-	-	-	-	G
C40710014      none	B	[!#1:1][CX4:2]!@[CX4:3][!#1:4]	40.0038	0.998355	-	-	-	-	G
C40710014      none	B	[O:1]=[C:2]([O-])!@[CX4H1:3][H:4]	90.0024	0.86741	-	-	-	-	O
C40710014      none	B	[!#1:1][CX4H2:2]!@[CX4H2:3][!#1:4]	179.995	58.554	-	-	-	-	G
C26959746      none	B	[cH0:1][c:2]([cH1])!@[O:3][C:4]	180	48.7454	-	-	-	-	G
C26959746      none	B	[aH1:1][c:2]([aH1])!@[SX4:3][!#1:4]	-90.0049	12.5987	-	-	-	-	G
C26959746      none	B	[O-:1][N+:2](=O)!@[c:3]([cH0])[cH,nX2H0:4]	0.273148	12.6374	-	-	-	-	G
C26959746      none	B	[*:1][$(S(=O)=O):2]!@[NX3H0r:3][*:4]	120.289	1.23223	-	-	-	-	O
C02517028      none	B	[OX2:1][CX4:2]!@[CX4:3][OX2:4]	-76.6808	2.4811	-	-	-	-	G
C52788117      none	B	[a:1][c:2]!@[CX4H2:3][!#1:4]	180	2.35335	-	-	-	-	O
C52788117      none	B	[$(C=O):1][NX3H1:2]!@[CX4H2:3][$([c]([cH,nX2H0])[cH,nX2H0]):4]	90	8.35443	-	-	-	-	G
C52788117      none	B	[O:1]=[CX3:2]([$([NX3H1]C)])!@[NX3H1:3][!#1:4]	-0.00636318	41.1343	-	-	-	-	G
C52788117      none	B	[O:1]=[CX3:2]([$([NX3H1]C)])!@[NX3H1:3][!#1:4]	0.00608389	41.1343	-	-	-	-	G
C52788117      none	B	[$(C=O):1][NX3H1:2]!@[CX4H1:3][H:4]	30.009	9.46757	-	-	-	-	G
C52788117      none	B	[!#1:1][CX4:2]!@[CX4:3][!#1:4]	180	22.1548	-	-	-	-	G
C52788117      none	B	[O:1]=[C:2]([O-])!@[CX4H1:3][H:4]	-0.00317593	0.495663	-	-	-	-	O
C52788117      none	B	[!#1:1][CX4H2:2]!@[CX4H2:3][!#1:4]	180	58.554	-	-	-	-	G
C52788117      none	B	[C:1][CH2:2]!@[O:3][CX4:4]	179.999	35.2689	-	-	-	-	G
CHEMBL223841      none	B	[O:1]=[C:2]([O-])!@[c:3]([cH1])[cH0:4]	90.0027	0	-	-	-	-	R
CHEMBL223841      none	B	[cH0:1][c:2]!@[CX4H2:3][a:4]	44.9963	0.396197	-	-	-	-	R
CHEMBL223841      none	B	[!#1:1][CH2:2]!@[n:3][cH0:4]	-134.732	0.892478	-	-	-	-	R
CHEMBL223841      none	B	[!#1:1][CH2:2]!@[n:3][cH0:4]	-89.7522	15.4696	-	-	-	-	G
CHEMBL223841      none	B	[!#1:1][CX4:2]!@[CX4:3][!#1:4]	-159.993	1.85018	-	-	-	-	G
CHEMBL223841      none	B	[O:1]=[C:2]([O-])!@[CX4H1:3][H:4]	89.999	0.86741	-	-	-	-	O
C52011264      none	B	[$(C=O):1][NX3H1:2]!@[CX4H1:3][H:4]	29.9957	9.46757	-	-	-	-	G
C52011264      none	B	[O:1]=[CX3:2]!@[NX3H1:3][!#1:4]	0.00192683	63.7893	-	-	-	-	G
C52011264      none	B	[O:1]=[CX3:2]!@[NX3H0:3][!#1:4]	-149.727	1.37927	-	-	-	-	O
C52011264      none	B	[O:1]=[C:2]([O-])!@[CX4H1:3][H:4]	89.9954	0.86741	-	-	-	-	O
C19484415      none	B	[$(S(=O)(=O)):1][NH1:2]!@[c:3]([cH1])[cH1:4]	89.9786	1.05932	-	-	-	-	O
C19484415      none	B	[*:1][$(S(=O)=O):2]!@[NX3H1:3][*:4]	-59.9938	9.96512	-	-	-	-	G
C13941994      none	B	[cH1:1][c:2](cO)!@[O:3][C:4]	-89.733	0.35524	-	-	-	-	R
C13941994      none	B	[O-:1][N+:2](=O)!@[c:3]([cH,nX2H0])[cH,nX2H0:4]	179.985	23.2156	-	-	-	-	G
C13941994      none	B	[a:1][c:2]!@[CX3:3]=[CX3H0:4]	60.0023	3.25561	-	-	-	-	G
C13941994      none	B	[$(C=O):1][NX3H0:2]!@[c:3]([cH1])[cH1:4]	-149.713	1.13754	-	-	-	-	G
C42692388      none	B	[$([CX3]=O):1][NX3H0:2](C)!@[CX4H2:3][C:4]	-90.0033	15.9949	-	-	-	-	G
C42692388      none	B	[O:1]=[CX3:2]!@[NX3H0:3][!#1:4]	-149.999	1.37927	-	-	-	-	O
C42692388      none	B	N[C:2](=[O:1])!@[CH2:3][N:4]	180	8.33333	-	-	-	-	G
C42692388      none	B	[O:1]=[CX3:2]!@[NX3H1:3][!#1:4]	-0.00358913	63.7893	-	-	-	-	G
C42692388      none	B	[$(C=O):1][NX3H1:2]!@[CX4H1:3][H:4]	59.9981	6.22422	-	-	-	-	G
C42692388      none	B	[O:1]=[CX3:2]!@[NX3H0:3][!#1:4]	-149.699	1.37927	-	-	-	-	O
C42692388      none	B	[O:1]=[C:2]([O-])!@[CX4H1:3][H:4]	0.00494753	0.495663	-	-	-	-	O
C44241307      none	B	[$(C=O):1][O:2]!@[CH1:3][H:4]	60.0032	0.586008	-	-	-	-	O
C44241307      none	B	[O:1]=[C:2]([N])!@[O:3]~[C:4]	-30.0065	0.243957	-	-	-	-	R
C44241307      none	B	[O:1]=[CX3:2]!@[NX3H0:3][!#1:4]	30.2759	0.680979	-	-	-	-	O
C44241307      none	B	[*:1][$(S(=O)=O):2]!@[NX3H0r:3][*:4]	-89.9989	4.88152	-	-	-	-	G
C43879987      none	B	[NH1:1][CX4:2]!@[CX3:3]=[O:4]	-29.9989	4.44172	-	-	-	-	G
C43879987      none	B	[$(C=O):1][NX3H1:2]!@[CX4H1:3][H:4]	-29.997	6.97413	-	-	-	-	G
C43879987      none	B	[O:1]=[CX3:2]!@[NX3H0:3][!#1:4]	0.00347052	25.0866	-	-	-	-	G
C43879987      none	B	[O:1]=[CX3:2]([$([NX3H1]C)])!@[NX3H1:3][!#1:4]	-0.00586093	41.1343	-	-	-	-	G
C43879987      none	B	[O:1]=[CX3:2]([$([NX3H1]C)])!@[NX3H1:3][!#1:4]	0.0038271	41.1343	-	-	-	-	G
C43879987      none	B	[$(C=O):1][NX3H1:2]!@[CX4H1:3][H:4]	29.9967	9.46757	-	-	-	-	G
C43879987      none	B	[O:1]=[CX3:2]!@[NX3H0:3][!#1:4]	180	18.2537	-	-	-	-	G
C36976036      none	B	[O:1]=[CX3:2]!@[NX3H0:3][!#1:4]	180	18.2537	-	-	-	-	G
C36976036      none	B	[$([CX3]=O):1][NX3H0:2](C)!@[CX4H2:3][C:4]	-120.006	2.31561	-	-	-	-	O
C36976036      none	B	N[C:2](=[O:1])!@[CH2:3][N:4]	60.0098	0.14881	-	-	-	-	O
C36976036      none	B	[O:1]=[CX3:2]!@[NX3H0:3][!#1:4]	-29.6864	0.692521	-	-	-	-	O
C36976036      none	B	[O:1]=[C:2]([O-])!@[CX4H1:3][H:4]	89.9953	0.86741	-	-	-	-	O
C13263916      none	B	[cH1:1][c:2]([cH1])!@[CX3:3]=[NX2:4]	30.2696	2.39378	-	-	-	-	G
C13263916      none	B	[*:1]~[NX3:2]!@[NX2:3]~[*:4]	180	29.4914	-	-	-	-	G
C13263916      none	B	[O:1]=[CX3:2]!@[NX3H1:3][!#1:4]	0.000183111	63.7893	-	-	-	-	G
C13263916      none	B	[cH1:1][c:2]([cH1])!@[C:3]([NH1,NH2])=[O:4]	-153.009	8.78518	-	-	-	-	G
C13263916      none	B	[O-:1][N+:2](=O)!@[c:3]([cH,nX2H0])[cH,nX2H0:4]	-179.723	23.2156	-	-	-	-	G
C13263916      none	B	[aH1:1][c:2]([aH1])!@[SX4:3][!#1:4]	110.001	4.92809	-	-	-	-	G
C13263916      none	B	[*:1][$(S(=O)=O):2]!@[NX3H0r:3][*:4]	-59.7317	8.17536	-	-	-	-	O
C13263916      none	B	[O:1]=[C:2]([O-])!@[CX4H1:3][H:4]	90.003	0.86741	-	-	-	-	O
C22062433      none	B	[O:1]=[CX3:2]!@[NX3H1:3][!#1:4]	-0.00402	63.7893	-	-	-	-	G
C22062433      none	B	[$(C=O):1][NX3H1:2]!@[CX4H1:3][H:4]	29.9967	9.46757	-	-	-	-	G
C22062433      none	B	[OX2:1][CX4:2]!@[CX4:3][OX2:4]	-179.939	13.4277	-	-	-	-	G
C22062433      none	B	[H:1][CX4H1:2]!@[O:3][CX4:4]	40.0255	11.9906	-	-	-	-	O
C15937616      none	B	[O-:1][N+:2](=O)!@[c:3]([cH0])[cH0:4]	-0.0453429	4.36992	-	-	-	-	G
C15937616      none	B	[!#1:1][CH2:2]!@[n:3][cH0:4]	179.999	0.148746	-	-	-	-	R
C15937616      none	B	[!#1:1][CX4:2]!@[SX3:3][!#1:4]	163.094	2.24239	-	-	-	-	G
C15937616      none	B	[!#1:1][CX4:2]!@[SX3:3][!#1:4]	39.9983	0.480513	-	-	-	-	G
C15937616      none	B	[!#1:1][CX4H2:2]!@[CX3:3]=[O:4]	120.002	0.613497	-	-	-	-	G
C62916102      none	B	[C:1][CX4:2]!@[CX3:3]=[O:4]	90.0019	3.65147	-	-	-	-	G
C62916102      none	B	[O:1]=[CX3:2](a)!@[NX3H0:3][!#1:4]	180	9.67842	-	-	-	-	G
C62916102      none	B	[a:1][c:2]!@[C:3]([NH0])=[O:4]	90.2716	2.88889	-	-	-	-	G
C37586417      none	B	[!#1:1][CX4:2]!@[CX4:3][!#1:4]	-59.997	12.2558	-	-	-	-	G
C37586417      none	B	[!#1:1][CX4:2]!@[CX4:3][!#1:4]	180	22.1548	-	-	-	-	G
C37586417      none	B	[NH1:1][CX4:2]!@[CX3:3]=[O:4]	-60.0058	1.73074	-	-	-	-	O
C37586417      none	B	[$(C=O):1][NX3H1:2]!@[CX4H1:3][H:4]	-0.00651749	8.26772	-	-	-	-	G
C37586417      none	B	[O:1]=[CX3:2]!@[NX3H0:3][!#1:4]	-29.9974	0.692521	-	-	-	-	O
C37586417      none	B	[$([CX3]=O):1][NX3H0:2](C)!@[CX4H2:3][C:4]	59.9965	0.600343	-	-	-	-	O
C37586417      none	B	[$(C=O):1][NX3H0:2]!@[CX4H1:3][H:4]	-3.97626	15.8824	-	-	-	-	G
C37586417      none	B	[N:1][CX4:2]!@[CX3:3]=[O:4]	-120.005	0.897291	-	-	-	-	G
C37586417      none	B	[O:1]=[CX3:2]!@[NX3H1:3][!#1:4]	0.00817458	63.7893	-	-	-	-	G
C13054442      none	B	[$(C=O):1][NX3H1:2]!@[CX4H1:3][H:4]	0.00716971	8.26772	-	-	-	-	G
C13054442      none	B	[O:1]=[CX3:2]([$([NX3H1]C)])!@[NX3H1:3][!#1:4]	0.000727875	41.1343	-	-	-	-	G
C13054442      none	B	[O:1]=[C:2]([NH1])!@[NX3H1:3](C=O)[H:4]	-0.0034851	58.9474	-	-	-	-	G
C13054442      none	B	[O:1]=[C:2]!@[NX3H1:3](C=O)[H:4]	179.998	35.6725	-	-	-	-	G
C13054442      none	B	[OX2:1][CX4H2:2]!@[CX3:3]([$([NX3H1,NX3H2])])=[O:4]	119.998	0	-	-	-	-	R
C13054442      none	B	[C:1][CX4H2:2]!@[OX2:3][c:4]	119.997	0.336913	-	-	-	-	R
C13054442      none	B	[cH0:1][c:2]([cH1])!@[O:3][C:4]	-120.27	0.327297	-	-	-	-	R
C13054442      none	B	[O:1]=[C:2]([O-])!@[c:3]([cH1])[cH1:4]	179.974	7.35294	-	-	-	-	G
C13054442      none	B	[O-:1][N+:2](=O)!@[c:3]([cH0])[cH,nX2H0:4]	0.245836	12.6374	-	-	-	-	G
C13028451      none	B	[O:1]=[C:2]!@[O:3]~[C:4]	-0.00276389	74.4927	-	-	-	-	G
C13028451      none	B	[cH1:1][c:2]([cH1])!@[CX3:3]=[O:4]	150.297	3.28558	-	-	-	-	G
C13028451      none	B	[cH1:1][c:2]([cH1])!@[CX3:3]=[O:4]	179.992	13.4921	-	-	-	-	G
C13028451      none	B	[aH1:1][c:2]([aH1])!@[SX4:3][!#1:4]	89.9992	12.916	-	-	-	-	G
C13028451      none	B	[*:1][$(S(=O)=O):2]!@[NX3H0r:3][*:4]	-89.6905	4.88152	-	-	-	-	G
C13028451      none	B	[O:1]=[C:2]([O-])!@[CX4H1:3][H:4]	0.00461641	0.495663	-	-	-	-	O
C13028451      none	B	[O:1]=[C:2]!@[O:3]~[C:4]	-0.00849022	74.4927	-	-	-	-	G
C40595107      none	B	[$(C=O):1][O:2]!@[CH2:3]~[C:4]	90.0002	4.53893	-	-	-	-	G
C40595107      none	B	[O:1]=[C:2]!@[O:3]~[C:4]	-0.00945529	74.4927	-	-	-	-	G
C40595107      none	B	[NH1:1][CX4:2]!@[CX3:3]=[O:4]	150.006	9.89432	-	-	-	-	G
C40595107      none	B	[$([CX3]=O):1][NX3H1:2]!@[CX4H2:3][C:4] 	-119.999	2.61599	-	-	-	-	O
C40595107      none	B	[O:1]=[CX3:2]!@[NX3H1:3][!#1:4]	0.00552684	63.7893	-	-	-	-	G
C40595107      none	B	[O:1]=[CX3:2]!@[NX3H0:3][!#1:4]	-179.683	18.2537	-	-	-	-	G
C40595107      none	B	[O:1]=[C:2]([O-])!@[CX4H1:3][H:4]	0.00549805	0.495663	-	-	-	-	O
C50922679      none	B	[O:1]=[CX3:2]!@[NX3H0:3][!#1:4]	30.0069	0.680979	-	-	-	-	O
C50922679      none	B	[!#1:1][CX4:2]!@[CX4:3][!#1:4]	-80.0039	1.71775	-	-	-	-	G
C50922679      none	B	[!#1:1][CX4H2:2]!@[CX4H2:3][!#1:4]	180	58.554	-	-	-	-	G
C50922679      none	B	[C:1][CX4H2:2]!@[CX3:3]=[O:4]	119.995	0.695249	-	-	-	-	O
C50922679      none	B	[N:1][C:2](=O)!@[CX4H2:3][CX4H2:4]	150.001	4.76839	-	-	-	-	G
C50922679      none	B	[!#1:1][CX4H2:2]!@[CX4H2:3][!#1:4]	180	58.554	-	-	-	-	G
C50922679      none	B	[!#1:1][CX4:2]!@[SX2:3][!#1:4]	79.9989	6.41197	-	-	-	-	G
C50922679      none	B	[!#1:1][CX4:2]!@[SX2:3][!#1:4]	59.999	7.53739	-	-	-	-	G
C50922679      none	B	[!#1:1][CX4H2:2]!@[CX3:3]=[O:4]	59.9993	1.20812	-	-	-	-	G
C63009376      none	B	[$(C=O):1][NX3H1:2]!@[c:3]([cH0]F)[cH:4]	0.00486539	14.0351	-	-	-	-	G
C63009376      none	B	[O:1]=[C:2]([O-])!@[c:3]([cH1])[cH1:4]	-179.95	7.35294	-	-	-	-	G
C63009376      none	B	[O:1]=[CX3:2]!@[NX3H1:3][!#1:4]	59.9999	0	-	-	-	-	R
C63009376      none	B	[O:1]=[CX3:2]!@[NX3H0:3][!#1:4]	0.310885	25.0866	-	-	-	-	G
C63009376      none	B	[OX2:1][CX4:2]!@[CX4:3][N:4]	-80.0022	3.59551	-	-	-	-	G
C39884149      none	B	[a:1][c:2]!@[CX4H1:3][a:4]	-120.539	3.10876	-	-	-	-	G
C39884149      none	B	[!#1:1][CH2:2]!@[n:3][cH0:4]	135.004	0.318742	-	-	-	-	R
C39884149      none	B	[!#1:1][CX4H2:2]!@[CX3:3]=[O:4]	119.997	0.613497	-	-	-	-	G
C39884149      none	B	[O:1]=[CX3:2]!@[NX3H0:3][!#1:4]	150.272	1.73707	-	-	-	-	O
C04302674      none	-	-	-	-	-	-	-	-	-
C22508514      none	B	[$(S(=O)(=O)):1][NH0:2]!@[c:3]([cH1])[cH0:4]	89.9795	13.1148	-	-	-	-	G
C22508514      none	B	[cH0:1][c:2]([cH1])!@[CX3:3]([NX3H1])=[O:4]	-150.005	1.39252	-	-	-	-	G
C22508514      none	B	[O:1]=[CX3:2]!@[NX3H1:3][!#1:4]	-0.000432646	63.7893	-	-	-	-	G
C22508514      none	B	[$(C=O):1][NX3H1:2]!@[CX4H2:3][$([c]([cH,nX2H0])[cH,nX2H0]):4]	179.997	3.5443	-	-	-	-	G
C22508514      none	B	[a:1][c:2]!@[CX4H2:3][!#1:4]	-179.692	2.35335	-	-	-	-	O
C22508514      none	B	[c:1][c:2]!@[c:3][s,o,nX3H1:4]	-179.669	12.4984	-	-	-	-	G
C22508514      none	B	[c:1][S:2](=O)(=O)!@[NX2H0-:3]-[*:4]	89.9942	2.77778	-	-	-	-	G
C22508514      none	B	[aH0:1][c:2]([aH1])!@[SX4:3][!#1:4]	-90.3312	5.01982	-	-	-	-	O
C50430558      none	B	[cH1:1][a:2]([cH0])!@[a:3]([cH0])[cH0:4]	60.2656	2.11706	-	-	-	-	O
C50430558      none	B	[cH1:1][a:2]([cH1])!@[a:3]([sX2,o,nX2H0,nX3H1:4])	30.2477	3.22279	-	-	-	-	O
C40531898      none	B	[!#1:1][CX4:2]!@[CX4:3][!#1:4]	160	1.81259	-	-	-	-	G
C40531898      none	B	[$([CX3]=O):1][NX3H1:2]!@[CX4H2:3][C:4] 	90.0006	7.35439	-	-	-	-	G
C40531898      none	B	[O:1]=[CX3:2]([$([NX3H1]C)])!@[NX3H1:3][!#1:4]	0.00592931	41.1343	-	-	-	-	G
C40531898      none	B	[O:1]=[CX3:2]([$([NX3H1]C)])!@[NX3H1:3][!#1:4]	-0.0121005	41.1343	-	-	-	-	G
C40531898      none	B	[$(C=O):1][NX3H1:2]!@[CX4H1:3][H:4]	-179.989	0.712411	-	-	-	-	R
C40531898      none	B	[OX2:1][CX4:2]!@[CX4:3][N:4]	-39.9919	1.41573	-	-	-	-	G
C40531898      none	B	[O:1]=[C:2]([O-])!@[CX4H1:3][H:4]	89.9984	0.86741	-	-	-	-	O
C62430800      none	B	[O:1]=[C:2]([O-])!@[CX4H1:3][H:4]	-0.0120532	0.495663	-	-	-	-	O
C62430800      none	B	[$(S(=O)(=O)):1][NX3H1:2]!@[CX4H1:3][H:4]	-59.9925	0.736648	-	-	-	-	G
C62430800      none	B	[c:1][$(S(=O)=O):2]!@[NX3H1:3][C:4]	59.9961	14.5215	-	-	-	-	G
C62430800      none	B	[aH1:1][c:2]([aH1])!@[SX4:3][!#1:4]	90.2813	12.916	-	-	-	-	G
C48916665      none	B	[!#1:1][CX4:2]!@[CX4:3][!#1:4]	179.478	22.1548	-	-	-	-	G
C48916665      none	B	[*:1][$(S(=O)=O):2]!@[NX3H0r:3][*:4]	-119.995	0.995261	-	-	-	-	G
C48916665      none	B	[aH1:1][c:2]([aH1])!@[SX4:3][!#1:4]	-149.721	0.324309	-	-	-	-	R
C48916665      none	B	[a:1][a:2]!@[NX3:3][!#1:4]	-29.9988	1.93298	-	-	-	-	O
C33520164      none	B	[!#1:1][CX4:2]!@[CX4:3][!#1:4]	180	22.1548	-	-	-	-	G
C33520164      none	B	[O:1]=[C:2]([O-])!@[CX4H1:3][H:4]	89.9962	0.86741	-	-	-	-	O
C33520164      none	B	[$(C=O):1][NX3H1:2]!@[CX4H1:3][H:4]	29.9986	9.46757	-	-	-	-	G
C33520164      none	B	[O:1]=[CX3:2]!@[NX3H1:3][!#1:4]	0.00550049	63.7893	-	-	-	-	G
C33520164      none	B	[$([c]([NH1,NH2])):1][c:2]!@[CX3:3]([!O])=[O:4]	-29.9949	6.35359	-	-	-	-	G
C33520164      none	B	[$([C](=O)):1][NX3:2]!@[a:3](s)[a:4]	180	61.7021	-	-	-	-	G
C33520164      none	B	[O:1]=[CX3:2]!@[NX3H1:3][!#1:4]	-0.00196532	63.7893	-	-	-	-	G
C02537572      none	B	[*:1]~[CX4:2]!@[n:3]~[*:4]	-29.9931	3.02285	-	-	-	-	G
C02537572      none	B	[C:1][CX4:2]!@[CX3:3]=[O:4]	-30.0048	3.42621	-	-	-	-	G
C02537572      none	B	[O:1]=[CX3:2]!@[NX3H1:3][!#1:4]	0.00351632	63.7893	-	-	-	-	G
C62721774      none	B	[O:1]=[CX3:2]!@[NX3H1:3][!#1:4]	-0.00363374	63.7893	-	-	-	-	G
C62721774      none	B	[$(C=O):1][NX3H1:2]!@[CX4H1:3][H:4]	-32.0037	6.97413	-	-	-	-	G
C62721774      none	B	[OX2:1][CX4:2]!@[CX4:3][N:4]	-79.9994	3.59551	-	-	-	-	G
C62721774      none	B	[$(C=O):1][NX3H1:2]!@[CX4H1:3][H:4]	180	0.712411	-	-	-	-	R
C62721774      none	B	[OX2:1][CX4:2]!@[CX4:3][OX2:4]	-59.9934	16.2177	-	-	-	-	G
C62721774      none	B	[OX2:1][CX4:2]!@[CX4:3][OX2:4]	-60.0069	16.2177	-	-	-	-	G
C62721774      none	B	[O:1]=[CX3:2]!@[NX3H1:3][!#1:4]	0.00846334	63.7893	-	-	-	-	G
C50603996      none	B	[!#1:1][CX4:2]!@[CX4:3][!#1:4]	-59.9983	12.2558	-	-	-	-	G
C50603996      none	B	[$([CX3]=O):1][NX3H1:2]!@[CX4H2:3][C:4] 	149.998	1.43139	-	-	-	-	O
C50603996      none	B	[O:1]=[CX3:2]!@[NX3H1:3][!#1:4]	-0.00133815	63.7893	-	-	-	-	G
C50603996      none	B	[O:1]=[CX3:2]!@[NX3H0:3][!#1:4]	0.313683	25.0866	-	-	-	-	G
C50603996      none	B	[O:1]=[C:2]([O-])!@[CX4H1:3][H:4]	89.9919	0.86741	-	-	-	-	O
C36970737      none	B	[aH1:1][c:2]([aH1])!@[SX4:3][!#1:4]	-0.012392	0.126904	-	-	-	-	R
C36970737      none	B	[a:1][c:2]!@[C:3]([NH0])=[O:4]	60.0027	3.02778	-	-	-	-	G
C36970737      none	B	[O:1]=[CX3:2](a)!@[NX3H0:3][!#1:4]	0.324239	23.6549	-	-	-	-	G
C36970737      none	B	[O:1]=[C:2]([O-])!@[CX4H1:3][H:4]	-0.00183764	0.495663	-	-	-	-	O
C37431546      none	B	[a:1][a:2]!@[CX3:3]=[CX3H1:4]	-89.9978	0.364605	-	-	-	-	O
C37431546      none	B	[*^2:1]~[C^2:2]([!H])!@[C^2:3]~[*^2:4]	-149.999	1.11601	-	-	-	-	G
C37431546      none	B	[O:1]=[CX3:2]!@[NX3H1:3][!#1:4]	-0.000952266	63.7893	-	-	-	-	G
C37431546      none	B	[$(C=O):1][NX3H1:2]!@[CX4H1:3][H:4]	30.0015	9.46757	-	-	-	-	G
C37431546      none	B	[OX2:1][CX4:2]!@[CX4:3][N:4]	40.0006	1.66292	-	-	-	-	G
C37431546      none	B	[O:1]=[C:2]([O-])!@[CX4H1:3][H:4]	-0.00637619	0.495663	-	-	-	-	O
C48865967      none	B	[$(C=O):1][NX3H0:2]!@[c:3]([cH1])[cH1:4]	60.0084	4.89486	-	-	-	-	G
C48865967      none	B	[$(C=O):1][NX3H0:2]!@[CX4H2:3][!#1:4]	120.002	3.3859	-	-	-	-	G
C48865967      none	B	[O:1]=[C:2]!@[NX3H0:3]([a:4])[A]	-149.989	3.17023	-	-	-	-	O
C48865967      none	B	[N:1][CX4:2]!@[CX3:3]=[O:4]	120.015	0.766617	-	-	-	-	G
C48865967      none	B	[O:1]=[CX3:2]!@[NX3H0:3][!#1:4]	30.3133	0.680979	-	-	-	-	O
C48865967      none	B	[OX2:1][CX4:2]!@[CX4:3][N:4]	39.9985	1.66292	-	-	-	-	G
C40325403      none	B	[O:1]=[CX3:2]!@[NX3H1:3][!#1:4]	0.00682391	63.7893	-	-	-	-	G
C40325403      none	B	[N:1][CX4:2]!@[CX3:3]=[O:4]	0.562021	7.55292	-	-	-	-	G
C40325403      none	B	[O:1]=[CX3:2]!@[NX3H0:3][!#1:4]	-149.996	1.37927	-	-	-	-	O
C40325403      none	B	[!#1:1][CX4H2:2]!@[CX3:3]=[O:4]	-59.9941	1.45352	-	-	-	-	G
C40325403      none	B	[!#1:1][CH2:2]!@[n:3][a:4]	-44.6907	0.361056	-	-	-	-	O
C37838797      none	B	[O:1]=[C:2]([O-])!@[CX4H1:3][H:4]	0.00620721	0.495663	-	-	-	-	O
C37838797      none	B	[*:1][$(S(=O)=O):2]!@[NX3H0r:3][*:4]	-90.0028	4.88152	-	-	-	-	G
C37838797      none	B	[*:1][$(S(=O)=O):2]!@[NX3H0:3][*:4]	60.0037	6.8916	-	-	-	-	G
C37838797      none	B	[$(S(=O)(=O)):1][NX3H0:2]!@[CX4H2:3][!#1:4]	90.0004	6.68103	-	-	-	-	G
C37838797      none	B	[$(S(=O)(=O)):1][NX3H0:2]!@[CX4H2:3][!#1:4]	-60.001	0	-	-	-	-	R
C37838797      none	B	[OX2:1][CX4H2:2]!@[CX4H2:3][N:4]	59.9923	17.6955	-	-	-	-	G
C37838797      none	B	[OX2:1][CX4H2:2]!@[CX4H2:3][N:4]	179.997	8.36763	-	-	-	-	G
C13013580      none	B	[O:1]=[C:2]([O-])!@[CX4H1:3][H:4]	0.00508399	0.495663	-	-	-	-	O
C13013580      none	B	[$(S(=O)(=O)):1][NX3H1:2]!@[CX4H1:3][H:4]	59.9982	1.10497	-	-	-	-	G
C13013580      none	B	[c:1][$(S(=O)=O):2]!@[NX3H1:3][C:4]	60.0019	14.5215	-	-	-	-	G
C13013580      none	B	[aH1:1][c:2]([aH1])!@[SX4:3][!#1:4]	-89.7285	12.5987	-	-	-	-	G
C13013580      none	B	[cH1:1][c:2]([cH1])!@[CX3:3]=[NX2:4]	180	13.9437	-	-	-	-	G
C13013580      none	B	[*:1]~[NX3:2]!@[NX2:3]~[*:4]	-150.001	0.364964	-	-	-	-	O
C13013580      none	B	[O:1]=[CX3:2]!@[NX3H1:3][!#1:4]	0.00595785	63.7893	-	-	-	-	G
C13013580      none	B	[a:1][c:2]!@[C:3]([NH1,NH2])=[O:4]	-179.694	9.31373	-	-	-	-	G
C05290511      none	B	[!#1:1][CX4:2]!@[CX4:3][!#1:4]	59.9968	12.3771	-	-	-	-	G
C05290511      none	B	[C:1][CX4:2]!@[CX3:3]=[O:4]	60.0067	2.38699	-	-	-	-	G
C05290511      none	B	[C:1][CX4:2]!@[CX3:3]=[O:4]	30.0069	3.28614	-	-	-	-	G
C04718527      none	B	[O-:1][N+:2](=O)!@[c:3]([cH,nX2H0])[cH,nX2H0:4]	179.982	23.2156	-	-	-	-	G
C04718527      none	B	[a:1][c:2]!@[CX4H1:3][N,O:4]	121.821	3.12238	-	-	-	-	G
C04718527      none	B	[O-:1][N+:2](=O)!@[c:3]([cH0])[cH,nX2H0:4]	90.0206	0.274725	-	-	-	-	O
C04718527      none	B	[O:1]=[C:2]([O-])!@[c:3]([cH1])[$([cH0][NH1,NH2]):4]	0.0133166	10	-	-	-	-	G
C15953217      none	B	[*:1]~[NX2:2]!@[NX2:3]~[*:4]	90.0036	0.0898069	-	-	-	-	R
C15953217      none	B	[*:1]~[CX3:2]!@[NX2:3]~[*:4]	-119.67	0.122371	-	-	-	-	G
C15953217      none	B	[!#1:1][CX4:2]!@[CX4:3][!#1:4]	79.9973	1.75235	-	-	-	-	G
C15953217      none	B	[O:1]=[CX3:2]([NH1])!@[CH2:3][C:4]	30.0087	5.10585	-	-	-	-	G
C15953217      none	B	[O:1]=[C:2]!@[NX3H1:3](C=O)[H:4]	179.996	35.6725	-	-	-	-	G
C15953217      none	B	[O:1]=[C:2]!@[NX3H1:3](C=O)[H:4]	-0.00318618	23.6842	-	-	-	-	G
C12342513      none	B	[OX2:1][CX4:2]!@[CX4:3][N:4]	179.994	9.8427	-	-	-	-	G
C12342513      none	B	[!#1:1][CX4H2:2]!@[NX3H1:3][!#1:4]	-39.9952	0	-	-	-	-	R
C12342513      none	B	[a:1][a:2]!@[NX3:3][!#1:4]	-19.6975	2.52019	-	-	-	-	G
C35686120      none	B	[$(S(=O)(=O)):1][NH0:2]!@[c:3]([cH1])[cH1:4]	-120.027	1.65289	-	-	-	-	G
C35686120      none	B	[aH1:1][c:2]([aH1])!@[SX4:3][!#1:4]	90.0036	12.916	-	-	-	-	G
C35686120      none	B	[c:1][S:2](=O)(=O)!@[NX2H0-:3]-[*:4]	-90.0003	2.77778	-	-	-	-	G
C35686120      none	B	[aH0:1][c:2]([aH1])!@[SX4:3][!#1:4]	-70.27	15.3236	-	-	-	-	G
C35686120      none	B	[O-:1][N+:2](=O)!@[c:3]([cH,nX2H0])[cH,nX2H0:4]	179.972	23.2156	-	-	-	-	G
C40521891      none	B	[NH1:1][CX4:2]!@[CX3:3]=[O:4]	123.135	0.41354	-	-	-	-	G
C40521891      none	B	[$(C=O):1][NX3H1:2]!@[CX4H0:3][C:4]	59.9989	13.3187	-	-	-	-	G
C40521891      none	B	[O:1]=[CX3:2]!@[NX3H1:3][!#1:4]	0.00399356	63.7893	-	-	-	-	G
C40521891      none	B	[O:1]=[CX3:2]!@[NX3H0:3][!#1:4]	-149.725	1.37927	-	-	-	-	O
C40521891      none	B	[C:1][CX4:2]!@[CX3:3]=[O:4]	-120.038	3.42432	-	-	-	-	G
C40546559      none	B	[O:1]=[C:2]!@[NX3H0:3]([a:4])[A]	30.0275	0.827016	-	-	-	-	O
C40546559      none	B	[O:1]=[CX3:2]!@[NX3H1:3][!#1:4]	-0.00100856	63.7893	-	-	-	-	G
C40546559      none	B	[$([CX3]=O):1][NX3H1:2]!@[CX4H2:3][C:4] 	89.9942	7.35439	-	-	-	-	G
C40546559      none	B	[!#1:1][CX4H2:2]!@[CX4H2:3][!#1:4]	180	58.554	-	-	-	-	G
C40546559      none	B	[C:1][CX4H2:2]!@[CX3:3]=[O:4]	-119.981	0.79457	-	-	-	-	O
C40535422      none	B	[OX2:1][CX4:2]!@[CX4:3][N:4]	-80.0004	3.59551	-	-	-	-	G
C40535422      none	B	[$(C=O):1][NX3H1:2]!@[CX4H1:3][H:4]	-29.9989	6.97413	-	-	-	-	G
C40535422      none	B	[C:1][CH2:2]!@[O:3][CX4:4]	180	35.2689	-	-	-	-	G
C40535422      none	B	[O:1]=[CX3:2]([$([NX3H1]C)])!@[NX3H1:3][!#1:4]	0.00148197	41.1343	-	-	-	-	G
C40535422      none	B	[O:1]=[CX3:2]([$([NX3H1]C)])!@[NX3H1:3][!#1:4]	179.997	9.5176	-	-	-	-	R
C40535422      none	B	[$(C=O):1][NX3H1:2]!@[c:3]([cH1])[cH1:4]	-89.9921	0.0604108	-	-	-	-	R
C40535422      none	B	[O:1]=[C:2]([O-])!@[c:3]([cH1])[cH0:4]	0.000368291	8.88889	-	-	-	-	G
C04223090      none	B	[!#1:1][CX4:2]!@[CX4:3][!#1:4]	-160	1.85018	-	-	-	-	G
C04223090      none	B	[O:1]=[CX3:2]([NH1])!@[CH2:3][C:4]	-1.88391e-05	11.7061	-	-	-	-	G
C04223090      none	B	[O:1]=[CX3:2]!@[NX3H1:3][!#1:4]	-0.00259342	63.7893	-	-	-	-	G
C04223090      none	B	[$([CX3]=O):1][NX3H1:2]!@[CX4H2:3][C:4] 	90.0028	7.35439	-	-	-	-	G
C04223090      none	B	[!#1:1][CX4H2:2]!@[CX4H2:3][!#1:4]	180	58.554	-	-	-	-	G
C04223090      none	B	[C:1][CX4H2:2]!@[CX3:3]=[O:4]	120.003	0.695249	-	-	-	-	O
C44887647      none	B	[a:1][c:2]!@[CX4H1:3][N,O:4]	-90.0066	1.29082	-	-	-	-	G
C44887647      none	B	[$(C=O):1][NX3H1:2]!@[CX4H1:3][H:4]	-32.0033	6.97413	-	-	-	-	G
C44887647      none	B	[O:1]=[CX3:2]!@[NX3H1:3][!#1:4]	-0.000316481	63.7893	-	-	-	-	G
C44887647      none	B	[NH1:1][CX4:2]!@[CX3:3]=[O:4]	-150.007	4.5183	-	-	-	-	G
C44887647      none	B	[$(C=O):1][NX3H1:2]!@[CX4H1:3][H:4]	179.991	0.712411	-	-	-	-	R
C44887647      none	B	[O:1]=[CX3:2]!@[NX3H1:3][!#1:4]	0.00335366	63.7893	-	-	-	-	G
C19933754      none	B	[a:1][c:2]!@[CX4H2:3][!#1:4]	-134.997	2.0362	-	-	-	-	O
C19933754      none	B	[a:1][ar5:2]!@[ar5:3][a:4]	-149.702	1.24046	-	-	-	-	O
C19933754      none	B	[!#1:1][CX4H2:2]!@[NX3;"N_lp":3][!#1:4]	-156.358	6.28481	-	-	-	-	G
C54431839      none	B	[O:1]=[CX3:2](a)!@[NX3H0:3][!#1:4]	0.00444622	23.6549	-	-	-	-	G
C54431839      none	B	[O:1]=[C:2]([O-])!@[CX4H1:3][H:4]	90.0011	0.86741	-	-	-	-	O
C54431839      none	B	[$([c]([NH1,NH2])):1][c:2]!@[CX3:3]([!O])=[O:4]	-89.6906	0	-	-	-	-	R
C62844834      none	B	[!#1:1][CX4:2]!@[CX4:3][!#1:4]	59.9357	12.3771	-	-	-	-	G
C62844834      none	B	[C:1][CX4:2]!@[CX3:3]=[O:4]	-0.00603363	5.61823	-	-	-	-	G
C62844834      none	B	[O:1]=[CX3:2](a)!@[NX3H0:3][!#1:4]	180	9.67842	-	-	-	-	G
C62844834      none	B	[a:1][c:2]!@[C:3]([NH0])=[O:4]	90.2815	2.88889	-	-	-	-	G
C62844834      none	B	[O-:1][N+:2](=O)!@[c:3][a:4]	-6.79676e-05	18.5814	-	-	-	-	G
C66249732      none	B	[cH0:1][c:2]([cH1])!@[O:3][C:4]	-89.9862	0.64732	-	-	-	-	R
C66249732      none	B	[$(S(=O)(=O)):1][N:2]!@[c:3][a:4]	-119.997	1.85547	-	-	-	-	G
C66249732      none	B	[c:1][S:2](=O)(=O)!@[NX2H0-:3]-[*:4]	-59.9939	11.1111	-	-	-	-	G
C66249732      none	B	[aH1:1][c:2]([aH1])!@[SX4:3][!#1:4]	-89.719	12.5987	-	-	-	-	G
C66249732      none	B	[O-:1][N+:2](=O)!@[c:3]([cH0])[cH,nX2H0:4]	0.21967	12.6374	-	-	-	-	G
C62118835      none	B	[!#1:1][CX4:2]!@[SX2:3][!#1:4]	-159.997	3.18377	-	-	-	-	G
C62118835      none	B	[!#1:1][CX4H2:2]!@[CX4H2:3][!#1:4]	59.9952	3.99483	-	-	-	-	G
C62118835      none	B	[!#1:1][CX4:2]!@[CX4:3][!#1:4]	60.0023	12.3771	-	-	-	-	G
C62118835      none	B	[NH1:1][CX4:2]!@[CX3:3]=[O:4]	-89.9929	0.352274	-	-	-	-	R
C62118835      none	B	[$(C=O):1][NX3H1:2]!@[CX4H1:3][H:4]	-29.9999	6.97413	-	-	-	-	G
C62118835      none	B	[O:1]=[CX3:2]!@[NX3H0:3][!#1:4]	-179.694	18.2537	-	-	-	-	G
C62118835      none	B	[O:1]=[C:2]([O-])!@[CX4H1:3][H:4]	-0.0015442	0.495663	-	-	-	-	O
C62118835      none	B	[O:1]=[CX3:2]!@[NX3H1:3][!#1:4]	0.00312409	63.7893	-	-	-	-	G
C64924363      none	B	[cH1:1][c:2]([cH1])!@[O:3][C:4]	0.280635	26.3009	-	-	-	-	G
C64924363      none	B	[cH0:1][c:2]([cH1])!@[O:3][C:4]	89.9919	0.6255	-	-	-	-	R
C64924363      none	B	[$(S(=O)(=O)):1][NH0:2]!@[c:3]([cH1])[cH0:4]	90.0045	13.1148	-	-	-	-	G
C64924363      none	B	[*:1]~[N,n:2]!@[S:3]~[*:4]	-156.151	2.91955	-	-	-	-	G
C64924363      none	B	[!#1:1][CX3:2]!@[SX4:3][!#1:4]	-120.318	1.90217	-	-	-	-	R
C64924363      none	B	[!#1:1][CX4:2]!@[CX3H0:3][!#1:4]	33.2361	1.49834	-	-	-	-	G
C64924363      none	B	[!#1:1][CX4r:2]!@[CX4r:3][!#1:4]	-148.621	1.17794	-	-	-	-	O
C42357539      none	B	[cH0:1][c:2]!@[CX4H2:3][N,O,S:4]	44.9986	3.35731	-	-	-	-	G
C42357539      none	B	[$(C=O):1][NX3H1:2]!@[CX4H2:3][!#1:4]	-150.007	1.65159	-	-	-	-	G
C42357539      none	B	[O:1]=[CX3:2]!@[NX3H1:3][!#1:4]	0.00610906	63.7893	-	-	-	-	G
C42357539      none	B	[O:1]=[CX3:2]!@[NX3H0:3][!#1:4]	0.315215	25.0866	-	-	-	-	G
C42357539      none	B	[H:1][CX4H1:2]!@[O:3][CX4:4]	35.8977	11.9906	-	-	-	-	G
C42357539      none	B	[O:1]=[C:2]([O-])!@[CX4H1:3][H:4]	0.00483167	0.495663	-	-	-	-	O
C40698863      none	B	[aH0:1][c:2]([aH0])!@[SX2:3][!#1:4]	30.0018	0.412584	-	-	-	-	O
C40698863      none	B	[*:1]~[CX4:2]!@[n:3]~[*:4]	98.6217	2.49266	-	-	-	-	G
C40698863      none	B	[!#1:1][CX4:2]!@[SX2:3][!#1:4]	59.9989	7.53739	-	-	-	-	G
C40698863      none	B	[!#1:1][CX4H2:2]!@[CX3:3]=[O:4]	60.0028	1.20812	-	-	-	-	G
C40698863      none	B	[O:1]=[CX3:2]!@[NX3H1:3][!#1:4]	0.00361687	63.7893	-	-	-	-	G
C40698863      none	B	[$(C=O):1][NX3H1:2]!@[CX4H1:3][H:4]	29.9931	9.46757	-	-	-	-	G
C40698863      none	B	[!#1:1][CX4:2]!@[CX4:3][!#1:4]	179.994	22.1548	-	-	-	-	G
C40698863      none	B	[O:1]=[C:2]([O-])!@[CX4H1:3][H:4]	0.0109724	0.495663	-	-	-	-	O
C40698863      none	B	[!#1:1][CX4H2:2]!@[CX4H2:3][!#1:4]	179.997	58.554	-	-	-	-	G
C13469041      none	B	[CX3:1]=[CX3:2]!@[CH2:3][!#1:4]	-90.0026	5.42948	-	-	-	-	G
C13469041      none	B	[$([CX3]=O):1][NX3H1:2]!@[CX4H2:3][C:4] 	120	2.76407	-	-	-	-	O
C13469041      none	B	[O:1]=[CX3:2]!@[NX3H1:3][!#1:4]	0.00273819	63.7893	-	-	-	-	G
C13469041      none	B	[$([c]([NH1,NH2])):1][c:2]!@[CX3:3]([!O])=[O:4]	29.9965	6.90608	-	-	-	-	G
C13469041      none	B	[$(C=O):1][NX3:2]!@[a:3][aH0:4]	149.996	1.842	-	-	-	-	O
C13469041      none	B	[O:1]=[CX3:2]!@[NX3H1:3][!#1:4]	0.00429932	63.7893	-	-	-	-	G
C13469041      none	B	[O:1]=[CX3:2]([NH1])!@[CH2:3][C:4]	-89.9975	1.868	-	-	-	-	O
C13469041      none	B	[!#1:1][CX4:2]!@[CX4:3][!#1:4]	179.999	22.1548	-	-	-	-	G
C13469041      none	B	[C:1][CX4:2]!@[CX3:3]=[O:4]	90.0018	3.65147	-	-	-	-	G
C67447274      none	B	[cH0:1][c:2]!@[CX4H1:3][CX3:4]	89.9938	2.10773	-	-	-	-	O
C67447274      none	B	[O:1]=[C:2]([O-])!@[CX4H1:3][H:4]	-0.00409438	0.495663	-	-	-	-	O
C67447274      none	B	[$(C=O):1][NX3H1:2]!@[CX4H1:3][H:4]	-60.0025	1.23735	-	-	-	-	G
C67447274      none	B	[O:1]=[CX3:2]!@[NX3H1:3][!#1:4]	-0.00653195	63.7893	-	-	-	-	G
C67447274      none	B	[O:1]=[CX3:2]!@[CX4r3:3]!@[!#1:4]	154.327	2.92683	-	-	-	-	O
C67447274      none	B	[cH0:1][c:2]!@[CX4H0:3][CX3:4]	89.7317	1.0989	-	-	-	-	G
C40111795      none	B	[a:1][c:2]!@[CX4H1:3][N,O:4]	28.4227	3.56196	-	-	-	-	G
C40111795      none	B	[*^2:1]~[C^2:2]([!H])!@[C^2:3]~[*^2:4]	119.982	0.806964	-	-	-	-	G
C40111795      none	B	[$([CX3]=O):1][NX3H0:2](C)!@[CX4H2:3][C:4]	-120.033	2.31561	-	-	-	-	O
C40111795      none	B	[OX2:1][CX4H2:2]!@[CX4H2:3][Nr:4]	-59.9927	16.6667	-	-	-	-	G
C40111795      none	B	[cH1:1][c:2]([cH1])!@[CX3:3]([CX3H0])=[O:4]	-29.7126	3.55191	-	-	-	-	G
C40111795      none	B	[aH1:1][c:2]([aH1])!@[SX4:3][!#1:4]	109.999	4.92809	-	-	-	-	G
C40111795      none	B	[*:1][$(S(=O)=O):2]!@[NX3H0r:3][*:4]	60.3203	7.32227	-	-	-	-	G
C40557330      none	B	[O:1]=[CX3:2]!@[NX3H0:3][!#1:4]	-30.002	0.692521	-	-	-	-	O
C40557330      none	B	[!#1:1][CX4:2]!@[CX4:3][!#1:4]	59.9976	12.3771	-	-	-	-	G
C40557330      none	B	[!#1:1][CX4H2:2]!@[CX4H2:3][!#1:4]	60.0043	3.99483	-	-	-	-	G
C40557330      none	B	[O:1]=[CX3:2]!@[NX3H1:3][!#1:4]	-0.00449621	63.7893	-	-	-	-	G
C40557330      none	B	[$([CX3]=O):1][NX3H1:2]!@[CX4H2:3][C:4] 	-89.9961	7.35439	-	-	-	-	G
C40557330      none	B	N[C:2](=[O:1])!@[CH2:3][N:4]	149.998	3.125	-	-	-	-	G
C40557330      none	B	[O:1]=[CX3:2]!@[NX3H1:3][!#1:4]	-0.00169291	63.7893	-	-	-	-	G
C40557330      none	B	[$([CX3]=O):1][NX3H1:2]!@[CX4H2:3][C:4] 	180	6.46594	-	-	-	-	G
C40557330      none	B	[NH1:1][CX4:2]!@[CX3:3]=[O:4]	-90.0019	0.352274	-	-	-	-	R
C39940593      none	B	[C:1][CX4:2]!@[NX3:3][C:4]	32.0928	0.196556	-	-	-	-	R
C39940593      none	B	[OX2:1][CX4:2]!@[CX4:3][OX2:4]	-81.8442	2.4811	-	-	-	-	O
C62313411      none	B	[$(S(=O)(=O)):1][NH0:2]!@[c:3]([cH1])[cH1:4]	-90.0168	17.7686	-	-	-	-	G
C62313411      none	B	[*:1]~[N,n:2]!@[S:3]~[*:4]	-153.968	1.449	-	-	-	-	G
C62313411      none	B	[!#1:1][CX4:2]!@[SX4:3][!#1:4]	60.0044	11.0105	-	-	-	-	G
C62313411      none	B	[!#1:1][CX4H2:2]!@[CX4H2:3][!#1:4]	180	58.554	-	-	-	-	G
C62313411      none	B	[$([CX3]=O):1][NX3H1:2]!@[CX4H2:3][C:4] 	179.999	6.46594	-	-	-	-	G
C62313411      none	B	[O:1]=[CX3:2]([$([NX3H1]C)])!@[NX3H1:3][!#1:4]	-0.00212308	41.1343	-	-	-	-	G
C62313411      none	B	[O:1]=[CX3:2]([$([NX3H1]C)])!@[NX3H1:3][!#1:4]	180	9.5176	-	-	-	-	R
C62313411      none	B	[$(C=O):1][NX3H1:2]!@[CX4H1:3][H:4]	-60.0014	1.23735	-	-	-	-	G
C36977609      none	B	[C:1][CX4:2]!@[CX3:3]=[O:4]	33.7833	3.28614	-	-	-	-	G
C36977609      none	B	[$([CX3]=O):1][NX3H0:2](C)!@[CX4H2:3][C:4]	-150.006	0.0857633	-	-	-	-	R
C36977609      none	B	[O:1]=[CX3:2]!@[NX3H1:3][!#1:4]	-0.00228718	63.7893	-	-	-	-	G
C36977609      none	B	[$(C=O):1][NX3H1:2]!@[CX4H1:3][H:4]	30.0059	9.46757	-	-	-	-	G
C36977609      none	B	[OX2:1][CX4:2]!@[CX4:3][N:4]	59.9996	15.2809	-	-	-	-	G
C36977609      none	B	[O:1]=[C:2]([O-])!@[CX4H1:3][H:4]	90.0057	0.86741	-	-	-	-	O
C52213065      none	B	[NH1:1][CX4:2]!@[CX3:3]=[O:4]	-150.003	4.5183	-	-	-	-	G
C52213065      none	B	[$(C=O):1][NX3H1:2]!@[CX4H0:3][C:4]	180	11.3993	-	-	-	-	G
C52213065      none	B	[O:1]=[CX3:2]([$([NX3H1]C)])!@[NX3H1:3][!#1:4]	-0.00105921	41.1343	-	-	-	-	G
C52213065      none	B	[O:1]=[CX3:2]([$([NX3H1]C)])!@[NX3H1:3][!#1:4]	180	9.5176	-	-	-	-	R
C52213065      none	B	[$(C=O):1][NX3H1:2]!@[CX4H1:3][H:4]	59.9975	6.22422	-	-	-	-	G
C04877047      none	B	[*:1]~[CX4:2]!@[n:3]~[*:4]	-89.9971	3.28413	-	-	-	-	G
C04877047      none	B	[OX2:1][CX4:2]!@[CX4:3][OX2:4]	179.954	13.4277	-	-	-	-	G
C59366304      none	B	[O:1]=[CX3:2]!@[NX3H1:3][!#1:4]	0.000813336	63.7893	-	-	-	-	G
C59366304      none	B	[$([CX3]=O):1][NX3H1:2]!@[CX4H2:3][C:4] 	90.003	7.35439	-	-	-	-	G
C59366304      none	B	[!#1:1][CX4H2:2]!@[CX4H2:3][!#1:4]	59.9933	3.99483	-	-	-	-	G
C59366304      none	B	[CX4:1][CX4H2:2]!@[NX3;"N_lp":3][CX4:4]	145.14	3.55779	-	-	-	-	G
C59366304      none	B	[!#1:1][CX4:2]!@[CX4:3][!#1:4]	-60.0036	12.2558	-	-	-	-	G
C59366304      none	B	[$([CX3]=O):1][NX3H1:2]!@[CX4H2:3][C:4] 	150.006	1.43139	-	-	-	-	O
C59366304      none	B	[O:1]=[CX3:2]!@[NX3H1:3][!#1:4]	-0.0039733	63.7893	-	-	-	-	G
C37675381      none	B	[O:1]=[C:2]([O-])!@[c:3]([cH0])[cH0:4]	-89.9983	0	-	-	-	-	G
C37675381      none	B	[$([C](=O)):1][NX3:2]!@[a:3](s)[a:4]	149.997	0.851064	-	-	-	-	R
C37675381      none	B	[O:1]=[CX3:2]!@[NX3H1:3][!#1:4]	-0.00111088	63.7893	-	-	-	-	G
C37675381      none	B	[s:1][c:2]!@[C:3]([NH1])=[O:4]	150.005	0	-	-	-	-	R
C33745245      none	B	[aH0:1][c:2]([aH1])!@[SX4:3][!#1:4]	69.9783	11.3606	-	-	-	-	G
C33745245      none	B	[O-:1][N+:2](=O)!@[c:3]([cH0])[cH,nX2H0:4]	89.9765	0.274725	-	-	-	-	O
C33745245      none	B	[cH1:1][c:2]([cH1])!@[NX3:3][CX4:4]	120.004	0.904583	-	-	-	-	O
C33745245      none	B	[!#1:1][CX4H1:2]!@[NX3:3][!#1:4]	179.978	2.80076	-	-	-	-	G
C13053991      none	B	[O:1][CX4:2]!@[CX3:3]=[O:4]	150.005	2.2196	-	-	-	-	G
C13053991      none	B	[H:1][CX4H1:2]!@[OX2:3][!#1:4]	29.9926	9.32817	-	-	-	-	G
C13053991      none	B	[O:1]=[CX3:2]!@[NX3H1:3][!#1:4]	-0.000311471	63.7893	-	-	-	-	G
C13053991      none	B	[$(C=O):1][NX3H1:2]!@[c:3]([cH0]Cl)[cH:4]	-29.7244	1.88679	-	-	-	-	G
C13053991      none	B	[O-:1][N+:2](=O)!@[c:3]([cH,nX2H0])[cH,nX2H0:4]	179.978	23.2156	-	-	-	-	G
C13053991      none	B	[cH1,n:1][c:2]!@[O:3][CH1:4]	30.004	3.20388	-	-	-	-	G
C13053991      none	B	[O:1]=[C:2]([O-])!@[c:3]([cH1])[cH1:4]	179.975	7.35294	-	-	-	-	G
C13053991      none	B	[O-:1][N+:2](=O)!@[c:3]([cH0])[cH,nX2H0:4]	90.2578	0.274725	-	-	-	-	O
C16363564      none	B	[cH0:1][c:2]!@[CX4H1:3][a:4]	28.6821	0.237756	-	-	-	-	R
C45061915      none	B	[$(S(=O)(=O)):1][NX3H0:2]!@[CX4H2:3][!#1:4]	119.999	5.60345	-	-	-	-	O
C45061915      none	B	[c:1][$(S(=O)=O):2]!@[NX3H0:3][C:4]	60.0012	7.00418	-	-	-	-	G
C45061915      none	B	[!#1:1][CX4:2]!@[CX3H0:3][!#1:4]	119.987	1.81513	-	-	-	-	O
C45061915      none	B	[aH1:1][c:2]([aH1])!@[SX4:3][!#1:4]	70.27	5.04089	-	-	-	-	G
C37760322      none	B	[*:1]~[CX4:2]!@[NX4:3]~[*:4]	-59.9992	15.3415	-	-	-	-	G
C37760322      none	B	[*:1]~[CX4:2]!@[NX4:3]~[*:4]	180	15.0612	-	-	-	-	G
C37760322      none	B	[cH0:1][c:2]!@[CX4H2:3][N,O,S:4]	45.0022	1.98698	-	-	-	-	G
C37760322      none	B	[$(C=O):1][NX3:2]!@[a:3][aH0:4]	90.0036	3.35653	-	-	-	-	G
C37760322      none	B	[O:1]=[CX3:2]!@[NX3H1:3][!#1:4]	0.00268483	63.7893	-	-	-	-	G
C37760322      none	B	[a:1][c:2]!@[C:3]([NH1,NH2])=[O:4]	-150.007	5.2923	-	-	-	-	O
C58175602      none	B	[cH1:1][c:2]([cH1])!@[NX3:3][CX4:4]	-30.0097	1.41383	-	-	-	-	G
C58175602      none	B	[$(S(=O)(=O)):1][NH0:2]!@[c:3]([cH1])[cH0:4]	120.002	0	-	-	-	-	R
C58175602      none	B	[*:1]~[N,n:2]!@[S:3]~[*:4]	-153.977	1.449	-	-	-	-	G
C58175602      none	B	[!#1:1][CX4H1:2]!@[NX3:3][!#1:4]	180	2.80076	-	-	-	-	G
C58175602      none	B	[a:1][c:2]!@[CX4H1:3][N,O:4]	-89.7194	1.29082	-	-	-	-	G
C58175602      none	B	[NH1:1][CX4:2]!@[CX3:3]=[O:4]	180	3.23174	-	-	-	-	O
C58175602      none	B	[O:1]=[CX3:2]!@[NX3H1:3][!#1:4]	-0.00834709	63.7893	-	-	-	-	G
C58175602      none	B	[$(C=O):1][NX3H1:2]!@[CX4H1:3][H:4]	60.0029	6.22422	-	-	-	-	G
C55164998      none	B	[NH1:1][CX4:2]!@[CX3:3]=[O:4]	30.0039	2.12896	-	-	-	-	G
C55164998      none	B	[$(C=O):1][NX3H1:2]!@[CX4H1:3][H:4]	-60.0057	1.23735	-	-	-	-	G
C55164998      none	B	[O:1]=[CX3:2]!@[NX3H0:3][!#1:4]	-0.00244123	25.0866	-	-	-	-	G
C55164998      none	B	[O:1]=[CX3:2]!@[NX3H1:3][!#1:4]	0.00724523	63.7893	-	-	-	-	G
C55164998      none	B	[a:1][c:2]!@[C:3]([NH1,NH2])=[O:4]	150.32	5.34677	-	-	-	-	O
C40553267      none	B	[a:1][c:2]!@[C:3]([NH0])=[O:4]	-60.0042	3.63889	-	-	-	-	G
C40553267      none	B	[aH0:1][c:2]([aH0])!@[SX4:3][!#1:4]	-0.00221287	0.418994	-	-	-	-	R
C40553267      none	B	[O:1]=[CX3:2](a)!@[NX3H0:3][!#1:4]	-29.7241	1.17502	-	-	-	-	O
C40053021      none	B	[cH1:1][c:2]([cH1])!@[O:3][C:4]	0.29687	26.3009	-	-	-	-	G
C40053021      none	B	[cH0:1][c:2]!@[CX4H1:3][CX3:4]	121.572	7.49415	-	-	-	-	G
C40053021      none	B	[cH0:1][c:2]([cH1])!@[O:3][C:4]	180	48.7454	-	-	-	-	G
C40053021      none	B	[*^2:1]~[C^2:2]([!H])!@[C^2:3]~[*^2:4]	89.9564	1.26539	-	-	-	-	G
C40053021      none	B	[$([CX3]=O):1][NX3H0:2](C)!@[CX4H2:3][C:4]	59.9638	0.600343	-	-	-	-	O
C40053021      none	B	[!#1:1][CX4H2:2]!@[CX4H2:3][!#1:4]	180	58.554	-	-	-	-	G
C40053021      none	B	[!#1:1][CX4H2:2]!@[CX4H2:3][!#1:4]	60.0034	3.99483	-	-	-	-	G
C40053021      none	B	[cH1:1][c:2]([cH1])!@[CX3:3]([CX3H0])=[O:4]	30.2842	4.23497	-	-	-	-	G
C42805819      none	B	[aH1:1][c:2]([aH1])!@[SX4:3][!#1:4]	90.2741	12.916	-	-	-	-	G
C42805819      none	B	[a:1][c:2]!@[C:3]([NH0])=[O:4]	90.0069	2.88889	-	-	-	-	G
C42805819      none	B	[O:1]=[CX3:2](a)!@[NX3H0:3][!#1:4]	-149.718	2.19542	-	-	-	-	O
CHEMBL427186      none	B	[O:1]=[C:2]([O-])!@[c:3]([cH1])[cH0:4]	89.9896	0	-	-	-	-	R
CHEMBL427186      none	B	[cH0:1][c:2]!@[CX4H2:3][a:4]	-45.008	0.792393	-	-	-	-	R
CHEMBL427186      none	B	[!#1:1][CH2:2]!@[n:3][cH0:4]	135.282	0.318742	-	-	-	-	R
CHEMBL427186      none	B	[!#1:1][CH2:2]!@[n:3][cH0:4]	90.2455	14.7896	-	-	-	-	G
CHEMBL427186      none	B	[!#1:1][CX4:2]!@[CX4:3][!#1:4]	-159.991	1.85018	-	-	-	-	G
CHEMBL427186      none	B	[O:1]=[C:2]([O-])!@[CX4H1:3][H:4]	90.0058	0.86741	-	-	-	-	O
C37919530      none	B	[a:1][c:2]!@[CX4H2:3][!#1:4]	-134.999	2.0362	-	-	-	-	O
C37919530      none	B	[$(S(=O)(=O)):1][NX3H1:2]!@[CX4H2:3][!#1:4]	179.999	9.01288	-	-	-	-	G
C37919530      none	B	[*:1][$(S(=O)=O):2]!@[NX3H1:3][*:4]	89.998	4.90782	-	-	-	-	G
C37919530      none	B	[*:1][$(S(=O)=O):2]!@[NX3H0r:3][*:4]	120.285	1.23223	-	-	-	-	O
C37919530      none	B	[O:1]=[C:2]([O-])!@[CX4H1:3][H:4]	89.9969	0.86741	-	-	-	-	O
C14806922      none	B	[*:1]~[CX4:2]!@[n:3]~[*:4]	-59.9966	3.65221	-	-	-	-	G
C14806922      none	B	[OX2:1][CX4:2]!@[CX4:3][OX2:4]	52.1534	3.39687	-	-	-	-	G
C13128358      none	B	[C:1][CX4:2]!@[CX3:3]=[O:4]	60.0025	2.38699	-	-	-	-	G
C13128358      none	B	[!#1:1][CX4:2]!@[SX2:3][!#1:4]	-159.999	3.18377	-	-	-	-	G
C13128358      none	B	[O:1]=[C:2]!@[NX3:3](C=O)[*:4]	30.3152	1.75439	-	-	-	-	O
C13128358      none	B	[aH0:1][c:2]([aH0])!@[SX2:3][!#1:4]	-29.9992	0.51573	-	-	-	-	O
C13128358      none	B	[aH1:1][c:2]([aH1])!@[SX4:3][!#1:4]	89.9965	12.916	-	-	-	-	G
C13128358      none	B	[c:1][S:2](=O)(=O)!@[NX2H0-:3]-[*:4]	-59.9993	11.1111	-	-	-	-	G
C13128358      none	B	[$(S(=O)(=O)):1][NH0:2]!@[c:3]([cH1])[cH1:4]	-90.2821	17.7686	-	-	-	-	G
C13128358      none	B	[cH1:1][c:2]([cH1])!@[O:3][C:4]	179.996	26.896	-	-	-	-	G
C48927744      none	B	[O:1]=[CX3:2]!@[NX3H0:3][!#1:4]	-29.7164	0.692521	-	-	-	-	O
C48927744      none	B	[$(C=O):1][NX3H1:2]!@[CX4H1:3][H:4]	60.0082	6.22422	-	-	-	-	G
C48927744      none	B	[O:1]=[CX3:2]!@[NX3H1:3][!#1:4]	-0.0114732	63.7893	-	-	-	-	G
C48927744      none	B	[*^2:1]~[C^2:2]([!H])!@[C^2:3]~[*^2:4]	-89.9946	1.27397	-	-	-	-	G
C35426361      none	B	[$([C](=O)):1][NX3:2]!@[a:3](s)[a:4]	30.001	0	-	-	-	-	R
C35426361      none	B	[O:1]=[C:2]([O-])!@[c:3][a:4]	-0.00864878	11.4943	-	-	-	-	G
C35426361      none	B	[O:1]=[CX3:2]!@[NX3H1:3][!#1:4]	-0.00427956	63.7893	-	-	-	-	G
C35426361      none	B	[!#1:1][CX4H2:2]!@[CX3:3]=[O:4]	60.0018	1.20812	-	-	-	-	G
C35426361      none	B	[!#1:1][CH2:2]!@[n:3][a:4]	-179.695	0.161853	-	-	-	-	R
C13542975      none	B	[!#1:1][CX4:2]!@[CX4:3][!#1:4]	-160.612	1.85018	-	-	-	-	G
C39329829      none	B	[*:1]~[CX3:2]!@[NX2:3]~[*:4]	0.00329306	40.1033	-	-	-	-	G
C39329829      none	B	[*:1]~[NX2:2]!@[NX2:3]~[*:4]	-90.0007	0.0449035	-	-	-	-	R
C39329829      none	B	[*^2:1]~[C^2:2]([!H])!@[C^2:3]~[*^2:4]	149.998	1.21045	-	-	-	-	G
C39329829      none	B	[*^2:1]~[C^2:2]([!H])!@[C^2:3]~[*^2:4]	-90.0032	1.27397	-	-	-	-	G
C39329829      none	B	[O:1]=[CX3:2]!@[NX3H0:3][!#1:4]	-149.723	1.37927	-	-	-	-	O
C43299366      none	B	[O:1]=[C:2]([O-])!@[c:3]([cH0])[cH0:4]	179.998	20	-	-	-	-	G
C43299366      none	B	[a:1][ar6:2]!@[ar5:3][a:4]	150.267	2.78735	-	-	-	-	G
C43299366      none	B	[O-:1][N+:2](=O)!@[c:3]([cH,nX2H0])[cH,nX2H0:4]	179.971	23.2156	-	-	-	-	G
C63375043      none	B	[*:1]~[CX4:2]!@[n:3]~[*:4]	-119.718	3.09532	-	-	-	-	G
C63375043      none	B	[cH0:1][c:2]!@[CX4H1:3][CX4:4]	-59.4441	1.48348	-	-	-	-	O
C63375043      none	B	[*:1]~[CX3:2]!@[OX2:3]~[*:4]	180	34.4565	-	-	-	-	G
C37416615      none	B	[OX2:1][CX4:2]!@[CX4:3][N:4]	59.9926	15.2809	-	-	-	-	G
C37416615      none	B	[O:1]=[C:2]([O-])!@[CX4H1:3][H:4]	-0.00449722	0.495663	-	-	-	-	O
C37416615      none	B	[$(C=O):1][NX3H1:2]!@[CX4H1:3][H:4]	29.9969	9.46757	-	-	-	-	G
C37416615      none	B	[O:1]=[CX3:2]!@[NX3H1:3][!#1:4]	0.00489597	63.7893	-	-	-	-	G
C37416615      none	B	[a:1][c:2]!@[C:3]([NH1,NH2])=[O:4]	150.294	5.34677	-	-	-	-	O
C37416615      none	B	[c:1][c:2]!@[c:3][s,o,nX3H1:4]	-179.671	12.4984	-	-	-	-	G
C59398879      none	B	[OX2:1][CX4:2]!@[CX4:3][N:4]	-85.8454	0.988764	-	-	-	-	O
C59398879      none	B	[C:1][CX4H2:2]!@[NX3:3][C:4]	89.9958	10.0586	-	-	-	-	G
C59398879      none	B	[!#1:1][CX3:2](=S)!@[NX3H1:3][!#1:4]	0.00776399	27.5459	-	-	-	-	G
C59398879      none	B	[!#1:1][CX3:2](=S)!@[NX3H1:3][!#1:4]	180	37.0618	-	-	-	-	G
C59398879      none	B	[C:1][CX4H2:2]!@[NX3:3][C:4]	179.997	3.30615	-	-	-	-	G
C59398879      none	B	[!#1:1][CX4H2:2]!@[CX4H2:3][!#1:4]	59.9984	3.99483	-	-	-	-	G
C59398879      none	B	[!#1:1][CX4H2:2]!@[CX4H2:3][!#1:4]	179.997	58.554	-	-	-	-	G
C59398879      none	B	[!#1:1][CX4H2:2]!@[CX4H2:3][!#1:4]	179.999	58.554	-	-	-	-	G
C59398879      none	B	[!#1:1][CX4H2:2]!@[CX4H2:3][!#1:4]	179.999	58.554	-	-	-	-	G
C59398879      none	B	[C:1][CX4H2:2]!@[CX3:3]=[O:4]	120.003	0.695249	-	-	-	-	O
C66250599      none	B	[!#1:1][CX3:2]!@[SX4:3][!#1:4]	-83.8624	11.6848	-	-	-	-	G
C66250599      none	B	[*:1]~[N,n:2]!@[S:3]~[*:4]	-89.9992	2.07385	-	-	-	-	G
C66250599      none	B	[$(S(=O)(=O)):1][N:2]!@[c:3][a:4]	60.0008	1.70898	-	-	-	-	G
C66250599      none	B	[a:1][c:2]!@[CX4H2:3][CX3:4]	30.0029	0.732127	-	-	-	-	R
C66250599      none	B	[c:1][CX4H2:2]!@[CX3:3]=[O:4]	119.999	1.4245	-	-	-	-	O
C40559399      none	B	[$(C=O):1][NX3H1:2]!@[c:3]([cH1])[cH1:4]	179.977	8.15546	-	-	-	-	G
C40559399      none	B	[O:1]=[CX3:2]!@[NX3H1:3][!#1:4]	59.9938	0	-	-	-	-	R
C40559399      none	B	[O:1]=[CX3:2]!@[NX3H0:3][!#1:4]	30.3092	0.680979	-	-	-	-	O
C40559399      none	B	[O:1]=[C:2]([O-])!@[CX4H1:3][H:4]	0.00278314	0.495663	-	-	-	-	O
C48748437      none	B	[NH1:1][CX4:2]!@[CX3:3]=[O:4]	149.991	9.89432	-	-	-	-	G
C48748437      none	B	[$(C=O):1][NX3H1:2]!@[CX4H1:3][H:4]	-30.0009	6.97413	-	-	-	-	G
C48748437      none	B	[O:1]=[CX3:2]!@[NX3H1:3][!#1:4]	0.00787718	63.7893	-	-	-	-	G
C48748437      none	B	[O:1]=[CX3:2]!@[NX3H1:3][!#1:4]	-0.00112113	63.7893	-	-	-	-	G
C48748437      none	B	[a:1][c:2]!@[C:3]([NH1,NH2])=[O:4]	179.999	9.31373	-	-	-	-	G
C35397409      none	B	[$(C=O):1][O:2]!@[CH2:3]~[C:4]	180	23.3458	-	-	-	-	G
C35397409      none	B	[O:1]=[C:2]!@[O:3]~[C:4]	-0.0053133	74.4927	-	-	-	-	G
C35397409      none	B	[C:1][CX4:2]!@[CX3:3]=[O:4]	-59.9389	2.40592	-	-	-	-	G
C35397409      none	B	[cH0:1][c:2]([cH,nX2H0])!@[NX3H0:3][CX4:4]	90.0055	2.06517	-	-	-	-	G
C35397409      none	B	[O:1]=[C:2]([O-])!@[c:3]([cH1])[cH0:4]	89.9942	0	-	-	-	-	R
C35397409      none	B	[$(S(=O)(=O)):1][NH1:2]!@[c:3]([cH1])[cH1:4]	-90.0118	1.05932	-	-	-	-	O
C35397409      none	B	[c:1][$(S(=O)=O):2]!@[NX3H1:3][c:4]	60.0007	16.9521	-	-	-	-	G
C35397409      none	B	[aH1:1][c:2]([aH1])!@[SX4:3][!#1:4]	-89.7268	12.5987	-	-	-	-	G
C35397409      none	B	[cH1:1][c:2]([cH1])!@[CX4H2:3][CX4:4]	-89.9774	11.9355	-	-	-	-	G
C35397409      none	B	[!#1:1][CX4:2]!@[CX4:3][!#1:4]	60.0043	12.3771	-	-	-	-	G
C21999985      none	B	[*:1]~[CX4:2]!@[n:3]~[*:4]	149.995	3.15253	-	-	-	-	G
C21999985      none	B	[OX2:1][CX4:2]!@[CX4:3][OX2:4]	162.761	0.798637	-	-	-	-	G
C40547610      none	B	[!#1:1][CX4:2]!@[CX4:3][!#1:4]	68.6168	7.06239	-	-	-	-	G
C40547610      none	B	[NH1:1][CX4:2]!@[CX3:3]=[O:4]	-30.0108	4.44172	-	-	-	-	G
C40547610      none	B	[$(C=O):1][NX3H1:2]!@[CX4H0:3][C:4]	59.9966	13.3187	-	-	-	-	G
C40547610      none	B	[O:1]=[CX3:2]!@[NX3H1:3][!#1:4]	0.0107592	63.7893	-	-	-	-	G
C40547610      none	B	[O:1]=[CX3:2]!@[NX3H0:3][!#1:4]	150.279	1.73707	-	-	-	-	O
C40547610      none	B	[C:1][CX4:2]!@[CX3:3]=[O:4]	-120.073	3.42432	-	-	-	-	G
C40591442      none	B	[$(C=O):1][NX3H0:2]!@[CX4H1:3][H:4]	0.00148454	15.8824	-	-	-	-	G
C40591442      none	B	[O:1]=[CX3:2]!@[NX3H0:3][!#1:4]	-30.0047	0.692521	-	-	-	-	O
C40591442      none	B	[O:1]=[CX3:2]!@[NX3H1:3][!#1:4]	0.0114313	63.7893	-	-	-	-	G
C40591442      none	B	[$([CX3]=O):1][NX3H1:2]!@[CX4H2:3][C:4] 	59.9913	1.1846	-	-	-	-	G
C40591442      none	B	N[C:2](=[O:1])!@[CH2:3][N:4]	-149.996	2.38095	-	-	-	-	G
C40591442      none	B	[O:1]=[CX3:2]!@[NX3H1:3][!#1:4]	0.0038058	63.7893	-	-	-	-	G
C40591442      none	B	[$([CX3]=O):1][NX3H1:2]!@[CX4H2:3][C:4] 	179.997	6.46594	-	-	-	-	G
C40591442      none	B	[NH1:1][CX4:2]!@[CX3:3]=[O:4]	120.006	0.41354	-	-	-	-	G
C65743221      none	B	[aH0:1][c:2]([aH0])!@[SX2:3][!#1:4]	90.0006	3.2491	-	-	-	-	G
C65743221      none	B	[!#1:1][CX4:2]!@[SX2:3][!#1:4]	79.9706	6.41197	-	-	-	-	G
C65743221      none	B	[O:1]=[C:2]([O-])!@[CX4H1:3][H:4]	90.0008	0.86741	-	-	-	-	O
C13513557      none	B	[O:1]=[C:2]([O-])!@[CX4H1:3][H:4]	-0.00883332	0.495663	-	-	-	-	O
C13513557      none	B	[H:1][CX4H1:2]!@[O:3][CX4:4]	-29.9949	6.07621	-	-	-	-	G
C13513557      none	B	[H:1][CX4H1:2]!@[O:3][CX4:4]	-30.0011	6.07621	-	-	-	-	G
C13513557      none	B	[$(C=O):1][NX3H1:2]!@[CX4H1:3][H:4]	-30.0031	6.97413	-	-	-	-	G
C13513557      none	B	[OX2:1][CX4:2]!@[CX4:3][OX2:4]	80.0022	2.87509	-	-	-	-	G
C13513557      none	B	[O:1]=[CX3:2]!@[NX3H1:3][!#1:4]	0.00875275	63.7893	-	-	-	-	G
C40503865      none	B	[!#1:1][CX4:2]!@[CX4:3][!#1:4]	8.62781	0.0551082	-	-	-	-	R
C40503865      none	B	[NH1:1][CX4:2]!@[CX3:3]=[O:4]	-29.9945	4.44172	-	-	-	-	G
C40503865      none	B	[!#1:1][CX4:2]!@[NX3:3][!#1:4]	149.996	2.03596	-	-	-	-	G
C40503865      none	B	[c:1][$(S(=O)=O):2]!@[NX3H1:3][C:4]	147.003	0	-	-	-	-	R
C40503865      none	B	[aH0:1][c:2]([aH1])!@[SX4:3][!#1:4]	69.6955	11.3606	-	-	-	-	G
C37449365      none	B	[a:1][c:2]!@[C:3]([NH0])=[O:4]	120.004	4.19444	-	-	-	-	G
C37449365      none	B	[O:1]=[CX3:2](a)!@[NX3H0:3][!#1:4]	-149.682	2.19542	-	-	-	-	O
C37449365      none	B	[O:1]=[C:2]([O-])!@[CX4H1:3][H:4]	-0.00655587	0.495663	-	-	-	-	O
C50422093      none	B	[a:1][c:2]!@[CX4H2:3][!#1:4]	-45.0014	1.96752	-	-	-	-	O
C50422093      none	B	[$(C=O):1][NX3H1:2]!@[CX4H2:3][!#1:4]	-90.0032	7.86473	-	-	-	-	G
C50422093      none	B	[O:1]=[CX3:2]!@[NX3H1:3][!#1:4]	0.00118734	63.7893	-	-	-	-	G
C50422093      none	B	[O:1]=[CX3:2](O)!@[CX3:3]([$([NH1,NH2,CH2])])=[O:4]	180	20	-	-	-	-	G
C67625725      none	B	[!#1:1][CX4H0:2]!@[OX2:3][!#1:4]	29.9938	0.153081	-	-	-	-	R
C67625725      none	B	[O:1]=[C:2]!@[O:3]~[CH0:4]	60.0033	0.0213038	-	-	-	-	R
C67625725      none	B	[O:1]=[CX3:2]!@[NX3H1:3][!#1:4]	0.00804286	63.7893	-	-	-	-	G
C67625725      none	B	[*:1]~[NX3:2]!@[NX3:3]~[*:4]	180	7.3164	-	-	-	-	G
C67625725      none	B	[O:1]=[CX3:2]([$([NX3H1]C)])!@[NX3H1:3][!#1:4]	-0.0138902	41.1343	-	-	-	-	G
C67625725      none	B	[O:1]=[CX3:2]([$([NX3H1]C)])!@[NX3H1:3][!#1:4]	0.00279984	41.1343	-	-	-	-	G
C67625725      none	B	[$(C=O):1][NX3H1:2]!@[CX4H1:3][H:4]	60.0038	6.22422	-	-	-	-	G
C67625725      none	B	[*:1][$(S(=O)=O):2]!@[NX3H0r:3][*:4]	-60.0018	8.17536	-	-	-	-	G
C40547530      none	B	[OX2:1][CX4:2]!@[CX4:3][N:4]	59.999	15.2809	-	-	-	-	G
C40547530      none	B	[O:1]=[C:2]([O-])!@[CX4H1:3][H:4]	89.9957	0.86741	-	-	-	-	O
C40547530      none	B	[$(C=O):1][NX3H1:2]!@[CX4H1:3][H:4]	-30.0013	6.97413	-	-	-	-	G
C40547530      none	B	[O:1]=[CX3:2]!@[NX3H1:3][!#1:4]	0.00333829	63.7893	-	-	-	-	G
C40547530      none	B	[O:1]=[CX3:2]!@[NX3H0:3][!#1:4]	-149.723	1.37927	-	-	-	-	O
C40547530      none	B	[C:1][CX4:2]!@[CX3:3]=[O:4]	-119.937	3.42432	-	-	-	-	G
C39449586      none	B	[H:1][CX4H1:2]!@[O:3][CX4:4]	-39.9971	11.8876	-	-	-	-	G
C39449586      none	B	[aH1:1][c:2]([aH1])!@[SX4:3][!#1:4]	90.0047	12.916	-	-	-	-	G
C39449586      none	B	[*:1]~[OX2:2]!@[SX4:3]~[*:4]	-160.001	2.64885	-	-	-	-	G
C39449586      none	B	[cH1:1][c:2]([cH1])!@[O:3][S:4]	89.9974	8.8	-	-	-	-	G
C39449586      none	B	[cH1:1][a:2]([cH0])!@[a:3]([cH0])[cH0:4]	-89.7421	12.4533	-	-	-	-	G
C13240915      none	B	[CX4:1][CX4H2:2]!@[NX3:3][CX4:4]	-90.0024	8.29232	-	-	-	-	G
C13240915      none	B	[cH0:1][c:2]([cH,nX2H0])!@[NX3H0:3][CX4:4]	-120.285	1.65213	-	-	-	-	O
C13240915      none	B	[!#1:1][CX4:2]!@[CX4:3][!#1:4]	79.9971	1.75235	-	-	-	-	G
C13240915      none	B	[aH1:1][c:2]([aH1])!@[SX4:3][!#1:4]	-69.998	5.44275	-	-	-	-	G
C13240915      none	B	[O-:1][N+:2](=O)!@[c:3]([cH0])[cH,nX2H0:4]	90.2754	0.274725	-	-	-	-	O
C13240915      none	B	[*:1][$(S(=O)=O):2]!@[NX3H0r:3][*:4]	90.282	4.85782	-	-	-	-	G
C13240915      none	B	[O:1]=[C:2]([O-])!@[CX4H1:3][H:4]	90.0041	0.86741	-	-	-	-	O
C04008784      none	B	[N:1][CX4:2]!@[CX3:3]=[O:4]	120.002	0.766617	-	-	-	-	G
C04008784      none	B	[$([CX3]=O):1][NX3H0:2](C)!@[CX4H2:3][C:4]	89.6914	14.7513	-	-	-	-	G
C49539575      none	B	[a:1][c:2]!@[CX4H2:3][!#1:4]	-44.9944	1.62815	-	-	-	-	O
C49539575      none	B	[$(C=O):1][NX3H1:2]!@[CX4H2:3][!#1:4]	119.996	2.79198	-	-	-	-	O
C49539575      none	B	[O:1]=[CX3:2]([$([NX3H1]C)])!@[NX3H1:3][!#1:4]	0.000939164	41.1343	-	-	-	-	G
C49539575      none	B	[O:1]=[CX3:2]([$([NX3H1]C)])!@[NX3H1:3][!#1:4]	-0.00626751	41.1343	-	-	-	-	G
C49539575      none	B	[$(C=O):1][NX3H1:2]!@[CX4H1:3][H:4]	180	0.712411	-	-	-	-	R
C49539575      none	B	[!#1:1][CX4:2]!@[CX4:3][!#1:4]	-159.996	1.85018	-	-	-	-	G
C49539575      none	B	[O:1]=[C:2]([O-])!@[CX4H1:3][H:4]	90.0083	0.86741	-	-	-	-	O
C49539575      none	B	[!#1:1][CX4H2:2]!@[CX4H2:3][!#1:4]	180	58.554	-	-	-	-	G
C49539575      none	B	[!#1:1][CX4:2]!@[SX4:3][!#1:4]	45.3264	4.33684	-	-	-	-	G
C44169513      none	B	[O:1]=[CX3:2]!@[NX3H1:3][!#1:4]	-0.00509413	63.7893	-	-	-	-	G
C44169513      none	B	[$(C=O):1][NX3H1:2]!@[CX4H1:3][H:4]	-30.0026	6.97413	-	-	-	-	G
C44169513      none	B	[a:1][c:2]!@[CX4H1:3][N,O:4]	150.274	3.7643	-	-	-	-	G
C44169513      none	B	[H:1][CX4H1:2]!@[O:3][CX4:4]	40.2721	11.9906	-	-	-	-	O
C06257608      none	B	[O-:1][N+:2](=O)!@[c:3]([cH,nX2H0])[cH,nX2H0:4]	179.981	23.2156	-	-	-	-	G
C06257608      none	B	[c:1][c:2]!@[c:3][s,o,nX3H1:4]	0.000209658	17.837	-	-	-	-	G
C06257608      none	B	[*:1]~[CX3:2]!@[cX3:3]~[*:4]	-30.0028	2.32371	-	-	-	-	O
C06257608      none	B	[*:1]~[cX3:2]!@[NX2:3]~[*:4]	-119.71	1.40635	-	-	-	-	O
C13099525      none	B	[*:1]~[NX3:2]!@[NX2:3]~[*:4]	-59.9993	0.223687	-	-	-	-	R
C13099525      none	B	[O:1]=[CX3:2]!@[NX3H1:3][!#1:4]	0.00247535	63.7893	-	-	-	-	G
C13099525      none	B	[!#1:1][CX4:2]!@[CX4:3][!#1:4]	-79.9997	1.71775	-	-	-	-	G
C13099525      none	B	[C:1][CX4H2:2]!@[CX3:3]=[O:4]	120.001	0.695249	-	-	-	-	O
C50853592      none	B	[O-:1][N+:2](=O)!@[c:3]([cH0])[cH0:4]	-0.0583152	4.36992	-	-	-	-	G
C50853592      none	B	[!#1:1][CH2:2]!@[n:3][cH0:4]	135.001	0.318742	-	-	-	-	R
C50853592      none	B	[!#1:1][CX4H2:2]!@[CX3:3]=[O:4]	89.9992	1.06654	-	-	-	-	G
C50853592      none	B	[*^2:1]~[C^2:2]([!H])!@[C^2:3]~[*^2:4]	120.004	0.806964	-	-	-	-	G
C50853592      none	B	[*:1]~[CX3:2]!@[NX3:3]~[*:4]	179.999	27.0317	-	-	-	-	G
C50853592      none	B	[C:1][CX4H2:2]!@[NX3:3][C:4]	180	3.30615	-	-	-	-	G
C50853592      none	B	[CX3:1]=[CX3:2]!@[CH2:3][!#1:4]	-119.998	9.03499	-	-	-	-	G
C50466348      none	B	[C:1][$(S(=O)=O):2]!@[NX3H1:3][C:4]	-60.0012	10.2041	-	-	-	-	G
C50466348      none	B	[$(S(=O)(=O)):1][NX3H1:2]!@[CX4H2:3][!#1:4]	-149.999	7.72532	-	-	-	-	G
C50466348      none	B	[!#1:1][CX4H2:2]!@[CX4H2:3][!#1:4]	180	58.554	-	-	-	-	G
C50466348      none	B	[$([CX3]=O):1][NX3H1:2]!@[CX4H2:3][C:4] 	-90.0038	7.35439	-	-	-	-	G
C50466348      none	B	[O:1]=[CX3:2]!@[NX3H1:3][!#1:4]	-0.000283213	63.7893	-	-	-	-	G
C50466348      none	B	[!#1:1][CX4H2:2]!@[CX3:3]=[O:4]	149.995	0.887211	-	-	-	-	O
C50466348      none	B	[!#1:1][CH2:2]!@[n:3][a:4]	-134.683	0.908865	-	-	-	-	O
C35454685      none	B	[!#1:1][CX4:2]!@[CX4:3][!#1:4]	179.998	22.1548	-	-	-	-	G
C35454685      none	B	[!#1:1][CX4:2]!@[CX4:3][!#1:4]	-160.004	1.85018	-	-	-	-	G
C35454685      none	B	[C:1][CX4H2:2]!@[CX3:3]=[O:4]	120.006	0.695249	-	-	-	-	O
C35454685      none	B	[C:1][CX4H2:2]!@[CX3:3]=[O:4]	60.0048	1.60569	-	-	-	-	O
C35454685      none	B	[O:1]=[C:2]!@[O:3]~[C:4]	-0.00371426	74.4927	-	-	-	-	G
C35454685      none	B	[$(C=O):1][O:2]!@[CH2:3]~[C:4]	89.9979	4.53893	-	-	-	-	G
C35454685      none	B	[OX2:1][CX4:2]!@[CX4:3][OX2:4]	80.0224	2.87509	-	-	-	-	O
C35454685      none	B	[H:1][CX4H1:2]!@[O:3][CX4:4]	59.9681	4.42842	-	-	-	-	G
C35454685      none	B	[*:1][CX4:2]!@[O:3][CX4:4]	-80.0002	2.64732	-	-	-	-	G
C35454685      none	B	[a:1][c:2]!@[CX4H2:3][!#1:4]	150.274	1.43221	-	-	-	-	O
C40267249      none	B	[$(C=O):1][NX3:2]!@[a:3][aH0:4]	60.0043	2.5788	-	-	-	-	G
C40267249      none	B	[O:1]=[CX3:2]!@[NX3H1:3][!#1:4]	-0.0032884	63.7893	-	-	-	-	G
C40267249      none	B	[O:1]=[CX3:2]!@[CX3:3]=[O:4]	120.002	1.7301	-	-	-	-	G
C40267249      none	B	[O:1]=[CX3:2]!@[NX3H1:3][!#1:4]	-0.00429067	63.7893	-	-	-	-	G
C40267249      none	B	[$([CX3]=O):1][NX3H1:2]!@[CX4H2:3][C:4] 	-149.995	1.7769	-	-	-	-	O
C40267249      none	B	[OX2:1][CX4:2]!@[CX4:3][N:4]	59.9939	15.2809	-	-	-	-	G
C00506653      none	B	[$(C=O):1][NX3H0:2]!@[CX4H2:3][!#1:4]	-119.977	2.94527	-	-	-	-	G
C00506653      none	B	[$(C=O):1][NX3H0:2]!@[CX4H2:3][!#1:4]	179.97	0.0463822	-	-	-	-	R
C62100811      none	B	[O:1]=[CX3:2]!@[NX3H0:3][!#1:4]	29.9958	0.680979	-	-	-	-	O
C62100811      none	B	[O:1]=[CX3:2]!@[NX3H0:3][!#1:4]	-149.688	1.37927	-	-	-	-	O
C62100811      none	B	[O:1]=[C:2]([O-])!@[CX4H1:3][H:4]	89.9974	0.86741	-	-	-	-	O
C62716034      none	B	[*:1]~[CX4:2]!@[n:3]~[*:4]	0.00251443	3.06862	-	-	-	-	G
C20082572      none	B	[C:1][CX4H2:2]!@[OX2:3][c:4]	180	43.8829	-	-	-	-	G
C20082572      none	B	[cH1:1][c:2](cO)!@[O:3][C:4]	-29.9902	0.458851	-	-	-	-	O
C20082572      none	B	[a:1][c:2]!@[CX4H1:3][N,O:4]	151.577	3.7643	-	-	-	-	G
C20082572      none	B	[*^2:1]~[C^2:2]([!H])!@[C^2:3]~[*^2:4]	-120.007	0.661024	-	-	-	-	G
C20082572      none	B	[$([CX3]=O):1][NX3H0:2](C)!@[CX4H2:3][C:4]	120.026	2.74443	-	-	-	-	O
C20082572      none	B	[!#1:1][CX4H2:2]!@[CX4H2:3][!#1:4]	179.998	58.554	-	-	-	-	G
C20082572      none	B	[CX4:1][CX4H2:2]!@[NX3;"N_lp":3][CX4:4]	-76.3633	8.1206	-	-	-	-	G
C20082572      none	B	[cH1:1][c:2]([cH1])!@[CX3:3]([CX3H0])=[O:4]	60.283	0.204918	-	-	-	-	R
C20082572      none	B	[cH1:1][c:2]([cH1])!@[O:3][C:4]	180	26.896	-	-	-	-	G
C60059886      none	B	[a:1][a:2]!@[NX3:3][!#1:4]	150.007	1.85775	-	-	-	-	O
C60059886      none	B	[cH1:1][c:2]([cH1])!@[NX3:3][a:4]	150.283	4.43889	-	-	-	-	G
C60059886      none	B	[$(S(=O)(=O)):1][NH0:2]!@[c:3]([cH1])[cH1:4]	120.242	2.06612	-	-	-	-	G
C60059886      none	B	[c:1][S:2](=O)(=O)!@[NX2H0-:3]-[*:4]	-60.0021	11.1111	-	-	-	-	G
C60059886      none	B	[aH0:1][c:2]([aH1])!@[SX4:3][!#1:4]	-90.2715	5.01982	-	-	-	-	O
C60059886      none	B	[cH1:1][c:2]([cH1])!@[CX3:3]=[O:4]	-0.00408652	14.2319	-	-	-	-	G
C60059886      none	B	[cH0:1][c:2]([cH1])!@[CX3:3]=[O:4]	60.0038	1.40891	-	-	-	-	O
C60059886      none	B	[O:1]=[C:2]!@[O:3]~[C:4]	-0.00886229	74.4927	-	-	-	-	G
C60059886      none	B	[O:1]=[C:2]!@[O:3]~[C:4]	-0.0053941	74.4927	-	-	-	-	G
C17027301      none	B	[*:1]~[CX4:2]!@[n:3]~[*:4]	-149.989	3.13346	-	-	-	-	G
C17027301      none	B	[OX2:1][CX4:2]!@[CX4:3][OX2:4]	58.0575	14.3222	-	-	-	-	G
C63177576      none	B	[$(S(=O)(=O)):1][NH0:2]!@[c:3]([cH1])[cH0:4]	90.2505	13.1148	-	-	-	-	G
C63177576      none	B	[a:1][c:2]!@[C:3]([NH1,NH2])=[O:4]	-89.999	0.299564	-	-	-	-	O
C63177576      none	B	[c:1][S:2](=O)(=O)!@[NX2H0-:3]-[*:4]	60.006	8.33333	-	-	-	-	G
C63177576      none	B	[aH1:1][c:2]([aH1])!@[SX4:3][!#1:4]	-89.7312	12.5987	-	-	-	-	G
C63177576      none	B	[a:1][c:2]!@[C:3]([NH0])=[O:4]	-120.008	3.91667	-	-	-	-	G
C63177576      none	B	[O:1]=[CX3:2](a)!@[NX3H0:3][!#1:4]	0.314929	23.6549	-	-	-	-	G
C39932415      none	B	[CX3:1]=[CX3:2]!@[CH2:3][!#1:4]	-119.993	9.03499	-	-	-	-	G
C39932415      none	B	[!#1:1][CX4:2]!@[SX2:3][!#1:4]	59.9959	7.53739	-	-	-	-	G
C39932415      none	B	[!#1:1][CX3:2]!@[SX2:3][!#1:4]	-89.9983	1.24247	-	-	-	-	G
C39932415      none	B	[a:1][c:2]!@[CX4H1:3][H:4]	29.9109	4.04281	-	-	-	-	G
C50226514      none	B	[a:1][c:2]!@[CX4H2:3][!#1:4]	0.0052632	2.24426	-	-	-	-	O
C50226514      none	B	[$(S(=O)(=O)):1][NX3H1:2]!@[CX4H2:3][!#1:4]	-120.003	2.14592	-	-	-	-	O
C50226514      none	B	[c:1][$(S(=O)=O):2]!@[NX3H1:3][C:4]	-90.0013	3.19032	-	-	-	-	G
C50226514      none	B	[aH1:1][c:2]([aH1])!@[SX4:3][!#1:4]	-89.6968	12.5987	-	-	-	-	G
C50226514      none	B	[O:1]=[C:2]([O-])!@[c:3][nX3H1:4]	179.968	34.7826	-	-	-	-	G
C38655241      none	B	[*:1]~[NX2:2]!@[OX2:3]~[*:4]	180	49.4817	-	-	-	-	G
C38655241      none	B	[*:1]~[CX3:2]!@[cX3:3]~[*:4]	-179.678	13.7809	-	-	-	-	G
C38655241      none	B	[*^2:1]~[C^2:2]([!H])!@[C^2:3]~[*^2:4]	149.998	1.21045	-	-	-	-	G
C38655241      none	B	[O:1]=[CX3:2]!@[NX3H1:3][!#1:4]	-0.00213913	63.7893	-	-	-	-	G
C38655241      none	B	[$(C=O):1][NX3H1:2]!@[CX4H1:3][H:4]	180	0.712411	-	-	-	-	R
C38655241      none	B	[*^2:1]~[C^2:2]([!H])!@[C^2:3]~[*^2:4]	-90.0187	1.27397	-	-	-	-	G
C38655241      none	B	[CX3:1]=[CX3:2]!@[CH2:3][OX2:4]	180	1.98473	-	-	-	-	R
C41758553      none	B	[NH1:1][CX4:2]!@[CX3:3]=[O:4]	120.001	0.41354	-	-	-	-	G
C41758553      none	B	[!#1:1][CX4:2]!@[NX3:3][!#1:4]	90.0067	4.4726	-	-	-	-	G
C41758553      none	B	[a:1][c:2]!@[NX3H1:3][$([CX4r]([C;r])([C;r])):4]	-90.007	0	-	-	-	-	R
C54499326      none	B	[a:1][c:2]!@[CX4H1:3][N,O:4]	-90.0027	1.29082	-	-	-	-	G
C54499326      none	B	[OX2:1][CX4:2]!@[CX4:3][N:4]	40.0061	1.66292	-	-	-	-	G
C00308926      none	B	[a:1][c:2]!@[CX3:3]=[CX3H0:4]	-120.002	3.00312	-	-	-	-	G
C00308926      none	B	[*:1]~[CX3:2]!@[NX2:3]~[*:4]	-60.0076	0.126195	-	-	-	-	G
C00308926      none	B	[*:1]~[cX3:2]!@[NX2:3]~[*:4]	0.278777	14.1132	-	-	-	-	G
C00308926      none	B	[O:1]=[C:2]([O-])!@[c:3]([cH1])[cH1:4]	-179.76	7.35294	-	-	-	-	G
C12173810      none	B	[C:1][CX4:2]!@[NX3:3][C:4]	60.0016	6.16204	-	-	-	-	G
C12173810      none	B	[!#1:1][CX3:2](=S)!@[NX3H1:3][!#1:4]	180	37.0618	-	-	-	-	G
C12173810      none	B	[!#1:1][CX3:2](=S)!@[NX3H1:3][!#1:4]	0.00127126	27.5459	-	-	-	-	G
C12173810      none	B	[a:1][a:2]!@[NX3:3][!#1:4]	0.305099	10.9271	-	-	-	-	G
C12173810      none	B	[O:1]=[C:2]([O-])!@[c:3][nX3H1:4]	180	34.7826	-	-	-	-	G
C20357368      none	B	[a:1][c:2]!@[CX4H1:3][N,O:4]	-121.566	3.08052	-	-	-	-	G
C20357368      none	B	[*^2:1]~[C^2:2]([!H])!@[C^2:3]~[*^2:4]	180	19.9269	-	-	-	-	G
C20357368      none	B	[$([CX3]=O):1][NX3H0:2](C)!@[CX4H2:3][C:4]	-60.0388	0.686106	-	-	-	-	O
C20357368      none	B	[!#1:1][CX4H2:2]!@[CX4H2:3][!#1:4]	-59.9945	3.77933	-	-	-	-	G
C20357368      none	B	[!#1:1][CX4H2:2]!@[CX4H2:3][!#1:4]	-60.0005	3.77933	-	-	-	-	G
C20357368      none	B	[CX4:1][CX4H2:2]!@[NX3;"N_lp":3][CX4:4]	-76.3642	8.1206	-	-	-	-	G
C20357368      none	B	[C:1][CX4:2]!@[CX3:3]=[O:4]	26.9342	3.28614	-	-	-	-	G
C20357368      none	B	[*^2:1]~[C^2:2]([!H])!@[C^2:3]~[*^2:4]	30.0008	1.05249	-	-	-	-	G
C20357368      none	B	[O:1]=[C:2]!@[O:3]~[C:4]	-0.000215363	74.4927	-	-	-	-	G
C16125109      none	B	[aH0:1][c:2]([aH1])!@[SX4:3][!#1:4]	89.7246	4.49141	-	-	-	-	G
C16125109      none	B	[O-:1][N+:2](=O)!@[c:3]([cH,nX2H0])[cH,nX2H0:4]	179.973	23.2156	-	-	-	-	G
C16125109      none	B	[cH0:1][c:2]([cH,nX2H0])!@[NX3H0:3][CX4:4]	90.2755	2.06517	-	-	-	-	O
C16125109      none	B	[O:1]=[C:2]([O-])!@[CX4H1:3][H:4]	0.000385307	0.495663	-	-	-	-	O
C40325884      none	B	[a:1][c:2]!@[C:3]([NH0])=[O:4]	-60.0044	3.63889	-	-	-	-	G
C40325884      none	B	[O:1]=[CX3:2](a)!@[NX3H0:3][!#1:4]	-29.7279	1.17502	-	-	-	-	O
C40325884      none	B	[$(S(=O)(=O)):1][NX3H1:2]!@[CX4H1:3][H:4]	59.9946	1.10497	-	-	-	-	G
C40325884      none	B	[C:1][$(S(=O)=O):2]!@[NX3H1:3][C:4]	-59.9967	10.2041	-	-	-	-	G
C38811826      none	B	[C:1][CX4:2]!@[NX3:3][C:4]	-121.261	2.68693	-	-	-	-	O
C38811826      none	B	[OX2:1][CX4:2]!@[CX4:3][OX2:4]	172.478	4.6108	-	-	-	-	G
C04776109      none	B	[*:1]~[CX3:2]!@[OX2:3]~[*:4]	-60.0016	0.0682654	-	-	-	-	G
C04776109      none	B	[*:1][CX4:2]!@[O:3][$([CX3](=[!O])):4]	80.0029	1.62051	-	-	-	-	G
C04776109      none	B	[OX2:1][CX4:2]!@[CX4:3][OX2:4]	-80.0459	2.4811	-	-	-	-	O
C08382217      none	B	[*:1]~[CX4:2]!@[n:3]~[*:4]	149.993	3.15253	-	-	-	-	G
C08382217      none	B	[OX2:1][CX4:2]!@[CX4:3][OX2:4]	-163.789	0.511128	-	-	-	-	G
CHEMBL220822      none	B	[!#1:1][CH2:2]!@[n:3][cH0:4]	-90.0238	15.4696	-	-	-	-	G
CHEMBL220822      none	B	[!#1:1][CH2:2]!@[n:3][cH0:4]	45.003	0.233744	-	-	-	-	R
CHEMBL220822      none	B	[cH0:1][c:2]!@[CX4H2:3][a:4]	-134.72	2.06022	-	-	-	-	G
CHEMBL220822      none	B	[O:1]=[C:2]([O-])!@[c:3][a:4]	90.0106	0.862069	-	-	-	-	O
CHEMBL220822      none	B	[!#1:1][CX4:2]!@[CX4:3][!#1:4]	-160	1.85018	-	-	-	-	G
CHEMBL220822      none	B	[O:1]=[C:2]([O-])!@[CX4H1:3][H:4]	90.0071	0.86741	-	-	-	-	O
C13068998      none	B	[$(S(=O)(=O)):1][NX3H0:2]!@[CX4H2:3][!#1:4]	119.999	5.60345	-	-	-	-	O
C13068998      none	B	[$(S(=O)(=O)):1][NX3H0:2]!@[CX4H2:3][!#1:4]	-90.0004	8.83621	-	-	-	-	G
C13068998      none	B	[c:1][$(S(=O)=O):2]!@[NX3H0:3][C:4]	59.9959	7.00418	-	-	-	-	G
C13068998      none	B	N[C:2](=[O:1])!@[CH2:3][N:4]	-0.00360691	9.82143	-	-	-	-	G
C13068998      none	B	[O:1]=[C:2]!@[NX3H1:3](C=O)[H:4]	0.0209543	23.6842	-	-	-	-	G
C13068998      none	B	[O:1]=[C:2]!@[NX3H1:3](C=O)[H:4]	179.987	35.6725	-	-	-	-	G
C13068998      none	B	[O:1]=[C:2]([N])!@[O:3]~[C:4]	-0.00474244	57.729	-	-	-	-	G
C13068998      none	B	[$(C=O):1][O:2]!@[CH2:3]~[C:4]	89.9989	4.53893	-	-	-	-	G
C13068998      none	B	[aH0:1][c:2]([aH1])!@[SX4:3][!#1:4]	-150.273	0.1321	-	-	-	-	R
C13068998      none	B	[O:1]=[C:2]([O-])!@[c:3]([cH1])[cH1:4]	179.988	7.35294	-	-	-	-	G
C51841027      none	B	[OX2:1][CX4:2]!@[CX4:3][N:4]	-160.004	1.21348	-	-	-	-	O
C51841027      none	B	[$([CX3]=O):1][NX3H0:2](C)!@[CX4H2:3][C:4]	60	0.600343	-	-	-	-	O
C51841027      none	B	[O:1]=[CX3:2]!@[NX3H0:3][!#1:4]	-150.002	1.37927	-	-	-	-	O
C51841027      none	B	[O:1]=[CX3:2]!@[NX3H1:3][!#1:4]	0.00645349	63.7893	-	-	-	-	G
C51841027      none	B	[$([CX3]=O):1][NX3H1:2]!@[CX4H2:3][C:4] 	119.994	2.76407	-	-	-	-	O
C51841027      none	B	N[C:2](=[O:1])!@[CH2:3][N:4]	179.996	8.33333	-	-	-	-	G
C51841027      none	B	[O:1]=[CX3:2]!@[NX3H1:3][!#1:4]	-0.00335075	63.7893	-	-	-	-	G
C51841027      none	B	[$([CX3]=O):1][NX3H1:2]!@[CX4H2:3][C:4] 	180	6.46594	-	-	-	-	G
C51841027      none	B	[NH1:1][CX4:2]!@[CX3:3]=[O:4]	120.016	0.41354	-	-	-	-	G
C62843872      none	B	[C:1][CX4:2]!@[CX3:3]=[O:4]	90.0008	3.65147	-	-	-	-	G
C62843872      none	B	[O:1]=[CX3:2]!@[NX3H0:3][!#1:4]	30.0049	0.680979	-	-	-	-	O
C62843872      none	B	[O:1]=[CX3:2]!@[NX3H1:3][!#1:4]	-0.00207674	63.7893	-	-	-	-	G
C62843872      none	B	[$([CX3]=O):1][NX3H1:2]!@[CX4H2:3][C:4] 	-59.9988	1.43139	-	-	-	-	G
C62843872      none	B	[!#1:1][CX4:2]!@[CX4:3][!#1:4]	-179.178	22.1548	-	-	-	-	G
C40825956      none	B	[$(S(=O)(=O)):1][NH0:2]!@[c:3]([cH1])[cH0:4]	89.976	13.1148	-	-	-	-	G
C40825956      none	B	[O-:1][N+:2](=O)!@[c:3]([cH,nX2H0])[cH,nX2H0:4]	179.941	23.2156	-	-	-	-	G
C40825956      none	B	[c:1][S:2](=O)(=O)!@[NX2H0-:3]-[*:4]	-59.9936	11.1111	-	-	-	-	G
C40825956      none	B	[aH1:1][c:2]([aH1])!@[SX4:3][!#1:4]	-89.6873	12.5987	-	-	-	-	G
C40710110      none	B	[OX2:1][CX4:2]!@[CX4:3][N:4]	-62.494	14.8764	-	-	-	-	G
C40710110      none	B	[$([CX3]=O):1][NX3H1:2]!@[CX4H2:3][C:4] 	-149.994	1.7769	-	-	-	-	O
C40710110      none	B	[O:1]=[CX3:2]([$([NX3H1]C)])!@[NX3H1:3][!#1:4]	180	9.5176	-	-	-	-	R
C40710110      none	B	[O:1]=[CX3:2]([$([NX3H1]C)])!@[NX3H1:3][!#1:4]	-0.00745087	41.1343	-	-	-	-	G
C40710110      none	B	[$(C=O):1][NX3H1:2]!@[CX4H1:3][H:4]	-0.000337846	8.26772	-	-	-	-	G
C40710110      none	B	[!#1:1][CX4:2]!@[CX4:3][!#1:4]	179.997	22.1548	-	-	-	-	G
C40710110      none	B	[O:1]=[C:2]([O-])!@[CX4H1:3][H:4]	-0.00755863	0.495663	-	-	-	-	O
C40710110      none	B	[!#1:1][CX4H2:2]!@[CX4H2:3][!#1:4]	179.999	58.554	-	-	-	-	G
C35483790      none	B	[a:1][a:2]!@[CX3:3]=[O:4]	89.9945	0.65154	-	-	-	-	R
C35483790      none	B	[*^2:1]~[C^2:2]([!H])!@[C^2:3]~[*^2:4]	-149.679	1.11601	-	-	-	-	O
C35483790      none	B	[$(C=O):1][NX3H0:2]!@[c:3]([s,o])[n:4]	-179.689	52.6316	-	-	-	-	G
C35483790      none	B	[a:1][c:2]!@[CX4H1:3][N,O:4]	-56.6679	3.48172	-	-	-	-	G
C35483790      none	B	[a:1][a:2]!@[CX3:3]=[O:4]	-29.9929	2.49728	-	-	-	-	G
C40313760      none	B	[$(S(=O)(=O)):1][NH0:2]!@[c:3]([cH1])[cH1:4]	59.9805	1.23967	-	-	-	-	G
C40313760      none	B	[c:1][S:2](=O)(=O)!@[NX2H0-:3]-[*:4]	60.0053	8.33333	-	-	-	-	G
C40313760      none	B	[aH0:1][c:2]([aH1])!@[SX4:3][!#1:4]	69.7052	11.3606	-	-	-	-	G
C40803123      none	B	[C:1][CX4H2:2]!@[CX3:3]=[O:4]	29.9934	4.22116	-	-	-	-	G
C40803123      none	B	[O:1]=[CX3:2]([NH1])!@[CH2:3][CX3:4]=O	90.0019	6.89655	-	-	-	-	G
C40803123      none	B	[O:1]=[CX3:2]!@[NX3H1:3][!#1:4]	-0.00551137	63.7893	-	-	-	-	G
C40803123      none	B	[$(C=O):1][NX3H1:2]!@[c:3]([cH1])[cH1:4]	-150.002	5.07451	-	-	-	-	G
C40803123      none	B	[!#1:1][CH2:2]!@[n:3][a:4]	90.0008	13.2097	-	-	-	-	G
C40803123      none	B	[!#1:1][CX4H2:2]!@[CX3:3]=[O:4]	-90.0054	1.11373	-	-	-	-	G
C62874636      none	B	[C:1][CX4:2]!@[CX3:3]=[O:4]	0.0123961	5.61823	-	-	-	-	G
C62874636      none	B	[cH1,nX2H0:1][c:2]([cH1,nX2H0])!@[NX3r:3][*:4]	150	1.71312	-	-	-	-	O
C62874636      none	B	[cH1:1][c:2]([cH1])!@[C:3]([NH1,NH2])=[O:4]	179.997	3.89499	-	-	-	-	G
C37289396      none	B	[$(C=O):1][NX3H0:2]!@[CX4H1:3][H:4]	0.00114651	15.8824	-	-	-	-	G
C37289396      none	B	[O:1]=[CX3:2]!@[NX3H0:3][!#1:4]	-30.0043	0.692521	-	-	-	-	O
C37289396      none	B	[O:1][CX4:2]!@[CX3:3]=[O:4]	150.005	2.2196	-	-	-	-	G
C37289396      none	B	[C:1][CX4H2:2]!@[OX2:3][c:4]	-119.995	0.315856	-	-	-	-	R
C37289396      none	B	[cH0:1][c:2]([cH1])!@[O:3][C:4]	-120.263	0.327297	-	-	-	-	R
C37289396      none	B	[O:1]=[C:2]([O-])!@[c:3]([cH1])[cH1:4]	179.985	7.35294	-	-	-	-	G
C02262386      none	B	[O-:1][N+:2](=O)!@[c:3]([cH,nX2H0])[cH,nX2H0:4]	179.978	23.2156	-	-	-	-	G
C02262386      none	B	[c:1][c:2]!@[c:3][s,o,nX3H1:4]	-30.0023	2.72579	-	-	-	-	G
C02262386      none	B	[a:1][c:2]!@[CX3:3]=[CX3H0:4]	-90.0014	1.59557	-	-	-	-	G
C02262386      none	B	[$(C=O):1][NX3H0:2]!@[c:3]([cH1])[cH1:4]	-119.706	4.75698	-	-	-	-	G
C02262386      none	B	[cH1:1][c:2]([cH1])!@[O:3][C:4]	180	26.896	-	-	-	-	G
C42414117      none	B	[$(C=O):1][NX3:2]!@[a:3][nH:4]	-0.00840024	44.9275	-	-	-	-	G
C42414117      none	B	[O:1]=[CX3:2]!@[NX3H1:3][!#1:4]	-29.9948	0.0303061	-	-	-	-	O
C42414117      none	B	[O:1]=[CX3:2]!@[CX4H1r3:3][H:4]	30.0019	0.833333	-	-	-	-	G
C42414117      none	B	[O:1]=[C:2]([O-])!@[CX4H1:3][H:4]	-0.00441601	0.495663	-	-	-	-	O
C42439857      none	B	[!#1:1][CX4:2]!@[CX4:3][!#1:4]	-60.004	12.2558	-	-	-	-	G
C42439857      none	B	[!#1:1][CX4:2]!@[CX4:3][!#1:4]	179.992	22.1548	-	-	-	-	G
C42439857      none	B	[O:1]=[C:2]([O-])!@[CX4H1:3][H:4]	-0.0107064	0.495663	-	-	-	-	O
C42439857      none	B	[$(C=O):1][NX3H1:2]!@[CX4H1:3][H:4]	0.00144895	8.26772	-	-	-	-	G
C42439857      none	B	[O:1]=[CX3:2]!@[NX3H1:3][!#1:4]	0.00426245	63.7893	-	-	-	-	G
C42439857      none	B	[O:1]=[CX3:2]!@[NX3H0:3][!#1:4]	-149.729	1.37927	-	-	-	-	O
C42439857      none	B	[!#1:1][CX4:2]!@[CX4:3][!#1:4]	79.9978	1.75235	-	-	-	-	G
C42439857      none	B	[C:1][CX4H2:2]!@[CX3:3]=[O:4]	-120.007	0.79457	-	-	-	-	O
C27988093      none	B	[C:1][CH2:2]!@[O:3][CX4:4]	159.998	5.67469	-	-	-	-	G
C27988093      none	B	[OX2:1][CX4H2:2]!@[CX4H2:3][Nr:4]	179.999	8.33333	-	-	-	-	G
C27988093      none	B	[$([CX3]=O):1][NX3H0:2](C)!@[CX4H2:3][C:4]	-120.311	2.31561	-	-	-	-	O
C27988093      none	B	[a:1][c:2]!@[CX4H1:3][N,O:4]	60.0003	3.42939	-	-	-	-	G
C27988093      none	B	[*^2:1]~[C^2:2]([!H])!@[C^2:3]~[*^2:4]	149.992	1.21045	-	-	-	-	G
C27988093      none	B	[cH1:1][c:2]([cH1])!@[CX3:3]([CX3H0])=[O:4]	-29.7176	3.55191	-	-	-	-	G
C27988093      none	B	[aH1:1][c:2]([aH1])!@[SX4:3][!#1:4]	-110.024	4.53328	-	-	-	-	G
C27988093      none	B	[*:1][$(S(=O)=O):2]!@[NX3H0r:3][*:4]	-119.712	0.995261	-	-	-	-	G
C28100683      none	B	[a:1][c:2]!@[CX4H2:3][!#1:4]	-89.9944	7.30446	-	-	-	-	G
C28100683      none	B	[!#1:1][CH2:2]!@[n:3][cH0:4]	89.9967	14.7896	-	-	-	-	G
C28100683      none	B	[!#1:1][CX4H2:2]!@[CX4H2:3][!#1:4]	179.998	58.554	-	-	-	-	G
C28100683      none	B	[!#1:1][CX4:2]!@[SX4:3][!#1:4]	-159.996	2.90526	-	-	-	-	G
C36854523      none	B	[aH0:1][c:2]([aH0])!@[SX2:3][!#1:4]	149.997	0.567303	-	-	-	-	O
C36854523      none	B	[!#1:1][CX4:2]!@[SX2:3][!#1:4]	84.0436	6.41197	-	-	-	-	G
C37449821      none	B	[cH1:1][c:2]([cH1])!@[C:3]([NH1,NH2])=[O:4]	-26.942	8.39053	-	-	-	-	G
C37449821      none	B	[O:1]=[CX3:2]!@[NX3H1:3][!#1:4]	-0.00631213	63.7893	-	-	-	-	G
C37449821      none	B	[$([CX3]=O):1][NX3H1:2]!@[CX4H2:3][C:4] 	180	6.46594	-	-	-	-	G
C37449821      none	B	[!#1:1][CX4H2:2]!@[CX4H2:3][!#1:4]	180	58.554	-	-	-	-	G
C37449821      none	B	[N:1][C:2](=O)!@[CX4H2:3][CX4H2:4]	-150	5.31335	-	-	-	-	G
C37449821      none	B	[O:1]=[CX3:2]!@[NX3H0:3][!#1:4]	-29.6798	0.692521	-	-	-	-	O
C37449821      none	B	[O:1]=[C:2]([O-])!@[CX4H1:3][H:4]	-0.00485609	0.495663	-	-	-	-	O
C66250912      none	B	[aH1:1][c:2]([aH1])!@[SX4:3][!#1:4]	-89.9952	12.5987	-	-	-	-	G
C66250912      none	B	[c:1][S:2](=O)(=O)!@[NX2H0-:3]-[*:4]	-89.9958	2.77778	-	-	-	-	G
C66250912      none	B	[$(S(=O)(=O)):1][N:2]!@[c:3][a:4]	-90.0028	5.66406	-	-	-	-	G
C66250912      none	B	[cH1:1][c:2]!@[c:3]([cH1])[nX2H0:4]	0.314941	25.7136	-	-	-	-	G
C66250912      none	B	[a:1][c:2]!@[C:3]([NH1,NH2])=[O:4]	179.999	9.31373	-	-	-	-	G
C28876129      none	B	[cH1:1][c:2]([cH1])!@[O:3][c:4]	-0.0132149	4.04784	-	-	-	-	G
C28876129      none	B	[cH1:1][c:2]([cH1])!@[O:3][c:4]	-89.7244	3.72585	-	-	-	-	G
C28876129      none	B	[c:1][c:2]!@[c:3]([cH0])[nX2H0:4]	59.9902	1.72176	-	-	-	-	G
C62135102      none	B	[$(C=O):1][NX3:2]!@[a:3][aH0:4]	-149.719	1.98526	-	-	-	-	O
C62135102      none	B	[O:1]=[CX3:2]!@[NX3H1:3][!#1:4]	59.9922	0	-	-	-	-	R
C62135102      none	B	[O:1]=[CX3:2]!@[NX3H0:3][!#1:4]	30.3273	0.680979	-	-	-	-	O
C62135102      none	B	[O:1]=[C:2]([O-])!@[CX4H1:3][H:4]	-0.00320991	0.495663	-	-	-	-	O
C39709584      none	B	[O:1]=[C:2]([O-])!@[CX4H1:3][H:4]	90.0033	0.86741	-	-	-	-	O
C39709584      none	B	[$(C=O):1][NX3H1:2]!@[CX4H1:3][H:4]	-30.0027	6.97413	-	-	-	-	G
C39709584      none	B	[O:1]=[CX3:2]!@[NX3H1:3][!#1:4]	0.00185966	63.7893	-	-	-	-	G
C39709584      none	B	[NH1:1][CX4:2]!@[CX3:3]=[O:4]	90.0012	0.183795	-	-	-	-	R
C39709584      none	B	[!#1:1][CX4:2]!@[CX4:3][!#1:4]	179.994	22.1548	-	-	-	-	G
C39709584      none	B	[$(C=O):1][NX3H1:2]!@[CX4H1:3][H:4]	-29.9961	6.97413	-	-	-	-	G
C39709584      none	B	[O:1]=[CX3:2]!@[NX3H1:3][!#1:4]	0.0046604	63.7893	-	-	-	-	G
C39709584      none	B	[O:1][CX4:2]!@[CX3:3]=[O:4]	30.4162	2.80888	-	-	-	-	G
C40095261      none	B	[cH1:1][c:2]([cH1])!@[CX3:3]([CX3H0])=[O:4]	-59.9992	0.204918	-	-	-	-	R
C40095261      none	B	[*^2:1]~[C^2:2]([!H])!@[C^2:3]~[*^2:4]	150.305	1.21045	-	-	-	-	G
C40095261      none	B	[$([CX3]=O):1][NX3H0:2](C)!@[CX4H2:3][C:4]	89.9945	14.7513	-	-	-	-	G
C40095261      none	B	[a:1][c:2]!@[CX4H1:3][N,O:4]	-123.166	3.08052	-	-	-	-	G
C40095261      none	B	[cH1:1][c:2](cO)!@[O:3][C:4]	-119.992	0.103612	-	-	-	-	R
C40095261      none	B	[cH1:1][c:2](cO)!@[O:3][C:4]	0.246369	49.3635	-	-	-	-	G
C40095261      none	B	[C:1][CX4H2:2]!@[OX2:3][c:4]	149.999	0.884397	-	-	-	-	O
C40095261      none	B	[!#1:1][CX4:2]!@[CX4:3][!#1:4]	60.0013	12.3771	-	-	-	-	G
C40095261      none	B	[OX2:1][CX4H2:2]!@[CX4H2:3][Nr:4]	179.998	8.33333	-	-	-	-	G
C40095261      none	B	[C:1][CH2:2]!@[O:3][CX4:4]	-80.0003	1.18773	-	-	-	-	G
C40095261      none	B	[C:1][CH2:2]!@[O:3][CX4:4]	-79.9937	1.18773	-	-	-	-	G
C40095261      none	B	[OX2:1][CX4H2:2]!@[CX4H2:3][OX2:4]	179.995	10.6129	-	-	-	-	G
C25173852      none	B	[*:1]~[NX3:2]!@[NX2:3]~[*:4]	120.005	0.129503	-	-	-	-	R
C25173852      none	B	[*:1]~[CX3:2]!@[NX3:3]~[*:4]	-179.697	27.0317	-	-	-	-	G
C53199704      none	B	[!#1:1][CX4:2]!@[CX4:3][!#1:4]	-60.0004	12.2558	-	-	-	-	G
C53199704      none	B	[C:1][CX4:2]!@[CX3:3]=[O:4]	0.0039076	5.61823	-	-	-	-	G
C53199704      none	B	[!#1:1][CX4:2]!@[SX2:3][!#1:4]	179.999	11.1654	-	-	-	-	G
C53199704      none	B	[C:1][CH2:2]!@[O:3][CX4:4]	180	35.2689	-	-	-	-	G
C53199704      none	B	[aH0:1][c:2]([aH0])!@[SX2:3][!#1:4]	90.005	3.2491	-	-	-	-	G
C39870531      none	B	[*:1]~[CX4:2]!@[n:3]~[*:4]	-60.0002	3.65221	-	-	-	-	G
C39870531      none	B	[*:1]~[cX3:2]!@[NX2:3]~[*:4]	-29.9998	1.57181	-	-	-	-	O
C39870531      none	B	[*:1]~[cX3:2]!@[NX2:3]~[*:4]	-179.724	15.3541	-	-	-	-	G
C39870531      none	B	[O-:1][N+:2](=O)!@[c:3]([cH,nX2H0])[cH,nX2H0:4]	-179.727	23.2156	-	-	-	-	G
C35609190      none	B	[OX2:1][CX4:2]!@[CX4:3][N:4]	-39.9936	1.41573	-	-	-	-	G
C35609190      none	B	[$([CX3]=O):1][NX3H1:2]!@[CX4H2:3][C:4] 	89.9987	7.35439	-	-	-	-	G
C35609190      none	B	[O:1]=[CX3:2]!@[NX3H1:3][!#1:4]	0.0020914	63.7893	-	-	-	-	G
C35609190      none	B	[nH0r6:1][cr6:2]([cH1r6])!@[C:3]([NH1,NH2])=[O:4]	-149.998	1.10497	-	-	-	-	G
C05042615      none	B	[$(C=O):1][NX3H1:2]!@[c:3]([cH1])[cH1:4]	-149.769	5.07451	-	-	-	-	G
C05042615      none	B	[O:1]=[CX3:2]!@[NX3H1:3][!#1:4]	0.00883964	63.7893	-	-	-	-	G
C05042615      none	B	[C:1][CX4:2]!@[CX3:3]=[O:4]	-86.2398	3.45082	-	-	-	-	G
C05042615      none	B	[O:1]=[C:2]([O-])!@[CX4H1:3][H:4]	90.0047	0.86741	-	-	-	-	O
C13060547      none	B	[cH1:1][c:2]([cH1])!@[CX3:3]=[NX2:4]	30.2746	2.39378	-	-	-	-	G
C13060547      none	B	[*:1]~[NX3:2]!@[NX2:3]~[*:4]	179.993	29.4914	-	-	-	-	G
C13060547      none	B	[O:1]=[CX3:2]!@[NX3H1:3][!#1:4]	0.00367517	63.7893	-	-	-	-	G
C13060547      none	B	[cH1:1][c:2]([cH1])!@[C:3]([NH1,NH2])=[O:4]	-153.005	8.78518	-	-	-	-	G
C13060547      none	B	[O-:1][N+:2](=O)!@[c:3]([cH,nX2H0])[cH,nX2H0:4]	-179.722	23.2156	-	-	-	-	G
C13060547      none	B	[aH1:1][c:2]([aH1])!@[SX4:3][!#1:4]	90.0043	12.916	-	-	-	-	G
C13060547      none	B	[c:1][$(S(=O)=O):2]!@[NX3H1:3][C:4]	59.9984	14.5215	-	-	-	-	G
C13060547      none	B	[$(S(=O)(=O)):1][NX3H1:2]!@[CX4H2:3][!#1:4]	60.0037	0.858369	-	-	-	-	O
C13060547      none	B	[NH1:1][CX4:2]!@[CX3:3]=[O:4]	120.005	0.41354	-	-	-	-	G
C39827860      none	B	[C:1][CX4H2:2]!@[OX2:3][c:4]	150.002	0.884397	-	-	-	-	O
C39827860      none	B	[cH1:1][c:2](cO)!@[O:3][C:4]	59.9998	0.148017	-	-	-	-	R
C39827860      none	B	[a:1][c:2]!@[CX4H1:3][N,O:4]	151.587	3.7643	-	-	-	-	G
C39827860      none	B	[*^2:1]~[C^2:2]([!H])!@[C^2:3]~[*^2:4]	-120.01	0.661024	-	-	-	-	G
C39827860      none	B	[$([CX3]=O):1][NX3H0:2](C)!@[CX4H2:3][C:4]	90.0207	14.7513	-	-	-	-	G
C39827860      none	B	[!#1:1][CX4H2:2]!@[CX4H2:3][!#1:4]	60.0041	3.99483	-	-	-	-	G
C39827860      none	B	[CX4:1][CX4H2:2]!@[NX3;"N_lp":3][CX4:4]	-156.366	6.65327	-	-	-	-	G
C39827860      none	B	[cH1:1][c:2]([cH1])!@[CX3:3]([CX3H0])=[O:4]	30.2776	4.23497	-	-	-	-	G
C39827860      none	B	[cH1:1][c:2]([cH1])!@[O:3][C:4]	150.002	0.199809	-	-	-	-	O
C39827860      none	B	[C:1][CX4H2:2]!@[OX2:3][c:4]	-149.998	1.28448	-	-	-	-	O
C39827860      none	B	[CX3:1]=[CX3:2]!@[CH2:3][OX2:4]	120.003	6.41221	-	-	-	-	G
C50469648      none	B	[!#1:1][CH2:2]!@[n:3][a:4]	-0.00241673	0.0996016	-	-	-	-	R
C50469648      none	B	[O-:1][N+:2](=O)!@[c:3]([cH,nX2H0])[cH,nX2H0:4]	179.976	23.2156	-	-	-	-	G
C50469648      none	B	[!#1:1][CX4H2:2]!@[CX3:3]=[O:4]	-90.0064	1.11373	-	-	-	-	G
C50469648      none	B	[O:1]=[CX3:2]!@[NX3H0:3][!#1:4]	-179.695	18.2537	-	-	-	-	G
C50469648      none	B	[O:1]=[C:2]([O-])!@[CX4H1:3][H:4]	89.9946	0.86741	-	-	-	-	O
C53201100      none	B	[H:1][CX4H1:2]!@[O:3][CX4:4]	39.9998	11.9906	-	-	-	-	G
C53201100      none	B	[$(C=O):1][NX3H1:2]!@[CX4H1:3][H:4]	180	0.712411	-	-	-	-	R
C53201100      none	B	[O:1]=[CX3:2]([$([NX3H1]C)])!@[NX3H1:3][!#1:4]	0.00247047	41.1343	-	-	-	-	G
C53201100      none	B	[O:1]=[CX3:2]([$([NX3H1]C)])!@[NX3H1:3][!#1:4]	179.998	9.5176	-	-	-	-	R
C53201100      none	B	[$(C=O):1][NX3:2]!@[a:3][aH0:4]	120.003	2.43553	-	-	-	-	G
C53201100      none	B	[cH0:1][c:2]!@[CX4H2:3][CX3:4]	90.0056	10.5615	-	-	-	-	G
C53201100      none	B	[c:1][CX4H2:2]!@[CX3:3]=[O:4]	-90.0049	2.5641	-	-	-	-	G
C35636087      none	B	[O:1]=[CX3:2]!@[NX3H1:3][!#1:4]	0.00141368	63.7893	-	-	-	-	G
C35636087      none	B	[$(C=O):1][NX3H1:2]!@[CX4H1:3][H:4]	-29.9991	6.97413	-	-	-	-	G
C35636087      none	B	[$(C=O):1][O:2]!@[CH1:3][H:4]	-30.0053	11.3505	-	-	-	-	G
C35636087      none	B	[OX2:1][CX4:2]!@[CX4:3][OX2:4]	80.0584	2.87509	-	-	-	-	O
C35636087      none	B	[O:1]=[C:2]!@[O:3]~[C:4]	60.005	0.00468626	-	-	-	-	R
C44963374      none	B	[OX2:1][CX4:2]!@[CX4:3][OX2:4]	-59.9681	16.2177	-	-	-	-	G
C44963374      none	B	[!#1:1][CX4:2]!@[CX4:3][!#1:4]	180	22.1548	-	-	-	-	G
C67349713      none	B	[!#1:1][CX4:2]!@[CX3H0:3][!#1:4]	-149.998	2.58987	-	-	-	-	G
C67349713      none	B	[!#1:1][CX4H2:2]!@[CX4H2:3][!#1:4]	59.9976	3.99483	-	-	-	-	G
C67349713      none	B	[!#1:1][CX4H2:2]!@[CX4H2:3][!#1:4]	59.9999	3.99483	-	-	-	-	G
C67349713      none	B	[O:1]=[CX3:2]([NH1])!@[CH2:3][C:4]	59.9966	6.84932	-	-	-	-	G
C67349713      none	B	[O:1]=[CX3:2]!@[NX3H1:3][!#1:4]	0.0109687	63.7893	-	-	-	-	G
C67349713      none	B	[$(C=O):1][NX3H1:2]!@[c:3]([cH1])[cH1:4]	59.9968	0.402739	-	-	-	-	R
C67349713      none	B	[aH1:1][c:2]([aH1])!@[SX4:3][!#1:4]	90.0095	12.916	-	-	-	-	G
C67341902      none	B	[c:1][c:2]!@[c:3][s,o,nX3H1:4]	-0.00543736	17.837	-	-	-	-	G
C67341902      none	B	[a:1][c:2]!@[CX4H2:3][CX3:4]	-44.9976	0.689061	-	-	-	-	O
C67341902      none	B	[c:1][CX4H2:2]!@[CX3:3]=[O:4]	120.003	1.4245	-	-	-	-	O
C67341902      none	B	[O:1]=[CX3:2]!@[NX3H1:3][!#1:4]	0.00365749	63.7893	-	-	-	-	G
C33443622      none	B	[$(C=O):1][NX3H1:2]!@[CX4H1:3][H:4]	0.00168046	8.26772	-	-	-	-	G
C33443622      none	B	[O:1]=[CX3:2]!@[NX3H1:3][!#1:4]	-0.00169967	63.7893	-	-	-	-	G
C33443622      none	B	[O:1]=[CX3:2]([NH1])!@[CH2:3][C:4]	119.997	0.124533	-	-	-	-	O
C33443622      none	B	[!#1:1][CX4H2:2]!@[CX4H2:3][!#1:4]	-60.0004	3.77933	-	-	-	-	G
C33443622      none	B	[O:1]=[CX3:2]([NH1])!@[CH2:3][C:4]	-90.003	1.868	-	-	-	-	O
C33443622      none	B	[O:1]=[CX3:2]!@[NX3H1:3][!#1:4]	0.00270484	63.7893	-	-	-	-	G
C33443622      none	B	[$([CX3]=O):1][NX3H1:2]!@[CX4H2:3][C:4] 	180	6.46594	-	-	-	-	G
C33443622      none	B	[NH1:1][CX4:2]!@[CX3:3]=[O:4]	120.003	0.41354	-	-	-	-	G
C20370072      none	B	[H:1][CX4H1:2]!@[O:3][CX4:4]	-60.0026	5.14933	-	-	-	-	G
C20370072      none	B	[O:1]=[C:2]([O-])!@[CX4H1:3][H:4]	90.0036	0.86741	-	-	-	-	O
C20370072      none	B	[cH0:1][c:2]([cH,nX2H0])!@[NX3H0:3][CX4:4]	-60.2819	5.09408	-	-	-	-	G
C20370072      none	B	[O-:1][N+:2](=O)!@[c:3]([cH0])[cH,nX2H0:4]	90.2435	0.274725	-	-	-	-	O
C20635630      none	B	[O-:1][N+:2](=O)!@[c:3]([cH,nX2H0])[cH,nX2H0:4]	179.983	23.2156	-	-	-	-	G
C20635630      none	B	[cH0:1][c:2]([cH1])!@[c:3]([cH1:4])[cH1]	89.9951	0.691754	-	-	-	-	R
C20635630      none	B	[cH1,nX2H0:1][c:2]([cH1,nX2H0])!@[NX3r:3][*:4]	120.284	2.56328	-	-	-	-	O
C36888481      none	B	[!#1:1][CX4:2]!@[CX4:3][!#1:4]	68.6291	7.06239	-	-	-	-	G
C36888481      none	B	[NH1:1][CX4:2]!@[CX3:3]=[O:4]	119.996	0.41354	-	-	-	-	G
C36888481      none	B	[$(C=O):1][NX3H1:2]!@[CX4H0:3][C:4]	59.9923	13.3187	-	-	-	-	G
C36888481      none	B	[O:1]=[CX3:2]([$([NX3H1]C)])!@[NX3H1:3][!#1:4]	0.00684905	41.1343	-	-	-	-	G
C36888481      none	B	[O:1]=[CX3:2]([$([NX3H1]C)])!@[NX3H1:3][!#1:4]	0.00374996	41.1343	-	-	-	-	G
C36888481      none	B	[$(C=O):1][NX3H1:2]!@[CX4H2:3][!#1:4]	-150.003	1.65159	-	-	-	-	G
C36888481      none	B	[cH0:1][c:2]!@[CX4H2:3][N,O,S:4]	89.9947	7.74238	-	-	-	-	G
C44259529      none	B	[O:1]=[CX3:2]!@[NX3H1:3][!#1:4]	0.00363573	63.7893	-	-	-	-	G
C44259529      none	B	[$([CX3]=O):1][NX3H1:2]!@[CX4H2:3][C:4] 	-90.0005	7.35439	-	-	-	-	G
C44259529      none	B	[!#1:1][CX4H2:2]!@[CX4H2:3][!#1:4]	59.9982	3.99483	-	-	-	-	G
C44259529      none	B	[$(S(=O)(=O)):1][NX3H1:2]!@[CX4H2:3][!#1:4]	179.999	9.01288	-	-	-	-	G
C44259529      none	B	[c:1][$(S(=O)=O):2]!@[NX3H1:3][C:4]	-59.9999	13.7514	-	-	-	-	G
C44259529      none	B	[aH1:1][c:2]([aH1])!@[SX4:3][!#1:4]	90.2768	12.916	-	-	-	-	G
C44259529      none	B	[a:1][a:2]!@[CX3:3]=[CX3H1:4]	-160.006	2.81868	-	-	-	-	G
C44259529      none	B	[*^2:1]~[C^2:2]([!H])!@[C^2:3]~[*^2:4]	0.0107166	20.0453	-	-	-	-	G
C20214395      none	B	[a:1][c:2]!@[C:3]([NH0])=[O:4]	-60.0003	3.63889	-	-	-	-	G
C20214395      none	B	[O-:1][N+:2](=O)!@[c:3][a:4]	179.806	18.7168	-	-	-	-	G
C20214395      none	B	[O:1]=[CX3:2](a)!@[NX3H0:3][!#1:4]	-29.715	1.17502	-	-	-	-	O
C20214395      none	B	[O:1]=[C:2]([O-])!@[CX4H1:3][H:4]	89.9961	0.86741	-	-	-	-	O
C50265133      none	B	[aH1:1][c:2]([aH1])!@[SX4:3][!#1:4]	-90.0029	12.5987	-	-	-	-	G
C50265133      none	B	[c:1][S:2](=O)(=O)!@[NX2H0-:3]-[*:4]	-59.9995	11.1111	-	-	-	-	G
C50265133      none	B	[$(S(=O)(=O)):1][N:2]!@[c:3][a:4]	179.999	4.19922	-	-	-	-	G
C50265133      none	B	[aH0:1][c:2]([aH1])!@[SX4:3][!#1:4]	-89.995	5.01982	-	-	-	-	G
C39135800      none	B	[NH1:1][CX4:2]!@[CX3:3]=[O:4]	-120.001	0.275693	-	-	-	-	G
C39135800      none	B	[$(C=O):1][NX3H1:2]!@[CX4H0:3][C:4]	-59.9972	14.7253	-	-	-	-	G
C39135800      none	B	[O:1]=[CX3:2]!@[NX3H1:3][!#1:4]	0.000364748	63.7893	-	-	-	-	G
C39135800      none	B	[$([cH0][OH1]):1][c:2]([cH1])!@[C:3](=O)[NH1:4]	29.9977	0	-	-	-	-	R
C24772401      none	B	[C:1][CX4:2]!@[CX3:3]=[O:4]	59.9971	2.38699	-	-	-	-	G
C24772401      none	B	[!#1:1][CX4:2]!@[SX2:3][!#1:4]	80.004	6.41197	-	-	-	-	G
C24772401      none	B	[$([c]([NH1,NH2])):1][c:2]!@[CX3:3]([!O])=[O:4]	120.266	0	-	-	-	-	R
C24772401      none	B	[aH0:1][c:2]([aH0])!@[SX2:3][!#1:4]	-149.998	0.43837	-	-	-	-	O
C37407553      none	B	[OX2:1][CX4:2]!@[CX4:3][N:4]	-79.9959	3.59551	-	-	-	-	G
C37407553      none	B	[O:1]=[C:2]([O-])!@[CX4H1:3][H:4]	90.0015	0.86741	-	-	-	-	O
C37407553      none	B	[$(C=O):1][NX3H1:2]!@[CX4H1:3][H:4]	-30.0114	6.97413	-	-	-	-	G
C37407553      none	B	[O:1]=[CX3:2]!@[NX3H1:3][!#1:4]	0.0087148	63.7893	-	-	-	-	G
C37407553      none	B	[cH1:1][c:2]([cH1])!@[C:3]([NH1,NH2])=[O:4]	-26.999	8.39053	-	-	-	-	G
C37407553      none	B	[O-:1][N+:2](=O)!@[c:3]([cH0])[cH,nX2H0:4]	90.2575	0.274725	-	-	-	-	O
C13234938      none	B	[C:1][CX4:2]!@[CX3:3]=[O:4]	30.0026	3.28614	-	-	-	-	G
C13234938      none	B	[!#1:1][CX4:2]!@[SX2:3][!#1:4]	179.998	11.1654	-	-	-	-	G
C13234938      none	B	[O:1]=[CX3:2]!@[NX3H1:3][!#1:4]	0.0043311	63.7893	-	-	-	-	G
C13234938      none	B	[$(C=O):1][NX3H1:2]!@[CX4H1:3][H:4]	-0.00626114	8.26772	-	-	-	-	G
C13234938      none	B	[aH0:1][c:2]([aH0])!@[SX2:3][!#1:4]	-30.0039	0.51573	-	-	-	-	O
C13234938      none	B	[a:1][ar5:2]!@[ar5:3][a:4]	60.3361	1.67939	-	-	-	-	G
C13234938      none	B	[*:1]~[CX4:2]!@[n:3]~[*:4]	180	3.53397	-	-	-	-	G
C13234938      none	B	[!#1:1][CX4:2]!@[CX4:3][!#1:4]	39.9977	0.998355	-	-	-	-	G
C13234938      none	B	[O:1]=[C:2]([O-])!@[CX4H1:3][H:4]	89.997	0.86741	-	-	-	-	O
C40536745      none	B	[$(C=O):1][NX3H1:2]!@[c:3]([cH0]F)[cH:4]	59.9985	0	-	-	-	-	R
C40536745      none	B	[O:1]=[CX3:2]([$([NX3H1]C)])!@[NX3H1:3][!#1:4]	180	9.5176	-	-	-	-	R
C40536745      none	B	[O:1]=[CX3:2]([$([NX3H1]C)])!@[NX3H1:3][!#1:4]	0.000765512	41.1343	-	-	-	-	G
C40536745      none	B	[$(C=O):1][NX3H1:2]!@[CX4H1:3][H:4]	-0.00323021	8.26772	-	-	-	-	G
C40536745      none	B	[OX2:1][CX4:2]!@[CX4:3][N:4]	59.9998	15.2809	-	-	-	-	G
C40536745      none	B	[O:1]=[C:2]([O-])!@[CX4H1:3][H:4]	0.0083154	0.495663	-	-	-	-	O
C35783086      none	B	[*:1][$(S(=O)=O):2]!@[NX3H0r:3][*:4]	-59.9973	8.17536	-	-	-	-	G
C35783086      none	B	[aH0:1][c:2]([aH1])!@[SX4:3][!#1:4]	149.726	0.396301	-	-	-	-	R
C50603841      none	B	[!#1:1][CX4:2]!@[CX4:3][!#1:4]	160.005	1.81259	-	-	-	-	G
C50603841      none	B	[$([CX3]=O):1][NX3H1:2]!@[CX4H2:3][C:4] 	119.996	2.76407	-	-	-	-	O
C50603841      none	B	[O:1]=[CX3:2]([$([NX3H1]C)])!@[NX3H1:3][!#1:4]	0.00767524	41.1343	-	-	-	-	G
C50603841      none	B	[O:1]=[CX3:2]([$([NX3H1]C)])!@[NX3H1:3][!#1:4]	-0.00589526	41.1343	-	-	-	-	G
C50603841      none	B	[$(C=O):1][NX3H1:2]!@[CX4H1:3][H:4]	-29.995	6.97413	-	-	-	-	G
C50603841      none	B	[!#1:1][CX4:2]!@[CX4:3][!#1:4]	180	22.1548	-	-	-	-	G
C50603841      none	B	[O:1]=[C:2]([O-])!@[CX4H1:3][H:4]	0.00190023	0.495663	-	-	-	-	O
C50603841      none	B	[!#1:1][CX4H2:2]!@[CX4H2:3][!#1:4]	180	58.554	-	-	-	-	G
C03113056      none	B	[cH1:1][a:2]([cH1])!@[a:3]([sX2,o,nX2H0,nX3H1:4])	120.316	0.939981	-	-	-	-	O
C03113056      none	B	[a:1][c:2]!@[C:3]([NH1,NH2])=[O:4]	30.0034	4.93827	-	-	-	-	O
C03113056      none	B	[cH1:1][a:2]([cH1])!@[a:3]([sX2,o,nX2H0,nX3H1:4])([cH0])	-29.6164	4.65593	-	-	-	-	G
C03113056      none	B	[O:1]=[CX3:2]!@[NX3H1:3][!#1:4]	-0.00240035	63.7893	-	-	-	-	G
C03113056      none	B	[*:1]~[NX3:2]!@[NX2:3]~[*:4]	-150.003	0.364964	-	-	-	-	O
C03113056      none	B	[cH1:1][c:2]([cH0])!@[CX3x0:3]=[NX2:4]	30.283	0.850762	-	-	-	-	G
C03113056      none	B	[O-:1][N+:2](=O)!@[c:3]([cH,nX2H0])[cH,nX2H0:4]	179.978	23.2156	-	-	-	-	G
C61831198      none	B	[!#1:1][CX4:2]!@[CX4:3][!#1:4]	159.996	1.81259	-	-	-	-	G
C61831198      none	B	[!#1:1][CX4:2]!@[CX4:3][!#1:4]	-160.006	1.85018	-	-	-	-	G
C61831198      none	B	[!#1:1][CX4:2]!@[CX4:3][!#1:4]	160	1.81259	-	-	-	-	G
C61831198      none	B	[cH0:1][c:2]!@[CX4H1:3][CX4:4]	-120.273	7.57923	-	-	-	-	G
C61831198      none	B	[C:1][CX4H2:2]!@[CX3:3]=[O:4]	-120.008	0.79457	-	-	-	-	O
C62136219      none	B	[O:1]=[CX3:2]!@[NX3H0:3][!#1:4]	-149.994	1.37927	-	-	-	-	O
C62136219      none	B	[N:1][CX4:2]!@[CX3:3]=[O:4]	-119.718	0.897291	-	-	-	-	O
C62136219      none	B	[O:1]=[CX3:2]!@[NX3H0:3][!#1:4]	-149.689	1.37927	-	-	-	-	O
C62136219      none	B	[O:1]=[C:2]([O-])!@[CX4H1:3][H:4]	0.00402869	0.495663	-	-	-	-	O
C05381366      none	B	[H:1][CX4H1:2]!@[O:3][CX4:4]	-29.994	6.07621	-	-	-	-	G
C05381366      none	B	[H:1][CX4H1:2]!@[O:3][CX4:4]	-0.00328398	4.26659	-	-	-	-	G
C05381366      none	B	[$(C=O):1][NX3H1:2]!@[CX4H1:3][H:4]	-30.0043	6.97413	-	-	-	-	G
C05381366      none	B	[OX2:1][CX4:2]!@[CX4:3][OX2:4]	59.9617	14.3222	-	-	-	-	G
C05381366      none	B	[O:1]=[CX3:2]!@[NX3H1:3][!#1:4]	0.00343253	63.7893	-	-	-	-	G
C04523147      none	B	[O-:1][N+:2](=O)!@[c:3]([cH,nX2H0])[cH,nX2H0:4]	179.977	23.2156	-	-	-	-	G
C04523147      none	B	[*:1]~[cX3:2]!@[NX2:3]~[*:4]	-0.000398583	14.1132	-	-	-	-	G
C04523147      none	B	[*:1]~[cX3:2]!@[NX2:3]~[*:4]	90.2698	1.96062	-	-	-	-	O
C04523147      none	B	[aH0:1][c:2]([aH1])!@[SX4:3][!#1:4]	-69.9849	15.3236	-	-	-	-	G
C53883815      none	B	[!#1:1][CX4:2]!@[CX4:3][!#1:4]	-39.998	0.976141	-	-	-	-	G
C53883815      none	B	[CX4:1][CX4H2:2]!@[NX3;"N_lp":3][CX4:4]	-54.0439	0.904523	-	-	-	-	O
C38029877      none	B	[O:1]=[CX3:2]!@[NX3H1:3][!#1:4]	0.00059629	63.7893	-	-	-	-	G
C38029877      none	B	[$(C=O):1][NX3H1:2]!@[c:3](s)[n:4]	-179.678	66.092	-	-	-	-	G
C38029877      none	B	[a:1][c:2]!@[C:3]([NH1,NH2])=[O:4]	-149.996	5.2923	-	-	-	-	O
C38029877      none	B	[O:1]=[CX3:2]!@[NX3H1:3][!#1:4]	-0.0125764	63.7893	-	-	-	-	G
C38029877      none	B	[$(C=O):1][NX3H1:2]!@[c:3]([cH1])[cH1:4]	30.012	5.05437	-	-	-	-	G
C38029877      none	B	[!#1:1][CH2:2]!@[n:3][a:4]	90.0051	13.2097	-	-	-	-	G
C38029877      none	B	[!#1:1][CX4H2:2]!@[CX3:3]=[O:4]	-119.997	0.59462	-	-	-	-	G
C20215094      none	B	[O-:1][N+:2](=O)!@[c:3]([cH,nX2H0])[cH,nX2H0:4]	179.966	23.2156	-	-	-	-	G
C20215094      none	B	[a:1][c:2]!@[C:3]([NH1,NH2])=[O:4]	59.9906	0.626362	-	-	-	-	G
C20215094      none	B	[O:1]=[CX3:2]!@[NX3H1:3][!#1:4]	0.000682081	63.7893	-	-	-	-	G
C20215094      none	B	[$(C=O):1][NX3H1:2]!@[CX4H1:3][H:4]	-29.9946	6.97413	-	-	-	-	G
C20215094      none	B	[!#1:1][CX4:2]!@[CX4:3][!#1:4]	160.002	1.81259	-	-	-	-	G
C20215094      none	B	[O:1]=[C:2]([O-])!@[CX4H1:3][H:4]	0.00486719	0.495663	-	-	-	-	O
C20215094      none	B	[C:1][CX4H2:2]!@[CX3:3]=[O:4]	-120	0.79457	-	-	-	-	O
C13099491      none	B	[aH0:1][c:2]([aH1])!@[SX4:3][!#1:4]	179.939	1.4531	-	-	-	-	G
C13099491      none	B	[n,o,s:1][c:2]!@[CX4H2:3][CX4:4]	-89.9992	5.3104	-	-	-	-	G
C13099491      none	B	[!#1:1][CX4H2:2]!@[CX4H2:3][!#1:4]	-59.9977	3.77933	-	-	-	-	G
C13099491      none	B	[C:1][CX4H2:2]!@[CX3:3]=[O:4]	120	0.695249	-	-	-	-	O
C08316254      none	B	[a:1][a:2]!@[NX3:3][!#1:4]	180	11.4213	-	-	-	-	G
C08316254      none	B	[cH1:1][c:2]!@[c:3]([cH1])[nX2H0:4]	30.2893	2.23708	-	-	-	-	O
C48843420      none	B	[OX2:1][CX4:2]!@[CX4:3][N:4]	60.0004	15.2809	-	-	-	-	G
C48843420      none	B	[O:1]=[C:2]([O-])!@[CX4H1:3][H:4]	89.9971	0.86741	-	-	-	-	O
C48843420      none	B	[$(C=O):1][NX3H1:2]!@[CX4H1:3][H:4]	-30.0038	6.97413	-	-	-	-	G
C48843420      none	B	[O:1]=[CX3:2]([$([NX3H1]C)])!@[NX3H1:3][!#1:4]	0.00246799	41.1343	-	-	-	-	G
C48843420      none	B	[O:1]=[CX3:2]([$([NX3H1]C)])!@[NX3H1:3][!#1:4]	0.000125357	41.1343	-	-	-	-	G
C48843420      none	B	[$([CX3]=O):1][NX3H1:2]!@[CX4H2:3][C:4] 	-119.998	2.61599	-	-	-	-	O
C48843420      none	B	N[C:2](=[O:1])!@[CH2:3][N:4]	-119.999	0.892857	-	-	-	-	G
C48843420      none	B	[O:1]=[CX3:2]!@[NX3H0:3][!#1:4]	30.2747	0.680979	-	-	-	-	O
C52763992      none	B	[!#1:1][CX4:2]!@[CX4:3][!#1:4]	-59.9915	12.2558	-	-	-	-	G
C52763992      none	B	[!#1:1][CX4:2]!@[CX4:3][!#1:4]	179.998	22.1548	-	-	-	-	G
C52763992      none	B	[O:1]=[C:2]([O-])!@[CX4H1:3][H:4]	-0.00245373	0.495663	-	-	-	-	O
C52763992      none	B	[$(C=O):1][NX3H1:2]!@[CX4H1:3][H:4]	29.9991	9.46757	-	-	-	-	G
C52763992      none	B	[O:1]=[CX3:2]!@[NX3H1:3][!#1:4]	0.00213946	63.7893	-	-	-	-	G
C52763992      none	B	[O:1]=[CX3:2]!@[NX3H0:3][!#1:4]	-149.67	1.37927	-	-	-	-	O
C52763992      none	B	[!#1:1][CX4:2]!@[CX4:3][!#1:4]	59.9976	12.3771	-	-	-	-	G
C52763992      none	B	[!#1:1][CX4H2:2]!@[CX4H2:3][!#1:4]	180	58.554	-	-	-	-	G
C52763992      none	B	[!#1:1][CX4H2:2]!@[CX4H2:3][!#1:4]	180	58.554	-	-	-	-	G
C37431695      none	B	[OX2:1][CX4:2]!@[CX4:3][N:4]	59.9973	15.2809	-	-	-	-	G
C37431695      none	B	[O:1]=[C:2]([O-])!@[CX4H1:3][H:4]	90.0004	0.86741	-	-	-	-	O
C37431695      none	B	[$(C=O):1][NX3H1:2]!@[CX4H1:3][H:4]	-29.9976	6.97413	-	-	-	-	G
C37431695      none	B	[O:1]=[CX3:2]!@[NX3H1:3][!#1:4]	0.000832649	63.7893	-	-	-	-	G
C37431695      none	B	[$([cH0]F):1][c:2]([cH1])!@[CX3:3]([NX3H1])=[O:4]	-150	18.3673	-	-	-	-	G
C37431695      none	B	[O-:1][N+:2](=O)!@[c:3]([cH0])[cH,nX2H0:4]	0.024056	12.6374	-	-	-	-	G
C19957404      none	B	[nX2:1][c:2]!@[NX2:3]=[$(C([NX3])N):4]	29.9968	5.88235	-	-	-	-	G
C19957404      none	B	[!#1:1][CX4:2]!@[CX4:3][!#1:4]	80.0016	1.75235	-	-	-	-	G
C19957404      none	B	[C:1][CX4H2:2]!@[CX3:3]=[O:4]	180	0.645588	-	-	-	-	R
C19957404      none	B	[O:1]=[C:2]!@[O:3]~[C:4]	-0.00405198	74.4927	-	-	-	-	G
C36884535      none	B	[C:1][CX4:2]!@[CX3:3]=[O:4]	-119.885	3.42432	-	-	-	-	G
C36884535      none	B	[O:1]=[CX3:2]!@[NX3H0:3][!#1:4]	-149.999	1.37927	-	-	-	-	O
C36884535      none	B	[O:1]=[CX3:2]!@[NX3H0:3][!#1:4]	-149.999	1.37927	-	-	-	-	O
C36884535      none	B	[$([CX3]=O):1][NX3H0:2](C)!@[CX4H2:3][C:4]	120.007	2.74443	-	-	-	-	O
C36884535      none	B	[$([CX3]=O):1][NX3H0:2](C)!@[CX4H2:3][C:4]	89.9933	14.7513	-	-	-	-	G
C36884535      none	B	[!#1:1][CX4:2]!@[CX4:3][!#1:4]	-128.624	0.0995365	-	-	-	-	R
C36884535      none	B	[N:1][CX4:2]!@[CX3:3]=[O:4]	-120.002	0.897291	-	-	-	-	G
C63585486      none	B	[cH1:1][c:2](cO)!@[O:3][C:4]	90.2733	0.310835	-	-	-	-	R
C63585486      none	B	[a:1][c:2]!@[CX4H2:3][!#1:4]	135	1.8443	-	-	-	-	O
C63585486      none	B	[cH1:1][c:2](cO)!@[O:3][C:4]	-0.253036	49.3635	-	-	-	-	G
C63585486      none	B	[$(C=O):1][NX3H1:2]!@[CX4H2:3][$([c]([cH,nX2H0])[cH,nX2H0]):4]	-150.005	1.01266	-	-	-	-	G
C63585486      none	B	[O:1]=[CX3:2]!@[NX3H1:3][!#1:4]	0.0109115	63.7893	-	-	-	-	G
C63585486      none	B	[cH0:1][c:2]([cH1])!@[CX3:3]([NX3H1])=[O:4]	-89.9995	1.04439	-	-	-	-	O
C40111351      none	B	[a:1][c:2]!@[CX4H1:3][N,O:4]	151.577	3.7643	-	-	-	-	G
C40111351      none	B	[*^2:1]~[C^2:2]([!H])!@[C^2:3]~[*^2:4]	-150.029	1.11601	-	-	-	-	G
C40111351      none	B	[$([CX3]=O):1][NX3H0:2](C)!@[CX4H2:3][C:4]	120.038	2.74443	-	-	-	-	O
C40111351      none	B	[OX2:1][CX4H2:2]!@[CX4H2:3][Nr:4]	60.0022	18.1373	-	-	-	-	G
C40111351      none	B	[cH1:1][c:2]([cH1])!@[CX3:3]([CX3H0])=[O:4]	90.2733	0	-	-	-	-	R
C40111351      none	B	[aH1:1][c:2]([aH1])!@[SX4:3][!#1:4]	69.9999	5.04089	-	-	-	-	G
C40111351      none	B	[*:1][$(S(=O)=O):2]!@[NX3H0r:3][*:4]	-119.721	0.995261	-	-	-	-	G
C20258313      none	B	[OX2:1][CX4:2]!@[CX4:3][N:4]	39.996	1.66292	-	-	-	-	G
C20258313      none	B	[O:1]=[C:2]([O-])!@[CX4H1:3][H:4]	89.9909	0.86741	-	-	-	-	O
C20258313      none	B	[$(C=O):1][NX3H1:2]!@[CX4H1:3][H:4]	-30.0034	6.97413	-	-	-	-	G
C20258313      none	B	[O:1]=[CX3:2]!@[NX3H1:3][!#1:4]	0.00529177	63.7893	-	-	-	-	G
C20258313      none	B	[NH1:1][CX4:2]!@[CX3:3]=[O:4]	-93.1561	0.352274	-	-	-	-	R
C23128314      none	B	[aH1:1][c:2]([aH1])!@[SX4:3][!#1:4]	29.9999	0.225606	-	-	-	-	R
C23128314      none	B	[*:1][$(S(=O)=O):2]!@[NX3H0r:3][*:4]	-119.719	0.995261	-	-	-	-	G
C23128314      none	B	[O:1]=[C:2]([O-])!@[CX4H1:3][H:4]	-0.00256845	0.495663	-	-	-	-	O
C58844709      none	B	[O:1]=[CX3:2]([NH1])!@[CH2:3][C:4]	-0.00150092	11.7061	-	-	-	-	G
C58844709      none	B	[O:1]=[CX3:2]!@[NX3H1:3][!#1:4]	-0.00767502	63.7893	-	-	-	-	G
C58844709      none	B	[$(C=O):1][NX3H1:2]!@[c:3]([cH1])[cH1:4]	30.0022	5.05437	-	-	-	-	G
C58844709      none	B	[cH1:1][c:2]([cH1])!@[C:3]([NH1,NH2])=[O:4]	153.022	9.05971	-	-	-	-	G
C58844709      none	B	[O:1]=[CX3:2]!@[NX3H1:3][!#1:4]	-0.00139688	63.7893	-	-	-	-	G
C58844709      none	B	[$(C=O):1][NX3H1:2]!@[CX4H1:3][H:4]	-30.0005	6.97413	-	-	-	-	G
C58844709      none	B	[!#1:1][CX4:2]!@[CX4:3][!#1:4]	179.994	22.1548	-	-	-	-	G
C58844709      none	B	[C:1][CX4H2:2]!@[CX3:3]=[O:4]	119.995	0.695249	-	-	-	-	O
C52926054      none	B	[O:1]=[C:2]([O-])!@[c:3]([cH1])[cH1:4]	179.978	7.35294	-	-	-	-	G
C52926054      none	B	[cH0:1][c:2]([cH,nX2H0])!@[NX3H1:3][CX4:4]	179.978	49.7854	-	-	-	-	G
C52926054      none	B	[!#1:1][CX4H2:2]!@[NX3H1:3][!#1:4]	59.9926	1.21645	-	-	-	-	O
C52926054      none	B	[OX2:1][CX4H2:2]!@[CX4H2:3][N:4]	60.0055	17.6955	-	-	-	-	G
C52926054      none	B	[C:1][CH2:2]!@[O:3][CX4:4]	180	35.2689	-	-	-	-	G
C52926054      none	B	[C:1][CH2:2]!@[O:3][CX4:4]	80.0012	1.71561	-	-	-	-	G
C52926054      none	B	[OX2:1][CX4H2:2]!@[CX4H2:3][OX2:4]	180	10.6129	-	-	-	-	G
C20310677      none	B	[$([cH0]!@[*^2]):1][c:2]([cH1])!@[CX3:3]=[O:4]	0.00297544	22.9851	-	-	-	-	G
C20310677      none	B	[*^2:1]~[C^2:2]([!H])!@[C^2:3]~[*^2:4]	-119.704	0.661024	-	-	-	-	G
C20310677      none	B	[$([CX3]=O):1][NX3H0:2](C)!@[CX4H2:3][C:4]	119.997	2.74443	-	-	-	-	O
C20310677      none	B	[a:1][c:2]!@[CX4H1:3][N,O:4]	153.319	3.7643	-	-	-	-	G
C20310677      none	B	[cH1:1][c:2]([cH1])!@[O:3][C:4]	-30.025	0.195465	-	-	-	-	R
C20310677      none	B	[C:1][CX4H2:2]!@[OX2:3][c:4]	90.0128	1.05285	-	-	-	-	G
C20310677      none	B	[CX3:1]=[CX3:2]!@[CH2:3][OX2:4]	-150.005	1.83206	-	-	-	-	G
C20310677      none	B	[!#1:1][CX4H2:2]!@[CX4H2:3][!#1:4]	180	58.554	-	-	-	-	G
C20310677      none	B	[!#1:1][CX4H2:2]!@[CX4H2:3][!#1:4]	180	58.554	-	-	-	-	G
C20310677      none	B	[CX4:1][CX4H2:2]!@[NX3;"N_lp":3][CX4:4]	-156.361	6.65327	-	-	-	-	G
C06251207      none	B	[O:1]=[C:2]([O-])!@[c:3]([cH1])[cH1:4]	179.973	7.35294	-	-	-	-	G
C06251207      none	B	[$(C=O):1][NX3H0:2]!@[c:3]([cH1])[cH1:4]	30.2741	1.15477	-	-	-	-	G
C06251207      none	B	[a:1][c:2]!@[CX4H1:3][N,O:4]	-156.934	2.96539	-	-	-	-	G
C06251207      none	B	[C:1][CX4H2:2]!@[NX3;"N_lp":3][C:4]	160.001	5.62549	-	-	-	-	G
C06251207      none	B	N[C:2](=[O:1])!@[CH2:3][N:4]	60.0018	0.14881	-	-	-	-	O
C49096684      none	B	[cH0:1][c:2]([cH1])!@[CX3:3]=[O:4]	-30.0411	3.37484	-	-	-	-	O
C49096684      none	B	[*^2:1]~[C^2:2]([!H])!@[C^2:3]~[*^2:4]	120.003	0.806964	-	-	-	-	G
C49096684      none	B	[*:1]~[CX3:2]!@[NX3:3]~[*:4]	60.2918	0.126334	-	-	-	-	R
C13273280      none	B	[O:1]=[C:2]([O-])!@[c:3]([cH1])[cH1:4]	179.973	7.35294	-	-	-	-	G
C13273280      none	B	[$(S(=O)(=O)):1][NH0:2]!@[c:3]([cH1])[cH1:4]	-90.0276	17.7686	-	-	-	-	G
C13273280      none	B	[c:1][S:2](=O)(=O)!@[NX2H0-:3]-[*:4]	-60.0059	11.1111	-	-	-	-	G
C13273280      none	B	[aH1:1][c:2]([aH1])!@[SX4:3][!#1:4]	-89.7268	12.5987	-	-	-	-	G
C13273280      none	B	[aH1:1][c:2]([aH0])!@[SX2:3][!#1:4]	120	1.24514	-	-	-	-	O
C13273280      none	B	[O-:1][N+:2](=O)!@[c:3]([cH0])[cH,nX2H0:4]	90.2427	0.274725	-	-	-	-	O
C13273280      none	B	[!#1:1][CX3:2]!@[SX2:3][!#1:4]	-60.0054	3.61446	-	-	-	-	G
C13273280      none	B	[!#1:1][CX3:2](=S)!@[NX3H0:3][!#1:4]	-179.672	27.1942	-	-	-	-	G
C40102828      none	B	[a:1][c:2]!@[CX4H1:3][N,O:4]	150.029	3.7643	-	-	-	-	G
C40102828      none	B	[*^2:1]~[C^2:2]([!H])!@[C^2:3]~[*^2:4]	-120.033	0.661024	-	-	-	-	G
C40102828      none	B	[$([CX3]=O):1][NX3H0:2](C)!@[CX4H2:3][C:4]	90.0346	14.7513	-	-	-	-	G
C40102828      none	B	[OX2:1][CX4H2:2]!@[CX4H2:3][Nr:4]	59.9958	18.1373	-	-	-	-	G
C40102828      none	B	[C:1][CH2:2]!@[O:3][CX4:4]	-160.001	4.55295	-	-	-	-	G
C40102828      none	B	[C:1][CH2:2]!@[O:3][CX4:4]	180	35.2689	-	-	-	-	G
C40102828      none	B	[OX2:1][CX4H2:2]!@[CX4H2:3][OX2:4]	-60.0024	9.11809	-	-	-	-	G
C40102828      none	B	[cH1:1][c:2]([cH1])!@[CX3:3]([CX3H0])=[O:4]	-179.726	9.0847	-	-	-	-	G
C40102828      none	B	[cH1:1][c:2]([cH1])!@[O:3][C:4]	180	26.896	-	-	-	-	G
C40102828      none	B	[c:1][CX4H2:2]!@[OX2:3][c:4]	180	39.7757	-	-	-	-	G
C40102828      none	B	[cH0:1][c:2]!@[CX4H2:3][N,O,S:4]	179.992	6.20075	-	-	-	-	G
C19879873      none	B	[!#1:1][CX4:2]!@[CX4:3][!#1:4]	-80.0021	1.71775	-	-	-	-	G
C19879873      none	B	[O:1]=[CX3:2]([NH1])!@[CH2:3][C:4]	-119.996	0.124533	-	-	-	-	O
C19879873      none	B	[O:1]=[CX3:2]!@[NX3H1:3][!#1:4]	-0.000597381	63.7893	-	-	-	-	G
C19879873      none	B	[$([CX3]=O):1][NX3H1:2]!@[CX4H2:3][C:4] 	180	6.46594	-	-	-	-	G
C19879873      none	B	[NH1:1][CX4:2]!@[CX3:3]=[O:4]	119.998	0.41354	-	-	-	-	G
C36976641      none	B	[!#1:1][CX4:2]!@[CX4:3][!#1:4]	-160.002	1.85018	-	-	-	-	G
C36976641      none	B	[$([CX3]=O):1][NX3H0:2](C)!@[CX4H2:3][C:4]	-120.307	2.31561	-	-	-	-	O
C36976641      none	B	[C:1][CX4:2]!@[CX3:3]=[O:4]	-116.22	3.42432	-	-	-	-	G
C36976641      none	B	[O:1]=[CX3:2]!@[NX3H1:3][!#1:4]	-0.00565846	63.7893	-	-	-	-	G
C36976641      none	B	[$(C=O):1][NX3H1:2]!@[CX4H1:3][H:4]	-59.9968	1.23735	-	-	-	-	G
C36976641      none	B	[!#1:1][CX4:2]!@[CX4:3][!#1:4]	159.995	1.81259	-	-	-	-	G
C36976641      none	B	[O:1]=[C:2]([O-])!@[CX4H1:3][H:4]	-0.000683686	0.495663	-	-	-	-	O
C36976641      none	B	[C:1][CX4H2:2]!@[CX3:3]=[O:4]	89.9961	1.30773	-	-	-	-	O
C49041735      none	B	[NH1:1][CX4:2]!@[CX3:3]=[O:4]	-149.997	4.5183	-	-	-	-	G
C49041735      none	B	[$(C=O):1][NX3H1:2]!@[CX4H1:3][H:4]	29.9994	9.46757	-	-	-	-	G
C49041735      none	B	[O:1]=[CX3:2]!@[NX3H1:3][!#1:4]	-0.00715685	63.7893	-	-	-	-	G
C49041735      none	B	[O:1]=[CX3:2]!@[NX3H1:3][!#1:4]	-0.00129881	63.7893	-	-	-	-	G
C49041735      none	B	[NH1:1][CX4:2]!@[CX3:3]=[O:4]	-120.004	0.275693	-	-	-	-	G
C49041735      none	B	[$(S(=O)(=O)):1][NX3H1:2]!@[CX4H1:3][H:4]	30.003	11.9705	-	-	-	-	G
C49041735      none	B	[C:1][$(S(=O)=O):2]!@[NX3H1:3][C:4]	-90.002	6.12245	-	-	-	-	G
C36939765      none	B	[$([c]([NH1,NH2])):1][c:2]!@[CX3:3]([!O])=[O:4]	-90.0211	0	-	-	-	-	R
C36939765      none	B	[O:1]=[CX3:2](a)!@[NX3H0:3][!#1:4]	-179.719	9.67842	-	-	-	-	G
C36885128      none	B	[!#1:1][CX4:2]!@[CX4:3][!#1:4]	-80.0025	1.71775	-	-	-	-	G
C36885128      none	B	[$([CX3]=O):1][NX3H0:2](C)!@[CX4H2:3][C:4]	-89.9968	15.9949	-	-	-	-	G
C36885128      none	B	[$([CX3]=O):1][NX3H0:2](C)!@[CX4H2:3][C:4]	59.9941	0.600343	-	-	-	-	O
C36885128      none	B	[O:1]=[CX3:2]!@[NX3H0:3][!#1:4]	-150.007	1.37927	-	-	-	-	O
C36885128      none	B	[N:1][CX4:2]!@[CX3:3]=[O:4]	120.002	0.766617	-	-	-	-	G
C36885128      none	B	[O:1]=[CX3:2]!@[NX3H1:3][!#1:4]	0.00662281	63.7893	-	-	-	-	G
C36885128      none	B	[$(C=O):1][NX3H1:2]!@[CX4H1:3][H:4]	-0.00167659	8.26772	-	-	-	-	G
C36974364      none	B	[C:1][CX4:2]!@[CX3:3]=[O:4]	-29.9247	3.42621	-	-	-	-	G
C36974364      none	B	[O:1]=[CX3:2]!@[NX3H0:3][!#1:4]	-150.002	1.37927	-	-	-	-	O
C36974364      none	B	[O:1]=[CX3:2]!@[NX3H0:3][!#1:4]	-29.6779	0.692521	-	-	-	-	O
C36974364      none	B	[O:1]=[C:2]([O-])!@[CX4H1:3][H:4]	89.9998	0.86741	-	-	-	-	O
C05730370      none	B	[c:1][cr6:2]!@[cr5:3][c:4]	120.266	2.69374	-	-	-	-	G
C05730370      none	B	[a:1][a:2]!@[a:3][$(a!@a):4]	30.32	1.87753	-	-	-	-	G
C36163228      none	B	[a:1][a:2]!@[NX3:3][!#1:4]	30.0008	1.9288	-	-	-	-	O
C36163228      none	B	[aH1:1][c:2]([aH1])!@[SX4:3][!#1:4]	69.9998	5.04089	-	-	-	-	G
C36163228      none	B	[*:1][$(S(=O)=O):2]!@[NX3H0r:3][*:4]	-119.717	0.995261	-	-	-	-	G
C51443806      none	B	[a:1][c:2]!@[C:3]([NH0])=[O:4]	-89.9963	2.91667	-	-	-	-	G
C51443806      none	B	[O:1]=[CX3:2](a)!@[NX3H0:3][!#1:4]	150.277	2.50464	-	-	-	-	G
C51443806      none	B	[C:1][CX4:2]!@[CX3:3]=[O:4]	-89.9482	3.45082	-	-	-	-	G
C51443806      none	B	[O:1]=[CX3:2]!@[NX3H1:3][!#1:4]	-0.00482751	63.7893	-	-	-	-	G
C51443806      none	B	[$(C=O):1][NX3H1:2]!@[CX4H1:3][H:4]	-30.0018	6.97413	-	-	-	-	G
C50016116      none	B	[OX2:1][CX4:2]!@[CX4:3][N:4]	60.0043	15.2809	-	-	-	-	G
C50016116      none	B	[O:1]=[C:2]([O-])!@[CX4H1:3][H:4]	-0.000263103	0.495663	-	-	-	-	O
C50016116      none	B	[$(C=O):1][NX3H1:2]!@[CX4H1:3][H:4]	30.0029	9.46757	-	-	-	-	G
C50016116      none	B	[O:1]=[CX3:2]!@[NX3H1:3][!#1:4]	-0.00564258	63.7893	-	-	-	-	G
C50016116      none	B	[cH0:1][c:2]([cH1])!@[CX3:3]([NX3H1])=[O:4]	59.996	2.95909	-	-	-	-	G
C50016116      none	B	[O-:1][N+:2](=O)!@[c:3]([cH0])[cH,nX2H0:4]	90.2705	0.274725	-	-	-	-	O
C65464631      none	B	[a:1][c:2]!@[CX4H1:3][H:4]	89.9985	0.477016	-	-	-	-	O
C65464631      none	B	[s:1][c:2]!@[C:3]([NH1])=[O:4]	29.9891	0	-	-	-	-	O
C65464631      none	B	[O:1]=[CX3:2]!@[NX3H1:3][!#1:4]	0.00391228	63.7893	-	-	-	-	G
C65464631      none	B	[$(C=O):1][NX3H1:2]!@[CX4H1:3][H:4]	-30.0025	6.97413	-	-	-	-	G
C33019105      none	B	[O-:1][N+:2](=O)!@[c:3]([cH,nX2H0])[cH,nX2H0:4]	179.978	23.2156	-	-	-	-	G
C33019105      none	B	[aH0:1][c:2]([aH1])!@[SX4:3][!#1:4]	-110.21	1.0568	-	-	-	-	O
C33019105      none	B	[c:1][S:2](=O)(=O)!@[NX2H0-:3]-[*:4]	59.9996	8.33333	-	-	-	-	G
C33019105      none	B	[$(S(=O)(=O)):1][NH0:2]!@[c:3]([cH1])[cH1:4]	-90.2612	17.7686	-	-	-	-	G
C33019105      none	B	[a:1][c:2]!@[C:3]([NH0])=[O:4]	-90.0064	2.91667	-	-	-	-	G
C33019105      none	B	[O:1]=[CX3:2](a)!@[NX3H0:3][!#1:4]	-179.72	9.67842	-	-	-	-	G
C13399801      none	B	[c:1][$(S(=O)=O):2]!@[NX3H0:3][C:4]	90.0099	4.81691	-	-	-	-	G
C13399801      none	B	[aH1:1][c:2]([aH1])!@[SX4:3][!#1:4]	110.275	4.92809	-	-	-	-	G
C13399801      none	B	[a:1][c:2]!@[C:3]([NH0])=[O:4]	-119.995	3.91667	-	-	-	-	G
C13399801      none	B	[O:1]=[CX3:2](a)!@[NX3H0:3][!#1:4]	-149.721	2.19542	-	-	-	-	O
C13399801      none	B	[*:1][$(S(=O)=O):2]!@[NX3H0r:3][*:4]	-119.998	0.995261	-	-	-	-	G
C13399801      none	B	[aH0:1][c:2]([aH1])!@[SX4:3][!#1:4]	89.6797	4.49141	-	-	-	-	G
C13399801      none	B	[O:1]=[C:2]([O-])!@[c:3]([cH1])[cH1:4]	179.972	7.35294	-	-	-	-	G
C40094959      none	B	[cH1:1][c:2]([cH1])!@[CX3:3]([CX3H0])=[O:4]	179.997	9.0847	-	-	-	-	G
C40094959      none	B	[*^2:1]~[C^2:2]([!H])!@[C^2:3]~[*^2:4]	-119.687	0.661024	-	-	-	-	G
C40094959      none	B	[$([CX3]=O):1][NX3H0:2](C)!@[CX4H2:3][C:4]	119.996	2.74443	-	-	-	-	O
C40094959      none	B	[a:1][c:2]!@[CX4H1:3][N,O:4]	-56.6768	3.48172	-	-	-	-	G
C40094959      none	B	[cH1:1][c:2](cO)!@[O:3][C:4]	0.0297295	49.3635	-	-	-	-	G
C40094959      none	B	[$(cO):1][c:2](cO)!@[O:3][C:4]	-89.9361	10.3565	-	-	-	-	G
C40094959      none	B	[cH1:1][c:2](cO)!@[O:3][C:4]	0.245133	49.3635	-	-	-	-	G
C40094959      none	B	[OX2:1][CX4H2:2]!@[CX4H2:3][Nr:4]	179.998	8.33333	-	-	-	-	G
C40094959      none	B	[C:1][CH2:2]!@[O:3][CX4:4]	180	35.2689	-	-	-	-	G
C40094959      none	B	[C:1][CH2:2]!@[O:3][CX4:4]	-79.9975	1.18773	-	-	-	-	G
C40094959      none	B	[OX2:1][CX4H2:2]!@[CX4H2:3][OX2:4]	180	10.6129	-	-	-	-	G
C36885337      none	B	[C:1][$(S(=O)=O):2]!@[NX3H1:3][C:4]	89.9948	7.14286	-	-	-	-	G
C36885337      none	B	[$(S(=O)(=O)):1][NX3H1:2]!@[CX4H2:3][!#1:4]	150.008	5.15021	-	-	-	-	G
C36885337      none	B	[!#1:1][CX4H2:2]!@[CX4H2:3][!#1:4]	59.998	3.99483	-	-	-	-	G
C36885337      none	B	[$([CX3]=O):1][NX3H1:2]!@[CX4H2:3][C:4] 	60.0043	1.1846	-	-	-	-	G
C36885337      none	B	[O:1]=[CX3:2]!@[NX3H1:3][!#1:4]	0.000580117	63.7893	-	-	-	-	G
C36885337      none	B	[O:1]=[CX3:2]!@[NX3H0:3][!#1:4]	-0.00622997	25.0866	-	-	-	-	G
C36885337      none	B	[$([CX3]=O):1][NX3H0:2](C)!@[CX4H2:3][C:4]	-89.9964	15.9949	-	-	-	-	G
C36885337      none	B	[$([CX3]=O):1][NX3H0:2](C)!@[CX4H2:3][C:4]	60.0029	0.600343	-	-	-	-	O
C36885337      none	B	[!#1:1][CX4:2]!@[CX4:3][!#1:4]	-148.627	0.492983	-	-	-	-	O
C36885337      none	B	[N:1][CX4:2]!@[CX3:3]=[O:4]	-89.9941	0.479136	-	-	-	-	O
C38549817      none	B	[!#1:1][CX4:2]!@[NX3;"N_lp":3]	176.803	7.96925	-	-	-	-	G
C38549817      none	B	[C:1][CX4:2]!@[NX3:3][C:4]	-63.5808	7.03868	-	-	-	-	G
C38549817      none	B	[OX2:1][CX4:2]!@[CX4:3][OX2:4]	-163.981	0.511128	-	-	-	-	G
C04946103      none	B	[*:1]~[cX3:2]!@[NX2:3]~[*:4]	-0.00205086	14.1132	-	-	-	-	G
C04946103      none	B	[*:1]~[cX3:2]!@[NX2:3]~[*:4]	-179.717	15.3541	-	-	-	-	G
C04946103      none	B	[aH0:1][c:2]([aH1])!@[SX4:3][!#1:4]	70.2506	11.3606	-	-	-	-	G
C20000778      none	B	[OX2:1][CX4:2]!@[CX4:3][N:4]	-60.0054	14.8764	-	-	-	-	G
C20000778      none	B	[O:1]=[C:2]([O-])!@[CX4H1:3][H:4]	0.00630681	0.495663	-	-	-	-	O
C20000778      none	B	[$(S(=O)(=O)):1][NX3H1:2]!@[CX4H1:3][H:4]	-0.00181617	7.36648	-	-	-	-	G
C20000778      none	B	[c:1][$(S(=O)=O):2]!@[NX3H1:3][C:4]	-60	13.7514	-	-	-	-	G
C20000778      none	B	[aH1:1][c:2]([aH1])!@[SX4:3][!#1:4]	-89.7241	12.5987	-	-	-	-	G
C20000778      none	B	[O-:1][N+:2](=O)!@[c:3]([cH,nX2H0])[cH,nX2H0:4]	179.974	23.2156	-	-	-	-	G
C36980948      none	B	[!#1:1][CX4:2]!@[CX4:3][!#1:4]	68.6131	7.06239	-	-	-	-	G
C36980948      none	B	[NH1:1][CX4:2]!@[CX3:3]=[O:4]	-120	0.275693	-	-	-	-	G
C36980948      none	B	[$(C=O):1][NX3H1:2]!@[CX4H0:3][C:4]	59.9975	13.3187	-	-	-	-	G
C36980948      none	B	[O:1]=[CX3:2]!@[NX3H1:3][!#1:4]	0.0131888	63.7893	-	-	-	-	G
C36980948      none	B	[c:1][CX4H2:2]!@[CX3:3]=[O:4]	29.9863	5.41311	-	-	-	-	G
C36980948      none	B	[a:1][c:2]!@[CX4H2:3][CX3:4]	90.2772	7.83807	-	-	-	-	G
C13054663      none	B	[cH0:1][c:2]([cH1])!@[O:3][C:4]	-120.025	0.327297	-	-	-	-	R
C13054663      none	B	[O-:1][N+:2](=O)!@[c:3]([cH0])[cH,nX2H0:4]	89.9805	0.274725	-	-	-	-	O
C13054663      none	B	[O:1]=[C:2]([O-])!@[c:3]([cH1])[cH1:4]	179.992	7.35294	-	-	-	-	G
C13054663      none	B	[C:1][CX4H2:2]!@[OX2:3][c:4]	59.9966	0.147399	-	-	-	-	G
C13054663      none	B	[OX2:1][CX4H2:2]!@[CX3:3]([$([NX3H1,NX3H2])])=[O:4]	-89.9923	0	-	-	-	-	R
C13054663      none	B	[O:1]=[CX3:2]!@[NX3H1:3][!#1:4]	-0.0166302	63.7893	-	-	-	-	G
C13054663      none	B	[$(C=O):1][NX3H1:2]!@[c:3]([cH1])[cH1:4]	30.0151	5.05437	-	-	-	-	G
C13054663      none	B	[aH0:1][c:2]([aH1])!@[SX4:3][!#1:4]	149.717	0.396301	-	-	-	-	R
C13054663      none	B	[*:1][$(S(=O)=O):2]!@[NX3H0r:3][*:4]	90.2803	4.85782	-	-	-	-	G
C15446391      none	B	[!#1:1][CX4H0:2]!@[OX2:3][!#1:4]	29.9998	0.153081	-	-	-	-	R
C15446391      none	B	[O:1]=[C:2]!@[O:3]~[CH0:4]	59.9983	0.0213038	-	-	-	-	R
C15446391      none	B	[O:1]=[CX3:2]!@[NX3H0:3][!#1:4]	-179.71	18.2537	-	-	-	-	G
C15446391      none	B	[N:1][CX4:2]!@[CX3:3]=[O:4]	120.089	0.766617	-	-	-	-	G
C55270525      none	B	[$(S(=O)(=O)):1][NX3H0:2]!@[CX4H2:3][!#1:4]	150	7.32759	-	-	-	-	G
C55270525      none	B	[C:1][$(S(=O)=O):2]!@[NX3H0:3][C:4]	89.9962	9.95935	-	-	-	-	G
C55270525      none	B	[!#1:1][CX4H2:2]!@[CX4H2:3][!#1:4]	-59.9969	3.77933	-	-	-	-	G
C55270525      none	B	[$([CX3]=O):1][NX3H1:2]!@[CX4H2:3][C:4] 	-90.0119	7.35439	-	-	-	-	G
C55270525      none	B	[O:1]=[CX3:2]!@[NX3H1:3][!#1:4]	0.0125871	63.7893	-	-	-	-	G
C55270525      none	B	[cH1:1][c:2]([cH1])!@[C:3]([NH1,NH2])=[O:4]	-26.9915	8.39053	-	-	-	-	G
C55270525      none	B	[cH1:1][c:2]([cH1])!@[NX3:3][CX4:4]	-159.999	2.66685	-	-	-	-	G
C55270525      none	B	[!#1:1][CX4H2:2]!@[NX3H1:3][!#1:4]	179.997	11.3535	-	-	-	-	G
C55270525      none	B	[NH1:1][CX4:2]!@[CX3:3]=[O:4]	119.99	0.41354	-	-	-	-	G
C42375676      none	B	[O:1]=[CX3:2]!@[NX3H0:3][!#1:4]	30.007	0.680979	-	-	-	-	O
C42375676      none	B	N[C:2](=[O:1])!@[CH2:3][N:4]	-89.9997	0.14881	-	-	-	-	R
C42375676      none	B	[$(S(=O)(=O)):1][NX3H1:2]!@[CX4H2:3][!#1:4]	-90.0042	3.86266	-	-	-	-	G
C42375676      none	B	[C:1][$(S(=O)=O):2]!@[NX3H1:3][C:4]	-59.9985	10.2041	-	-	-	-	G
C42375676      none	B	[!#1:1][CX4:2]!@[SX4:3][!#1:4]	159.999	2.73684	-	-	-	-	G
C42375676      none	B	[!#1:1][CX4H2:2]!@[CX3:3]=[O:4]	-90.0055	1.11373	-	-	-	-	G
C33931140      none	B	[a:1][c:2]!@[CX4H1:3][N,O:4]	-93.0638	1.29082	-	-	-	-	G
C33931140      none	B	[OX2:1][CX4:2]!@[CX4:3][N:4]	154.332	0.224719	-	-	-	-	O
C33931140      none	B	[NH1:1][CX4:2]!@[CX3:3]=[O:4]	-25.2913	4.44172	-	-	-	-	G
C42439963      none	B	[$([CX3]=O):1][NX3H0:2](C)!@[CX4H2:3][C:4]	-90	15.9949	-	-	-	-	G
C42439963      none	B	[O:1]=[CX3:2]!@[NX3H0:3][!#1:4]	-150	1.37927	-	-	-	-	O
C42439963      none	B	N[C:2](=[O:1])!@[CH2:3][N:4]	-120.001	0.892857	-	-	-	-	G
C42439963      none	B	[O:1]=[CX3:2]!@[NX3H1:3][!#1:4]	-0.0061178	63.7893	-	-	-	-	G
C42439963      none	B	[$([CX3]=O):1][NX3H1:2]!@[CX4H2:3][C:4] 	90.0058	7.35439	-	-	-	-	G
C42439963      none	B	[OX2:1][CX4H2:2]!@[CX4H2:3][N:4]	-60.0035	16.5981	-	-	-	-	G
C42439963      none	B	[C:1][CH2:2]!@[O:3][CX4:4]	179.996	35.2689	-	-	-	-	G
C42439963      none	B	[O:1]=[CX3:2]!@[NX3H0:3][!#1:4]	-149.693	1.37927	-	-	-	-	O
C42439963      none	B	[O:1]=[C:2]([O-])!@[CX4H1:3][H:4]	-0.0025736	0.495663	-	-	-	-	O
C48988232      none	B	[OX2:1][CX4:2]!@[CX4:3][N:4]	-40.0038	1.41573	-	-	-	-	G
C48988232      none	B	[O:1]=[C:2]([O-])!@[CX4H1:3][H:4]	89.9929	0.86741	-	-	-	-	O
C48988232      none	B	[$(C=O):1][NX3H1:2]!@[CX4H1:3][H:4]	180	0.712411	-	-	-	-	R
C48988232      none	B	[O:1]=[CX3:2]!@[NX3H1:3][!#1:4]	-0.000274224	63.7893	-	-	-	-	G
C48988232      none	B	[O:1]=[CX3:2]!@[NX3H0:3][!#1:4]	-0.00203991	25.0866	-	-	-	-	G
C48988232      none	B	[$([CX3]=O):1][NX3H0:2](C)!@[CX4H2:3][C:4]	-60.0001	0.686106	-	-	-	-	O
C48988232      none	B	N[C:2](=[O:1])!@[CH2:3][N:4]	120.001	0.595238	-	-	-	-	G
C48988232      none	B	[O:1]=[CX3:2]!@[NX3H0:3][!#1:4]	-179.7	18.2537	-	-	-	-	G
C17181127      none	B	[cH1:1][c:2]([cH1])!@[CX3:3]([CX3H0])=[O:4]	-0.00139399	10.4508	-	-	-	-	G
C17181127      none	B	[cH0:1][c:2]([cH1])!@[O:3][C:4]	-119.995	0.327297	-	-	-	-	R
C17181127      none	B	[C:1][CX4H2:2]!@[OX2:3][c:4]	119.994	0.336913	-	-	-	-	R
C17181127      none	B	[!#1:1][CX4:2]!@[CX4:3][!#1:4]	59.9972	12.3771	-	-	-	-	G
C17181127      none	B	[*^2:1]~[C^2:2]([!H])!@[C^2:3]~[*^2:4]	-119.682	0.661024	-	-	-	-	G
C17181127      none	B	[$([CX3]=O):1][NX3H0:2](C)!@[CX4H2:3][C:4]	120.004	2.74443	-	-	-	-	O
C17181127      none	B	[a:1][c:2]!@[CX4H1:3][N,O:4]	-56.6801	3.48172	-	-	-	-	G
C17181127      none	B	[!#1:1][CX4H2:2]!@[CX4H2:3][!#1:4]	180	58.554	-	-	-	-	G
C17181127      none	B	[!#1:1][CX4H2:2]!@[CX4H2:3][!#1:4]	179.997	58.554	-	-	-	-	G
C17181127      none	B	[CX4:1][CX4H2:2]!@[NX3;"N_lp":3][CX4:4]	-176.365	5.18593	-	-	-	-	G
C13421253      none	B	[C:1][CX4H2:2]!@[OX2:3][c:4]	149.996	0.884397	-	-	-	-	O
C13421253      none	B	[cH0:1][c:2]([cH1])!@[O:3][C:4]	-120.255	0.327297	-	-	-	-	R
C13421253      none	B	[$(C=O):1][NX3:2]!@[$([a]([cH1])):3][$([aH0](!@O)):4]	-150.023	2.68293	-	-	-	-	G
C13421253      none	B	[cH0:1][c:2]([cH1])!@[O:3][C:4]	89.9992	0.6255	-	-	-	-	R
C13421253      none	B	[cH0:1][c:2]([cH,nX2H0])!@[NX3H0:3][CX4:4]	120.282	2.29463	-	-	-	-	O
C13421253      none	B	[C:1][CX4H2:2]!@[OX2:3][c:4]	179.995	43.8829	-	-	-	-	G
C13421253      none	B	[O:1]=[CX3:2]!@[NX3H1:3][!#1:4]	0.00163341	63.7893	-	-	-	-	G
C13421253      none	B	[O:1][CX4:2]!@[CX3:3]=[O:4]	-120.003	1.11962	-	-	-	-	O
C13421253      none	B	[H:1][CX4H1:2]!@[OX2:3][!#1:4]	0.00101815	7.47259	-	-	-	-	G
C13421253      none	B	[cH1,n:1][c:2]!@[O:3][CH1:4]	59.9996	0.194175	-	-	-	-	R
C13421253      none	B	[a:1][c:2]!@[CX4H2:3][CX3:4]	89.9936	7.83807	-	-	-	-	G
C13421253      none	B	[c:1][CX4H2:2]!@[CX3:3]=[O:4]	-89.9827	2.5641	-	-	-	-	G
C52833775      none	B	[!#1:1][CX4H2:2]!@[NX3:3][!#1:4]	-59.9978	3.24422	-	-	-	-	G
C52833775      none	B	[*:1]~[CX3:2]!@[NX3:3]~[*:4]	-29.9975	0.593829	-	-	-	-	G
C52833775      none	B	[a:1][c:2]!@[CX4H2:3][!#1:4]	-89.7337	7.30446	-	-	-	-	G
C13624039      none	B	[$([CX3]=O):1][NX3H1:2]!@[CX4H2:3][C:4] 	120.005	2.76407	-	-	-	-	O
C13624039      none	B	[O:1]=[CX3:2]!@[NX3H1:3][!#1:4]	-0.00478797	63.7893	-	-	-	-	G
C13624039      none	B	[cH1:1][c:2]([cH1])!@[C:3]([NH1,NH2])=[O:4]	-152.997	8.78518	-	-	-	-	G
C13624039      none	B	[$(C=O):1][NX3H1:2]!@[c:3]([cH1])[cH1:4]	30.2586	5.05437	-	-	-	-	G
C13624039      none	B	[O:1]=[CX3:2]!@[NX3H1:3][!#1:4]	-0.00474696	63.7893	-	-	-	-	G
C13624039      none	B	[*^2:1]~[C^2:2]([!H])!@[C^2:3]~[*^2:4]	119.999	0.806964	-	-	-	-	G
C13624039      none	B	[*^2:1]~[C^2:2]([!H])!@[C^2:3]~[*^2:4]	-29.9953	1.21216	-	-	-	-	G
C43704644      none	B	[$(C=O):1][NX3H1:2]!@[CX4H1:3][H:4]	179.996	0.712411	-	-	-	-	R
C43704644      none	B	[O:1]=[CX3:2]!@[NX3H1:3][!#1:4]	0.00135519	63.7893	-	-	-	-	G
C43704644      none	B	N[C:2](=[O:1])!@[CH2:3][N:4]	-90.0065	0.14881	-	-	-	-	R
C43704644      none	B	[C:1][CX4H2:2]!@[NX3;"N_lp":3][C:4]	-156.367	6.16939	-	-	-	-	G
C43704644      none	B	[O:1]=[C:2]([O-])!@[CX4H1:3][H:4]	89.9991	0.86741	-	-	-	-	O
C43428921      none	B	[O:1]=[CX3:2]!@[NX3H0:3][!#1:4]	-30.0056	0.692521	-	-	-	-	O
C43428921      none	B	[O:1]=[CX3:2]!@[CX3:3]=[O:4]	-90.0061	4.15225	-	-	-	-	G
C43428921      none	B	[O:1]=[CX3:2]!@[NX3H1:3][!#1:4]	0.013228	63.7893	-	-	-	-	G
C45648800      none	B	[OX2:1][CX4:2]!@[CX4:3][N:4]	-59.9991	14.8764	-	-	-	-	G
C45648800      none	B	[O:1]=[C:2]([O-])!@[CX4H1:3][H:4]	0.00533397	0.495663	-	-	-	-	O
C45648800      none	B	[$(C=O):1][NX3H1:2]!@[CX4H1:3][H:4]	-59.9884	1.23735	-	-	-	-	G
C45648800      none	B	[O:1]=[CX3:2]([$([NX3H1]C)])!@[NX3H1:3][!#1:4]	-0.0254158	41.1343	-	-	-	-	G
C45648800      none	B	[O:1]=[CX3:2]([$([NX3H1]C)])!@[NX3H1:3][!#1:4]	0.0192375	41.1343	-	-	-	-	G
C45648800      none	B	[$([CX3]=O):1][NX3H1:2]!@[CX4H2:3][C:4] 	149.998	1.43139	-	-	-	-	O
C45648800      none	B	[!#1:1][CX4:2]!@[CX4:3][!#1:4]	179.584	22.1548	-	-	-	-	G
C35732171      none	B	[aH1:1][c:2]([aH1])!@[SX4:3][!#1:4]	90.0003	12.916	-	-	-	-	G
C35732171      none	B	[c:1][$(S(=O)=O):2]!@[NX3H1:3][c:4]	90.0018	0.684932	-	-	-	-	G
C35732171      none	B	[$(S(=O)(=O)):1][NH1:2]!@[c:3]([cH1])[cH1:4]	59.9889	3.17797	-	-	-	-	G
C62173272      none	B	[C:1][CX4:2]!@[NX3;"N_lp":3][C:4]	-176.363	5.71656	-	-	-	-	G
C40675160      none	B	[NH1:1][CX4:2]!@[CX3:3]=[O:4]	120.005	0.41354	-	-	-	-	G
C40675160      none	B	[!#1:1][CX4:2]!@[NX3:3][!#1:4]	29.9978	0.392826	-	-	-	-	G
C40675160      none	B	[*:1][$(S(=O)=O):2]!@[NX3H1:3][*:4]	60.0058	8.81913	-	-	-	-	G
C40675160      none	B	[*:1][$(S(=O)=O):2]!@[NX3H0r:3][*:4]	-119.715	0.995261	-	-	-	-	G
C40675160      none	B	[O:1]=[C:2]([O-])!@[CX4H1:3][H:4]	89.9977	0.86741	-	-	-	-	O
C62930151      none	B	[aH1:1][c:2]([aH1])!@[SX4:3][!#1:4]	-89.9991	12.5987	-	-	-	-	G
C62930151      none	B	[c:1][S:2](=O)(=O)!@[NX2H0-:3]-[*:4]	-59.998	11.1111	-	-	-	-	G
C62930151      none	B	[$(S(=O)(=O)):1][NH0:2]!@[c:3]([cH1])[cH0:4]	-90.2795	18.0328	-	-	-	-	G
C62930151      none	B	[a:1][c:2]!@[C:3]([NH0])=[O:4]	-119.996	3.91667	-	-	-	-	G
C62930151      none	B	[cH0:1][c:2]([cH1])!@[O:3][C:4]	179.993	48.7454	-	-	-	-	G
C62930151      none	B	[O:1]=[CX3:2](a)!@[NX3H0:3][!#1:4]	-179.722	9.67842	-	-	-	-	G
C62924502      none	B	[C:1][CX4:2]!@[CX3:3]=[O:4]	89.9967	3.65147	-	-	-	-	G
C62924502      none	B	[*:1][$(S(=O)=O):2]!@[NX3H0r:3][*:4]	-120.008	0.995261	-	-	-	-	G
C62924502      none	B	[aH1:1][c:2]([aH1])!@[SX4:3][!#1:4]	-149.729	0.324309	-	-	-	-	R
C62924502      none	B	[O-:1][N+:2](=O)!@[c:3]([cH,nX2H0])[cH,nX2H0:4]	-179.848	23.2156	-	-	-	-	G
C40605378      none	B	[!#1:1][CX4:2]!@[CX4:3][!#1:4]	60.0024	12.3771	-	-	-	-	G
C40605378      none	B	[$([CX3]=O):1][NX3H1:2]!@[CX4H2:3][C:4] 	-150.002	1.7769	-	-	-	-	O
C40605378      none	B	[O:1]=[CX3:2]!@[NX3H1:3][!#1:4]	0.00225408	63.7893	-	-	-	-	G
C40605378      none	B	[O:1]=[C:2]!@[NX3H0:3]([a:4])[A]	-150.01	3.17023	-	-	-	-	G
C40605378      none	B	[$(C=O):1][NX3H0:2]!@[CX4H2:3][!#1:4]	90.0031	13.8915	-	-	-	-	G
C40605378      none	B	[$(C=O):1][NX3H0:2]!@[c:3]([cH1])[cH1:4]	59.9968	4.89486	-	-	-	-	G
C40605378      none	B	[N:1][CX4:2]!@[CX3:3]=[O:4]	119.998	0.766617	-	-	-	-	G
C22167070      none	B	[cH1,nX2H0:1][c:2]([cH1,nX2H0])!@[NX3r:3][*:4]	-29.6725	1.80261	-	-	-	-	O
C22167070      none	B	[O-:1][N+:2](=O)!@[c:3]([cH,nX2H0])[cH,nX2H0:4]	179.98	23.2156	-	-	-	-	G
C22167070      none	B	[O:1]=[C:2]([O-])!@[CX4H1:3][H:4]	0.00418954	0.495663	-	-	-	-	O
C39065987      none	B	[O:1]=[C:2]([O-])!@[CX4H1:3][H:4]	89.9987	0.86741	-	-	-	-	O
C35038616      none	B	[cH1:1][c:2]([cH1])!@[CX3:3]([CX3H0])=[O:4]	-29.9961	3.55191	-	-	-	-	G
C35038616      none	B	[*^2:1]~[C^2:2]([!H])!@[C^2:3]~[*^2:4]	-89.6923	1.27397	-	-	-	-	G
C35038616      none	B	[$([CX3]=O):1][NX3H0:2](C)!@[CX4H2:3][C:4]	120	2.74443	-	-	-	-	O
C35038616      none	B	[a:1][c:2]!@[CX4H1:3][N,O:4]	-56.6858	3.48172	-	-	-	-	G
C35038616      none	B	[cH1:1][c:2]([cH1])!@[O:3][C:4]	29.9957	0.264964	-	-	-	-	O
C35038616      none	B	[C:1][CX4H2:2]!@[OX2:3][c:4]	150.006	0.884397	-	-	-	-	O
C35038616      none	B	[OX2:1][CX4H2:2]!@[CX3:3]([$([NX3H1,NX3H2])])=[O:4]	-60.0049	0.714286	-	-	-	-	R
C35038616      none	B	[!#1:1][CX4H2:2]!@[CX4H2:3][!#1:4]	179.995	58.554	-	-	-	-	G
C35038616      none	B	[!#1:1][CX4H2:2]!@[CX4H2:3][!#1:4]	180	58.554	-	-	-	-	G
C35038616      none	B	[CX4:1][CX4H2:2]!@[NX3;"N_lp":3][CX4:4]	-156.361	6.65327	-	-	-	-	G
C49991499      none	B	[$(C=O):1][NX3H0:2]!@[c:3]([cH1])[cH1:4]	-29.7357	1.1203	-	-	-	-	G
C49991499      none	B	[O:1]=[C:2]!@[NX3H0:3]([a:4])[A]	-29.9881	0.827016	-	-	-	-	G
C49991499      none	B	[O:1]=[CX3:2]!@[NX3H0:3][!#1:4]	150.266	1.73707	-	-	-	-	O
C49991499      none	B	[O:1]=[C:2]([O-])!@[CX4H1:3][H:4]	90.001	0.86741	-	-	-	-	O
C40577236      none	B	[a:1][c:2]!@[CX4H1:3][N,O:4]	89.9902	1.22453	-	-	-	-	G
C40577236      none	B	[$(C=O):1][NX3H1:2]!@[CX4H1:3][H:4]	-0.00203395	8.26772	-	-	-	-	G
C40577236      none	B	[O:1]=[CX3:2]!@[NX3H1:3][!#1:4]	0.00434452	63.7893	-	-	-	-	G
C40577236      none	B	[O:1]=[CX3:2]!@[NX3H0:3][!#1:4]	30.3018	0.680979	-	-	-	-	O
C40577236      none	B	[O:1]=[C:2]([O-])!@[CX4H1:3][H:4]	0.00161532	0.495663	-	-	-	-	O
C41539345      none	B	[cH0:1][c:2]([cH0])!@[CX3:3]=[O:4]	-59.9979	2.48131	-	-	-	-	G
C41539345      none	B	[*^2:1]~[C^2:2]([!H])!@[C^2:3]~[*^2:4]	150.321	1.21045	-	-	-	-	G
C41539345      none	B	[$([CX3]=O):1][NX3H0:2](C)!@[CX4H2:3][C:4]	-29.9853	0.0428816	-	-	-	-	R
C41539345      none	B	[a:1][c:2]!@[CX4H1:3][N,O:4]	-153.171	3.72593	-	-	-	-	G
C41539345      none	B	[O-:1][N+:2](=O)!@[c:3]([cH,nX2H0])[cH,nX2H0:4]	-179.842	23.2156	-	-	-	-	G
C41539345      none	B	[OX2:1][CX4H2:2]!@[CX4H2:3][Nr:4]	-60.0064	16.6667	-	-	-	-	G
C41539345      none	B	[C:1][CH2:2]!@[O:3][CX4:4]	160.002	5.67469	-	-	-	-	G
C37582287      none	B	[$(C=O):1][NX3H0:2]!@[CX4H1:3][H:4]	-1.55593	15.8824	-	-	-	-	G
C37582287      none	B	[$([CX3]=O):1][NX3H0:2](C)!@[CX4H2:3][C:4]	-89.9954	15.9949	-	-	-	-	G
C37582287      none	B	[O:1]=[CX3:2]!@[NX3H0:3][!#1:4]	-30.0027	0.692521	-	-	-	-	O
C37582287      none	B	[N:1][CX4:2]!@[CX3:3]=[O:4]	-119.993	0.897291	-	-	-	-	G
C37582287      none	B	[O:1][CX4:2]!@[CX3:3]=[O:4]	119.878	0.923198	-	-	-	-	O
C37449465      none	B	[cH0:1][c:2]!@[CX4H2:3][CX3:4]	90.0002	10.5615	-	-	-	-	G
C37449465      none	B	[c:1][CX4H2:2]!@[CX3:3]=[O:4]	29.9924	5.41311	-	-	-	-	G
C37449465      none	B	[O:1]=[CX3:2]!@[NX3H0:3][!#1:4]	0.319022	25.0866	-	-	-	-	G
C37449465      none	B	[O:1]=[C:2]([O-])!@[CX4H1:3][H:4]	89.9995	0.86741	-	-	-	-	O
C42407092      none	B	[!#1:1][CX4:2]!@[SX2:3][!#1:4]	79.9997	6.41197	-	-	-	-	G
C42407092      none	B	[!#1:1][CX4H2:2]!@[CX4H2:3][!#1:4]	180	58.554	-	-	-	-	G
C42407092      none	B	[!#1:1][CX4:2]!@[CX4:3][!#1:4]	-59.9964	12.2558	-	-	-	-	G
C42407092      none	B	[O:1]=[C:2]([O-])!@[CX4H1:3][H:4]	0.00708766	0.495663	-	-	-	-	O
C42407092      none	B	[$(C=O):1][NX3H1:2]!@[CX4H1:3][H:4]	-30.0072	6.97413	-	-	-	-	G
C42407092      none	B	[O:1]=[CX3:2]!@[NX3H1:3][!#1:4]	0.00696054	63.7893	-	-	-	-	G
C42407092      none	B	[O:1]=[CX3:2]!@[NX3H0:3][!#1:4]	150.276	1.73707	-	-	-	-	O
C42407092      none	B	[N:1][CX4:2]!@[CX3:3]=[O:4]	119.643	0.766617	-	-	-	-	O
C37024726      none	B	[$(C=O):1][NX3H1:2]!@[c:3]([cH1])[cH1:4]	30.0024	5.05437	-	-	-	-	G
C37024726      none	B	[!#1:1][CH2:2]!@[n:3][a:4]	89.9952	13.2097	-	-	-	-	G
C37024726      none	B	[!#1:1][CX4H2:2]!@[CX3:3]=[O:4]	120.01	0.613497	-	-	-	-	O
C37024726      none	B	[O:1]=[CX3:2]!@[NX3H1:3][!#1:4]	-0.00285515	63.7893	-	-	-	-	G
C37024726      none	B	[NH1:1][CX4:2]!@[CX3:3]=[O:4]	177.673	3.23174	-	-	-	-	O
C62006729      none	B	[cH1:1][c:2]([cH1])!@[O:3][C:4]	-179.725	26.896	-	-	-	-	G
C62006729      none	B	[cH0:1][c:2]([cH1])!@[O:3][C:4]	-90.0058	0.64732	-	-	-	-	R
C62006729      none	B	[aH0:1][c:2]([aH1])!@[SX4:3][!#1:4]	-110.262	1.0568	-	-	-	-	O
C62006729      none	B	[c:1][S:2](=O)(=O)!@[NX2H0-:3]-[*:4]	90.0026	2.77778	-	-	-	-	G
C62006729      none	B	[$(S(=O)(=O)):1][N:2]!@[c:3][a:4]	-90.0044	5.66406	-	-	-	-	G
C62006729      none	B	[cH1:1][a:2]([cH1])!@[a:3]([sX2,o,nX2H0,nX3H1:4])	150.285	3.04764	-	-	-	-	G
C36980464      none	B	[cH1:1][c:2]([cH1])!@[C:3]([NH1,NH2])=[O:4]	-26.9802	8.39053	-	-	-	-	G
C36980464      none	B	[O:1]=[CX3:2]!@[NX3H1:3][!#1:4]	-0.0020087	63.7893	-	-	-	-	G
C36980464      none	B	[$(C=O):1][NX3H1:2]!@[CX4H0:3][C:4]	-66.2883	8.17582	-	-	-	-	G
C36980464      none	B	[NH1:1][CX4:2]!@[CX3:3]=[O:4]	90.0024	0.183795	-	-	-	-	R
C44260627      none	B	[aH1:1][c:2]([aH1])!@[SX4:3][!#1:4]	90.0008	12.916	-	-	-	-	G
C44260627      none	B	[c:1][$(S(=O)=O):2]!@[NX3H1:3][C:4]	60.0026	14.5215	-	-	-	-	G
C44260627      none	B	[$(S(=O)(=O)):1][NX3H1:2]!@[CX4H2:3][!#1:4]	-90.0029	3.86266	-	-	-	-	G
C44260627      none	B	N[C:2](=[O:1])!@[CH2:3][N:4]	119.997	0.595238	-	-	-	-	G
C44260627      none	B	[O:1]=[CX3:2]!@[NX3H1:3][!#1:4]	0.00121981	63.7893	-	-	-	-	G
C44260627      none	B	[$([CX3]=O):1][NX3H1:2]!@[CX4H2:3][C:4] 	180	6.46594	-	-	-	-	G
C44260627      none	B	[NH1:1][CX4:2]!@[CX3:3]=[O:4]	-120.002	0.275693	-	-	-	-	G
C19487443      none	B	[cH1:1][c:2]([cH1])!@[C:3]([NH1,NH2])=[O:4]	153.027	9.05971	-	-	-	-	G
C19487443      none	B	[O:1]=[CX3:2]!@[NX3H1:3][!#1:4]	0.00192473	63.7893	-	-	-	-	G
C19487443      none	B	[$([CX3]=O):1][NX3H1:2]!@[CX4H2:3][C:4] 	90.0014	7.35439	-	-	-	-	G
C19487443      none	B	[!#1:1][CX4H2:2]!@[CX4H2:3][!#1:4]	59.9959	3.99483	-	-	-	-	G
C19487443      none	B	[!#1:1][CX4H2:2]!@[CX4H2:3][!#1:4]	180	58.554	-	-	-	-	G
C19487443      none	B	[!#1:1][CX4H2:2]!@[CX4H2:3][!#1:4]	180	58.554	-	-	-	-	G
C19487443      none	B	[!#1:1][CX4H2:2]!@[CX4H2:3][!#1:4]	59.9974	3.99483	-	-	-	-	G
C19487443      none	B	[!#1:1][CX4H2:2]!@[CX4H2:3][!#1:4]	179.998	58.554	-	-	-	-	G
C19487443      none	B	[C:1][CX4H2:2]!@[CX3:3]=[O:4]	119.999	0.695249	-	-	-	-	O
C40911200      none	B	[NH1:1][CX4:2]!@[CX3:3]=[O:4]	-119.995	0.275693	-	-	-	-	G
C40911200      none	B	[!#1:1][CX4:2]!@[NX3:3][!#1:4]	39.9981	0.745247	-	-	-	-	G
C40911200      none	B	[a:1][a:2]!@[NX3:3][CX4H0:4]	30.0037	2.19251	-	-	-	-	G
C36980900      none	B	[!#1:1][CX4:2]!@[CX4:3][!#1:4]	8.62429	0.0551082	-	-	-	-	R
C36980900      none	B	[NH1:1][CX4:2]!@[CX3:3]=[O:4]	120.008	0.41354	-	-	-	-	G
C36980900      none	B	[$(C=O):1][NX3H1:2]!@[CX4H0:3][C:4]	-60.0003	14.7253	-	-	-	-	G
C36980900      none	B	[O:1]=[CX3:2]!@[NX3H1:3][!#1:4]	-0.00244546	63.7893	-	-	-	-	G
C36980900      none	B	[C:1][CX4:2]!@[CX3:3]=[O:4]	-149.931	1.18876	-	-	-	-	G
C36980900      none	B	[O:1]=[CX3:2]!@[NX3H0:3][!#1:4]	-150.013	1.37927	-	-	-	-	O
C41035883      none	B	[NH1:1][CX4:2]!@[CX3:3]=[O:4]	119.996	0.41354	-	-	-	-	G
C41035883      none	B	[$(C=O):1][NX3H1:2]!@[CX4H0:3][C:4]	60.0032	13.3187	-	-	-	-	G
C41035883      none	B	[O:1]=[CX3:2]([$([NX3H1]C)])!@[NX3H1:3][!#1:4]	-0.012776	41.1343	-	-	-	-	G
C41035883      none	B	[O:1]=[CX3:2]([$([NX3H1]C)])!@[NX3H1:3][!#1:4]	0.0108298	41.1343	-	-	-	-	G
C41035883      none	B	[$(C=O):1][NX3H1:2]!@[c:3]([cH1])[cH1:4]	-30.006	5.05437	-	-	-	-	G
C05234424      none	B	[H:1][CX4H1:2]!@[O:3][CX4:4]	-60.0034	5.14933	-	-	-	-	G
C05234424      none	B	[H:1][CX4H1:2]!@[O:3][CX4:4]	-0.000890846	4.26659	-	-	-	-	G
C05234424      none	B	[$(C=O):1][NX3H1:2]!@[CX4H1:3][H:4]	30.0049	9.46757	-	-	-	-	G
C05234424      none	B	[OX2:1][CX4:2]!@[CX4:3][OX2:4]	80.0464	2.87509	-	-	-	-	O
C05234424      none	B	[O:1]=[CX3:2]!@[NX3H1:3][!#1:4]	-0.00475935	63.7893	-	-	-	-	G
C22077413      none	B	[a:1][c:2]!@[C:3]([NH1,NH2])=[O:4]	29.9979	4.93827	-	-	-	-	O
C22077413      none	B	[a:1][ar5:2]!@[ar5:3][a:4]	-179.696	21.4504	-	-	-	-	G
C22077413      none	B	[O:1]=[CX3:2]!@[NX3H1:3][!#1:4]	0.00177305	63.7893	-	-	-	-	G
C22077413      none	B	[*:1]~[NX3:2]!@[NX2:3]~[*:4]	179.995	29.4914	-	-	-	-	G
C22077413      none	B	[*:1]~[CX3:2]!@[cX3:3]~[*:4]	-149.678	2.34159	-	-	-	-	O
C22077413      none	B	[O:1]=[C:2]([O-])!@[c:3][a:4]	0.00567917	11.4943	-	-	-	-	G
C44977853      none	B	[a:1][a:2]!@[CX3:3]=[CX3H1:4]	120.299	1.12887	-	-	-	-	O
C44977853      none	B	[a:1][c:2]!@[CX4H1:3][H:4]	-119.997	0.954033	-	-	-	-	G
C40605149      none	B	[OX2:1][CX4:2]!@[CX4:3][N:4]	59.993	15.2809	-	-	-	-	G
C40605149      none	B	[O:1]=[C:2]([O-])!@[CX4H1:3][H:4]	0.00582252	0.495663	-	-	-	-	O
C40605149      none	B	[$(C=O):1][NX3H1:2]!@[CX4H1:3][H:4]	-0.00374559	8.26772	-	-	-	-	G
C40605149      none	B	[O:1]=[CX3:2]([$([NX3H1]C)])!@[NX3H1:3][!#1:4]	0.00664978	41.1343	-	-	-	-	G
C40605149      none	B	[O:1]=[CX3:2]([$([NX3H1]C)])!@[NX3H1:3][!#1:4]	179.992	9.5176	-	-	-	-	R
C40605149      none	B	[$(C=O):1][NX3H1:2]!@[c:3]([cH0]F)[cH:4]	60.276	0	-	-	-	-	R
C62938575      none	B	[a:1][a:2]!@[NX3:3][!#1:4]	-119.686	1.58818	-	-	-	-	O
C62938575      none	B	[O:1]=[C:2]([O-])!@[CX4H1:3][H:4]	-0.00622174	0.495663	-	-	-	-	O
C20504868      none	B	[$(C=O):1][NX3H1:2]!@[CX4H1:3][H:4]	-30.0077	6.97413	-	-	-	-	G
C20504868      none	B	[O:1]=[CX3:2]([$([NX3H1]C)])!@[NX3H1:3][!#1:4]	0.0119854	41.1343	-	-	-	-	G
C20504868      none	B	[O:1]=[CX3:2]([$([NX3H1]C)])!@[NX3H1:3][!#1:4]	-0.00863508	41.1343	-	-	-	-	G
C20504868      none	B	[$(C=O):1][NX3H1:2]!@[CX4H1:3][H:4]	-30.0024	6.97413	-	-	-	-	G
C26272268      none	B	[cH0:1][c:2]([cH0])!@[CX3:3]=[O:4]	120.006	2.5153	-	-	-	-	G
C26272268      none	B	[a:1][c:2]!@[C:3]([NH1,NH2])=[O:4]	59.9924	0.626362	-	-	-	-	G
C26272268      none	B	[O:1]=[C:2](c)!@[$([NX3](c([nX2H0])([nX2H0]))):3][H:4]	-0.00385859	0	-	-	-	-	G
C26272268      none	B	[$(C=O):1][NX3:2]!@[a:3][aH0:4]	-150.002	1.98526	-	-	-	-	O
C26272268      none	B	[O:1]=[C:2]!@[O:3]~[C:4]	30.0071	0.0796663	-	-	-	-	R
C26272268      none	B	[$(C=O):1][O:2]!@[CH1:3][H:4]	-30.0156	11.3505	-	-	-	-	G
C36867676      none	B	[!#1:1][CX4H2:2]!@[CX4H2:3][!#1:4]	60.0042	3.99483	-	-	-	-	G
C36867676      none	B	[!#1:1][CX4H2:2]!@[NX3H1:3][!#1:4]	179.996	11.3535	-	-	-	-	G
C36867676      none	B	[!#1:1][CX4:2]!@[SX4:3][!#1:4]	-72.2635	7.22105	-	-	-	-	G
C36867676      none	B	[cH0:1][c:2]([cH,nX2H0])!@[NX3H1:3][CX4:4]	160.291	3.7196	-	-	-	-	O
C40574465      none	B	[$(C=O):1][NX3H1:2]!@[c:3]([cH0]F)[cH:4]	-0.0272532	14.0351	-	-	-	-	G
C40574465      none	B	[O-:1][N+:2](=O)!@[c:3]([cH,nX2H0])[cH,nX2H0:4]	179.984	23.2156	-	-	-	-	G
C40574465      none	B	[O:1]=[CX3:2]!@[NX3H1:3][!#1:4]	90.0014	0	-	-	-	-	R
C40574465      none	B	[O:1]=[CX3:2]!@[NX3H0:3][!#1:4]	0.315011	25.0866	-	-	-	-	G
C40574465      none	B	[O:1]=[C:2]([O-])!@[CX4H1:3][H:4]	90.0039	0.86741	-	-	-	-	O
C43509275      none	B	[*^2:1]~[C^2:2]([!H])!@[C^2:3]~[*^2:4]	-29.9686	1.21216	-	-	-	-	G
C43509275      none	B	[O:1]=[CX3:2]!@[NX3H1:3][!#1:4]	-0.00823643	63.7893	-	-	-	-	G
C43509275      none	B	[$(C=O):1][NX3H1:2]!@[CX4H0:3][C:4]	176.042	11.3993	-	-	-	-	G
C43509275      none	B	[NH1:1][CX4:2]!@[CX3:3]=[O:4]	89.999	0.183795	-	-	-	-	R
C06382904      none	B	[a:1][a:2]!@[CX3:3]=[O:4]	-150.005	2.51484	-	-	-	-	G
C06382904      none	B	[*^2:1]~[C^2:2]([!H])!@[C^2:3]~[*^2:4]	-149.68	1.11601	-	-	-	-	O
C06382904      none	B	[$([CX3]=O):1][NX3H0:2](C)!@[CX4H2:3][C:4]	-59.9987	0.686106	-	-	-	-	O
C06382904      none	B	[a:1][c:2]!@[CX4H1:3][N,O:4]	-56.6613	3.48172	-	-	-	-	G
C06382904      none	B	[O-:1][N+:2](=O)!@[c:3]([cH,nX2H0])[cH,nX2H0:4]	179.974	23.2156	-	-	-	-	G
C06382904      none	B	[OX2:1][CX4:2]!@[CX4:3][N:4]	-162.09	1.21348	-	-	-	-	O
C22528468      none	B	[$(S(=O)(=O)):1][NH0:2]!@[c:3]([cH1])[cH0:4]	89.9623	13.1148	-	-	-	-	G
C22528468      none	B	[$(S(=O)(=O)):1][NX3H0:2]!@[CX4H2:3][!#1:4]	140.005	3.87931	-	-	-	-	G
C22528468      none	B	[C:1][$(S(=O)=O):2]!@[NX3H0:3][c:4]	90.0028	11.6279	-	-	-	-	G
C22528468      none	B	N[C:2](=[O:1])!@[CH2:3][N:4]	-90.0006	0.14881	-	-	-	-	R
C22528468      none	B	[O:1]=[CX3:2]!@[NX3H1:3][!#1:4]	0.000765105	63.7893	-	-	-	-	G
C22528468      none	B	[$(C=O):1][NX3H1:2]!@[c:3]([cH1])[cH1:4]	60.0061	0.402739	-	-	-	-	R
C22528468      none	B	[aH1:1][c:2]([aH1])!@[SX4:3][!#1:4]	-90	12.5987	-	-	-	-	G
C22528468      none	B	[c:1][S:2](=O)(=O)!@[NX2H0-:3]-[*:4]	-59.9991	11.1111	-	-	-	-	G
C22528468      none	B	[$(S(=O)(=O)):1][N:2]!@[c:3][a:4]	90.0046	4.78516	-	-	-	-	G
C03889989      none	B	[aH0:1][c:2]([aH1])!@[SX4:3][!#1:4]	-69.9729	15.3236	-	-	-	-	G
C03889989      none	B	[cH0:1][c:2]([cH1])!@[O:3][C:4]	179.998	48.7454	-	-	-	-	G
C03889989      none	B	[C:1][CX4H2:2]!@[OX2:3][c:4]	179.997	43.8829	-	-	-	-	G
C03889989      none	B	[OX2:1][CX4H2:2]!@[CX3:3]([$([NX3H1,NX3H2])])=[O:4]	179.999	30	-	-	-	-	G
C03889989      none	B	[c:1][$(S(=O)=O):2]!@[NX3H1:3][C:4]	-60.0016	13.7514	-	-	-	-	G
C03889989      none	B	[$(S(=O)(=O)):1][NX3H1:2]!@[CX4H1:3][H:4]	-29.9985	9.39227	-	-	-	-	G
C03889989      none	B	[!#1:1][CX4:2]!@[CX4:3][!#1:4]	60.0041	12.3771	-	-	-	-	G
C03889989      none	B	[O:1]=[C:2]([O-])!@[CX4H1:3][H:4]	0.000578844	0.495663	-	-	-	-	O
C09012108      none	B	[cH1:1][a:2]([cH1])!@[a:3]([sX2,o,nX2H0,nX3H1:4])	-119.678	0.969173	-	-	-	-	R
C09012108      none	B	[*:1]~[NX2:2]!@[nX3:3]~[*:4]	30.0007	1.17188	-	-	-	-	G
C09012108      none	B	[cH1:1][c:2]([cH1])!@[CX3:3]=[NX2:4]	-29.7286	2.32396	-	-	-	-	G
C40079189      none	B	[H:1][CX4H1:2]!@[OX2:3][!#1:4]	0.00835869	7.47259	-	-	-	-	G
C40079189      none	B	[cH1,n:1][c:2]!@[O:3][CH1:4]	59.9901	0.194175	-	-	-	-	R
C40079189      none	B	[cH1:1][c:2]([cH1])!@[CX3:3]([CX3H0])=[O:4]	120.001	0.34153	-	-	-	-	R
C40079189      none	B	[*^2:1]~[C^2:2]([!H])!@[C^2:3]~[*^2:4]	150.3	1.21045	-	-	-	-	G
C40079189      none	B	[$([CX3]=O):1][NX3H0:2](C)!@[CX4H2:3][C:4]	59.9942	0.600343	-	-	-	-	O
C40079189      none	B	[cH0:1][c:2]!@[CX4H1:3][CX3:4]	59.9999	4.33255	-	-	-	-	G
C40079189      none	B	[OX2:1][CX4H2:2]!@[CX4H2:3][Nr:4]	60.0043	18.1373	-	-	-	-	G
C40079189      none	B	[C:1][CH2:2]!@[O:3][CX4:4]	160	5.67469	-	-	-	-	G
C40079189      none	B	[C:1][CH2:2]!@[O:3][CX4:4]	79.9942	1.71561	-	-	-	-	G
C40079189      none	B	[OX2:1][CX4H2:2]!@[CX4H2:3][OX2:4]	180	10.6129	-	-	-	-	G
C10295336      none	B	[cH1:1][c:2]([cH1])!@[O:3][C:4]	-179.725	26.896	-	-	-	-	G
C10295336      none	B	[c:1][c:2]!@[c:3]([cH0])[nX2H0:4]	-90.277	0.895317	-	-	-	-	R
C10295336      none	B	[a:1][c:2]!@[CX4H1:3][a:4]	-30.0032	2.35804	-	-	-	-	G
C10295336      none	B	[O-:1][N+:2](=O)!@[c:3]([cH,nX2H0])[cH,nX2H0:4]	179.991	23.2156	-	-	-	-	G
C04917345      none	B	[CX3:1]=[CX3:2]!@[CH2:3][C:4]	-120.008	8.72666	-	-	-	-	G
C04917345      none	B	[!#1:1][CX4:2]!@[CX3H0:3][!#1:4]	-89.9924	2.97335	-	-	-	-	G
C04917345      none	B	[!#1:1][CX3:2]!@[SX2:3][!#1:4]	-120.003	0.0753012	-	-	-	-	R
C04917345      none	B	[*:1]~[NX2:2]!@[OX2:3]~[*:4]	120	0.138217	-	-	-	-	R
C04917345      none	B	[*:1]~[OX2:2]!@[SX4:3]~[*:4]	-40.0041	4.33662	-	-	-	-	G
C04917345      none	B	[!#1:1][CX4:2]!@[SX2:3][!#1:4]	80.0416	6.41197	-	-	-	-	G
C04917345      none	B	[OX2:1][CX4:2]!@[CX4:3][OX2:4]	179.909	13.4277	-	-	-	-	G
C40559163      none	B	[!#1:1][CX4:2]!@[SX4:3][!#1:4]	79.9978	3.66316	-	-	-	-	G
C40559163      none	B	[!#1:1][CX4H2:2]!@[CX4H2:3][!#1:4]	179.999	58.554	-	-	-	-	G
C40559163      none	B	[!#1:1][CX4:2]!@[CX4:3][!#1:4]	80.0027	1.75235	-	-	-	-	G
C40559163      none	B	[O:1]=[C:2]([O-])!@[CX4H1:3][H:4]	0.000905528	0.495663	-	-	-	-	O
C40559163      none	B	[$(C=O):1][NX3H1:2]!@[CX4H1:3][H:4]	29.9944	9.46757	-	-	-	-	G
C40559163      none	B	[O:1]=[CX3:2]!@[NX3H1:3][!#1:4]	-0.00209237	63.7893	-	-	-	-	G
C40559163      none	B	[O:1]=[CX3:2]!@[NX3H0:3][!#1:4]	-149.713	1.37927	-	-	-	-	O
C40559163      none	B	[!#1:1][CX4:2]!@[CX4:3][!#1:4]	-60.0013	12.2558	-	-	-	-	G
C40578803      none	B	[$(C=O):1][NX3:2]!@[a:3][aH0:4]	-120.004	2.3332	-	-	-	-	G
C40578803      none	B	[O:1]=[CX3:2]([$([NX3H1]C)])!@[NX3H1:3][!#1:4]	0.000515671	41.1343	-	-	-	-	G
C40578803      none	B	[O:1]=[CX3:2]([$([NX3H1]C)])!@[NX3H1:3][!#1:4]	0.00119675	41.1343	-	-	-	-	G
C40578803      none	B	[$(C=O):1][NX3H1:2]!@[CX4H1:3][H:4]	-0.0021286	8.26772	-	-	-	-	G
C40578803      none	B	[OX2:1][CX4:2]!@[CX4:3][N:4]	60.0135	15.2809	-	-	-	-	G
C40578803      none	B	[O:1]=[C:2]([O-])!@[CX4H1:3][H:4]	89.9981	0.86741	-	-	-	-	O
C35610808      none	B	[O:1]=[CX3:2]!@[NX3H1:3][!#1:4]	-0.00126078	63.7893	-	-	-	-	G
C35610808      none	B	[a:1][c:2]!@[C:3]([NH1,NH2])=[O:4]	-149.689	5.2923	-	-	-	-	O
C35610808      none	B	[aH1:1][c:2]([aH1])!@[SX4:3][!#1:4]	-90.0005	12.5987	-	-	-	-	G
C35610808      none	B	[c:1][$(S(=O)=O):2]!@[NX3H1:3][C:4]	-60.0006	13.7514	-	-	-	-	G
C35610808      none	B	[$(S(=O)(=O)):1][NX3H1:2]!@[CX4H2:3][!#1:4]	119.999	2.14592	-	-	-	-	O
C35610808      none	B	[OX2:1][CX4H2:2]!@[CX4H2:3][N:4]	179.995	8.36763	-	-	-	-	G
C04008783      none	B	[N:1][CX4:2]!@[CX3:3]=[O:4]	-119.993	0.897291	-	-	-	-	G
C04008783      none	B	[$([CX3]=O):1][NX3H0:2](C)!@[CX4H2:3][C:4]	-90.3283	15.9949	-	-	-	-	G
C53108233      none	B	[OX2:1][CX4:2]!@[CX4:3][N:4]	-59.9961	14.8764	-	-	-	-	G
C53108233      none	B	[!#1:1][CX4:2]!@[NX3:3][!#1:4]	60.0004	5.63312	-	-	-	-	G
C53108233      none	B	[c:1][$(S(=O)=O):2]!@[NX3H1:3][C:4]	-147.002	0	-	-	-	-	R
C53108233      none	B	[aH1:1][c:2]([aH1])!@[SX4:3][!#1:4]	90.2776	12.916	-	-	-	-	G
C35187012      none	B	[a:1][c:2]!@[C:3]([NH0])=[O:4]	90.0056	2.88889	-	-	-	-	G
C35187012      none	B	[O:1]=[CX3:2](a)!@[NX3H0:3][!#1:4]	30.279	0.896722	-	-	-	-	R
C43438150      none	B	[!#1:1][CX4:2]!@[CX4:3][!#1:4]	40.0036	0.998355	-	-	-	-	G
C43438150      none	B	[NH1:1][CX4:2]!@[CX3:3]=[O:4]	120.006	0.41354	-	-	-	-	G
C43438150      none	B	[$(C=O):1][NX3H1:2]!@[CX4H1:3][H:4]	59.9967	6.22422	-	-	-	-	G
C43438150      none	B	[O:1]=[C:2]!@[O:3]~[C:4]	0.0013152	74.4927	-	-	-	-	G
C43438150      none	B	[O:1]=[CX3:2]([$([NX3H1]C)])!@[NX3H1:3][!#1:4]	0.00226833	41.1343	-	-	-	-	G
C43438150      none	B	[O:1]=[CX3:2]([$([NX3H1]C)])!@[NX3H1:3][!#1:4]	0.0078452	41.1343	-	-	-	-	G
C43438150      none	B	[$(C=O):1][NX3H1:2]!@[CX4H0:3][C:4]	-60.006	14.7253	-	-	-	-	G
C43438150      none	B	[NH1:1][CX4:2]!@[CX3:3]=[O:4]	-0.00481364	6.89233	-	-	-	-	G
C37449784      none	B	[*^2:1]~[C^2:2]([!H])!@[C^2:3]~[*^2:4]	120.024	0.806964	-	-	-	-	G
C37449784      none	B	[O:1]=[CX3:2]!@[NX3H0:3][!#1:4]	-149.686	1.37927	-	-	-	-	O
C37449784      none	B	[O:1]=[C:2]([O-])!@[CX4H1:3][H:4]	89.9944	0.86741	-	-	-	-	O
C35118914      none	B	[O-:1][N+:2](=O)!@[c:3]([cH0])[cH,nX2H0:4]	89.9806	0.274725	-	-	-	-	O
C35118914      none	B	[aH1:1][c:2]([aH1])!@[SX4:3][!#1:4]	70.0029	5.04089	-	-	-	-	G
C35118914      none	B	[*:1][$(S(=O)=O):2]!@[NX3H0r:3][*:4]	-119.732	0.995261	-	-	-	-	G
C05500750      none	B	[OX2:1][CX4:2]!@[CX4:3][OX2:4]	60.0054	14.3222	-	-	-	-	G
C05500750      none	B	[C:1][CX4H2:2]!@[OX2:3][!#1:4]	89.9985	2.91511	-	-	-	-	G
C05500750      none	B	[*:1]~[OX2:2]!@[P:3]~[*:4]	-60.001	4.56277	-	-	-	-	G
C05500750      none	B	[*:1]~[OX2:2]!@[P:3]~[*:4]	59.9971	4.54722	-	-	-	-	G
C05500750      none	B	[C:1][CX4H2:2]!@[OX2:3][!#1:4]	-149.998	2.2011	-	-	-	-	G
C05500750      none	B	[OX2:1][CX4:2]!@[CX4:3][OX2:4]	79.9987	2.87509	-	-	-	-	G
C40593053      none	B	[cH1:1][c:2]([cH0])!@[NX3:3][a:4]	-29.7066	5.36829	-	-	-	-	G
C40593053      none	B	[a:1][a:2]!@[NX3:3][!#1:4]	-59.7309	1.73028	-	-	-	-	O
C40593053      none	B	[O-:1][N+:2](=O)!@[c:3]([cH0])[cH0:4]	89.9927	5.69106	-	-	-	-	G
C40593053      none	B	[cH0:1][c:2]([cH,nX2H0])!@[NX3H0:3][CX4:4]	-89.7292	1.8357	-	-	-	-	G
C40593053      none	B	[O:1]=[C:2]([O-])!@[CX4H1:3][H:4]	89.9947	0.86741	-	-	-	-	O
C62833365      none	B	[$(C=O):1][NX3:2]!@[a:3][aH0:4]	-90.0014	3.39746	-	-	-	-	G
C62833365      none	B	[O:1]=[C:2]!@[NX3H0:3]([a:4])[A]	-150.004	3.17023	-	-	-	-	G
C62833365      none	B	[O:1]=[C:2]([O-])!@[c:3]([cH1])[cH1:4]	179.975	7.35294	-	-	-	-	G
C62833365      none	B	[N:1][C:2](=O)!@[CX4H2:3][CX4H2:4]	179.998	15.2589	-	-	-	-	G
C62833365      none	B	[!#1:1][CX4H2:2]!@[CX4H2:3][!#1:4]	60.0009	3.99483	-	-	-	-	G
C62833365      none	B	[C:1][CH2:2]!@[O:3][CX4:4]	80.0044	1.71561	-	-	-	-	G
C04060955      none	B	[O:1]=[C:2]([O-])!@[CX4H1:3][H:4]	0.000959125	0.495663	-	-	-	-	O
C04060955      none	B	[$(C=O):1][NX3H1:2]!@[CX4H1:3][H:4]	-30.0103	6.97413	-	-	-	-	G
C04060955      none	B	[O:1]=[CX3:2]!@[NX3H1:3][!#1:4]	-2.20777e-05	63.7893	-	-	-	-	G
C04060955      none	B	[C:1][CX4:2]!@[CX3:3]=[O:4]	-119.962	3.42432	-	-	-	-	G
C04060955      none	B	[O:1]=[CX3:2]!@[NX3H0:3][!#1:4]	-30.0039	0.692521	-	-	-	-	O
C04060955      none	B	[N:1][CX4:2]!@[CX3:3]=[O:4]	1.76456	7.55292	-	-	-	-	G
C04060955      none	B	[O:1]=[CX3:2]!@[NX3H0:3][!#1:4]	149.999	1.73707	-	-	-	-	O
C04060955      none	B	[O:1]=[C:2]!@[O:3]~[CH0:4]	-0.00115773	56.519	-	-	-	-	G
C04060955      none	B	[!#1:1][CX4H0:2]!@[OX2:3][!#1:4]	59.997	19.4328	-	-	-	-	G
C33519999      none	B	[!#1:1][CX4:2]!@[CX4:3][!#1:4]	-60.0009	12.2558	-	-	-	-	G
C33519999      none	B	[O:1]=[C:2]([O-])!@[CX4H1:3][H:4]	-0.00333712	0.495663	-	-	-	-	O
C33519999      none	B	[$(C=O):1][NX3H1:2]!@[CX4H1:3][H:4]	-59.9975	1.23735	-	-	-	-	G
C33519999      none	B	[O:1]=[CX3:2]!@[NX3H1:3][!#1:4]	0.000793725	63.7893	-	-	-	-	G
C33519999      none	B	[$([c]([NH1,NH2])):1][c:2]!@[CX3:3]([!O])=[O:4]	-0.00619228	27.6243	-	-	-	-	G
C33519999      none	B	[$([C](=O)):1][NX3:2]!@[a:3](s)[a:4]	180	61.7021	-	-	-	-	G
C33519999      none	B	[O:1]=[CX3:2]!@[NX3H1:3][!#1:4]	-0.00667231	63.7893	-	-	-	-	G
C33519999      none	B	[O:1]=[CX3:2]([NH1])!@[CH2:3][C:4]	30.0026	5.10585	-	-	-	-	G
C33519999      none	B	[!#1:1][CX4:2]!@[CX4:3][!#1:4]	59.998	12.3771	-	-	-	-	G
C62216327      none	B	[a:1][c:2]!@[CX4H2:3][CX3:4]	-89.9999	7.62274	-	-	-	-	G
C62216327      none	B	[c:1][CX4H2:2]!@[CX3:3]=[O:4]	60.0052	1.9943	-	-	-	-	G
C62216327      none	B	[O:1]=[CX3:2]!@[NX3H1:3][!#1:4]	-0.0100529	63.7893	-	-	-	-	G
C62216327      none	B	[$([CX3]=O):1][NX3H1:2]!@[CX4H2:3][C:4] 	150.004	1.43139	-	-	-	-	O
C62216327      none	B	[!#1:1][CX4H2:2]!@[CX4H2:3][!#1:4]	60.0028	3.99483	-	-	-	-	G
C62216327      none	B	[!#1:1][CX4:2]!@[SX4:3][!#1:4]	-152.247	1.51579	-	-	-	-	O
C62216327      none	B	[*:1]~[N,n:2]!@[S:3]~[*:4]	59.995	4.33354	-	-	-	-	G
C62216327      none	B	[$(S(=O)(=O)):1][NH0:2]!@[c:3]([cH1])[cH1:4]	-120.261	1.65289	-	-	-	-	G
C62216327      none	B	[$(C=O):1][NX3H1:2]!@[c:3]([cH1])[cH1:4]	90.2824	0.0402739	-	-	-	-	R
C62216327      none	B	[O:1]=[CX3:2]!@[NX3H1:3][!#1:4]	0.00111583	63.7893	-	-	-	-	G
C61370374      none	B	[a:1][c:2]!@[CX4H1:3][N,O:4]	-119.998	3.08052	-	-	-	-	G
C61370374      none	B	[$(C=O):1][NX3H1:2]!@[CX4H1:3][H:4]	60.0042	6.22422	-	-	-	-	G
C61370374      none	B	[O:1]=[CX3:2]!@[NX3H1:3][!#1:4]	0.00207202	63.7893	-	-	-	-	G
C61370374      none	B	[O:1]=[CX3:2]!@[NX3H0:3][!#1:4]	0.30997	25.0866	-	-	-	-	G
C61370374      none	B	[O:1]=[C:2]([O-])!@[CX4H1:3][H:4]	89.9954	0.86741	-	-	-	-	O
C50183955      none	B	[cH0:1][c:2]!@[CX4H2:3][CX4:4]	89.9963	18.5823	-	-	-	-	G
C50183955      none	B	[!#1:1][CX4H2:2]!@[CX4H2:3][!#1:4]	60.0021	3.99483	-	-	-	-	G
C50183955      none	B	[!#1:1][CX4H2:2]!@[CX4H2:3][!#1:4]	59.9985	3.99483	-	-	-	-	G
C50183955      none	B	[$([CX3]=O):1][NX3H1:2]!@[CX4H2:3][C:4] 	-149.995	1.7769	-	-	-	-	O
C50183955      none	B	[O:1]=[CX3:2]!@[NX3H1:3][!#1:4]	-0.00567624	63.7893	-	-	-	-	G
C50183955      none	B	[s:1][c:2]!@[C:3]([NH1])=[O:4]	-149.998	1.0989	-	-	-	-	R
C50183955      none	B	[O:1]=[C:2]([O-])!@[c:3][a:4]	-0.00873397	11.4943	-	-	-	-	G
C33450943      none	B	[cH0:1][c:2]([cH,nX2H0])!@[NX3H0:3][CX4:4]	-119.743	1.65213	-	-	-	-	O
C33450943      none	B	[a:1][c:2]!@[CX3:3]=[CX3H0:4]	-120.002	3.00312	-	-	-	-	G
C33450943      none	B	[$([CX3]=O):1][NX3H0:2](C)!@[CX4H2:3][C:4]	-89.9971	15.9949	-	-	-	-	G
C33450943      none	B	[!#1:1][CX4H2:2]!@[CX4H2:3][!#1:4]	180	58.554	-	-	-	-	G
C33450943      none	B	[!#1:1][CX4H2:2]!@[CX4H2:3][!#1:4]	180	58.554	-	-	-	-	G
C33450943      none	B	[C:1][CX4H2:2]!@[CX3:3]=[O:4]	120	0.695249	-	-	-	-	O
C33450943      none	B	[C:1][CX4:2]!@[CX3:3]=[O:4]	150.067	1.17362	-	-	-	-	G
C13171102      none	B	[a:1][c:2]!@[C:3]([NH0])=[O:4]	-59.9947	3.63889	-	-	-	-	G
C13171102      none	B	[O:1]=[CX3:2](a)!@[NX3H0:3][!#1:4]	150.286	2.50464	-	-	-	-	G
C13171102      none	B	[O:1]=[C:2]([O-])!@[CX4H1:3][H:4]	89.9949	0.86741	-	-	-	-	O
C40580161      none	B	[$(C=O):1][NX3H1:2]!@[CX4H1:3][H:4]	29.9966	9.46757	-	-	-	-	G
C40580161      none	B	[O:1]=[CX3:2]!@[NX3H1:3][!#1:4]	0.0010121	63.7893	-	-	-	-	G
C40580161      none	B	N[C:2](=[O:1])!@[CH2:3][N:4]	120.007	0.595238	-	-	-	-	G
C40580161      none	B	[$([CX3]=O):1][NX3H1:2]!@[CX4H2:3][C:4] 	89.992	7.35439	-	-	-	-	G
C40580161      none	B	[O:1]=[CX3:2]!@[NX3H1:3][!#1:4]	0.00015147	63.7893	-	-	-	-	G
C40580161      none	B	[O:1]=[CX3:2]!@[NX3H0:3][!#1:4]	0.312814	25.0866	-	-	-	-	G
C40580161      none	B	[H:1][CX4H1:2]!@[O:3][CX4:4]	55.9323	4.42842	-	-	-	-	G
C40580161      none	B	[O:1]=[C:2]([O-])!@[CX4H1:3][H:4]	-0.00141431	0.495663	-	-	-	-	O
C42575920      none	B	[OX2:1][CX4:2]!@[CX4:3][N:4]	59.9967	15.2809	-	-	-	-	G
C42575920      none	B	[O:1]=[C:2]([O-])!@[CX4H1:3][H:4]	-4.79279e-05	0.495663	-	-	-	-	O
C42575920      none	B	[$(C=O):1][NX3H1:2]!@[CX4H1:3][H:4]	-29.996	6.97413	-	-	-	-	G
C42575920      none	B	[O:1]=[CX3:2]([$([NX3H1]C)])!@[NX3H1:3][!#1:4]	-0.0151852	41.1343	-	-	-	-	G
C42575920      none	B	[O:1]=[CX3:2]([$([NX3H1]C)])!@[NX3H1:3][!#1:4]	0.0160935	41.1343	-	-	-	-	G
C42575920      none	B	[$(C=O):1][NX3H1:2]!@[CX4H1:3][H:4]	29.9964	9.46757	-	-	-	-	G
C42575920      none	B	[NH1:1][CX4:2]!@[CX3:3]=[O:4]	-30.0003	4.44172	-	-	-	-	G
C42575920      none	B	[O:1]=[CX3:2]!@[NX3H0:3][!#1:4]	-0.000597263	25.0866	-	-	-	-	G
C43704150      none	B	[O:1]=[CX3:2]!@[NX3H0:3][!#1:4]	-0.000917926	25.0866	-	-	-	-	G
C43704150      none	B	N[C:2](=[O:1])!@[CH2:3][N:4]	60.0054	0.14881	-	-	-	-	O
C43704150      none	B	[C:1][CX4H2:2]!@[NX3;"N_lp":3][C:4]	-156.367	6.16939	-	-	-	-	G
C43704150      none	B	[O:1]=[C:2]([O-])!@[CX4H1:3][H:4]	-0.00138256	0.495663	-	-	-	-	O
C42522490      none	B	[O:1]=[C:2]([O-])!@[CX4H1:3][H:4]	89.997	0.86741	-	-	-	-	O
C42522490      none	B	[H:1][CX4H1:2]!@[SX4:3][!#1:4]	67.7415	6.16967	-	-	-	-	G
C42522490      none	B	[C:1][$(S(=O)=O):2]!@[NX3H1:3][c:4]	-89.9983	0	-	-	-	-	G
C42522490      none	B	[$(S(=O)(=O)):1][NH1:2]!@[c:3]([cH1])[cH1:4]	29.7008	1.90678	-	-	-	-	O
C48922448      none	B	[!#1:1][CX4H2:2]!@[CX4H2:3][!#1:4]	180	58.554	-	-	-	-	G
C48922448      none	B	[$([CX3]=O):1][NX3H0:2](C)!@[CX4H2:3][C:4]	-90.0024	15.9949	-	-	-	-	G
C48922448      none	B	[$([CX3]=O):1][NX3H0:2](C)!@[CX4H2:3][C:4]	-119.995	2.31561	-	-	-	-	O
C48922448      none	B	[O:1]=[CX3:2]!@[NX3H0:3][!#1:4]	179.997	18.2537	-	-	-	-	G
C48922448      none	B	[OX2:1][CX4H2:2]!@[CX4H2:3][N:4]	180	8.36763	-	-	-	-	G
C48922448      none	B	[O:1]=[CX3:2]!@[NX3H1:3][!#1:4]	90.0058	0	-	-	-	-	R
C48922448      none	B	[$(C=O):1][NX3H1:2]!@[c:3]([cH1])[cH1:4]	-29.9962	5.05437	-	-	-	-	G
C48922448      none	B	[O:1]=[C:2]([O-])!@[c:3]([cH1])[cH1:4]	179.986	7.35294	-	-	-	-	G
C52003531      none	B	[O-:1][N+:2](=O)!@[c:3]([cH0])[cH,nX2H0:4]	89.9837	0.274725	-	-	-	-	O
C52003531      none	B	[aH1:1][c:2]([aH1])!@[SX4:3][!#1:4]	89.9951	12.916	-	-	-	-	G
C52003531      none	B	[c:1][$(S(=O)=O):2]!@[NX3H1:3][C:4]	90.0006	2.64026	-	-	-	-	G
C52003531      none	B	[$(S(=O)(=O)):1][NX3H1:2]!@[CX4H1:3][H:4]	0.00503238	7.36648	-	-	-	-	G
C49449485      none	B	[!#1:1][CX4:2]!@[SX4:3][!#1:4]	-52.2561	4.65263	-	-	-	-	G
C49449485      none	B	[*:1][$(S(=O)=O):2]!@[NX3H0r:3][*:4]	90.2818	4.85782	-	-	-	-	G
C49449485      none	B	[C:1][CX4:2]!@[CX3:3]=[O:4]	149.877	1.17362	-	-	-	-	G
C49449485      none	B	[O:1]=[CX3:2]!@[NX3H1:3][!#1:4]	-0.00816446	63.7893	-	-	-	-	G
C49449485      none	B	[$([C](=O)):1][NX3H1:2]!@[$([a]([nH0,o])):3][cH1:4]	0.3234	29.6774	-	-	-	-	G
C40699290      none	B	[aH0:1][c:2]([aH0])!@[SX4:3][!#1:4]	66.1382	5.02793	-	-	-	-	G
C40699290      none	B	[c:1][$(S(=O)=O):2]!@[NX3H1:3][C:4]	60.0002	14.5215	-	-	-	-	G
C40699290      none	B	[$(S(=O)(=O)):1][NX3H1:2]!@[CX4H1:3][H:4]	-0.00220391	7.36648	-	-	-	-	G
C40699290      none	B	[!#1:1][CX4:2]!@[CX4:3][!#1:4]	160.002	1.81259	-	-	-	-	G
C40699290      none	B	[O:1]=[C:2]([O-])!@[CX4H1:3][H:4]	0.0135225	0.495663	-	-	-	-	O
C40699290      none	B	[!#1:1][CX4H2:2]!@[CX4H2:3][!#1:4]	-60.0055	3.77933	-	-	-	-	G
C36857580      none	B	[OX2:1][CX4:2]!@[CX4:3][N:4]	39.9903	1.66292	-	-	-	-	G
C36857580      none	B	[O:1]=[C:2]([O-])!@[CX4H1:3][H:4]	-0.0101932	0.495663	-	-	-	-	O
C36857580      none	B	[$(C=O):1][NX3H1:2]!@[CX4H1:3][H:4]	-60.0029	1.23735	-	-	-	-	G
C36857580      none	B	[O:1]=[CX3:2]!@[NX3H1:3][!#1:4]	0.00447182	63.7893	-	-	-	-	G
C36857580      none	B	[a:1][c:2]!@[C:3]([NH1,NH2])=[O:4]	-149.684	5.2923	-	-	-	-	O
C36857580      none	B	[O-:1][N+:2](=O)!@[c:3]([cH,nX2H0])[cH,nX2H0:4]	179.97	23.2156	-	-	-	-	G
C36857580      none	B	[*:1]~[CX4:2]!@[n:3]~[*:4]	60.0007	3.54922	-	-	-	-	G
C37451597      none	B	[N:1][CX4:2]!@[CX3:3]=[O:4]	-178.218	3.27555	-	-	-	-	G
C37451597      none	B	[O:1]=[CX3:2]!@[NX3H0:3][!#1:4]	-0.00248511	25.0866	-	-	-	-	G
C37451597      none	B	[O:1]=[CX3:2]!@[CX4H1r3:3][H:4]	119.997	1.33333	-	-	-	-	O
C37451597      none	B	[O:1]=[CX3:2]!@[NX3H1:3][!#1:4]	0.00509173	63.7893	-	-	-	-	G
C37451597      none	B	[$(C=O):1][NX3H1:2]!@[CX4H1:3][H:4]	29.9885	9.46757	-	-	-	-	G
C37451597      none	B	[OX2:1][CX4:2]!@[CX4:3][N:4]	-60.0005	14.8764	-	-	-	-	G
C37451597      none	B	[O:1]=[C:2]([O-])!@[CX4H1:3][H:4]	0.0102083	0.495663	-	-	-	-	O
C42439513      none	B	[C:1][CX4:2]!@[CX3:3]=[O:4]	-149.871	1.18876	-	-	-	-	G
C42439513      none	B	[O:1]=[CX3:2]!@[NX3H0:3][!#1:4]	-30.0044	0.692521	-	-	-	-	O
C42439513      none	B	[O:1]=[CX3:2]!@[NX3H1:3][!#1:4]	-0.0048988	63.7893	-	-	-	-	G
C42439513      none	B	[$(C=O):1][NX3H1:2]!@[CX4H1:3][H:4]	-29.9943	6.97413	-	-	-	-	G
C42439513      none	B	[OX2:1][CX4:2]!@[CX4:3][N:4]	-39.9944	1.41573	-	-	-	-	G
C42439513      none	B	[O:1]=[C:2]([O-])!@[CX4H1:3][H:4]	89.9926	0.86741	-	-	-	-	O
C52267125      none	B	[a:1][c:2]!@[CX4H0:3][CX4:4]	-149.999	1.42191	-	-	-	-	O
C52267125      none	B	[!#1:1][CX4:2]!@[CX4:3][!#1:4]	180	22.1548	-	-	-	-	G
C52267125      none	B	[C:1][CX4:2]!@[CX3:3]=[O:4]	0.00689282	5.61823	-	-	-	-	G
C51040292      none	B	[C:1][CX4H2:2]!@[NX3:3][C:4]	0.00385628	0.00637024	-	-	-	-	R
C51040292      none	B	[cH0:1][c:2]([cH,nX2H0])!@[NX3H0:3][CX4:4]	89.7367	2.06517	-	-	-	-	G
C51040292      none	B	[N:1][CX4:2]!@[CX3:3]=[O:4]	119.993	0.766617	-	-	-	-	G
C49519312      none	B	[n,o,s:1][c:2]!@[CX4H2:3][CX4:4]	-89.6849	5.3104	-	-	-	-	G
C49519312      none	B	[s:1][c:2]!@[C:3]([NH1])=[O:4]	0.282238	23.0769	-	-	-	-	G
C49519312      none	B	[O:1]=[CX3:2]!@[NX3H1:3][!#1:4]	0.00526791	63.7893	-	-	-	-	G
C49519312      none	B	[*:1]~[NX3:2]!@[NX2:3]~[*:4]	179.999	29.4914	-	-	-	-	G
C49519312      none	B	[*:1]~[CX3:2]!@[NX3:3]~[*:4]	120	0.164173	-	-	-	-	G
C49519312      none	B	[C:1][CX4H2:2]!@[NX3:3][C:4]	-90.0016	9.94394	-	-	-	-	G
C50469438      none	B	[!#1:1][CH2:2]!@[n:3][a:4]	-90.0031	13.2844	-	-	-	-	G
C50469438      none	B	[!#1:1][CX4H2:2]!@[CX3:3]=[O:4]	0.00666774	19.1789	-	-	-	-	G
C50469438      none	B	[O:1]=[C:2]!@[O:3]~[C:4]	-0.0102031	74.4927	-	-	-	-	G
C50469438      none	B	[$(C=O):1][O:2]!@[CH2:3]~[C:4]	90.0074	4.53893	-	-	-	-	G
C50469438      none	B	[O:1][CX4:2]!@[CX3:3]=[O:4]	119.997	0.923198	-	-	-	-	O
C40011079      none	B	[a:1][a:2]!@[NX3:3][!#1:4]	-119.727	1.58818	-	-	-	-	O
C40011079      none	B	[O:1]=[C:2]([O-])!@[CX4H1:3][H:4]	-0.00525077	0.495663	-	-	-	-	O
C62117594      none	B	[$(a[OH1]):1][a:2]!@[CX3:3]([NX3H0,CX4H0,c])=[O:4]	60.2515	0	-	-	-	-	O
C62117594      none	B	[O:1]=[CX3:2](a)!@[NX3H0:3][!#1:4]	-179.685	9.67842	-	-	-	-	G
C62117594      none	B	[O:1]=[C:2]([O-])!@[CX4H1:3][H:4]	-0.000251697	0.495663	-	-	-	-	O
C04817896      none	B	[*^2:1]~[C^2:2]([!H])!@[C^2:3]~[*^2:4]	90.0084	1.26539	-	-	-	-	G
C04817896      none	B	[O:1]=[C:2]!@[O:3]~[C:4]	-0.00129318	74.4927	-	-	-	-	G
C04817896      none	B	[*:1]~[cX3:2]!@[NX2:3]~[*:4]	120.301	1.45599	-	-	-	-	O
C04817896      none	B	[a:1][c:2]!@[C:3]([NH1,NH2])=[O:4]	-90.0004	0.299564	-	-	-	-	O
C61844668      none	B	[*:1]~[cX3:2]!@[NX2:3]~[*:4]	-149.997	1.73726	-	-	-	-	O
C61844668      none	B	[*^2:1]~[C^2:2]([!H])!@[C^2:3]~[*^2:4]	-149.72	1.11601	-	-	-	-	O
C54051938      none	B	[O:1]=[C:2]([O-])!@[CX4H1:3][H:4]	89.9942	0.86741	-	-	-	-	O
C54051938      none	B	[$(C=O):1][NX3H0:2]!@[CX4H1:3][H:4]	0.0188754	15.8824	-	-	-	-	G
C54051938      none	B	[O:1]=[CX3:2](a)!@[NX3H0:3][!#1:4]	-149.999	2.19542	-	-	-	-	G
C54051938      none	B	[a:1][c:2]!@[C:3]([NH0])=[O:4]	-119.69	3.91667	-	-	-	-	G
C54051938      none	B	[aH1:1][c:2]([aH1])!@[SX4:3][!#1:4]	90.0038	12.916	-	-	-	-	G
C04523468      none	B	[O:1]=[CX3:2]!@[NX3H1:3][!#1:4]	0.000809803	63.7893	-	-	-	-	G
C04523468      none	B	[$(C=O):1][NX3H1:2]!@[c:3]([cH1])[cH1:4]	90.0034	0.0402739	-	-	-	-	R
C04523468      none	B	[cH1,n:1][c:2]!@[O:3][CRH1:4]	-120	0	-	-	-	-	R
C04523468      none	B	[H:1][CX4H1:2]!@[OX2:3][!#1:4]	-90.0037	0.015086	-	-	-	-	R
C04523468      none	B	[O:1]=[C:2]([O-])!@[CX4H1:3][H:4]	89.9997	0.86741	-	-	-	-	O
C48383602      none	B	[$(C=O):1][NX3H1:2]!@[c:3]([cH1])[cH1:4]	59.978	0.402739	-	-	-	-	R
C48383602      none	B	[$(C=O):1][NX3:2]!@[a:3][aH0:4]	90.0099	3.35653	-	-	-	-	G
C48383602      none	B	[O:1]=[CX3:2]!@[NX3H1:3][!#1:4]	-0.00634523	63.7893	-	-	-	-	G
C48383602      none	B	[O:1]=[CX3:2]!@[NX3H1:3][!#1:4]	0.00453445	63.7893	-	-	-	-	G
C48383602      none	B	[O:1]=[CX3:2]([NH1])!@[CH2:3][C:4]	-120.001	0.124533	-	-	-	-	O
C48383602      none	B	[!#1:1][CX4:2]!@[CX4:3][!#1:4]	159.993	1.81259	-	-	-	-	G
C48383602      none	B	[a:1][c:2]!@[CX4H0:3][CX3:4]	179.996	2.34308	-	-	-	-	G
C48383602      none	B	[c:1][CX4:2]!@[CX3:3]=[O:4]	-120.004	3.75235	-	-	-	-	G
C31168409      none	B	[*:1]~[CX3:2]!@[OX2:3]~[*:4]	-59.9976	0.0682654	-	-	-	-	G
C31168409      none	B	[cH1:1][c:2]([cH1])!@[O:3][C:4]	180	26.896	-	-	-	-	G
C58901788      none	B	[aH1:1][c:2]([aH1])!@[SX4:3][!#1:4]	-30.0033	0.190355	-	-	-	-	R
C58901788      none	B	[*:1][$(S(=O)=O):2]!@[NX3H0r:3][*:4]	90.2656	4.85782	-	-	-	-	G
C58901788      none	B	[aH0:1][c:2]([aH1])!@[SX4:3][!#1:4]	180	1.4531	-	-	-	-	G
C33515168      none	B	[H:1][CX4H1:2]!@[OX2:3][!#1:4]	0.0051629	7.47259	-	-	-	-	G
C33515168      none	B	[cH1,n:1][c:2]!@[O:3][CH1:4]	59.9953	0.194175	-	-	-	-	R
C33515168      none	B	[a:1][c:2]!@[CX4H1:3][N,O:4]	-58.4026	3.48172	-	-	-	-	G
C33515168      none	B	[*^2:1]~[C^2:2]([!H])!@[C^2:3]~[*^2:4]	179.947	19.9269	-	-	-	-	G
C33515168      none	B	[$([CX3]=O):1][NX3H0:2](C)!@[CX4H2:3][C:4]	90.0262	14.7513	-	-	-	-	G
C33515168      none	B	[!#1:1][CX4H2:2]!@[CX4H2:3][!#1:4]	-59.9958	3.77933	-	-	-	-	G
C33515168      none	B	[!#1:1][CX4H2:2]!@[CX4H2:3][!#1:4]	179.998	58.554	-	-	-	-	G
C33515168      none	B	[CX4:1][CX4H2:2]!@[NX3;"N_lp":3][CX4:4]	-156.37	6.65327	-	-	-	-	G
C33515168      none	B	[cH1:1][c:2]([cH1])!@[CX3:3]([CX3H0])=[O:4]	-89.7209	0	-	-	-	-	R
C40715654      none	B	[aH0:1][c:2]([aH0])!@[SX4:3][!#1:4]	-173.867	0.837989	-	-	-	-	R
C40715654      none	B	[c:1][S:2](=O)(=O)!@[NX2H0-:3]-[*:4]	59.9993	8.33333	-	-	-	-	G
C40715654      none	B	[$(S(=O)(=O)):1][NH0:2]!@[c:3]([cH1])[cH1:4]	-120.265	1.65289	-	-	-	-	G
C40715654      none	B	[cH1:1][c:2]([cH1])!@[CX4H2:3][CX4:4]	-89.9816	11.9355	-	-	-	-	G
C40715654      none	B	[!#1:1][CX4H2:2]!@[CX4H2:3][!#1:4]	-60.0022	3.77933	-	-	-	-	G
C34277731      none	B	[!#1:1][CX4:2]!@[CX4:3][!#1:4]	179.999	22.1548	-	-	-	-	G
C34277731      none	B	[!#1:1][CX4H2:2]!@[CX4H2:3][!#1:4]	-60.0038	3.77933	-	-	-	-	G
C34277731      none	B	[!#1:1][CX4H2:2]!@[CX4H2:3][!#1:4]	180	58.554	-	-	-	-	G
C34277731      none	B	[!#1:1][CX4H2:2]!@[CX4H2:3][!#1:4]	-60.004	3.77933	-	-	-	-	G
C34277731      none	B	[O:1]=[CX3:2]([NH1])!@[CH2:3][C:4]	119.992	0.124533	-	-	-	-	O
C34277731      none	B	[O:1]=[CX3:2]!@[NX3H1:3][!#1:4]	-0.000172779	63.7893	-	-	-	-	G
C34277731      none	B	[$([CX3]=O):1][NX3H1:2]!@[CX4H2:3][C:4] 	180	6.46594	-	-	-	-	G
C34277731      none	B	[NH1:1][CX4:2]!@[CX3:3]=[O:4]	120.002	0.41354	-	-	-	-	G
C13059760      none	B	[$(S(=O)(=O)):1][NH1:2]!@[c:3]([cH1])[cH0:4]	-120.025	6.46388	-	-	-	-	G
C13059760      none	B	[cH0:1][c:2]!@[CX4H2:3][N,O,S:4]	134.996	0.685166	-	-	-	-	G
C13059760      none	B	[c:1][$(S(=O)=O):2]!@[NX3H1:3][c:4]	90.0014	0.684932	-	-	-	-	G
C13059760      none	B	[aH1:1][c:2]([aH1])!@[SX4:3][!#1:4]	-89.7312	12.5987	-	-	-	-	G
C13059760      none	B	[O:1]=[C:2]([O-])!@[c:3]([cH1])[cH1:4]	179.98	7.35294	-	-	-	-	G
C44936798      none	B	[!#1:1][CX4:2]!@[CX4:3][!#1:4]	-60	12.2558	-	-	-	-	G
C44936798      none	B	[$([CX3]=O):1][NX3H1:2]!@[CX4H2:3][C:4] 	-89.9956	7.35439	-	-	-	-	G
C44936798      none	B	[O:1]=[CX3:2]([$([NX3H1]C)])!@[NX3H1:3][!#1:4]	-0.00252277	41.1343	-	-	-	-	G
C44936798      none	B	[O:1]=[CX3:2]([$([NX3H1]C)])!@[NX3H1:3][!#1:4]	-0.00252125	41.1343	-	-	-	-	G
C44936798      none	B	[$(C=O):1][NX3H1:2]!@[CX4H1:3][H:4]	-60.0025	1.23735	-	-	-	-	G
C44936798      none	B	[!#1:1][CX4:2]!@[CX4:3][!#1:4]	-160.002	1.85018	-	-	-	-	G
C44936798      none	B	[O:1]=[C:2]([O-])!@[CX4H1:3][H:4]	0.0135477	0.495663	-	-	-	-	O
C44936798      none	B	[C:1][CX4H2:2]!@[CX3:3]=[O:4]	-120	0.79457	-	-	-	-	O
C55584791      none	B	[O-:1][N+:2](=O)!@[c:3]([cH0])[cH,nX2H0:4]	89.8514	0.274725	-	-	-	-	O
C55584791      none	B	[aH0:1][c:2]([aH0])!@[SX4:3][!#1:4]	-53.8674	1.67598	-	-	-	-	G
C55584791      none	B	[c:1][S:2](=O)(=O)!@[NX2H0-:3]-[*:4]	-90.0014	2.77778	-	-	-	-	G
C55584791      none	B	[$(S(=O)(=O)):1][NH0:2]!@[c:3]([cH1])[cH0:4]	-90.2695	18.0328	-	-	-	-	G
C55584791      none	B	[cH0:1][a:2]([cH0])!@[a:3]([sX2,o,nX2H0,nX3H1:4])([cH1])	-90.0071	4.811	-	-	-	-	O
CHEMBL222418      none	B	[O-:1][N+:2](=O)!@[c:3]([cH0])[cH,nX2H0:4]	-0.0194941	12.6374	-	-	-	-	G
C37994573      none	B	[C:1][CX4:2]!@[NX3:3][C:4]	150.009	2.18767	-	-	-	-	G
C37994573      none	B	[C:1][CX4H2:2]!@[NX3:3][C:4]	-0.00837872	0.00637024	-	-	-	-	R
C37994573      none	B	[a:1][a:2]!@[NX3:3][!#1:4]	-89.9991	1.65296	-	-	-	-	O
C37994573      none	B	[N:1][CX4:2]!@[CX3:3]=[O:4]	-89.9969	0.479136	-	-	-	-	O
C37994573      none	B	[cH1:1][c:2]([cH1])!@[C:3]([NH1,NH2])=[O:4]	180	3.89499	-	-	-	-	G
C06468551      none	B	[O:1][CX4:2]!@[CX3:3]=[O:4]	117.608	0.923198	-	-	-	-	O
C13169531      none	B	[C:1][CX4:2]!@[CX3:3]=[O:4]	179.99	0.827213	-	-	-	-	G
C13169531      none	B	[!#1:1][CX4:2]!@[SX2:3][!#1:4]	-79.9959	6.01214	-	-	-	-	G
C13169531      none	B	[O:1]=[CX3:2]!@[NX3H1:3][!#1:4]	-0.00439589	63.7893	-	-	-	-	G
C13169531      none	B	[$(C=O):1][NX3H1:2]!@[c:3]([cH1])[cH1:4]	-59.9969	0.241643	-	-	-	-	R
C13169531      none	B	[O:1]=[C:2]([O-])!@[c:3]([cH1])[cH1:4]	179.972	7.35294	-	-	-	-	G
C13169531      none	B	[O:1]=[C:2]([O-])!@[c:3]([cH1])[cH1:4]	-179.788	7.35294	-	-	-	-	G
C13169531      none	B	[aH1:1][c:2]([aH1])!@[SX2:3][!#1:4]	90.0003	4.22023	-	-	-	-	G
C13169531      none	B	[O-:1][N+:2](=O)!@[c:3]([cH,nX2H0])[cH,nX2H0:4]	179.971	23.2156	-	-	-	-	G
C50445581      none	B	[!#1:1][CH2:2]!@[n:3][cH0:4]	89.9993	14.7896	-	-	-	-	G
C50445581      none	B	[!#1:1][CX4H2:2]!@[CX3:3]=[O:4]	-120	0.59462	-	-	-	-	G
C50445581      none	B	[O:1]=[CX3:2]!@[NX3H1:3][!#1:4]	0.00216395	63.7893	-	-	-	-	G
C50445581      none	B	[$([CX3]=O):1][NX3H1:2]!@[CX4H2:3][C:4] 	149.996	1.43139	-	-	-	-	O
C50445581      none	B	[!#1:1][CX4H2:2]!@[CX4H2:3][!#1:4]	60.002	3.99483	-	-	-	-	G
C61121492      none	B	[!#1:1][CX4:2]!@[SX2:3][!#1:4]	-80.0005	6.01214	-	-	-	-	G
C61121492      none	B	[!#1:1][CX4H2:2]!@[CX4H2:3][!#1:4]	179.997	58.554	-	-	-	-	G
C61121492      none	B	[!#1:1][CX4:2]!@[CX4:3][!#1:4]	-60.0054	12.2558	-	-	-	-	G
C61121492      none	B	[O:1]=[C:2]([O-])!@[CX4H1:3][H:4]	-0.00228682	0.495663	-	-	-	-	O
C61121492      none	B	[$(C=O):1][NX3H1:2]!@[CX4H1:3][H:4]	30.0031	9.46757	-	-	-	-	G
C61121492      none	B	[O:1]=[CX3:2]([$([NX3H1]C)])!@[NX3H1:3][!#1:4]	-0.009187	41.1343	-	-	-	-	G
C61121492      none	B	[O:1]=[CX3:2]([$([NX3H1]C)])!@[NX3H1:3][!#1:4]	180	9.5176	-	-	-	-	R
C61121492      none	B	[$(C=O):1][NX3H1:2]!@[c:3]([cH1])[cH1:4]	-119.993	0.302054	-	-	-	-	R
C37366529      none	B	[NH1:1][CX4:2]!@[CX3:3]=[O:4]	-149.995	4.5183	-	-	-	-	G
C37366529      none	B	[$(C=O):1][NX3H1:2]!@[CX4H0:3][C:4]	179.997	11.3993	-	-	-	-	G
C37366529      none	B	[O:1]=[CX3:2]!@[NX3H1:3][!#1:4]	-8.38262e-06	63.7893	-	-	-	-	G
C37366529      none	B	[NH1:1][CX4:2]!@[CX3:3]=[O:4]	153.148	9.89432	-	-	-	-	G
C03830479      none	B	[*:1]~[NX2:2]!@[OX2:3]~[*:4]	-150.003	1.10574	-	-	-	-	R
C03830479      none	B	[cH1:1][c:2]([nX2])!@[CX3:3]=[NX2:4]	150.278	0.922266	-	-	-	-	O
C03830479      none	B	[*^2:1]~[C^2:2]([!H])!@[C^2:3]~[*^2:4]	150.003	1.21045	-	-	-	-	G
C03830479      none	B	[O:1]=[CX3:2]!@[NX3H1:3][!#1:4]	-0.00270943	63.7893	-	-	-	-	G
C03830479      none	B	[$(C=O):1][NX3H1:2]!@[CX4H1:3][H:4]	60.0006	6.22422	-	-	-	-	G
C03830479      none	B	[*^2:1]~[C^2:2]([!H])!@[C^2:3]~[*^2:4]	119.976	0.806964	-	-	-	-	G
C36358115      none	B	[a:1][ar6:2]!@[ar5:3][a:4]	-179.725	7.27752	-	-	-	-	G
C36358115      none	B	[a:1][c:2]!@[CX4H1:3][a:4]	-60.0034	3.71511	-	-	-	-	G
C36358115      none	B	[cH1:1][c:2]([cH1])!@[O:3][C:4]	0.00124205	26.3009	-	-	-	-	G
C36358115      none	B	[c:1][CX4H2:2]!@[OX2:3][c:4]	179.999	39.7757	-	-	-	-	G
C36358115      none	B	[nX2r6:1][cH0r6:2]([cH1r6])!@[CX4H2:3][O!H:4]	90.0003	1.35135	-	-	-	-	G
C23390760      none	B	[cH1:1][c:2]([cH1])!@[CX3:3]=[O:4]	-29.7322	3.22841	-	-	-	-	G
C23390760      none	B	[$(S(=O)(=O)):1][NH0:2]!@[c:3]([cH1])[cH1:4]	120.227	2.06612	-	-	-	-	G
C23390760      none	B	[c:1][S:2](=O)(=O)!@[NX2H0-:3]-[*:4]	-60.0019	11.1111	-	-	-	-	G
C23390760      none	B	[aH1:1][c:2]([aH1])!@[SX4:3][!#1:4]	90.2813	12.916	-	-	-	-	G
C23390760      none	B	[aH1:1][c:2]([aH1])!@[SX4:3][!#1:4]	-0.00479408	0.126904	-	-	-	-	R
C62174920      none	B	[C:1][CX4:2]!@[NX3;"N_lp":3][C:4]	83.6338	5.94326	-	-	-	-	G
C36864077      none	B	[*:1]~[CX4:2]!@[n:3]~[*:4]	-89.9969	3.28413	-	-	-	-	G
C36864077      none	B	[aH1:1][c:2]([aH1])!@[SX4:3][!#1:4]	30.0059	0.225606	-	-	-	-	R
C36864077      none	B	[O:1]=[C:2]([O-])!@[c:3][a:4]	0.00119992	11.4943	-	-	-	-	G
C36864077      none	B	[c:1][$(S(=O)=O):2]!@[NX3H0:3][C:4]	89.9963	4.81691	-	-	-	-	G
C36864077      none	B	[$(S(=O)(=O)):1][NX3H0:2]!@[CX4H2:3][!#1:4]	-89.9989	8.83621	-	-	-	-	G
C36864077      none	B	[$(S(=O)(=O)):1][NX3H0:2]!@[CX4H2:3][!#1:4]	-60.0015	0	-	-	-	-	R
C05372103      none	B	[O:1]=[CX3:2]!@[NX3H1:3][!#1:4]	0.0130262	63.7893	-	-	-	-	G
C05372103      none	B	[$([CX3]=O):1][NX3H1:2]!@[CX4H2:3][C:4] 	-90.0055	7.35439	-	-	-	-	G
C05372103      none	B	[OX2:1][CX4:2]!@[CX4:3][N:4]	-179.977	9.8427	-	-	-	-	G
C40710579      none	B	[cH1:1][c:2]([cH1])!@[NX3:3][CX4:4]	30.0013	1.31332	-	-	-	-	G
C40710579      none	B	[$(C=O):1][NX3H1:2]!@[c:3]([cH1])[cH1:4]	-120.014	0.302054	-	-	-	-	R
C40710579      none	B	[O:1]=[CX3:2]([$([NX3H1]C)])!@[NX3H1:3][!#1:4]	179.994	9.5176	-	-	-	-	R
C40710579      none	B	[O:1]=[CX3:2]([$([NX3H1]C)])!@[NX3H1:3][!#1:4]	0.000360294	41.1343	-	-	-	-	G
C40710579      none	B	[$(C=O):1][NX3H1:2]!@[CX4H1:3][H:4]	0.00747188	8.26772	-	-	-	-	G
C40710579      none	B	[!#1:1][CX4:2]!@[CX4:3][!#1:4]	160.004	1.81259	-	-	-	-	G
C40710579      none	B	[O:1]=[C:2]([O-])!@[CX4H1:3][H:4]	90.0016	0.86741	-	-	-	-	O
C40710579      none	B	[!#1:1][CX4H2:2]!@[CX4H2:3][!#1:4]	180	58.554	-	-	-	-	G
C50671834      none	B	[aH1:1][c:2]([aH1])!@[SX4:3][!#1:4]	-29.9959	0.190355	-	-	-	-	R
C50671834      none	B	[*:1][$(S(=O)=O):2]!@[NX3H0r:3][*:4]	-89.73	4.88152	-	-	-	-	G
C38752546      none	B	[O:1]=[CX3:2]!@[NX3H1:3][!#1:4]	0.00317899	63.7893	-	-	-	-	G
C38752546      none	B	[$(C=O):1][NX3H1:2]!@[CX4H0:3][C:4]	-171.971	10.7839	-	-	-	-	G
C38752546      none	B	[$([CX3]=O):1][NX3H0:2](C)!@[CX4H2:3][C:4]	-90.0249	15.9949	-	-	-	-	G
C38752546      none	B	[!#1:1][CX4H2:2]!@[CX4H2:3][!#1:4]	59.9975	3.99483	-	-	-	-	G
C38752546      none	B	[cH0:1][c:2]!@[CX4H2:3][CX4:4]	89.9942	18.5823	-	-	-	-	G
C52787158      none	B	[$(C=O):1][NX3H1:2]!@[CX4H1:3][H:4]	-30.0005	6.97413	-	-	-	-	G
C52787158      none	B	[O:1]=[CX3:2]([$([NX3H1]C)])!@[NX3H1:3][!#1:4]	0.00785495	41.1343	-	-	-	-	G
C52787158      none	B	[O:1]=[CX3:2]([$([NX3H1]C)])!@[NX3H1:3][!#1:4]	179.989	9.5176	-	-	-	-	R
C52787158      none	B	[$(C=O):1][NX3H1:2]!@[CX4H1:3][H:4]	-29.9977	6.97413	-	-	-	-	G
C52787158      none	B	[!#1:1][CX4:2]!@[CX4:3][!#1:4]	40.0039	0.998355	-	-	-	-	G
C52787158      none	B	[O:1]=[C:2]([O-])!@[CX4H1:3][H:4]	89.9976	0.86741	-	-	-	-	O
C52787158      none	B	[!#1:1][CX4H2:2]!@[CX4H2:3][!#1:4]	179.998	58.554	-	-	-	-	G
C52787158      none	B	[C:1][CH2:2]!@[O:3][CX4:4]	79.9986	1.71561	-	-	-	-	G
C06442657      none	B	[O:1]=[C:2]([O-])!@[CX4H1:3][H:4]	89.9967	0.86741	-	-	-	-	O
C06442657      none	B	[!#1:1][CX4H1:2]!@[NX3:3][!#1:4]	-89.9974	3.22537	-	-	-	-	G
C06442657      none	B	[a:1][a:2]!@[NX3:3][!#1:4]	29.9983	1.9288	-	-	-	-	O
C06442657      none	B	[*:1]~[cX3:2]!@[NX2:3]~[*:4]	119.994	1.45599	-	-	-	-	O
C37309331      none	B	[a:1][c:2]!@[CX4H2:3][!#1:4]	-89.9963	7.30446	-	-	-	-	G
C37309331      none	B	[!#1:1][CX4:2]!@[SX2:3][!#1:4]	-80.0009	6.01214	-	-	-	-	G
C37309331      none	B	[aH1:1][c:2]([aH0])!@[SX2:3][!#1:4]	90.0001	1.8677	-	-	-	-	G
C37309331      none	B	[aH1:1][c:2]([aH1])!@[SX4:3][!#1:4]	0.00522956	0.126904	-	-	-	-	R
C37309331      none	B	[O:1]=[C:2]([O-])!@[c:3]([cH1])[cH0:4]	89.9958	0	-	-	-	-	R
C29661901      none	B	[N:1][CX4:2]!@[CX3:3]=[O:4]	-89.9969	0.479136	-	-	-	-	O
C29661901      none	B	[C:1][CX4:2]!@[NX3;"N_lp":3][C:4]	175.7	5.71656	-	-	-	-	G
C29661901      none	B	[O:1]=[C:2]!@[NX3H1:3](C=O)[H:4]	179.994	35.6725	-	-	-	-	G
C29661901      none	B	[O:1]=[C:2]([NH1])!@[NX3H1:3](C=O)[H:4]	0.0173199	58.9474	-	-	-	-	G
C29661901      none	B	[O:1]=[CX3:2]([$([NX3H1]C)])!@[NX3H1:3][!#1:4]	-0.00619861	41.1343	-	-	-	-	G
C29661901      none	B	[O:1]=[CX3:2]!@[NX3H0:3][!#1:4]	-149.998	1.37927	-	-	-	-	O
C29661901      none	B	[C:1][CX4:2]!@[CX3:3]=[O:4]	-57.3209	2.40592	-	-	-	-	G
C05397401      none	B	[cH1:1][a:2]([cH1])!@[a:3]([sX2,o,nX2H0,nX3H1:4])	-119.679	0.969173	-	-	-	-	R
C05397401      none	B	[*:1]~[CX4:2]!@[n:3]~[*:4]	-0.00646049	3.06862	-	-	-	-	G
C05397401      none	B	[$(C=O):1][NX3H1:2]!@[CX4H1:3][H:4]	180	0.712411	-	-	-	-	R
C05397401      none	B	[O:1]=[CX3:2]!@[NX3H1:3][!#1:4]	0.00517302	63.7893	-	-	-	-	G
C05397401      none	B	[O:1]=[CX3:2]([NH1])!@[CH2:3][C:4]	-90.0054	1.868	-	-	-	-	O
C05397401      none	B	[!#1:1][CX4:2]!@[CX4:3][!#1:4]	177.17	22.1548	-	-	-	-	G
C05397401      none	B	[!#1:1][CX4:2]!@[CX4:3][!#1:4]	-60.0004	12.2558	-	-	-	-	G
C05397401      none	B	[C:1][CX4H2:2]!@[CX3:3]=[O:4]	-89.992	1.15875	-	-	-	-	O
C37456374      none	B	[O:1]=[CX3:2]!@[NX3H1:3][!#1:4]	-0.00811233	63.7893	-	-	-	-	G
C37456374      none	B	[$(C=O):1][NX3H1:2]!@[c:3]([cH1])[cH1:4]	89.996	0.0402739	-	-	-	-	R
C37456374      none	B	[cH1:1][c:2]([cH1])!@[C:3]([NH1,NH2])=[O:4]	90.0194	0	-	-	-	-	R
C37456374      none	B	[O:1]=[CX3:2]!@[NX3H1:3][!#1:4]	0.00580299	63.7893	-	-	-	-	G
C37456374      none	B	[$(C=O):1][NX3H1:2]!@[CX4H0:3][C:4]	-60.0034	14.7253	-	-	-	-	G
C37456374      none	B	[!#1:1][CX4:2]!@[CX4:3][!#1:4]	98.6306	0.196083	-	-	-	-	O
C37456374      none	B	[NH1:1][CX4:2]!@[CX3:3]=[O:4]	-0.00248166	6.89233	-	-	-	-	G
C52006767      none	B	[a:1][c:2]!@[NX3H1:3][$([CX4r]([C;r])([C;r])):4]	150.006	1.13636	-	-	-	-	G
C52006767      none	B	[!#1:1][CX4H1:2]!@[NX3:3][!#1:4]	60.0071	5.65868	-	-	-	-	G
C31818348      none	B	[a:1][ar6:2]!@[ar5:3][a:4]	-179.73	7.27752	-	-	-	-	G
C31818348      none	B	[a:1][c:2]!@[CX4H1:3][a:4]	59.9992	3.33975	-	-	-	-	G
C31818348      none	B	[cH1:1][c:2]([cH1])!@[CX3:3]=[O:4]	29.9754	3.1746	-	-	-	-	G
C31818348      none	B	[O:1]=[C:2]!@[O:3]~[C:4]	0.0274108	74.4927	-	-	-	-	G
C37996147      none	B	[$(S(=O)(=O)):1][NH0:2]!@[c:3]([cH1])[cH1:4]	89.9959	15.7025	-	-	-	-	G
C37996147      none	B	[c:1][S:2](=O)(=O)!@[NX2H0-:3]-[*:4]	90.0034	2.77778	-	-	-	-	G
C37996147      none	B	[aH1:1][c:2]([aH1])!@[SX4:3][!#1:4]	-89.6992	12.5987	-	-	-	-	G
C18192198      none	B	[cH1:1][c:2]([cH1])!@[O:3][C:4]	-179.723	26.896	-	-	-	-	G
C18192198      none	B	[cH1:1][c:2]([cH1])!@[CX3:3]=[NX2:4]	-149.7	2.34391	-	-	-	-	G
C18192198      none	B	[$(C=O):1][NX3H0:2]!@[CX4H2:3][!#1:4]	-120.043	2.94527	-	-	-	-	O
C18192198      none	B	[*:1]~[NX3:2]!@[NX2:3]~[*:4]	150.002	0.447375	-	-	-	-	O
C18192198      none	B	[a:1][a:2]!@[NX3:3][!#1:4]	-119.724	1.58818	-	-	-	-	O
C18192198      none	B	[aH1:1][c:2]([aH1])!@[SX4:3][!#1:4]	-90.0169	12.5987	-	-	-	-	G
C18192198      none	B	[OX2:1][CX4H2:2]!@[CX4H2:3][Nr:4]	179.996	8.33333	-	-	-	-	G
C57784122      none	B	[cH1:1][a:2]([cH1])!@[a:3]([sX2,o,nX2H0,nX3H1:4])([cH0])	120.378	2.13068	-	-	-	-	G
C57784122      none	B	[$(S(=O)(=O)):1][NH0:2]!@[c:3]([cH1])[cH0:4]	-90.0016	18.0328	-	-	-	-	G
C57784122      none	B	[c:1][S:2](=O)(=O)!@[NX2H0-:3]-[*:4]	-90.0023	2.77778	-	-	-	-	G
C57784122      none	B	[aH1:1][c:2]([aH1])!@[SX4:3][!#1:4]	-89.723	12.5987	-	-	-	-	G
C57784122      none	B	[$(C=O):1][NX3H1:2]!@[c:3]([cH1])[cH1:4]	-90.0266	0.0604108	-	-	-	-	R
C57784122      none	B	[O:1]=[CX3:2]!@[NX3H1:3][!#1:4]	0.00249844	63.7893	-	-	-	-	G
C51892497      none	B	[a:1][c:2]!@[C:3]([NH0])=[O:4]	-60.0027	3.63889	-	-	-	-	G
C51892497      none	B	[O:1]=[CX3:2](a)!@[NX3H0:3][!#1:4]	150.273	2.50464	-	-	-	-	G
C51892497      none	B	[!#1:1][CX4:2]!@[CX4:3][!#1:4]	160.003	1.81259	-	-	-	-	G
C51892497      none	B	[!#1:1][CX4H2:2]!@[CX4H2:3][!#1:4]	180	58.554	-	-	-	-	G
C13058737      none	B	[cH1:1][c:2]([cH1])!@[CX3:3]=[NX2:4]	30.2676	2.39378	-	-	-	-	G
C13058737      none	B	[*:1]~[NX3:2]!@[NX2:3]~[*:4]	180	29.4914	-	-	-	-	G
C13058737      none	B	[O:1]=[CX3:2]!@[NX3H1:3][!#1:4]	-0.010749	63.7893	-	-	-	-	G
C13058737      none	B	[c:1][CX4H2:2]!@[CX3:3]=[O:4]	0.0038613	11.5385	-	-	-	-	G
C13058737      none	B	[a:1][c:2]!@[CX4H2:3][CX3:4]	-89.6935	7.62274	-	-	-	-	G
C13058737      none	B	[aH1:1][c:2]([aH1])!@[SX4:3][!#1:4]	69.9993	5.04089	-	-	-	-	G
C13058737      none	B	[*:1][$(S(=O)=O):2]!@[NX3H0r:3][*:4]	-89.7186	4.88152	-	-	-	-	G
C13058737      none	B	[O:1]=[C:2]([O-])!@[CX4H1:3][H:4]	90.0057	0.86741	-	-	-	-	O
C45817260      none	B	[C:1][CX4:2]!@[CX3:3]=[O:4]	-0.000727739	5.61823	-	-	-	-	G
C45817260      none	B	[C:1][CX4:2]!@[CX3:3]=[O:4]	0.00177695	5.61823	-	-	-	-	G
C45817260      none	B	[*^2:1]~[C^2:2]([!H])!@[C^2:3]~[*^2:4]	-90.0203	1.27397	-	-	-	-	G
C45817260      none	B	[O:1]=[CX3:2]!@[NX3H1:3][!#1:4]	-0.00331453	63.7893	-	-	-	-	G
C13263904      none	B	[a:1][a:2]!@[NX3:3][!#1:4]	30.0017	1.9288	-	-	-	-	O
C13263904      none	B	[*:1]~[NX3:2]!@[NX2:3]~[*:4]	89.9894	0.0824111	-	-	-	-	R
C13263904      none	B	[cH1:1][c:2]([cH1])!@[CX3:3]=[NX2:4]	150.291	2.10453	-	-	-	-	G
C13263904      none	B	[aH1:1][c:2]([aH1])!@[SX4:3][!#1:4]	-70	5.44275	-	-	-	-	G
C13263904      none	B	[*:1][$(S(=O)=O):2]!@[NX3H0r:3][*:4]	90.2765	4.85782	-	-	-	-	G
C13263904      none	B	[O:1]=[C:2]([O-])!@[CX4H1:3][H:4]	-0.00396045	0.495663	-	-	-	-	O
C42575488      none	B	[NH1:1][CX4:2]!@[CX3:3]=[O:4]	-89.9937	0.352274	-	-	-	-	R
C42575488      none	B	[$(C=O):1][NX3H1:2]!@[CX4H1:3][H:4]	30.0055	9.46757	-	-	-	-	G
C42575488      none	B	[O:1]=[CX3:2]!@[NX3H1:3][!#1:4]	-0.00851013	63.7893	-	-	-	-	G
C42575488      none	B	[O:1]=[CX3:2]!@[NX3H1:3][!#1:4]	-0.00477893	63.7893	-	-	-	-	G
C42575488      none	B	[O:1]=[CX3:2]!@[NX3H0:3][!#1:4]	-150.004	1.37927	-	-	-	-	O
C42575488      none	B	[$([CX3]=O):1][NX3H0:2](C)!@[CX4H2:3][C:4]	119.999	2.74443	-	-	-	-	O
C42575488      none	B	[$([CX3]=O):1][NX3H0:2](C)!@[CX4H2:3][C:4]	90.0003	14.7513	-	-	-	-	G
C42575488      none	B	[!#1:1][CX4:2]!@[CX4:3][!#1:4]	-91.3749	0.488284	-	-	-	-	O
C42575488      none	B	[N:1][CX4:2]!@[CX3:3]=[O:4]	-120.013	0.897291	-	-	-	-	G
C49238592      none	B	[a:1][c:2]!@[CX4H1:3][H:4]	180	7.22227	-	-	-	-	G
C49238592      none	B	[$(C=O):1][NX3H1:2]!@[c:3](s)[n:4]	0.274905	0.574713	-	-	-	-	R
C49238592      none	B	[O,S:1]=[C:2]([$([NX3H1]),$([NX3H2])])!@[$([NX3]c[nH0]):3][H:4]	-0.013378	46.0938	-	-	-	-	G
C49238592      none	B	[O:1]=[CX3:2]([$([NX3H1]C)])!@[NX3H1:3][!#1:4]	0.00839137	41.1343	-	-	-	-	G
C49238592      none	B	[$(C=O):1][NX3H1:2]!@[CX4H0:3][C:4]	59.9955	13.3187	-	-	-	-	G
C49238592      none	B	[!#1:1][CX4:2]!@[CX4:3][!#1:4]	-111.368	0.0892838	-	-	-	-	R
C49238592      none	B	[NH1:1][CX4:2]!@[CX3:3]=[O:4]	-0.0112865	6.89233	-	-	-	-	G
C35383923      none	B	[!#1:1][CX4H2:2]!@[CX4H2:3][!#1:4]	180	58.554	-	-	-	-	G
C35383923      none	B	[!#1:1][CH2:2]!@[n:3][cH0:4]	-89.731	15.4696	-	-	-	-	G
C35383923      none	B	[nH0r6:1][cr6:2]([cH1r6])!@[C:3]([NH1,NH2])=[O:4]	-149.762	1.10497	-	-	-	-	O
C35383923      none	B	[O:1]=[CX3:2]!@[NX3H1:3][!#1:4]	-0.00270871	63.7893	-	-	-	-	G
C35383923      none	B	[$([CX3]=O):1][NX3H1:2]!@[CX4H2:3][C:4] 	-150	1.7769	-	-	-	-	O
C35383923      none	B	N[C:2](=[O:1])!@[CH2:3][N:4]	-120.005	0.892857	-	-	-	-	G
C35383923      none	B	[O:1]=[CX3:2]!@[NX3H1:3][!#1:4]	0.0157587	63.7893	-	-	-	-	G
C35383923      none	B	[$([CX3]=O):1][NX3H1:2]!@[CX4H2:3][C:4] 	179.997	6.46594	-	-	-	-	G
C35383923      none	B	[NH1:1][CX4:2]!@[CX3:3]=[O:4]	119.993	0.41354	-	-	-	-	G
C49364719      none	B	[NH1:1][CX4:2]!@[CX3:3]=[O:4]	120.012	0.41354	-	-	-	-	G
C49364719      none	B	[$(C=O):1][NX3H1:2]!@[CX4H1:3][H:4]	0.00677481	8.26772	-	-	-	-	G
C49364719      none	B	[O:1]=[C:2]!@[O:3]~[C:4]	-0.00347827	74.4927	-	-	-	-	G
C49364719      none	B	[O:1]=[CX3:2]!@[NX3H1:3][!#1:4]	-0.00711444	63.7893	-	-	-	-	G
C49364719      none	B	[O:1]=[CX3:2]!@[NX3H0:3][!#1:4]	0.301939	25.0866	-	-	-	-	G
C49364719      none	B	[O:1]=[C:2]([O-])!@[CX4H1:3][H:4]	89.9991	0.86741	-	-	-	-	O
C43700931      none	B	[cH1:1][c:2]([cH1])!@[NX3:3][CX4:4]	-60.0035	1.1056	-	-	-	-	O
C43700931      none	B	[a:1][c:2]!@[C:3]([NH0])=[O:4]	-60.0039	3.63889	-	-	-	-	G
C43700931      none	B	[O:1]=[CX3:2](a)!@[NX3H0:3][!#1:4]	-179.717	9.67842	-	-	-	-	G
C43700931      none	B	[O:1]=[C:2]([O-])!@[CX4H1:3][H:4]	89.9912	0.86741	-	-	-	-	O
C05574427      none	B	[O:1]=[CX3:2]!@[NX3H1:3][!#1:4]	0.000263506	63.7893	-	-	-	-	G
C05574427      none	B	[$(C=O):1][NX3H1:2]!@[CX4H1:3][H:4]	29.9981	9.46757	-	-	-	-	G
C05574427      none	B	[H:1][CX4H1:2]!@[O:3][CX4:4]	40.0204	11.9906	-	-	-	-	O
C05574427      none	B	[OX2:1][CX4:2]!@[CX4:3][N:4]	80	3.55056	-	-	-	-	G
C05574427      none	B	[*:1]~[CX4:2]!@[NX2:3]~[*:4]	180	3.51425	-	-	-	-	G
C37449650      none	B	[a:1][c:2]!@[C:3]([NH0])=[O:4]	-59.9929	3.63889	-	-	-	-	G
C37449650      none	B	[cH1:1][c:2]([cH1])!@[C:3]([NH1,NH2])=[O:4]	179.999	3.89499	-	-	-	-	G
C37449650      none	B	[O:1]=[CX3:2](a)!@[NX3H0:3][!#1:4]	150.32	2.50464	-	-	-	-	G
C37449650      none	B	[O:1]=[C:2]([O-])!@[CX4H1:3][H:4]	0.00329257	0.495663	-	-	-	-	O
C62135101      none	B	[$(C=O):1][NX3:2]!@[a:3][aH0:4]	150.28	1.842	-	-	-	-	O
C62135101      none	B	[O:1]=[CX3:2]!@[NX3H1:3][!#1:4]	0.00836328	63.7893	-	-	-	-	G
C62135101      none	B	[O:1]=[CX3:2]!@[NX3H0:3][!#1:4]	0.311774	25.0866	-	-	-	-	G
C62135101      none	B	[O:1]=[C:2]([O-])!@[CX4H1:3][H:4]	0.0111646	0.495663	-	-	-	-	O
C62915635      none	B	[C:1][CX4:2]!@[CX3:3]=[O:4]	89.9928	3.65147	-	-	-	-	G
C62915635      none	B	[O:1]=[CX3:2](a)!@[NX3H0:3][!#1:4]	-29.9999	1.17502	-	-	-	-	O
C62915635      none	B	[a:1][c:2]!@[C:3]([NH0])=[O:4]	-59.7316	3.63889	-	-	-	-	G
C19513436      none	B	[a:1][a:2]!@[NX3:3][!#1:4]	0.00238023	10.9271	-	-	-	-	G
C19513436      none	B	[cH1:1][c:2]([cH1])!@[C:3]([NH1,NH2])=[O:4]	179.992	3.89499	-	-	-	-	G
C19513436      none	B	[!#1:1][CX4H2:2]!@[NX3H1:3][!#1:4]	179.998	11.3535	-	-	-	-	G
C19513436      none	B	[NH1:1][CX4:2]!@[CX3:3]=[O:4]	-120.005	0.275693	-	-	-	-	G
C19519591      none	B	[C:1][CX4:2]!@[CX3:3]=[O:4]	-149.579	1.18876	-	-	-	-	G
C19519591      none	B	[O:1]=[CX3:2]!@[NX3H1:3][!#1:4]	0.00185454	63.7893	-	-	-	-	G
C19519591      none	B	[$(C=O):1][NX3H1:2]!@[CX4H1:3][H:4]	30.0048	9.46757	-	-	-	-	G
C19519591      none	B	[!#1:1][CX4:2]!@[CX4:3][!#1:4]	180	22.1548	-	-	-	-	G
C19519591      none	B	[O:1]=[C:2]([O-])!@[CX4H1:3][H:4]	-0.00546135	0.495663	-	-	-	-	O
C19519591      none	B	[C:1][CX4H2:2]!@[CX3:3]=[O:4]	120	0.695249	-	-	-	-	O
C32772033      none	B	[!#1:1][CX4:2]!@[CX4:3][!#1:4]	60.0056	12.3771	-	-	-	-	G
C32772033      none	B	[!#1:1][CX4:2]!@[CX4:3][!#1:4]	180	22.1548	-	-	-	-	G
C32772033      none	B	[O:1]=[CX3:2]([NH1])!@[CH2:3][C:4]	-90.0028	1.868	-	-	-	-	O
C32772033      none	B	[O:1]=[CX3:2]!@[NX3H1:3][!#1:4]	0.00134928	63.7893	-	-	-	-	G
C32772033      none	B	[$(C=O):1][NX3H1:2]!@[c:3]([cH1])[cH1:4]	-149.999	5.07451	-	-	-	-	G
C32772033      none	B	[$(C=O):1][NX3H1:2]!@[c:3]([cH1])[cH1:4]	150.247	5.05437	-	-	-	-	G
C32772033      none	B	[O:1]=[CX3:2]!@[NX3H1:3][!#1:4]	-0.00455468	63.7893	-	-	-	-	G
C32772033      none	B	[O:1]=[CX3:2]!@[CX4H1r3:3][H:4]	90.0025	0.166667	-	-	-	-	R
C32772033      none	B	[C:1][CX4H2:2]!@[CX3:3]=[O:4]	-90.0018	1.15875	-	-	-	-	O
C67174110      none	B	[O:1]=[CX3:2]!@[NX3H0:3][!#1:4]	-29.9943	0.692521	-	-	-	-	O
C67174110      none	B	[!#1:1][CX4H2:2]!@[CX3:3]=[O:4]	-60.0086	1.45352	-	-	-	-	G
C67174110      none	B	[!#1:1][CH2:2]!@[n:3][a:4]	90.3132	13.2097	-	-	-	-	G
C67174110      none	B	[$(C=O):1][NX3H1:2]!@[c:3]([cH1])[cH1:4]	-149.999	5.07451	-	-	-	-	G
C67174110      none	B	[O:1]=[CX3:2]!@[NX3H1:3][!#1:4]	-0.00322076	63.7893	-	-	-	-	G
C67174110      none	B	[cH1:1][c:2]([cH1])!@[C:3]([NH1,NH2])=[O:4]	-152.997	8.78518	-	-	-	-	G
C66814675      none	B	[c:1][c:2]!@[c:3][s,o,nX3H1:4]	-179.449	12.4984	-	-	-	-	G
C66814675      none	B	[$(S(=O)(=O)):1][NH0:2]!@[c:3]([cH1])[cH1:4]	90.2658	15.7025	-	-	-	-	G
C66814675      none	B	[c:1][S:2](=O)(=O)!@[NX2H0-:3]-[*:4]	-90.0003	2.77778	-	-	-	-	G
C66814675      none	B	[aH1:1][c:2]([aH1])!@[SX4:3][!#1:4]	-89.7261	12.5987	-	-	-	-	G
C66814675      none	B	[cH1:1][a:2]([cH1])!@[a:3]([sX2,o,nX2H0,nX3H1:4])([cH1])	180	11.5003	-	-	-	-	G
C49527624      none	B	[cH0:1][c:2]!@[CX4H1:3][CX4:4]	-120.002	7.57923	-	-	-	-	G
C49527624      none	B	[$(C=O):1][NX3H1:2]!@[CX4H1:3][H:4]	-30.001	6.97413	-	-	-	-	G
C49527624      none	B	[O:1]=[CX3:2]!@[NX3H1:3][!#1:4]	-0.0032471	63.7893	-	-	-	-	G
C49527624      none	B	[O:1]=[CX3:2]!@[NX3H0:3][!#1:4]	150.312	1.73707	-	-	-	-	O
C49527624      none	B	[O:1]=[C:2]([O-])!@[CX4H1:3][H:4]	-0.00132499	0.495663	-	-	-	-	O
C44500817      none	B	[!#1:1][CH2:2]!@[n:3][a:4]	-44.6873	0.361056	-	-	-	-	O
C44500817      none	B	[a:1][c:2]!@[CX4H1:3][a:4]	-119.994	3.10876	-	-	-	-	G
C44500817      none	B	[*:1]~[CX4:2]!@[n:3]~[*:4]	59.9973	3.54922	-	-	-	-	G
C08744360      none	B	[cH1:1][a:2]([cH1])!@[a:3]([sX2,o,nX2H0,nX3H1:4])	-119.67	0.969173	-	-	-	-	R
C08744360      none	B	[cH1:1][a:2]([cH1])!@[a:3]([cH0])[cH0:4]	60.4567	5.86243	-	-	-	-	G
C08744360      none	B	[aH1:1][c:2]([aH1])!@[SX4:3][!#1:4]	179.996	0.148054	-	-	-	-	R
C52007962      none	B	[$(S(=O)(=O)):1][NX3H1:2]!@[CX4H1:3][H:4]	0.00334242	7.36648	-	-	-	-	G
C52007962      none	B	[*:1][$(S(=O)=O):2]!@[NX3H1:3][*:4]	89.9947	4.90782	-	-	-	-	G
C52007962      none	B	[*:1][$(S(=O)=O):2]!@[NX3H0r:3][*:4]	-59.7114	8.17536	-	-	-	-	O
C52007962      none	B	[O:1]=[C:2]([O-])!@[CX4H1:3][H:4]	90.0029	0.86741	-	-	-	-	O
C13633036      none	B	[cH1:1][c:2]([nX2])!@[O:3][C:4]	-179.717	59.0909	-	-	-	-	G
C13633036      none	B	[$(S(=O)(=O)):1][N:2]!@[c:3][a:4]	89.9981	4.78516	-	-	-	-	G
C13633036      none	B	[nX2:1][c:2]([nX2])!@[O:3][C:4]	-0.00244313	40.7895	-	-	-	-	G
C13633036      none	B	[c:1][S:2](=O)(=O)!@[NX2H0-:3]-[*:4]	59.995	8.33333	-	-	-	-	G
C13633036      none	B	[aH1:1][c:2]([aH1])!@[SX4:3][!#1:4]	-89.7279	12.5987	-	-	-	-	G
C13633036      none	B	[a:1][a:2]!@[NX3:3][!#1:4]	150	1.85775	-	-	-	-	O
C13633036      none	B	[*:1]~[CX3:2]!@[NX3:3]~[*:4]	-30.0059	0.593829	-	-	-	-	G
C13633036      none	B	[*^2:1]~[C^2:2]([!H])!@[C^2:3]~[*^2:4]	0.00115287	20.0453	-	-	-	-	G
C13633036      none	B	[s:1][c:2]([aX2,cH1])!@[CX3:3]=[O:4]	179.995	12.4339	-	-	-	-	R
C40577238      none	B	[a:1][c:2]!@[CX4H1:3][N,O:4]	-150	3.72593	-	-	-	-	G
C40577238      none	B	[$(C=O):1][NX3H1:2]!@[CX4H1:3][H:4]	-29.9992	6.97413	-	-	-	-	G
C40577238      none	B	[O:1]=[CX3:2]!@[NX3H1:3][!#1:4]	-0.00842613	63.7893	-	-	-	-	G
C40577238      none	B	[O:1]=[CX3:2]!@[NX3H0:3][!#1:4]	0.320994	25.0866	-	-	-	-	G
C40577238      none	B	[O:1]=[C:2]([O-])!@[CX4H1:3][H:4]	-0.00250844	0.495663	-	-	-	-	O
C40577237      none	B	[a:1][c:2]!@[CX4H1:3][N,O:4]	150.008	3.7643	-	-	-	-	G
C40577237      none	B	[$(C=O):1][NX3H1:2]!@[CX4H1:3][H:4]	-59.9977	1.23735	-	-	-	-	G
C40577237      none	B	[O:1]=[CX3:2]!@[NX3H1:3][!#1:4]	-0.00616073	63.7893	-	-	-	-	G
C40577237      none	B	[O:1]=[CX3:2]!@[NX3H0:3][!#1:4]	0.31654	25.0866	-	-	-	-	G
C40577237      none	B	[O:1]=[C:2]([O-])!@[CX4H1:3][H:4]	0.000818856	0.495663	-	-	-	-	O
C54104497      none	B	[O:1]=[CX3:2]!@[NX3H1:3][!#1:4]	0.00955096	63.7893	-	-	-	-	G
C54104497      none	B	[$(C=O):1][NX3H1:2]!@[CX4H1:3][H:4]	-30.0094	6.97413	-	-	-	-	G
C15443568      none	B	[aH1:1][c:2]([aH1])!@[SX4:3][!#1:4]	-89.7322	12.5987	-	-	-	-	G
C15443568      none	B	[cH0:1][c:2]([cH,nX2H0])!@[NX3H0:3][CX4:4]	90.2572	2.06517	-	-	-	-	O
C15443568      none	B	[C:1][CX4:2]!@[CX3:3]=[O:4]	-0.120194	5.61823	-	-	-	-	G
C15443568      none	B	[O:1]=[CX3:2]!@[NX3H1:3][!#1:4]	0.00207508	63.7893	-	-	-	-	G
C40366542      none	B	[!#1:1][CX4:2]!@[CX4:3][!#1:4]	180	22.1548	-	-	-	-	G
C40366542      none	B	[$(S(=O)(=O)):1][NX3H1:2]!@[CX4H1:3][H:4]	0.0035837	7.36648	-	-	-	-	G
C40366542      none	B	[*:1][$(S(=O)=O):2]!@[NX3H1:3][*:4]	-90.0013	4.38465	-	-	-	-	G
C40366542      none	B	[*:1][$(S(=O)=O):2]!@[NX3H0r:3][*:4]	60.2847	7.32227	-	-	-	-	G
C35600840      none	B	[OX2:1][CX4:2]!@[CX4:3][N:4]	160.008	1.1236	-	-	-	-	O
C35600840      none	B	[$(S(=O)(=O)):1][NX3H1:2]!@[CX4H2:3][!#1:4]	-150.001	7.72532	-	-	-	-	G
C35600840      none	B	[c:1][$(S(=O)=O):2]!@[NX3H1:3][C:4]	-59.999	13.7514	-	-	-	-	G
C35600840      none	B	[aH0:1][c:2]([aH1])!@[SX4:3][!#1:4]	-70.2729	15.3236	-	-	-	-	G
C35600840      none	B	[O:1]=[C:2]([O-])!@[c:3]([cH1])[cH1:4]	179.971	7.35294	-	-	-	-	G
C37675420      none	B	[O:1]=[C:2]([O-])!@[c:3]([cH0])[cH0:4]	179.969	20	-	-	-	-	G
C37675420      none	B	[$([C](=O)):1][NX3:2]!@[a:3](s)[a:4]	180	61.7021	-	-	-	-	G
C37675420      none	B	[O:1]=[CX3:2]!@[NX3H1:3][!#1:4]	0.00789117	63.7893	-	-	-	-	G
C37675420      none	B	[cH1:1][c:2]([cH1])!@[C:3]([NH1,NH2])=[O:4]	27.0003	8.08167	-	-	-	-	G
C38634430      none	B	[aH1:1][c:2]([aH1])!@[SX4:3][!#1:4]	0.00126953	0.126904	-	-	-	-	R
C38634430      none	B	[cH1:1][c:2]([cH1])!@[NX3H1:3][C,c:4]	179.993	7.75155	-	-	-	-	G
C38634430      none	B	[a:1][a:2]!@[NX3:3][!#1:4]	-59.7329	1.73028	-	-	-	-	O
C13398622      none	B	[!#1:1][CX4:2]!@[SX4:3][!#1:4]	-60.0027	11.2842	-	-	-	-	G
C13398622      none	B	[a:1][c:2]!@[CX4H2:3][!#1:4]	90.2771	7.24386	-	-	-	-	G
C13398622      none	B	[cH1:1][c:2]([cH1])!@[C:3]([NH1,NH2])=[O:4]	-27.2136	8.39053	-	-	-	-	G
C13398622      none	B	[O:1]=[CX3:2]!@[NX3H1:3][!#1:4]	-0.000553905	63.7893	-	-	-	-	G
C13398622      none	B	[$(C=O):1][NX3H1:2]!@[c:3]([cH1])[cH1:4]	29.9911	5.05437	-	-	-	-	G
C13398622      none	B	[aH1:1][c:2]([aH1])!@[SX4:3][!#1:4]	69.9919	5.04089	-	-	-	-	G
C13398622      none	B	[*:1][$(S(=O)=O):2]!@[NX3H0r:3][*:4]	-119.734	0.995261	-	-	-	-	G
C13398622      none	B	[O:1]=[C:2]([O-])!@[CX4H1:3][H:4]	90.004	0.86741	-	-	-	-	O
CHEMBL222521      none	B	[!#1:1][CH2:2]!@[n:3][cH0:4]	-90.0237	15.4696	-	-	-	-	G
CHEMBL222521      none	B	[!#1:1][CH2:2]!@[n:3][cH0:4]	44.9994	0.0212495	-	-	-	-	R
CHEMBL222521      none	B	[cH0:1][c:2]!@[CX4H2:3][a:4]	44.9988	0.396197	-	-	-	-	R
CHEMBL222521      none	B	[O:1]=[C:2]([O-])!@[c:3]([cH1])[cH0:4]	90.0004	0	-	-	-	-	R
CHEMBL222521      none	B	[!#1:1][CX4:2]!@[CX4:3][!#1:4]	-159.998	1.85018	-	-	-	-	G
CHEMBL222521      none	B	[O:1]=[C:2]([O-])!@[CX4H1:3][H:4]	89.998	0.86741	-	-	-	-	O
C20593384      none	B	[aH0:1][c:2]([aH1])!@[SX4:3][!#1:4]	109.998	1.0568	-	-	-	-	O
C20593384      none	B	[O:1]=[C:2]([O-])!@[c:3][a:4]	-0.00472508	11.4943	-	-	-	-	G
C20593384      none	B	[c:1][$(S(=O)=O):2]!@[NX3H1:3][C:4]	-90.0078	3.19032	-	-	-	-	G
C20593384      none	B	[$(S(=O)(=O)):1][NX3H1:2]!@[CX4H1:3][H:4]	-29.9911	9.39227	-	-	-	-	G
C30861421      none	B	[C:1][CX4:2]!@[CX3:3]=[O:4]	-32.6124	3.42621	-	-	-	-	G
C30861421      none	B	[O:1]=[CX3:2]!@[NX3H1:3][!#1:4]	0.00605009	63.7893	-	-	-	-	G
C30861421      none	B	[$([CX3]=O):1][NX3H1:2]!@[CX4H2:3][C:4] 	59.9959	1.1846	-	-	-	-	G
C30861421      none	B	N[C:2](=[O:1])!@[CH2:3][N:4]	0.000188685	9.82143	-	-	-	-	G
C30861421      none	B	[O:1]=[C:2]([!$([NH1])])!@[NX3H1:3]([H:4])[$(c([nX2H0])([nX2H0]))]	-0.00573799	20	-	-	-	-	R
C30861421      none	B	[$([C]([CX4])(=O)):1][NX3H1:2]!@[c:3]([nX2H0])[nX2H0:4]	179.708	13.4615	-	-	-	-	G
C35056988      none	B	[O:1]=[C:2]([O-])!@[CX4H1:3][H:4]	0.00341155	0.495663	-	-	-	-	O
C35056988      none	B	[H:1][CX4H1:2]!@[O:3][CX4:4]	30.0055	7.15021	-	-	-	-	G
C35056988      none	B	[H:1][CX4H1:2]!@[O:3][CX4:4]	-0.00844122	4.26659	-	-	-	-	G
C35056988      none	B	[$(C=O):1][NX3H1:2]!@[CX4H1:3][H:4]	-30.0119	6.97413	-	-	-	-	G
C35056988      none	B	[H:1][CX4H1:2]!@[OX2:3][!#1:4]	0.219095	7.47259	-	-	-	-	G
C35056988      none	B	[a:1][c:2]!@[CX4H1:3][N,O:4]	-149.722	3.72593	-	-	-	-	G
C35056988      none	B	[cH1,n:1][c:2]!@[O:3][CRH1:4]	-29.9998	2.03252	-	-	-	-	G
C35056988      none	B	[O:1]=[CX3:2]!@[NX3H1:3][!#1:4]	0.0078521	63.7893	-	-	-	-	G
C50534971      none	B	[cH1:1][a:2]([cH1])!@[a:3]([sX2,o,nX2H0,nX3H1:4])	-19.8137	3.43881	-	-	-	-	G
C50534971      none	B	[$(S(=O)(=O)):1][NH0:2]!@[c:3]([cH1])[cH1:4]	-120.032	1.65289	-	-	-	-	G
C50534971      none	B	[c:1][S:2](=O)(=O)!@[NX2H0-:3]-[*:4]	-89.9926	2.77778	-	-	-	-	G
C50534971      none	B	[aH1:1][c:2]([aH1])!@[SX4:3][!#1:4]	90.3101	12.916	-	-	-	-	G
C19278861      none	B	[OX2:1][CX4:2]!@[CX4:3][N:4]	60.0049	15.2809	-	-	-	-	G
C19278861      none	B	[O:1]=[C:2]([O-])!@[CX4H1:3][H:4]	0.00175544	0.495663	-	-	-	-	O
C19278861      none	B	[$(C=O):1][NX3H1:2]!@[CX4H1:3][H:4]	-29.995	6.97413	-	-	-	-	G
C19278861      none	B	[O:1]=[CX3:2]!@[NX3H1:3][!#1:4]	-0.00225057	63.7893	-	-	-	-	G
C19278861      none	B	[O:1][CX4:2]!@[CX3:3]=[O:4]	-146.781	3.9285	-	-	-	-	G
C54524573      none	B	[cH1,n:1][c:2]!@[O:3][CH1:4]	120.004	0.194175	-	-	-	-	R
C54524573      none	B	[$(C=O):1][NX3:2]!@[$([a]([cH1])):3][$([aH0](!@O)):4]	119.997	1.95122	-	-	-	-	O
C54524573      none	B	[O:1]=[CX3:2]([$([NX3H1]C)])!@[NX3H1:3][!#1:4]	180	9.5176	-	-	-	-	R
C54524573      none	B	[O:1]=[CX3:2]([$([NX3H1]C)])!@[NX3H1:3][!#1:4]	-0.00503045	41.1343	-	-	-	-	G
C54524573      none	B	[$(C=O):1][NX3H1:2]!@[CX4H1:3][H:4]	60.0021	6.22422	-	-	-	-	G
C54524573      none	B	[!#1:1][CX4:2]!@[CX4:3][!#1:4]	-91.3771	0.488284	-	-	-	-	O
C54524573      none	B	[O:1]=[C:2]([O-])!@[CX4H1:3][H:4]	-0.0015168	0.495663	-	-	-	-	O
C54524573      none	B	[H:1][CX4H1:2]!@[OX2:3][!#1:4]	-0.00608626	7.47259	-	-	-	-	G
C41071329      none	B	[!#1:1][CX4:2]!@[CX4:3][!#1:4]	-60.5174	12.2558	-	-	-	-	G
C41071329      none	B	[*:1][$(S(=O)=O):2]!@[NX3H0r:3][*:4]	-60.0032	8.17536	-	-	-	-	G
C41071329      none	B	[aH1:1][c:2]([aH1])!@[SX4:3][!#1:4]	150.291	0.260857	-	-	-	-	R
C41071329      none	B	[a:1][a:2]!@[NX3:3][!#1:4]	0.0007296	10.9271	-	-	-	-	G
C04293686      none	B	[O:1]=[CX3:2]!@[NX3H1:3][!#1:4]	-0.00355661	63.7893	-	-	-	-	G
C04293686      none	B	[$(C=O):1][NX3H1:2]!@[CX4H1:3][H:4]	29.9997	9.46757	-	-	-	-	G
C04293686      none	B	[OX2:1][CX4:2]!@[CX4:3][OX2:4]	80.0541	2.87509	-	-	-	-	O
C37448959      none	B	[!#1:1][CX4:2]!@[CX4:3][!#1:4]	59.9985	12.3771	-	-	-	-	G
C37448959      none	B	[!#1:1][CX4:2]!@[CX4:3][!#1:4]	59.9966	12.3771	-	-	-	-	G
C37448959      none	B	[NH1:1][CX4:2]!@[CX3:3]=[O:4]	-59.989	1.73074	-	-	-	-	O
C37448959      none	B	[$(C=O):1][NX3H1:2]!@[CX4H1:3][H:4]	-29.9953	6.97413	-	-	-	-	G
C37448959      none	B	[O:1]=[CX3:2]!@[NX3H0:3][!#1:4]	150.305	1.73707	-	-	-	-	O
C37448959      none	B	[O:1]=[C:2]([O-])!@[CX4H1:3][H:4]	0.0085934	0.495663	-	-	-	-	O
C37448959      none	B	[O:1]=[CX3:2]!@[NX3H1:3][!#1:4]	-0.00592354	63.7893	-	-	-	-	G
C52767600      none	B	[$([CX3]=O):1][NX3H0:2](C)!@[CX4H2:3][C:4]	89.9959	14.7513	-	-	-	-	G
C52767600      none	B	[$([CX3]=O):1][NX3H0:2](C)!@[CX4H2:3][C:4]	-90.0014	15.9949	-	-	-	-	G
C52767600      none	B	[O:1]=[CX3:2]!@[NX3H0:3][!#1:4]	-30.0039	0.692521	-	-	-	-	O
C52767600      none	B	[O:1]=[CX3:2]!@[NX3H0:3][!#1:4]	150.282	1.73707	-	-	-	-	O
C52767600      none	B	[!#1:1][CX4:2]!@[CX3H0:3][!#1:4]	-30.0029	1.75844	-	-	-	-	G
C52767600      none	B	[*:1]~[N,n:2]!@[S:3]~[*:4]	59.9956	4.33354	-	-	-	-	G
C52767600      none	B	[*:1][$(S(=O)=O):2]!@[NX3H0:3][*:4]	-59.9961	7.32233	-	-	-	-	G
C61591768      none	B	[C:1][$(S(=O)=O):2]!@[NX3H1:3][C:4]	-89.9991	6.12245	-	-	-	-	G
C61591768      none	B	[$(S(=O)(=O)):1][NX3H1:2]!@[CX4H2:3][!#1:4]	149.997	5.15021	-	-	-	-	G
C61591768      none	B	[!#1:1][CX4H2:2]!@[CX4H2:3][!#1:4]	-60.0049	3.77933	-	-	-	-	G
C61591768      none	B	[!#1:1][CH2:2]!@[n:3][cH0:4]	90.313	14.7896	-	-	-	-	G
C61591768      none	B	[aH0:1][c:2]([aH0])!@[SX2:3][!#1:4]	-149.996	0.43837	-	-	-	-	O
C61591768      none	B	[!#1:1][CX4:2]!@[SX2:3][!#1:4]	59.9964	7.53739	-	-	-	-	G
C61591768      none	B	[!#1:1][CX4H2:2]!@[CX3:3]=[O:4]	-119.994	0.59462	-	-	-	-	G
C40533002      none	B	[$(C=O):1][NX3H1:2]!@[CX4H1:3][H:4]	180	0.712411	-	-	-	-	R
C40533002      none	B	[O:1]=[CX3:2]([$([NX3H1]C)])!@[NX3H1:3][!#1:4]	0.00261417	41.1343	-	-	-	-	G
C40533002      none	B	[O:1]=[CX3:2]([$([NX3H1]C)])!@[NX3H1:3][!#1:4]	-0.000671776	41.1343	-	-	-	-	G
C40533002      none	B	[$(C=O):1][NX3H1:2]!@[CX4H1:3][H:4]	-30.0024	6.97413	-	-	-	-	G
C40533002      none	B	[O:1]=[C:2]([O-])!@[CX4H1:3][H:4]	-0.0008346	0.495663	-	-	-	-	O
C40558125      none	B	[OX2:1][CX4:2]!@[CX4:3][N:4]	-60.0032	14.8764	-	-	-	-	G
C40558125      none	B	[O:1]=[C:2]([O-])!@[CX4H1:3][H:4]	-0.00232371	0.495663	-	-	-	-	O
C40558125      none	B	[$(C=O):1][NX3H1:2]!@[CX4H1:3][H:4]	-29.9912	6.97413	-	-	-	-	G
C40558125      none	B	[O:1]=[CX3:2]!@[NX3H1:3][!#1:4]	-0.00189275	63.7893	-	-	-	-	G
C40558125      none	B	[O:1]=[CX3:2]!@[NX3H0:3][!#1:4]	-149.732	1.37927	-	-	-	-	O
C19775922      none	B	[cH1:1][c:2]([cH1])!@[CX3:3]=[O:4]	59.9964	0.265671	-	-	-	-	R
C19775922      none	B	[C:1][CX4H2:2]!@[CX3:3]=[O:4]	-90.004	1.15875	-	-	-	-	O
C19775922      none	B	[!#1:1][CX4H2:2]!@[CX4H2:3][!#1:4]	-60.001	3.77933	-	-	-	-	G
C19775922      none	B	[C:1][CX4H2:2]!@[CX3:3]=[O:4]	120.003	0.695249	-	-	-	-	O
C19775922      none	B	[C:1][CX4H2:2]!@[NX3:3][C:4]	-140.022	0.834501	-	-	-	-	O
C19775922      none	B	N[C:2](=[O:1])!@[CH2:3][N:4]	-149.997	2.38095	-	-	-	-	G
C49512610      none	B	[cH0:1][c:2]!@[CX4H1:3][CX4:4]	119.975	7.01281	-	-	-	-	G
C49512610      none	B	[$(C=O):1][NX3H1:2]!@[CX4H1:3][H:4]	29.9951	9.46757	-	-	-	-	G
C49512610      none	B	[O:1]=[CX3:2]!@[NX3H1:3][!#1:4]	0.000677771	63.7893	-	-	-	-	G
C49512610      none	B	[O:1]=[CX3:2]!@[NX3H0:3][!#1:4]	-149.686	1.37927	-	-	-	-	O
C49512610      none	B	[O:1]=[C:2]([O-])!@[CX4H1:3][H:4]	0.00370143	0.495663	-	-	-	-	O
C48553197      none	B	[O-:1][N+:2](=O)!@[c:3]([cH0])[cH,nX2H0:4]	0.0246822	12.6374	-	-	-	-	G
C48553197      none	B	[O-:1][N+:2](=O)!@[c:3]([cH0])[cH0:4]	90.2928	5.69106	-	-	-	-	G
C48553197      none	B	[a:1][a:2]!@[CX3:3]=[CX3H1:4]	90.0048	0.399663	-	-	-	-	O
C48553197      none	B	[*^2:1]~[C^2:2]!@[C^2:3]~[*^2:4]	180	27.2239	-	-	-	-	G
C48553197      none	B	[*:1]~[CX3:2]!@[NX2:3]~[*:4]	-120.005	0.122371	-	-	-	-	G
C39321665      none	B	[O:1]=[C:2]!@[O:3]~[C:4]	-0.00365312	74.4927	-	-	-	-	G
C39321665      none	B	[$(C=O):1][O:2]!@[CH1:3][H:4]	30.0038	10.7465	-	-	-	-	G
C39321665      none	B	[OX2:1][CX4:2]!@[CX4:3][OX2:4]	55.4285	14.3222	-	-	-	-	G
C39321665      none	B	[C:1][CX4:2]!@[NX3:3][C:4]	85.3971	4.4579	-	-	-	-	G
C39321665      none	B	[$(C=O):1][O:2]!@[CH1:3][H:4]	30.0003	10.7465	-	-	-	-	G
C39321665      none	B	[O:1]=[C:2]!@[O:3]~[C:4]	0.00730002	74.4927	-	-	-	-	G
C04940485      none	B	[!#1:1][CH2:2]!@[n:3][cH0:4]	90.0025	14.7896	-	-	-	-	G
C04940485      none	B	[!#1:1][CX4H2:2]!@[CX3:3]=[O:4]	90.0033	1.06654	-	-	-	-	G
C04940485      none	B	[!#1:1][CH2:2]!@[n:3][cH0:4]	-90.0031	15.4696	-	-	-	-	G
C04940485      none	B	[!#1:1][CX4H2:2]!@[CX4H2:3][!#1:4]	60.0039	3.99483	-	-	-	-	G
C33775582      none	B	[O:1]=[CX3:2]!@[NX3H1:3][!#1:4]	-0.00599822	63.7893	-	-	-	-	G
C33775582      none	B	[$(C=O):1][NX3H1:2]!@[CX4H1:3][H:4]	-29.9971	6.97413	-	-	-	-	G
C33775582      none	B	[OX2:1][CX4:2]!@[CX4:3][OX2:4]	-80.0418	2.4811	-	-	-	-	O
C33775582      none	B	[C:1][CX4H2:2]!@[OX2:3][!#1:4]	-79.9962	3.30412	-	-	-	-	G
C33775582      none	B	[*:1]~[OX2:2]!@[SX4:3]~[*:4]	39.9937	4.66479	-	-	-	-	G
C40470505      none	B	[a:1][c:2]!@[C:3]([NH0])=[O:4]	-120.006	3.91667	-	-	-	-	G
C40470505      none	B	[O:1]=[CX3:2](a)!@[NX3H0:3][!#1:4]	-179.684	9.67842	-	-	-	-	G
C40470505      none	B	[O:1]=[C:2]([O-])!@[CX4H1:3][H:4]	-0.00677834	0.495663	-	-	-	-	O
C03306185      none	B	[!#1:1][CX4:2]!@[CX4:3][!#1:4]	60.0006	12.3771	-	-	-	-	G
C03306185      none	B	[!#1:1][CX4:2]!@[CX4:3][!#1:4]	159.998	1.81259	-	-	-	-	G
C03306185      none	B	[C:1][CX4H2:2]!@[CX3:3]=[O:4]	-89.9948	1.15875	-	-	-	-	O
C03306185      none	B	[O:1]=[CX3:2]!@[NX3H0:3][!#1:4]	-149.723	1.37927	-	-	-	-	O
C03306185      none	B	[C:1][CX4:2]!@[CX3:3]=[O:4]	29.9291	3.28614	-	-	-	-	G
C03306185      none	B	[C:1][CX4H2:2]!@[CX3:3]=[O:4]	-120.007	0.79457	-	-	-	-	O
C09970477      none	B	[O:1][CX4:2]!@[CX3:3]=[O:4]	89.999	0.432135	-	-	-	-	O
C52011317      none	B	[$(C=O):1][NX3H1:2]!@[CX4H1:3][H:4]	-29.9983	6.97413	-	-	-	-	G
C52011317      none	B	[O:1]=[CX3:2]!@[NX3H1:3][!#1:4]	-0.000456442	63.7893	-	-	-	-	G
C52011317      none	B	[O:1]=[CX3:2]!@[NX3H0:3][!#1:4]	30.31	0.680979	-	-	-	-	O
C52011317      none	B	[O:1]=[C:2]([O-])!@[CX4H1:3][H:4]	0.000119638	0.495663	-	-	-	-	O
C60060179      none	B	[C:1][CX4:2]!@[CX3:3]=[O:4]	59.9913	2.38699	-	-	-	-	G
C60060179      none	B	[*:1]~[CX4:2]!@[n:3]~[*:4]	0.00176901	3.06862	-	-	-	-	G
C60060179      none	B	[O:1]=[C:2]!@[NX3H1:3](C=O)[H:4]	180	35.6725	-	-	-	-	G
C60060179      none	B	[O:1]=[C:2]!@[NX3H1:3](C=O)[H:4]	-0.00499829	23.6842	-	-	-	-	G
C50200363      none	B	[$(S(=O)(=O)):1][NH0:2]!@[c:3]([cH1])[cH0:4]	89.9747	13.1148	-	-	-	-	G
C50200363      none	B	[*:1]~[N,n:2]!@[S:3]~[*:4]	176.022	8.16343	-	-	-	-	G
C50200363      none	B	[H:1][CX4H1:2]!@[SX4:3][!#1:4]	-40.1798	7.45501	-	-	-	-	G
C09312866      none	B	[cH1:1][c:2]([cH1])!@[CX3:3]([CX3H0])=[O:4]	-0.00186137	10.4508	-	-	-	-	G
C09312866      none	B	[cH1,n:1][c:2]!@[O:3][CH1:4]	-59.723	0.582524	-	-	-	-	R
C09312866      none	B	[H:1][CX4H1:2]!@[OX2:3][!#1:4]	30.0023	9.32817	-	-	-	-	G
C09312866      none	B	[*^2:1]~[C^2:2]([!H])!@[C^2:3]~[*^2:4]	-119.686	0.661024	-	-	-	-	G
C09312866      none	B	[$([CX3]=O):1][NX3H0:2](C)!@[CX4H2:3][C:4]	90.0006	14.7513	-	-	-	-	G
C09312866      none	B	[a:1][c:2]!@[CX4H1:3][N,O:4]	153.321	3.7643	-	-	-	-	G
C09312866      none	B	[cH1:1][c:2](cO)!@[O:3][C:4]	90.2356	0.310835	-	-	-	-	R
C09312866      none	B	[!#1:1][CX4H2:2]!@[CX4H2:3][!#1:4]	180	58.554	-	-	-	-	G
C09312866      none	B	[CX4:1][CX4H2:2]!@[NX3;"N_lp":3][CX4:4]	-76.3606	8.1206	-	-	-	-	G
C11548414      none	B	[a:1][a:2]!@[NX3:3][!#1:4]	179.994	11.4213	-	-	-	-	G
C11548414      none	B	[*:1]~[NX3:2]!@[NX3:3]~[*:4]	179.995	7.3164	-	-	-	-	G
C11548414      none	B	[O:1]=[CX3:2]!@[NX3H1:3][!#1:4]	0.0134585	63.7893	-	-	-	-	G
C11548414      none	B	[C:1][CX4:2]!@[CX3:3]=[O:4]	120.073	3.75937	-	-	-	-	G
C11548414      none	B	[*:1][$(S(=O)=O):2]!@[NX3H0r:3][*:4]	-89.9981	4.88152	-	-	-	-	G
C11548414      none	B	[aH0:1][c:2]([aH1])!@[SX4:3][!#1:4]	-89.9983	5.01982	-	-	-	-	G
C13513059      none	B	[C:1][CH2:2]!@[O:3][CX4:4]	-59.999	0.329924	-	-	-	-	O
C13513059      none	B	[H:1][CX4H1:2]!@[O:3][CX4:4]	60.0009	4.42842	-	-	-	-	G
C13513059      none	B	[$(C=O):1][NX3H1:2]!@[CX4H1:3][H:4]	-0.00503962	8.26772	-	-	-	-	G
C13513059      none	B	[OX2:1][CX4:2]!@[CX4:3][OX2:4]	80.0342	2.87509	-	-	-	-	O
C13513059      none	B	[O:1]=[CX3:2]!@[NX3H1:3][!#1:4]	0.0040946	63.7893	-	-	-	-	G
C32600340      none	B	[O-:1][N+:2](=O)!@[c:3]([cH,nX2H0])[cH,nX2H0:4]	179.985	23.2156	-	-	-	-	G
C32600340      none	B	[aH0:1][c:2]([aH1])!@[SX4:3][!#1:4]	-70.0166	15.3236	-	-	-	-	G
C32600340      none	B	[cH0:1][c:2]!@[CX4H2:3][N,O,S:4]	44.9952	3.35731	-	-	-	-	G
C32600340      none	B	[$(C=O):1][NX3H1:2]!@[CX4H2:3][!#1:4]	180	5.78057	-	-	-	-	G
C32600340      none	B	[O:1]=[CX3:2]!@[NX3H1:3][!#1:4]	0.00423141	63.7893	-	-	-	-	G
C32600340      none	B	[!#1:1][CX4H2:2]!@[CX3:3]=[O:4]	-59.997	1.45352	-	-	-	-	G
C38709863      none	B	[a:1][c:2]!@[CX4H1:3][H:4]	-177.704	7.22227	-	-	-	-	G
C38709863      none	B	[cH1:1][c:2](cO)!@[O:3][C:4]	-89.9717	0.35524	-	-	-	-	R
C44511247      none	B	[!#1:1][CX4:2]!@[CX4:3][!#1:4]	-79.9972	1.71775	-	-	-	-	G
C44511247      none	B	[!#1:1][CX4H2:2]!@[CX4H2:3][!#1:4]	180	58.554	-	-	-	-	G
C44511247      none	B	[$([CX3]=O):1][NX3H1:2]!@[CX4H2:3][C:4] 	119.995	2.76407	-	-	-	-	O
C44511247      none	B	[O:1]=[CX3:2]([$([NX3H1]C)])!@[NX3H1:3][!#1:4]	0.00581381	41.1343	-	-	-	-	G
C44511247      none	B	[O:1]=[CX3:2]([$([NX3H1]C)])!@[NX3H1:3][!#1:4]	180	9.5176	-	-	-	-	R
C44511247      none	B	[$([CX3]=O):1][NX3H1:2]!@[CX4H2:3][C:4] 	180	6.46594	-	-	-	-	G
C44511247      none	B	[NH1:1][CX4:2]!@[CX3:3]=[O:4]	119.996	0.41354	-	-	-	-	G
C62874805      none	B	[$(C=O):1][NX3H0:2]!@[CX4H1:3][H:4]	0.000759608	15.8824	-	-	-	-	G
C62874805      none	B	[O:1]=[CX3:2]!@[NX3H0:3][!#1:4]	-30.0026	0.692521	-	-	-	-	O
C62874805      none	B	[O:1]=[CX3:2]!@[NX3H0:3][!#1:4]	150.278	1.73707	-	-	-	-	O
C62874805      none	B	[C:1][CX4:2]!@[CX3:3]=[O:4]	0.00349751	5.61823	-	-	-	-	G
C37449643      none	B	[NH1:1][CX4:2]!@[CX3:3]=[O:4]	-120.003	0.275693	-	-	-	-	G
C37449643      none	B	[$(C=O):1][NX3H1:2]!@[CX4H1:3][H:4]	-30.0014	6.97413	-	-	-	-	G
C37449643      none	B	[O:1]=[CX3:2]!@[NX3H0:3][!#1:4]	-179.679	18.2537	-	-	-	-	G
C37449643      none	B	[O:1]=[C:2]([O-])!@[CX4H1:3][H:4]	0.00097549	0.495663	-	-	-	-	O
C37449643      none	B	[O:1]=[CX3:2]!@[NX3H1:3][!#1:4]	-0.00437139	63.7893	-	-	-	-	G
C37449643      none	B	[C:1][CX4:2]!@[CX3:3]=[O:4]	180	0.827213	-	-	-	-	G
C37081474      none	B	[$(C=O):1][NX3H0:2]!@[CX4H1:3][H:4]	94.3419	0.168067	-	-	-	-	R
C37081474      none	B	[O:1]=[CX3:2](a)!@[NX3H0:3][!#1:4]	-29.9895	1.17502	-	-	-	-	O
C37081474      none	B	[a:1][c:2]!@[C:3]([NH0])=[O:4]	-29.7273	2.55556	-	-	-	-	G
C37081474      none	B	[a:1][c:2]!@[C:3](=[N:4])	149.999	1.64764	-	-	-	-	G
C35645171      none	B	[H:1][CX4H1:2]!@[O:3][CX4:4]	39.9986	11.9906	-	-	-	-	G
C35645171      none	B	[OX2:1][CX4:2]!@[CX4:3][OX2:4]	-59.9546	16.2177	-	-	-	-	G
C34118379      none	B	[O:1]=[CX3:2]!@[NX3H1:3][!#1:4]	-0.000416067	63.7893	-	-	-	-	G
C34118379      none	B	[$(C=O):1][NX3H1:2]!@[CX4H1:3][H:4]	0.00168241	8.26772	-	-	-	-	G
C34118379      none	B	[OX2:1][CX4:2]!@[CX4:3][OX2:4]	80.0557	2.87509	-	-	-	-	O
C34118379      none	B	[H:1][CX4H1:2]!@[O:3][CX4:4]	59.9701	4.42842	-	-	-	-	G
C26268489      none	B	[cH0:1][c:2]([cH1])!@[CX3:3]([NX3H1])=[O:4]	-90.0087	1.04439	-	-	-	-	O
C26268489      none	B	[cH1:1][c:2]!@[c:3]([cH1])[nX2H0:4]	-59.7374	0.0514271	-	-	-	-	R
C26268489      none	B	[O:1]=[C:2](c)!@[$([NX3](c([nX2H0])([nX2H0]))):3][H:4]	0.00424559	0	-	-	-	-	G
C26268489      none	B	[$(C=O):1][NX3:2]!@[a:3][aH0:4]	150.003	1.842	-	-	-	-	O
C62925989      none	B	[!#1:1][CX4:2]!@[CX4:3][!#1:4]	70.6592	7.06239	-	-	-	-	G
C62925989      none	B	[C:1][CX4:2]!@[CX3:3]=[O:4]	90.0058	3.65147	-	-	-	-	G
C62925989      none	B	[O:1]=[CX3:2]!@[NX3H0:3][!#1:4]	29.9983	0.680979	-	-	-	-	O
C62925989      none	B	[O:1]=[CX3:2]!@[NX3H0:3][!#1:4]	30.0083	0.680979	-	-	-	-	O
C62925989      none	B	[$([CX3]=O):1][NX3H0:2](C)!@[CX4H2:3][C:4]	-90.0051	15.9949	-	-	-	-	G
C62925989      none	B	[$([CX3]=O):1][NX3H0:2](C)!@[CX4H2:3][C:4]	-119.992	2.31561	-	-	-	-	O
C62925989      none	B	[OX2:1][CX4H2:2]!@[CX4H2:3][N:4]	180	8.36763	-	-	-	-	G
C62925989      none	B	[OX2:1][CX4H2:2]!@[CX4H2:3][N:4]	180	8.36763	-	-	-	-	G
C66200635      none	B	[cH1:1][c:2]([nX2])!@[O:3][C:4]	-179.721	59.0909	-	-	-	-	G
C66200635      none	B	[$(S(=O)(=O)):1][N:2]!@[c:3][a:4]	-90.0137	5.66406	-	-	-	-	G
C66200635      none	B	[c:1][S:2](=O)(=O)!@[NX2H0-:3]-[*:4]	60.0739	8.33333	-	-	-	-	G
C66200635      none	B	[aH1:1][c:2]([aH1])!@[SX4:3][!#1:4]	-89.7982	12.5987	-	-	-	-	G
C66200635      none	B	[a:1][a:2]!@[NX3:3][!#1:4]	120	1.62057	-	-	-	-	O
C66200635      none	B	[!#1:1][CX3:2](=S)!@[NX3H1:3][!#1:4]	179.992	37.0618	-	-	-	-	G
C66200635      none	B	[$(C=O):1][NX3H1:2]!@[CX3:3]=[*H0:4]	179.997	33.8082	-	-	-	-	G
C66200635      none	B	[O:1]=[CX3:2]!@[NX3H1:3][!#1:4]	0.00926772	63.7893	-	-	-	-	G
C66200635      none	B	[$([cH0]Cl):1][c:2]([cH1])!@[CX3:3]([NX3H1])=[O:4]	-120.004	3.27869	-	-	-	-	G
C04737442      none	B	[*:1]~[cX3:2]!@[NX2:3]~[*:4]	-90.0061	2.13435	-	-	-	-	O
C04737442      none	B	[*:1]~[NX2:2]!@[nX3:3]~[*:4]	-150.002	1.75781	-	-	-	-	G
C00372921      none	B	[cH1:1][c:2]([cH1])!@[C:3]([NH1,NH2])=[O:4]	27.0164	8.08167	-	-	-	-	G
C00372921      none	B	[O-:1][N+:2](=O)!@[c:3]([cH,nX2H0])[cH,nX2H0:4]	180	23.2156	-	-	-	-	G
C00372921      none	B	[O:1]=[CX3:2]!@[NX3H1:3][!#1:4]	-0.00239643	63.7893	-	-	-	-	G
C00372921      none	B	[*:1]~[NX3:2]!@[NX3:3]~[*:4]	180	7.3164	-	-	-	-	G
C00372921      none	B	[O:1]=[CX3:2]!@[NX3H1:3][!#1:4]	-0.00142723	63.7893	-	-	-	-	G
C00372921      none	B	[C:1][CX4:2]!@[CX3:3]=[O:4]	29.5826	3.28614	-	-	-	-	G
C00372921      none	B	[O:1]=[C:2]([O-])!@[CX4H1:3][H:4]	-0.0105108	0.495663	-	-	-	-	O
C37449645      none	B	[NH1:1][CX4:2]!@[CX3:3]=[O:4]	-59.995	1.73074	-	-	-	-	O
C37449645      none	B	[$(C=O):1][NX3H1:2]!@[CX4H1:3][H:4]	29.9996	9.46757	-	-	-	-	G
C37449645      none	B	[O:1]=[CX3:2]!@[NX3H0:3][!#1:4]	-179.687	18.2537	-	-	-	-	G
C37449645      none	B	[O:1]=[C:2]([O-])!@[CX4H1:3][H:4]	-0.000200406	0.495663	-	-	-	-	O
C37449645      none	B	[O:1]=[CX3:2]!@[NX3H1:3][!#1:4]	0.00115523	63.7893	-	-	-	-	G
C37449645      none	B	[C:1][CX4:2]!@[CX3:3]=[O:4]	-120.01	3.42432	-	-	-	-	G
C49991358      none	B	[$(C=O):1][NX3:2]!@[a:3][aH0:4]	89.9976	3.35653	-	-	-	-	G
C49991358      none	B	[O:1]=[C:2]!@[NX3H0:3]([a:4])[A]	-30.0028	0.827016	-	-	-	-	G
C49991358      none	B	[O:1]=[CX3:2]!@[NX3H0:3][!#1:4]	150.285	1.73707	-	-	-	-	O
C49991358      none	B	[O:1]=[C:2]([O-])!@[CX4H1:3][H:4]	0.000542498	0.495663	-	-	-	-	O
C42439463      none	B	[C:1][CX4:2]!@[CX3:3]=[O:4]	-30.0692	3.42621	-	-	-	-	G
C42439463      none	B	[O:1]=[CX3:2]!@[NX3H0:3][!#1:4]	-29.9964	0.692521	-	-	-	-	O
C42439463      none	B	[O:1]=[CX3:2]!@[NX3H0:3][!#1:4]	150.286	1.73707	-	-	-	-	O
C42439463      none	B	[O:1]=[C:2]([O-])!@[CX4H1:3][H:4]	-0.00414012	0.495663	-	-	-	-	O
C02093563      none	B	[cH1:1][c:2]([cH1])!@[O:3][C:4]	29.9963	0.264964	-	-	-	-	O
C02093563      none	B	[C:1][CX4H2:2]!@[OX2:3][c:4]	60.0017	0.147399	-	-	-	-	G
C02093563      none	B	[OX2:1][CX4H2:2]!@[CX3:3]([$([NX3H1,NX3H2])])=[O:4]	-149.997	0.714286	-	-	-	-	O
C02093563      none	B	[O:1]=[CX3:2]!@[NX3H1:3][!#1:4]	-0.0087041	63.7893	-	-	-	-	G
C02093563      none	B	[$([CX3]=O):1][NX3H1:2]!@[CX4H2:3][C:4] 	-89.9956	7.35439	-	-	-	-	G
C02093563      none	B	N[C:2](=[O:1])!@[CH2:3][N:4]	-150.005	2.38095	-	-	-	-	G
C02093563      none	B	[O:1]=[CX3:2]!@[NX3H1:3][!#1:4]	0.00997018	63.7893	-	-	-	-	G
C02093563      none	B	[$([CX3]=O):1][NX3H1:2]!@[CX4H2:3][C:4] 	179.996	6.46594	-	-	-	-	G
C02093563      none	B	[NH1:1][CX4:2]!@[CX3:3]=[O:4]	120.001	0.41354	-	-	-	-	G
C63821994      none	B	[C:1][CX4H2:2]!@[OX2:3][c:4]	-149.998	1.28448	-	-	-	-	O
C63821994      none	B	[cH1:1][c:2](cO)!@[O:3][C:4]	-30.0006	0.458851	-	-	-	-	O
C63821994      none	B	[a:1][c:2]!@[CX4H1:3][H:4]	-150	3.82796	-	-	-	-	G
C63821994      none	B	[cH1:1][c:2](cO)!@[O:3][C:4]	120.277	0.236827	-	-	-	-	R
C63821994      none	B	[C:1][CX4H2:2]!@[OX2:3][c:4]	-60.0033	0.252685	-	-	-	-	G
C63821994      none	B	[cH1,nX2H0:1][c:2]([cH1,nX2H0])!@[NX3r:3][*:4]	179.998	6.12375	-	-	-	-	G
C44923782      none	B	[a:1][c:2]!@[CX4H1:3][N,O:4]	-30.0005	3.61778	-	-	-	-	G
C44923782      none	B	[$(C=O):1][NX3H1:2]!@[CX4H1:3][H:4]	-31.9981	6.97413	-	-	-	-	G
C44923782      none	B	[O:1]=[CX3:2]!@[NX3H1:3][!#1:4]	-0.00350842	63.7893	-	-	-	-	G
C44923782      none	B	[C:1][CX4:2]!@[CX3:3]=[O:4]	59.9959	2.38699	-	-	-	-	G
C44923782      none	B	[*:1]~[CX4:2]!@[n:3]~[*:4]	-90.0004	3.28413	-	-	-	-	G
C51841062      none	B	[OX2:1][CX4:2]!@[CX4:3][N:4]	-79.9975	3.59551	-	-	-	-	G
C51841062      none	B	[$([CX3]=O):1][NX3H0:2](C)!@[CX4H2:3][C:4]	-59.9976	0.686106	-	-	-	-	O
C51841062      none	B	[O:1]=[CX3:2]!@[NX3H0:3][!#1:4]	-30.004	0.692521	-	-	-	-	O
C51841062      none	B	[O:1]=[CX3:2]!@[NX3H1:3][!#1:4]	0.0118677	63.7893	-	-	-	-	G
C51841062      none	B	[$([CX3]=O):1][NX3H1:2]!@[CX4H2:3][C:4] 	-90.0107	7.35439	-	-	-	-	G
C51841062      none	B	[!#1:1][CX4H2:2]!@[CX4H2:3][!#1:4]	180	58.554	-	-	-	-	G
C51841062      none	B	[cH1:1][c:2]([cH1])!@[CX4H2:3][CX4:4]	90.0047	11.713	-	-	-	-	G
C51841062      none	B	[O:1]=[C:2]([O-])!@[c:3]([cH1])[cH1:4]	179.982	7.35294	-	-	-	-	G
C17052368      none	B	[O:1]=[C:2]!@[NX3H0:3]([a:4])[A]	30.0249	0.827016	-	-	-	-	O
C17052368      none	B	[C:1][CX4:2]!@[CX3:3]=[O:4]	26.2357	3.28614	-	-	-	-	G
C17052368      none	B	[O:1]=[C:2]([O-])!@[CX4H1:3][H:4]	0.00339564	0.495663	-	-	-	-	O
C00211528      none	B	[$(S(=O)(=O)):1][NX3H0:2]!@[CX4H2:3][!#1:4]	119.996	5.60345	-	-	-	-	O
C00211528      none	B	[c:1][$(S(=O)=O):2]!@[NX3H0:3][C:4]	-60	7.66773	-	-	-	-	G
C00211528      none	B	[OX2:1][CX4H2:2]!@[CX4H2:3][N:4]	59.9988	17.6955	-	-	-	-	G
C00211528      none	B	[aH1:1][c:2]([aH1])!@[SX4:3][!#1:4]	150.276	0.260857	-	-	-	-	R
C10296167      none	B	[O-:1][N+:2](=O)!@[c:3]([cH,nX2H0])[cH,nX2H0:4]	179.972	23.2156	-	-	-	-	G
C10296167      none	B	[c:1][c:2]!@[c:3]([cH0])[nX2H0:4]	-120.269	2.23829	-	-	-	-	G
C10296167      none	B	[a:1][c:2]!@[CX4H1:3][a:4]	30.0049	2.22329	-	-	-	-	G
C13279879      none	B	[O:1]=[CX3:2]!@[NX3H1:3][!#1:4]	0.00460802	63.7893	-	-	-	-	G
C13279879      none	B	[C:1][CX4:2]!@[CX3:3]=[O:4]	0.0805118	5.61823	-	-	-	-	G
C13279879      none	B	[cH0:1][c:2]([cH,nX2H0])!@[NX3H0:3][CX4:4]	-60.2738	5.09408	-	-	-	-	G
C13279879      none	B	[aH1:1][c:2]([aH1])!@[SX4:3][!#1:4]	90.0283	12.916	-	-	-	-	G
C13279879      none	B	[O-:1][N+:2](=O)!@[c:3]([cH0])[cH,nX2H0:4]	90.2707	0.274725	-	-	-	-	O
C13279879      none	B	[c:1][$(S(=O)=O):2]!@[NX3H1:3][C:4]	-60.0293	13.7514	-	-	-	-	G
C13279879      none	B	[$(S(=O)(=O)):1][NX3H1:2]!@[CX4H2:3][!#1:4]	-89.9852	3.86266	-	-	-	-	G
C13279879      none	B	[!#1:1][CX4H2:2]!@[CX4H2:3][!#1:4]	60.0014	3.99483	-	-	-	-	G
C13279879      none	B	[C:1][CX4H2:2]!@[CX3:3]=[O:4]	-120.014	0.79457	-	-	-	-	R
C37655631      none	B	[*:1][$(S(=O)=O):2]!@[NX3H0r:3][*:4]	90.0001	4.85782	-	-	-	-	G
C37655631      none	B	[O:1]=[C:2]([O-])!@[CX4H1:3][H:4]	-0.00154992	0.495663	-	-	-	-	O
C37655631      none	B	[*:1][$(S(=O)=O):2]!@[NX3H0r:3][*:4]	120.27	1.23223	-	-	-	-	O
C37655631      none	B	[C:1][CX4:2]!@[CX3:3]=[O:4]	-119.938	3.42432	-	-	-	-	G
C49229962      none	B	[!#1:1][CX4H2:2]!@[CX4H2:3][!#1:4]	60.0049	3.99483	-	-	-	-	G
C49229962      none	B	[$([CX3]=O):1][NX3H1:2]!@[CX4H2:3][C:4] 	-90.0019	7.35439	-	-	-	-	G
C49229962      none	B	[O:1]=[CX3:2]!@[NX3H1:3][!#1:4]	-0.00445769	63.7893	-	-	-	-	G
C49229962      none	B	[NH1:1][CX4:2]!@[CX3:3]=[O:4]	59.9993	0.459488	-	-	-	-	O
C49229962      none	B	[$(C=O):1][NX3H1:2]!@[CX4H1:3][H:4]	29.9923	9.46757	-	-	-	-	G
C49229962      none	B	[O:1]=[CX3:2]!@[NX3H1:3][!#1:4]	0.00127328	63.7893	-	-	-	-	G
C49229962      none	B	[O:1]=[CX3:2]!@[NX3H0:3][!#1:4]	-179.681	18.2537	-	-	-	-	G
C49229962      none	B	[O:1]=[C:2]([O-])!@[CX4H1:3][H:4]	0.000521759	0.495663	-	-	-	-	O
CHEMBL193087      none	B	[*:1]~[CX4:2]!@[n:3]~[*:4]	-59.9957	3.65221	-	-	-	-	G
CHEMBL193087      none	B	[a,!nX2H0:1][a:2]([!nX2H0])!@[a:3]([nX2H0])[nX2H0:4]	-0.0290035	27.5	-	-	-	-	G
CHEMBL193087      none	B	[cH0:1][c:2]!@[CX4H2:3][CX4:4]	90.0019	18.5823	-	-	-	-	G
CHEMBL193087      none	B	[!#1:1][CX4:2]!@[CX4:3][!#1:4]	80.0052	1.75235	-	-	-	-	G
CHEMBL193087      none	B	[O:1]=[C:2]([O-])!@[CX4H1:3][H:4]	0.00124259	0.495663	-	-	-	-	O
C62811329      none	B	[*:1]~[N,n:2]!@[S:3]~[*:4]	59.996	4.33354	-	-	-	-	G
C62811329      none	B	[$(S(=O)(=O)):1][NH0:2]!@[c:3]([cH1])[cH1:4]	-120.264	1.65289	-	-	-	-	G
C62811329      none	B	[$(C=O):1][NX3H1:2]!@[c:3]([cH1])[cH1:4]	-30.0229	5.05437	-	-	-	-	G
C62811329      none	B	[O:1]=[CX3:2]!@[NX3H1:3][!#1:4]	-0.00116798	63.7893	-	-	-	-	G
C62811329      none	B	[$([c]([NH1,NH2])):1][c:2]!@[CX3:3]([!O])=[O:4]	-59.6901	0.552486	-	-	-	-	R
C40547519      none	B	[C:1][CX4:2]!@[CX3:3]=[O:4]	-0.0693165	5.61823	-	-	-	-	G
C40547519      none	B	[O:1]=[CX3:2]!@[NX3H0:3][!#1:4]	-150.003	1.37927	-	-	-	-	O
C40547519      none	B	[O:1]=[CX3:2]!@[NX3H0:3][!#1:4]	-149.694	1.37927	-	-	-	-	O
C40547519      none	B	[O:1]=[C:2]([O-])!@[CX4H1:3][H:4]	-0.00314119	0.495663	-	-	-	-	O
C22066128      none	B	[!#1:1][CX4H2:2]!@[CX4H2:3][!#1:4]	180	58.554	-	-	-	-	G
C22066128      none	B	[n,o,s:1][c:2]!@[CX4H2:3][CX4:4]	150.002	0.598355	-	-	-	-	O
C22066128      none	B	[*:1]~[CX4:2]!@[n:3]~[*:4]	150.001	3.15253	-	-	-	-	G
C22066128      none	B	[O:1]=[C:2]([O-])!@[CX4H1:3][H:4]	0.00437699	0.495663	-	-	-	-	O
C61843808      none	B	[!#1:1][CX4:2]!@[SX4:3][!#1:4]	160.004	2.73684	-	-	-	-	G
C61843808      none	B	[a:1][c:2]!@[CX4H2:3][!#1:4]	-134.684	2.0362	-	-	-	-	O
C61843808      none	B	[a:1][c:2]!@[CX4H2:3][!#1:4]	179.997	2.35335	-	-	-	-	O
C01670121      none	B	[CX4:1][CX4H2:2]!@[NX3:3][CX4:4]	-89.9971	8.29232	-	-	-	-	G
C01670121      none	B	[!#1:1][CX4H2:2]!@[NX3:3][!#1:4]	-0.00526225	0.0467917	-	-	-	-	G
C01670121      none	B	[cH1:1][c:2]([cH1])!@[NX3:3][CX4:4]	89.9982	0.924685	-	-	-	-	O
C01670121      none	B	[a:1][c:2]!@[CX4H2:3][!#1:4]	-89.7182	7.30446	-	-	-	-	G
C01670121      none	B	[aH1:1][c:2]([aH1])!@[SX4:3][!#1:4]	90.0016	12.916	-	-	-	-	G
C41035900      none	B	[NH1:1][CX4:2]!@[CX3:3]=[O:4]	-29.9963	4.44172	-	-	-	-	G
C41035900      none	B	[$(C=O):1][NX3H1:2]!@[CX4H0:3][C:4]	179.997	11.3993	-	-	-	-	G
C41035900      none	B	[O:1]=[CX3:2]!@[NX3H1:3][!#1:4]	0.00223061	63.7893	-	-	-	-	G
C41035900      none	B	[O:1]=[CX3:2]!@[NX3H0:3][!#1:4]	-149.727	1.37927	-	-	-	-	O
C39273457      none	B	[N:1][CX4:2]!@[CX3:3]=[O:4]	2.8532	7.55292	-	-	-	-	G
C39273457      none	B	[O:1]=[CX3:2]!@[NX3H1:3][!#1:4]	-0.00113475	63.7893	-	-	-	-	G
C41626313      none	B	[n,o,s:1][c:2]!@[CX4H2:3][CX4:4]	-90.0013	5.3104	-	-	-	-	G
C41626313      none	B	[aH0:1][c:2]([aH0])!@[SX2:3][!#1:4]	29.9991	0.412584	-	-	-	-	O
C41626313      none	B	[!#1:1][CX4:2]!@[SX2:3][!#1:4]	179.995	11.1654	-	-	-	-	G
C41626313      none	B	[!#1:1][CX4:2]!@[CX3H0:3][!#1:4]	119.996	1.81513	-	-	-	-	O
C41626313      none	B	[*:1]~[cX3:2]!@[NX2:3]~[*:4]	150.32	1.9358	-	-	-	-	O
C41626313      none	B	[a:1][c:2]!@[CX4H1:3][H:4]	90.0015	0.477016	-	-	-	-	O
C62916084      none	B	[C:1][CX4:2]!@[CX3:3]=[O:4]	-0.00375065	5.61823	-	-	-	-	G
C62916084      none	B	[O:1]=[CX3:2]!@[NX3H0:3][!#1:4]	0.00116444	25.0866	-	-	-	-	G
C62916084      none	B	[c:1][CX4H2:2]!@[CX3:3]=[O:4]	-89.9955	2.5641	-	-	-	-	G
C62916084      none	B	[a:1][c:2]!@[CX4H2:3][CX3:4]	-89.7196	7.62274	-	-	-	-	G
C40597979      none	B	[O:1]=[CX3:2]!@[NX3H0:3][!#1:4]	-0.00385576	25.0866	-	-	-	-	G
C40597979      none	B	[O:1]=[C:2]([O-])!@[CX4H1:3][H:4]	89.996	0.86741	-	-	-	-	O
C40597979      none	B	[O:1]=[CX3:2]!@[NX3H1:3][!#1:4]	0.00875651	63.7893	-	-	-	-	G
C40597979      none	B	[$([CX3]=O):1][NX3H1:2]!@[CX4H2:3][C:4] 	-60.008	1.43139	-	-	-	-	G
C40597979      none	B	[!#1:1][CX4H2:2]!@[CX4H2:3][!#1:4]	-59.9966	3.77933	-	-	-	-	G
C40597979      none	B	[!#1:1][CX4H2:2]!@[CX4H2:3][!#1:4]	180	58.554	-	-	-	-	G
C40597979      none	B	[N:1][C:2](=O)!@[CX4H2:3][CX4H2:4]	-60.0035	0	-	-	-	-	R
C08970595      none	B	[*:1]~[CX3:2]!@[NX3:3]~[*:4]	-59.9992	0.17882	-	-	-	-	G
C24578448      none	B	[aH1:1][c:2]([aH1])!@[SX4:3][!#1:4]	-89.9977	12.5987	-	-	-	-	G
C24578448      none	B	[O-:1][N+:2](=O)!@[c:3]([cH0])[cH,nX2H0:4]	90.2154	0.274725	-	-	-	-	O
C24578448      none	B	[c:1][S:2](=O)(=O)!@[NX2H0-:3]-[*:4]	-90.0026	2.77778	-	-	-	-	G
C24578448      none	B	[$(S(=O)(=O)):1][NH0:2]!@[c:3]([cH1])[cH0:4]	119.73	0	-	-	-	-	R
C24578448      none	B	[cH0:1][a:2]([cH1])!@[a:3]([sX2,o,nX2H0,nX3H1:4])([cH0])	-119.991	7.1161	-	-	-	-	G
C37590230      none	B	[!#1:1][CX4:2]!@[CX4:3][!#1:4]	179.992	22.1548	-	-	-	-	G
C37590230      none	B	[$(C=O):1][NX3H0:2]!@[CX4H1:3][H:4]	180	19.1176	-	-	-	-	G
C37590230      none	B	[$([CX3]=O):1][NX3H0:2](C)!@[CX4H2:3][C:4]	-120.004	2.31561	-	-	-	-	O
C37590230      none	B	[O:1]=[CX3:2](a)!@[NX3H0:3][!#1:4]	29.99	0.896722	-	-	-	-	O
C37590230      none	B	[N:1][CX4:2]!@[CX3:3]=[O:4]	-90.001	0.479136	-	-	-	-	O
C37590230      none	B	[a:1][c:2]!@[C:3]([NH0])=[O:4]	60.2839	3.02778	-	-	-	-	G
C37590230      none	B	[$(C=O):1][NX3H1:2]!@[c:3]([cH1])[cH1:4]	149.982	5.05437	-	-	-	-	G
C37590230      none	B	[O:1]=[CX3:2]!@[NX3H1:3][!#1:4]	149.996	0.00505102	-	-	-	-	O
C63136419      none	B	[n,o,s:1][c:2]!@[CX4H2:3][CX4:4]	89.9956	4.03889	-	-	-	-	G
C63136419      none	B	[!#1:1][CX4H2:2]!@[CX4H2:3][!#1:4]	60.0046	3.99483	-	-	-	-	G
C63136419      none	B	[$([CX3]=O):1][NX3H1:2]!@[CX4H2:3][C:4] 	89.9984	7.35439	-	-	-	-	G
C63136419      none	B	[O:1]=[CX3:2]([$([NX3H1]C)])!@[NX3H1:3][!#1:4]	0.00549105	41.1343	-	-	-	-	G
C63136419      none	B	[O:1]=[CX3:2]([$([NX3H1]C)])!@[NX3H1:3][!#1:4]	-0.0116769	41.1343	-	-	-	-	G
C63136419      none	B	[$(C=O):1][NX3H1:2]!@[CX4H1:3][H:4]	30.0063	9.46757	-	-	-	-	G
C63136419      none	B	[!#1:1][CX4:2]!@[CX4:3][!#1:4]	-159.996	1.85018	-	-	-	-	G
C63136419      none	B	[O:1]=[C:2]([O-])!@[CX4H1:3][H:4]	89.9964	0.86741	-	-	-	-	O
C63136419      none	B	[!#1:1][CX4H2:2]!@[CX4H2:3][!#1:4]	179.999	58.554	-	-	-	-	G
C55668580      none	B	[!#1:1][CX4:2]!@[SX4:3][!#1:4]	67.743	8.06316	-	-	-	-	G
C55668580      none	B	[*:1]~[N,n:2]!@[S:3]~[*:4]	89.9661	2.07924	-	-	-	-	G
C55668580      none	B	[$(S(=O)(=O)):1][NH0:2]!@[c:3]([cH1])[cH0:4]	89.7634	13.1148	-	-	-	-	G
C55668580      none	B	[$(S(=O)(=O)):1][NH1:2]!@[c:3]([cH1])[cH1:4]	119.975	4.02542	-	-	-	-	O
C55668580      none	B	[c:1][$(S(=O)=O):2]!@[NX3H1:3][c:4]	-90.002	1.19863	-	-	-	-	G
C55668580      none	B	[aH1:1][c:2]([aH1])!@[SX4:3][!#1:4]	-89.7291	12.5987	-	-	-	-	G
C55668580      none	B	[O-:1][N+:2](=O)!@[c:3]([cH,nX2H0])[cH,nX2H0:4]	179.982	23.2156	-	-	-	-	G
C42439779      none	B	[C:1][CX4:2]!@[CX3:3]=[O:4]	-120.134	3.42432	-	-	-	-	G
C42439779      none	B	[O:1]=[CX3:2]!@[NX3H0:3][!#1:4]	-149.999	1.37927	-	-	-	-	O
C42439779      none	B	[O:1]=[CX3:2]!@[NX3H1:3][!#1:4]	-0.00155794	63.7893	-	-	-	-	G
C42439779      none	B	[$(C=O):1][NX3H1:2]!@[CX4H0:3][C:4]	-60.002	14.7253	-	-	-	-	G
C42439779      none	B	[NH1:1][CX4:2]!@[CX3:3]=[O:4]	-0.00110079	6.89233	-	-	-	-	G
C38021297      none	B	[!#1:1][CX4H2:2]!@[CX4H2:3][!#1:4]	179.999	58.554	-	-	-	-	G
C38021297      none	B	[CX4:1][CX4H2:2]!@[NX3:3][CX4:4]	-90	8.29232	-	-	-	-	G
C38021297      none	B	[C:1][CX4H2:2]!@[NX3:3][C:4]	-0.000815813	0.00637024	-	-	-	-	R
C38021297      none	B	[a:1][a:2]!@[NX3:3][!#1:4]	180	11.4213	-	-	-	-	G
C38021297      none	B	[N:1][CX4:2]!@[CX3:3]=[O:4]	-89.9994	0.479136	-	-	-	-	O
C38021297      none	B	[cH1:1][c:2]([cH1])!@[C:3]([NH1,NH2])=[O:4]	-179.988	3.89499	-	-	-	-	G
C04661075      none	B	[C:1][CX4:2]!@[CX3:3]=[O:4]	0.00394074	5.61823	-	-	-	-	G
C04661075      none	B	[C:1][CX4:2]!@[CX3:3]=[O:4]	26.0942	3.28614	-	-	-	-	G
C04661075      none	B	[O:1]=[CX3:2]!@[NX3H1:3][!#1:4]	180	2.24265	-	-	-	-	G
C04661075      none	B	[$(C=O):1][NX3H1:2]!@[c:3](s)[n:4]	-0.00471207	0.574713	-	-	-	-	R
C41072916      none	B	[$(C=O):1][NX3H1:2]!@[c:3]([cH0]Cl)[cH:4]	29.9784	4.71698	-	-	-	-	G
C41072916      none	B	[cH1:1][c:2]([cH1])!@[C:3]([NH1,NH2])=[O:4]	-0.00870336	4.32395	-	-	-	-	G
C41072916      none	B	[O:1]=[CX3:2]!@[NX3H1:3][!#1:4]	0.00645926	63.7893	-	-	-	-	G
C41072916      none	B	[OX2:1][CX4H2:2]!@[CX3:3]([$([NX3H1,NX3H2])])=[O:4]	-60.0079	0.714286	-	-	-	-	R
C41072916      none	B	[C:1][CH2:2]!@[O:3][CX4:4]	-160.006	4.55295	-	-	-	-	G
C41072916      none	B	[C:1][CH2:2]!@[O:3][CX4:4]	-59.9913	0.329924	-	-	-	-	O
C41072916      none	B	[O:1][CX4:2]!@[CX3:3]=[O:4]	-120.004	1.11962	-	-	-	-	O
C20635144      none	B	[O-:1][N+:2](=O)!@[c:3]([cH0])[cH,nX2H0:4]	0.0384247	12.6374	-	-	-	-	G
C20635144      none	B	[$(C=O):1][NX3:2]!@[a:3][aH0:4]	-119.996	2.3332	-	-	-	-	G
C20635144      none	B	[O:1]=[CX3:2]!@[NX3H1:3][!#1:4]	0.00389429	63.7893	-	-	-	-	G
C20635144      none	B	[O:1]=[CX3:2]([NH1])!@[CH2:3][C:4]	-120.005	0.124533	-	-	-	-	O
C20635144      none	B	[!#1:1][CX4:2]!@[CX4:3][!#1:4]	39.7552	0.998355	-	-	-	-	G
C20635144      none	B	[O:1]=[C:2]([O-])!@[CX4H1:3][H:4]	-0.00458727	0.495663	-	-	-	-	O
C04298349      none	B	[O:1]=[CX3:2]!@[NX3H0:3][!#1:4]	-29.9958	0.692521	-	-	-	-	O
C04298349      none	B	[C:1][CX4:2]!@[CX3:3]=[O:4]	-120.034	3.42432	-	-	-	-	G
C04298349      none	B	[C:1][CX4:2]!@[CX3:3]=[O:4]	3.76664	5.61823	-	-	-	-	G
C04298349      none	B	[O:1]=[C:2]([O-])!@[CX4H1:3][H:4]	90.0034	0.86741	-	-	-	-	O
C40557375      none	B	[O:1]=[CX3:2]!@[NX3H0:3][!#1:4]	-150.005	1.37927	-	-	-	-	O
C40557375      none	B	[!#1:1][CX4:2]!@[CX4:3][!#1:4]	80.0002	1.75235	-	-	-	-	G
C40557375      none	B	[!#1:1][CX4H2:2]!@[CX4H2:3][!#1:4]	59.9977	3.99483	-	-	-	-	G
C40557375      none	B	[O:1]=[CX3:2]!@[NX3H0:3][!#1:4]	-149.685	1.37927	-	-	-	-	O
C40557375      none	B	[O:1]=[C:2]([O-])!@[CX4H1:3][H:4]	0.00218731	0.495663	-	-	-	-	O
C13264346      none	B	[H:1][CX4H1:2]!@[OX2:3][!#1:4]	-0.0086327	7.47259	-	-	-	-	G
C13264346      none	B	[cH1,n:1][c:2]!@[O:3][CH1:4]	60.0043	0.194175	-	-	-	-	R
C13264346      none	B	[cH1:1][c:2]([cH1])!@[C:3]([NH1,NH2])=[O:4]	27.0357	8.08167	-	-	-	-	G
C13264346      none	B	[O:1]=[CX3:2]!@[NX3H1:3][!#1:4]	6.06629e-05	63.7893	-	-	-	-	G
C13264346      none	B	[*:1]~[NX3:2]!@[NX2:3]~[*:4]	179.993	29.4914	-	-	-	-	G
C13264346      none	B	[cH1:1][c:2]([cH1])!@[CX3:3]=[NX2:4]	-89.7058	0.478755	-	-	-	-	O
C13264346      none	B	[aH1:1][c:2]([aH1])!@[SX4:3][!#1:4]	-30.0264	0.190355	-	-	-	-	R
C13264346      none	B	[*:1][$(S(=O)=O):2]!@[NX3H0r:3][*:4]	90.2751	4.85782	-	-	-	-	G
C13264346      none	B	[O:1]=[C:2]([O-])!@[CX4H1:3][H:4]	0.000576438	0.495663	-	-	-	-	O
C63009339      none	B	[$([CX3]=O):1][NX3H0:2](C)!@[CX4H2:3][C:4]	-89.9989	15.9949	-	-	-	-	G
C63009339      none	B	[$([CX3]=O):1][NX3H0:2](C)!@[CX4H2:3][C:4]	-89.9972	15.9949	-	-	-	-	G
C63009339      none	B	[O:1]=[CX3:2]!@[NX3H0:3][!#1:4]	180	18.2537	-	-	-	-	G
C63009339      none	B	[OX2:1][CX4H2:2]!@[CX4H2:3][N:4]	-60.0016	16.5981	-	-	-	-	G
C63009339      none	B	[O:1]=[CX3:2]!@[NX3H1:3][!#1:4]	90.0025	0	-	-	-	-	R
C63009339      none	B	[$(C=O):1][NX3H1:2]!@[c:3]([cH0]F)[cH:4]	-179.725	0	-	-	-	-	R
C63009339      none	B	[O:1]=[C:2]([O-])!@[c:3]([cH1])[cH1:4]	179.988	7.35294	-	-	-	-	G
C40839763      none	B	[a:1][c:2]!@[CX4H1:3][N,O:4]	4.06452	1.53503	-	-	-	-	G
C40839763      none	B	[*:1]~[cX3:2]!@[NX2:3]~[*:4]	0.00333504	14.1132	-	-	-	-	G
C40839763      none	B	[O:1]=[C:2]([O-])!@[CX4H1:3][H:4]	0.000688221	0.495663	-	-	-	-	O
C40532893      none	B	[OX2:1][CX4:2]!@[CX4:3][N:4]	60.0019	15.2809	-	-	-	-	G
C40532893      none	B	[O:1]=[C:2]([O-])!@[CX4H1:3][H:4]	-0.00210021	0.495663	-	-	-	-	O
C40532893      none	B	[$(C=O):1][NX3H1:2]!@[CX4H1:3][H:4]	-60.0099	1.23735	-	-	-	-	G
C40532893      none	B	[O:1]=[CX3:2]([$([NX3H1]C)])!@[NX3H1:3][!#1:4]	0.0155165	41.1343	-	-	-	-	G
C40532893      none	B	[O:1]=[CX3:2]([$([NX3H1]C)])!@[NX3H1:3][!#1:4]	-0.0107411	41.1343	-	-	-	-	G
C40532893      none	B	[$(C=O):1][NX3H1:2]!@[CX4H1:3][H:4]	-59.9951	1.23735	-	-	-	-	G
C40751094      none	B	[O:1]=[C:2]([O-])!@[c:3][nX2H0:4]	179.973	20	-	-	-	-	G
C40751094      none	B	[a:1][c:2]!@[C:3]([NH0])=[O:4]	-120.003	3.91667	-	-	-	-	G
C40751094      none	B	[O:1]=[CX3:2](a)!@[NX3H0:3][!#1:4]	0.00151573	23.6549	-	-	-	-	G
C40751094      none	B	[$([CX3]=O):1][NX3H0:2](C)!@[CX4H2:3][C:4]	-59.9989	0.686106	-	-	-	-	O
C40751094      none	B	[$([CX3]=O):1][NX3H0:2](C)!@[CX4H2:3][C:4]	120	2.74443	-	-	-	-	O
C40751094      none	B	[OX2:1][CX4H2:2]!@[CX4H2:3][N:4]	-60.0021	16.5981	-	-	-	-	G
C40751094      none	B	[OX2:1][CX4H2:2]!@[CX4H2:3][N:4]	179.998	8.36763	-	-	-	-	G
C13304548      none	B	[O:1]=[CX3:2]!@[NX3H1:3][!#1:4]	0.000355117	63.7893	-	-	-	-	G
C13304548      none	B	[$(C=O):1][NX3H1:2]!@[CX4H1:3][H:4]	-30.0027	6.97413	-	-	-	-	G
C13304548      none	B	[H:1][CX4H1:2]!@[O:3][CX4:4]	39.8291	11.9906	-	-	-	-	G
C13304548      none	B	[OX2:1][CX4:2]!@[CX4:3][OX2:4]	59.9519	14.3222	-	-	-	-	G
C51104872      none	B	[N:1][CX4:2]!@[CX3:3]=[O:4]	-149.994	3.58916	-	-	-	-	G
C51104872      none	B	[C:1][CX4:2]!@[NX3;"N_lp":3][C:4]	63.6414	6.93585	-	-	-	-	G
C51104872      none	B	[O:1]=[C:2]!@[NX3H1:3](C=O)[H:4]	179.989	35.6725	-	-	-	-	G
C51104872      none	B	[O:1]=[C:2]([NH1])!@[NX3H1:3](C=O)[H:4]	0.0123651	58.9474	-	-	-	-	G
C51104872      none	B	[O:1]=[CX3:2]([$([NX3H1]C)])!@[NX3H1:3][!#1:4]	-0.00681527	41.1343	-	-	-	-	G
C51104872      none	B	[$([CX3]=O):1][NX3H1:2]!@[CX4H2:3][C:4] 	-119.99	2.61599	-	-	-	-	O
C51104872      none	B	[CX3:1]=[CX3:2]!@[CH2:3][!#1:4]	-119.996	9.03499	-	-	-	-	G
C51104872      none	B	[O:1][CX4:2]!@[CX3:3]=[O:4]	120.093	0.923198	-	-	-	-	O
C56214086      none	B	[cH1:1][c:2]([cH1])!@[CX3:3]=[O:4]	0.00837065	14.2319	-	-	-	-	G
C43395336      none	B	[a:1][c:2]!@[C:3]([NH1,NH2])=[O:4]	89.9908	0.308642	-	-	-	-	O
C43395336      none	B	[cH0:1][c:2]([cH,nX2H0])!@[NX3H0:3][CX4:4]	60.3034	3.25838	-	-	-	-	G
C43395336      none	B	[!#1:1][CX4:2]!@[CX4:3][!#1:4]	160.003	1.81259	-	-	-	-	G
C43395336      none	B	[C:1][CX4H2:2]!@[CX3:3]=[O:4]	-120	0.79457	-	-	-	-	O
C67305804      none	B	[$(C=O):1][NX3H1:2]!@[CX4H1:3][H:4]	180	0.712411	-	-	-	-	R
C67305804      none	B	[O:1]=[CX3:2]!@[NX3H1:3][!#1:4]	0.000545267	63.7893	-	-	-	-	G
C67305804      none	B	[C:1][CX4:2]!@[CX3:3]=[O:4]	150.057	1.17362	-	-	-	-	G
C19510600      none	B	[!#1:1][CH2:2]!@[n:3][a:4]	-135.002	0.298805	-	-	-	-	O
C19510600      none	B	[!#1:1][CX4H2:2]!@[CX3:3]=[O:4]	89.9981	1.06654	-	-	-	-	G
C19510600      none	B	[O:1]=[CX3:2]!@[NX3H1:3][!#1:4]	0.0063361	63.7893	-	-	-	-	G
C19510600      none	B	[$(C=O):1][NX3H1:2]!@[CX4H1:3][H:4]	60.0003	6.22422	-	-	-	-	G
C19510600      none	B	[!#1:1][CX4:2]!@[CX4:3][!#1:4]	160.002	1.81259	-	-	-	-	G
C19510600      none	B	[O:1]=[C:2]([O-])!@[CX4H1:3][H:4]	89.9975	0.86741	-	-	-	-	O
C19510600      none	B	[C:1][CX4H2:2]!@[CX3:3]=[O:4]	-89.9984	1.15875	-	-	-	-	O
C62440349      none	B	[O:1]=[C:2]([O-])!@[c:3]([cH1])[cH1:4]	179.977	7.35294	-	-	-	-	G
C62440349      none	B	[aH1:1][c:2]([aH1])!@[SX4:3][!#1:4]	-90.0053	12.5987	-	-	-	-	G
C62440349      none	B	[c:1][$(S(=O)=O):2]!@[NX3H1:3][C:4]	-59.9939	13.7514	-	-	-	-	G
C62440349      none	B	[$(S(=O)(=O)):1][NX3H1:2]!@[CX4H2:3][!#1:4]	149.996	5.15021	-	-	-	-	G
C62440349      none	B	[OX2:1][CX4:2]!@[CX4:3][N:4]	-41.3893	1.41573	-	-	-	-	G
C50223823      none	B	[cH0:1][c:2]!@[CX4H1:3][CX4:4]	120.005	7.01281	-	-	-	-	G
C50223823      none	B	[O:1]=[C:2]([O-])!@[c:3][nX2H0:4]	179.974	20	-	-	-	-	G
C50223823      none	B	[!#1:1][CH2:2]!@[n:3][cH0:4]	89.9994	14.7896	-	-	-	-	G
C50223823      none	B	[!#1:1][CX4H2:2]!@[CX3:3]=[O:4]	59.9974	1.20812	-	-	-	-	G
C08382216      none	B	[*:1]~[CX4:2]!@[n:3]~[*:4]	-0.000970907	3.06862	-	-	-	-	G
C08382216      none	B	[OX2:1][CX4:2]!@[CX4:3][OX2:4]	-163.751	0.511128	-	-	-	-	G
C54304465      none	B	[a:1][c:2]!@[CX4H2:3][!#1:4]	-89.996	7.30446	-	-	-	-	G
C54304465      none	B	[$([C](=O)):1][NX3H0:2]!@[CX4H2:3][$([c]([cH,nX2H0])[cH,nX2H0]):4]	179.997	0.0777605	-	-	-	-	R
C54304465      none	B	[O:1]=[CX3:2]!@[NX3H0:3][!#1:4]	-30.005	0.692521	-	-	-	-	O
C54304465      none	B	[O:1]=[CX3:2]!@[NX3H0:3][!#1:4]	-29.7198	0.692521	-	-	-	-	O
C54304465      none	B	[!#1:1][CX4:2]!@[CX4:3][!#1:4]	-160	1.85018	-	-	-	-	G
C54304465      none	B	[C:1][CX4H2:2]!@[CX3:3]=[O:4]	-89.999	1.15875	-	-	-	-	O
C48812163      none	B	[cH1:1][c:2]([cH1])!@[C:3]([NH1,NH2])=[O:4]	-152.979	8.78518	-	-	-	-	G
C48812163      none	B	[O:1]=[CX3:2]!@[NX3H1:3][!#1:4]	0.00471258	63.7893	-	-	-	-	G
C48812163      none	B	[$(C=O):1][NX3H1:2]!@[CX4H1:3][H:4]	60.0034	6.22422	-	-	-	-	G
C48812163      none	B	[NH1:1][CX4:2]!@[CX3:3]=[O:4]	120.004	0.41354	-	-	-	-	G
C48812163      none	B	[O:1]=[CX3:2]!@[NX3H1:3][!#1:4]	-0.0024626	63.7893	-	-	-	-	G
C13460238      none	B	[aH1:1][c:2]([aH1])!@[SX4:3][!#1:4]	90.001	12.916	-	-	-	-	G
C13460238      none	B	[c:1][$(S(=O)=O):2]!@[NX3H0:3][C:4]	89.9993	4.81691	-	-	-	-	G
C13460238      none	B	[$(S(=O)(=O)):1][NX3H0:2]!@[CX4H2:3][!#1:4]	-89.9958	8.83621	-	-	-	-	G
C13460238      none	B	[$(S(=O)(=O)):1][NX3H0:2]!@[CX4H1:3][H:4]	2.06881e-05	18	-	-	-	-	G
C13460238      none	B	[N:1][CX4:2]!@[CX3:3]=[O:4]	-120.001	0.897291	-	-	-	-	G
C38653622      none	B	[cH1:1][c:2]([cH1])!@[C:3]([NH1,NH2])=[O:4]	-26.9862	8.39053	-	-	-	-	G
C38653622      none	B	[O:1]=[CX3:2]!@[NX3H1:3][!#1:4]	-0.00376313	63.7893	-	-	-	-	G
C38653622      none	B	[*:1]~[NX3:2]!@[NX2:3]~[*:4]	180	29.4914	-	-	-	-	G
C33520014      none	B	[$([c]([NH1,NH2])):1][c:2]!@[CX3:3]([!O])=[O:4]	59.9822	0.552486	-	-	-	-	R
C33520014      none	B	[$([C](=O)):1][NX3:2]!@[a:3](s)[a:4]	180	61.7021	-	-	-	-	G
C33520014      none	B	[O:1]=[CX3:2]!@[NX3H1:3][!#1:4]	-0.00420942	63.7893	-	-	-	-	G
C33520014      none	B	[s:1][c:2]!@[C:3]([NH1])=[O:4]	0.00125724	23.0769	-	-	-	-	G
C33520014      none	B	[O:1]=[CX3:2]!@[NX3H1:3][!#1:4]	-0.00316024	63.7893	-	-	-	-	G
C33520014      none	B	[$([CX3]=O):1][NX3H1:2]!@[CX4H2:3][C:4] 	179.997	6.46594	-	-	-	-	G
C33520014      none	B	[!#1:1][CX4H2:2]!@[CX4H2:3][!#1:4]	180	58.554	-	-	-	-	G
C33520014      none	B	[C:1][CX4H2:2]!@[CX3:3]=[O:4]	-120.008	0.79457	-	-	-	-	O
C62742154      none	B	[!#1:1][CX4:2]!@[CX4:3][!#1:4]	60.0014	12.3771	-	-	-	-	G
C62742154      none	B	[$([CX3]=O):1][NX3H0:2](C)!@[CX4H2:3][C:4]	-90.0005	15.9949	-	-	-	-	G
C62742154      none	B	[$([CX3]=O):1][NX3H0:2](C)!@[CX4H2:3][C:4]	90.0003	14.7513	-	-	-	-	G
C62742154      none	B	[O:1]=[CX3:2](a)!@[NX3H0:3][!#1:4]	-29.9983	1.17502	-	-	-	-	O
C62742154      none	B	[N:1][CX4:2]!@[CX3:3]=[O:4]	-119.989	0.897291	-	-	-	-	O
C62742154      none	B	[a:1][c:2]!@[C:3]([NH0])=[O:4]	120.313	4.19444	-	-	-	-	G
C62742154      none	B	[aH1:1][c:2]([aH1])!@[SX4:3][!#1:4]	-0.00404826	0.126904	-	-	-	-	R
C49187122      none	B	[!#1:1][CX4H2:2]!@[CX4H2:3][!#1:4]	179.997	58.554	-	-	-	-	G
C49187122      none	B	[!#1:1][CX4:2]!@[CX4:3][!#1:4]	-60.0056	12.2558	-	-	-	-	G
C49187122      none	B	[NH1:1][CX4:2]!@[CX3:3]=[O:4]	-149.995	4.5183	-	-	-	-	G
C49187122      none	B	[$(C=O):1][NX3H1:2]!@[CX4H0:3][C:4]	179.992	11.3993	-	-	-	-	G
C49187122      none	B	[O:1]=[CX3:2]([$([NX3H1]C)])!@[NX3H1:3][!#1:4]	0.0112304	41.1343	-	-	-	-	G
C49187122      none	B	[O,S:1]=[C:2]([$([NX3H1]),$([NX3H2])])!@[$([NX3]c[nH0]):3][H:4]	0.000314224	46.0938	-	-	-	-	G
C49187122      none	B	[$(C=O):1][NX3H1:2]!@[c:3](s)[n:4]	0.322959	0.574713	-	-	-	-	R
C49187122      none	B	[cH0:1][c:2]!@[CX4H2:3][CX4:4]	89.9806	18.5823	-	-	-	-	G
C55272377      none	B	[*:1][$(S(=O)=O):2]!@[NX3H0r:3][*:4]	120.281	1.23223	-	-	-	-	O
C55272377      none	B	[O:1]=[CX3:2]!@[NX3H0:3][!#1:4]	29.9916	0.680979	-	-	-	-	O
C55272377      none	B	[c:1][CX4H2:2]!@[CX3:3]=[O:4]	-119.997	0.712251	-	-	-	-	O
C55272377      none	B	[a:1][c:2]!@[CX4H2:3][CX3:4]	-179.724	0.81826	-	-	-	-	R
C38754834      none	B	[C:1][$(S(=O)=O):2]!@[NX3H0:3][c:4]	-90.0032	2.32558	-	-	-	-	G
C38754834      none	B	[$(S(=O)(=O)):1][NX3H0:2]!@[CX4H2:3][!#1:4]	-60.0048	0	-	-	-	-	R
C38754834      none	B	[$(S(=O)(=O)):1][NH0:2]!@[c:3]([cH1])[cH1:4]	89.7151	15.7025	-	-	-	-	G
C38754834      none	B	N[C:2](=[O:1])!@[CH2:3][N:4]	-89.9917	0.14881	-	-	-	-	R
C38754834      none	B	[O:1]=[CX3:2]!@[NX3H1:3][!#1:4]	-0.0165303	63.7893	-	-	-	-	G
C38754834      none	B	[$(C=O):1][NX3H1:2]!@[c:3]([cH1])[cH1:4]	30.0049	5.05437	-	-	-	-	G
C38754834      none	B	[aH1:1][c:2]([aH1])!@[SX4:3][!#1:4]	-89.9823	12.5987	-	-	-	-	G
C38754834      none	B	[c:1][S:2](=O)(=O)!@[NX2H0-:3]-[*:4]	-90.0086	2.77778	-	-	-	-	G
C38754834      none	B	[$(S(=O)(=O)):1][N:2]!@[c:3][a:4]	60.0062	1.70898	-	-	-	-	G
C50010574      none	B	[OX2:1][CX4:2]!@[CX4:3][N:4]	-160.002	1.21348	-	-	-	-	O
C50010574      none	B	[O:1]=[C:2]([O-])!@[CX4H1:3][H:4]	0.0136458	0.495663	-	-	-	-	O
C50010574      none	B	[$(C=O):1][NX3H1:2]!@[CX4H1:3][H:4]	-29.9984	6.97413	-	-	-	-	G
C50010574      none	B	[O:1]=[CX3:2]!@[NX3H1:3][!#1:4]	0.00121361	63.7893	-	-	-	-	G
C50010574      none	B	[O:1]=[C:2]!@[NX3H0:3]([a:4])[A]	-149.999	3.17023	-	-	-	-	G
C50010574      none	B	[$(C=O):1][NX3H0:2]!@[c:3]([cH1])[cH1:4]	-150.003	1.13754	-	-	-	-	G
C42471910      none	B	[O:1]=[CX3:2]!@[NX3H0:3][!#1:4]	-30.007	0.692521	-	-	-	-	O
C42471910      none	B	[O:1]=[CX3:2]!@[NX3H0:3][!#1:4]	-29.6845	0.692521	-	-	-	-	O
C42471910      none	B	[O:1]=[C:2]([O-])!@[CX4H1:3][H:4]	90.0009	0.86741	-	-	-	-	O
C55165038      none	B	[O:1]=[CX3:2](a)!@[NX3H0:3][!#1:4]	29.9979	0.896722	-	-	-	-	O
C55165038      none	B	[a:1][c:2]!@[C:3]([NH0])=[O:4]	-89.6895	2.91667	-	-	-	-	G
C49238536      none	B	[a:1][c:2]!@[CX4H1:3][H:4]	90.0012	0.477016	-	-	-	-	O
C49238536      none	B	[$(C=O):1][NX3H1:2]!@[c:3](s)[n:4]	0.288607	0.574713	-	-	-	-	R
C49238536      none	B	[O,S:1]=[C:2]([$([NX3H1]),$([NX3H2])])!@[$([NX3]c[nH0]):3][H:4]	0.00621798	46.0938	-	-	-	-	G
C49238536      none	B	[O:1]=[CX3:2]([$([NX3H1]C)])!@[NX3H1:3][!#1:4]	0.0019142	41.1343	-	-	-	-	G
C49238536      none	B	[$(C=O):1][NX3H1:2]!@[CX4H1:3][H:4]	30.006	9.46757	-	-	-	-	G
C49238536      none	B	[!#1:1][CX4:2]!@[CX4:3][!#1:4]	159.994	1.81259	-	-	-	-	G
C49238536      none	B	[O:1]=[C:2]([O-])!@[CX4H1:3][H:4]	-0.00249519	0.495663	-	-	-	-	O
C49238536      none	B	[!#1:1][CX4H2:2]!@[CX4H2:3][!#1:4]	179.997	58.554	-	-	-	-	G
C49238536      none	B	[!#1:1][CX4:2]!@[SX2:3][!#1:4]	-79.9916	6.01214	-	-	-	-	G
C39560237      none	B	[*^2:1]~[C^2:2]([!H])!@[C^2:3]~[*^2:4]	-120.005	0.661024	-	-	-	-	G
C39560237      none	B	[O:1]=[C:2]!@[O:3]~[C:4]	-29.9995	0.0890388	-	-	-	-	R
C39560237      none	B	[$(C=O):1][O:2]!@[CH1:3][H:4]	59.9994	0.586008	-	-	-	-	O
C39560237      none	B	[!#1:1][CX4H0:2]!@[OX2:3][!#1:4]	-40	0.489008	-	-	-	-	O
C39560237      none	B	[$(C=O):1][O:2]!@[CH1:3][H:4]	-30.0052	11.3505	-	-	-	-	G
C39560237      none	B	[CX3:1]=[CX3:2]!@[CH2:3][OX2:4]	89.9961	3.05344	-	-	-	-	G
C39560237      none	B	[O:1]=[C:2]!@[O:3]~[C:4]	30.004	0.0796663	-	-	-	-	R
C39560237      none	B	[O:1]=[C:2]!@[O:3]~[CH0:4]	-29.9994	0.596506	-	-	-	-	R
C50254345      none	B	[aH1:1][c:2]([aH1])!@[SX4:3][!#1:4]	-90.0008	12.5987	-	-	-	-	G
C50254345      none	B	[c:1][S:2](=O)(=O)!@[NX2H0-:3]-[*:4]	89.9987	2.77778	-	-	-	-	G
C50254345      none	B	[$(S(=O)(=O)):1][NH0:2]!@[c:3]([cH1])[cH1:4]	-120.28	1.65289	-	-	-	-	G
C50254345      none	B	[aH0:1][c:2]([aH1])!@[SX4:3][!#1:4]	179.984	1.4531	-	-	-	-	G
C39116209      none	B	[N:1][CX4:2]!@[CX3:3]=[O:4]	89.9958	0.374597	-	-	-	-	O
C39116209      none	B	[N:1][CX4:2]!@[CX3:3]=[O:4]	-0.000822222	7.55292	-	-	-	-	G
C39709583      none	B	[O:1]=[C:2]([O-])!@[CX4H1:3][H:4]	90.0028	0.86741	-	-	-	-	O
C39709583      none	B	[$(C=O):1][NX3H1:2]!@[CX4H1:3][H:4]	-30.006	6.97413	-	-	-	-	G
C39709583      none	B	[O:1]=[CX3:2]!@[NX3H1:3][!#1:4]	0.0106151	63.7893	-	-	-	-	G
C39709583      none	B	[NH1:1][CX4:2]!@[CX3:3]=[O:4]	-60.0092	1.73074	-	-	-	-	O
C39709583      none	B	[!#1:1][CX4:2]!@[CX4:3][!#1:4]	59.9955	12.3771	-	-	-	-	G
C39709583      none	B	[$(C=O):1][NX3H1:2]!@[CX4H1:3][H:4]	60.0004	6.22422	-	-	-	-	G
C39709583      none	B	[O:1]=[CX3:2]!@[NX3H1:3][!#1:4]	0.00283665	63.7893	-	-	-	-	G
C39709583      none	B	[O:1][CX4:2]!@[CX3:3]=[O:4]	150.42	2.2196	-	-	-	-	G
C40537691      none	B	[$(C=O):1][NX3H1:2]!@[c:3]([cH1])[cH1:4]	179.952	8.15546	-	-	-	-	G
C40537691      none	B	[O:1]=[CX3:2]!@[NX3H1:3][!#1:4]	60.0012	0	-	-	-	-	R
C40537691      none	B	[O:1]=[CX3:2]!@[NX3H0:3][!#1:4]	0.30271	25.0866	-	-	-	-	G
C40537691      none	B	[O:1]=[C:2]([O-])!@[CX4H1:3][H:4]	90.009	0.86741	-	-	-	-	O
C13076568      none	B	[cH1:1][c:2]([cH1])!@[C:3]([NH1,NH2])=[O:4]	153.023	9.05971	-	-	-	-	G
C13076568      none	B	[aH1:1][c:2]([aH1])!@[SX4:3][!#1:4]	-69.9963	5.44275	-	-	-	-	G
C13076568      none	B	[*:1][$(S(=O)=O):2]!@[NX3H0r:3][*:4]	90.2758	4.85782	-	-	-	-	G
C13076568      none	B	[O:1]=[C:2]([O-])!@[CX4H1:3][H:4]	0.00786548	0.495663	-	-	-	-	O
C13076568      none	B	[O:1]=[CX3:2]!@[NX3H1:3][!#1:4]	-0.00533016	63.7893	-	-	-	-	G
C13076568      none	B	[$(C=O):1][NX3H1:2]!@[c:3]([cH1])[cH1:4]	-149.995	5.07451	-	-	-	-	G
C39482720      none	B	[H:1][CX4H1:2]!@[O:3][CX4:4]	40.0017	11.9906	-	-	-	-	G
C39482720      none	B	[cH0:1][c:2]([cH,nX2H0])!@[NX3H0:3][CX4:4]	-60.282	5.09408	-	-	-	-	G
C39482720      none	B	[aH1:1][c:2]([aH1])!@[SX4:3][!#1:4]	89.9998	12.916	-	-	-	-	G
C39482720      none	B	[$(S(=O)(=O)):1][NH1:2]!@[c:3]([cH1])[cH0:4]	150.004	8.74525	-	-	-	-	G
C39482720      none	B	[*:1][$(S(=O)=O):2]!@[NX3H1:3][*:4]	59.9954	8.81913	-	-	-	-	G
C39482720      none	B	[*:1]~[OX2:2]!@[SX4:3]~[*:4]	-39.9993	4.33662	-	-	-	-	G
C39482720      none	B	[cH1:1][c:2]([cH1])!@[O:3][S:4]	89.9928	8.8	-	-	-	-	G
C37436250      none	B	[cH0:1][c:2]!@[CX4H2:3][CX3:4]	89.998	10.5615	-	-	-	-	G
C37436250      none	B	[c:1][CX4H2:2]!@[CX3:3]=[O:4]	-30.004	4.98575	-	-	-	-	G
C37436250      none	B	[O:1]=[CX3:2]!@[NX3H0:3][!#1:4]	30.2744	0.680979	-	-	-	-	O
C37436250      none	B	[O:1]=[C:2]([O-])!@[CX4H1:3][H:4]	-0.00146706	0.495663	-	-	-	-	O
C52306634      none	B	[*:1]~[CX4:2]!@[n:3]~[*:4]	59.9974	3.54922	-	-	-	-	G
C52306634      none	B	[aH0:1][c:2]([aH1])!@[SX4:3][!#1:4]	179.998	1.4531	-	-	-	-	G
C50633362      none	B	[$(S(=O)(=O)):1][NH0:2]!@[c:3]([cH1])[cH0:4]	120	0	-	-	-	-	R
C50633362      none	B	[c:1][S:2](=O)(=O)!@[NX2H0-:3]-[*:4]	-89.9985	2.77778	-	-	-	-	G
C50633362      none	B	[aH1:1][c:2]([aH1])!@[SX4:3][!#1:4]	90.2754	12.916	-	-	-	-	G
C37454487      none	B	[cH0:1][c:2]([cH1])!@[CX3:3]([NX3H0])=[O:4]	-60.0015	9.09091	-	-	-	-	G
C37454487      none	B	[O:1]=[CX3:2](a)!@[NX3H0:3][!#1:4]	-29.6949	1.17502	-	-	-	-	O
C37454487      none	B	[O:1]=[C:2]([O-])!@[CX4H1:3][H:4]	90.0014	0.86741	-	-	-	-	O
C13575528      none	B	[O:1]=[CX3:2]!@[NX3H0:3][!#1:4]	179.999	18.2537	-	-	-	-	G
C13575528      none	B	[a:1][c:2]!@[CX4H1:3][N,O:4]	-0.00716759	1.53503	-	-	-	-	G
C13575528      none	B	[$(C=O):1][NX3H0:2]!@[c:3]([cH1])[cH1:4]	59.9987	4.89486	-	-	-	-	G
C13575528      none	B	[cH1:1][c:2](cO)!@[O:3][C:4]	-89.7573	0.35524	-	-	-	-	R
C62173995      none	B	[*:1]~[CX4:2]!@[NX4:3]~[*:4]	-80.0021	2.10499	-	-	-	-	G
C62173995      none	B	[*:1]~[CX4:2]!@[NX4:3]~[*:4]	-79.9998	2.10499	-	-	-	-	G
C62173995      none	B	[*:1]~[CX4:2]!@[NX4:3]~[*:4]	160.002	1.9368	-	-	-	-	G
C62173995      none	B	[NH1:1][CX4:2]!@[CX3:3]=[O:4]	-119.99	0.275693	-	-	-	-	G
C62173995      none	B	[NH1:1][CX4:2]!@[CX3:3]=[O:4]	119.999	0.41354	-	-	-	-	G
C13037059      none	B	[O:1]=[C:2]([O-])!@[CX4H1:3][H:4]	89.9946	0.86741	-	-	-	-	O
C13037059      none	B	[$(C=O):1][NX3H1:2]!@[CX4H1:3][H:4]	29.974	9.46757	-	-	-	-	G
C13037059      none	B	[O:1]=[CX3:2]!@[NX3H1:3][!#1:4]	0.0600019	63.7893	-	-	-	-	G
C13037059      none	B	[cH1:1][c:2]([cH1])!@[C:3]([NH1,NH2])=[O:4]	-153.065	8.78518	-	-	-	-	G
C13037059      none	B	[cH0:1][c:2]([cH,nX2H0])!@[NX3H0:3][CX4:4]	-29.6845	1.28499	-	-	-	-	O
C13037059      none	B	[O-:1][N+:2](=O)!@[c:3]([cH0])[cH,nX2H0:4]	90.2384	0.274725	-	-	-	-	O
C13037059      none	B	[a:1][c:2]!@[CX4H1:3][N,O:4]	150	3.7643	-	-	-	-	G
C44888070      none	B	[a:1][c:2]!@[CX4H1:3][N,O:4]	-29.9979	3.61778	-	-	-	-	G
C44888070      none	B	[$(C=O):1][NX3H1:2]!@[CX4H1:3][H:4]	-30.0042	6.97413	-	-	-	-	G
C44888070      none	B	[O:1]=[CX3:2]!@[NX3H1:3][!#1:4]	-0.00585064	63.7893	-	-	-	-	G
C44888070      none	B	[a:1][c:2]!@[C:3]([NH1,NH2])=[O:4]	-119.694	0.626362	-	-	-	-	G
C44888070      none	B	[aH1:1][c:2]([aH1])!@[SX4:3][!#1:4]	-89.9953	12.5987	-	-	-	-	G
C44888070      none	B	[c:1][$(S(=O)=O):2]!@[NX3H1:3][C:4]	-60.0055	13.7514	-	-	-	-	G
C62353718      none	B	[a:1][c:2]!@[C:3]([NH1,NH2])=[O:4]	150.001	5.34677	-	-	-	-	O
C62353718      none	B	[O:1]=[CX3:2]!@[NX3H1:3][!#1:4]	-0.00132025	63.7893	-	-	-	-	G
C62353718      none	B	[$(C=O):1][NX3H1:2]!@[CX4H1:3][H:4]	-30.0001	6.97413	-	-	-	-	G
C62353718      none	B	[OX2:1][CX4:2]!@[CX4:3][N:4]	-40.0044	1.41573	-	-	-	-	G
C62353718      none	B	[O:1]=[C:2]([O-])!@[CX4H1:3][H:4]	0.00556164	0.495663	-	-	-	-	O
C40577969      none	B	[!#1:1][CH2:2]!@[n:3][a:4]	90.3177	13.2097	-	-	-	-	G
C40577969      none	B	[$(C=O):1][NX3H1:2]!@[c:3]([cH1])[cH1:4]	-60.0116	0.241643	-	-	-	-	R
C40577969      none	B	[O:1]=[CX3:2]([$([NX3H1]C)])!@[NX3H1:3][!#1:4]	179.996	9.5176	-	-	-	-	R
C40577969      none	B	[O:1]=[CX3:2]([$([NX3H1]C)])!@[NX3H1:3][!#1:4]	0.00329525	41.1343	-	-	-	-	G
C40577969      none	B	[$(C=O):1][NX3H1:2]!@[CX4H1:3][H:4]	-59.9955	1.23735	-	-	-	-	G
C40577969      none	B	[OX2:1][CX4:2]!@[CX4:3][N:4]	59.9995	15.2809	-	-	-	-	G
C40577969      none	B	[O:1]=[C:2]([O-])!@[CX4H1:3][H:4]	-0.00883535	0.495663	-	-	-	-	O
C62872012      none	B	[!#1:1][CX4H2:2]!@[CX4H2:3][!#1:4]	180	58.554	-	-	-	-	G
C62872012      none	B	[!#1:1][CX4:2]!@[CX4:3][!#1:4]	-160.165	1.85018	-	-	-	-	G
C62872012      none	B	[C:1][CX4:2]!@[CX3:3]=[O:4]	90	3.65147	-	-	-	-	G
C62872012      none	B	[O:1]=[CX3:2]!@[NX3H0:3][!#1:4]	-30.0017	0.692521	-	-	-	-	O
C62872012      none	B	[N:1][C:2](=O)!@[CX4H2:3][CX4H2:4]	-120.001	3.67847	-	-	-	-	G
C62872012      none	B	[!#1:1][CX4H2:2]!@[CX4H2:3][!#1:4]	59.9978	3.99483	-	-	-	-	G
C62872012      none	B	[!#1:1][CX4:2]!@[SX2:3][!#1:4]	180	11.1654	-	-	-	-	G
C62872012      none	B	[!#1:1][CX4:2]!@[SX2:3][!#1:4]	-60.0043	7.13757	-	-	-	-	G
C62872012      none	B	[!#1:1][CX4H2:2]!@[CX3:3]=[O:4]	120.003	0.613497	-	-	-	-	G
C17022557      none	B	[$(C=O):1][NX3:2]!@[a:3][aH0:4]	149.999	1.842	-	-	-	-	O
C17022557      none	B	[O:1]=[CX3:2]!@[NX3H1:3][!#1:4]	-0.000329575	63.7893	-	-	-	-	G
C17022557      none	B	[C:1][CX4:2]!@[CX3:3]=[O:4]	-116.237	3.42432	-	-	-	-	G
C17022557      none	B	[O:1]=[C:2]([O-])!@[CX4H1:3][H:4]	89.9977	0.86741	-	-	-	-	O
C40998620      none	B	[NH1:1][CX4:2]!@[CX3:3]=[O:4]	-29.9882	4.44172	-	-	-	-	G
C40998620      none	B	[!#1:1][CX4:2]!@[NX3:3][!#1:4]	60.0004	5.63312	-	-	-	-	G
C40998620      none	B	[cH0:1][c:2]([cH,nX2H0])!@[NX3H1:3][CX4:4]	-120.305	0	-	-	-	-	R
C40998620      none	B	[O-:1][N+:2](=O)!@[c:3]([cH0])[cH,nX2H0:4]	0.198613	12.6374	-	-	-	-	G
C09235413      none	B	[cH0:1][c:2]([cH0])!@[CX3:3]=[O:4]	-60.0079	2.48131	-	-	-	-	G
C09235413      none	B	[nX3H1:1][a:2]!@[CX3:3]=[O:4]	-179.839	10.8359	-	-	-	-	G
C09235413      none	B	[O:1]=[C:2]!@[O:3]~[C:4]	0.00727851	74.4927	-	-	-	-	G
C09235413      none	B	[*^2:1]~[C^2:2]([!H])!@[C^2:3]~[*^2:4]	-59.6855	0.757173	-	-	-	-	O
C09235413      none	B	[$([CX3]=O):1][NX3H0:2](C)!@[CX4H2:3][C:4]	90.0024	14.7513	-	-	-	-	G
C09235413      none	B	[a:1][c:2]!@[CX4H1:3][N,O:4]	56.8235	3.42939	-	-	-	-	G
C09235413      none	B	[!#1:1][CX4H2:2]!@[CX4H2:3][!#1:4]	-59.9989	3.77933	-	-	-	-	G
C09235413      none	B	[!#1:1][CX4H2:2]!@[CX4H2:3][!#1:4]	179.999	58.554	-	-	-	-	G
C09235413      none	B	[CX4:1][CX4H2:2]!@[NX3;"N_lp":3][CX4:4]	-156.364	6.65327	-	-	-	-	G
C40547711      none	B	[C:1][CX4:2]!@[CX3:3]=[O:4]	29.9281	3.28614	-	-	-	-	G
C40547711      none	B	[O:1]=[CX3:2]!@[NX3H0:3][!#1:4]	-150.002	1.37927	-	-	-	-	O
C40547711      none	B	[O:1]=[CX3:2]!@[NX3H0:3][!#1:4]	-149.679	1.37927	-	-	-	-	O
C40547711      none	B	[O:1]=[C:2]([O-])!@[CX4H1:3][H:4]	0.00641316	0.495663	-	-	-	-	O
C41755596      none	B	[O:1]=[CX3:2]!@[NX3H1:3][!#1:4]	-0.0019357	63.7893	-	-	-	-	G
C41755596      none	B	[$(C=O):1][NX3H1:2]!@[c:3]([cH1])[cH1:4]	-89.9991	0.0604108	-	-	-	-	R
C41755596      none	B	[a:1][c:2]!@[NX3H1:3][$([CX4r]([C;r])([C;r])):4]	150.003	1.13636	-	-	-	-	G
C41755596      none	B	[!#1:1][CX4:2]!@[NX3:3][!#1:4]	-36.1567	0.688006	-	-	-	-	O
C41755596      none	B	[NH1:1][CX4:2]!@[CX3:3]=[O:4]	89.9996	0.183795	-	-	-	-	R
C40558996      none	B	[$(C=O):1][NX3H1:2]!@[c:3](s)[n:4]	0.285384	0.574713	-	-	-	-	R
C40558996      none	B	[O,S:1]=[C:2]([$([NX3H1]),$([NX3H2])])!@[$([NX3]c[nH0]):3][H:4]	-0.0101715	46.0938	-	-	-	-	G
C40558996      none	B	[O:1]=[CX3:2]([$([NX3H1]C)])!@[NX3H1:3][!#1:4]	-0.00907876	41.1343	-	-	-	-	G
C40558996      none	B	[$(C=O):1][NX3H1:2]!@[CX4H1:3][H:4]	29.9974	9.46757	-	-	-	-	G
C40558996      none	B	[OX2:1][CX4:2]!@[CX4:3][N:4]	39.9917	1.66292	-	-	-	-	G
C40558996      none	B	[O:1]=[C:2]([O-])!@[CX4H1:3][H:4]	0.00275133	0.495663	-	-	-	-	O
C52788066      none	B	[C:1][CH2:2]!@[O:3][CX4:4]	-160.006	4.55295	-	-	-	-	G
C52788066      none	B	[!#1:1][CX4H2:2]!@[CX4H2:3][!#1:4]	179.997	58.554	-	-	-	-	G
C52788066      none	B	[!#1:1][CX4:2]!@[CX4:3][!#1:4]	59.9912	12.3771	-	-	-	-	G
C52788066      none	B	[O:1]=[C:2]([O-])!@[CX4H1:3][H:4]	89.9949	0.86741	-	-	-	-	O
C52788066      none	B	[$(C=O):1][NX3H1:2]!@[CX4H1:3][H:4]	59.9944	6.22422	-	-	-	-	G
C52788066      none	B	[O:1]=[CX3:2]([$([NX3H1]C)])!@[NX3H1:3][!#1:4]	0.0115696	41.1343	-	-	-	-	G
C52788066      none	B	[O:1]=[CX3:2]([$([NX3H1]C)])!@[NX3H1:3][!#1:4]	-0.0163872	41.1343	-	-	-	-	G
C52788066      none	B	[$([CX3]=O):1][NX3H1:2]!@[CX4H2:3][C:4] 	-149.993	1.7769	-	-	-	-	O
C52788066      none	B	[!#1:1][CX4H2:2]!@[CX4H2:3][!#1:4]	-59.9969	3.77933	-	-	-	-	G
C52788066      none	B	[!#1:1][CX4:2]!@[CX4:3][!#1:4]	-177.915	22.1548	-	-	-	-	G
C52725622      none	B	[cH0:1][c:2]!@[CX4H2:3][a:4]	89.9834	7.52773	-	-	-	-	G
C52725622      none	B	[a:1][a:2]!@[NX3:3][!#1:4]	-150.001	1.91104	-	-	-	-	O
C52725622      none	B	[!#1:1][CH2:2]!@[n:3][a:4]	-89.6895	13.2844	-	-	-	-	G
C48798902      none	B	[aH1:1][c:2]([aH1])!@[SX4:3][!#1:4]	-89.9969	12.5987	-	-	-	-	G
C48798902      none	B	[c:1][S:2](=O)(=O)!@[NX2H0-:3]-[*:4]	-60.0027	11.1111	-	-	-	-	G
C48798902      none	B	[$(S(=O)(=O)):1][N:2]!@[c:3][a:4]	89.9949	4.78516	-	-	-	-	G
C62810755      none	B	[$([CX3]=O):1][NX3H0:2](C)!@[CX4H2:3][C:4]	-120	2.31561	-	-	-	-	O
C62810755      none	B	[O:1]=[CX3:2](a)!@[NX3H0:3][!#1:4]	-29.9984	1.17502	-	-	-	-	O
C62810755      none	B	[!#1:1][CX4H2:2]!@[CX4H2:3][!#1:4]	180	58.554	-	-	-	-	G
C62810755      none	B	[$([c]([NH1,NH2])):1][c:2]!@[CX3:3]([!O])=[O:4]	120.303	0	-	-	-	-	R
C62915421      none	B	[!#1:1][CX4:2]!@[CX4:3][!#1:4]	-169.338	7.88261	-	-	-	-	G
C62915421      none	B	[C:1][CX4:2]!@[CX3:3]=[O:4]	90.0052	3.65147	-	-	-	-	G
C62915421      none	B	[O:1]=[CX3:2]!@[NX3H0:3][!#1:4]	179.999	18.2537	-	-	-	-	G
C62915421      none	B	[N:1][C:2](=O)!@[CX4H2:3][CX4H2:4]	149.997	4.76839	-	-	-	-	G
C62915421      none	B	[!#1:1][CX4H2:2]!@[CX4H2:3][!#1:4]	-60.0048	3.77933	-	-	-	-	G
C62915421      none	B	[!#1:1][CX4:2]!@[SX2:3][!#1:4]	-59.9993	7.13757	-	-	-	-	G
C62915421      none	B	[!#1:1][CX4:2]!@[SX2:3][!#1:4]	179.997	11.1654	-	-	-	-	G
C62915421      none	B	[!#1:1][CX4H2:2]!@[CX3:3]=[O:4]	119.996	0.613497	-	-	-	-	G
C67043446      none	B	[O:1]=[CX3:2]!@[NX3H1:3][!#1:4]	0.00649073	63.7893	-	-	-	-	G
C67043446      none	B	[$(C=O):1][NX3H1:2]!@[c:3]([cH1])[cH1:4]	-0.00677852	7.77286	-	-	-	-	G
C67043446      none	B	[$(S(=O)(=O)):1][NH0:2]!@[c:3]([cH1])[cH0:4]	-120.021	0	-	-	-	-	R
C67043446      none	B	[$([cH0]!@[*^2]):1][c:2]([cH1])!@[CX3:3]=[O:4]	-119.997	0.920398	-	-	-	-	O
C67043446      none	B	[*:1]~[CX3:2]!@[NX2:3]~[*:4]	-119.997	0.122371	-	-	-	-	G
C67043446      none	B	[*:1]~[N,n:2]!@[S:3]~[*:4]	176.027	8.16343	-	-	-	-	G
C41073792      none	B	[O:1]=[CX3:2]!@[NX3H0:3][!#1:4]	30.0057	0.680979	-	-	-	-	O
C41073792      none	B	[C:1][CX4:2]!@[CX3:3]=[O:4]	120.033	3.75937	-	-	-	-	G
C41073792      none	B	[O:1]=[C:2]!@[NX3H1:3](C=O)[H:4]	179.998	35.6725	-	-	-	-	G
C41073792      none	B	[O:1]=[C:2]!@[NX3H1:3](C=O)[H:4]	179.999	35.6725	-	-	-	-	G
C41073792      none	B	[OX2:1][CX4H2:2]!@[CX3:3]([$([NX3H1,NX3H2])])=[O:4]	150.011	1.07143	-	-	-	-	O
C41073792      none	B	[C:1][CH2:2]!@[O:3][CX4:4]	-80.0016	1.18773	-	-	-	-	G
C41073792      none	B	[C:1][CH2:2]!@[O:3][CX4:4]	80.0049	1.71561	-	-	-	-	G
C41073792      none	B	[O:1][CX4:2]!@[CX3:3]=[O:4]	-90.0046	0.491063	-	-	-	-	O
C36499866      none	B	[a:1][c:2]!@[CX4H2:3][!#1:4]	-89.9963	7.30446	-	-	-	-	G
C36499866      none	B	[$(C=O):1][NX3H0:2]!@[CX4H2:3][!#1:4]	120.004	3.3859	-	-	-	-	G
C36499866      none	B	[$(C=O):1][NX3H0:2]!@[CX4H1:3][H:4]	179.996	19.1176	-	-	-	-	G
C36499866      none	B	[O:1]=[CX3:2](a)!@[NX3H0:3][!#1:4]	179.997	9.67842	-	-	-	-	G
C36499866      none	B	[a:1][c:2]!@[CX4H1:3][N,O:4]	-119.996	3.08052	-	-	-	-	G
C36499866      none	B	[N:1][CX4:2]!@[CX3:3]=[O:4]	-150	3.58916	-	-	-	-	G
C36499866      none	B	[O:1]=[CX3:2]!@[NX3H1:3][!#1:4]	-0.0124045	63.7893	-	-	-	-	G
C36499866      none	B	[$(C=O):1][NX3H1:2]!@[CX4H1:3][H:4]	30.0131	9.46757	-	-	-	-	G
C36499866      none	B	[cH0:1][c:2]([cH1])!@[CX3:3]([NX3H0])=[O:4]	90.0036	5.09091	-	-	-	-	G
C36499866      none	B	[O-:1][N+:2](=O)!@[c:3]([cH,nX2H0])[cH,nX2H0:4]	179.989	23.2156	-	-	-	-	G
C19938433      none	B	[C:1][CX4H2:2]!@[OX2:3][c:4]	150.002	0.884397	-	-	-	-	O
C19938433      none	B	[cH1:1][c:2](cO)!@[O:3][C:4]	59.9997	0.148017	-	-	-	-	R
C19938433      none	B	[a:1][c:2]!@[CX4H1:3][N,O:4]	151.601	3.7643	-	-	-	-	G
C19938433      none	B	[*^2:1]~[C^2:2]([!H])!@[C^2:3]~[*^2:4]	-119.969	0.661024	-	-	-	-	G
C19938433      none	B	[$([CX3]=O):1][NX3H0:2](C)!@[CX4H2:3][C:4]	89.9698	14.7513	-	-	-	-	G
C19938433      none	B	[!#1:1][CX4H2:2]!@[CX4H2:3][!#1:4]	59.9988	3.99483	-	-	-	-	G
C19938433      none	B	[CX4:1][CX4H2:2]!@[NX3;"N_lp":3][CX4:4]	76.3573	8.72362	-	-	-	-	G
C19938433      none	B	[a:1][a:2]!@[CX3:3]=[O:4]	-179.698	14.6728	-	-	-	-	G
C22158835      none	B	[O:1]=[C:2]([O-])!@[CX4H1:3][H:4]	0.00728211	0.495663	-	-	-	-	O
C22158835      none	B	[$(C=O):1][NX3H1:2]!@[CX4H1:3][H:4]	29.991	9.46757	-	-	-	-	G
C22158835      none	B	[O:1]=[CX3:2]!@[NX3H1:3][!#1:4]	0.00453871	63.7893	-	-	-	-	G
C22158835      none	B	[a:1][c:2]!@[C:3]([NH1,NH2])=[O:4]	0.328873	9.67683	-	-	-	-	G
C22158835      none	B	[O-:1][N+:2](=O)!@[c:3]([cH,nX2H0])[cH,nX2H0:4]	179.953	23.2156	-	-	-	-	G
C39693267      none	B	[cH0:1][c:2]!@[CX4H2:3][CX4:4]	-89.9953	18.481	-	-	-	-	G
C39693267      none	B	[!#1:1][CX4:2]!@[CX4:3][!#1:4]	180	22.1548	-	-	-	-	G
C39693267      none	B	[O:1]=[C:2]([O-])!@[CX4H1:3][H:4]	90.0002	0.86741	-	-	-	-	O
C39693267      none	B	[$(C=O):1][NX3H1:2]!@[CX4H1:3][H:4]	29.9911	9.46757	-	-	-	-	G
C39693267      none	B	[O:1]=[CX3:2]!@[NX3H1:3][!#1:4]	0.0136321	63.7893	-	-	-	-	G
C39693267      none	B	[!#1:1][CX4H2:2]!@[CX3:3]=[O:4]	119.986	0.613497	-	-	-	-	G
C39693267      none	B	[!#1:1][CX4:2]!@[SX2:3][!#1:4]	-40.0044	0.858878	-	-	-	-	O
C39693267      none	B	[!#1:1][CX4:2]!@[SX2:3][!#1:4]	-63.1612	7.13757	-	-	-	-	G
C39693267      none	B	[!#1:1][CX4H2:2]!@[NX3:3][!#1:4]	-30.001	0.05615	-	-	-	-	G
C39693267      none	B	[a:1][c:2]!@[CX4H2:3][!#1:4]	-89.6854	7.30446	-	-	-	-	G
C35121723      none	B	[aH0:1][c:2]([aH0])!@[SX2:3][!#1:4]	0.000195846	13.1253	-	-	-	-	G
C35121723      none	B	[a:1][c:2]!@[C:3]([NH1,NH2])=[O:4]	-89.9997	0.299564	-	-	-	-	O
C35121723      none	B	[!#1:1][CX4:2]!@[SX2:3][!#1:4]	60.0026	7.53739	-	-	-	-	G
C35121723      none	B	[!#1:1][CX4H2:2]!@[CX4H2:3][!#1:4]	180	58.554	-	-	-	-	G
C35121723      none	B	[C:1][CX4H2:2]!@[CX3:3]=[O:4]	-120	0.79457	-	-	-	-	O
C40546983      none	B	[$(C=O):1][NX3:2]!@[a:3][aH0:4]	0.00020172	4.11379	-	-	-	-	G
C40546983      none	B	[O:1]=[C:2]([!$([NH1])])!@[NX3H1:3]([H:4])[$(c([nX2H0])([nX2H0]))]	179.998	26.6667	-	-	-	-	G
C40546983      none	B	[O:1]=[CX3:2]!@[NX3H0:3][!#1:4]	0.3076	25.0866	-	-	-	-	G
C40546983      none	B	[O:1]=[C:2]([O-])!@[CX4H1:3][H:4]	-0.0119517	0.495663	-	-	-	-	O
C40697146      none	B	[a:1][c:2]!@[C:3]([NH1,NH2])=[O:4]	60.0044	0.626362	-	-	-	-	G
C40697146      none	B	[O:1]=[CX3:2]!@[NX3H1:3][!#1:4]	-0.0183583	63.7893	-	-	-	-	G
C40697146      none	B	[$(C=O):1][NX3H1:2]!@[CX4H1:3][H:4]	-29.9853	6.97413	-	-	-	-	G
C40697146      none	B	[!#1:1][CX4:2]!@[CX4:3][!#1:4]	180	22.1548	-	-	-	-	G
C40697146      none	B	[O:1]=[C:2]([O-])!@[CX4H1:3][H:4]	9.2409e-05	0.495663	-	-	-	-	O
C40697146      none	B	[!#1:1][CX4H2:2]!@[CX4H2:3][!#1:4]	180	58.554	-	-	-	-	G
C61514909      none	B	[cH0:1][c:2]!@[CX4H2:3][CX3:4]	90.0024	10.5615	-	-	-	-	G
C61514909      none	B	[a:1][ar6:2]!@[ar5:3][a:4]	-29.7246	2.74934	-	-	-	-	G
C61514909      none	B	[nX2:1][c:2]([nX2])!@[O:3][C:4]	-0.00630554	40.7895	-	-	-	-	G
C61514909      none	B	[c:1][CX4H2:2]!@[CX3:3]=[O:4]	-90.0019	2.5641	-	-	-	-	G
C16951488      none	B	[O:1][CX4:2]!@[O:3][CX4:4]	-59.999	15.7323	-	-	-	-	G
C16951488      none	B	[OX2:1][CX4:2]!@[CX4:3][OX2:4]	-80.002	2.4811	-	-	-	-	G
C16951488      none	B	[OX2:1][CX4:2]!@[CX4:3][OX2:4]	59.9485	14.3222	-	-	-	-	G
C05671314      none	B	[*:1]~[OX2:2]!@[SX4:3]~[*:4]	-79.9938	4.57103	-	-	-	-	G
C05671314      none	B	[H:1][CX4H1:2]!@[OX2:3][!#1:4]	39.9919	11.1687	-	-	-	-	G
C36983558      none	B	[aH1:1][c:2]([aH1])!@[SX4:3][!#1:4]	90.0019	12.916	-	-	-	-	G
C36983558      none	B	[cH1:1][c:2]([cH1])!@[C:3]([NH1,NH2])=[O:4]	-0.00137167	4.32395	-	-	-	-	G
C36983558      none	B	[c:1][$(S(=O)=O):2]!@[NX3H1:3][C:4]	146.995	0	-	-	-	-	R
C36983558      none	B	[!#1:1][CX4:2]!@[NX3:3][!#1:4]	173.708	4.02254	-	-	-	-	G
C36983558      none	B	[NH1:1][CX4:2]!@[CX3:3]=[O:4]	90.0001	0.183795	-	-	-	-	R
C62339983      none	B	[CX4:1][CX4H2:2]!@[NX3:3][CX4:4]	120.002	0.688976	-	-	-	-	R
C62339983      none	B	[CX4:1][CX4H2:2]!@[NX3:3][CX4:4]	-60.002	3.9001	-	-	-	-	G
C62339983      none	B	[cH1:1][c:2]([cH1])!@[NX3:3][CX4:4]	-60.0007	1.1056	-	-	-	-	O
C62339983      none	B	[cH0:1][c:2]!@[CX4H2:3][N,O,S:4]	90.0044	7.74238	-	-	-	-	G
C62339983      none	B	[O:1]=[C:2]([O-])!@[c:3][nX3H1:4]	-179.97	34.7826	-	-	-	-	G
C62339983      none	B	[$(C=O):1][NX3H1:2]!@[CX4H2:3][!#1:4]	180	5.78057	-	-	-	-	G
C62339983      none	B	[O:1]=[CX3:2]!@[NX3H1:3][!#1:4]	0.00071114	63.7893	-	-	-	-	G
C01636597      none	B	[*:1]~[CX3:2]!@[NX2:3]~[*:4]	-60.001	0.126195	-	-	-	-	G
C01636597      none	B	[*:1]~[CX4:2]!@[CX3:3]~[*:4]	119.999	5.08437	-	-	-	-	G
C01636597      none	B	[C:1][CX4:2]!@[CX3:3]=[O:4]	30.0066	3.28614	-	-	-	-	G
C01636597      none	B	[C:1][CX4:2]!@[CX3:3]=[O:4]	119.999	3.75937	-	-	-	-	G
C62174375      none	B	[*:1]~[CX4:2]!@[NX4:3]~[*:4]	59.9964	15.3058	-	-	-	-	G
C62174375      none	B	[*:1]~[CX4:2]!@[NX4:3]~[*:4]	59.9977	15.3058	-	-	-	-	G
C62174375      none	B	[*:1]~[CX4:2]!@[NX4:3]~[*:4]	79.9964	2.21713	-	-	-	-	G
C62174375      none	B	[NH1:1][CX4:2]!@[CX3:3]=[O:4]	-90.003	0.352274	-	-	-	-	R
C62174375      none	B	[NH1:1][CX4:2]!@[CX3:3]=[O:4]	-120	0.275693	-	-	-	-	G
C05112634      none	B	[*:1]~[CX3:2]!@[NX2:3]~[*:4]	89.9901	0.126195	-	-	-	-	G
C05112634      none	B	[*:1]~[CX3:2]!@[NX3:3]~[*:4]	90.0028	0.0573688	-	-	-	-	R
C05112634      none	B	[*:1]~[NX3:2]!@[NX3:3]~[*:4]	-0.00545144	6.26726	-	-	-	-	G
C50226952      none	B	[a:1][c:2]!@[CX4H2:3][!#1:4]	-134.998	2.0362	-	-	-	-	O
C50226952      none	B	[$(C=O):1][NX3H1:2]!@[CX4H2:3][!#1:4]	-150.004	1.65159	-	-	-	-	G
C50226952      none	B	[O:1]=[CX3:2]([$([NX3H1]C)])!@[NX3H1:3][!#1:4]	0.000541627	41.1343	-	-	-	-	G
C50226952      none	B	[O:1]=[CX3:2]([$([NX3H1]C)])!@[NX3H1:3][!#1:4]	0.00896601	41.1343	-	-	-	-	G
C50226952      none	B	[$(C=O):1][NX3H1:2]!@[CX4H0:3][C:4]	179.997	11.3993	-	-	-	-	G
C50226952      none	B	[!#1:1][CX4:2]!@[CX4:3][!#1:4]	59.9967	12.3771	-	-	-	-	G
C50226952      none	B	[!#1:1][CX4H2:2]!@[CX4H2:3][!#1:4]	180	58.554	-	-	-	-	G
C50226952      none	B	[C:1][CX4H2:2]!@[CX3:3]=[O:4]	-89.9972	1.15875	-	-	-	-	O
C01269280      none	B	[a:1][c:2]!@[CX4H2:3][!#1:4]	179.99	2.35335	-	-	-	-	O
C01269280      none	B	[$(S(=O)(=O)):1][NX3H1:2]!@[CX4H2:3][!#1:4]	-150.005	7.72532	-	-	-	-	G
C01269280      none	B	[c:1][$(S(=O)=O):2]!@[NX3H1:3][C:4]	90.0134	2.64026	-	-	-	-	G
C01269280      none	B	[aH0:1][c:2]([aH0])!@[SX4:3][!#1:4]	-150	0.27933	-	-	-	-	R
C56214190      none	B	[C:1][CX4:2]!@[CX3:3]=[O:4]	0.00301453	5.61823	-	-	-	-	G
C56214190      none	B	[*:1]~[CX3:2]!@[NX2:3]~[*:4]	-60.0022	0.126195	-	-	-	-	G
C49540197      none	B	[a:1][c:2]!@[CX4H2:3][!#1:4]	-0.000547939	2.24426	-	-	-	-	O
C49540197      none	B	[$(C=O):1][NX3H1:2]!@[CX4H2:3][!#1:4]	-89.9977	7.86473	-	-	-	-	G
C49540197      none	B	[O:1]=[CX3:2]([$([NX3H1]C)])!@[NX3H1:3][!#1:4]	0.00381846	41.1343	-	-	-	-	G
C49540197      none	B	[O:1]=[CX3:2]([$([NX3H1]C)])!@[NX3H1:3][!#1:4]	-0.00052239	41.1343	-	-	-	-	G
C49540197      none	B	[$(C=O):1][NX3H1:2]!@[CX4H0:3][C:4]	59.9919	13.3187	-	-	-	-	G
C49540197      none	B	[NH1:1][CX4:2]!@[CX3:3]=[O:4]	89.9952	0.183795	-	-	-	-	R
C37582199      none	B	[cH0:1][c:2]([cH1])!@[CX3:3]([NX3H0])=[O:4]	119.994	3.63636	-	-	-	-	G
C37582199      none	B	[O:1]=[CX3:2](a)!@[NX3H0:3][!#1:4]	150.004	2.50464	-	-	-	-	G
C37582199      none	B	[$([CX3]=O):1][NX3H0:2](C)!@[CX4H2:3][C:4]	-89.9951	15.9949	-	-	-	-	G
C37582199      none	B	[$(C=O):1][NX3H0:2]!@[CX4H1:3][H:4]	-0.00757996	15.8824	-	-	-	-	G
C37582199      none	B	[N:1][CX4:2]!@[CX3:3]=[O:4]	-120.012	0.897291	-	-	-	-	G
C40909950      none	B	[NH1:1][CX4:2]!@[CX3:3]=[O:4]	-29.9952	4.44172	-	-	-	-	G
C40909950      none	B	[$(C=O):1][NX3H1:2]!@[CX4H0:3][C:4]	59.999	13.3187	-	-	-	-	G
C40909950      none	B	[O:1]=[CX3:2]!@[NX3H1:3][!#1:4]	-0.000281691	63.7893	-	-	-	-	G
C40909950      none	B	[C:1][CX4:2]!@[CX3:3]=[O:4]	-3.78337	5.61823	-	-	-	-	G
C49539937      none	B	[a:1][c:2]!@[CX4H2:3][!#1:4]	-0.00543621	2.24426	-	-	-	-	O
C49539937      none	B	[$(C=O):1][NX3H1:2]!@[CX4H2:3][!#1:4]	-89.997	7.86473	-	-	-	-	G
C49539937      none	B	[O:1]=[CX3:2]([$([NX3H1]C)])!@[NX3H1:3][!#1:4]	-0.0152119	41.1343	-	-	-	-	G
C49539937      none	B	[O:1]=[CX3:2]([$([NX3H1]C)])!@[NX3H1:3][!#1:4]	0.000413625	41.1343	-	-	-	-	G
C49539937      none	B	[$(C=O):1][NX3H1:2]!@[CX4H1:3][H:4]	0.0143191	8.26772	-	-	-	-	G
C49539937      none	B	[!#1:1][CX4:2]!@[CX4:3][!#1:4]	180	22.1548	-	-	-	-	G
C49539937      none	B	[O:1]=[C:2]([O-])!@[CX4H1:3][H:4]	-0.00920427	0.495663	-	-	-	-	O
C49539937      none	B	[!#1:1][CX4H2:2]!@[CX4H2:3][!#1:4]	180	58.554	-	-	-	-	G
C50397622      none	B	[$(S(=O)(=O)):1][NX3H1:2]!@[CX4H1:3][H:4]	29.9954	11.9705	-	-	-	-	G
C50397622      none	B	[C:1][$(S(=O)=O):2]!@[NX3H1:3][C:4]	-59.9985	10.2041	-	-	-	-	G
C50397622      none	B	[!#1:1][CX4:2]!@[SX4:3][!#1:4]	180	13.1368	-	-	-	-	G
C50397622      none	B	[!#1:1][CX4H2:2]!@[CX4H2:3][!#1:4]	-59.9974	3.77933	-	-	-	-	G
C50397622      none	B	[!#1:1][CX4H2:2]!@[CX4H2:3][!#1:4]	180	58.554	-	-	-	-	G
C55169397      none	B	[!#1:1][CX4:2]!@[CX4:3][!#1:4]	-40.0029	0.976141	-	-	-	-	G
C55169397      none	B	[O:1]=[CX3:2](a)!@[NX3H0:3][!#1:4]	149.996	2.50464	-	-	-	-	G
C55169397      none	B	[a:1][c:2]!@[C:3]([NH0])=[O:4]	-89.6975	2.91667	-	-	-	-	G
C55169397      none	B	[C:1][CX4H2:2]!@[CX3:3]=[O:4]	119.991	0.695249	-	-	-	-	O
C63156906      none	B	[aH0:1][c:2]([aH1])!@[SX4:3][!#1:4]	0.00456197	0.1321	-	-	-	-	R
C63156906      none	B	[$(S(=O)(=O)):1][N:2]!@[c:3][a:4]	90.0028	4.78516	-	-	-	-	G
C63156906      none	B	[*:1]~[N,n:2]!@[S:3]~[*:4]	176.026	8.16343	-	-	-	-	G
C63156906      none	B	[!#1:1][CX4:2]!@[SX4:3][!#1:4]	-80.0012	3.11579	-	-	-	-	G
C63156906      none	B	[!#1:1][CX4:2]!@[CX4:3][!#1:4]	162.067	1.81259	-	-	-	-	G
C37407449      none	B	[cH1,n:1][c:2]!@[O:3][CH1:4]	-89.7448	0.38835	-	-	-	-	R
C37407449      none	B	[H:1][CX4H1:2]!@[OX2:3][!#1:4]	-29.9949	9.1924	-	-	-	-	G
C37407449      none	B	[O:1][CX4:2]!@[CX3:3]=[O:4]	150.004	2.2196	-	-	-	-	G
C37407449      none	B	[O:1]=[CX3:2]!@[NX3H1:3][!#1:4]	-0.0025456	63.7893	-	-	-	-	G
C37407449      none	B	[$(C=O):1][NX3H1:2]!@[CX4H1:3][H:4]	60.0039	6.22422	-	-	-	-	G
C37407449      none	B	[OX2:1][CX4:2]!@[CX4:3][N:4]	40.0033	1.66292	-	-	-	-	G
C37407449      none	B	[O:1]=[C:2]([O-])!@[CX4H1:3][H:4]	0.00127078	0.495663	-	-	-	-	O
C40559400      none	B	[$(C=O):1][NX3H1:2]!@[c:3]([cH1])[cH1:4]	29.9835	5.05437	-	-	-	-	G
C40559400      none	B	[O:1]=[CX3:2]!@[NX3H1:3][!#1:4]	60.0014	0	-	-	-	-	R
C40559400      none	B	[O:1]=[CX3:2]!@[NX3H0:3][!#1:4]	-29.6924	0.692521	-	-	-	-	O
C40559400      none	B	[O:1]=[C:2]([O-])!@[CX4H1:3][H:4]	0.00267836	0.495663	-	-	-	-	O
C06753359      none	B	[OX2:1][CX4:2]!@[CX4:3][OX2:4]	80.0246	2.87509	-	-	-	-	O
C06753359      none	B	[C:1][CX4H2:2]!@[OX2:3][!#1:4]	80.0027	3.4026	-	-	-	-	G
C06753359      none	B	[*:1]~[OX2:2]!@[SX4:3]~[*:4]	39.9948	4.66479	-	-	-	-	G
C50986479      none	B	[$(C=O):1][NX3H1:2]!@[CX4H1:3][H:4]	29.9913	9.46757	-	-	-	-	G
C50986479      none	B	[O:1]=[CX3:2]!@[NX3H1:3][!#1:4]	0.00606967	63.7893	-	-	-	-	G
C50986479      none	B	[*^2:1]~[C^2:2]([!H])!@[C^2:3]~[*^2:4]	-119.996	0.661024	-	-	-	-	G
C50986479      none	B	[CX3:1]=[CX3:2]!@[CH2:3][C:4]	150.004	0.780985	-	-	-	-	G
C50986479      none	B	[!#1:1][CX4:2]!@[CX4:3][!#1:4]	159.999	1.81259	-	-	-	-	G
C50986479      none	B	[a:1][c:2]!@[CX4H1:3][N,O:4]	120.003	3.12238	-	-	-	-	G
C50986479      none	B	[$(C=O):1][NX3H1:2]!@[CX4H1:3][H:4]	31.9965	9.46757	-	-	-	-	G
C50986479      none	B	[O:1]=[CX3:2]!@[NX3H1:3][!#1:4]	0.00789962	63.7893	-	-	-	-	G
C37455888      none	B	[a:1][c:2]!@[C:3]([NH1,NH2])=[O:4]	60.0016	0.626362	-	-	-	-	G
C37455888      none	B	[O:1]=[CX3:2]!@[NX3H1:3][!#1:4]	0.00632037	63.7893	-	-	-	-	G
C37455888      none	B	[$([C](=O)):1][NX3:2]!@[a:3](s)[a:4]	-179.687	61.7021	-	-	-	-	G
C37455888      none	B	[O:1]=[C:2]([O-])!@[c:3]([cH0])[cH0:4]	179.979	20	-	-	-	-	G
C36975801      none	B	[C:1][CX4:2]!@[CX3:3]=[O:4]	-119.985	3.42432	-	-	-	-	G
C36975801      none	B	[O:1]=[CX3:2]!@[NX3H1:3][!#1:4]	0.00369576	63.7893	-	-	-	-	G
C36975801      none	B	[$([CX3]=O):1][NX3H1:2]!@[CX4H2:3][C:4] 	-150.006	1.7769	-	-	-	-	O
C36975801      none	B	[!#1:1][CX4H2:2]!@[CX4H2:3][!#1:4]	179.99	58.554	-	-	-	-	G
C36975801      none	B	[N:1][C:2](=O)!@[CX4H2:3][CX4H2:4]	179.998	15.2589	-	-	-	-	G
C36975801      none	B	[O:1]=[CX3:2]!@[NX3H0:3][!#1:4]	-29.6961	0.692521	-	-	-	-	O
C36975801      none	B	[O:1]=[C:2]([O-])!@[CX4H1:3][H:4]	89.9971	0.86741	-	-	-	-	O
C43511229      none	B	[aH1:1][c:2]([aH1])!@[SX4:3][!#1:4]	89.999	12.916	-	-	-	-	G
C43511229      none	B	[c:1][$(S(=O)=O):2]!@[NX3H1:3][C:4]	-83.0007	10.341	-	-	-	-	G
C43511229      none	B	[!#1:1][CX4:2]!@[NX3:3][!#1:4]	173.854	4.02254	-	-	-	-	G
C43511229      none	B	[NH1:1][CX4:2]!@[CX3:3]=[O:4]	89.9976	0.183795	-	-	-	-	R
C19885016      none	B	[O-:1][N+:2](=O)!@[c:3]([cH,nX2H0])[cH,nX2H0:4]	179.976	23.2156	-	-	-	-	G
C19885016      none	B	[a:1][c:2]!@[CX4H1:3][N,O:4]	-121.582	3.08052	-	-	-	-	G
C19885016      none	B	[*^2:1]~[C^2:2]([!H])!@[C^2:3]~[*^2:4]	-150.028	1.11601	-	-	-	-	G
C19885016      none	B	[$([CX3]=O):1][NX3H0:2](C)!@[CX4H2:3][C:4]	-120.021	2.31561	-	-	-	-	O
C19885016      none	B	[!#1:1][CX4H2:2]!@[CX4H2:3][!#1:4]	180	58.554	-	-	-	-	G
C19885016      none	B	[!#1:1][CX4H2:2]!@[CX4H2:3][!#1:4]	60.0014	3.99483	-	-	-	-	G
C19885016      none	B	[CX4:1][CX4H2:2]!@[NX3;"N_lp":3][CX4:4]	-156.367	6.65327	-	-	-	-	G
C19885016      none	B	[cH1:1][c:2]([cH1])!@[CX3:3]([CX3H0])=[O:4]	60.2711	0.204918	-	-	-	-	R
C36980709      none	B	[NH1:1][CX4:2]!@[CX3:3]=[O:4]	119.986	0.41354	-	-	-	-	G
C36980709      none	B	[$(C=O):1][NX3H1:2]!@[CX4H1:3][H:4]	-30.0048	6.97413	-	-	-	-	G
C36980709      none	B	[O:1]=[CX3:2]!@[NX3H1:3][!#1:4]	0.00970251	63.7893	-	-	-	-	G
C36980709      none	B	[$(C=O):1][NX3H1:2]!@[CX4H0:3][C:4]	-60.0003	14.7253	-	-	-	-	G
C36980709      none	B	[!#1:1][CX4:2]!@[CX4:3][!#1:4]	-38.6217	0.976141	-	-	-	-	G
C36980709      none	B	[NH1:1][CX4:2]!@[CX3:3]=[O:4]	-5.37686e-05	6.89233	-	-	-	-	G
C36980709      none	B	[O:1]=[CX3:2]!@[NX3H1:3][!#1:4]	0.00345099	63.7893	-	-	-	-	G
C36980709      none	B	[s:1][c:2]!@[C:3]([NH1])=[O:4]	-59.9956	0	-	-	-	-	R
C41718234      none	B	[cH1:1][c:2]([cH1])!@[CX3:3]=[O:4]	-29.7246	3.22841	-	-	-	-	G
C41718234      none	B	[$(C=O):1][NX3H1:2]!@[c:3]([cH1])[cH1:4]	59.9846	0.402739	-	-	-	-	R
C41718234      none	B	[O:1]=[CX3:2]([$([NX3H1]C)])!@[NX3H1:3][!#1:4]	180	9.5176	-	-	-	-	R
C41718234      none	B	[O:1]=[CX3:2]([$([NX3H1]C)])!@[NX3H1:3][!#1:4]	-0.0044797	41.1343	-	-	-	-	G
C41718234      none	B	[$(C=O):1][NX3H1:2]!@[CX4H1:3][H:4]	-0.00410262	8.26772	-	-	-	-	G
C41718234      none	B	[!#1:1][CX4:2]!@[CX4:3][!#1:4]	179.994	22.1548	-	-	-	-	G
C41718234      none	B	[O:1]=[C:2]([O-])!@[CX4H1:3][H:4]	0.00196625	0.495663	-	-	-	-	O
C41718234      none	B	[!#1:1][CX4H2:2]!@[CX4H2:3][!#1:4]	179.998	58.554	-	-	-	-	G
C52012325      none	B	[$(C=O):1][NX3H1:2]!@[CX4H1:3][H:4]	-60.0033	1.23735	-	-	-	-	G
C52012325      none	B	[O:1]=[CX3:2]!@[NX3H1:3][!#1:4]	0.00882394	63.7893	-	-	-	-	G
C52012325      none	B	[O:1]=[CX3:2]!@[NX3H0:3][!#1:4]	150.276	1.73707	-	-	-	-	O
C52012325      none	B	[O:1]=[C:2]([O-])!@[CX4H1:3][H:4]	90.0045	0.86741	-	-	-	-	O
C49561131      none	B	[!#1:1][CX4H2:2]!@[CX4H2:3][!#1:4]	179.998	58.554	-	-	-	-	G
C49561131      none	B	[!#1:1][CX4:2]!@[CX4:3][!#1:4]	-60	12.2558	-	-	-	-	G
C49561131      none	B	[NH1:1][CX4:2]!@[CX3:3]=[O:4]	-29.998	4.44172	-	-	-	-	G
C49561131      none	B	[$(C=O):1][NX3H1:2]!@[CX4H0:3][C:4]	180	11.3993	-	-	-	-	G
C49561131      none	B	[O:1]=[CX3:2]([$([NX3H1]C)])!@[NX3H1:3][!#1:4]	0.00666058	41.1343	-	-	-	-	G
C49561131      none	B	[O,S:1]=[C:2]([$([NX3H1]),$([NX3H2])])!@[$([NX3]c[nH0]):3][H:4]	0.00189891	46.0938	-	-	-	-	G
C49561131      none	B	[$(C=O):1][NX3H1:2]!@[c:3](s)[n:4]	0.316783	0.574713	-	-	-	-	R
C42357406      none	B	[cH0:1][c:2]!@[CX4H2:3][N,O,S:4]	179.999	6.20075	-	-	-	-	G
C42357406      none	B	[$(C=O):1][NX3H1:2]!@[CX4H2:3][!#1:4]	89.9962	7.66811	-	-	-	-	G
C42357406      none	B	[O:1]=[CX3:2]!@[NX3H1:3][!#1:4]	-0.000484441	63.7893	-	-	-	-	G
C42357406      none	B	[O:1]=[CX3:2]!@[NX3H0:3][!#1:4]	0.28116	25.0866	-	-	-	-	G
C42357406      none	B	[O:1]=[C:2]([O-])!@[CX4H1:3][H:4]	0.000618697	0.495663	-	-	-	-	O
CHEMBL51395      none	B	[CX3:1]=[CX3:2]!@[CH2:3][C:4]	149.999	0.780985	-	-	-	-	G
CHEMBL51395      none	B	[*^2:1]~[C^2:2]([!H])!@[C^2:3]~[*^2:4]	89.9972	1.26539	-	-	-	-	G
CHEMBL51395      none	B	[!#1:1][CX4:2]!@[CX4:3][!#1:4]	179.997	22.1548	-	-	-	-	G
CHEMBL51395      none	B	[O:1]=[C:2]([O-])!@[CX4H1:3][H:4]	-0.00255507	0.495663	-	-	-	-	O
C37590774      none	B	[!#1:1][CX4:2]!@[CX4:3][!#1:4]	59.9972	12.3771	-	-	-	-	G
C37590774      none	B	[O:1]=[CX3:2]([NH1])!@[CH2:3][C:4]	-89.9991	1.868	-	-	-	-	O
C37590774      none	B	[O:1]=[CX3:2]!@[NX3H1:3][!#1:4]	0.00143814	63.7893	-	-	-	-	G
C37590774      none	B	[$(C=O):1][NX3H1:2]!@[CX4H0:3][C:4]	-157.506	1.18681	-	-	-	-	O
C37590774      none	B	[a:1][c:2]!@[CX4H0:3][CX4:4]	48.7431	2.8634	-	-	-	-	G
C37590774      none	B	[O:1]=[C:2]([O-])!@[c:3][nX2H0:4]	-179.725	20	-	-	-	-	G
C59371736      none	B	[*:1]~[CX3:2]!@[OX2:3]~[*:4]	0.00113879	35.5505	-	-	-	-	G
C59371736      none	B	[*:1]~[cX3:2]!@[NX2:3]~[*:4]	120.312	1.45599	-	-	-	-	O
C59371736      none	B	[O:1]=[C:2]([O-])!@[c:3][nX3H1:4]	179.969	34.7826	-	-	-	-	G
C03843087      none	B	[!#1:1][CX4:2]!@[CX3H0:3][!#1:4]	-120.002	1.6873	-	-	-	-	O
C16428217      none	B	[aH1:1][c:2]([aH1])!@[SX4:3][!#1:4]	-30.0014	0.190355	-	-	-	-	R
C16428217      none	B	[$(C=O):1][NX3H1:2]!@[c:3]([cH1])[cH1:4]	149.962	5.05437	-	-	-	-	G
C16428217      none	B	[O:1]=[CX3:2]!@[NX3H1:3][!#1:4]	-0.00530188	63.7893	-	-	-	-	G
C16428217      none	B	[O:1]=[CX3:2]([NH1])!@[CH2:3][C:4]	-29.9898	4.73225	-	-	-	-	G
C16428217      none	B	[!#1:1][CX4H2:2]!@[CX4H2:3][!#1:4]	179.998	58.554	-	-	-	-	G
C16428217      none	B	[C:1][CX4H2:2]!@[CX3:3]=[O:4]	-120.002	0.79457	-	-	-	-	O
C16428217      none	B	[*:1][$(S(=O)=O):2]!@[NX3H0r:3][*:4]	90.2945	4.85782	-	-	-	-	G
C16428217      none	B	[O:1]=[C:2]([O-])!@[CX4H1:3][H:4]	0.00249821	0.495663	-	-	-	-	O
C33520051      none	B	[!#1:1][CX4:2]!@[CX4:3][!#1:4]	179.992	22.1548	-	-	-	-	G
C33520051      none	B	[O:1]=[C:2]([O-])!@[CX4H1:3][H:4]	0.000418302	0.495663	-	-	-	-	O
C33520051      none	B	[$(C=O):1][NX3H1:2]!@[CX4H1:3][H:4]	0.00240128	8.26772	-	-	-	-	G
C33520051      none	B	[O:1]=[CX3:2]!@[NX3H1:3][!#1:4]	-0.0024045	63.7893	-	-	-	-	G
C33520051      none	B	[$([c]([NH1,NH2])):1][c:2]!@[CX3:3]([!O])=[O:4]	-0.00216103	27.6243	-	-	-	-	G
C33520051      none	B	[$([C](=O)):1][NX3:2]!@[a:3](s)[a:4]	179.996	61.7021	-	-	-	-	G
C33520051      none	B	[O:1]=[CX3:2]!@[NX3H1:3][!#1:4]	0.00824957	63.7893	-	-	-	-	G
C35389249      none	B	[!#1:1][CX4:2]!@[CX4:3][!#1:4]	180	22.1548	-	-	-	-	G
C35389249      none	B	[NH1:1][CX4:2]!@[CX3:3]=[O:4]	90.0024	0.183795	-	-	-	-	R
C35389249      none	B	[$(C=O):1][NX3H1:2]!@[CX4H1:3][H:4]	-30.0001	6.97413	-	-	-	-	G
C35389249      none	B	[O:1]=[CX3:2]!@[NX3H1:3][!#1:4]	0.00365008	63.7893	-	-	-	-	G
C35389249      none	B	[$(C=O):1][NX3H1:2]!@[CX4H1:3][H:4]	-0.00417489	8.26772	-	-	-	-	G
C35389249      none	B	[O:1]=[C:2]([O-])!@[CX4H1:3][H:4]	0.00820303	0.495663	-	-	-	-	O
C35389249      none	B	[!#1:1][CX4:2]!@[CX4:3][!#1:4]	59.9961	12.3771	-	-	-	-	G
C35389249      none	B	[O:1]=[CX3:2]!@[NX3H1:3][!#1:4]	0.00364051	63.7893	-	-	-	-	G
C49548968      none	B	[C:1][CH2:2]!@[O:3][CX4:4]	180	35.2689	-	-	-	-	G
C49548968      none	B	[!#1:1][CX4H2:2]!@[CX4H2:3][!#1:4]	180	58.554	-	-	-	-	G
C49548968      none	B	[!#1:1][CH2:2]!@[n:3][a:4]	90.3037	13.2097	-	-	-	-	G
C49548968      none	B	[$(C=O):1][NX3H1:2]!@[c:3]([cH1])[cH1:4]	59.9773	0.402739	-	-	-	-	R
C49548968      none	B	[O:1]=[CX3:2]([$([NX3H1]C)])!@[NX3H1:3][!#1:4]	180	9.5176	-	-	-	-	R
C49548968      none	B	[O:1]=[CX3:2]([$([NX3H1]C)])!@[NX3H1:3][!#1:4]	-0.00793988	41.1343	-	-	-	-	G
C49548968      none	B	[$(C=O):1][NX3H1:2]!@[CX4H1:3][H:4]	180	0.712411	-	-	-	-	R
C49548968      none	B	[OX2:1][CX4:2]!@[CX4:3][N:4]	59.9974	15.2809	-	-	-	-	G
C49548968      none	B	[O:1]=[C:2]([O-])!@[CX4H1:3][H:4]	90.0082	0.86741	-	-	-	-	O
C41034108      none	B	[NH1:1][CX4:2]!@[CX3:3]=[O:4]	-119.994	0.275693	-	-	-	-	G
C41034108      none	B	[$(C=O):1][NX3H1:2]!@[CX4H0:3][C:4]	-60.0053	14.7253	-	-	-	-	G
C41034108      none	B	[O:1]=[CX3:2]!@[NX3H1:3][!#1:4]	0.00772725	63.7893	-	-	-	-	G
C41034108      none	B	[a:1][c:2]!@[C:3]([NH1,NH2])=[O:4]	-59.6951	0.499274	-	-	-	-	G
C44551208      none	B	[a:1][a:2]!@[CX3:3]=[CX3H1:4]	60.0027	0.974618	-	-	-	-	O
C44551208      none	B	[a:1][c:2]!@[CX3:3]=[CX3H0:4]	-119.729	3.00312	-	-	-	-	G
C39937256      none	B	[$(C=O):1][NX3H0:2]!@[CX4H1:3][H:4]	180	19.1176	-	-	-	-	G
C39937256      none	B	[OX2:1][CX4:2]!@[CX4:3][OX2:4]	-56.7571	16.2177	-	-	-	-	G
C17305592      none	B	[!#1:1][CX4:2]!@[CX4:3][!#1:4]	180	22.1548	-	-	-	-	G
C00146283      none	B	[$(S(=O)(=O)):1][N:2]!@[c:3][a:4]	120.001	2.34375	-	-	-	-	G
C00146283      none	B	[c:1][S:2](=O)(=O)!@[NX2H0-:3]-[*:4]	-89.9983	2.77778	-	-	-	-	G
C00146283      none	B	[aH1:1][c:2]([aH1])!@[SX4:3][!#1:4]	90.2802	12.916	-	-	-	-	G
C09357914      none	B	[aH1:1][c:2]([aH1])!@[SX4:3][!#1:4]	89.9981	12.916	-	-	-	-	G
C09357914      none	B	[c:1][$(S(=O)=O):2]!@[NX3H1:3][C:4]	-146.997	0	-	-	-	-	R
C09357914      none	B	[!#1:1][CX4:2]!@[NX3:3][!#1:4]	113.366	2.82947	-	-	-	-	G
C09357914      none	B	[!#1:1][CH2:2]!@[n:3][cH0:4]	-89.9959	15.4696	-	-	-	-	G
C09357914      none	B	[a:1][c:2]!@[CX4H2:3][a:4]	90.3042	4.86842	-	-	-	-	G
C40604943      none	B	[O:1]=[C:2]([O-])!@[CX4H1:3][H:4]	-0.00151795	0.495663	-	-	-	-	O
C40604943      none	B	[$(C=O):1][NX3H1:2]!@[CX4H1:3][H:4]	-30.003	6.97413	-	-	-	-	G
C40604943      none	B	[O:1]=[CX3:2]([$([NX3H1]C)])!@[NX3H1:3][!#1:4]	-0.00138999	41.1343	-	-	-	-	G
C40604943      none	B	[O:1]=[CX3:2]([$([NX3H1]C)])!@[NX3H1:3][!#1:4]	0.00368431	41.1343	-	-	-	-	G
C40604943      none	B	[$([CX3]=O):1][NX3H1:2]!@[CX4H2:3][C:4] 	180	6.46594	-	-	-	-	G
C40604943      none	B	[OX2:1][CX4:2]!@[CX4:3][N:4]	-160.131	1.21348	-	-	-	-	O
C13210902      none	B	[cH0:1][c:2]([cH,nX2H0])!@[NX3H1:3][CX4:4]	159.98	3.7196	-	-	-	-	O
C13210902      none	B	[O-:1][N+:2](=O)!@[c:3]([cH0])[cH,nX2H0:4]	-0.0311373	12.6374	-	-	-	-	G
C13210902      none	B	[cH1:1][c:2]([cH1])!@[C:3]([NH1,NH2])=[O:4]	-153.021	8.78518	-	-	-	-	G
C13210902      none	B	[O:1]=[CX3:2]!@[NX3H1:3][!#1:4]	0.00234696	63.7893	-	-	-	-	G
C13210902      none	B	[$([CX3]=O):1][NX3H1:2]!@[CX4H2:3][C:4] 	179.997	6.46594	-	-	-	-	G
C13210902      none	B	[NH1:1][CX4:2]!@[CX3:3]=[O:4]	119.999	0.41354	-	-	-	-	G
C13210902      none	B	[!#1:1][CX4H2:2]!@[NX3H1:3][!#1:4]	-60.0026	1.39023	-	-	-	-	O
C13210902      none	B	[!#1:1][CX4H2:2]!@[CX4H2:3][!#1:4]	-60.0014	3.77933	-	-	-	-	G
C13210902      none	B	[!#1:1][CX4H2:2]!@[CX4H2:3][!#1:4]	179.997	58.554	-	-	-	-	G
C13210902      none	B	[CX4:1][CX4H2:2]!@[NX3;"N_lp":3][CX4:4]	-176.359	5.18593	-	-	-	-	G
C40695596      none	B	[OX2:1][CX4H2:2]!@[CX4H2:3][N:4]	60.0005	17.6955	-	-	-	-	G
C40695596      none	B	[$([CX3]=O):1][NX3H1:2]!@[CX4H2:3][C:4] 	179.999	6.46594	-	-	-	-	G
C40695596      none	B	[O:1]=[CX3:2]!@[NX3H1:3][!#1:4]	-0.00371902	63.7893	-	-	-	-	G
C40695596      none	B	[O:1]=[CX3:2]!@[CX3:3]=[O:4]	180	38.5813	-	-	-	-	G
C40695596      none	B	[O:1]=[CX3:2]!@[NX3H1:3][!#1:4]	-0.00245457	63.7893	-	-	-	-	G
C40695596      none	B	[$([CX3]=O):1][NX3H1:2]!@[CX4H2:3][C:4] 	120.002	2.76407	-	-	-	-	O
C40602500      none	B	[!#1:1][CX4:2]!@[CX4:3][!#1:4]	59.996	12.3771	-	-	-	-	G
C40602500      none	B	[!#1:1][CX4H2:2]!@[CX4H2:3][!#1:4]	179.998	58.554	-	-	-	-	G
C40602500      none	B	[$([CX3]=O):1][NX3H1:2]!@[CX4H2:3][C:4] 	179.999	6.46594	-	-	-	-	G
C40602500      none	B	[O:1]=[CX3:2]!@[NX3H1:3][!#1:4]	0.0054202	63.7893	-	-	-	-	G
C40602500      none	B	[O:1]=[CX3:2]!@[NX3H0:3][!#1:4]	0.318361	25.0866	-	-	-	-	G
C40602500      none	B	[O:1]=[C:2]([O-])!@[CX4H1:3][H:4]	89.9958	0.86741	-	-	-	-	O
C44217538      none	B	[a:1][c:2]!@[CX4H1:3][H:4]	29.9989	4.04281	-	-	-	-	G
C44217538      none	B	[C:1][CX4:2]!@[CX3:3][C:4]	60.0012	7.72028	-	-	-	-	G
C44217538      none	B	[!#1:1][CX3:2]!@[SX2:3][!#1:4]	-90.0467	1.24247	-	-	-	-	O
C44217538      none	B	[!#1:1][CX4:2]!@[SX2:3][!#1:4]	180	11.1654	-	-	-	-	G
C44217538      none	B	[!#1:1][CX4:2]!@[CX4:3][!#1:4]	160.005	1.81259	-	-	-	-	G
C44217538      none	B	[C:1][CX4H2:2]!@[CX3:3]=[O:4]	-119.998	0.79457	-	-	-	-	O
C52751383      none	B	[C:1][CX4:2]!@[CX3:3]=[O:4]	180	0.827213	-	-	-	-	G
C52751383      none	B	[*^2:1]~[C^2:2]([!H])!@[C^2:3]~[*^2:4]	89.9964	1.26539	-	-	-	-	G
C52751383      none	B	[CX3:1]=[CX3:2]!@[CH2:3][!#1:4]	-120.006	9.03499	-	-	-	-	G
C52751383      none	B	[!#1:1][CH2:2]!@[n:3][a:4]	-134.675	0.908865	-	-	-	-	O
C52751383      none	B	[O-:1][N+:2](=O)!@[c:3]([cH,nX2H0])[cH,nX2H0:4]	0.286359	22.9313	-	-	-	-	G
C11568799      none	B	[$(C=O):1][NX3H0:2]!@[CX4H2:3][!#1:4]	89.9725	13.8915	-	-	-	-	G
C11568799      none	B	[OX2:1][CX4H2:2]!@[CX4H2:3][Nr:4]	180	8.33333	-	-	-	-	G
C40529021      none	B	[NH1:1][CX4:2]!@[CX3:3]=[O:4]	-150.993	4.5183	-	-	-	-	G
C40529021      none	B	[$(C=O):1][NX3H1:2]!@[CX4H0:3][C:4]	180	11.3993	-	-	-	-	G
C40529021      none	B	[O:1]=[CX3:2]([$([NX3H1]C)])!@[NX3H1:3][!#1:4]	0.00398284	41.1343	-	-	-	-	G
C40529021      none	B	[O:1]=[CX3:2]([$([NX3H1]C)])!@[NX3H1:3][!#1:4]	179.998	9.5176	-	-	-	-	R
C40529021      none	B	[$(C=O):1][NX3H1:2]!@[CX4H1:3][H:4]	59.9931	6.22422	-	-	-	-	G
C42870219      none	B	[!#1:1][CX4:2]!@[CX4:3][!#1:4]	-160.002	1.85018	-	-	-	-	G
C42870219      none	B	[$([CX3]=O):1][NX3H1:2]!@[CX4H2:3][C:4] 	179.994	6.46594	-	-	-	-	G
C42870219      none	B	[O:1]=[CX3:2]([$([NX3H1]C)])!@[NX3H1:3][!#1:4]	180	9.5176	-	-	-	-	R
C42870219      none	B	[O:1]=[CX3:2]([$([NX3H1]C)])!@[NX3H1:3][!#1:4]	-0.00088544	41.1343	-	-	-	-	G
C42870219      none	B	[$([CX3]=O):1][NX3H1:2]!@[CX4H2:3][C:4] 	-90.0022	7.35439	-	-	-	-	G
C42870219      none	B	[!#1:1][CX4H2:2]!@[CX4H2:3][!#1:4]	-60.0035	3.77933	-	-	-	-	G
C42870219      none	B	[!#1:1][CX4H2:2]!@[CX4H2:3][!#1:4]	60.0023	3.99483	-	-	-	-	G
C42870219      none	B	[C:1][CX4H2:2]!@[CX3:3]=[O:4]	-120.003	0.79457	-	-	-	-	O
C15443061      none	B	[cH1,nX2H0:1][c:2]([cH1,nX2H0])!@[NX3r:3][*:4]	60.2709	2.78062	-	-	-	-	O
C15443061      none	B	[O-:1][N+:2](=O)!@[c:3]([cH,nX2H0])[cH,nX2H0:4]	179.977	23.2156	-	-	-	-	G
C15443061      none	B	[O:1]=[C:2]([O-])!@[CX4H1:3][H:4]	89.997	0.86741	-	-	-	-	O
C21037704      none	B	[$(S(=O)(=O)):1][NH0:2]!@[c:3]([cH1])[cH1:4]	59.9874	1.23967	-	-	-	-	G
C21037704      none	B	[c:1][S:2](=O)(=O)!@[NX2H0-:3]-[*:4]	60.0005	8.33333	-	-	-	-	G
C21037704      none	B	[aH0:1][c:2]([aH1])!@[SX4:3][!#1:4]	69.7112	11.3606	-	-	-	-	G
C09493112      none	B	[cH0:1][c:2]([cH1])!@[O:3][C:4]	179.996	48.7454	-	-	-	-	G
C09493112      none	B	[$(S(=O)(=O)):1][NH1:2]!@[c:3]([cH1])[cH1:4]	59.9795	3.17797	-	-	-	-	G
C09493112      none	B	[aH0:1][c:2]([aH1])!@[SX4:3][!#1:4]	-70.2826	15.3236	-	-	-	-	G
C09493112      none	B	[*:1][$(S(=O)=O):2]!@[NX3H0r:3][*:4]	-89.7226	4.88152	-	-	-	-	G
C09493112      none	B	[c:1][$(S(=O)=O):2]!@[NX3H1:3][c:4]	89.9994	0.684932	-	-	-	-	G
C09493112      none	B	[aH1:1][c:2]([aH1])!@[SX4:3][!#1:4]	90.2805	12.916	-	-	-	-	G
C09493112      none	B	[O-:1][N+:2](=O)!@[c:3]([cH0])[cH,nX2H0:4]	90.2105	0.274725	-	-	-	-	O
C50603874      none	B	[!#1:1][CX4:2]!@[CX4:3][!#1:4]	179.999	22.1548	-	-	-	-	G
C50603874      none	B	[$([CX3]=O):1][NX3H1:2]!@[CX4H2:3][C:4] 	-90.0027	7.35439	-	-	-	-	G
C50603874      none	B	[O:1]=[CX3:2]([$([NX3H1]C)])!@[NX3H1:3][!#1:4]	180	9.5176	-	-	-	-	R
C50603874      none	B	[O:1]=[CX3:2]([$([NX3H1]C)])!@[NX3H1:3][!#1:4]	-0.0122915	41.1343	-	-	-	-	G
C50603874      none	B	[$(C=O):1][NX3H1:2]!@[CX4H1:3][H:4]	30.0038	9.46757	-	-	-	-	G
C50603874      none	B	[OX2:1][CX4:2]!@[CX4:3][N:4]	40.0094	1.66292	-	-	-	-	G
C50603874      none	B	[O:1]=[C:2]([O-])!@[CX4H1:3][H:4]	90.0115	0.86741	-	-	-	-	O
C40800576      none	B	[cH0:1][c:2]([cH,nX2H0])!@[NX3H1:3][CX4:4]	159.974	3.7196	-	-	-	-	O
C40800576      none	B	[cH0:1][c:2]([cH,nX2H0])!@[NX3H0:3][CX4:4]	90.2687	2.06517	-	-	-	-	O
C40800576      none	B	[O:1]=[C:2]([O-])!@[CX4H1:3][H:4]	90.0009	0.86741	-	-	-	-	O
C40800576      none	B	[!#1:1][CX4H2:2]!@[NX3H1:3][!#1:4]	150.005	1.87295	-	-	-	-	O
C40800576      none	B	[!#1:1][CX4H2:2]!@[CX4H2:3][!#1:4]	179.995	58.554	-	-	-	-	G
C40800576      none	B	[CX4:1][CX4H2:2]!@[NX3;"N_lp":3][CX4:4]	-156.376	6.65327	-	-	-	-	G
C43509883      none	B	[cH0:1][c:2]!@[CX4H2:3][CX3:4]	89.9923	10.5615	-	-	-	-	G
C43509883      none	B	[c:1][CX4H2:2]!@[CX3:3]=[O:4]	-150.005	0.712251	-	-	-	-	O
C43509883      none	B	[O:1]=[CX3:2]!@[NX3H1:3][!#1:4]	0.00983945	63.7893	-	-	-	-	G
C43509883      none	B	[$(C=O):1][NX3H1:2]!@[CX4H0:3][C:4]	-59.5298	14.7253	-	-	-	-	G
C43509883      none	B	[NH1:1][CX4:2]!@[CX3:3]=[O:4]	0.00578761	6.89233	-	-	-	-	G
C40544345      none	B	[O:1]=[C:2]([O-])!@[CX4H1:3][H:4]	0.00633535	0.495663	-	-	-	-	O
C40544345      none	B	[$(C=O):1][NX3H1:2]!@[CX4H1:3][H:4]	29.9894	9.46757	-	-	-	-	G
C40544345      none	B	[O:1]=[CX3:2]([$([NX3H1]C)])!@[NX3H1:3][!#1:4]	0.013886	41.1343	-	-	-	-	G
C40544345      none	B	[O:1]=[CX3:2]([$([NX3H1]C)])!@[NX3H1:3][!#1:4]	179.995	9.5176	-	-	-	-	R
C40544345      none	B	[$(C=O):1][NX3H1:2]!@[c:3]([cH1])[cH1:4]	-120.001	0.302054	-	-	-	-	R
C40544345      none	B	[aH1:1][c:2]([aH1])!@[SX4:3][!#1:4]	179.996	0.148054	-	-	-	-	R
C55168625      none	B	[O:1]=[C:2]([O-])!@[CX4H1:3][H:4]	0.0127783	0.495663	-	-	-	-	O
C55168625      none	B	[O:1]=[CX3:2](a)!@[NX3H0:3][!#1:4]	180	9.67842	-	-	-	-	G
C55168625      none	B	[a:1][c:2]!@[C:3]([NH0])=[O:4]	-119.694	3.91667	-	-	-	-	G
C13027855      none	B	[aH1:1][c:2]([aH1])!@[SX4:3][!#1:4]	-89.9959	12.5987	-	-	-	-	G
C13027855      none	B	[O-:1][N+:2](=O)!@[c:3]([cH0])[cH,nX2H0:4]	90.2124	0.274725	-	-	-	-	O
C13027855      none	B	[*:1][$(S(=O)=O):2]!@[NX3H0r:3][*:4]	-119.685	0.995261	-	-	-	-	G
C13027855      none	B	[O:1]=[C:2]([O-])!@[CX4H1:3][H:4]	89.9975	0.86741	-	-	-	-	O
C38025838      none	B	[O-:1][N+:2](=O)!@[c:3]([cH,nX2H0])[cH,nX2H0:4]	179.946	23.2156	-	-	-	-	G
C38025838      none	B	[a:1][c:2]!@[C:3]([NH0])=[O:4]	-59.9984	3.63889	-	-	-	-	G
C38025838      none	B	[O:1]=[CX3:2](a)!@[NX3H0:3][!#1:4]	150.283	2.50464	-	-	-	-	G
C38025838      none	B	[!#1:1][CX4:2]!@[CX4:3][!#1:4]	79.9929	1.75235	-	-	-	-	G
C38025838      none	B	[C:1][CX4H2:2]!@[CX3:3]=[O:4]	-89.9972	1.15875	-	-	-	-	O
C43686894      none	B	[!#1:1][CX4:2]!@[CX4:3][!#1:4]	39.9963	0.998355	-	-	-	-	G
C43686894      none	B	[O:1]=[C:2]([O-])!@[CX4H1:3][H:4]	0.0108221	0.495663	-	-	-	-	O
C43686894      none	B	[$(C=O):1][NX3H1:2]!@[CX4H1:3][H:4]	60.0094	6.22422	-	-	-	-	G
C43686894      none	B	[O:1]=[CX3:2]([$([NX3H1]C)])!@[NX3H1:3][!#1:4]	-0.0123922	41.1343	-	-	-	-	G
C43686894      none	B	[O:1]=[CX3:2]([$([NX3H1]C)])!@[NX3H1:3][!#1:4]	-0.00251952	41.1343	-	-	-	-	G
C43686894      none	B	[$(C=O):1][NX3H1:2]!@[CX4H2:3][!#1:4]	-149.998	1.65159	-	-	-	-	G
C43686894      none	B	[a:1][c:2]!@[CX4H2:3][!#1:4]	90.3235	7.24386	-	-	-	-	G
C19278863      none	B	[OX2:1][CX4:2]!@[CX4:3][N:4]	-60.0036	14.8764	-	-	-	-	G
C19278863      none	B	[O:1]=[C:2]([O-])!@[CX4H1:3][H:4]	0.00388153	0.495663	-	-	-	-	O
C19278863      none	B	[$(C=O):1][NX3H1:2]!@[CX4H1:3][H:4]	60.0059	6.22422	-	-	-	-	G
C19278863      none	B	[O:1]=[CX3:2]!@[NX3H1:3][!#1:4]	0.000385293	63.7893	-	-	-	-	G
C19278863      none	B	[O:1][CX4:2]!@[CX3:3]=[O:4]	-176.792	6.67845	-	-	-	-	G
C37744147      none	B	[!#1:1][CX4:2]!@[SX4:3][!#1:4]	79.9976	3.66316	-	-	-	-	G
C37744147      none	B	[!#1:1][CX4H2:2]!@[CX4H2:3][!#1:4]	-59.9966	3.77933	-	-	-	-	G
C37744147      none	B	[C:1][CX4H2:2]!@[OX2:3][c:4]	149.995	0.884397	-	-	-	-	O
C37744147      none	B	[cH0:1][c:2]([cH1])!@[O:3][C:4]	89.7145	0.6255	-	-	-	-	R
C37744147      none	B	[O:1]=[C:2]([O-])!@[c:3]([cH1])[cH1:4]	179.976	7.35294	-	-	-	-	G
C61808456      none	B	[*:1][$(S(=O)=O):2]!@[NX3H0r:3][*:4]	-120	0.995261	-	-	-	-	G
C61808456      none	B	[O:1]=[C:2]([O-])!@[CX4H1:3][H:4]	-0.00268121	0.495663	-	-	-	-	O
C61808456      none	B	[*:1][$(S(=O)=O):2]!@[NX3H0:3][*:4]	59.9996	6.8916	-	-	-	-	G
C61808456      none	B	[$(S(=O)(=O)):1][NX3H0:2]!@[CX4H2:3][!#1:4]	90.003	6.68103	-	-	-	-	G
C61808456      none	B	[$(S(=O)(=O)):1][NX3H0:2]!@[CX4H2:3][!#1:4]	-60.0002	0	-	-	-	-	R
C61808456      none	B	N[C:2](=[O:1])!@[CH2:3][N:4]	59.9927	0.14881	-	-	-	-	O
C61808456      none	B	N[C:2](=[O:1])!@[CH2:3][N:4]	-89.987	0.14881	-	-	-	-	R
C01208863      none	B	[$(C=O):1][NX3H0:2]!@[CX4H2:3][!#1:4]	-29.9909	0.0231911	-	-	-	-	R
C01208863      none	B	[$(C=O):1][NX3H0:2]!@[CX4H2:3][!#1:4]	119.277	3.3859	-	-	-	-	G
C43503707      none	B	[cH1:1][c:2]([cH1])!@[C:3]([NH1,NH2])=[O:4]	26.9956	8.08167	-	-	-	-	G
C43503707      none	B	[O:1]=[CX3:2]!@[NX3H1:3][!#1:4]	0.00187125	63.7893	-	-	-	-	G
C43503707      none	B	[$(C=O):1][NX3H1:2]!@[CX4H0:3][C:4]	-179.533	11.3993	-	-	-	-	G
C43503707      none	B	[NH1:1][CX4:2]!@[CX3:3]=[O:4]	-0.00325205	6.89233	-	-	-	-	G
C40603832      none	B	[O:1]=[CX3:2]!@[NX3H0:3][!#1:4]	0.00365707	25.0866	-	-	-	-	G
C40603832      none	B	[O:1]=[CX3:2]!@[NX3H1:3][!#1:4]	59.9892	0	-	-	-	-	R
C40603832      none	B	[$(C=O):1][NX3H1:2]!@[c:3]([cH1])[cH1:4]	0.00470569	7.77286	-	-	-	-	G
C40603832      none	B	[O:1]=[C:2]([O-])!@[c:3]([cH1])[cH1:4]	179.98	7.35294	-	-	-	-	G
C58914286      none	B	[!#1:1][CX4:2]!@[CX4:3][!#1:4]	179.999	22.1548	-	-	-	-	G
C58914286      none	B	[O:1]=[C:2]([O-])!@[CX4H1:3][H:4]	0.00607188	0.495663	-	-	-	-	O
C58914286      none	B	[$(C=O):1][NX3H1:2]!@[CX4H1:3][H:4]	-30.0157	6.97413	-	-	-	-	G
C58914286      none	B	[O:1]=[CX3:2]([$([NX3H1]C)])!@[NX3H1:3][!#1:4]	0.00977491	41.1343	-	-	-	-	G
C58914286      none	B	[O:1]=[CX3:2]([$([NX3H1]C)])!@[NX3H1:3][!#1:4]	180	9.5176	-	-	-	-	R
C58914286      none	B	[$([CX3]=O):1][NX3H1:2]!@[CX4H2:3][C:4] 	179.997	6.46594	-	-	-	-	G
C58914286      none	B	[!#1:1][CX4:2]!@[CX4:3][!#1:4]	62.6632	12.3771	-	-	-	-	G
C09608090      none	B	[a:1][c:2]!@[CX4H1:3][N,O:4]	-59.9981	3.48172	-	-	-	-	G
C09608090      none	B	[$(C=O):1][NX3H1:2]!@[CX4H1:3][H:4]	-29.9957	6.97413	-	-	-	-	G
C09608090      none	B	[O:1]=[CX3:2]!@[NX3H1:3][!#1:4]	0.00689124	63.7893	-	-	-	-	G
C09608090      none	B	[nH0r6:1][cr6:2]([cH1r6])!@[C:3]([NH1,NH2])=[O:4]	-30.0155	0	-	-	-	-	R
C62173992      none	B	[*:1]~[CX4:2]!@[NX4:3]~[*:4]	-79.9989	2.10499	-	-	-	-	G
C62173992      none	B	[*:1]~[CX4:2]!@[NX4:3]~[*:4]	-40.002	2.20693	-	-	-	-	G
C62173992      none	B	[*:1]~[CX4:2]!@[NX4:3]~[*:4]	159.998	1.9368	-	-	-	-	G
C62173992      none	B	[NH1:1][CX4:2]!@[CX3:3]=[O:4]	-89.9963	0.352274	-	-	-	-	R
C62173992      none	B	[NH1:1][CX4:2]!@[CX3:3]=[O:4]	-120.007	0.275693	-	-	-	-	G
C39783535      none	B	[*^2:1]~[C^2:2]([!H])!@[C^2:3]~[*^2:4]	-179.985	19.9269	-	-	-	-	G
C39783535      none	B	[a:1][a:2]!@[NX3:3][!#1:4]	-120.004	1.58818	-	-	-	-	O
C38685753      none	B	[$(C=O):1][NX3H0:2]!@[c:3]([cH1])[cH1:4]	60.515	4.89486	-	-	-	-	G
C38685753      none	B	[*:1]~[CX4:2]!@[CX3:3]~[*:4]	29.9992	1.99379	-	-	-	-	G
C36499608      none	B	[$(C=O):1][NX3H1:2]!@[CX4H0:3][C:4]	59.9982	13.3187	-	-	-	-	G
C36499608      none	B	[O:1]=[CX3:2]!@[NX3H1:3][!#1:4]	-0.00377597	63.7893	-	-	-	-	G
C36499608      none	B	[N:1][CX4:2]!@[CX3:3]=[O:4]	60.0062	0.592386	-	-	-	-	G
C36499608      none	B	[a:1][c:2]!@[CX4H1:3][N,O:4]	-60.0074	3.48172	-	-	-	-	G
C36499608      none	B	[$(C=O):1][NX3H0:2]!@[CX4H1:3][H:4]	60.0048	0.252101	-	-	-	-	R
C36499608      none	B	[$(C=O):1][NX3H0:2]!@[CX4H2:3][!#1:4]	90.0089	13.8915	-	-	-	-	G
C36499608      none	B	[O:1]=[CX3:2](a)!@[NX3H0:3][!#1:4]	149.996	2.50464	-	-	-	-	G
C36499608      none	B	[a:1][c:2]!@[CX4H2:3][!#1:4]	-89.6965	7.30446	-	-	-	-	G
C36499608      none	B	[cH0:1][c:2]([cH1])!@[CX3:3]([NX3H0])=[O:4]	119.992	3.63636	-	-	-	-	G
C36499608      none	B	[O-:1][N+:2](=O)!@[c:3]([cH,nX2H0])[cH,nX2H0:4]	179.983	23.2156	-	-	-	-	G
C54067564      none	B	[O:1]=[C:2]([O-])!@[CX4H1:3][H:4]	90.0035	0.86741	-	-	-	-	O
C54067564      none	B	[$(C=O):1][NX3H0:2]!@[CX4H1:3][H:4]	179.989	19.1176	-	-	-	-	G
C54067564      none	B	[O:1]=[CX3:2]!@[NX3H0:3][!#1:4]	0.0073176	25.0866	-	-	-	-	G
C54067564      none	B	[O:1]=[CX3:2]!@[NX3H1:3][!#1:4]	-90.0122	0	-	-	-	-	R
C54067564      none	B	[$(C=O):1][NX3H1:2]!@[c:3]([cH0]F)[cH:4]	0.274867	14.0351	-	-	-	-	G
C54067564      none	B	[O-:1][N+:2](=O)!@[c:3]([cH,nX2H0])[cH,nX2H0:4]	179.985	23.2156	-	-	-	-	G
C36976087      none	B	[C:1][CX4:2]!@[CX3:3]=[O:4]	-119.992	3.42432	-	-	-	-	G
C36976087      none	B	[O:1]=[CX3:2]!@[NX3H1:3][!#1:4]	0.0188125	63.7893	-	-	-	-	G
C36976087      none	B	[$([CX3]=O):1][NX3H1:2]!@[CX4H2:3][C:4] 	89.9909	7.35439	-	-	-	-	G
C36976087      none	B	[!#1:1][CX4H2:2]!@[CX4H2:3][!#1:4]	179.995	58.554	-	-	-	-	G
C36976087      none	B	[!#1:1][CX4H2:2]!@[CX4H2:3][!#1:4]	-60.0055	3.77933	-	-	-	-	G
C36976087      none	B	[N:1][C:2](=O)!@[CX4H2:3][CX4H2:4]	120.001	5.31335	-	-	-	-	G
C36976087      none	B	[O:1]=[CX3:2]!@[NX3H0:3][!#1:4]	-179.673	18.2537	-	-	-	-	G
C36976087      none	B	[O:1]=[C:2]([O-])!@[CX4H1:3][H:4]	0.00506733	0.495663	-	-	-	-	O
C04556987      none	B	[H:1][CX4H1:2]!@[O:3][CX4:4]	-39.9825	11.8876	-	-	-	-	G
C04556987      none	B	[OX2:1][CX4:2]!@[CX4:3][OX2:4]	-164.378	0.511128	-	-	-	-	G
C04556987      none	B	[*:1]~[CX4:2]!@[n:3]~[*:4]	-0.00379701	3.06862	-	-	-	-	G
C36972251      none	B	[OX2:1][CX4:2]!@[CX4:3][N:4]	-40.0054	1.41573	-	-	-	-	G
C36972251      none	B	[O:1]=[C:2]([O-])!@[CX4H1:3][H:4]	0.000634511	0.495663	-	-	-	-	O
C36972251      none	B	[$(C=O):1][NX3H1:2]!@[CX4H1:3][H:4]	60.0003	6.22422	-	-	-	-	G
C36972251      none	B	[O:1]=[CX3:2]!@[NX3H1:3][!#1:4]	0.00431017	63.7893	-	-	-	-	G
C36972251      none	B	[a:1][c:2]!@[C:3]([NH1,NH2])=[O:4]	-59.9971	0.499274	-	-	-	-	G
C36972251      none	B	[aH0:1][c:2]([aH0])!@[SX2:3][!#1:4]	179.998	14.0278	-	-	-	-	G
C42527265      none	B	[$(C=O):1][NX3H0:2]!@[CX4H1:3][H:4]	149.99	1.0084	-	-	-	-	R
C42527265      none	B	[$([CX3]=O):1][NX3H0:2](C)!@[CX4H2:3][C:4]	60.0012	0.600343	-	-	-	-	O
C42527265      none	B	[O:1]=[CX3:2]!@[NX3H0:3][!#1:4]	30.0022	0.680979	-	-	-	-	O
C42527265      none	B	[OX2:1][CX4H2:2]!@[CX4H2:3][N:4]	180	8.36763	-	-	-	-	G
C42527265      none	B	[O:1]=[CX3:2]!@[NX3H0:3][!#1:4]	30.3286	0.680979	-	-	-	-	O
C42527265      none	B	[O:1]=[C:2]([O-])!@[CX4H1:3][H:4]	0.000877275	0.495663	-	-	-	-	O
C13450933      none	B	[*:1]~[N,n:2]!@[S:3]~[*:4]	59.9944	4.33354	-	-	-	-	G
C13450933      none	B	[cH1:1][c:2]([cH1])!@[CX3:3]=[NX2:4]	150.281	2.10453	-	-	-	-	G
C13450933      none	B	[O:1]=[C:2]([O-])!@[c:3][nX2H0:4]	179.971	20	-	-	-	-	G
C37448934      none	B	[O:1]=[CX3:2]!@[NX3H1:3][!#1:4]	0.00155517	63.7893	-	-	-	-	G
C37448934      none	B	[$(C=O):1][NX3H1:2]!@[c:3]([cH1])[cH1:4]	90.0034	0.0402739	-	-	-	-	R
C37448934      none	B	[a:1][c:2]!@[C:3]([NH0])=[O:4]	-120.001	3.91667	-	-	-	-	G
C37448934      none	B	[O:1]=[CX3:2](a)!@[NX3H0:3][!#1:4]	30.3059	0.896722	-	-	-	-	R
C37448934      none	B	[O:1]=[C:2]([O-])!@[CX4H1:3][H:4]	-0.000955864	0.495663	-	-	-	-	O
C19402726      none	B	[a:1][c:2]!@[C:3]([NH0])=[O:4]	-59.9973	3.63889	-	-	-	-	G
C19402726      none	B	[O:1]=[CX3:2](a)!@[NX3H0:3][!#1:4]	-149.679	2.19542	-	-	-	-	O
C19402726      none	B	[O:1]=[C:2]([O-])!@[CX4H1:3][H:4]	-0.00841584	0.495663	-	-	-	-	O
C62912584      none	B	[C:1][CX4:2]!@[CX3:3]=[O:4]	89.9966	3.65147	-	-	-	-	G
C62912584      none	B	[O:1]=[CX3:2](a)!@[NX3H0:3][!#1:4]	0.00899691	23.6549	-	-	-	-	G
C62912584      none	B	[$(a[OH1]):1][a:2]!@[CX3:3]([NX3H0,CX4H0,c])=[O:4]	59.9868	0	-	-	-	-	R
C48726868      none	B	[s:1][c:2]!@[C:3]([NH1])=[O:4]	-30.0237	2.1978	-	-	-	-	R
C48726868      none	B	[O:1]=[CX3:2]!@[NX3H1:3][!#1:4]	0.00122254	63.7893	-	-	-	-	G
C48726868      none	B	[*:1]~[NX3:2]!@[NX3:3]~[*:4]	-90.0017	3.3545	-	-	-	-	G
C48726868      none	B	[O:1]=[CX3:2]!@[NX3H1:3][!#1:4]	0.00482825	63.7893	-	-	-	-	G
C48726868      none	B	[a:1][c:2]!@[C:3]([NH1,NH2])=[O:4]	-150	5.2923	-	-	-	-	O
C35179340      none	B	[a:1][c:2]!@[NX3H1:3][$([CX4r]([C;r])([C;r])):4]	179.999	15.9091	-	-	-	-	G
C35179340      none	B	[!#1:1][CX4H1:2]!@[NX3:3][!#1:4]	179.999	2.80076	-	-	-	-	G
C65865628      none	B	[a:1][a:2]!@[NX3:3][!#1:4]	0.00939404	10.9271	-	-	-	-	G
C65865628      none	B	[*:1]~[NX3:2]!@[NX3:3]~[*:4]	-90.0158	3.3545	-	-	-	-	G
C65865628      none	B	[O:1]=[CX3:2]!@[NX3H1:3][!#1:4]	0.0154415	63.7893	-	-	-	-	G
C65865628      none	B	[!#1:1][CX4H2:2]!@[CX3:3]=[O:4]	-150.004	0.689004	-	-	-	-	O
C65865628      none	B	[!#1:1][CX4:2]!@[SX4:3][!#1:4]	87.7399	1.22105	-	-	-	-	O
C65865628      none	B	[*:1]~[N,n:2]!@[S:3]~[*:4]	-60.0012	4.40087	-	-	-	-	G
C65865628      none	B	[$(S(=O)(=O)):1][NH0:2]!@[c:3]([cH1])[cH1:4]	-90.2763	17.7686	-	-	-	-	G
C65865628      none	B	[cH1,nX2H0:1][c:2]([cH1,nX2H0])!@[NX3r:3][*:4]	-59.7134	2.69113	-	-	-	-	O
C13028615      none	B	[aH1:1][c:2]([aH1])!@[SX4:3][!#1:4]	-90.0023	12.5987	-	-	-	-	G
C13028615      none	B	[O-:1][N+:2](=O)!@[c:3]([cH0])[cH,nX2H0:4]	0.216231	12.6374	-	-	-	-	G
C13028615      none	B	[*:1][$(S(=O)=O):2]!@[NX3H0r:3][*:4]	-59.6898	8.17536	-	-	-	-	O
C13028615      none	B	[O:1]=[C:2]([O-])!@[CX4H1:3][H:4]	90.0066	0.86741	-	-	-	-	O
C52763993      none	B	[!#1:1][CX4:2]!@[CX4:3][!#1:4]	60.0076	12.3771	-	-	-	-	G
C52763993      none	B	[!#1:1][CX4:2]!@[CX4:3][!#1:4]	59.9987	12.3771	-	-	-	-	G
C52763993      none	B	[O:1]=[C:2]([O-])!@[CX4H1:3][H:4]	-0.0103034	0.495663	-	-	-	-	O
C52763993      none	B	[$(C=O):1][NX3H1:2]!@[CX4H1:3][H:4]	30.0014	9.46757	-	-	-	-	G
C52763993      none	B	[O:1]=[CX3:2]!@[NX3H1:3][!#1:4]	-0.00318907	63.7893	-	-	-	-	G
C52763993      none	B	[O:1]=[CX3:2]!@[NX3H0:3][!#1:4]	0.309195	25.0866	-	-	-	-	G
C52763993      none	B	[!#1:1][CX4:2]!@[CX4:3][!#1:4]	180	22.1548	-	-	-	-	G
C52763993      none	B	[!#1:1][CX4H2:2]!@[CX4H2:3][!#1:4]	180	58.554	-	-	-	-	G
C52763993      none	B	[!#1:1][CX4H2:2]!@[CX4H2:3][!#1:4]	59.9991	3.99483	-	-	-	-	G
C13086960      none	B	[$(C=O):1][NX3H1:2]!@[CX4H1:3][H:4]	-30.0017	6.97413	-	-	-	-	G
C13086960      none	B	[O:1]=[CX3:2]!@[NX3H1:3][!#1:4]	0.00391955	63.7893	-	-	-	-	G
C13086960      none	B	[OX2:1][CX4H2:2]!@[CX3:3]([$([NX3H1,NX3H2])])=[O:4]	89.9966	0.357143	-	-	-	-	R
C13086960      none	B	[C:1][CX4H2:2]!@[OX2:3][c:4]	150.005	0.884397	-	-	-	-	O
C13086960      none	B	[$([cH0]([CX3])):1][c:2]([cH1])!@[O:3][C:4]	-90.2752	1.38889	-	-	-	-	R
C13086960      none	B	[aH1:1][c:2]([aH1])!@[SX4:3][!#1:4]	-69.9969	5.44275	-	-	-	-	G
C13086960      none	B	[O:1]=[C:2]([O-])!@[c:3]([cH1])[cH0:4]	90.0123	0	-	-	-	-	R
C13086960      none	B	[*:1][$(S(=O)=O):2]!@[NX3H0r:3][*:4]	90.2825	4.85782	-	-	-	-	G
C40574776      none	B	[a:1][c:2]!@[CX4H1:3][N,O:4]	60.0047	3.42939	-	-	-	-	G
C40574776      none	B	[$(C=O):1][NX3H1:2]!@[CX4H1:3][H:4]	-60.0025	1.23735	-	-	-	-	G
C40574776      none	B	[O:1]=[CX3:2]!@[NX3H1:3][!#1:4]	0.00620406	63.7893	-	-	-	-	G
C40574776      none	B	[O:1]=[CX3:2]!@[NX3H0:3][!#1:4]	0.303705	25.0866	-	-	-	-	G
C40574776      none	B	[O:1]=[C:2]([O-])!@[CX4H1:3][H:4]	0.00424643	0.495663	-	-	-	-	O
C40003274      none	B	[a:1][a:2]!@[CX3:3]=[O:4]	-90.0062	0.672614	-	-	-	-	R
C40003274      none	B	[*^2:1]~[C^2:2]([!H])!@[C^2:3]~[*^2:4]	150.307	1.21045	-	-	-	-	G
C40003274      none	B	[$(C=O):1][NX3H0:2]!@[c:3]([s,o])[n:4]	0.33358	0	-	-	-	-	G
C40003274      none	B	[a:1][c:2]!@[CX4H1:3][N,O:4]	56.7636	3.42939	-	-	-	-	G
C40003274      none	B	[O-:1][N+:2](=O)!@[c:3]([cH,nX2H0])[cH,nX2H0:4]	179.969	23.2156	-	-	-	-	G
C39931325      none	-	-	-	-	-	-	-	-	-
C43429049      none	B	[a:1][c:2]!@[C:3]([NH0])=[O:4]	90.004	2.88889	-	-	-	-	G
C43429049      none	B	[O:1]=[CX3:2](a)!@[NX3H0:3][!#1:4]	150.298	2.50464	-	-	-	-	G
C45648466      none	B	[!#1:1][CX4:2]!@[CX4:3][!#1:4]	59.9974	12.3771	-	-	-	-	G
C45648466      none	B	[!#1:1][CX4:2]!@[CX4:3][!#1:4]	180	22.1548	-	-	-	-	G
C45648466      none	B	[O:1]=[C:2]([O-])!@[CX4H1:3][H:4]	0.00372369	0.495663	-	-	-	-	O
C45648466      none	B	[$(C=O):1][NX3H1:2]!@[CX4H1:3][H:4]	0.00297754	8.26772	-	-	-	-	G
C45648466      none	B	[O:1]=[CX3:2]([$([NX3H1]C)])!@[NX3H1:3][!#1:4]	0.00639509	41.1343	-	-	-	-	G
C45648466      none	B	[O:1]=[CX3:2]([$([NX3H1]C)])!@[NX3H1:3][!#1:4]	179.99	9.5176	-	-	-	-	R
C45648466      none	B	[$([CX3]=O):1][NX3H1:2]!@[CX4H2:3][C:4] 	-89.9987	7.35439	-	-	-	-	G
C45648466      none	B	[!#1:1][CX4:2]!@[CX4:3][!#1:4]	160.822	1.81259	-	-	-	-	G
C17004005      none	B	[O:1]=[CX3:2]!@[NX3H1:3][!#1:4]	-0.00265698	63.7893	-	-	-	-	G
C17004005      none	B	[$(C=O):1][NX3H1:2]!@[CX4H1:3][H:4]	-29.9989	6.97413	-	-	-	-	G
C17004005      none	B	[a:1][c:2]!@[CX4H1:3][N,O:4]	-149.72	3.72593	-	-	-	-	G
C17004005      none	B	[H:1][CX4H1:2]!@[O:3][CX4:4]	-60.2737	5.14933	-	-	-	-	G
C64478996      none	B	[cH0:1][c:2]([cH1])!@[O:3][C:4]	89.9979	0.6255	-	-	-	-	R
C64478996      none	B	[$(S(=O)(=O)):1][NH0:2]!@[c:3]([cH1])[cH0:4]	-120.002	0	-	-	-	-	R
C64478996      none	B	[c:1][S:2](=O)(=O)!@[NX2H0-:3]-[*:4]	89.9998	2.77778	-	-	-	-	G
C64478996      none	B	[aH0:1][c:2]([aH1])!@[SX4:3][!#1:4]	-110.281	1.0568	-	-	-	-	O
C64478996      none	B	[O-:1][N+:2](=O)!@[c:3]([cH,nX2H0])[cH,nX2H0:4]	179.968	23.2156	-	-	-	-	G
C64478996      none	B	[cH0:1][c:2]([cH1])!@[O:3][C:4]	-89.9939	0.64732	-	-	-	-	R
C12358678      none	B	[OX2:1][CX4:2]!@[CX4:3][OX2:4]	-55.4104	16.2177	-	-	-	-	G
C41071070      none	B	[$(S(=O)(=O)):1][N:2]!@[c:3][a:4]	29.9991	2.05078	-	-	-	-	G
C41071070      none	B	[c:1][S:2](=O)(=O)!@[NX2H0-:3]-[*:4]	90.0001	2.77778	-	-	-	-	G
C41071070      none	B	[aH1:1][c:2]([aH1])!@[SX4:3][!#1:4]	90.2795	12.916	-	-	-	-	G
C41071070      none	B	[a:1][a:2]!@[NX3:3][!#1:4]	0.000305608	10.9271	-	-	-	-	G
C49364022      none	B	[NH1:1][CX4:2]!@[CX3:3]=[O:4]	0.0158853	6.89233	-	-	-	-	G
C49364022      none	B	[$(C=O):1][NX3H1:2]!@[CX4H1:3][H:4]	-29.996	6.97413	-	-	-	-	G
C49364022      none	B	[O:1]=[C:2]!@[O:3]~[C:4]	-0.00646165	74.4927	-	-	-	-	G
C49364022      none	B	[O:1]=[CX3:2]!@[NX3H1:3][!#1:4]	-0.00323427	63.7893	-	-	-	-	G
C49364022      none	B	[O:1]=[CX3:2]!@[NX3H0:3][!#1:4]	0.300935	25.0866	-	-	-	-	G
C49364022      none	B	[O:1]=[C:2]([O-])!@[CX4H1:3][H:4]	90.0054	0.86741	-	-	-	-	O
C18148667      none	B	[nX2H0:1][c:2]([nX2H0])!@[NX3H1:3][C,c:4]	-29.9923	0.299401	-	-	-	-	R
C18148667      none	B	[*:1]~[CX3:2]!@[NX3:3]~[*:4]	-89.7291	0.0640822	-	-	-	-	R
C18148667      none	B	[O:1]=[C:2]([O-])!@[CX4H1:3][H:4]	0.00294108	0.495663	-	-	-	-	O
C18148667      none	B	[CH0:1][NX3:2]([CH1])!@[c:3][a:4]	-119.719	2.69414	-	-	-	-	G
C02810835      none	B	[c:1][$(S(=O)=O):2]!@[NX3H1:3][C:4]	60.0058	14.5215	-	-	-	-	G
C02810835      none	B	[aH1:1][c:2]([aH1])!@[SX4:3][!#1:4]	-89.7318	12.5987	-	-	-	-	G
C02810835      none	B	[aH1:1][c:2]([aH1])!@[SX4:3][!#1:4]	-90.0012	12.5987	-	-	-	-	G
C02810835      none	B	[aH0:1][c:2]([aH1])!@[SX4:3][!#1:4]	-69.954	15.3236	-	-	-	-	G
C02810835      none	B	[c:1][$(S(=O)=O):2]!@[NX3H1:3][C:4]	-60.0051	13.7514	-	-	-	-	G
C40912200      none	B	[OX2:1][CX4:2]!@[CX4:3][N:4]	-159.111	1.21348	-	-	-	-	O
C40912200      none	B	[$(C=O):1][NX3H1:2]!@[CX4H1:3][H:4]	29.9958	9.46757	-	-	-	-	G
C40912200      none	B	[O:1]=[CX3:2]([$([NX3H1]C)])!@[NX3H1:3][!#1:4]	-0.00919609	41.1343	-	-	-	-	G
C40912200      none	B	[O:1]=[CX3:2]([$([NX3H1]C)])!@[NX3H1:3][!#1:4]	0.0109647	41.1343	-	-	-	-	G
C40912200      none	B	[$(C=O):1][NX3H1:2]!@[CX4H0:3][C:4]	-60.0002	14.7253	-	-	-	-	G
C40912200      none	B	[NH1:1][CX4:2]!@[CX3:3]=[O:4]	89.9994	0.183795	-	-	-	-	R
C39699694      none	B	[*^2:1]~[C^2:2]([!H])!@[C^2:3]~[*^2:4]	-29.9997	1.21216	-	-	-	-	G
C39699694      none	B	[O:1]=[C:2]([O-])!@[CX4H1:3][H:4]	-0.00510622	0.495663	-	-	-	-	O
C39699694      none	B	[*^2:1]~[C^2:2]([!H])!@[C^2:3]~[*^2:4]	-179.812	19.9269	-	-	-	-	G
C61845192      none	B	[a:1][c:2]!@[C:3]([NH1,NH2])=[O:4]	89.9972	0.308642	-	-	-	-	O
C61845192      none	B	[cH1,nX2H0:1][c:2]([cH1,nX2H0])!@[NX3r:3][*:4]	-89.7006	1.92406	-	-	-	-	O
C61845192      none	B	[O:1]=[C:2]([O-])!@[CX4H1:3][H:4]	0.00275023	0.495663	-	-	-	-	O
C33440053      none	B	[!#1:1][CX4:2]!@[SX2:3][!#1:4]	60.0012	7.53739	-	-	-	-	G
C33440053      none	B	[!#1:1][CX4H2:2]!@[CX4H2:3][!#1:4]	180	58.554	-	-	-	-	G
C33440053      none	B	[!#1:1][CX4:2]!@[CX4:3][!#1:4]	-79.9976	1.71775	-	-	-	-	G
C33440053      none	B	[O:1]=[C:2]([O-])!@[CX4H1:3][H:4]	0.00335779	0.495663	-	-	-	-	O
C33440053      none	B	[$(C=O):1][NX3H1:2]!@[CX4H1:3][H:4]	8.45086e-05	8.26772	-	-	-	-	G
C33440053      none	B	[O:1]=[CX3:2]!@[NX3H1:3][!#1:4]	0.00107018	63.7893	-	-	-	-	G
C33440053      none	B	[cH1:1][c:2]([cH1])!@[C:3]([NH1,NH2])=[O:4]	152.999	9.05971	-	-	-	-	G
C40571594      none	B	[O:1]=[CX3:2]!@[NX3H0:3][!#1:4]	0.00435647	25.0866	-	-	-	-	G
C40571594      none	B	N[C:2](=[O:1])!@[CH2:3][N:4]	0.00226436	9.82143	-	-	-	-	G
C40571594      none	B	[$([CX3]=O):1][NX3H1:2]!@[CX4H2:3][C:4] 	180	6.46594	-	-	-	-	G
C40571594      none	B	[O:1]=[CX3:2]!@[NX3H1:3][!#1:4]	-0.00817704	63.7893	-	-	-	-	G
C40571594      none	B	[O:1]=[CX3:2]!@[NX3H0:3][!#1:4]	-29.9951	0.692521	-	-	-	-	O
C40571594      none	B	[$([CX3]=O):1][NX3H0:2](C)!@[CX4H2:3][C:4]	-60.0003	0.686106	-	-	-	-	O
C40571594      none	B	[$(C=O):1][NX3H0:2]!@[CX4H1:3][H:4]	0.00364438	15.8824	-	-	-	-	G
C40571594      none	B	[N:1][CX4:2]!@[CX3:3]=[O:4]	120.009	0.766617	-	-	-	-	G
C44608180      none	B	[O:1]=[CX3:2]!@[NX3H1:3][!#1:4]	0.014559	63.7893	-	-	-	-	G
C44608180      none	B	[$(C=O):1][NX3H1:2]!@[CX4H1:3][H:4]	29.9954	9.46757	-	-	-	-	G
C44608180      none	B	[OX2:1][CX4:2]!@[CX4:3][OX2:4]	-179.954	13.4277	-	-	-	-	G
C64003696      none	B	[*^2:1]~[C^2:2]([!H])!@[C^2:3]~[*^2:4]	-149.999	1.11601	-	-	-	-	G
C64003696      none	B	[*:1]~[NX3:2]!@[NX2:3]~[*:4]	-59.9977	0.223687	-	-	-	-	R
C64003696      none	B	[*:1]~[CX3:2]!@[NX3:3]~[*:4]	-30.0013	0.593829	-	-	-	-	G
C64003696      none	B	[*^2:1]~[C^2:2]([!H])!@[C^2:3]~[*^2:4]	-89.7095	1.27397	-	-	-	-	G
C21050208      none	B	[!#1:1][CX4:2]!@[SX2:3][!#1:4]	-80.0004	6.01214	-	-	-	-	G
C21050208      none	B	[!#1:1][CX4H2:2]!@[CX4H2:3][!#1:4]	180	58.554	-	-	-	-	G
C21050208      none	B	[!#1:1][CX4:2]!@[CX4:3][!#1:4]	-159.993	1.85018	-	-	-	-	G
C21050208      none	B	[O:1]=[C:2]([O-])!@[CX4H1:3][H:4]	90.0056	0.86741	-	-	-	-	O
C21050208      none	B	[$(C=O):1][NX3H1:2]!@[CX4H1:3][H:4]	29.9936	9.46757	-	-	-	-	G
C21050208      none	B	[O:1]=[CX3:2]([$([NX3H1]C)])!@[NX3H1:3][!#1:4]	0.00497807	41.1343	-	-	-	-	G
C21050208      none	B	[O:1]=[CX3:2]([$([NX3H1]C)])!@[NX3H1:3][!#1:4]	-0.0136102	41.1343	-	-	-	-	G
C21050208      none	B	[$(C=O):1][NX3H1:2]!@[CX4H2:3][!#1:4]	180	5.78057	-	-	-	-	G
C21050208      none	B	[a:1][c:2]!@[CX4H2:3][!#1:4]	-44.6707	1.62815	-	-	-	-	O
C21793872      none	B	[!#1:1][CX4:2]!@[SX2:3][!#1:4]	-160.002	3.18377	-	-	-	-	G
C21793872      none	B	[!#1:1][CX4H2:2]!@[CX4H2:3][!#1:4]	179.998	58.554	-	-	-	-	G
C21793872      none	B	[!#1:1][CX4:2]!@[CX4:3][!#1:4]	79.9959	1.75235	-	-	-	-	G
C21793872      none	B	[O:1]=[C:2]([O-])!@[CX4H1:3][H:4]	-0.0019788	0.495663	-	-	-	-	O
C21793872      none	B	[$(C=O):1][NX3H1:2]!@[CX4H1:3][H:4]	59.9958	6.22422	-	-	-	-	G
C21793872      none	B	[O:1]=[CX3:2]([$([NX3H1]C)])!@[NX3H1:3][!#1:4]	179.993	9.5176	-	-	-	-	R
C21793872      none	B	[O:1]=[CX3:2]([$([NX3H1]C)])!@[NX3H1:3][!#1:4]	0.00938469	41.1343	-	-	-	-	G
C21793872      none	B	[$([CX3]=O):1][NX3H1:2]!@[CX4H2:3][C:4] 	89.9983	7.35439	-	-	-	-	G
C21793872      none	B	N[C:2](=[O:1])!@[CH2:3][N:4]	-120.007	0.892857	-	-	-	-	G
C21793872      none	B	[O:1]=[CX3:2]!@[NX3H0:3][!#1:4]	-179.681	18.2537	-	-	-	-	G
C62833466      none	B	[CX4:1][CX4H2:2]!@[NX3:3][CX4:4]	89.9967	8.80906	-	-	-	-	G
C62833466      none	B	[cH0:1][c:2]([cH,nX2H0])!@[NX3H0:3][CX4:4]	59.726	3.25838	-	-	-	-	G
C62833466      none	B	[!#1:1][CX4H2:2]!@[CX4H2:3][!#1:4]	180	58.554	-	-	-	-	G
C62833466      none	B	[!#1:1][CX4:2]!@[SX4:3][!#1:4]	-154.669	1.51579	-	-	-	-	O
C62833466      none	B	[O:1]=[C:2]([O-])!@[c:3]([cH1])[cH1:4]	179.98	7.35294	-	-	-	-	G
C44975936      none	B	[NH1:1][CX4:2]!@[CX3:3]=[O:4]	-117.675	0.275693	-	-	-	-	G
C44975936      none	B	[$(C=O):1][NX3H1:2]!@[CX4H0:3][C:4]	-59.9983	14.7253	-	-	-	-	G
C44975936      none	B	[O:1]=[CX3:2]([$([NX3H1]C)])!@[NX3H1:3][!#1:4]	0.00363249	41.1343	-	-	-	-	G
C44975936      none	B	[O:1]=[CX3:2]([$([NX3H1]C)])!@[NX3H1:3][!#1:4]	-0.00130297	41.1343	-	-	-	-	G
C44975936      none	B	[$([CX3]=O):1][NX3H1:2]!@[CX4H2:3][C:4] 	90.0029	7.35439	-	-	-	-	G
C44975936      none	B	[!#1:1][CX4:2]!@[CX4:3][!#1:4]	-80.1292	1.71775	-	-	-	-	G
C50252782      none	B	[aH1:1][c:2]([aH1])!@[SX4:3][!#1:4]	-89.9958	12.5987	-	-	-	-	G
C50252782      none	B	[c:1][S:2](=O)(=O)!@[NX2H0-:3]-[*:4]	-60.0013	11.1111	-	-	-	-	G
C50252782      none	B	[$(S(=O)(=O)):1][NH0:2]!@[c:3]([cH1])[cH0:4]	89.714	13.1148	-	-	-	-	G
C50252782      none	B	[cH1:1][c:2](cO)!@[O:3][C:4]	90.0168	0.310835	-	-	-	-	R
C50252782      none	B	[cH1:1][c:2](cO)!@[O:3][C:4]	89.9846	0.310835	-	-	-	-	R
C61637946      none	B	[*:1]~[N,n:2]!@[S:3]~[*:4]	90.0016	2.07924	-	-	-	-	G
C61637946      none	B	[$(S(=O)(=O)):1][NH0:2]!@[c:3]([cH1])[cH0:4]	149.72	0	-	-	-	-	R
C61637946      none	B	[a:1][c:2]!@[C:3]([NH0])=[O:4]	-120.001	3.91667	-	-	-	-	G
C61637946      none	B	[O:1]=[CX3:2](a)!@[NX3H0:3][!#1:4]	-179.729	9.67842	-	-	-	-	G
C61637946      none	B	[C:1][CX4H2:2]!@[NX3;"N_lp":3][C:4]	-160.002	6.16939	-	-	-	-	G
C61637946      none	B	N[C:2](=[O:1])!@[CH2:3][N:4]	179.998	8.33333	-	-	-	-	G
C37407452      none	B	[cH1,n:1][c:2]!@[O:3][CH1:4]	-89.7475	0.38835	-	-	-	-	R
C37407452      none	B	[H:1][CX4H1:2]!@[OX2:3][!#1:4]	-29.9988	9.1924	-	-	-	-	G
C37407452      none	B	[O:1][CX4:2]!@[CX3:3]=[O:4]	90.0057	0.432135	-	-	-	-	O
C37407452      none	B	[O:1]=[CX3:2]!@[NX3H1:3][!#1:4]	-0.000455264	63.7893	-	-	-	-	G
C37407452      none	B	[$(C=O):1][NX3H1:2]!@[CX4H1:3][H:4]	179.998	0.712411	-	-	-	-	R
C37407452      none	B	[OX2:1][CX4:2]!@[CX4:3][N:4]	180	9.8427	-	-	-	-	G
C37407452      none	B	[O:1]=[C:2]([O-])!@[CX4H1:3][H:4]	89.992	0.86741	-	-	-	-	O
C61713125      none	B	[!#1:1][CX4:2]!@[CX4:3][!#1:4]	-80.0017	1.71775	-	-	-	-	G
C61713125      none	B	[$(C=O):1][NX3H1:2]!@[CX4H1:3][H:4]	180	0.712411	-	-	-	-	R
C61713125      none	B	[C:1][CX4H2:2]!@[CX3:3]=[O:4]	119.997	0.695249	-	-	-	-	O
C61713125      none	B	[O:1]=[CX3:2]!@[NX3H1:3][!#1:4]	-0.006917	63.7893	-	-	-	-	G
C61713125      none	B	[O:1]=[CX3:2]!@[NX3H0:3][!#1:4]	0.315376	25.0866	-	-	-	-	G
C37451651      none	B	[C:1][CX4:2]!@[CX3:3]=[O:4]	149.94	1.17362	-	-	-	-	G
C37451651      none	B	[O:1]=[CX3:2]!@[NX3H0:3][!#1:4]	30.0007	0.680979	-	-	-	-	O
C37451651      none	B	[O:1]=[CX3:2]!@[NX3H1:3][!#1:4]	0.0050275	63.7893	-	-	-	-	G
C37451651      none	B	[$(C=O):1][NX3H1:2]!@[CX4H1:3][H:4]	0.00111193	8.26772	-	-	-	-	G
C37451651      none	B	[OX2:1][CX4:2]!@[CX4:3][N:4]	-59.9994	14.8764	-	-	-	-	G
C37451651      none	B	[O:1]=[C:2]([O-])!@[CX4H1:3][H:4]	90.001	0.86741	-	-	-	-	O
C37431545      none	B	[a:1][a:2]!@[CX3:3]=[CX3H1:4]	-120.002	1.01669	-	-	-	-	O
C37431545      none	B	[*^2:1]~[C^2:2]([!H])!@[C^2:3]~[*^2:4]	-0.00180062	20.0453	-	-	-	-	G
C37431545      none	B	[O:1]=[CX3:2]!@[NX3H1:3][!#1:4]	-0.000185333	63.7893	-	-	-	-	G
C37431545      none	B	[$(C=O):1][NX3H1:2]!@[CX4H1:3][H:4]	-59.9948	1.23735	-	-	-	-	G
C37431545      none	B	[OX2:1][CX4:2]!@[CX4:3][N:4]	-59.9982	14.8764	-	-	-	-	G
C37431545      none	B	[O:1]=[C:2]([O-])!@[CX4H1:3][H:4]	-0.00279058	0.495663	-	-	-	-	O
C35383624      none	B	[C:1][CX4H2:2]!@[NX3:3][C:4]	-90.006	9.94394	-	-	-	-	G
C35383624      none	B	[a:1][a:2]!@[NX3:3][!#1:4]	150	1.85775	-	-	-	-	O
C35383624      none	B	N[C:2](=[O:1])!@[CH2:3][N:4]	180	8.33333	-	-	-	-	G
C35383624      none	B	[O:1]=[CX3:2]!@[NX3H1:3][!#1:4]	0.000866929	63.7893	-	-	-	-	G
C35383624      none	B	[$([CX3]=O):1][NX3H1:2]!@[CX4H2:3][C:4] 	90.0008	7.35439	-	-	-	-	G
C35383624      none	B	N[C:2](=[O:1])!@[CH2:3][N:4]	-120.002	0.892857	-	-	-	-	G
C35383624      none	B	[O:1]=[CX3:2]!@[NX3H1:3][!#1:4]	0.00632054	63.7893	-	-	-	-	G
C35383624      none	B	[$([CX3]=O):1][NX3H1:2]!@[CX4H2:3][C:4] 	179.995	6.46594	-	-	-	-	G
C35383624      none	B	[NH1:1][CX4:2]!@[CX3:3]=[O:4]	120.005	0.41354	-	-	-	-	G
C02545112      none	B	[H:1][CX4H1:2]!@[O:3][CX4:4]	-159.951	0.0294247	-	-	-	-	R
C61685179      none	B	[aH0:1][c:2]([aH1])!@[SX4:3][!#1:4]	90.0271	4.49141	-	-	-	-	O
C61685179      none	B	[c:1][S:2](=O)(=O)!@[NX2H0-:3]-[*:4]	-60.0017	11.1111	-	-	-	-	G
C61685179      none	B	[$(S(=O)(=O)):1][N:2]!@[c:3][a:4]	90	4.78516	-	-	-	-	G
C50421675      none	B	[a:1][c:2]!@[CX4H1:3][N,O:4]	-59.9944	3.48172	-	-	-	-	G
C50421675      none	B	[$(C=O):1][NX3H1:2]!@[CX4H1:3][H:4]	-59.9876	1.23735	-	-	-	-	G
C50421675      none	B	[O:1]=[CX3:2]([$([NX3H1]C)])!@[NX3H1:3][!#1:4]	-0.00265147	41.1343	-	-	-	-	G
C50421675      none	B	[O:1]=[CX3:2]([$([NX3H1]C)])!@[NX3H1:3][!#1:4]	-0.00082741	41.1343	-	-	-	-	G
C50421675      none	B	[$(C=O):1][NX3H1:2]!@[CX4H1:3][H:4]	179.996	0.712411	-	-	-	-	R
C50421675      none	B	[OX2:1][CX4:2]!@[CX4:3][N:4]	-40.0001	1.41573	-	-	-	-	G
C50421675      none	B	[O:1]=[C:2]([O-])!@[CX4H1:3][H:4]	89.9907	0.86741	-	-	-	-	O
C40577420      none	B	[a:1][c:2]!@[CX4H1:3][N,O:4]	-30.0047	3.61778	-	-	-	-	G
C40577420      none	B	[$(C=O):1][NX3H1:2]!@[CX4H1:3][H:4]	30.0081	9.46757	-	-	-	-	G
C40577420      none	B	[O:1]=[CX3:2]!@[NX3H1:3][!#1:4]	-0.00832181	63.7893	-	-	-	-	G
C40577420      none	B	[O:1]=[CX3:2]!@[NX3H0:3][!#1:4]	0.305623	25.0866	-	-	-	-	G
C40577420      none	B	[O:1]=[C:2]([O-])!@[CX4H1:3][H:4]	89.9988	0.86741	-	-	-	-	O
C40910746      none	B	[NH1:1][CX4:2]!@[CX3:3]=[O:4]	-119.997	0.275693	-	-	-	-	G
C40910746      none	B	[!#1:1][CX4:2]!@[NX3:3][!#1:4]	-59.9979	6.13257	-	-	-	-	G
C40910746      none	B	[c:1][$(S(=O)=O):2]!@[NX3H1:3][C:4]	-147.004	0	-	-	-	-	R
C40910746      none	B	[aH0:1][c:2]([aH1])!@[SX4:3][!#1:4]	-70.2706	15.3236	-	-	-	-	G
C36980481      none	B	[NH1:1][CX4:2]!@[CX3:3]=[O:4]	-146.857	4.5183	-	-	-	-	G
C36980481      none	B	[$(C=O):1][NX3H1:2]!@[CX4H0:3][C:4]	179.998	11.3993	-	-	-	-	G
C36980481      none	B	[O:1]=[CX3:2]!@[NX3H1:3][!#1:4]	-0.00778844	63.7893	-	-	-	-	G
C36980481      none	B	[*^2:1]~[C^2:2]([!H])!@[C^2:3]~[*^2:4]	-59.7354	0.757173	-	-	-	-	O
C61173197      none	B	[$([CX3]=O):1][NX3H0:2](C)!@[CX4H2:3][C:4]	89.9931	14.7513	-	-	-	-	G
C61173197      none	B	[O:1]=[CX3:2]!@[NX3H0:3][!#1:4]	-149.997	1.37927	-	-	-	-	O
C61173197      none	B	[$(C=O):1][NX3H0:2]!@[CX4H0:3][C:4]	-59.9973	12.5676	-	-	-	-	G
C61173197      none	B	[O:1]=[CX3:2]!@[NX3H0:3][!#1:4]	-149.722	1.37927	-	-	-	-	O
C61173197      none	B	[C:1][CX4:2]!@[CX3:3]=[O:4]	119.874	3.75937	-	-	-	-	G
C61173197      none	B	[N:1][CX4:2]!@[CX3:3]=[O:4]	89.9992	0.374597	-	-	-	-	O
C55169541      none	B	[$([CX3]=O):1][NX3H0:2](C)!@[CX4H2:3][C:4]	-90.0018	15.9949	-	-	-	-	G
C55169541      none	B	[O:1]=[CX3:2](a)!@[NX3H0:3][!#1:4]	-30.0094	1.17502	-	-	-	-	O
C55169541      none	B	[!#1:1][CX4H2:2]!@[CX4H2:3][!#1:4]	180	58.554	-	-	-	-	G
C55169541      none	B	[C:1][CX4H2:2]!@[CX3:3]=[O:4]	120.006	0.695249	-	-	-	-	O
C55169541      none	B	[a:1][c:2]!@[C:3]([NH0])=[O:4]	-59.6902	3.63889	-	-	-	-	G
C57353849      none	B	[*^2:1]~[C^2:2]([!H])!@[C^2:3]~[*^2:4]	-0.0038629	20.0453	-	-	-	-	G
C57353849      none	B	[*:1]~[NX2:2]!@[nX3:3]~[*:4]	60.3086	1.36719	-	-	-	-	G
C39940333      none	B	[!#1:1][CX4:2]!@[NX3;"N_lp":3]	-176.64	7.96925	-	-	-	-	G
C39940333      none	B	[C:1][CX4:2]!@[NX3:3][C:4]	-147.919	1.97343	-	-	-	-	G
C39940333      none	B	[OX2:1][CX4:2]!@[CX4:3][OX2:4]	-81.8406	2.4811	-	-	-	-	O
C42435152      none	B	[OX2:1][CX4:2]!@[CX4:3][N:4]	163.123	1.1236	-	-	-	-	O
C42435152      none	B	[O:1]=[CX3:2]!@[NX3H0:3][!#1:4]	-149.998	1.37927	-	-	-	-	O
C42435152      none	B	[O:1]=[CX3:2]!@[NX3H1:3][!#1:4]	0.010971	63.7893	-	-	-	-	G
C42435152      none	B	[$([CX3]=O):1][NX3H1:2]!@[CX4H2:3][C:4] 	149.998	1.43139	-	-	-	-	O
C42435152      none	B	[!#1:1][CX4H2:2]!@[CX4H2:3][!#1:4]	59.9939	3.99483	-	-	-	-	G
C42435152      none	B	[C:1][CX4H2:2]!@[CX3:3]=[O:4]	120.015	0.695249	-	-	-	-	R
C36977498      none	B	[a:1][c:2]!@[C:3]([NH1,NH2])=[O:4]	150	5.34677	-	-	-	-	O
C36977498      none	B	[O:1]=[CX3:2]!@[NX3H1:3][!#1:4]	-0.001395	63.7893	-	-	-	-	G
C36977498      none	B	[$(C=O):1][NX3H1:2]!@[CX4H1:3][H:4]	30.0011	9.46757	-	-	-	-	G
C36977498      none	B	[OX2:1][CX4:2]!@[CX4:3][N:4]	39.9991	1.66292	-	-	-	-	G
C36977498      none	B	[O:1]=[C:2]([O-])!@[CX4H1:3][H:4]	89.9972	0.86741	-	-	-	-	O
C40691311      none	B	[aH1:1][c:2]([aH1])!@[SX4:3][!#1:4]	89.9972	12.916	-	-	-	-	G
C40691311      none	B	[c:1][S:2](=O)(=O)!@[NX2H0-:3]-[*:4]	89.9981	2.77778	-	-	-	-	G
C40691311      none	B	[$(S(=O)(=O)):1][N:2]!@[c:3][a:4]	90.0002	4.78516	-	-	-	-	G
C40691311      none	B	[O-:1][N+:2](=O)!@[c:3][a:4]	-0.000471704	18.5814	-	-	-	-	G
C18192863      none	B	[cH1:1][a:2]([cH1])!@[a:3]([sX2,o,nX2H0,nX3H1:4])	-179.681	10.6726	-	-	-	-	G
C18192863      none	B	[O-:1][N+:2](=O)!@[c:3]([cH0])[cH,nX2H0:4]	0.0208189	12.6374	-	-	-	-	G
C50197127      none	B	[cH0:1][c:2]!@[CX4H2:3][N,O,S:4]	89.9976	7.74238	-	-	-	-	G
C50197127      none	B	[$(C=O):1][NX3H1:2]!@[CX4H2:3][!#1:4]	-119.995	2.75265	-	-	-	-	O
C50197127      none	B	[O:1]=[CX3:2]([$([NX3H1]C)])!@[NX3H1:3][!#1:4]	0.00132632	41.1343	-	-	-	-	G
C50197127      none	B	[O:1]=[CX3:2]([$([NX3H1]C)])!@[NX3H1:3][!#1:4]	-0.00042313	41.1343	-	-	-	-	G
C50197127      none	B	[$(C=O):1][NX3H1:2]!@[CX4H0:3][C:4]	179.998	11.3993	-	-	-	-	G
C50197127      none	B	[!#1:1][CX4:2]!@[CX4:3][!#1:4]	40.0055	0.998355	-	-	-	-	G
C50197127      none	B	[!#1:1][CX4H2:2]!@[CX4H2:3][!#1:4]	179.999	58.554	-	-	-	-	G
C50197127      none	B	[C:1][CX4H2:2]!@[CX3:3]=[O:4]	-119.996	0.79457	-	-	-	-	O
C37449819      none	B	[cH1:1][c:2]([cH1])!@[C:3]([NH1,NH2])=[O:4]	27.0524	8.08167	-	-	-	-	G
C37449819      none	B	[O:1]=[CX3:2]!@[NX3H1:3][!#1:4]	-0.000588445	63.7893	-	-	-	-	G
C37449819      none	B	[$([CX3]=O):1][NX3H1:2]!@[CX4H2:3][C:4] 	-149.999	1.7769	-	-	-	-	O
C37449819      none	B	[!#1:1][CX4H2:2]!@[CX4H2:3][!#1:4]	59.9982	3.99483	-	-	-	-	G
C37449819      none	B	[N:1][C:2](=O)!@[CX4H2:3][CX4H2:4]	90.0029	1.77112	-	-	-	-	O
C37449819      none	B	[O:1]=[CX3:2]!@[NX3H0:3][!#1:4]	30.3409	0.680979	-	-	-	-	O
C37449819      none	B	[O:1]=[C:2]([O-])!@[CX4H1:3][H:4]	-0.00193229	0.495663	-	-	-	-	O
C33463193      none	B	[C:1][CX4:2]!@[CX3:3]=[O:4]	-90.0027	3.45082	-	-	-	-	G
C33463193      none	B	[C:1][CX4:2]!@[CX3:3]=[O:4]	-150.004	1.18876	-	-	-	-	G
C33463193      none	B	[O:1]=[CX3:2]!@[NX3H1:3][!#1:4]	-0.00342652	63.7893	-	-	-	-	G
C33463193      none	B	[$([CX3]=O):1][NX3H1:2]!@[CX4H2:3][C:4] 	120.001	2.76407	-	-	-	-	O
C33463193      none	B	[!#1:1][CX4H2:2]!@[CX4H2:3][!#1:4]	-60.0001	3.77933	-	-	-	-	G
C33463193      none	B	[!#1:1][CX4H2:2]!@[CX4H2:3][!#1:4]	179.996	58.554	-	-	-	-	G
C33463193      none	B	[O:1]=[CX3:2]!@[NX3H0:3][!#1:4]	-179.694	18.2537	-	-	-	-	G
C33463193      none	B	[O:1]=[C:2]([O-])!@[CX4H1:3][H:4]	-0.000350487	0.495663	-	-	-	-	O
C41890473      none	B	[a:1][c:2]!@[CX4H0:3][a:4]	59.9957	4.29289	-	-	-	-	G
C41890473      none	B	[c:1][CX4:2]!@[CX3:3]=[O:4]	120.01	3.72108	-	-	-	-	G
C41890473      none	B	[*:1]~[CX4:2]!@[n:3]~[*:4]	150.01	3.15253	-	-	-	-	G
C65538744      none	B	[C:1][CX4H2:2]!@[OX2:3][c:4]	180	43.8829	-	-	-	-	G
C65538744      none	B	[cH0:1][c:2]([nX2])!@[O:3][C:4]	149.996	0	-	-	-	-	R
C65538744      none	B	[$(S(=O)(=O)):1][NH0:2]!@[c:3]([cH1])[cH0:4]	89.9884	13.1148	-	-	-	-	G
C65538744      none	B	[c:1][S:2](=O)(=O)!@[NX2H0-:3]-[*:4]	-59.9911	11.1111	-	-	-	-	G
C65538744      none	B	[aH1:1][c:2]([aH1])!@[SX4:3][!#1:4]	-89.7343	12.5987	-	-	-	-	G
C65538744      none	B	[cH1:1][a:2]([cH1])!@[a:3]([sX2,o,nX2H0,nX3H1:4])([cH1])	180	11.5003	-	-	-	-	G
C09380652      none	B	[cH1:1][c:2]([cH1])!@[O:3][C:4]	-179.743	26.896	-	-	-	-	G
C09380652      none	B	[$(C=O):1][NX3H0:2]!@[c:3]([cH1])[cH1:4]	179.986	1.68907	-	-	-	-	G
C09380652      none	B	[a:1][c:2]!@[CX4H1:3][N,O:4]	-29.9962	3.61778	-	-	-	-	G
C09380652      none	B	[*^2:1]~[C^2:2]([!H])!@[C^2:3]~[*^2:4]	-120.029	0.661024	-	-	-	-	G
C09380652      none	B	[cH1:1][c:2]([cH1])!@[CX3:3]([CX3H0])=[O:4]	0.262423	10.4508	-	-	-	-	G
C09380652      none	B	[O-:1][N+:2](=O)!@[c:3]([cH,nX2H0])[cH,nX2H0:4]	179.992	23.2156	-	-	-	-	G
C09380652      none	B	[cH1:1][c:2](cO)!@[O:3][C:4]	-89.7681	0.35524	-	-	-	-	R
C60349491      none	B	[!#1:1][CX4:2]!@[CX4:3][!#1:4]	59.9951	12.3771	-	-	-	-	G
C60349491      none	B	[OX2:1][CX4:2]!@[CX4:3][N:4]	-40.0032	1.41573	-	-	-	-	G
C60349491      none	B	[!#1:1][CX4H2:2]!@[NX3H1:3][!#1:4]	-149.998	1.95018	-	-	-	-	O
C60349491      none	B	[a:1][a:2]!@[NX3:3][!#1:4]	-19.7242	2.52019	-	-	-	-	G
C44382425      none	B	[NH1:1][CX4:2]!@[CX3:3]=[O:4]	-149.996	4.5183	-	-	-	-	G
C44382425      none	B	[$(C=O):1][NX3H1:2]!@[CX4H0:3][C:4]	59.9996	13.3187	-	-	-	-	G
C44382425      none	B	[O:1]=[CX3:2]!@[NX3H1:3][!#1:4]	-0.00461285	63.7893	-	-	-	-	G
C44382425      none	B	[nH0r6:1][cr6:2]([cH1r6])!@[C:3]([NH1,NH2])=[O:4]	180	49.7238	-	-	-	-	G
C44382425      none	B	[O:1]=[C:2]([O-])!@[c:3]([cH1])[cH1:4]	179.979	7.35294	-	-	-	-	G
C23458480      none	B	[$(S(=O)(=O)):1][N:2]!@[c:3][a:4]	180	4.19922	-	-	-	-	G
C23458480      none	B	[c:1][S:2](=O)(=O)!@[NX2H0-:3]-[*:4]	-59.9998	11.1111	-	-	-	-	G
C23458480      none	B	[aH1:1][c:2]([aH1])!@[SX4:3][!#1:4]	-89.7251	12.5987	-	-	-	-	G
C23458480      none	B	[a:1][c:2]!@[C:3]([NH0])=[O:4]	-89.9982	2.91667	-	-	-	-	G
C23458480      none	B	[O:1]=[CX3:2](a)!@[NX3H0:3][!#1:4]	150.289	2.50464	-	-	-	-	G
C23458480      none	B	[O:1]=[CX3:2]!@[NX3H0:3][!#1:4]	0.00550436	25.0866	-	-	-	-	G
C23458480      none	B	[O:1]=[C:2]!@[O:3]~[CH0:4]	0.00310875	56.519	-	-	-	-	G
C23458480      none	B	[!#1:1][CX4H0:2]!@[OX2:3][!#1:4]	60.003	19.4328	-	-	-	-	G
C42481635      none	B	[O:1]=[C:2]([O-])!@[c:3]([cH1])[cH1:4]	179.979	7.35294	-	-	-	-	G
C42481635      none	B	[cH1:1][c:2]([cH1])!@[CX4H2:3][CX4:4]	150.016	0.322581	-	-	-	-	R
C42481635      none	B	[!#1:1][CX4H2:2]!@[CX4H2:3][!#1:4]	-59.9951	3.77933	-	-	-	-	G
C42481635      none	B	[$([CX3]=O):1][NX3H1:2]!@[CX4H2:3][C:4] 	-90.0109	7.35439	-	-	-	-	G
C42481635      none	B	[O:1]=[CX3:2]!@[NX3H1:3][!#1:4]	0.00858592	63.7893	-	-	-	-	G
C42481635      none	B	[O:1]=[CX3:2]!@[NX3H0:3][!#1:4]	30.0011	0.680979	-	-	-	-	O
C42481635      none	B	[$([CX3]=O):1][NX3H0:2](C)!@[CX4H2:3][C:4]	89.9955	14.7513	-	-	-	-	G
C42481635      none	B	[$(C=O):1][NX3H0:2]!@[CX4H1:3][H:4]	-85.6694	0.12605	-	-	-	-	R
C42481635      none	B	[OX2:1][CX4H2:2]!@[CX4H2:3][N:4]	180	8.36763	-	-	-	-	G
C20546926      none	B	[!#1:1][CX4:2]!@[SX2:3][!#1:4]	-80.002	6.01214	-	-	-	-	G
C20546926      none	B	[!#1:1][CX4H2:2]!@[CX4H2:3][!#1:4]	180	58.554	-	-	-	-	G
C20546926      none	B	[!#1:1][CX4:2]!@[CX4:3][!#1:4]	-159.999	1.85018	-	-	-	-	G
C20546926      none	B	[O:1]=[C:2]([O-])!@[CX4H1:3][H:4]	89.9957	0.86741	-	-	-	-	O
C20546926      none	B	[$(C=O):1][NX3H1:2]!@[CX4H1:3][H:4]	30.0051	9.46757	-	-	-	-	G
C20546926      none	B	[O:1]=[CX3:2]([$([NX3H1]C)])!@[NX3H1:3][!#1:4]	-0.00460339	41.1343	-	-	-	-	G
C20546926      none	B	[O:1]=[CX3:2]([$([NX3H1]C)])!@[NX3H1:3][!#1:4]	-0.00109287	41.1343	-	-	-	-	G
C20546926      none	B	[$(C=O):1][NX3H1:2]!@[CX4H2:3][!#1:4]	180	5.78057	-	-	-	-	G
C20546926      none	B	[a:1][c:2]!@[CX4H2:3][!#1:4]	-44.6699	1.62815	-	-	-	-	O
C05617864      none	B	[c:1][cr6:2]!@[cr5:3][c:4]	60.3134	2.55906	-	-	-	-	G
C05617864      none	B	[a:1][ar5:2]!@[ar5:3][a:4]	60.3044	1.67939	-	-	-	-	G
C61831161      none	B	[!#1:1][CX4:2]!@[CX4:3][!#1:4]	-79.9953	1.71775	-	-	-	-	G
C61831161      none	B	[!#1:1][CX4:2]!@[CX4:3][!#1:4]	-60.0083	12.2558	-	-	-	-	G
C61831161      none	B	[!#1:1][CX4:2]!@[CX4:3][!#1:4]	160.001	1.81259	-	-	-	-	G
C61831161      none	B	[a:1][c:2]!@[CX4H1:3][N,O:4]	90.0041	1.22453	-	-	-	-	G
C61831161      none	B	[C:1][CX4H2:2]!@[CX3:3]=[O:4]	-89.9994	1.15875	-	-	-	-	O
C42806187      none	B	[!#1:1][CX4:2]!@[SX4:3][!#1:4]	179.998	13.1368	-	-	-	-	G
C42806187      none	B	[!#1:1][CX4H2:2]!@[CX4H2:3][!#1:4]	59.9944	3.99483	-	-	-	-	G
C42806187      none	B	[$([CX3]=O):1][NX3H1:2]!@[CX4H2:3][C:4] 	-119.997	2.61599	-	-	-	-	O
C42806187      none	B	[O:1]=[CX3:2]!@[NX3H1:3][!#1:4]	-0.000837817	63.7893	-	-	-	-	G
C42806187      none	B	[cH1:1][c:2]([cH1])!@[C:3]([NH1,NH2])=[O:4]	27.0083	8.08167	-	-	-	-	G
C42806187      none	B	[aH1:1][c:2]([aH1])!@[SX4:3][!#1:4]	90.0034	12.916	-	-	-	-	G
C40710356      none	B	[a:1][c:2]!@[CX4H1:3][N,O:4]	-89.9927	1.29082	-	-	-	-	G
C40710356      none	B	[$(C=O):1][NX3H1:2]!@[CX4H1:3][H:4]	0.00248152	8.26772	-	-	-	-	G
C40710356      none	B	[O:1]=[CX3:2]([$([NX3H1]C)])!@[NX3H1:3][!#1:4]	-0.00441681	41.1343	-	-	-	-	G
C40710356      none	B	[O:1]=[CX3:2]([$([NX3H1]C)])!@[NX3H1:3][!#1:4]	0.00296455	41.1343	-	-	-	-	G
C40710356      none	B	[$(C=O):1][NX3H1:2]!@[CX4H1:3][H:4]	0.001925	8.26772	-	-	-	-	G
C40710356      none	B	[!#1:1][CX4:2]!@[CX4:3][!#1:4]	180	22.1548	-	-	-	-	G
C40710356      none	B	[O:1]=[C:2]([O-])!@[CX4H1:3][H:4]	0.00490091	0.495663	-	-	-	-	O
C40710356      none	B	[!#1:1][CX4H2:2]!@[CX4H2:3][!#1:4]	-59.9987	3.77933	-	-	-	-	G
C13090958      none	B	[cH1:1][c:2]([cH1])!@[CX4H2:3][CX4:4]	-89.9833	11.9355	-	-	-	-	G
C13090958      none	B	[!#1:1][CX4H2:2]!@[CX4H2:3][!#1:4]	59.9989	3.99483	-	-	-	-	G
C13090958      none	B	[!#1:1][CX4H2:2]!@[NX3H1:3][!#1:4]	-119.996	2.14327	-	-	-	-	O
C13090958      none	B	[cH0:1][c:2]([cH,nX2H0])!@[NX3H1:3][CX4:4]	160.004	3.7196	-	-	-	-	O
C13090958      none	B	[aH1:1][c:2]([aH1])!@[SX4:3][!#1:4]	90.0033	12.916	-	-	-	-	G
C13090958      none	B	[O:1]=[C:2]([O-])!@[c:3]([cH1])[$([cH0][NH1,NH2]):4]	0.00902678	10	-	-	-	-	G
C13090958      none	B	[*:1][$(S(=O)=O):2]!@[NX3H0r:3][*:4]	-119.72	0.995261	-	-	-	-	G
CHEMBL372797      none	B	[O:1]=[C:2]([O-])!@[c:3]([cH1])[cH0:4]	89.9964	0	-	-	-	-	R
CHEMBL372797      none	B	[cH0:1][c:2]!@[CX4H2:3][a:4]	44.996	0.396197	-	-	-	-	R
CHEMBL372797      none	B	[!#1:1][CH2:2]!@[n:3][cH0:4]	-134.724	0.892478	-	-	-	-	R
CHEMBL372797      none	B	[!#1:1][CH2:2]!@[n:3][cH0:4]	-89.7701	15.4696	-	-	-	-	G
CHEMBL372797      none	B	[!#1:1][CX4:2]!@[CX4:3][!#1:4]	-159.999	1.85018	-	-	-	-	G
CHEMBL372797      none	B	[O:1]=[C:2]([O-])!@[CX4H1:3][H:4]	89.9958	0.86741	-	-	-	-	O
C42510370      none	B	[$(S(=O)(=O)):1][NX3H0:2]!@[CX4H2:3][!#1:4]	-90.0041	8.83621	-	-	-	-	G
C42510370      none	B	[c:1][$(S(=O)=O):2]!@[NX3H0:3][C:4]	59.9955	7.00418	-	-	-	-	G
C42510370      none	B	[OX2:1][CX4:2]!@[CX4:3][N:4]	-80.0031	3.59551	-	-	-	-	G
C42510370      none	B	[OX2:1][CX4:2]!@[CX4:3][OX2:4]	-159.999	0.511128	-	-	-	-	G
C42510370      none	B	[C:1][CH2:2]!@[O:3][CX4:4]	-79.9993	1.18773	-	-	-	-	G
C42510370      none	B	[aH0:1][c:2]([aH1])!@[SX4:3][!#1:4]	60.0034	13.4742	-	-	-	-	G
C42510370      none	B	[O:1]=[C:2]([O-])!@[c:3]([cH1])[cH0:4]	0.00788822	8.88889	-	-	-	-	G
C41033777      none	B	[NH1:1][CX4:2]!@[CX3:3]=[O:4]	-119.999	0.275693	-	-	-	-	G
C41033777      none	B	[$(C=O):1][NX3H1:2]!@[CX4H0:3][C:4]	-60.0003	14.7253	-	-	-	-	G
C41033777      none	B	[O:1]=[CX3:2]!@[NX3H1:3][!#1:4]	0.00426686	63.7893	-	-	-	-	G
C41033777      none	B	[cH1:1][c:2]([cH1])!@[C:3]([NH1,NH2])=[O:4]	-26.9923	8.39053	-	-	-	-	G
C20258272      none	B	[OX2:1][CX4:2]!@[CX4:3][N:4]	59.9995	15.2809	-	-	-	-	G
C20258272      none	B	[O:1]=[C:2]([O-])!@[CX4H1:3][H:4]	0.0112504	0.495663	-	-	-	-	O
C20258272      none	B	[$(C=O):1][NX3H1:2]!@[CX4H1:3][H:4]	-0.00397161	8.26772	-	-	-	-	G
C20258272      none	B	[O:1]=[CX3:2]!@[NX3H1:3][!#1:4]	0.00327621	63.7893	-	-	-	-	G
C20258272      none	B	[nH0r6:1][cr6:2]([cH1r6])!@[C:3]([NH1,NH2])=[O:4]	150.006	0.368324	-	-	-	-	G
C40577442      none	B	[$(C=O):1][NX3H1:2]!@[c:3]([cH1])[cH1:4]	-150.027	5.07451	-	-	-	-	G
C40577442      none	B	[O:1]=[CX3:2]!@[NX3H1:3][!#1:4]	59.9978	0	-	-	-	-	R
C40577442      none	B	[O:1]=[CX3:2]!@[NX3H0:3][!#1:4]	0.30706	25.0866	-	-	-	-	G
C40577442      none	B	[O:1]=[C:2]([O-])!@[CX4H1:3][H:4]	89.9953	0.86741	-	-	-	-	O
C50016190      none	B	[cH0:1][c:2]([cH1])!@[CX3:3]([NX3H1])=[O:4]	-30.0284	2.34987	-	-	-	-	G
C50016190      none	B	[O-:1][N+:2](=O)!@[c:3]([cH0])[cH,nX2H0:4]	89.9815	0.274725	-	-	-	-	O
C50016190      none	B	[O:1]=[CX3:2]!@[NX3H1:3][!#1:4]	0.000366051	63.7893	-	-	-	-	G
C50016190      none	B	[$(C=O):1][NX3H1:2]!@[CX4H1:3][H:4]	-29.9953	6.97413	-	-	-	-	G
C50016190      none	B	[!#1:1][CX4:2]!@[CX4:3][!#1:4]	-79.9995	1.71775	-	-	-	-	G
C50016190      none	B	[O:1]=[C:2]([O-])!@[CX4H1:3][H:4]	90.002	0.86741	-	-	-	-	O
C50016190      none	B	[!#1:1][CX4H2:2]!@[CX4H2:3][!#1:4]	-60.0019	3.77933	-	-	-	-	G
C20301832      none	B	[OX2:1][CX4:2]!@[CX4:3][N:4]	-60.0014	14.8764	-	-	-	-	G
C20301832      none	B	[O:1]=[C:2]([O-])!@[CX4H1:3][H:4]	89.9989	0.86741	-	-	-	-	O
C20301832      none	B	[$(S(=O)(=O)):1][NX3H1:2]!@[CX4H1:3][H:4]	0.00218222	7.36648	-	-	-	-	G
C20301832      none	B	[c:1][$(S(=O)=O):2]!@[NX3H1:3][C:4]	-89.9992	3.19032	-	-	-	-	G
C20301832      none	B	[aH1:1][c:2]([aH1])!@[SX4:3][!#1:4]	90.2753	12.916	-	-	-	-	G
C04533940      none	B	[O:1]=[CX3:2]!@[NX3H1:3][!#1:4]	-0.00392273	63.7893	-	-	-	-	G
C04533940      none	B	[$(C=O):1][NX3H1:2]!@[CX4H1:3][H:4]	-29.9954	6.97413	-	-	-	-	G
C04533940      none	B	[NH1:1][CX4:2]!@[CX3:3]=[O:4]	29.993	2.12896	-	-	-	-	G
C04533940      none	B	[OX2:1][CX4:2]!@[CX4:3][N:4]	179.998	9.8427	-	-	-	-	G
C04533940      none	B	[OX2:1][CX4:2]!@[CX4:3][OX2:4]	60.0001	14.3222	-	-	-	-	G
C04533940      none	B	[OX2:1][CX4:2]!@[CX4:3][OX2:4]	159.996	0.798637	-	-	-	-	G
C04533940      none	B	[H:1][CX4H1:2]!@[OX2:3][!#1:4]	-40.0105	10.8116	-	-	-	-	G
C04533940      none	B	[OX2:1][CX4:2]!@[CX4:3][OX2:4]	59.9931	14.3222	-	-	-	-	G
C04533940      none	B	[*:1]~[OX2:2]!@[SX4:3]~[*:4]	40.0035	4.66479	-	-	-	-	G
C40429087      none	B	[NH1:1][CX4:2]!@[CX3:3]=[O:4]	-29.9944	4.44172	-	-	-	-	G
C40429087      none	B	[$(C=O):1][NX3H1:2]!@[CX4H0:3][C:4]	60.0006	13.3187	-	-	-	-	G
C40429087      none	B	[O:1]=[CX3:2]([$([NX3H1]C)])!@[NX3H1:3][!#1:4]	-0.020312	41.1343	-	-	-	-	G
C40429087      none	B	[O:1]=[CX3:2]([$([NX3H1]C)])!@[NX3H1:3][!#1:4]	-179.988	9.5176	-	-	-	-	R
C40429087      none	B	[$([CX3]=O):1][NX3H1:2]!@[CX4H2:3][C:4] 	180	6.46594	-	-	-	-	G
C40429087      none	B	[OX2:1][CX4:2]!@[CX4:3][N:4]	-61.7006	14.8764	-	-	-	-	G
C43566291      none	B	[OX2:1][CX4:2]!@[CX4:3][N:4]	-39.9928	1.41573	-	-	-	-	G
C43566291      none	B	[O:1]=[C:2]([O-])!@[CX4H1:3][H:4]	-0.00800464	0.495663	-	-	-	-	O
C43566291      none	B	[$(C=O):1][NX3H1:2]!@[CX4H1:3][H:4]	-29.9979	6.97413	-	-	-	-	G
C43566291      none	B	[O:1]=[CX3:2]!@[NX3H1:3][!#1:4]	0.00187664	63.7893	-	-	-	-	G
C43566291      none	B	[cH1:1][c:2]([cH1])!@[C:3]([NH1,NH2])=[O:4]	26.9966	8.08167	-	-	-	-	G
C40558997      none	B	[$(C=O):1][NX3H1:2]!@[c:3](s)[n:4]	0.27368	0.574713	-	-	-	-	R
C40558997      none	B	[O,S:1]=[C:2]([$([NX3H1]),$([NX3H2])])!@[$([NX3]c[nH0]):3][H:4]	-0.0185142	46.0938	-	-	-	-	G
C40558997      none	B	[O:1]=[CX3:2]([$([NX3H1]C)])!@[NX3H1:3][!#1:4]	-0.00484592	41.1343	-	-	-	-	G
C40558997      none	B	[$(C=O):1][NX3H1:2]!@[CX4H1:3][H:4]	-30.0018	6.97413	-	-	-	-	G
C40558997      none	B	[OX2:1][CX4:2]!@[CX4:3][N:4]	179.996	9.8427	-	-	-	-	G
C40558997      none	B	[O:1]=[C:2]([O-])!@[CX4H1:3][H:4]	-0.00346033	0.495663	-	-	-	-	O
C20259183      none	B	[C:1][CX4:2]!@[CX3:3]=[O:4]	-120.003	3.42432	-	-	-	-	G
C20259183      none	B	[*:1]~[CX4:2]!@[n:3]~[*:4]	179.998	3.53397	-	-	-	-	G
C20259183      none	B	[O:1]=[CX3:2]!@[NX3H1:3][!#1:4]	-0.00123509	63.7893	-	-	-	-	G
C20259183      none	B	[$(C=O):1][NX3H1:2]!@[CX4H1:3][H:4]	-59.9995	1.23735	-	-	-	-	G
C20259183      none	B	[!#1:1][CX4:2]!@[CX4:3][!#1:4]	-159.997	1.85018	-	-	-	-	G
C20259183      none	B	[O:1]=[C:2]([O-])!@[CX4H1:3][H:4]	89.988	0.86741	-	-	-	-	O
C20259183      none	B	[C:1][CX4H2:2]!@[CX3:3]=[O:4]	59.9939	1.60569	-	-	-	-	O
C37582730      none	B	[!#1:1][CX4:2]!@[SX2:3][!#1:4]	-80.0063	6.01214	-	-	-	-	G
C37582730      none	B	[!#1:1][CX4H2:2]!@[CX4H2:3][!#1:4]	179.997	58.554	-	-	-	-	G
C37582730      none	B	[!#1:1][CX4:2]!@[CX4:3][!#1:4]	-159.996	1.85018	-	-	-	-	G
C37582730      none	B	[NH1:1][CX4:2]!@[CX3:3]=[O:4]	89.9952	0.183795	-	-	-	-	R
C37582730      none	B	[$(C=O):1][NX3H1:2]!@[CX4H1:3][H:4]	-0.0101802	8.26772	-	-	-	-	G
C37582730      none	B	[O:1]=[CX3:2]!@[NX3H0:3][!#1:4]	-0.00531645	25.0866	-	-	-	-	G
C37582730      none	B	[$([CX3]=O):1][NX3H0:2](C)!@[CX4H2:3][C:4]	-60.0004	0.686106	-	-	-	-	O
C37582730      none	B	[$(C=O):1][NX3H0:2]!@[CX4H1:3][H:4]	64.3252	0.252101	-	-	-	-	R
C37582730      none	B	[!#1:1][CX4H2:2]!@[CX4H2:3][!#1:4]	-59.9976	3.77933	-	-	-	-	G
C37582730      none	B	[C:1][CX4H2:2]!@[CX3:3]=[O:4]	-90.0032	1.15875	-	-	-	-	O
C37582730      none	B	[O:1]=[CX3:2]!@[NX3H1:3][!#1:4]	0.00509695	63.7893	-	-	-	-	G
C47992169      none	B	[aH1:1][c:2]([aH1])!@[SX4:3][!#1:4]	90.0029	12.916	-	-	-	-	G
C47992169      none	B	[c:1][S:2](=O)(=O)!@[NX2H0-:3]-[*:4]	89.9931	2.77778	-	-	-	-	G
C47992169      none	B	[$(S(=O)(=O)):1][NH0:2]!@[c:3]([cH1])[cH1:4]	-120.278	1.65289	-	-	-	-	G
C47992169      none	B	[O-:1][N+:2](=O)!@[c:3]([cH0])[cH,nX2H0:4]	0.289917	12.6374	-	-	-	-	G
C12521696      none	B	[*:1][$(S(=O)=O):2]!@[NX3H0r:3][*:4]	-90.0035	4.88152	-	-	-	-	G
C12521696      none	B	[*:1][$(S(=O)=O):2]!@[NX3H1:3][*:4]	60.009	8.81913	-	-	-	-	G
C12521696      none	B	[$(S(=O)(=O)):1][NX3H1:2]!@[CX4H2:3][!#1:4]	-150.001	7.72532	-	-	-	-	G
C12521696      none	B	[!#1:1][CX4H2:2]!@[CX4H2:3][!#1:4]	59.9916	3.99483	-	-	-	-	G
C12521696      none	B	[!#1:1][CX4H2:2]!@[NX3H1:3][!#1:4]	60.0051	1.21645	-	-	-	-	O
C12521696      none	B	[cH0:1][c:2]([cH,nX2H0])!@[NX3H1:3][CX4:4]	-160.004	4.72103	-	-	-	-	O
C12521696      none	B	[aH1:1][c:2]([aH1])!@[SX4:3][!#1:4]	90.0013	12.916	-	-	-	-	G
C12521696      none	B	[O-:1][N+:2](=O)!@[c:3]([cH0])[cH,nX2H0:4]	90.2705	0.274725	-	-	-	-	O
C02470848      none	B	[O-:1][N+:2](=O)!@[c:3]([cH0])[cH,nX2H0:4]	90.014	0.274725	-	-	-	-	O
C02470848      none	B	[cH0:1][c:2]!@[CX4H1:3][CX3:4]	121.6	7.49415	-	-	-	-	G
C02470848      none	B	[*^2:1]~[C^2:2]([!H])!@[C^2:3]~[*^2:4]	-150.012	1.11601	-	-	-	-	G
C02470848      none	B	[$([CX3]=O):1][NX3H0:2](C)!@[CX4H2:3][C:4]	-90.0412	15.9949	-	-	-	-	G
C02470848      none	B	[OX2:1][CX4:2]!@[CX4:3][N:4]	61.2028	15.2809	-	-	-	-	G
C02470848      none	B	[a:1][a:2]!@[CX3:3]=[O:4]	-149.697	2.51484	-	-	-	-	O
C35057128      none	B	[O:1]=[C:2]([O-])!@[CX4H1:3][H:4]	0.00341297	0.495663	-	-	-	-	O
C35057128      none	B	[H:1][CX4H1:2]!@[O:3][CX4:4]	29.9976	7.15021	-	-	-	-	G
C35057128      none	B	[H:1][CX4H1:2]!@[O:3][CX4:4]	0.00204864	4.26659	-	-	-	-	G
C35057128      none	B	[$(C=O):1][NX3H1:2]!@[CX4H1:3][H:4]	59.996	6.22422	-	-	-	-	G
C35057128      none	B	[!#1:1][CX4:2]!@[SX2:3][!#1:4]	159.999	2.91722	-	-	-	-	G
C35057128      none	B	[a:1][c:2]!@[CX4H1:3][N,O:4]	-149.728	3.72593	-	-	-	-	G
C35057128      none	B	[aH1:1][c:2]([aH1])!@[SX2:3][!#1:4]	-29.9997	2.06819	-	-	-	-	G
C35057128      none	B	[O:1]=[CX3:2]!@[NX3H1:3][!#1:4]	-0.000459789	63.7893	-	-	-	-	G
C19723992      none	B	[cH1:1][a:2]([cH1])!@[a:3]([sX2,o,nX2H0,nX3H1:4])([cH0])	60.0028	1.97285	-	-	-	-	G
C37583805      none	B	[cH0:1][c:2]([cH1])!@[CX3:3]([NX3H0])=[O:4]	59.9853	6.54545	-	-	-	-	G
C37583805      none	B	[O:1]=[C:2]!@[NX3H0:3]([a:4])[A]	-0.000857968	15.7822	-	-	-	-	G
C37583805      none	B	[$(C=O):1][NX3H0:2]!@[CX4H2:3][!#1:4]	-120	2.94527	-	-	-	-	G
C37583805      none	B	[$(C=O):1][NX3H0:2]!@[c:3]([cH1])[cH1:4]	30.0105	1.15477	-	-	-	-	G
C37583805      none	B	[N:1][CX4:2]!@[CX3:3]=[O:4]	-120.001	0.897291	-	-	-	-	G
C39937230      none	B	[O:1]=[CX3:2]!@[NX3H1:3][!#1:4]	0.00685273	63.7893	-	-	-	-	G
C39937230      none	B	[$(C=O):1][NX3H1:2]!@[CX4H1:3][H:4]	29.996	9.46757	-	-	-	-	G
C39937230      none	B	[a:1][c:2]!@[CX4H1:3][N,O:4]	-149.724	3.72593	-	-	-	-	G
C39937230      none	B	[H:1][CX4H1:2]!@[O:3][CX4:4]	80.2862	0.0588495	-	-	-	-	R
C40700058      none	B	[O:1]=[CX3:2]!@[NX3H0:3][!#1:4]	-0.000744677	25.0866	-	-	-	-	G
C40700058      none	B	[O:1]=[CX3:2]!@[NX3H1:3][!#1:4]	0.00277207	63.7893	-	-	-	-	G
C40700058      none	B	[$(C=O):1][NX3H1:2]!@[CX4H1:3][H:4]	0.00148297	8.26772	-	-	-	-	G
C40700058      none	B	[!#1:1][CX4:2]!@[CX4:3][!#1:4]	-160	1.85018	-	-	-	-	G
C40700058      none	B	[O:1]=[C:2]([O-])!@[CX4H1:3][H:4]	0.0103123	0.495663	-	-	-	-	O
C40700058      none	B	[!#1:1][CX4H2:2]!@[CX4H2:3][!#1:4]	180	58.554	-	-	-	-	G
C50857990      none	B	[*:1]~[N,n:2]!@[S:3]~[*:4]	-59.9993	4.40087	-	-	-	-	G
C50857990      none	B	[$(S(=O)(=O)):1][NH0:2]!@[c:3]([cH1])[cH1:4]	-60.2745	0.826446	-	-	-	-	G
C50857990      none	B	[a:1][c:2]!@[C:3]([NH0])=[O:4]	60.0019	3.02778	-	-	-	-	G
C50857990      none	B	[O:1]=[CX3:2](a)!@[NX3H0:3][!#1:4]	-179.733	9.67842	-	-	-	-	G
C50857990      none	B	[O:1][CX4:2]!@[CX3:3]=[O:4]	-119.814	1.11962	-	-	-	-	O
C49539936      none	B	[a:1][c:2]!@[CX4H2:3][!#1:4]	0.00116504	2.24426	-	-	-	-	O
C49539936      none	B	[$(C=O):1][NX3H1:2]!@[CX4H2:3][!#1:4]	-90.001	7.86473	-	-	-	-	G
C49539936      none	B	[O:1]=[CX3:2]([$([NX3H1]C)])!@[NX3H1:3][!#1:4]	-0.0146147	41.1343	-	-	-	-	G
C49539936      none	B	[O:1]=[CX3:2]([$([NX3H1]C)])!@[NX3H1:3][!#1:4]	0.00809635	41.1343	-	-	-	-	G
C49539936      none	B	[$(C=O):1][NX3H1:2]!@[CX4H1:3][H:4]	-30.0007	6.97413	-	-	-	-	G
C49539936      none	B	[!#1:1][CX4:2]!@[CX4:3][!#1:4]	39.9988	0.998355	-	-	-	-	G
C49539936      none	B	[O:1]=[C:2]([O-])!@[CX4H1:3][H:4]	0.000284008	0.495663	-	-	-	-	O
C49539936      none	B	[!#1:1][CX4H2:2]!@[CX4H2:3][!#1:4]	180	58.554	-	-	-	-	G
C36499796      none	B	[*:1]~[CX4:2]!@[CX3:3]~[*:4]	-0.000585979	5.30015	-	-	-	-	G
C36499796      none	B	[N:1][CX4:2]!@[CX3:3]=[O:4]	89.9997	0.374597	-	-	-	-	O
C36499796      none	B	[$(C=O):1][NX3H0:2]!@[CX4H1:3][H:4]	29.9972	2.94118	-	-	-	-	G
C36499796      none	B	[O:1]=[CX3:2]!@[NX3H1:3][!#1:4]	-0.000962468	63.7893	-	-	-	-	G
C36499796      none	B	[$(C=O):1][NX3H1:2]!@[CX4H1:3][H:4]	-29.9975	6.97413	-	-	-	-	G
C36499796      none	B	[$(C=O):1][NX3H0:2]!@[CX4H2:3][!#1:4]	90.0042	13.8915	-	-	-	-	G
C36499796      none	B	[O:1]=[CX3:2](a)!@[NX3H0:3][!#1:4]	180	9.67842	-	-	-	-	G
C36499796      none	B	[a:1][c:2]!@[CX4H2:3][!#1:4]	-89.6822	7.30446	-	-	-	-	G
C36499796      none	B	[cH0:1][c:2]([cH1])!@[CX3:3]([NX3H0])=[O:4]	90.0003	5.09091	-	-	-	-	G
C36499796      none	B	[O-:1][N+:2](=O)!@[c:3]([cH,nX2H0])[cH,nX2H0:4]	179.979	23.2156	-	-	-	-	G
C54500617      none	B	[!#1:1][CX4:2]!@[CX4:3][!#1:4]	-160.001	1.85018	-	-	-	-	G
C54500617      none	B	[O:1]=[C:2]([O-])!@[CX4H1:3][H:4]	0.00603259	0.495663	-	-	-	-	O
C54500617      none	B	[$(C=O):1][NX3H1:2]!@[CX4H1:3][H:4]	-0.0017728	8.26772	-	-	-	-	G
C54500617      none	B	[O:1]=[CX3:2]!@[NX3H1:3][!#1:4]	0.00176972	63.7893	-	-	-	-	G
C54500617      none	B	[NH1:1][CX4:2]!@[CX3:3]=[O:4]	123.147	0.41354	-	-	-	-	G
C37464945      none	B	[cH0:1][c:2]!@[CX4H2:3][CX4:4]	90.0042	18.5823	-	-	-	-	G
C37464945      none	B	[!#1:1][CX4H2:2]!@[CX4H2:3][!#1:4]	59.9924	3.99483	-	-	-	-	G
C37464945      none	B	[$(S(=O)(=O)):1][NX3H1:2]!@[CX4H2:3][!#1:4]	120	2.14592	-	-	-	-	O
C37464945      none	B	[C:1][$(S(=O)=O):2]!@[NX3H1:3][C:4]	-89.9946	6.12245	-	-	-	-	G
C37464945      none	B	[!#1:1][CX4:2]!@[SX4:3][!#1:4]	160.007	2.73684	-	-	-	-	G
C37464945      none	B	[!#1:1][CX4H2:2]!@[CX4H2:3][!#1:4]	59.9944	3.99483	-	-	-	-	G
C37464945      none	B	[!#1:1][CX4H2:2]!@[CX4H2:3][!#1:4]	-59.9962	3.77933	-	-	-	-	G
C37464945      none	B	[C:1][CX4H2:2]!@[CX3:3]=[O:4]	120.003	0.695249	-	-	-	-	O
C42810214      none	B	[C:1][CH2:2]!@[O:3][CX4:4]	80.0006	1.71561	-	-	-	-	G
C42810214      none	B	[!#1:1][CX4H2:2]!@[CX4H2:3][!#1:4]	179.999	58.554	-	-	-	-	G
C42810214      none	B	[!#1:1][CX4:2]!@[SX4:3][!#1:4]	67.7427	8.06316	-	-	-	-	G
C42810214      none	B	[*:1]~[N,n:2]!@[S:3]~[*:4]	89.9999	2.07924	-	-	-	-	G
C42810214      none	B	[$(S(=O)(=O)):1][N:2]!@[c:3][a:4]	-29.9996	2.09961	-	-	-	-	G
C42810214      none	B	[$([cH0]([$([NX3H2]),$([NX3H1])])):1][a:2]!@[a:3][nX2:4]	-119.996	0	-	-	-	-	R
C37796244      none	B	[!#1:1][CX4:2]!@[CX4:3][!#1:4]	-60.0041	12.2558	-	-	-	-	G
C37796244      none	B	[$(C=O):1][NX3H1:2]!@[CX4H1:3][H:4]	29.9875	9.46757	-	-	-	-	G
C37796244      none	B	[!#1:1][CX4H2:2]!@[CX4H2:3][!#1:4]	179.999	58.554	-	-	-	-	G
C37796244      none	B	[cH1:1][c:2]([cH1])!@[CX4H2:3][CX4:4]	90.004	11.713	-	-	-	-	G
C37796244      none	B	[O:1]=[CX3:2]!@[NX3H1:3][!#1:4]	0.011966	63.7893	-	-	-	-	G
C37796244      none	B	[*^2:1]~[C^2:2]([!H])!@[C^2:3]~[*^2:4]	-150	1.11601	-	-	-	-	G
C37796244      none	B	[*^2:1]~[C^2:2]([!H])!@[C^2:3]~[*^2:4]	0.00545963	20.0453	-	-	-	-	G
C55215937      none	B	[OX2:1][CX4:2]!@[CX4:3][N:4]	83.3562	3.55056	-	-	-	-	O
C55215937      none	B	[$(C=O):1][NX3H1:2]!@[CX4H1:3][H:4]	29.9995	9.46757	-	-	-	-	G
C55215937      none	B	[O:1]=[CX3:2]!@[NX3H1:3][!#1:4]	-0.00229088	63.7893	-	-	-	-	G
C55215937      none	B	[$([cH0][OH1]):1][c:2]([cH1])!@[C:3](=O)[NH1:4]	-150.005	2.54237	-	-	-	-	R
C55215937      none	B	[$(S(=O)(=O)):1][NH0:2]!@[c:3]([cH1])[cH1:4]	119.985	2.06612	-	-	-	-	G
C55215937      none	B	[*:1]~[N,n:2]!@[S:3]~[*:4]	56.0231	4.33354	-	-	-	-	O
C32087260      none	B	[aH1:1][c:2]([aH1])!@[SX4:3][!#1:4]	-90.007	12.5987	-	-	-	-	G
C32087260      none	B	[O-:1][N+:2](=O)!@[c:3]([cH0])[cH,nX2H0:4]	0.20763	12.6374	-	-	-	-	G
C32087260      none	B	[c:1][S:2](=O)(=O)!@[NX2H0-:3]-[*:4]	60.0056	8.33333	-	-	-	-	G
C32087260      none	B	[$(S(=O)(=O)):1][NH0:2]!@[c:3]([cH1])[cH1:4]	89.719	15.7025	-	-	-	-	G
C32087260      none	B	[a:1][c:2]!@[C:3]([NH1,NH2])=[O:4]	90.0113	0.308642	-	-	-	-	O
C67155660      none	B	[a:1][c:2]!@[C:3]([NH1,NH2])=[O:4]	89.9868	0.308642	-	-	-	-	O
C67155660      none	B	[cH1:1][a:2]([cH1])!@[a:3]([sX2,o,nX2H0,nX3H1:4])([cH0])	-119.581	2.13068	-	-	-	-	G
C67155660      none	B	[O:1]=[CX3:2]!@[NX3H1:3][!#1:4]	0.00524016	63.7893	-	-	-	-	G
C67155660      none	B	[$(C=O):1][NX3H1:2]!@[CX4H0:3][C:4]	179.995	11.3993	-	-	-	-	G
C67155660      none	B	[NH1:1][CX4:2]!@[CX3:3]=[O:4]	0.00656555	6.89233	-	-	-	-	G
C02785173      none	B	[O-:1][N+:2](=O)!@[c:3]([cH0])[cH,nX2H0:4]	-0.00662635	12.6374	-	-	-	-	G
C02785173      none	B	[!#1:1][CH2:2]!@[n:3][cH0:4]	134.999	0.637484	-	-	-	-	R
C02785173      none	B	[!#1:1][CX4H2:2]!@[CX4H2:3][!#1:4]	-59.9922	3.77933	-	-	-	-	G
C02785173      none	B	[O:1]=[CX3:2]([NH1])!@[CH2:3][C:4]	-89.9905	1.868	-	-	-	-	O
C02785173      none	B	[O:1]=[CX3:2]!@[NX3H1:3][!#1:4]	-0.00800269	63.7893	-	-	-	-	G
C02785173      none	B	[$(C=O):1][NX3H1:2]!@[CX4H1:3][H:4]	0.000696133	8.26772	-	-	-	-	G
C02785173      none	B	[*^2:1]~[C^2:2]([!H])!@[C^2:3]~[*^2:4]	-89.9786	1.27397	-	-	-	-	G
C37420962      none	B	[O:1]=[CX3:2]!@[CX4H1r3:3][H:4]	-119.998	1.16667	-	-	-	-	O
C37420962      none	B	[O:1]=[CX3:2]!@[NX3H1:3][!#1:4]	-0.0103707	63.7893	-	-	-	-	G
C37420962      none	B	[$([CX3]=O):1][NX3H1:2]!@[CX4H2:3][C:4] 	-59.9969	1.43139	-	-	-	-	G
C37420962      none	B	[!#1:1][CX4H2:2]!@[CX4H2:3][!#1:4]	179.994	58.554	-	-	-	-	G
C37420962      none	B	[O:1]=[CX3:2]([NH1])!@[CH2:3][C:4]	-29.9883	4.73225	-	-	-	-	G
C37420962      none	B	[O:1]=[CX3:2]!@[NX3H1:3][!#1:4]	-0.0105767	63.7893	-	-	-	-	G
C37420962      none	B	[$(C=O):1][NX3H1:2]!@[CX4H0:3][C:4]	-63.831	14.7253	-	-	-	-	G
C37420962      none	B	[NH1:1][CX4:2]!@[CX3:3]=[O:4]	-0.00121624	6.89233	-	-	-	-	G
C62132488      none	B	[aH1:1][c:2]([aH1])!@[SX4:3][!#1:4]	29.9957	0.225606	-	-	-	-	R
C62132488      none	B	[cH1:1][c:2]([cH1])!@[C:3]([NH1,NH2])=[O:4]	0.00126969	4.32395	-	-	-	-	G
C62132488      none	B	[*:1][$(S(=O)=O):2]!@[NX3H0r:3][*:4]	-119.701	0.995261	-	-	-	-	G
C62132488      none	B	[O:1]=[C:2]([O-])!@[CX4H1:3][H:4]	-0.00343261	0.495663	-	-	-	-	O
C35645450      none	B	[cH1,n:1][c:2]!@[O:3][CRH1:4]	60.0049	0.203252	-	-	-	-	R
C35645450      none	B	[H:1][CX4H1:2]!@[OX2:3][!#1:4]	-120.001	0.00502866	-	-	-	-	R
C35645450      none	B	[$(S(=O)(=O)):1][NX3H1:2]!@[CX4H1:3][H:4]	-0.00221532	7.36648	-	-	-	-	G
C35645450      none	B	[OX2:1][CX4:2]!@[CX4:3][OX2:4]	-60.044	16.2177	-	-	-	-	G
C35645450      none	B	[*:1][$(S(=O)=O):2]!@[NX3H1:3][*:4]	60.0039	8.81913	-	-	-	-	G
C48934566      none	B	[NH1:1][CX4:2]!@[CX3:3]=[O:4]	-0.00433476	6.89233	-	-	-	-	G
C48934566      none	B	[$(C=O):1][NX3H1:2]!@[CX4H1:3][H:4]	-30.0042	6.97413	-	-	-	-	G
C48934566      none	B	[O:1]=[CX3:2]!@[NX3H0:3][!#1:4]	150.278	1.73707	-	-	-	-	O
C48934566      none	B	[*:1][$(S(=O)=O):2]!@[NX3H0r:3][*:4]	89.9969	4.85782	-	-	-	-	G
C48934566      none	B	[*:1][$(S(=O)=O):2]!@[NX3H0:3][*:4]	89.9977	5.90452	-	-	-	-	G
C48934566      none	B	[O:1]=[CX3:2]!@[NX3H1:3][!#1:4]	0.00426793	63.7893	-	-	-	-	G
C36682918      none	B	[$(S(=O)(=O)):1][NH0:2]!@[c:3]([cH1])[cH1:4]	89.9781	15.7025	-	-	-	-	G
C36682918      none	B	[cH1:1][c:2]([cH1])!@[O:3][C:4]	29.9909	0.264964	-	-	-	-	O
C36682918      none	B	[C:1][CX4H2:2]!@[OX2:3][c:4]	180	43.8829	-	-	-	-	G
C36682918      none	B	[!#1:1][CX4:2]!@[CX3H0:3][!#1:4]	90.0068	2.78327	-	-	-	-	G
C36682918      none	B	[c:1][S:2](=O)(=O)!@[NX2H0-:3]-[*:4]	-59.9992	11.1111	-	-	-	-	G
C36682918      none	B	[aH1:1][c:2]([aH1])!@[SX4:3][!#1:4]	-89.7233	12.5987	-	-	-	-	G
C37507522      none	B	[aH1:1][c:2]([aH1])!@[SX4:3][!#1:4]	30.0062	0.225606	-	-	-	-	R
C37507522      none	B	[!#1:1][CH2:2]!@[n:3][a:4]	-90.0017	13.2844	-	-	-	-	G
C37507522      none	B	[!#1:1][CX4H2:2]!@[CX3:3]=[O:4]	-119.996	0.59462	-	-	-	-	G
C37507522      none	B	[*:1][$(S(=O)=O):2]!@[NX3H0r:3][*:4]	-119.721	0.995261	-	-	-	-	G
C37507522      none	B	[N:1][CX4:2]!@[CX3:3]=[O:4]	-90.3652	0.479136	-	-	-	-	O
C37557178      none	B	[*:1][$(S(=O)=O):2]!@[NX3H0r:3][*:4]	-89.9954	4.88152	-	-	-	-	G
C37557178      none	B	[aH0:1][c:2]([aH1])!@[SX4:3][!#1:4]	-150.318	0.1321	-	-	-	-	R
C40675164      none	B	[NH1:1][CX4:2]!@[CX3:3]=[O:4]	150.008	9.89432	-	-	-	-	G
C40675164      none	B	[!#1:1][CX4:2]!@[NX3:3][!#1:4]	180	4.35363	-	-	-	-	G
C40675164      none	B	[*:1][$(S(=O)=O):2]!@[NX3H1:3][*:4]	-90.0011	4.38465	-	-	-	-	G
C40675164      none	B	[*:1][$(S(=O)=O):2]!@[NX3H0r:3][*:4]	120.28	1.23223	-	-	-	-	O
C40675164      none	B	[O:1]=[C:2]([O-])!@[CX4H1:3][H:4]	89.9945	0.86741	-	-	-	-	O
C49593440      none	B	[a:1][a:2]!@[CX3:3]=[CX3H1:4]	149.996	2.24372	-	-	-	-	G
C49593440      none	B	[*:1]~[N,n:2]!@[S:3]~[*:4]	29.998	2.49131	-	-	-	-	G
C49593440      none	B	[aH1:1][c:2]([aH1])!@[SX4:3][!#1:4]	-89.6914	12.5987	-	-	-	-	G
C49593440      none	B	[*^2:1]~[C^2:2]([!H])!@[C^2:3]~[*^2:4]	90.006	1.26539	-	-	-	-	G
C40613820      none	B	[cH0:1][c:2]([cH,nX2H0])!@[NX3H0:3][CX4:4]	-89.9991	1.8357	-	-	-	-	G
C40613820      none	B	[O-:1][N+:2](=O)!@[c:3]([cH0])[cH0:4]	89.9785	5.69106	-	-	-	-	G
C40613820      none	B	[a:1][a:2]!@[NX3:3][!#1:4]	59.9973	1.72297	-	-	-	-	O
C40613820      none	B	[cH1:1][c:2]([cH1])!@[NX3:3][a:4]	-149.723	4.2357	-	-	-	-	G
C40613820      none	B	[O:1]=[C:2]([O-])!@[c:3]([cH1])[cH1:4]	179.984	7.35294	-	-	-	-	G
C46778725      none	B	[cH1:1][c:2]([cH1])!@[C:3]([NH1,NH2])=[O:4]	-152.992	8.78518	-	-	-	-	G
C46778725      none	B	[$(C=O):1][NX3:2]!@[a:3][aH0:4]	-150.003	1.98526	-	-	-	-	O
C46778725      none	B	[O:1]=[CX3:2]!@[NX3H1:3][!#1:4]	0.00331425	63.7893	-	-	-	-	G
C46778725      none	B	[cH1:1][c:2]([cH1])!@[C:3]([NH1,NH2])=[O:4]	153.012	9.05971	-	-	-	-	G
C46778725      none	B	[$(S(=O)(=O)):1][NH0:2]!@[c:3]([cH1])[cH1:4]	89.9845	15.7025	-	-	-	-	G
C46778725      none	B	[c:1][S:2](=O)(=O)!@[NX2H0-:3]-[*:4]	-89.9976	2.77778	-	-	-	-	G
C46778725      none	B	[aH1:1][c:2]([aH1])!@[SX4:3][!#1:4]	-89.7286	12.5987	-	-	-	-	G
C46778725      none	B	[O-:1][N+:2](=O)!@[c:3]([cH,nX2H0])[cH,nX2H0:4]	-179.847	23.2156	-	-	-	-	G
C46778725      none	B	[O:1]=[CX3:2]!@[NX3H1:3][!#1:4]	0.00323155	63.7893	-	-	-	-	G
C18050287      none	B	[cH0:1][c:2]([cH,nX2H0])!@[NX3H0:3][CX4:4]	-59.7139	5.09408	-	-	-	-	G
C18050287      none	B	[cH0:1][c:2]([cH,nX2H0])!@[NX3H0:3][CX4:4]	119.726	2.29463	-	-	-	-	O
C03888839      none	B	[aH1:1][c:2]([aH1])!@[SX4:3][!#1:4]	90.2829	12.916	-	-	-	-	G
C03888839      none	B	[cH0:1][c:2]([cH,nX2H0])!@[NX3H1:3][CX4:4]	179.982	49.7854	-	-	-	-	G
C03888839      none	B	[O-:1][N+:2](=O)!@[c:3]([cH0])[cH,nX2H0:4]	0.225244	12.6374	-	-	-	-	G
C03888839      none	B	[!#1:1][CX4H2:2]!@[NX3H1:3][!#1:4]	179.997	11.3535	-	-	-	-	G
C03888839      none	B	[NH1:1][CX4:2]!@[CX3:3]=[O:4]	-119.999	0.275693	-	-	-	-	G
C33453638      none	B	[!#1:1][CX4:2]!@[CX4:3][!#1:4]	-60.0047	12.2558	-	-	-	-	G
C33453638      none	B	[!#1:1][CX4:2]!@[CX4:3][!#1:4]	179.993	22.1548	-	-	-	-	G
C33453638      none	B	[O:1]=[C:2]([O-])!@[CX4H1:3][H:4]	0.000847932	0.495663	-	-	-	-	O
C33453638      none	B	[$(C=O):1][NX3H1:2]!@[CX4H1:3][H:4]	60.0053	6.22422	-	-	-	-	G
C33453638      none	B	[O:1]=[CX3:2]!@[NX3H1:3][!#1:4]	-0.0102764	63.7893	-	-	-	-	G
C33453638      none	B	[N:1][CX4:2]!@[CX3:3]=[O:4]	120.01	0.766617	-	-	-	-	G
C33453638      none	B	[C:1][CX4:2]!@[NX3:3][C:4]	-30.0012	0.19066	-	-	-	-	R
C33453638      none	B	[cH1:1][c:2]([cH1])!@[NX3:3][CX4:4]	-60.0021	1.1056	-	-	-	-	O
C49539415      none	B	[cH0:1][c:2]!@[CX4H1:3][CX4:4]	149.995	3.06136	-	-	-	-	G
C49539415      none	B	[$(C=O):1][NX3H1:2]!@[CX4H1:3][H:4]	0.000196339	8.26772	-	-	-	-	G
C49539415      none	B	[O:1]=[CX3:2]!@[NX3H1:3][!#1:4]	-0.00245852	63.7893	-	-	-	-	G
C49539415      none	B	[O:1]=[CX3:2]!@[NX3H0:3][!#1:4]	-149.688	1.37927	-	-	-	-	O
C49539415      none	B	[O:1]=[C:2]([O-])!@[CX4H1:3][H:4]	0.00626339	0.495663	-	-	-	-	O
C05883957      none	B	[O:1]=[CX3:2]!@[NX3H1:3][!#1:4]	-0.00242728	63.7893	-	-	-	-	G
C05883957      none	B	[$(C=O):1][NX3H1:2]!@[CX4H1:3][H:4]	30.0006	9.46757	-	-	-	-	G
C05883957      none	B	[OX2:1][CX4:2]!@[CX4:3][OX2:4]	60.0603	14.3222	-	-	-	-	G
C56926289      none	B	[cH0:1][c:2]([cH1])!@[CX3:3]([NX3H1])=[O:4]	30.0064	2.4369	-	-	-	-	G
C56926289      none	B	[O:1]=[CX3:2]!@[NX3H1:3][!#1:4]	-0.00623018	63.7893	-	-	-	-	G
C56926289      none	B	[*:1]~[NX3:2]!@[NX3:3]~[*:4]	180	7.3164	-	-	-	-	G
C56926289      none	B	[O:1]=[CX3:2]([$([NX3H1]C)])!@[NX3H1:3][!#1:4]	0.00574228	41.1343	-	-	-	-	G
C56926289      none	B	[O:1]=[CX3:2]([$([NX3H1]C)])!@[NX3H1:3][!#1:4]	-0.00198957	41.1343	-	-	-	-	G
C56926289      none	B	[$(C=O):1][NX3H1:2]!@[CX4H1:3][H:4]	-30.007	6.97413	-	-	-	-	G
C56926289      none	B	[a:1][c:2]!@[CX4H1:3][N,O:4]	119.998	3.12238	-	-	-	-	G
C56926289      none	B	[$(S(=O)(=O)):1][NH0:2]!@[c:3]([cH1])[cH1:4]	-29.7549	0	-	-	-	-	R
C56926289      none	B	[*:1]~[N,n:2]!@[S:3]~[*:4]	-153.972	1.449	-	-	-	-	G
C33440049      none	B	[C:1][CX4:2]!@[CX3:3]=[O:4]	60.0008	2.38699	-	-	-	-	G
C33440049      none	B	[C:1][CX4:2]!@[CX3:3]=[O:4]	-0.0024813	5.61823	-	-	-	-	G
C33440049      none	B	[O:1]=[CX3:2]!@[NX3H1:3][!#1:4]	-0.0113207	63.7893	-	-	-	-	G
C33440049      none	B	[$([CX3]=O):1][NX3H1:2]!@[CX4H2:3][C:4] 	180	6.46594	-	-	-	-	G
C33440049      none	B	[NH1:1][CX4:2]!@[CX3:3]=[O:4]	-119.985	0.275693	-	-	-	-	G
C33440049      none	B	[O:1]=[CX3:2]!@[NX3H1:3][!#1:4]	-0.000699415	63.7893	-	-	-	-	G
C33440049      none	B	[$(C=O):1][NX3H1:2]!@[CX4H1:3][H:4]	60.0033	6.22422	-	-	-	-	G
C63145666      none	B	[!#1:1][CX4:2]!@[CX4:3][!#1:4]	-60.0043	12.2558	-	-	-	-	G
C63145666      none	B	[$(S(=O)(=O)):1][NX3H1:2]!@[CX4H2:3][!#1:4]	150.002	5.15021	-	-	-	-	G
C63145666      none	B	[c:1][$(S(=O)=O):2]!@[NX3H1:3][C:4]	-60.0009	13.7514	-	-	-	-	G
C63145666      none	B	[aH1:1][c:2]([aH1])!@[SX4:3][!#1:4]	-89.6912	12.5987	-	-	-	-	G
C63145666      none	B	[O:1]=[C:2]([O-])!@[c:3][nX3H1:4]	179.965	34.7826	-	-	-	-	G
C13060542      none	B	[cH1:1][c:2]([cH1])!@[CX3:3]=[NX2:4]	-29.7118	2.32396	-	-	-	-	G
C13060542      none	B	[*:1]~[NX3:2]!@[NX2:3]~[*:4]	180	29.4914	-	-	-	-	G
C13060542      none	B	[O:1]=[CX3:2]!@[NX3H1:3][!#1:4]	-0.00183997	63.7893	-	-	-	-	G
C13060542      none	B	[cH1:1][c:2]([cH1])!@[C:3]([NH1,NH2])=[O:4]	-152.992	8.78518	-	-	-	-	G
C13060542      none	B	[aH1:1][c:2]([aH1])!@[SX4:3][!#1:4]	-69.9973	5.44275	-	-	-	-	G
C13060542      none	B	[*:1][$(S(=O)=O):2]!@[NX3H0r:3][*:4]	90.2882	4.85782	-	-	-	-	G
C13060542      none	B	[O:1]=[C:2]([O-])!@[CX4H1:3][H:4]	-0.00191036	0.495663	-	-	-	-	O
C21986037      none	B	[*:1]~[NX2:2]!@[OX2:3]~[*:4]	180	49.4817	-	-	-	-	G
C21986037      none	B	[*:1]~[CX3:2]!@[cX3:3]~[*:4]	-29.6913	2.32371	-	-	-	-	O
C21986037      none	B	[*^2:1]~[C^2:2]([!H])!@[C^2:3]~[*^2:4]	29.9999	1.05249	-	-	-	-	G
C21986037      none	B	[O:1]=[CX3:2]!@[NX3H1:3][!#1:4]	-0.000940953	63.7893	-	-	-	-	G
C21986037      none	B	[$(C=O):1][NX3H1:2]!@[CX4H1:3][H:4]	-30.0018	6.97413	-	-	-	-	G
C21986037      none	B	[O:1]=[C:2]([O-])!@[CX4H1:3][H:4]	89.9956	0.86741	-	-	-	-	O
C21986037      none	B	[!#1:1][CX4:2]!@[CX4:3][!#1:4]	159.999	1.81259	-	-	-	-	G
C21986037      none	B	[C:1][CX4H2:2]!@[CX3:3]=[O:4]	29.9987	4.22116	-	-	-	-	G
C58279659      none	B	[cH0:1][c:2]([cH,nX2H0])!@[NX3H1:3][CX4:4]	150.001	1.00143	-	-	-	-	O
C58279659      none	B	[!#1:1][CX4H1:2]!@[NX3:3][!#1:4]	-80.0012	4.33043	-	-	-	-	G
C58279659      none	B	[OX2:1][CX4:2]!@[CX4:3][N:4]	59.9936	15.2809	-	-	-	-	G
C58279659      none	B	[O:1]=[C:2]([O-])!@[CX4H1:3][H:4]	-0.00546671	0.495663	-	-	-	-	O
C52221634      none	B	[a:1][c:2]!@[CX4H2:3][!#1:4]	89.998	7.24386	-	-	-	-	G
C52221634      none	B	[!#1:1][CH2:2]!@[n:3][a:4]	180	0.161853	-	-	-	-	R
C52221634      none	B	[!#1:1][CX4H2:2]!@[CX3:3]=[O:4]	-59.9963	1.45352	-	-	-	-	G
C52221634      none	B	[O:1]=[C:2]!@[NX3H1:3](C=O)[H:4]	-179.989	35.6725	-	-	-	-	G
C52221634      none	B	[O:1]=[C:2]!@[NX3H1:3](C=O)[H:4]	-0.0107972	23.6842	-	-	-	-	G
C49187679      none	B	[cH1:1][c:2]([cH1])!@[CX4H2:3][CX4:4]	-90.0056	11.9355	-	-	-	-	G
C49187679      none	B	[!#1:1][CX4H2:2]!@[CX4H2:3][!#1:4]	59.9986	3.99483	-	-	-	-	G
C49187679      none	B	[$([CX3]=O):1][NX3H1:2]!@[CX4H2:3][C:4] 	120	2.76407	-	-	-	-	O
C49187679      none	B	[O:1]=[CX3:2]([$([NX3H1]C)])!@[NX3H1:3][!#1:4]	-0.00378948	41.1343	-	-	-	-	G
C49187679      none	B	[O:1]=[CX3:2]([$([NX3H1]C)])!@[NX3H1:3][!#1:4]	180	9.5176	-	-	-	-	R
C49187679      none	B	[$(C=O):1][NX3H1:2]!@[CX4H1:3][H:4]	29.9994	9.46757	-	-	-	-	G
C49187679      none	B	[O:1]=[C:2]([O-])!@[CX4H1:3][H:4]	90.0002	0.86741	-	-	-	-	O
C40943853      none	B	[cH1:1][c:2]([cH1])!@[CX4H2:3][CX4:4]	-90.003	11.9355	-	-	-	-	G
C40943853      none	B	[cH0:1][c:2]([cH1])!@[O:3][C:4]	-150.023	0.58186	-	-	-	-	O
C40943853      none	B	[C:1][CX4H2:2]!@[OX2:3][c:4]	180	43.8829	-	-	-	-	G
C40943853      none	B	[!#1:1][CX4H2:2]!@[CX4H2:3][!#1:4]	180	58.554	-	-	-	-	G
C40943853      none	B	[!#1:1][CX4H2:2]!@[CX4H2:3][!#1:4]	-59.9929	3.77933	-	-	-	-	G
C40943853      none	B	[O:1]=[CX3:2]([NH1])!@[CH2:3][C:4]	89.9882	2.11706	-	-	-	-	O
C40943853      none	B	[O:1]=[CX3:2]!@[NX3H1:3][!#1:4]	0.0050046	63.7893	-	-	-	-	G
C40943853      none	B	[$(C=O):1][NX3H1:2]!@[c:3]([cH1])[cH1:4]	-29.9939	5.05437	-	-	-	-	G
C40943853      none	B	[aH1:1][c:2]([aH1])!@[SX4:3][!#1:4]	-89.9992	12.5987	-	-	-	-	G
C40943853      none	B	[c:1][S:2](=O)(=O)!@[NX2H0-:3]-[*:4]	-60.006	11.1111	-	-	-	-	G
C40943853      none	B	[$(S(=O)(=O)):1][N:2]!@[c:3][a:4]	89.9992	4.78516	-	-	-	-	G
C39482639      none	B	[aH1:1][c:2]([aH1])!@[SX4:3][!#1:4]	89.9972	12.916	-	-	-	-	G
C39482639      none	B	[aH1:1][c:2]([aH1])!@[SX4:3][!#1:4]	90.2546	12.916	-	-	-	-	G
C39482639      none	B	[$(S(=O)(=O)):1][NH1:2]!@[c:3]([cH1])[cH0:4]	-90.0316	3.42205	-	-	-	-	G
C39482639      none	B	[cH0:1][c:2]([cH,nX2H0])!@[NX3H0:3][CX4:4]	90.2841	2.06517	-	-	-	-	O
C39482639      none	B	[*:1][$(S(=O)=O):2]!@[NX3H1:3][*:4]	-89.998	4.38465	-	-	-	-	G
C01731741      none	B	[cH1:1][c:2]!@[c:3]([cH1])[nX2H0:4]	0.0186794	25.7136	-	-	-	-	G
C37450801      none	B	[a:1][ar5:2]!@[ar5:3][a:4]	60.3049	1.67939	-	-	-	-	G
C37450801      none	B	[cH0:1][c:2]([cH1])!@[CX3:3]([NX3H1])=[O:4]	-150.003	1.39252	-	-	-	-	G
C37450801      none	B	[O:1]=[CX3:2]!@[NX3H1:3][!#1:4]	0.0102885	63.7893	-	-	-	-	G
C37450801      none	B	[$(C=O):1][NX3H1:2]!@[CX4H1:3][H:4]	-60.0098	1.23735	-	-	-	-	G
C37450801      none	B	[OX2:1][CX4:2]!@[CX4:3][N:4]	59.9949	15.2809	-	-	-	-	G
C37450801      none	B	[O:1]=[C:2]([O-])!@[CX4H1:3][H:4]	0.010945	0.495663	-	-	-	-	O
C21957760      none	B	[a:1][c:2]!@[C:3]([NH0])=[O:4]	-59.9902	3.63889	-	-	-	-	G
C21957760      none	B	[O:1]=[CX3:2](a)!@[NX3H0:3][!#1:4]	-149.692	2.19542	-	-	-	-	O
C21957760      none	B	[O:1]=[C:2]([O-])!@[CX4H1:3][H:4]	-0.00308318	0.495663	-	-	-	-	O
C58279335      none	B	[n,o,s:1][c:2]!@[CX4H2:3][CX4:4]	179.997	8.82573	-	-	-	-	G
C58279335      none	B	[cH0:1][c:2]([cH,nX2H0])!@[NX3H1:3][CX4:4]	-120.004	0	-	-	-	-	R
C58279335      none	B	[!#1:1][CX4H1:2]!@[NX3:3][!#1:4]	79.9916	3.82417	-	-	-	-	G
C58279335      none	B	[OX2:1][CX4:2]!@[CX4:3][N:4]	-60.0011	14.8764	-	-	-	-	G
C58279335      none	B	[O:1]=[C:2]([O-])!@[CX4H1:3][H:4]	-0.00699486	0.495663	-	-	-	-	O
C45227790      none	B	[CX4:1][CX4H2:2]!@[NX3;"N_lp":3][CX4:4]	-40.0003	0.040201	-	-	-	-	R
C45227790      none	B	[!#1:1][CX4H2:2]!@[CX4H2:3][!#1:4]	179.997	58.554	-	-	-	-	G
C45227790      none	B	[!#1:1][CX4:2]!@[CX4:3][!#1:4]	-160	1.85018	-	-	-	-	G
C45227790      none	B	[N:1][CX4:2]!@[CX3:3]=[O:4]	-30.0047	5.37503	-	-	-	-	G
C22589700      none	B	[!#1:1][CX4:2]!@[CX4:3][!#1:4]	80.0009	1.75235	-	-	-	-	G
C22589700      none	B	[C:1][CX4H2:2]!@[NX3:3][C:4]	-79.9927	9.24959	-	-	-	-	G
C22589700      none	B	[*:1]~[CX3:2]!@[NX3:3]~[*:4]	149.997	0.571247	-	-	-	-	G
C44934463      none	B	[a:1][c:2]!@[CX4H1:3][N,O:4]	119.991	3.12238	-	-	-	-	G
C44934463      none	B	[$(S(=O)(=O)):1][NX3H1:2]!@[CX4H1:3][H:4]	29.9962	11.9705	-	-	-	-	G
C44934463      none	B	[c:1][$(S(=O)=O):2]!@[NX3H1:3][C:4]	60.0005	14.5215	-	-	-	-	G
C44934463      none	B	[aH0:1][c:2]([aH1])!@[SX4:3][!#1:4]	69.7367	11.3606	-	-	-	-	G
C44934463      none	B	[a:1][a:2]!@[NX3:3][!#1:4]	-150.001	1.91104	-	-	-	-	O
C40604963      none	B	[OX2:1][CX4:2]!@[CX4:3][N:4]	-59.9961	14.8764	-	-	-	-	G
C40604963      none	B	[$([CX3]=O):1][NX3H1:2]!@[CX4H2:3][C:4] 	-89.9922	7.35439	-	-	-	-	G
C40604963      none	B	[O:1]=[CX3:2]([$([NX3H1]C)])!@[NX3H1:3][!#1:4]	180	9.5176	-	-	-	-	R
C40604963      none	B	[O:1]=[CX3:2]([$([NX3H1]C)])!@[NX3H1:3][!#1:4]	-0.00773352	41.1343	-	-	-	-	G
C40604963      none	B	[$(C=O):1][NX3H1:2]!@[CX4H1:3][H:4]	29.9997	9.46757	-	-	-	-	G
C40604963      none	B	[OX2:1][CX4:2]!@[CX4:3][N:4]	59.9991	15.2809	-	-	-	-	G
C40604963      none	B	[O:1]=[C:2]([O-])!@[CX4H1:3][H:4]	90.0027	0.86741	-	-	-	-	O
C04336492      none	B	[O:1]=[C:2]!@[O:3]~[C:4]	0.000424673	74.4927	-	-	-	-	G
C04336492      none	B	[O:1][CX4:2]!@[CX3:3]=[O:4]	0.0234045	13.789	-	-	-	-	G
C19981672      none	B	[$(C=O):1][NX3:2]!@[a:3][aH0:4]	-59.9995	2.68113	-	-	-	-	G
C19981672      none	B	[O:1]=[CX3:2]!@[NX3H1:3][!#1:4]	-30.005	0.0303061	-	-	-	-	O
C19981672      none	B	[O:1]=[CX3:2]!@[NX3H0:3][!#1:4]	0.281147	25.0866	-	-	-	-	G
C19981672      none	B	[O:1]=[C:2]([O-])!@[CX4H1:3][H:4]	-0.00163112	0.495663	-	-	-	-	O
C01585086      none	B	[*:1]~[CX4:2]!@[NX4:3]~[*:4]	-158.386	2.15596	-	-	-	-	G
C01585086      none	B	[*:1]~[CX4:2]!@[P:3]~[*:4]	59.9965	10.3055	-	-	-	-	G
C44511027      none	B	[!#1:1][CX4:2]!@[CX4:3][!#1:4]	-79.9935	1.71775	-	-	-	-	G
C44511027      none	B	[!#1:1][CX4H2:2]!@[CX4H2:3][!#1:4]	180	58.554	-	-	-	-	G
C44511027      none	B	[$([CX3]=O):1][NX3H1:2]!@[CX4H2:3][C:4] 	149.999	1.43139	-	-	-	-	O
C44511027      none	B	[O:1]=[CX3:2]([$([NX3H1]C)])!@[NX3H1:3][!#1:4]	-0.00139639	41.1343	-	-	-	-	G
C44511027      none	B	[O:1]=[C:2]([NH1])!@[NX3H1:3](C=O)[H:4]	-0.0018389	58.9474	-	-	-	-	G
C44511027      none	B	[O:1]=[C:2]!@[NX3H1:3](C=O)[H:4]	179.995	35.6725	-	-	-	-	G
C44511027      none	B	[O:1]=[CX3:2]([NH1])!@[CH2:3][C:4]	120.039	0.124533	-	-	-	-	R
C44511027      none	B	[!#1:1][CX4H2:2]!@[CX4H2:3][!#1:4]	59.9686	3.99483	-	-	-	-	G
C44511027      none	B	[C:1][CX4H2:2]!@[CX3:3]=[O:4]	-89.9799	1.15875	-	-	-	-	O
C40697290      none	B	[$([cH0](=O)):1][c:2]([cH1])!@[CX3:3]([NX3H1,NX3H2])=[O:4]	0.00300388	0	-	-	-	-	R
C40697290      none	B	[O:1]=[CX3:2]!@[NX3H1:3][!#1:4]	-0.00891263	63.7893	-	-	-	-	G
C40697290      none	B	[$(C=O):1][NX3H1:2]!@[CX4H1:3][H:4]	30.0095	9.46757	-	-	-	-	G
C40697290      none	B	[!#1:1][CX4:2]!@[CX4:3][!#1:4]	80.0026	1.75235	-	-	-	-	G
C40697290      none	B	[O:1]=[C:2]([O-])!@[CX4H1:3][H:4]	89.9998	0.86741	-	-	-	-	O
C40697290      none	B	[!#1:1][CX4H2:2]!@[CX4H2:3][!#1:4]	179.999	58.554	-	-	-	-	G
C42489457      none	B	[a:1][c:2]!@[CX4H2:3][!#1:4]	-45.0016	1.96752	-	-	-	-	O
C42489457      none	B	[$([C](=O)):1][NX3H0:2]!@[CX4H2:3][$([c]([cH,nX2H0])[cH,nX2H0]):4]	-90.0045	11.8974	-	-	-	-	G
C42489457      none	B	[O:1]=[CX3:2]!@[NX3H0:3][!#1:4]	-149.998	1.37927	-	-	-	-	O
C42489457      none	B	[O:1]=[CX3:2]!@[NX3H1:3][!#1:4]	-0.00362068	63.7893	-	-	-	-	G
C42489457      none	B	[$(C=O):1][NX3H1:2]!@[CX4H1:3][H:4]	-60.0005	1.23735	-	-	-	-	G
C42489457      none	B	[OX2:1][CX4:2]!@[CX4:3][N:4]	59.9927	15.2809	-	-	-	-	G
C42489457      none	B	[O:1]=[C:2]([O-])!@[CX4H1:3][H:4]	0.00858312	0.495663	-	-	-	-	O
C19386968      none	B	[OX2:1][CX4:2]!@[CX4:3][N:4]	59.9945	15.2809	-	-	-	-	G
C19386968      none	B	[O:1]=[C:2]([O-])!@[CX4H1:3][H:4]	0.000579775	0.495663	-	-	-	-	O
C19386968      none	B	[$(C=O):1][NX3H1:2]!@[CX4H1:3][H:4]	-30.0013	6.97413	-	-	-	-	G
C19386968      none	B	[O:1]=[CX3:2]!@[NX3H1:3][!#1:4]	0.000114753	63.7893	-	-	-	-	G
C19386968      none	B	[a:1][c:2]!@[C:3]([NH1,NH2])=[O:4]	30.3212	4.93827	-	-	-	-	O
C19386968      none	B	[O-:1][N+:2](=O)!@[c:3][a:4]	-0.000899728	18.5814	-	-	-	-	G
CHEMBL301915      none	B	[a:1][a:2]!@[CX3:3]=[CX3H1:4]	160.008	2.96592	-	-	-	-	G
CHEMBL301915      none	B	[CX3:1]=[CX3:2]!@[CH2:3][C:4]	89.9963	6.55348	-	-	-	-	G
CHEMBL301915      none	B	[!#1:1][CX4:2]!@[CX4:3][!#1:4]	-159.993	1.85018	-	-	-	-	G
CHEMBL301915      none	B	[!#1:1][CX4:2]!@[CX4:3][!#1:4]	-40.0038	0.976141	-	-	-	-	G
CHEMBL301915      none	B	[O:1]=[C:2]([O-])!@[CX4H1:3][H:4]	-0.00417499	0.495663	-	-	-	-	O
CHEMBL301915      none	B	[!#1:1][CX4:2]!@[CX4:3][!#1:4]	159.999	1.81259	-	-	-	-	G
CHEMBL301915      none	B	[O:1]=[C:2]([O-])!@[CX4H1:3][H:4]	0.0110634	0.495663	-	-	-	-	O
C55325365      none	B	[cH0:1][c:2]([cH,nX2H0])!@[NX3H1:3][CX4:4]	90.0029	0	-	-	-	-	R
C55325365      none	B	[O:1]=[C:2]([O-])!@[c:3][a:4]	-0.00641612	11.4943	-	-	-	-	G
C55325365      none	B	[!#1:1][CX4H1:2]!@[NX3:3][!#1:4]	180	2.80076	-	-	-	-	G
C55325365      none	B	[a:1][c:2]!@[CX4H1:3][N,O:4]	-59.9997	3.48172	-	-	-	-	G
C42439923      none	B	[O:1]=[CX3:2]!@[NX3H0:3][!#1:4]	30.0089	0.680979	-	-	-	-	O
C42439923      none	B	[!#1:1][CX4:2]!@[CX4:3][!#1:4]	-160	1.85018	-	-	-	-	G
C42439923      none	B	[C:1][CX4H2:2]!@[CX3:3]=[O:4]	-0.0014715	18.7883	-	-	-	-	G
C42439923      none	B	[O:1]=[CX3:2]!@[NX3H1:3][!#1:4]	-0.0108437	63.7893	-	-	-	-	G
C42439923      none	B	[$(C=O):1][NX3H1:2]!@[CX4H1:3][H:4]	30.0088	9.46757	-	-	-	-	G
C42439923      none	B	[!#1:1][CX4:2]!@[CX4:3][!#1:4]	160.001	1.81259	-	-	-	-	G
C42439923      none	B	[O:1]=[C:2]([O-])!@[CX4H1:3][H:4]	89.9967	0.86741	-	-	-	-	O
C42439923      none	B	[!#1:1][CX4H2:2]!@[CX4H2:3][!#1:4]	-59.9954	3.77933	-	-	-	-	G
C37431699      none	B	[a:1][c:2]!@[C:3]([NH1,NH2])=[O:4]	-0.00940886	9.67683	-	-	-	-	G
C37431699      none	B	[c:1][c:2]!@[c:3][s,o,nX3H1:4]	0.525034	17.837	-	-	-	-	G
C37431699      none	B	[O:1]=[CX3:2]!@[NX3H1:3][!#1:4]	0.0111947	63.7893	-	-	-	-	G
C37431699      none	B	[$(C=O):1][NX3H1:2]!@[CX4H1:3][H:4]	-30.0075	6.97413	-	-	-	-	G
C37431699      none	B	[OX2:1][CX4:2]!@[CX4:3][N:4]	-40.0033	1.41573	-	-	-	-	G
C37431699      none	B	[O:1]=[C:2]([O-])!@[CX4H1:3][H:4]	0.00611796	0.495663	-	-	-	-	O
C41718065      none	B	[cH1:1][c:2]([cH1])!@[CX3:3]=[O:4]	60.2806	0.265671	-	-	-	-	R
C41718065      none	B	[$(C=O):1][NX3H1:2]!@[c:3]([cH1])[cH1:4]	179.985	8.15546	-	-	-	-	G
C41718065      none	B	[O:1]=[CX3:2]!@[NX3H1:3][!#1:4]	89.9955	0	-	-	-	-	R
C41718065      none	B	[O:1]=[CX3:2]!@[NX3H0:3][!#1:4]	-29.6846	0.692521	-	-	-	-	O
C41718065      none	B	[O:1]=[C:2]([O-])!@[CX4H1:3][H:4]	-0.00164619	0.495663	-	-	-	-	O
C40548655      none	B	[OX2:1][CX4:2]!@[CX4:3][N:4]	-60.0006	14.8764	-	-	-	-	G
C40548655      none	B	[O:1]=[C:2]([O-])!@[CX4H1:3][H:4]	90.0002	0.86741	-	-	-	-	O
C40548655      none	B	[$(C=O):1][NX3H1:2]!@[CX4H1:3][H:4]	-29.9946	6.97413	-	-	-	-	G
C40548655      none	B	[O:1]=[CX3:2]([$([NX3H1]C)])!@[NX3H1:3][!#1:4]	179.999	9.5176	-	-	-	-	R
C40548655      none	B	[O:1]=[CX3:2]([$([NX3H1]C)])!@[NX3H1:3][!#1:4]	-0.000890327	41.1343	-	-	-	-	G
C40548655      none	B	[$(C=O):1][NX3H1:2]!@[CX4H1:3][H:4]	60.001	6.22422	-	-	-	-	G
C52763976      none	B	[!#1:1][CX4:2]!@[CX4:3][!#1:4]	-59.9917	12.2558	-	-	-	-	G
C52763976      none	B	[O:1]=[CX3:2]!@[NX3H0:3][!#1:4]	-30.0028	0.692521	-	-	-	-	O
C52763976      none	B	[O:1]=[CX3:2]!@[NX3H0:3][!#1:4]	-29.6834	0.692521	-	-	-	-	O
C52763976      none	B	[O:1]=[C:2]([O-])!@[CX4H1:3][H:4]	90.007	0.86741	-	-	-	-	O
C52763976      none	B	[!#1:1][CX4H2:2]!@[CX4H2:3][!#1:4]	180	58.554	-	-	-	-	G
C52763976      none	B	[!#1:1][CX4H2:2]!@[CX4H2:3][!#1:4]	179.997	58.554	-	-	-	-	G
C40532968      none	B	[!#1:1][CX4:2]!@[CX4:3][!#1:4]	8.63202	0.0551082	-	-	-	-	R
C40532968      none	B	[NH1:1][CX4:2]!@[CX3:3]=[O:4]	119.987	0.41354	-	-	-	-	G
C40532968      none	B	[$(C=O):1][NX3H1:2]!@[CX4H0:3][C:4]	-60.0034	14.7253	-	-	-	-	G
C40532968      none	B	[O:1]=[CX3:2]([$([NX3H1]C)])!@[NX3H1:3][!#1:4]	0.00335372	41.1343	-	-	-	-	G
C40532968      none	B	[O:1]=[CX3:2]([$([NX3H1]C)])!@[NX3H1:3][!#1:4]	180	9.5176	-	-	-	-	R
C40532968      none	B	[$(C=O):1][NX3H1:2]!@[CX4H1:3][H:4]	-30.0031	6.97413	-	-	-	-	G
C00372918      none	B	[cH1:1][c:2]([cH1])!@[C:3]([NH1,NH2])=[O:4]	27.0177	8.08167	-	-	-	-	G
C00372918      none	B	[O-:1][N+:2](=O)!@[c:3]([cH,nX2H0])[cH,nX2H0:4]	179.994	23.2156	-	-	-	-	G
C00372918      none	B	[O:1]=[CX3:2]!@[NX3H1:3][!#1:4]	0.000411537	63.7893	-	-	-	-	G
C00372918      none	B	[*:1]~[NX3:2]!@[NX3:3]~[*:4]	-149.997	1.86361	-	-	-	-	G
C00372918      none	B	[O:1]=[CX3:2]!@[NX3H1:3][!#1:4]	-1.8619e-05	63.7893	-	-	-	-	G
C00372918      none	B	[C:1][CX4:2]!@[CX3:3]=[O:4]	0.4111	5.61823	-	-	-	-	G
C00372918      none	B	[O:1]=[C:2]([O-])!@[CX4H1:3][H:4]	90.0044	0.86741	-	-	-	-	O
C49594026      none	B	[$([CX3]=O):1][NX3H0:2](C)!@[CX4H2:3][C:4]	-120	2.31561	-	-	-	-	O
C49594026      none	B	[O:1]=[CX3:2](a)!@[NX3H0:3][!#1:4]	0.00440572	23.6549	-	-	-	-	G
C49594026      none	B	N[C:2](=[O:1])!@[CH2:3][N:4]	-89.9991	0.14881	-	-	-	-	R
C49594026      none	B	[a:1][c:2]!@[C:3]([NH0])=[O:4]	-59.6682	3.63889	-	-	-	-	G
C49594026      none	B	[a:1][a:2]!@[CX3:3]=[CX3H1:4]	-29.9993	2.14556	-	-	-	-	G
C49594026      none	B	[*^2:1]~[C^2:2]([!H])!@[C^2:3]~[*^2:4]	59.9963	0.650722	-	-	-	-	O
C09938126      none	B	[cH1:1][c:2](cO)!@[O:3][C:4]	0.274003	49.3635	-	-	-	-	G
C09938126      none	B	[cH0:1][c:2]!@[CX4H1:3][CX4:4]	153.368	3.06136	-	-	-	-	G
C09938126      none	B	[O:1]=[C:2]([O-])!@[CX4H1:3][H:4]	89.9959	0.86741	-	-	-	-	O
C09938126      none	B	[$(C=O):1][NX3H0:2]!@[c:3]([cH1])[cH1:4]	-120.006	4.75698	-	-	-	-	G
C09938126      none	B	[O:1]=[C:2]([O-])!@[c:3]([cH1])[cH1:4]	-179.752	7.35294	-	-	-	-	G
C65186713      none	B	[a:1][c:2]!@[CX3:3]=[CX3H0:4]	-59.6889	3.49737	-	-	-	-	G
C65186713      none	B	[H:1][CX4H1:2]!@[SX4:3][!#1:4]	51.0138	10.0257	-	-	-	-	G
C65186713      none	B	[*:1]~[N,n:2]!@[S:3]~[*:4]	-59.9909	4.40087	-	-	-	-	G
C65186713      none	B	[$(S(=O)(=O)):1][NH0:2]!@[c:3]([cH1])[cH1:4]	89.7154	15.7025	-	-	-	-	G
C65186713      none	B	[cH1:1][c:2]([cH1])!@[CX3:3]=[O:4]	0.00145473	14.2319	-	-	-	-	G
C40605278      none	B	[!#1:1][CX4:2]!@[CX4:3][!#1:4]	59.9999	12.3771	-	-	-	-	G
C40605278      none	B	[$([CX3]=O):1][NX3H1:2]!@[CX4H2:3][C:4] 	120.005	2.76407	-	-	-	-	O
C40605278      none	B	[O:1]=[CX3:2]!@[NX3H1:3][!#1:4]	-0.00407441	63.7893	-	-	-	-	G
C40605278      none	B	[O:1]=[CX3:2]!@[NX3H0:3][!#1:4]	0.313125	25.0866	-	-	-	-	G
C40605278      none	B	[O:1]=[C:2]([O-])!@[CX4H1:3][H:4]	89.9997	0.86741	-	-	-	-	O
C21777715      none	B	[$(S(=O)(=O)):1][NH0:2]!@[c:3]([cH0])[cH0:4]	89.9849	8.69565	-	-	-	-	G
C21777715      none	B	[cH1:1][a:2]([cH1])!@[a:3]([sX2,o,nX2H0,nX3H1:4])([cH0])	-149.719	3.97727	-	-	-	-	G
C21777715      none	B	[c:1][S:2](=O)(=O)!@[NX2H0-:3]-[*:4]	-60.0021	11.1111	-	-	-	-	G
C21777715      none	B	[aH1:1][c:2]([aH1])!@[SX4:3][!#1:4]	-89.7277	12.5987	-	-	-	-	G
C12850948      none	B	[a:1][c:2]!@[C:3]([NH0])=[O:4]	-89.9915	2.91667	-	-	-	-	G
C12850948      none	B	[O:1]=[CX3:2](a)!@[NX3H0:3][!#1:4]	-179.734	9.67842	-	-	-	-	G
C50917401      none	B	[!#1:1][CX4:2]!@[CX4:3][!#1:4]	-59.9976	12.2558	-	-	-	-	G
C50917401      none	B	[O:1]=[CX3:2]!@[NX3H0:3][!#1:4]	30.0011	0.680979	-	-	-	-	O
C50917401      none	B	[C:1][CX4H2:2]!@[CX3:3]=[O:4]	-60.0094	2.08575	-	-	-	-	O
C50917401      none	B	[C:1][CX4H2:2]!@[CX3:3]=[O:4]	120.013	0.695249	-	-	-	-	R
C50917401      none	B	[$(S(=O)(=O)):1][NX3H1:2]!@[CX4H2:3][!#1:4]	180	9.01288	-	-	-	-	G
C50917401      none	B	[*:1][$(S(=O)=O):2]!@[NX3H1:3][*:4]	-60.0004	9.96512	-	-	-	-	G
C44550223      none	B	[a:1][a:2]!@[NX3:3][!#1:4]	60.0079	1.72297	-	-	-	-	O
C44550223      none	B	[!#1:1][CX3:2](=S)!@[NX3H1:3][!#1:4]	-0.00244552	27.5459	-	-	-	-	G
C44550223      none	B	[!#1:1][CX3:2](=S)!@[NX3H1:3][!#1:4]	-179.99	37.0618	-	-	-	-	G
C44550223      none	B	[*:1]~[NX3:2]!@[nX3:3]~[*:4]	-89.6813	4.81366	-	-	-	-	G
C44550223      none	B	[a:1][ar6:2]!@[ar5:3][a:4]	150.269	2.78735	-	-	-	-	G
C20593447      none	B	[$(S(=O)(=O)):1][NH1:2]!@[c:3]([cH1])[cH1:4]	89.9953	1.05932	-	-	-	-	O
C20593447      none	B	[c:1][$(S(=O)=O):2]!@[NX3H1:3][c:4]	59.9916	16.9521	-	-	-	-	G
C20593447      none	B	[aH0:1][c:2]([aH1])!@[SX4:3][!#1:4]	-70.3123	15.3236	-	-	-	-	G
C20593447      none	B	[O:1]=[C:2]([O-])!@[c:3][a:4]	-0.00133384	11.4943	-	-	-	-	G
C35411861      none	B	[C:1][CX4:2]!@[CX3:3]=[O:4]	30.0048	3.28614	-	-	-	-	G
C35411861      none	B	[O:1]=[CX3:2]!@[NX3H1:3][!#1:4]	-0.00703032	63.7893	-	-	-	-	G
C35411861      none	B	[$(C=O):1][NX3H1:2]!@[c:3]([cH0]Cl)[cH:4]	90.2682	0	-	-	-	-	R
C61858440      none	B	[a:1][a:2]!@[NX3:3][!#1:4]	159.996	2.58602	-	-	-	-	G
C61858440      none	B	[!#1:1][CX4H2:2]!@[NX3H1:3][!#1:4]	-89.992	6.4105	-	-	-	-	G
C61858440      none	B	N[C:2](=[O:1])!@[CH2:3][N:4]	-30.0004	4.7619	-	-	-	-	G
C61858440      none	B	[O:1]=[CX3:2]!@[NX3H1:3][!#1:4]	-0.00113228	63.7893	-	-	-	-	G
C61858440      none	B	[$([CX3]=O):1][NX3H1:2]!@[CX4H2:3][C:4] 	180	6.46594	-	-	-	-	G
C61858440      none	B	[NH1:1][CX4:2]!@[CX3:3]=[O:4]	120.005	0.41354	-	-	-	-	G
C47992195      none	B	[a:1][a:2]!@[NX3:3][!#1:4]	30.0055	1.9288	-	-	-	-	O
C47992195      none	B	[*:1]~[NX3:2]!@[NX3:3]~[*:4]	79.9991	2.49862	-	-	-	-	G
C47992195      none	B	[*:1][$(S(=O)=O):2]!@[NX3H1:3][*:4]	89.996	4.90782	-	-	-	-	G
C47992195      none	B	[aH1:1][c:2]([aH1])!@[SX4:3][!#1:4]	90.3155	12.916	-	-	-	-	G
C42439753      none	B	[C:1][CX4:2]!@[CX3:3]=[O:4]	119.876	3.75937	-	-	-	-	G
C42439753      none	B	[O:1]=[CX3:2]!@[NX3H0:3][!#1:4]	30.0027	0.680979	-	-	-	-	O
C42439753      none	B	[O:1]=[CX3:2]!@[NX3H0:3][!#1:4]	-149.718	1.37927	-	-	-	-	O
C42439753      none	B	[O:1]=[C:2]([O-])!@[CX4H1:3][H:4]	0.00969661	0.495663	-	-	-	-	O
C19504248      none	B	[!#1:1][CH2:2]!@[n:3][a:4]	90.0021	13.2097	-	-	-	-	G
C19504248      none	B	[!#1:1][CX4H2:2]!@[CX3:3]=[O:4]	59.9947	1.20812	-	-	-	-	G
C19504248      none	B	[O:1]=[CX3:2]!@[NX3H0:3][!#1:4]	-29.6858	0.692521	-	-	-	-	O
C19504248      none	B	[O:1]=[C:2]([O-])!@[CX4H1:3][H:4]	90.0017	0.86741	-	-	-	-	O
C37449496      none	B	[$(C=O):1][NX3H1:2]!@[c:3]([cH1])[cH1:4]	149.972	5.05437	-	-	-	-	G
C37449496      none	B	[a:1][c:2]!@[C:3]([NH0])=[O:4]	-119.999	3.91667	-	-	-	-	G
C37449496      none	B	[O:1]=[CX3:2](a)!@[NX3H0:3][!#1:4]	30.3157	0.896722	-	-	-	-	R
C37449496      none	B	[O:1]=[C:2]([O-])!@[CX4H1:3][H:4]	0.0106533	0.495663	-	-	-	-	O
C37449496      none	B	[O:1]=[CX3:2]!@[NX3H1:3][!#1:4]	-30.0015	0.0303061	-	-	-	-	O
C19424019      none	B	[!#1:1][CH2:2]!@[n:3][a:4]	-134.997	0.908865	-	-	-	-	O
C19424019      none	B	[!#1:1][CX4H2:2]!@[CX3:3]=[O:4]	89.9974	1.06654	-	-	-	-	G
C19424019      none	B	[O:1]=[CX3:2]!@[NX3H1:3][!#1:4]	0.00718049	63.7893	-	-	-	-	G
C19424019      none	B	[$([CX3]=O):1][NX3H1:2]!@[CX4H2:3][C:4] 	179.997	6.46594	-	-	-	-	G
C19424019      none	B	[NH1:1][CX4:2]!@[CX3:3]=[O:4]	120.012	0.41354	-	-	-	-	G
C34027757      none	B	[O:1]=[CX3:2]!@[NX3H1:3][!#1:4]	0.000520915	63.7893	-	-	-	-	G
C34027757      none	B	[$(C=O):1][NX3H1:2]!@[CX4H1:3][H:4]	-30.0024	6.97413	-	-	-	-	G
C34027757      none	B	[OX2:1][CX4:2]!@[CX4:3][OX2:4]	60.0484	14.3222	-	-	-	-	G
C37796011      none	B	[$(C=O):1][NX3H1:2]!@[c:3]([cH1])[cH1:4]	-120.026	0.302054	-	-	-	-	R
C37796011      none	B	[cH1:1][c:2]([cH1])!@[C:3]([NH1,NH2])=[O:4]	152.995	9.05971	-	-	-	-	G
C37796011      none	B	[O:1]=[CX3:2]!@[NX3H1:3][!#1:4]	0.00119551	63.7893	-	-	-	-	G
C37796011      none	B	[$([CX3]=O):1][NX3H1:2]!@[CX4H2:3][C:4] 	-150.001	1.7769	-	-	-	-	O
C37796011      none	B	[OX2:1][CX4H2:2]!@[CX4H2:3][N:4]	59.9995	17.6955	-	-	-	-	G
C37796011      none	B	[O:1]=[CX3:2]!@[NX3H1:3][!#1:4]	0.000556353	63.7893	-	-	-	-	G
C37796011      none	B	[*^2:1]~[C^2:2]([!H])!@[C^2:3]~[*^2:4]	-149.996	1.11601	-	-	-	-	G
C37796011      none	B	[*^2:1]~[C^2:2]([!H])!@[C^2:3]~[*^2:4]	-60.0112	0.757173	-	-	-	-	O
CHEMBL13378      none	B	[cH0:1][c:2]!@[CX4H2:3][CX4:4]	89.9983	18.5823	-	-	-	-	G
CHEMBL13378      none	B	[!#1:1][CX4:2]!@[CX4:3][!#1:4]	180	22.1548	-	-	-	-	G
CHEMBL13378      none	B	[O:1]=[C:2]([O-])!@[CX4H1:3][H:4]	90.0023	0.86741	-	-	-	-	O
C61937571      none	B	[OX2:1][CX4:2]!@[CX4:3][N:4]	39.9952	1.66292	-	-	-	-	G
C61937571      none	B	[O:1]=[C:2]([O-])!@[CX4H1:3][H:4]	89.9913	0.86741	-	-	-	-	O
C61937571      none	B	[$(C=O):1][NX3H1:2]!@[CX4H1:3][H:4]	-30.002	6.97413	-	-	-	-	G
C61937571      none	B	[O:1]=[CX3:2]!@[NX3H1:3][!#1:4]	-0.000942832	63.7893	-	-	-	-	G
C61937571      none	B	[O:1]=[CX3:2]!@[NX3H0:3][!#1:4]	30.277	0.680979	-	-	-	-	O
C53201102      none	B	[H:1][CX4H1:2]!@[O:3][CX4:4]	-60.0077	5.14933	-	-	-	-	G
C53201102      none	B	[$(C=O):1][NX3H1:2]!@[CX4H1:3][H:4]	60.0041	6.22422	-	-	-	-	G
C53201102      none	B	[O:1]=[CX3:2]([$([NX3H1]C)])!@[NX3H1:3][!#1:4]	-0.00259095	41.1343	-	-	-	-	G
C53201102      none	B	[O:1]=[CX3:2]([$([NX3H1]C)])!@[NX3H1:3][!#1:4]	180	9.5176	-	-	-	-	R
C53201102      none	B	[$(C=O):1][NX3:2]!@[a:3][aH0:4]	-119.997	2.3332	-	-	-	-	G
C53201102      none	B	[cH0:1][c:2]!@[CX4H2:3][CX3:4]	90.0035	10.5615	-	-	-	-	G
C53201102      none	B	[c:1][CX4H2:2]!@[CX3:3]=[O:4]	-90.0082	2.5641	-	-	-	-	G
C13212125      none	B	[cH0:1][c:2]([cH,nX2H0])!@[NX3H1:3][CX4:4]	159.97	3.7196	-	-	-	-	O
C13212125      none	B	[O-:1][N+:2](=O)!@[c:3]([cH0])[cH,nX2H0:4]	-0.0137697	12.6374	-	-	-	-	G
C13212125      none	B	[aH1:1][c:2]([aH1])!@[SX4:3][!#1:4]	-109.999	4.53328	-	-	-	-	G
C13212125      none	B	[*:1][$(S(=O)=O):2]!@[NX3H0r:3][*:4]	-89.7209	4.88152	-	-	-	-	G
C13212125      none	B	[O:1]=[C:2]([O-])!@[CX4H1:3][H:4]	0.00617118	0.495663	-	-	-	-	O
C13212125      none	B	[!#1:1][CX4H2:2]!@[NX3H1:3][!#1:4]	90.0008	6.33327	-	-	-	-	G
C13212125      none	B	N[C:2](=[O:1])!@[CH2:3][N:4]	180	8.33333	-	-	-	-	G
C47932015      none	B	[O:1]=[CX3:2](a)!@[NX3H0:3][!#1:4]	150.002	2.50464	-	-	-	-	G
C47932015      none	B	[a:1][c:2]!@[C:3]([NH0])=[O:4]	120.282	4.19444	-	-	-	-	G
C42481450      none	B	[$(C=O):1][NX3H0:2]!@[CX4H1:3][H:4]	-0.00542541	15.8824	-	-	-	-	G
C42481450      none	B	[$([CX3]=O):1][NX3H0:2](C)!@[CX4H2:3][C:4]	-59.9952	0.686106	-	-	-	-	O
C42481450      none	B	[O:1]=[CX3:2]!@[NX3H0:3][!#1:4]	-30.0009	0.692521	-	-	-	-	O
C42481450      none	B	[OX2:1][CX4H2:2]!@[CX4H2:3][N:4]	180	8.36763	-	-	-	-	G
C42481450      none	B	[O:1]=[CX3:2]!@[NX3H0:3][!#1:4]	150.315	1.73707	-	-	-	-	O
C42481450      none	B	[O:1]=[C:2]([O-])!@[CX4H1:3][H:4]	0.00172064	0.495663	-	-	-	-	O
C38598563      none	B	[cH0:1][c:2]!@[CX4H1:3][CX3:4]	-90.2839	1.63934	-	-	-	-	O
C38598563      none	B	[*:1]~[CX3:2]!@[NX3:3]~[*:4]	-29.7285	0.593829	-	-	-	-	G
C38598563      none	B	[cH1:1][c:2]([cH1])!@[O:3][C:4]	-0.012928	26.3009	-	-	-	-	G
C38598563      none	B	[cH0:1][c:2]([cH1])!@[O:3][C:4]	-90.0029	0.64732	-	-	-	-	R
C48988354      none	B	[!#1:1][CX4:2]!@[CX4:3][!#1:4]	68.6312	7.06239	-	-	-	-	G
C48988354      none	B	[NH1:1][CX4:2]!@[CX3:3]=[O:4]	-150.007	4.5183	-	-	-	-	G
C48988354      none	B	[$(C=O):1][NX3H1:2]!@[CX4H0:3][C:4]	180	11.3993	-	-	-	-	G
C48988354      none	B	[O:1]=[CX3:2]!@[NX3H1:3][!#1:4]	-0.00468331	63.7893	-	-	-	-	G
C48988354      none	B	[O:1]=[CX3:2]!@[NX3H0:3][!#1:4]	150.287	1.73707	-	-	-	-	O
C48988354      none	B	[C:1][CX4:2]!@[CX3:3]=[O:4]	-0.0340494	5.61823	-	-	-	-	G
C48988354      none	B	[O:1]=[CX3:2]!@[NX3H1:3][!#1:4]	-0.00274888	63.7893	-	-	-	-	G
C36854918      none	B	[C:1][CX4:2]!@[NX3;"N_lp":3][C:4]	-160	4.58918	-	-	-	-	G
C36854918      none	B	[C:1][CX4H2:2]!@[NX3;"N_lp":3][C:4]	-159.999	6.16939	-	-	-	-	G
C36854918      none	B	[NH1:1][CX4:2]!@[CX3:3]=[O:4]	-120.006	0.275693	-	-	-	-	G
C36378438      none	B	[C:1][CX4:2]!@[NX3:3][C:4]	94.2963	4.4579	-	-	-	-	O
C36378438      none	B	[OX2:1][CX4:2]!@[CX4:3][OX2:4]	-56.7515	16.2177	-	-	-	-	G
C37407366      none	B	[OX2:1][CX4:2]!@[CX4:3][N:4]	-39.9913	1.41573	-	-	-	-	G
C37407366      none	B	[O:1]=[C:2]([O-])!@[CX4H1:3][H:4]	90.0048	0.86741	-	-	-	-	O
C37407366      none	B	[$(C=O):1][NX3H1:2]!@[CX4H1:3][H:4]	180	0.712411	-	-	-	-	R
C37407366      none	B	[O:1]=[CX3:2]!@[NX3H1:3][!#1:4]	-0.00507675	63.7893	-	-	-	-	G
C37407366      none	B	[OX2:1][CX4H2:2]!@[CX3:3]([$([NX3H1,NX3H2])])=[O:4]	89.9944	0.357143	-	-	-	-	R
C37407366      none	B	[C:1][CX4H2:2]!@[OX2:3][c:4]	-149.998	1.28448	-	-	-	-	O
C37407366      none	B	[cH1:1][c:2]([cH1])!@[O:3][C:4]	-29.718	0.195465	-	-	-	-	O
C13569713      none	B	[aH0:1][c:2]([aH0])!@[SX2:3][!#1:4]	-89.9985	3.32646	-	-	-	-	G
C13569713      none	B	[!#1:1][CX4:2]!@[SX2:3][!#1:4]	90.0004	2.8728	-	-	-	-	G
C13569713      none	B	[!#1:1][CX4H2:2]!@[CX3:3]=[O:4]	119.996	0.613497	-	-	-	-	G
C31958623      none	B	[!#1:1][CX4:2]!@[CX4:3][!#1:4]	60.0002	12.3771	-	-	-	-	G
C31958623      none	B	[O:1]=[C:2]([O-])!@[CX4H1:3][H:4]	0.00411391	0.495663	-	-	-	-	O
C31958623      none	B	[$(C=O):1][NX3H1:2]!@[CX4H1:3][H:4]	-29.9989	6.97413	-	-	-	-	G
C31958623      none	B	[O:1]=[CX3:2]!@[NX3H1:3][!#1:4]	-0.000312018	63.7893	-	-	-	-	G
C31958623      none	B	[a:1][c:2]!@[C:3]([NH1,NH2])=[O:4]	150.277	5.34677	-	-	-	-	O
C31958623      none	B	[*:1]~[cX3:2]!@[NX2:3]~[*:4]	120.004	1.45599	-	-	-	-	O
C36886363      none	B	[H:1][CX4H1:2]!@[O:3][CX4:4]	-39.9978	11.8876	-	-	-	-	G
C36886363      none	B	[O:1]=[C:2]([O-])!@[CX4H1:3][H:4]	-0.00132036	0.495663	-	-	-	-	O
C36886363      none	B	[cH0:1][c:2]([cH,nX2H0])!@[NX3H0:3][CX4:4]	149.726	2.61588	-	-	-	-	O
C36886363      none	B	[cH1:1][c:2]([cH1])!@[C:3]([NH1,NH2])=[O:4]	179.989	3.89499	-	-	-	-	G
C33515346      none	B	[a:1][c:2]!@[CX4H1:3][N,O:4]	-121.589	3.08052	-	-	-	-	G
C33515346      none	B	[O-:1][N+:2](=O)!@[c:3]([cH,nX2H0])[cH,nX2H0:4]	179.861	23.2156	-	-	-	-	G
C33515346      none	B	[*^2:1]~[C^2:2]([!H])!@[C^2:3]~[*^2:4]	179.944	19.9269	-	-	-	-	G
C33515346      none	B	[$([CX3]=O):1][NX3H0:2](C)!@[CX4H2:3][C:4]	89.9598	14.7513	-	-	-	-	G
C33515346      none	B	[!#1:1][CX4H2:2]!@[CX4H2:3][!#1:4]	180	58.554	-	-	-	-	G
C33515346      none	B	[CX4:1][CX4H2:2]!@[NX3;"N_lp":3][CX4:4]	-156.365	6.65327	-	-	-	-	G
C33515346      none	B	[cH1:1][c:2]([cH1])!@[CX3:3]([CX3H0])=[O:4]	-119.71	0.546448	-	-	-	-	R
C37473543      none	B	[*^2:1]~[C^2:2]([!H])!@[C^2:3]~[*^2:4]	-119.996	0.661024	-	-	-	-	G
C37473543      none	B	[O:1]=[C:2]!@[NX3H0:3]([a:4])[A]	-150.001	3.17023	-	-	-	-	G
C37473543      none	B	[$(C=O):1][NX3H0:2]!@[CX4H2:3][!#1:4]	59.997	0.649351	-	-	-	-	G
C37473543      none	B	[$(C=O):1][NX3H0:2]!@[c:3]([cH1])[cH1:4]	59.995	4.89486	-	-	-	-	G
C37473543      none	B	[N:1][CX4:2]!@[CX3:3]=[O:4]	-119.997	0.897291	-	-	-	-	G
C42520303      none	B	[OX2:1][CX4:2]!@[CX4:3][N:4]	-59.9956	14.8764	-	-	-	-	G
C42520303      none	B	[O:1]=[C:2]([O-])!@[CX4H1:3][H:4]	0.00483962	0.495663	-	-	-	-	O
C42520303      none	B	[$(S(=O)(=O)):1][NX3H1:2]!@[CX4H1:3][H:4]	30.0026	11.9705	-	-	-	-	G
C42520303      none	B	[*:1][$(S(=O)=O):2]!@[NX3H1:3][*:4]	-59.998	9.96512	-	-	-	-	G
C42520303      none	B	[*:1][$(S(=O)=O):2]!@[NX3H0:3][*:4]	-60.0031	7.32233	-	-	-	-	G
C42520303      none	B	[$(S(=O)(=O)):1][NX3H0:2]!@[CX4H1:3][H:4]	0.00335018	18	-	-	-	-	G
C03882072      none	B	[!#1:1][CH2:2]!@[n:3][cH0:4]	89.9981	14.7896	-	-	-	-	G
C03882072      none	B	[!#1:1][CX4:2]!@[CX4:3][!#1:4]	-79.9949	1.71775	-	-	-	-	G
C03882072      none	B	[OX2:1][CX4:2]!@[CX4:3][OX2:4]	60.0075	14.3222	-	-	-	-	G
C40229003      none	B	[!#1:1][CH2:2]!@[n:3][a:4]	-134.998	0.908865	-	-	-	-	O
C40229003      none	B	[!#1:1][CX4H2:2]!@[CX4H2:3][!#1:4]	180	58.554	-	-	-	-	G
C40229003      none	B	[C:1][CH2:2]!@[O:3][CX4:4]	59.9878	0.263939	-	-	-	-	R
C40229003      none	B	[C:1][CH2:2]!@[O:3][CX4:4]	-159.998	4.55295	-	-	-	-	G
C40229003      none	B	[OX2:1][CX4H2:2]!@[CX4H2:3][OX2:4]	-59.9941	9.11809	-	-	-	-	G
C06761651      none	B	[cH1:1][c:2]([cH1])!@[CX3:3]=[O:4]	-29.7208	3.22841	-	-	-	-	G
C06761651      none	B	[$(C=O):1][NX3H1:2]!@[c:3]([cH1])[cH1:4]	59.9822	0.402739	-	-	-	-	R
C06761651      none	B	[O:1]=[CX3:2]([$([NX3H1]C)])!@[NX3H1:3][!#1:4]	180	9.5176	-	-	-	-	R
C06761651      none	B	[O:1]=[CX3:2]([$([NX3H1]C)])!@[NX3H1:3][!#1:4]	-0.00205312	41.1343	-	-	-	-	G
C06761651      none	B	[$(C=O):1][NX3H1:2]!@[CX4H1:3][H:4]	-0.00189461	8.26772	-	-	-	-	G
C06761651      none	B	[!#1:1][CX4:2]!@[CX4:3][!#1:4]	160.009	1.81259	-	-	-	-	G
C06761651      none	B	[O:1]=[C:2]([O-])!@[CX4H1:3][H:4]	89.998	0.86741	-	-	-	-	O
C06761651      none	B	[!#1:1][CX4H2:2]!@[CX4H2:3][!#1:4]	180	58.554	-	-	-	-	G
C06761651      none	B	[!#1:1][CX4:2]!@[SX2:3][!#1:4]	-160.003	3.18377	-	-	-	-	G
C40580258      none	B	[H:1][CX4H1:2]!@[O:3][CX4:4]	-40.0031	11.8876	-	-	-	-	G
C40580258      none	B	[O:1]=[C:2]([O-])!@[CX4H1:3][H:4]	89.997	0.86741	-	-	-	-	O
C40580258      none	B	[O:1]=[CX3:2]!@[NX3H0:3][!#1:4]	180	18.2537	-	-	-	-	G
C40580258      none	B	[O:1]=[CX3:2]!@[NX3H1:3][!#1:4]	-0.00725026	63.7893	-	-	-	-	G
C40580258      none	B	[$([CX3]=O):1][NX3H1:2]!@[CX4H2:3][C:4] 	90.0072	7.35439	-	-	-	-	G
C40580258      none	B	N[C:2](=[O:1])!@[CH2:3][N:4]	150	3.125	-	-	-	-	G
C40580258      none	B	[O:1]=[CX3:2]!@[NX3H1:3][!#1:4]	-0.00450165	63.7893	-	-	-	-	G
C40580258      none	B	[$(C=O):1][NX3H1:2]!@[CX4H1:3][H:4]	-59.9934	1.23735	-	-	-	-	G
C62960288      none	B	[!#1:1][CX4:2]!@[CX4:3][!#1:4]	59.9341	12.3771	-	-	-	-	G
C62960288      none	B	[!#1:1][CX4:2]!@[CX4:3][!#1:4]	179.997	22.1548	-	-	-	-	G
C62960288      none	B	[O:1]=[CX3:2]!@[NX3H0:3][!#1:4]	-149.999	1.37927	-	-	-	-	O
C62960288      none	B	[O:1]=[CX3:2]!@[NX3H1:3][!#1:4]	0.00663254	63.7893	-	-	-	-	G
C62960288      none	B	[$(C=O):1][NX3H1:2]!@[CX4H1:3][H:4]	-30.0085	6.97413	-	-	-	-	G
C62960288      none	B	[OX2:1][CX4:2]!@[CX4:3][N:4]	-40.0042	1.41573	-	-	-	-	G
C62960288      none	B	[O:1]=[C:2]([O-])!@[CX4H1:3][H:4]	0.00464126	0.495663	-	-	-	-	O
C37449836      none	B	[O:1]=[CX3:2]!@[NX3H0:3][!#1:4]	-29.9921	0.692521	-	-	-	-	O
C37449836      none	B	[O:1]=[C:2]([O-])!@[CX4H1:3][H:4]	89.987	0.86741	-	-	-	-	O
C37449836      none	B	[!#1:1][CX4H2:2]!@[CX3:3]=[O:4]	59.9964	1.20812	-	-	-	-	G
C37449836      none	B	[!#1:1][CX4:2]!@[SX2:3][!#1:4]	39.9944	0.636754	-	-	-	-	O
C37449836      none	B	[!#1:1][CX4:2]!@[SX2:3][!#1:4]	160.002	2.91722	-	-	-	-	G
C44785417      none	B	[!#1:1][CX4:2]!@[CX4:3][!#1:4]	-179.113	22.1548	-	-	-	-	G
C44785417      none	B	[O:1]=[CX3:2]!@[NX3H0:3][!#1:4]	-30.0014	0.692521	-	-	-	-	O
C44785417      none	B	[C:1][CX4:2]!@[CX3:3]=[O:4]	0.452653	5.61823	-	-	-	-	G
C44785417      none	B	[!#1:1][CX4:2]!@[CX3H0:3][!#1:4]	-150	2.58987	-	-	-	-	G
C55164183      none	B	[$(C=O):1][NX3H1:2]!@[CX4H1:3][H:4]	-29.9959	6.97413	-	-	-	-	G
C55164183      none	B	[O:1]=[CX3:2]!@[NX3H1:3][!#1:4]	-0.0109807	63.7893	-	-	-	-	G
C55164183      none	B	[a:1][c:2]!@[C:3]([NH1,NH2])=[O:4]	-119.697	0.626362	-	-	-	-	G
C10232514      none	B	[cH0:1][c:2]([cH1])!@[O:3][C:4]	180	48.7454	-	-	-	-	G
C10232514      none	B	[cH0:1][c:2]!@[CX4H1:3][a:4]	-60.1709	3.47123	-	-	-	-	G
C10232514      none	B	[c:1][c:2]!@[c:3]([cH0])[nX2H0:4]	90.2452	0.619835	-	-	-	-	R
C11851797      none	B	[O:1]=[C:2]([O-])!@[c:3][nX2H0:4]	180	20	-	-	-	-	G
C11851797      none	B	[cH1:1][a:2]([cH1])!@[a:3]([sX2,o,nX2H0,nX3H1:4])([cH0])	60.3941	1.97285	-	-	-	-	G
C11851797      none	B	[aH1:1][c:2]([aH1])!@[SX4:3][!#1:4]	90.0002	12.916	-	-	-	-	G
C45227787      none	B	[CX4:1][CX4H2:2]!@[NX3;"N_lp":3][CX4:4]	-39.9974	0.040201	-	-	-	-	R
C45227787      none	B	[!#1:1][CX4H2:2]!@[CX4H2:3][!#1:4]	180	58.554	-	-	-	-	G
C45227787      none	B	[!#1:1][CX4:2]!@[CX4:3][!#1:4]	-160.005	1.85018	-	-	-	-	G
C45227787      none	B	[N:1][CX4:2]!@[CX3:3]=[O:4]	-29.9929	5.37503	-	-	-	-	G
C49175824      none	B	[cH0:1][c:2]!@[CX4H1:3][CX4:4]	-150.002	2.93999	-	-	-	-	G
C49175824      none	B	[a:1][c:2]!@[C:3]([NH1,NH2])=[O:4]	-120.001	0.626362	-	-	-	-	G
C49175824      none	B	[O:1]=[CX3:2]!@[NX3H1:3][!#1:4]	-0.00396708	63.7893	-	-	-	-	G
C49175824      none	B	[$(C=O):1][NX3H1:2]!@[CX3:3]=[NX2:4]	150.002	1.26582	-	-	-	-	O
C39926985      none	B	[a:1][a:2]!@[CX3:3]=[CX3H1:4]	60.3045	0.974618	-	-	-	-	O
C39926985      none	B	[O:1]=[C:2]([O-])!@[CX4H1:3][H:4]	-0.000791654	0.495663	-	-	-	-	O
C39958158      none	B	[!#1:1][CX4:2]!@[CX3H0:3][!#1:4]	179.999	7.26386	-	-	-	-	G
C39958158      none	B	[C:1][CX4H2:2]!@[NX3;"N_lp":3][C:4]	-156.358	6.16939	-	-	-	-	G
C49540138      none	B	[a:1][c:2]!@[CX4H2:3][!#1:4]	-0.00489183	2.24426	-	-	-	-	O
C49540138      none	B	[$(C=O):1][NX3H1:2]!@[CX4H2:3][!#1:4]	-89.9935	7.86473	-	-	-	-	G
C49540138      none	B	[O:1]=[CX3:2]([$([NX3H1]C)])!@[NX3H1:3][!#1:4]	-0.00148096	41.1343	-	-	-	-	G
C49540138      none	B	[O:1]=[CX3:2]([$([NX3H1]C)])!@[NX3H1:3][!#1:4]	-0.00721505	41.1343	-	-	-	-	G
C49540138      none	B	[$(C=O):1][NX3H1:2]!@[CX4H0:3][C:4]	60.0018	13.3187	-	-	-	-	G
C49540138      none	B	[NH1:1][CX4:2]!@[CX3:3]=[O:4]	90.001	0.183795	-	-	-	-	R
C49601683      none	B	[H:1][CX4H1:2]!@[O:3][CX4:4]	-29.9979	6.07621	-	-	-	-	G
C49601683      none	B	[H:1][CX4H1:2]!@[O:3][CX4:4]	-30.0024	6.07621	-	-	-	-	G
C49601683      none	B	[$(C=O):1][O:2]!@[CH1:3][H:4]	-29.9974	11.3505	-	-	-	-	G
C49601683      none	B	[OX2:1][CX4:2]!@[CX4:3][OX2:4]	-160.035	0.511128	-	-	-	-	G
C49601683      none	B	[O:1]=[C:2]!@[O:3]~[C:4]	0.000771126	74.4927	-	-	-	-	G
C49601683      none	B	[C:1][CX4H2:2]!@[CX3:3]=[O:4]	120	0.695249	-	-	-	-	O
C49601683      none	B	[!#1:1][CX4:2]!@[CX4:3][!#1:4]	180	22.1548	-	-	-	-	G
C49601683      none	B	[!#1:1][CX4:2]!@[CX4:3][!#1:4]	-60.001	12.2558	-	-	-	-	G
C49601683      none	B	[C:1][CX4H2:2]!@[CX3:3]=[O:4]	-90.0037	1.15875	-	-	-	-	O
C37655619      none	B	[*:1][$(S(=O)=O):2]!@[NX3H0r:3][*:4]	90	4.85782	-	-	-	-	G
C37655619      none	B	[O:1]=[C:2]([O-])!@[CX4H1:3][H:4]	89.9982	0.86741	-	-	-	-	O
C37655619      none	B	[*:1][$(S(=O)=O):2]!@[NX3H1:3][*:4]	60.0031	8.81913	-	-	-	-	G
C37655619      none	B	[$(S(=O)(=O)):1][NX3H1:2]!@[CX4H1:3][H:4]	-30.0052	9.39227	-	-	-	-	G
C19516134      none	B	[$(a[OH1]):1][a:2]!@[CX3:3]([NX3H0,CX4H0,c])=[O:4]	-60.023	0	-	-	-	-	O
C19516134      none	B	[O:1]=[CX3:2](a)!@[NX3H0:3][!#1:4]	150.31	2.50464	-	-	-	-	G
C19516134      none	B	[O:1]=[C:2]([O-])!@[CX4H1:3][H:4]	0.00308403	0.495663	-	-	-	-	O
C43700490      none	B	[a:1][c:2]!@[C:3]([NH0])=[O:4]	-89.9945	2.91667	-	-	-	-	G
C43700490      none	B	[O-:1][N+:2](=O)!@[c:3]([cH0])[cH,nX2H0:4]	0.256188	12.6374	-	-	-	-	G
C43700490      none	B	[O:1]=[CX3:2](a)!@[NX3H0:3][!#1:4]	-179.723	9.67842	-	-	-	-	G
C43700490      none	B	[O:1]=[C:2]([O-])!@[CX4H1:3][H:4]	90.007	0.86741	-	-	-	-	O
C49187744      none	B	[NH1:1][CX4:2]!@[CX3:3]=[O:4]	-119.993	0.275693	-	-	-	-	G
C49187744      none	B	[$(C=O):1][NX3H1:2]!@[CX4H0:3][C:4]	-60.0003	14.7253	-	-	-	-	G
C49187744      none	B	[O:1]=[CX3:2]([$([NX3H1]C)])!@[NX3H1:3][!#1:4]	0.00766444	41.1343	-	-	-	-	G
C49187744      none	B	[O:1]=[CX3:2]([$([NX3H1]C)])!@[NX3H1:3][!#1:4]	-0.00416252	41.1343	-	-	-	-	G
C49187744      none	B	[$([CX3]=O):1][NX3H1:2]!@[CX4H2:3][C:4] 	90.0036	7.35439	-	-	-	-	G
C49187744      none	B	[!#1:1][CX4H2:2]!@[CX4H2:3][!#1:4]	59.9949	3.99483	-	-	-	-	G
C49187744      none	B	[cH1:1][c:2]([cH1])!@[CX4H2:3][CX4:4]	-89.7254	11.9355	-	-	-	-	G
C40522307      none	B	[$(C=O):1][NX3:2]!@[a:3][aH0:4]	-150.018	1.98526	-	-	-	-	O
C40522307      none	B	[O:1]=[CX3:2]!@[NX3H1:3][!#1:4]	60.0053	0	-	-	-	-	R
C40522307      none	B	[O:1]=[CX3:2]!@[NX3H0:3][!#1:4]	-29.6882	0.692521	-	-	-	-	O
C40522307      none	B	[O:1]=[C:2]([O-])!@[CX4H1:3][H:4]	-0.000224597	0.495663	-	-	-	-	O
C52763997      none	B	[NH1:1][CX4:2]!@[CX3:3]=[O:4]	-30.0036	4.44172	-	-	-	-	G
C52763997      none	B	[$(C=O):1][NX3H1:2]!@[CX4H0:3][C:4]	59.9908	13.3187	-	-	-	-	G
C52763997      none	B	[O:1]=[CX3:2]!@[NX3H1:3][!#1:4]	0.00577328	63.7893	-	-	-	-	G
C52763997      none	B	[O:1]=[CX3:2]!@[NX3H0:3][!#1:4]	30.3082	0.680979	-	-	-	-	O
C52763997      none	B	[!#1:1][CX4:2]!@[CX4:3][!#1:4]	-160.004	1.85018	-	-	-	-	G
C52763997      none	B	[!#1:1][CX4H2:2]!@[CX4H2:3][!#1:4]	60.0053	3.99483	-	-	-	-	G
C52763997      none	B	[!#1:1][CX4H2:2]!@[CX4H2:3][!#1:4]	59.9931	3.99483	-	-	-	-	G
C62220185      none	B	[$(S(=O)(=O)):1][NH0:2]!@[c:3]([cH1])[cH1:4]	-60.0286	0.826446	-	-	-	-	G
C62220185      none	B	[*:1]~[N,n:2]!@[S:3]~[*:4]	56.0266	4.33354	-	-	-	-	O
C62220185      none	B	[!#1:1][CX4:2]!@[SX4:3][!#1:4]	-59.9967	11.2842	-	-	-	-	G
C62220185      none	B	[!#1:1][CX4:2]!@[CX4:3][!#1:4]	-79.9969	1.71775	-	-	-	-	G
C62220185      none	B	[C:1][CX4:2]!@[CX3:3]=[O:4]	119.992	3.75937	-	-	-	-	G
C62220185      none	B	[O:1]=[CX3:2]!@[NX3H1:3][!#1:4]	0.00919901	63.7893	-	-	-	-	G
C62220185      none	B	[$(C=O):1][NX3H1:2]!@[c:3]([cH1])[cH1:4]	-149.998	5.07451	-	-	-	-	G
C42784477      none	B	[O:1]=[CX3:2]!@[NX3H1:3][!#1:4]	0.00427702	63.7893	-	-	-	-	G
C42784477      none	B	[$(C=O):1][NX3H1:2]!@[CX4H1:3][H:4]	-30.0019	6.97413	-	-	-	-	G
C42784477      none	B	[$(C=O):1][O:2]!@[CH1:3][H:4]	30.0001	10.7465	-	-	-	-	G
C42784477      none	B	[O:1]=[C:2]!@[O:3]~[C:4]	0.00150474	74.4927	-	-	-	-	G
C38665266      none	B	[OX2:1][CX4:2]!@[CX4:3][OX2:4]	-175.863	13.4277	-	-	-	-	G
C38665266      none	B	[C:1][CX4:2]!@[NX3:3][C:4]	38.3156	0.581807	-	-	-	-	R
C19939695      none	B	[!#1:1][CX4H2:2]!@[CX4H2:3][!#1:4]	-59.9956	3.77933	-	-	-	-	G
C19939695      none	B	[!#1:1][CX4H2:2]!@[CX4H2:3][!#1:4]	180	58.554	-	-	-	-	G
C19939695      none	B	[C:1][CX4H2:2]!@[CX3:3]=[O:4]	-119.998	0.79457	-	-	-	-	O
C19939695      none	B	[C:1][CX4H2:2]!@[NX3:3][C:4]	-159.997	3.02586	-	-	-	-	G
C19939695      none	B	[*:1]~[CX3:2]!@[NX3:3]~[*:4]	150	0.571247	-	-	-	-	G
C40751588      none	B	[a:1][c:2]!@[C:3]([NH0])=[O:4]	-120.005	3.91667	-	-	-	-	G
C40751588      none	B	[aH0:1][c:2]([aH0])!@[SX2:3][!#1:4]	-90.0013	3.32646	-	-	-	-	G
C40751588      none	B	[O:1]=[CX3:2](a)!@[NX3H0:3][!#1:4]	30.0069	0.896722	-	-	-	-	O
C40751588      none	B	[$([CX3]=O):1][NX3H0:2](C)!@[CX4H2:3][C:4]	-89.9984	15.9949	-	-	-	-	G
C40751588      none	B	[$([CX3]=O):1][NX3H0:2](C)!@[CX4H2:3][C:4]	60.0038	0.600343	-	-	-	-	O
C40751588      none	B	[OX2:1][CX4H2:2]!@[CX4H2:3][N:4]	-60.0006	16.5981	-	-	-	-	G
C40751588      none	B	[OX2:1][CX4H2:2]!@[CX4H2:3][N:4]	179.999	8.36763	-	-	-	-	G
C37450012      none	B	[cH1:1][c:2]([cH1])!@[C:3]([NH1,NH2])=[O:4]	27.0196	8.08167	-	-	-	-	G
C37450012      none	B	[O:1]=[CX3:2]!@[NX3H1:3][!#1:4]	0.00305441	63.7893	-	-	-	-	G
C37450012      none	B	[$([CX3]=O):1][NX3H1:2]!@[CX4H2:3][C:4] 	120.004	2.76407	-	-	-	-	O
C37450012      none	B	[!#1:1][CX4H2:2]!@[CX4H2:3][!#1:4]	-60.005	3.77933	-	-	-	-	G
C37450012      none	B	[N:1][C:2](=O)!@[CX4H2:3][CX4H2:4]	-60.0055	0	-	-	-	-	R
C37450012      none	B	[O:1]=[CX3:2]!@[NX3H0:3][!#1:4]	-29.6916	0.692521	-	-	-	-	O
C37450012      none	B	[O:1]=[C:2]([O-])!@[CX4H1:3][H:4]	0.00164596	0.495663	-	-	-	-	O
C49072671      none	B	[*^2:1]~[C^2:2]([!H])!@[C^2:3]~[*^2:4]	90.2832	1.26539	-	-	-	-	G
C49072671      none	B	[O:1]=[C:2]!@[NX3:3](C=O)[*:4]	-30.0186	1.95489	-	-	-	-	O
C49072671      none	B	[H:1][CX4H1:2]!@[O:3][CX4:4]	41.0664	11.9906	-	-	-	-	O
C49072671      none	B	[O:1]=[CX3:2]!@[NX3H1:3][!#1:4]	0.00128558	63.7893	-	-	-	-	G
C49072671      none	B	[$(C=O):1][NX3H1:2]!@[CX4H2:3][$([c]([cH,nX2H0])[cH,nX2H0]):4]	149.998	2.27848	-	-	-	-	G
C49072671      none	B	[a:1][c:2]!@[CX4H2:3][!#1:4]	-179.729	2.35335	-	-	-	-	O
C42481764      none	B	[$(C=O):1][NX3H0:2]!@[CX4H1:3][H:4]	85.6895	0.168067	-	-	-	-	R
C42481764      none	B	[$([CX3]=O):1][NX3H0:2](C)!@[CX4H2:3][C:4]	-59.9956	0.686106	-	-	-	-	O
C42481764      none	B	[O:1]=[CX3:2]!@[NX3H0:3][!#1:4]	150.005	1.73707	-	-	-	-	O
C42481764      none	B	[OX2:1][CX4H2:2]!@[CX4H2:3][N:4]	180	8.36763	-	-	-	-	G
C42481764      none	B	[O:1]=[CX3:2]!@[NX3H0:3][!#1:4]	-29.6909	0.692521	-	-	-	-	O
C42481764      none	B	[O:1]=[C:2]([O-])!@[CX4H1:3][H:4]	90.0019	0.86741	-	-	-	-	O
C62118703      none	B	[C:1][CX4:2]!@[CX3:3]=[O:4]	-89.9326	3.45082	-	-	-	-	G
C62118703      none	B	[O:1]=[CX3:2]!@[NX3H0:3][!#1:4]	30.0006	0.680979	-	-	-	-	O
C62118703      none	B	[O:1]=[CX3:2]!@[NX3H0:3][!#1:4]	-29.6809	0.692521	-	-	-	-	O
C62118703      none	B	[O:1]=[C:2]([O-])!@[CX4H1:3][H:4]	-0.00442083	0.495663	-	-	-	-	O
C50920126      none	B	[$([CX3]=O):1][NX3H0:2](C)!@[CX4H2:3][C:4]	90.0001	14.7513	-	-	-	-	G
C50920126      none	B	[O:1]=[C:2]([O-])!@[CX4H1:3][H:4]	-0.00374642	0.495663	-	-	-	-	O
C50920126      none	B	[!#1:1][CX4H2:2]!@[CX4H2:3][!#1:4]	179.999	58.554	-	-	-	-	G
C50920126      none	B	[!#1:1][CX4H2:2]!@[CX4H2:3][!#1:4]	180	58.554	-	-	-	-	G
C50920126      none	B	[!#1:1][CX4H2:2]!@[CX4H2:3][!#1:4]	60.0037	3.99483	-	-	-	-	G
C40604918      none	B	[OX2:1][CX4:2]!@[CX4:3][N:4]	179.998	9.8427	-	-	-	-	G
C40604918      none	B	[O:1]=[C:2]([O-])!@[CX4H1:3][H:4]	89.9958	0.86741	-	-	-	-	O
C40604918      none	B	[$(C=O):1][NX3H1:2]!@[CX4H1:3][H:4]	179.999	0.712411	-	-	-	-	R
C40604918      none	B	[O:1]=[CX3:2]([$([NX3H1]C)])!@[NX3H1:3][!#1:4]	-0.00191812	41.1343	-	-	-	-	G
C40604918      none	B	[O:1]=[CX3:2]([$([NX3H1]C)])!@[NX3H1:3][!#1:4]	179.996	9.5176	-	-	-	-	R
C40604918      none	B	[$([CX3]=O):1][NX3H1:2]!@[CX4H2:3][C:4] 	-89.9995	7.35439	-	-	-	-	G
C40604918      none	B	[OX2:1][CX4:2]!@[CX4:3][N:4]	80.1332	3.55056	-	-	-	-	O
C45648757      none	B	[!#1:1][CX4:2]!@[CX4:3][!#1:4]	-81.3809	1.71775	-	-	-	-	G
C45648757      none	B	[NH1:1][CX4:2]!@[CX3:3]=[O:4]	-119.989	0.275693	-	-	-	-	G
C45648757      none	B	[$(C=O):1][NX3H1:2]!@[CX4H0:3][C:4]	-60.0059	14.7253	-	-	-	-	G
C45648757      none	B	[O:1]=[CX3:2]([$([NX3H1]C)])!@[NX3H1:3][!#1:4]	0.00658962	41.1343	-	-	-	-	G
C45648757      none	B	[O:1]=[CX3:2]([$([NX3H1]C)])!@[NX3H1:3][!#1:4]	-0.00931839	41.1343	-	-	-	-	G
C45648757      none	B	[$([CX3]=O):1][NX3H1:2]!@[CX4H2:3][C:4] 	180	6.46594	-	-	-	-	G
C45648757      none	B	[!#1:1][CX4:2]!@[CX4:3][!#1:4]	80.4209	1.75235	-	-	-	-	G
C21503586      none	B	[$(S(=O)(=O)):1][N:2]!@[c:3][a:4]	-60.0053	1.85547	-	-	-	-	G
C21503586      none	B	[c:1][S:2](=O)(=O)!@[NX2H0-:3]-[*:4]	60.0018	8.33333	-	-	-	-	G
C21503586      none	B	[aH0:1][c:2]([aH1])!@[SX4:3][!#1:4]	69.7325	11.3606	-	-	-	-	G
C58279554      none	B	[cH0:1][c:2]([cH,nX2H0])!@[NX3H1:3][CX4:4]	120	0	-	-	-	-	R
C58279554      none	B	[!#1:1][CX4H1:2]!@[NX3:3][!#1:4]	79.9973	3.82417	-	-	-	-	G
C58279554      none	B	[OX2:1][CX4:2]!@[CX4:3][N:4]	59.9954	15.2809	-	-	-	-	G
C58279554      none	B	[O:1]=[C:2]([O-])!@[CX4H1:3][H:4]	-0.00144991	0.495663	-	-	-	-	O
C48727211      none	B	[cH1:1][c:2]!@[c:3]([cH1])[nX2H0:4]	-0.0193068	25.7136	-	-	-	-	G
C48727211      none	B	[$(C=O):1][NX3H1:2]!@[c:3](s)[n:4]	180	66.092	-	-	-	-	G
C48727211      none	B	[O:1]=[CX3:2]!@[NX3H1:3][!#1:4]	-0.00771046	63.7893	-	-	-	-	G
C48727211      none	B	[a:1][c:2]!@[C:3]([NH1,NH2])=[O:4]	180	9.31373	-	-	-	-	G
C19428687      none	B	[a:1][c:2]!@[C:3]([NH0])=[O:4]	60.0008	3.02778	-	-	-	-	G
C19428687      none	B	[O:1]=[CX3:2](a)!@[NX3H0:3][!#1:4]	-149.693	2.19542	-	-	-	-	O
C19428687      none	B	[O:1]=[C:2]([O-])!@[CX4H1:3][H:4]	89.9921	0.86741	-	-	-	-	O
C17146854      none	B	[!#1:1][CX3:2]!@[SX4:3][!#1:4]	-59.9991	9.51087	-	-	-	-	G
C17146854      none	B	[*:1]~[NX3:2]!@[NX2:3]~[*:4]	119.997	0.129503	-	-	-	-	R
C17146854      none	B	[a:1][a:2]!@[NX3:3][!#1:4]	-179.732	11.4213	-	-	-	-	G
C17146854      none	B	[aH1:1][c:2]([aH1])!@[SX4:3][!#1:4]	0.000242385	0.126904	-	-	-	-	R
C41034020      none	B	[NH1:1][CX4:2]!@[CX3:3]=[O:4]	-119.989	0.275693	-	-	-	-	G
C41034020      none	B	[$(C=O):1][NX3H1:2]!@[CX4H0:3][C:4]	-60.0021	14.7253	-	-	-	-	G
C41034020      none	B	[O:1]=[CX3:2]!@[NX3H1:3][!#1:4]	-0.000197423	63.7893	-	-	-	-	G
C41034020      none	B	[NH1:1][CX4:2]!@[CX3:3]=[O:4]	-57.9072	1.73074	-	-	-	-	O
C08993106      none	B	[$(C=O):1][NX3H0:2]!@[CX4H1:3][H:4]	-120	0	-	-	-	-	R
C08993106      none	B	[*:1]~[CX3:2]!@[NX3:3]~[*:4]	-120.002	0.121451	-	-	-	-	G
C08993106      none	B	[a:1][a:2]!@[NX3:3][!#1:4]	-179.713	11.4213	-	-	-	-	G
C08993106      none	B	[O:1]=[C:2]([O-])!@[c:3]([cH1])[cH1:4]	179.971	7.35294	-	-	-	-	G
C66250621      none	B	[O-:1][N+:2](=O)!@[c:3]([cH,nX2H0])[cH,nX2H0:4]	179.975	23.2156	-	-	-	-	G
C66250621      none	B	[aH0:1][c:2]([aH1])!@[SX4:3][!#1:4]	-70.2113	15.3236	-	-	-	-	G
C66250621      none	B	[c:1][S:2](=O)(=O)!@[NX2H0-:3]-[*:4]	-59.9964	11.1111	-	-	-	-	G
C66250621      none	B	[$(S(=O)(=O)):1][N:2]!@[c:3][a:4]	120.002	2.34375	-	-	-	-	G
C66250621      none	B	[a:1][c:2]!@[CX4H2:3][CX3:4]	-90.0011	7.62274	-	-	-	-	G
C66250621      none	B	[c:1][CX4H2:2]!@[CX3:3]=[O:4]	-120.001	0.712251	-	-	-	-	O
C13013574      none	B	[cH1:1][c:2]([cH1])!@[CX3:3]=[NX2:4]	30.2718	2.39378	-	-	-	-	G
C13013574      none	B	[*:1]~[NX3:2]!@[NX2:3]~[*:4]	150	0.447375	-	-	-	-	O
C13013574      none	B	[O:1]=[CX3:2]!@[NX3H1:3][!#1:4]	-0.00539193	63.7893	-	-	-	-	G
C13013574      none	B	[a:1][c:2]!@[C:3]([NH1,NH2])=[O:4]	150.305	5.34677	-	-	-	-	O
C13013574      none	B	[aH1:1][c:2]([aH1])!@[SX4:3][!#1:4]	-110.008	4.53328	-	-	-	-	G
C13013574      none	B	[*:1][$(S(=O)=O):2]!@[NX3H0r:3][*:4]	60.2813	7.32227	-	-	-	-	G
C13013574      none	B	[O:1]=[C:2]([O-])!@[CX4H1:3][H:4]	90.002	0.86741	-	-	-	-	O
C40826105      none	B	[c:1][$(S(=O)=O):2]!@[NX3H1:3][C:4]	59.9992	14.5215	-	-	-	-	G
C40826105      none	B	[aH1:1][c:2]([aH1])!@[SX4:3][!#1:4]	-89.7222	12.5987	-	-	-	-	G
C40826105      none	B	[$(S(=O)(=O)):1][NH0:2]!@[c:3]([cH1])[cH1:4]	-89.7446	17.7686	-	-	-	-	G
C40826105      none	B	[c:1][S:2](=O)(=O)!@[NX2H0-:3]-[*:4]	59.9971	8.33333	-	-	-	-	G
C40826105      none	B	[aH1:1][c:2]([aH1])!@[SX4:3][!#1:4]	-89.689	12.5987	-	-	-	-	G
C04001691      none	B	[C:1][CX4H2:2]!@[OX2:3][c:4]	59.9945	0.147399	-	-	-	-	G
C04001691      none	B	[cH1:1][c:2](cO)!@[O:3][C:4]	30.008	0.429248	-	-	-	-	O
C04001691      none	B	[a:1][c:2]!@[CX4H2:3][CX3:4]	-89.9772	7.62274	-	-	-	-	G
C04001691      none	B	[cH1:1][c:2](cO)!@[O:3][C:4]	-119.722	0.103612	-	-	-	-	R
C04001691      none	B	[C:1][CX4H2:2]!@[OX2:3][c:4]	-119.997	0.315856	-	-	-	-	R
C04001691      none	B	[c:1][CX4H2:2]!@[CX3:3]=[O:4]	119.998	1.4245	-	-	-	-	O
C04001691      none	B	[O:1]=[CX3:2]!@[NX3H1:3][!#1:4]	0.0294341	63.7893	-	-	-	-	G
C04001691      none	B	[$(C=O):1][NX3H1:2]!@[c:3]([cH1])[cH1:4]	29.9779	5.05437	-	-	-	-	G
C04001691      none	B	[aH1:1][c:2]([aH1])!@[SX4:3][!#1:4]	-89.9976	12.5987	-	-	-	-	G
C04001691      none	B	[c:1][S:2](=O)(=O)!@[NX2H0-:3]-[*:4]	-59.998	11.1111	-	-	-	-	G
C04001691      none	B	[$(S(=O)(=O)):1][N:2]!@[c:3][a:4]	-60.0032	1.85547	-	-	-	-	G
C35426190      none	B	[$([C](=O)):1][NX3:2]!@[a:3](s)[a:4]	-29.9974	0	-	-	-	-	R
C35426190      none	B	[O:1]=[C:2]([O-])!@[c:3][a:4]	0.000306379	11.4943	-	-	-	-	G
C35426190      none	B	[O:1]=[CX3:2]!@[NX3H1:3][!#1:4]	0.000955949	63.7893	-	-	-	-	G
C35426190      none	B	[NH1:1][CX4:2]!@[CX3:3]=[O:4]	60.8737	0.459488	-	-	-	-	O
C13004731      none	B	[cH1:1][c:2]([cH1])!@[CX4H2:3][CX4:4]	-89.9779	11.9355	-	-	-	-	G
C13004731      none	B	[!#1:1][CX4H2:2]!@[CX4H2:3][!#1:4]	-59.9977	3.77933	-	-	-	-	G
C13004731      none	B	[CX4:1][CX4H2:2]!@[NX3;"N_lp":3][CX4:4]	159.998	6.03015	-	-	-	-	G
C13004731      none	B	[!#1:1][CX4:2]!@[NX3;"N_lp":3]	-81.9799	1.35129	-	-	-	-	O
C13004731      none	B	[a:1][c:2]!@[CX4H1:3][N,O:4]	-120.002	3.08052	-	-	-	-	G
C13004731      none	B	[*:1]~[CX4:2]!@[P:3]~[*:4]	180	10.3949	-	-	-	-	G
C59186829      none	B	[a:1][c:2]!@[CX3:3]=[CX3H0:4]	-59.6752	3.49737	-	-	-	-	G
C13316223      none	B	[O:1][CX4:2]!@[CX3:3]=[O:4]	-120.006	1.11962	-	-	-	-	O
C13316223      none	B	[H:1][CX4H1:2]!@[OX2:3][!#1:4]	-60.0024	2.37856	-	-	-	-	G
C13316223      none	B	[O:1]=[CX3:2]!@[NX3H1:3][!#1:4]	0.0139448	63.7893	-	-	-	-	G
C13316223      none	B	[$(C=O):1][NX3:2]!@[a:3][aH0:4]	-150.001	1.98526	-	-	-	-	O
C13316223      none	B	[cH0:1][c:2]!@[CX4H1:3][CX4:4]	120.004	7.01281	-	-	-	-	G
C13316223      none	B	[cH1,n:1][c:2]!@[O:3][CH1:4]	-89.9994	0.38835	-	-	-	-	R
C13316223      none	B	[aH1:1][c:2]([aH1])!@[SX4:3][!#1:4]	69.998	5.04089	-	-	-	-	G
C13316223      none	B	[O:1]=[C:2]([O-])!@[c:3]([cH1])[cH0:4]	89.9999	0	-	-	-	-	R
C13316223      none	B	[*:1][$(S(=O)=O):2]!@[NX3H0r:3][*:4]	-119.729	0.995261	-	-	-	-	G
C33450402      none	B	[O:1]=[C:2]([O-])!@[CX4H1:3][H:4]	90.0017	0.86741	-	-	-	-	O
C33450402      none	B	[O:1]=[CX3:2]!@[NX3H0:3][!#1:4]	180	18.2537	-	-	-	-	G
C33450402      none	B	[N:1][C:2](=O)!@[CX4H2:3][CX4H2:4]	-150.005	5.31335	-	-	-	-	G
C33450402      none	B	[!#1:1][CX4H2:2]!@[CX4H2:3][!#1:4]	59.9983	3.99483	-	-	-	-	G
C33450402      none	B	[O:1]=[CX3:2]([NH1])!@[CH2:3][C:4]	89.9967	2.11706	-	-	-	-	O
C33450402      none	B	[O:1]=[CX3:2]!@[NX3H1:3][!#1:4]	-0.00359783	63.7893	-	-	-	-	G
C33450402      none	B	[$([CX3]=O):1][NX3H1:2]!@[CX4H2:3][C:4] 	-90.0008	7.35439	-	-	-	-	G
C33450402      none	B	[OX2:1][CX4H2:2]!@[CX4H2:3][N:4]	180	8.36763	-	-	-	-	G
C33450402      none	B	[C:1][CH2:2]!@[O:3][CX4:4]	180	35.2689	-	-	-	-	G
C33450402      none	B	[C:1][CH2:2]!@[O:3][CX4:4]	180	35.2689	-	-	-	-	G
C33450402      none	B	[OX2:1][CX4H2:2]!@[CX4H2:3][OX2:4]	-60.0028	9.11809	-	-	-	-	G
C38038691      none	B	[$([CX3]=O):1][NX3H0:2](C)!@[CX4H2:3][C:4]	-119.997	2.31561	-	-	-	-	O
C38038691      none	B	[O:1]=[CX3:2]!@[NX3H0:3][!#1:4]	149.995	1.73707	-	-	-	-	O
C38038691      none	B	N[C:2](=[O:1])!@[CH2:3][N:4]	-120.006	0.892857	-	-	-	-	G
C38038691      none	B	[!#1:1][CX4H2:2]!@[CX3:3]=[O:4]	119.998	0.613497	-	-	-	-	G
C38038691      none	B	[!#1:1][CH2:2]!@[n:3][a:4]	-179.69	0.161853	-	-	-	-	R
C20313903      none	B	[O:1]=[C:2]([O-])!@[c:3][a:4]	-89.9899	0.862069	-	-	-	-	O
C20313903      none	B	[O-:1][N+:2](=O)!@[c:3]([cH0])[cH,nX2H0:4]	0.304398	12.6374	-	-	-	-	G
C22960677      none	B	[O-:1][N+:2](=O)!@[c:3]([cH,nX2H0])[cH,nX2H0:4]	179.971	23.2156	-	-	-	-	G
C22960677      none	B	[aH0:1][c:2]([aH1])!@[SX4:3][!#1:4]	-90.2105	5.01982	-	-	-	-	O
C22960677      none	B	[c:1][S:2](=O)(=O)!@[NX2H0-:3]-[*:4]	-89.9962	2.77778	-	-	-	-	G
C22960677      none	B	[$(S(=O)(=O)):1][NH0:2]!@[c:3]([cH1])[cH0:4]	119.727	0	-	-	-	-	R
C22960677      none	B	[cH0:1][c:2]([cH1])!@[CX3:3]([NX3H0])=[O:4]	-90.0019	3.27273	-	-	-	-	G
C22960677      none	B	[O:1]=[CX3:2](a)!@[NX3H0:3][!#1:4]	-149.708	2.19542	-	-	-	-	O
C67487087      none	B	[$(C=O):1][NX3:2]!@[a:3][aH0:4]	-59.9876	2.68113	-	-	-	-	O
C67487087      none	B	[O:1]=[CX3:2]([$([NX3H1]C)])!@[NX3H1:3][!#1:4]	180	9.5176	-	-	-	-	R
C67487087      none	B	[O:1]=[CX3:2]([$([NX3H1]C)])!@[NX3H1:3][!#1:4]	-0.0164766	41.1343	-	-	-	-	G
C67487087      none	B	[$(C=O):1][NX3H1:2]!@[CX4H1:3][H:4]	-29.9947	6.97413	-	-	-	-	G
C67487087      none	B	[NH1:1][CX4:2]!@[CX3:3]=[O:4]	-59.9973	1.73074	-	-	-	-	O
C67487087      none	B	[O:1]=[CX3:2]!@[NX3H0:3][!#1:4]	-29.731	0.692521	-	-	-	-	O
C17889089      none	B	[cH1:1][c:2]([cH1])!@[O:3][C:4]	-179.725	26.896	-	-	-	-	G
C17889089      none	B	[*:1]~[cX3:2]!@[NX2:3]~[*:4]	-89.997	2.13435	-	-	-	-	O
C17889089      none	B	[cH0:1][c:2]([cH0])!@[CX3!r:3]=[NX2!r:4]	-179.717	17.1941	-	-	-	-	G
C40560011      none	B	[OX2:1][CX4:2]!@[CX4:3][N:4]	59.9968	15.2809	-	-	-	-	G
C40560011      none	B	[O:1]=[C:2]([O-])!@[CX4H1:3][H:4]	-0.00786515	0.495663	-	-	-	-	O
C40560011      none	B	[$(C=O):1][NX3H1:2]!@[CX4H1:3][H:4]	0.00133261	8.26772	-	-	-	-	G
C40560011      none	B	[O:1]=[CX3:2]([$([NX3H1]C)])!@[NX3H1:3][!#1:4]	0.0125551	41.1343	-	-	-	-	G
C40560011      none	B	[O:1]=[CX3:2]([$([NX3H1]C)])!@[NX3H1:3][!#1:4]	179.99	9.5176	-	-	-	-	R
C40560011      none	B	[$(C=O):1][NX3H1:2]!@[c:3]([cH1])[cH1:4]	59.9972	0.402739	-	-	-	-	R
C40560011      none	B	[cH1,n:1][c:2]!@[O:3][CH1:4]	120.001	0.194175	-	-	-	-	R
C40560011      none	B	[H:1][CX4H1:2]!@[OX2:3][!#1:4]	-29.9977	9.1924	-	-	-	-	G
C40699589      none	B	[cH1:1][c:2]([cH1])!@[C:3]([NH1,NH2])=[O:4]	-152.968	8.78518	-	-	-	-	G
C40699589      none	B	[O:1]=[CX3:2]!@[NX3H1:3][!#1:4]	0.00246472	63.7893	-	-	-	-	G
C40699589      none	B	[$(C=O):1][NX3H1:2]!@[CX4H1:3][H:4]	-30.0042	6.97413	-	-	-	-	G
C40699589      none	B	[!#1:1][CX4:2]!@[CX4:3][!#1:4]	179.999	22.1548	-	-	-	-	G
C40699589      none	B	[O:1]=[C:2]([O-])!@[CX4H1:3][H:4]	0.00754536	0.495663	-	-	-	-	O
C40699589      none	B	[!#1:1][CX4H2:2]!@[CX4H2:3][!#1:4]	-60.0023	3.77933	-	-	-	-	G
C20318282      none	B	[!#1:1][CH2:2]!@[n:3][a:4]	135.001	0.423307	-	-	-	-	O
C20318282      none	B	[a:1][c:2]!@[C:3]([NH1,NH2])=[O:4]	-0.00402331	9.67683	-	-	-	-	G
C20318282      none	B	[O:1]=[CX3:2]!@[NX3H1:3][!#1:4]	0.00145162	63.7893	-	-	-	-	G
C20318282      none	B	[$([CX3]=O):1][NX3H1:2]!@[CX4H2:3][C:4] 	120.001	2.76407	-	-	-	-	O
C20318282      none	B	N[C:2](=[O:1])!@[CH2:3][N:4]	179.996	8.33333	-	-	-	-	G
C20318282      none	B	[!#1:1][CX4H2:2]!@[CX4H2:3][!#1:4]	180	58.554	-	-	-	-	G
C20318282      none	B	[C:1][CX4H2:2]!@[CX3:3]=[O:4]	120.005	0.695249	-	-	-	-	O
C61825670      none	B	[!#1:1][CX4:2]!@[CX4:3][!#1:4]	79.9964	1.75235	-	-	-	-	G
C61825670      none	B	[!#1:1][CX4:2]!@[CX4:3][!#1:4]	80.0031	1.75235	-	-	-	-	G
C61825670      none	B	[!#1:1][CX4:2]!@[CX4:3][!#1:4]	180	22.1548	-	-	-	-	G
C61825670      none	B	[a:1][c:2]!@[CX4H1:3][N,O:4]	-29.9962	3.61778	-	-	-	-	G
C61825670      none	B	[C:1][CX4H2:2]!@[CX3:3]=[O:4]	119.993	0.695249	-	-	-	-	O
C39482925      none	B	[H:1][CX4H1:2]!@[SX4:3][!#1:4]	-52.259	11.8252	-	-	-	-	G
C39482925      none	B	[aH1:1][c:2]([aH1])!@[SX4:3][!#1:4]	-89.6887	12.5987	-	-	-	-	G
C39482925      none	B	[$(S(=O)(=O)):1][NH1:2]!@[c:3]([cH1])[cH0:4]	119.984	6.08365	-	-	-	-	G
C39482925      none	B	[cH0:1][c:2]([cH,nX2H0])!@[NX3H0:3][CX4:4]	90.2832	2.06517	-	-	-	-	O
C39482925      none	B	[*:1][$(S(=O)=O):2]!@[NX3H1:3][*:4]	-90.0063	4.38465	-	-	-	-	G
C62925252      none	B	[C:1][CX4:2]!@[CX3:3]=[O:4]	89.994	3.65147	-	-	-	-	G
C62925252      none	B	[O:1]=[CX3:2]!@[NX3H0:3][!#1:4]	-179.988	18.2537	-	-	-	-	G
C62925252      none	B	[O:1]=[CX3:2]!@[NX3H1:3][!#1:4]	29.9841	0.0707142	-	-	-	-	O
C62925252      none	B	[$(C=O):1][NX3H1:2]!@[c:3]([cH1])[cH1:4]	9.81084e-06	7.77286	-	-	-	-	G
C62916894      none	B	[!#1:1][CX4:2]!@[CX4:3][!#1:4]	69.1867	7.06239	-	-	-	-	G
C62916894      none	B	[C:1][CX4:2]!@[CX3:3]=[O:4]	89.9979	3.65147	-	-	-	-	G
C62916894      none	B	[O:1]=[CX3:2]!@[NX3H0:3][!#1:4]	180	18.2537	-	-	-	-	G
C40668644      none	B	[O:1]=[CX3:2]!@[NX3H1:3][!#1:4]	-0.00676234	63.7893	-	-	-	-	G
C40668644      none	B	[$(C=O):1][NX3H1:2]!@[c:3](s)[n:4]	-179.67	66.092	-	-	-	-	G
C40668644      none	B	[aH0:1][c:2]([aH0])!@[SX4:3][!#1:4]	66.1484	5.02793	-	-	-	-	G
C40668644      none	B	[c:1][S:2](=O)(=O)!@[NX2H0-:3]-[*:4]	89.9982	2.77778	-	-	-	-	G
C40668644      none	B	[$(S(=O)(=O)):1][NH0:2]!@[c:3]([cH1])[cH0:4]	-90.2784	18.0328	-	-	-	-	G
C37791720      none	B	[$(C=O):1][NX3H1:2]!@[CX4H1:3][H:4]	30.0013	9.46757	-	-	-	-	G
C37791720      none	B	[O:1]=[CX3:2]!@[NX3H1:3][!#1:4]	0.00188989	63.7893	-	-	-	-	G
C37791720      none	B	[C:1][CX4:2]!@[CX3:3]=[O:4]	-150.828	1.18876	-	-	-	-	G
C37791720      none	B	[O:1]=[C:2]([O-])!@[CX4H1:3][H:4]	89.9974	0.86741	-	-	-	-	O
C23628958      none	B	[NH1:1][CX4:2]!@[CX3:3]=[O:4]	179.995	3.23174	-	-	-	-	O
C23628958      none	B	[!#1:1][CX4H1:2]!@[NX3:3][!#1:4]	-150.001	2.59662	-	-	-	-	G
C23628958      none	B	[O:1]=[CX3:2]!@[NX3H1:3][!#1:4]	-0.00462915	63.7893	-	-	-	-	G
C23628958      none	B	[$(C=O):1][NX3H1:2]!@[CX4H2:3][!#1:4]	150.001	1.53362	-	-	-	-	G
C23628958      none	B	[a:1][c:2]!@[CX4H2:3][!#1:4]	90.3322	7.24386	-	-	-	-	G
C23628958      none	B	[cH1:1][c:2]([cH1])!@[NX3:3][CX4:4]	-29.9992	1.41383	-	-	-	-	G
C23628958      none	B	[$(S(=O)(=O)):1][NH0:2]!@[c:3]([cH1])[cH1:4]	59.9759	1.23967	-	-	-	-	G
C23628958      none	B	[*:1]~[N,n:2]!@[S:3]~[*:4]	176.018	8.16343	-	-	-	-	G
C55174716      none	B	[a:1][c:2]!@[C:3]([NH0])=[O:4]	120	4.19444	-	-	-	-	G
C55174716      none	B	[O:1]=[CX3:2](a)!@[NX3H0:3][!#1:4]	-179.688	9.67842	-	-	-	-	G
C55174716      none	B	[H:1][CX4H1:2]!@[O:3][CX4:4]	-36.1299	11.8876	-	-	-	-	G
C55174716      none	B	[O:1]=[C:2]([O-])!@[CX4H1:3][H:4]	0.00442053	0.495663	-	-	-	-	O
C40698133      none	B	[!#1:1][CX4:2]!@[SX2:3][!#1:4]	80.001	6.41197	-	-	-	-	G
C40698133      none	B	[!#1:1][CX4:2]!@[SX2:3][!#1:4]	-80.0016	6.01214	-	-	-	-	G
C40698133      none	B	[!#1:1][CX4H2:2]!@[CX3:3]=[O:4]	120.004	0.613497	-	-	-	-	G
C40698133      none	B	[O:1]=[CX3:2]!@[NX3H1:3][!#1:4]	-0.00243375	63.7893	-	-	-	-	G
C40698133      none	B	[$(C=O):1][NX3H1:2]!@[CX4H1:3][H:4]	30.0008	9.46757	-	-	-	-	G
C40698133      none	B	[!#1:1][CX4:2]!@[CX4:3][!#1:4]	179.993	22.1548	-	-	-	-	G
C40698133      none	B	[O:1]=[C:2]([O-])!@[CX4H1:3][H:4]	0.00117415	0.495663	-	-	-	-	O
C40698133      none	B	[!#1:1][CX4H2:2]!@[CX4H2:3][!#1:4]	59.9969	3.99483	-	-	-	-	G
C49619159      none	B	[cH0:1][c:2]!@[CX4H2:3][a:4]	-135.02	0.554675	-	-	-	-	R
C49619159      none	B	[!#1:1][CH2:2]!@[n:3][cH0:4]	-134.721	0.892478	-	-	-	-	R
C50659514      none	B	[$(S(=O)(=O)):1][N:2]!@[c:3][a:4]	90.0039	4.78516	-	-	-	-	G
C50659514      none	B	[c:1][S:2](=O)(=O)!@[NX2H0-:3]-[*:4]	89.9937	2.77778	-	-	-	-	G
C50659514      none	B	[aH1:1][c:2]([aH1])!@[SX4:3][!#1:4]	90.2765	12.916	-	-	-	-	G
C44678223      none	B	[C:1][CH2:2]!@[O:3][CX4:4]	159.999	5.67469	-	-	-	-	G
C44678223      none	B	[!#1:1][CX4H2:2]!@[CX4H2:3][!#1:4]	59.9925	3.99483	-	-	-	-	G
C44678223      none	B	[!#1:1][CX4H2:2]!@[CX4H2:3][!#1:4]	179.999	58.554	-	-	-	-	G
C44678223      none	B	[!#1:1][CX4H2:2]!@[CX4H2:3][!#1:4]	60.0082	3.99483	-	-	-	-	G
C44678223      none	B	[$([CX3]=O):1][NX3H1:2]!@[CX4H2:3][C:4] 	-90.0064	7.35439	-	-	-	-	G
C44678223      none	B	[O:1]=[CX3:2]!@[NX3H1:3][!#1:4]	-0.00157042	63.7893	-	-	-	-	G
C44678223      none	B	[O:1]=[CX3:2]!@[NX3H0:3][!#1:4]	-179.668	18.2537	-	-	-	-	G
C44678223      none	B	[O:1]=[C:2]([O-])!@[CX4H1:3][H:4]	-0.00015397	0.495663	-	-	-	-	O
C51840791      none	B	[NH1:1][CX4:2]!@[CX3:3]=[O:4]	120.003	0.41354	-	-	-	-	G
C51840791      none	B	[$(C=O):1][NX3H1:2]!@[CX4H0:3][C:4]	60.0004	13.3187	-	-	-	-	G
C51840791      none	B	[O:1]=[CX3:2]!@[NX3H1:3][!#1:4]	-0.00532293	63.7893	-	-	-	-	G
C51840791      none	B	[O:1]=[CX3:2]!@[NX3H0:3][!#1:4]	-149.996	1.37927	-	-	-	-	O
C51840791      none	B	[$([CX3]=O):1][NX3H0:2](C)!@[CX4H2:3][C:4]	60.0021	0.600343	-	-	-	-	O
C51840791      none	B	[OX2:1][CX4:2]!@[CX4:3][N:4]	39.9995	1.66292	-	-	-	-	G
C37432136      none	B	[OX2:1][CX4:2]!@[CX4:3][N:4]	60.0006	15.2809	-	-	-	-	G
C37432136      none	B	[O:1]=[C:2]([O-])!@[CX4H1:3][H:4]	-0.000648468	0.495663	-	-	-	-	O
C37432136      none	B	[$(C=O):1][NX3H1:2]!@[CX4H1:3][H:4]	-30.0055	6.97413	-	-	-	-	G
C37432136      none	B	[O:1]=[CX3:2]!@[NX3H1:3][!#1:4]	0.00287052	63.7893	-	-	-	-	G
C37432136      none	B	[$([cH0](=O)):1][c:2]([cH1])!@[CX3:3]([NX3H1,NX3H2])=[O:4]	-149.994	0	-	-	-	-	R
C42435105      none	B	[!#1:1][CX4:2]!@[SX2:3][!#1:4]	-79.997	6.01214	-	-	-	-	G
C42435105      none	B	[!#1:1][CX4H2:2]!@[CX4H2:3][!#1:4]	179.996	58.554	-	-	-	-	G
C42435105      none	B	[!#1:1][CX4:2]!@[CX4:3][!#1:4]	60.0092	12.3771	-	-	-	-	G
C42435105      none	B	[O:1]=[C:2]([O-])!@[CX4H1:3][H:4]	0.00157067	0.495663	-	-	-	-	O
C42435105      none	B	[$(C=O):1][NX3H1:2]!@[CX4H1:3][H:4]	-60.0097	1.23735	-	-	-	-	G
C42435105      none	B	[O:1]=[CX3:2]!@[NX3H1:3][!#1:4]	0.0124728	63.7893	-	-	-	-	G
C42435105      none	B	[O:1]=[CX3:2]!@[NX3H0:3][!#1:4]	30.3034	0.680979	-	-	-	-	O
C42435105      none	B	[OX2:1][CX4:2]!@[CX4:3][N:4]	-80.0026	3.59551	-	-	-	-	G
C39745412      none	B	[$(C=O):1][NX3H1:2]!@[CX4H1:3][H:4]	-30.0046	6.97413	-	-	-	-	G
C39745412      none	B	[O:1]=[CX3:2]!@[NX3H1:3][!#1:4]	0.00307579	63.7893	-	-	-	-	G
C39745412      none	B	[!#1:1][CX4H2:2]!@[CX3:3]=[O:4]	180	2.94479	-	-	-	-	G
C39745412      none	B	[!#1:1][CX4:2]!@[SX2:3][!#1:4]	59.9977	7.53739	-	-	-	-	G
C39745412      none	B	[!#1:1][CX3:2]!@[SX2:3][!#1:4]	-150.298	0.338855	-	-	-	-	R
C42440092      none	B	[$(C=O):1][NX3H0:2]!@[CX4H1:3][H:4]	-32.0569	2.81513	-	-	-	-	O
C42440092      none	B	[$([CX3]=O):1][NX3H0:2](C)!@[CX4H2:3][C:4]	90.0031	14.7513	-	-	-	-	G
C42440092      none	B	[O:1]=[CX3:2]!@[NX3H0:3][!#1:4]	180	18.2537	-	-	-	-	G
C42440092      none	B	N[C:2](=[O:1])!@[CH2:3][N:4]	180	8.33333	-	-	-	-	G
C42440092      none	B	[O:1]=[CX3:2]!@[NX3H1:3][!#1:4]	0.000288557	63.7893	-	-	-	-	G
C42440092      none	B	[$([CX3]=O):1][NX3H1:2]!@[CX4H2:3][C:4] 	180	6.46594	-	-	-	-	G
C42440092      none	B	[NH1:1][CX4:2]!@[CX3:3]=[O:4]	119.988	0.41354	-	-	-	-	G
C19817184      none	B	[!#1:1][CX4:2]!@[CX4:3][!#1:4]	68.6213	7.06239	-	-	-	-	G
C19817184      none	B	[NH1:1][CX4:2]!@[CX3:3]=[O:4]	-150.007	4.5183	-	-	-	-	G
C19817184      none	B	[$(C=O):1][NX3H1:2]!@[CX4H0:3][C:4]	180	11.3993	-	-	-	-	G
C19817184      none	B	[O:1]=[CX3:2]([$([NX3H1]C)])!@[NX3H1:3][!#1:4]	-0.0125581	41.1343	-	-	-	-	G
C19817184      none	B	[O:1]=[CX3:2]([$([NX3H1]C)])!@[NX3H1:3][!#1:4]	0.00743888	41.1343	-	-	-	-	G
C19817184      none	B	[$([CX3]=O):1][NX3H1:2]!@[CX4H2:3][C:4] 	119.999	2.76407	-	-	-	-	O
C19817184      none	B	N[C:2](=[O:1])!@[CH2:3][N:4]	0.000840233	9.82143	-	-	-	-	G
C19817184      none	B	[O:1]=[CX3:2]!@[NX3H0:3][!#1:4]	0.294385	25.0866	-	-	-	-	G
C37637271      none	B	[aH1:1][c:2]([aH1])!@[SX4:3][!#1:4]	90.0005	12.916	-	-	-	-	G
C37637271      none	B	[cH1:1][c:2]([cH1])!@[NX3:3][CX4:4]	-159.999	2.66685	-	-	-	-	G
C37637271      none	B	[!#1:1][CX4H2:2]!@[NX3H1:3][!#1:4]	149.996	1.87295	-	-	-	-	O
C37637271      none	B	[NH1:1][CX4:2]!@[CX3:3]=[O:4]	120.001	0.41354	-	-	-	-	G
C37637271      none	B	[!#1:1][CX4:2]!@[SX4:3][!#1:4]	-40.0004	1.32632	-	-	-	-	G
C22010185      none	B	[$(C=O):1][NX3H1:2]!@[c:3]([cH1])[cH1:4]	29.9845	5.05437	-	-	-	-	G
C22010185      none	B	[aH1:1][c:2]([aH1])!@[SX4:3][!#1:4]	-89.9968	12.5987	-	-	-	-	G
C22010185      none	B	[!#1:1][CX4:2]!@[SX4:3][!#1:4]	60.0003	11.0105	-	-	-	-	G
C22010185      none	B	[!#1:1][CX4H2:2]!@[CX4H2:3][!#1:4]	60.0009	3.99483	-	-	-	-	G
C22010185      none	B	[C:1][CX4H2:2]!@[OX2:3][!#1:4]	160.001	4.72228	-	-	-	-	G
C22010185      none	B	[*:1]~[OX2:2]!@[SX4:3]~[*:4]	180	9.86873	-	-	-	-	G
C22010185      none	B	[O:1]=[CX3:2]!@[NX3H1:3][!#1:4]	-0.0028615	63.7893	-	-	-	-	G
C22010185      none	B	[cH1:1][c:2]([cH1])!@[C:3]([NH1,NH2])=[O:4]	153.005	9.05971	-	-	-	-	G
C49229495      none	B	[a:1][c:2]!@[CX4H1:3][N,O:4]	90.0004	1.22453	-	-	-	-	G
C49229495      none	B	[$(C=O):1][NX3H1:2]!@[CX4H1:3][H:4]	-29.9964	6.97413	-	-	-	-	G
C49229495      none	B	[O:1]=[CX3:2]!@[NX3H1:3][!#1:4]	0.00033213	63.7893	-	-	-	-	G
C49229495      none	B	[O:1]=[CX3:2]!@[NX3H0:3][!#1:4]	0.305508	25.0866	-	-	-	-	G
C49229495      none	B	[O:1]=[C:2]([O-])!@[CX4H1:3][H:4]	-0.00174533	0.495663	-	-	-	-	O
C33460608      none	B	[!#1:1][CX4:2]!@[CX4:3][!#1:4]	80.004	1.75235	-	-	-	-	G
C33460608      none	B	[O:1]=[C:2]([O-])!@[CX4H1:3][H:4]	90.0057	0.86741	-	-	-	-	O
C33460608      none	B	[$(C=O):1][NX3H1:2]!@[CX4H1:3][H:4]	0.00494688	8.26772	-	-	-	-	G
C33460608      none	B	[O:1]=[CX3:2]!@[NX3H1:3][!#1:4]	-0.00698025	63.7893	-	-	-	-	G
C33460608      none	B	[C:1][CX4:2]!@[CX3:3]=[O:4]	-145.365	1.18876	-	-	-	-	G
C33460608      none	B	[$(C=O):1][NX3H0:2]!@[c:3]([cH1])[cH1:4]	-29.9971	1.1203	-	-	-	-	G
C37796685      none	B	[!#1:1][CX4:2]!@[CX4:3][!#1:4]	-79.9969	1.71775	-	-	-	-	G
C37796685      none	B	[!#1:1][CX4:2]!@[CX4:3][!#1:4]	180	22.1548	-	-	-	-	G
C37796685      none	B	[O:1]=[CX3:2]([NH1])!@[CH2:3][C:4]	59.9949	6.84932	-	-	-	-	G
C37796685      none	B	[O:1]=[CX3:2]!@[NX3H1:3][!#1:4]	-0.00579293	63.7893	-	-	-	-	G
C37796685      none	B	[$(C=O):1][NX3H1:2]!@[CX4H1:3][H:4]	30.0074	9.46757	-	-	-	-	G
C37796685      none	B	[C:1][CX4H2:2]!@[CX3:3]=[O:4]	-89.9994	1.15875	-	-	-	-	O
C50879240      none	B	[NH1:1][CX4:2]!@[CX3:3]=[O:4]	29.9898	2.12896	-	-	-	-	G
C50879240      none	B	[$(C=O):1][NX3H1:2]!@[CX4H1:3][H:4]	-30.0074	6.97413	-	-	-	-	G
C50879240      none	B	[*^2:1]~[C^2:2]([!H])!@[C^2:3]~[*^2:4]	120.004	0.806964	-	-	-	-	G
C50879240      none	B	[*:1]~[CX3:2]!@[NX3:3]~[*:4]	180	27.0317	-	-	-	-	G
C50879240      none	B	[C:1][CX4H2:2]!@[NX3:3][C:4]	179.999	3.30615	-	-	-	-	G
C50879240      none	B	[CX3:1]=[CX3:2]!@[CH2:3][!#1:4]	89.9952	5.15376	-	-	-	-	G
C50879240      none	B	[O:1]=[CX3:2]!@[NX3H1:3][!#1:4]	0.0122145	63.7893	-	-	-	-	G
C50879240      none	B	[s:1][c:2]!@[C:3]([NH1])=[O:4]	179.986	7.69231	-	-	-	-	R
C48383609      none	B	[aH1:1][c:2]([aH1])!@[SX4:3][!#1:4]	-89.9966	12.5987	-	-	-	-	G
C48383609      none	B	[$(C=O):1][NX3:2]!@[a:3][aH0:4]	-149.997	1.98526	-	-	-	-	O
C48383609      none	B	[O:1]=[CX3:2]!@[NX3H1:3][!#1:4]	0.000385987	63.7893	-	-	-	-	G
C48383609      none	B	[C:1][CX4:2]!@[CX3:3]=[O:4]	60.4234	2.38699	-	-	-	-	G
C48383609      none	B	[O:1]=[C:2]([O-])!@[CX4H1:3][H:4]	0.0065774	0.495663	-	-	-	-	O
C48383609      none	B	[c:1][$(S(=O)=O):2]!@[NX3H1:3][C:4]	59.9948	14.5215	-	-	-	-	G
C35353097      none	B	[!#1:1][CX4:2]!@[CX4:3][!#1:4]	79.9955	1.75235	-	-	-	-	G
C35353097      none	B	[!#1:1][CX4H1:2]!@[NX3:3][!#1:4]	-150.001	2.59662	-	-	-	-	G
C35353097      none	B	[C:1][CX4H2:2]!@[CX3:3]=[O:4]	120.002	0.695249	-	-	-	-	O
C35353097      none	B	[cH1:1][c:2]([cH1])!@[NX3:3][CX4:4]	59.997	1.23291	-	-	-	-	O
C35353097      none	B	[aH1:1][c:2]([aH1])!@[SX4:3][!#1:4]	-90.0007	12.5987	-	-	-	-	G
C35353097      none	B	[c:1][$(S(=O)=O):2]!@[NX3H1:3][C:4]	60.0054	14.5215	-	-	-	-	G
C35353097      none	B	[$(S(=O)(=O)):1][NX3H1:2]!@[CX4H1:3][H:4]	59.9892	1.10497	-	-	-	-	G
C09185670      none	B	[$(C=O):1][NX3:2]!@[a:3]([nX2H0])[cH1:4]	0.00293559	25.5159	-	-	-	-	G
C09185670      none	B	[a:1][c:2]!@[CX4H1:3][N,O:4]	-119.995	3.08052	-	-	-	-	G
C09185670      none	B	[*^2:1]~[C^2:2]([!H])!@[C^2:3]~[*^2:4]	179.975	19.9269	-	-	-	-	G
C09185670      none	B	[s:1][c:2]([aX2,cH1])!@[CX3:3]=[O:4]	-89.9923	0	-	-	-	-	R
C09185670      none	B	[O-:1][N+:2](=O)!@[c:3]([cH,nX2H0])[cH,nX2H0:4]	-179.841	23.2156	-	-	-	-	G
C39781273      none	B	[*:1]~[CX3:2]!@[NX2:3]~[*:4]	-119.997	0.122371	-	-	-	-	G
C39781273      none	B	[!#1:1][CX4H2:2]!@[CX3:3]=[O:4]	-120.007	0.59462	-	-	-	-	G
C39781273      none	B	[!#1:1][CX4:2]!@[SX2:3][!#1:4]	-79.9984	6.01214	-	-	-	-	G
C39781273      none	B	[!#1:1][CX3:2]!@[SX2:3][!#1:4]	149.704	0.64006	-	-	-	-	R
C39781273      none	B	[C:1][CX4H2:2]!@[NX3:3][C:4]	-89.9999	9.94394	-	-	-	-	G
C39781273      none	B	[CX3:1]=[CX3:2]!@[CH2:3][!#1:4]	120.003	8.78049	-	-	-	-	G
C50950885      none	B	[$(C=O):1][NX3H1:2]!@[c:3]([cH1])[cH1:4]	29.995	5.05437	-	-	-	-	G
C50950885      none	B	[O:1]=[CX3:2]!@[NX3H1:3][!#1:4]	-0.00500024	63.7893	-	-	-	-	G
C50950885      none	B	[*^2:1]~[C^2:2]([!H])!@[C^2:3]~[*^2:4]	180	19.9269	-	-	-	-	G
C50950885      none	B	[CX3:1]=[CX3:2]!@[CH2:3][C:4]	-120.005	8.72666	-	-	-	-	G
C50950885      none	B	[!#1:1][CX4H2:2]!@[CX4H2:3][!#1:4]	60.0011	3.99483	-	-	-	-	G
C50950885      none	B	[!#1:1][CX4H2:2]!@[CX4H2:3][!#1:4]	180	58.554	-	-	-	-	G
C50950885      none	B	[$([CX3]=O):1][NX3H1:2]!@[CX4H2:3][C:4] 	150.001	1.43139	-	-	-	-	O
C50950885      none	B	[O:1]=[CX3:2]!@[NX3H1:3][!#1:4]	-0.00199631	63.7893	-	-	-	-	G
C50950885      none	B	[O:1]=[CX3:2]!@[CX4H1r3:3][H:4]	180	19.5	-	-	-	-	G
C26477918      none	B	[O:1]=[CX3:2]!@[NX3H1:3][!#1:4]	0.0026853	63.7893	-	-	-	-	G
C26477918      none	B	[$(C=O):1][NX3H1:2]!@[c:3]([cH1])[cH1:4]	89.9928	0.0402739	-	-	-	-	R
C26477918      none	B	[aH1:1][c:2]([aH1])!@[SX4:3][!#1:4]	109.999	4.92809	-	-	-	-	G
C26477918      none	B	[*:1][$(S(=O)=O):2]!@[NX3H0r:3][*:4]	-89.7307	4.88152	-	-	-	-	G
C26477918      none	B	[C:1][CX4:2]!@[CX3:3]=[O:4]	-89.9335	3.45082	-	-	-	-	G
C26477918      none	B	[O:1]=[CX3:2]!@[NX3H1:3][!#1:4]	-0.000367417	63.7893	-	-	-	-	G
C26477918      none	B	[$(C=O):1][NX3H1:2]!@[CX4H1:3][H:4]	60.0002	6.22422	-	-	-	-	G
C26477918      none	B	[!#1:1][CX4:2]!@[CX4:3][!#1:4]	59.9948	12.3771	-	-	-	-	G
C26477918      none	B	[O:1]=[C:2]([O-])!@[CX4H1:3][H:4]	0.00816721	0.495663	-	-	-	-	O
C26477918      none	B	[!#1:1][CX4H2:2]!@[CX4H2:3][!#1:4]	180	58.554	-	-	-	-	G
C26477918      none	B	[!#1:1][CX4:2]!@[SX2:3][!#1:4]	-80.0002	6.01214	-	-	-	-	G
C39899650      none	B	[*:1]~[CX4:2]!@[n:3]~[*:4]	150	3.15253	-	-	-	-	G
C39899650      none	B	[$([C](=O)):1][NX3H1:2]!@[$([a]([nH0,o])):3][cH1:4]	30.0237	2.36559	-	-	-	-	R
C39899650      none	B	[O:1]=[CX3:2]!@[NX3H1:3][!#1:4]	0.00061181	63.7893	-	-	-	-	G
C39899650      none	B	[*^2:1]~[C^2:2]([!H])!@[C^2:3]~[*^2:4]	149.997	1.21045	-	-	-	-	G
C39899650      none	B	[*^2:1]~[C^2:2]([!H])!@[C^2:3]~[*^2:4]	0.00121704	20.0453	-	-	-	-	G
C39899650      none	B	[OX2:1][CX4:2]!@[CX4:3][OX2:4]	73.2173	14.7588	-	-	-	-	G
C42357541      none	B	[cH0:1][c:2]!@[CX4H2:3][N,O,S:4]	44.9963	3.35731	-	-	-	-	G
C42357541      none	B	[$(C=O):1][NX3H1:2]!@[CX4H2:3][!#1:4]	-149.996	1.65159	-	-	-	-	G
C42357541      none	B	[O:1]=[CX3:2]!@[NX3H1:3][!#1:4]	-0.00857899	63.7893	-	-	-	-	G
C42357541      none	B	[O:1]=[CX3:2]!@[NX3H0:3][!#1:4]	0.332191	25.0866	-	-	-	-	G
C42357541      none	B	[H:1][CX4H1:2]!@[O:3][CX4:4]	-55.4589	5.14933	-	-	-	-	G
C42357541      none	B	[O:1]=[C:2]([O-])!@[CX4H1:3][H:4]	-0.000246908	0.495663	-	-	-	-	O
C09007965      none	B	[*^2:1]~[C^2:2]([!H])!@[C^2:3]~[*^2:4]	-29.9898	1.21216	-	-	-	-	G
C09007965      none	B	[C:1][CX4:2]!@[CX3:3]=[O:4]	30.0008	3.28614	-	-	-	-	G
C09007965      none	B	[*^2:1]~[C^2:2]([!H])!@[C^2:3]~[*^2:4]	-179.688	19.9269	-	-	-	-	G
C09007965      none	B	[$([CX3]=O):1][NX3H0:2](C)!@[CX4H2:3][C:4]	-89.9978	15.9949	-	-	-	-	G
C09007965      none	B	[cH0:1][c:2]!@[CX4H1:3][CX3:4]	-120.265	7.25995	-	-	-	-	G
C09007965      none	B	[cH1:1][c:2](cO)!@[O:3][C:4]	89.7327	0.310835	-	-	-	-	R
C09007965      none	B	[cH0:1][c:2]([cH0])!@[O:3][C:4]	120.004	2.5775	-	-	-	-	G
C09007965      none	B	[!#1:1][CX4H2:2]!@[CX4H2:3][!#1:4]	180	58.554	-	-	-	-	G
C09007965      none	B	[CX4:1][CX4H2:2]!@[NX3;"N_lp":3][CX4:4]	-176.369	5.18593	-	-	-	-	G
C09007965      none	B	[O:1]=[C:2]!@[O:3]~[C:4]	-0.00392352	74.4927	-	-	-	-	G
C61589827      none	B	[aH0:1][c:2]([aH0])!@[SX2:3][!#1:4]	90.0057	3.2491	-	-	-	-	G
C61589827      none	B	[!#1:1][CX4:2]!@[SX2:3][!#1:4]	179.114	11.1654	-	-	-	-	G
C61589827      none	B	[C:1][CX4:2]!@[CX3:3]=[O:4]	-29.5695	3.42621	-	-	-	-	G
C19817200      none	B	[!#1:1][CX4:2]!@[CX4:3][!#1:4]	59.9947	12.3771	-	-	-	-	G
C19817200      none	B	[!#1:1][CX4:2]!@[CX4:3][!#1:4]	60.0035	12.3771	-	-	-	-	G
C19817200      none	B	[O:1]=[C:2]([O-])!@[CX4H1:3][H:4]	0.0100202	0.495663	-	-	-	-	O
C19817200      none	B	[$(C=O):1][NX3H1:2]!@[CX4H1:3][H:4]	29.9934	9.46757	-	-	-	-	G
C19817200      none	B	[O:1]=[CX3:2]([$([NX3H1]C)])!@[NX3H1:3][!#1:4]	-0.00303001	41.1343	-	-	-	-	G
C19817200      none	B	[O:1]=[CX3:2]([$([NX3H1]C)])!@[NX3H1:3][!#1:4]	-0.00348166	41.1343	-	-	-	-	G
C19817200      none	B	[$([CX3]=O):1][NX3H1:2]!@[CX4H2:3][C:4] 	150.006	1.43139	-	-	-	-	O
C19817200      none	B	N[C:2](=[O:1])!@[CH2:3][N:4]	0.000516721	9.82143	-	-	-	-	G
C19817200      none	B	[O:1]=[CX3:2]!@[NX3H1:3][!#1:4]	0.00489713	63.7893	-	-	-	-	G
C19817200      none	B	[$(C=O):1][NX3H1:2]!@[CX4H1:3][H:4]	-60.0026	1.23735	-	-	-	-	G
C04671357      none	B	[$(C=O):1][NX3H1:2]!@[c:3]([cH1])[cH1:4]	29.9889	5.05437	-	-	-	-	G
C04671357      none	B	[O:1]=[CX3:2]!@[NX3H1:3][!#1:4]	-0.00925359	63.7893	-	-	-	-	G
C04671357      none	B	[C:1][CX4:2]!@[CX3:3]=[O:4]	-153.218	1.18876	-	-	-	-	G
C04671357      none	B	[O:1]=[C:2]([O-])!@[CX4H1:3][H:4]	0.00547688	0.495663	-	-	-	-	O
C64727521      none	B	[!#1:1][CX4H2:2]!@[CX4H2:3][!#1:4]	60.0022	3.99483	-	-	-	-	G
C64727521      none	B	[!#1:1][CX4H2:2]!@[CX4H2:3][!#1:4]	179.995	58.554	-	-	-	-	G
C64727521      none	B	[cH1:1][c:2]([cH1])!@[CX4H2:3][CX4:4]	89.9992	11.713	-	-	-	-	G
C64727521      none	B	[aH1:1][c:2]([aH1])!@[SX4:3][!#1:4]	-90.0017	12.5987	-	-	-	-	G
C64727521      none	B	[aH0:1][c:2]([aH1])!@[SX4:3][!#1:4]	-70.279	15.3236	-	-	-	-	G
C64727521      none	B	[aH0:1][c:2]([aH0])!@[SX2:3][!#1:4]	179.998	14.0278	-	-	-	-	G
C64727521      none	B	[!#1:1][CX4:2]!@[SX2:3][!#1:4]	59.9993	7.53739	-	-	-	-	G
C64727521      none	B	[!#1:1][CX4H2:2]!@[CX3:3]=[O:4]	89.9977	1.06654	-	-	-	-	G
C64727521      none	B	[O:1]=[CX3:2]!@[NX3H1:3][!#1:4]	0.0079196	63.7893	-	-	-	-	G
C64727521      none	B	[$(C=O):1][NX3H1:2]!@[CX4H1:3][H:4]	29.9953	9.46757	-	-	-	-	G
C64727521      none	B	[C:1][CX4:2]!@[CX3:3]=[O:4]	-125.263	2.80722	-	-	-	-	G
C64727521      none	B	[O:1]=[C:2]!@[O:3]~[C:4]	0.00927844	74.4927	-	-	-	-	G
C48988349      none	B	[!#1:1][CX4:2]!@[CX4:3][!#1:4]	-81.3797	1.71775	-	-	-	-	G
C48988349      none	B	[NH1:1][CX4:2]!@[CX3:3]=[O:4]	-120.002	0.275693	-	-	-	-	G
C48988349      none	B	[$(C=O):1][NX3H1:2]!@[CX4H0:3][C:4]	-60.0027	14.7253	-	-	-	-	G
C48988349      none	B	[O:1]=[CX3:2]!@[NX3H1:3][!#1:4]	0.00182682	63.7893	-	-	-	-	G
C48988349      none	B	[O:1]=[CX3:2]!@[NX3H0:3][!#1:4]	150.278	1.73707	-	-	-	-	O
C48988349      none	B	[C:1][CX4:2]!@[CX3:3]=[O:4]	-120.035	3.42432	-	-	-	-	G
C48988349      none	B	[O:1]=[CX3:2]!@[NX3H1:3][!#1:4]	0.00116881	63.7893	-	-	-	-	G
C50398273      none	B	[$(C=O):1][NX3H1:2]!@[CX4H1:3][H:4]	0.00294141	8.26772	-	-	-	-	G
C50398273      none	B	[O:1]=[CX3:2]([$([NX3H1]C)])!@[NX3H1:3][!#1:4]	-0.00522378	41.1343	-	-	-	-	G
C50398273      none	B	[O:1]=[CX3:2]([$([NX3H1]C)])!@[NX3H1:3][!#1:4]	0.00986243	41.1343	-	-	-	-	G
C50398273      none	B	[$([CX3]=O):1][NX3H1:2]!@[CX4H2:3][C:4] 	119.997	2.76407	-	-	-	-	O
C50398273      none	B	[!#1:1][CX4H2:2]!@[CX4H2:3][!#1:4]	-60.0038	3.77933	-	-	-	-	G
C50398273      none	B	[!#1:1][CX4H2:2]!@[CX4H2:3][!#1:4]	179.997	58.554	-	-	-	-	G
C50398273      none	B	[!#1:1][CX4H2:2]!@[CX4H2:3][!#1:4]	179.999	58.554	-	-	-	-	G
C50398273      none	B	[!#1:1][CX4H2:2]!@[CX4H2:3][!#1:4]	60.0065	3.99483	-	-	-	-	G
C50398273      none	B	[C:1][CX4H2:2]!@[CX3:3]=[O:4]	-119.998	0.79457	-	-	-	-	O
C13250426      none	B	[OX2:1][CX4:2]!@[CX4:3][N:4]	-59.9944	14.8764	-	-	-	-	G
C13250426      none	B	[$(S(=O)(=O)):1][NX3H1:2]!@[CX4H2:3][!#1:4]	119.998	2.14592	-	-	-	-	O
C13250426      none	B	[c:1][$(S(=O)=O):2]!@[NX3H1:3][C:4]	60.0032	14.5215	-	-	-	-	G
C13250426      none	B	[aH0:1][c:2]([aH1])!@[SX4:3][!#1:4]	69.723	11.3606	-	-	-	-	G
C13250426      none	B	[O:1]=[C:2]([O-])!@[c:3]([cH1])[cH1:4]	179.982	7.35294	-	-	-	-	G
C02309782      none	B	[$(C=O):1][NX3:2]!@[a:3][aH0:4]	-150.002	1.98526	-	-	-	-	O
C02309782      none	B	[O:1]=[CX3:2]!@[NX3H1:3][!#1:4]	0.0134329	63.7893	-	-	-	-	G
C02309782      none	B	[!#1:1][CX4H2:2]!@[CX3:3]=[O:4]	59.988	1.20812	-	-	-	-	O
C02309782      none	B	[!#1:1][CX4:2]!@[SX2:3][!#1:4]	40.0015	0.636754	-	-	-	-	O
C02309782      none	B	[!#1:1][CX3:2]!@[SX2:3][!#1:4]	-119.997	0.0753012	-	-	-	-	R
C02309782      none	B	[cH0:1][c:2]!@[CX4H1:3][CX4:4]	89.7232	4.45044	-	-	-	-	G
C02309782      none	B	[*^2:1]~[C^2:2]([!H])!@[C^2:3]~[*^2:4]	-120.02	0.661024	-	-	-	-	G
C02309782      none	B	[O:1]=[C:2]!@[O:3]~[C:4]	-0.00758218	74.4927	-	-	-	-	G
C42161077      none	B	[!#1:1][CX4:2]!@[CX4:3][!#1:4]	59.996	12.3771	-	-	-	-	G
C42161077      none	B	[!#1:1][CX4:2]!@[CX4:3][!#1:4]	180	22.1548	-	-	-	-	G
C42161077      none	B	[NH1:1][CX4:2]!@[CX3:3]=[O:4]	0.000575968	6.89233	-	-	-	-	G
C42161077      none	B	[$(C=O):1][NX3H1:2]!@[CX4H1:3][H:4]	-0.00129823	8.26772	-	-	-	-	G
C42161077      none	B	[O:1]=[CX3:2]!@[NX3H0:3][!#1:4]	-149.692	1.37927	-	-	-	-	O
C42161077      none	B	[!#1:1][CX4:2]!@[CX4:3][!#1:4]	180	22.1548	-	-	-	-	G
C42161077      none	B	[C:1][CX4H2:2]!@[CX3:3]=[O:4]	-119.998	0.79457	-	-	-	-	O
C42161077      none	B	[O:1]=[CX3:2]!@[NX3H1:3][!#1:4]	-0.00562308	63.7893	-	-	-	-	G
C40560069      none	B	[C:1][CH2:2]!@[O:3][CX4:4]	79.9986	1.71561	-	-	-	-	G
C40560069      none	B	[!#1:1][CX4H2:2]!@[CX4H2:3][!#1:4]	180	58.554	-	-	-	-	G
C40560069      none	B	[!#1:1][CX4H2:2]!@[CX4H2:3][!#1:4]	179.999	58.554	-	-	-	-	G
C40560069      none	B	[$([CX3]=O):1][NX3H1:2]!@[CX4H2:3][C:4] 	90.0058	7.35439	-	-	-	-	G
C40560069      none	B	[O:1]=[CX3:2]!@[NX3H1:3][!#1:4]	-0.00696305	63.7893	-	-	-	-	G
C40560069      none	B	[O:1]=[CX3:2]!@[NX3H0:3][!#1:4]	0.314557	25.0866	-	-	-	-	G
C40560069      none	B	[O:1]=[C:2]([O-])!@[CX4H1:3][H:4]	90.0039	0.86741	-	-	-	-	O
C37365886      none	B	[cH1:1][c:2]([cH1])!@[C:3]([NH1,NH2])=[O:4]	-26.9902	8.39053	-	-	-	-	G
C37365886      none	B	[O:1]=[CX3:2]!@[NX3H1:3][!#1:4]	-0.0085991	63.7893	-	-	-	-	G
C37365886      none	B	[$(C=O):1][NX3H1:2]!@[CX4H0:3][C:4]	-63.6505	14.7253	-	-	-	-	G
C37365886      none	B	[NH1:1][CX4:2]!@[CX3:3]=[O:4]	89.997	0.183795	-	-	-	-	R
C40557255      none	B	[O:1]=[CX3:2]!@[NX3H0:3][!#1:4]	-150	1.37927	-	-	-	-	O
C40557255      none	B	[!#1:1][CX4:2]!@[CX4:3][!#1:4]	80.0011	1.75235	-	-	-	-	G
C40557255      none	B	[!#1:1][CX4H2:2]!@[CX4H2:3][!#1:4]	60.0015	3.99483	-	-	-	-	G
C40557255      none	B	[O:1]=[CX3:2]!@[NX3H0:3][!#1:4]	30.3261	0.680979	-	-	-	-	O
C40557255      none	B	[O:1]=[C:2]([O-])!@[CX4H1:3][H:4]	-8.62791e-05	0.495663	-	-	-	-	O
C48987969      none	B	[a:1][c:2]!@[CX4H2:3][!#1:4]	-45.001	1.96752	-	-	-	-	O
C48987969      none	B	[$([C](=O)):1][NX3H0:2]!@[CX4H2:3][$([c]([cH,nX2H0])[cH,nX2H0]):4]	-90.0095	11.8974	-	-	-	-	G
C48987969      none	B	[O:1]=[CX3:2]!@[NX3H0:3][!#1:4]	180	18.2537	-	-	-	-	G
C48987969      none	B	[O:1]=[CX3:2]!@[NX3H1:3][!#1:4]	0.00319472	63.7893	-	-	-	-	G
C48987969      none	B	[$(C=O):1][NX3H1:2]!@[CX4H1:3][H:4]	-60.0104	1.23735	-	-	-	-	O
C48987969      none	B	[!#1:1][CX4:2]!@[CX4:3][!#1:4]	179.996	22.1548	-	-	-	-	G
C48987969      none	B	[O:1]=[C:2]([O-])!@[CX4H1:3][H:4]	0.0102269	0.495663	-	-	-	-	O
C48987969      none	B	[C:1][CX4H2:2]!@[CX3:3]=[O:4]	-120.003	0.79457	-	-	-	-	O
C44728546      none	B	[C:1][CH2:2]!@[O:3][CX4:4]	80.0056	1.71561	-	-	-	-	G
C44728546      none	B	[OX2:1][CX4H2:2]!@[CX4H2:3][OX2:4]	60.0027	8.22123	-	-	-	-	G
C44728546      none	B	[C:1][CH2:2]!@[O:3][CX4:4]	-80.0092	1.18773	-	-	-	-	G
C44728546      none	B	[C:1][CH2:2]!@[O:3][CX4:4]	-159.995	4.55295	-	-	-	-	G
C44728546      none	B	[OX2:1][CX4H2:2]!@[CX4H2:3][N:4]	60.006	17.6955	-	-	-	-	G
C44728546      none	B	[$([CX3]=O):1][NX3H1:2]!@[CX4H2:3][C:4] 	90.0035	7.35439	-	-	-	-	G
C44728546      none	B	[O:1]=[CX3:2]!@[NX3H1:3][!#1:4]	-0.0062799	63.7893	-	-	-	-	G
C44728546      none	B	[O:1]=[CX3:2]!@[NX3H0:3][!#1:4]	0.313132	25.0866	-	-	-	-	G
C44728546      none	B	[O:1]=[C:2]([O-])!@[CX4H1:3][H:4]	-0.00257751	0.495663	-	-	-	-	O
C40605145      none	B	[$(C=O):1][NX3H1:2]!@[c:3]([cH0]F)[cH:4]	-149.992	0	-	-	-	-	R
C40605145      none	B	[O:1]=[CX3:2]!@[NX3H1:3][!#1:4]	29.995	0.0707142	-	-	-	-	O
C40605145      none	B	[O:1]=[CX3:2]!@[NX3H0:3][!#1:4]	30.3335	0.680979	-	-	-	-	O
C40605145      none	B	[O:1]=[C:2]([O-])!@[CX4H1:3][H:4]	90.0045	0.86741	-	-	-	-	O
C55272845      none	B	[H:1][CX4H1:2]!@[O:3][CX4:4]	-40.0028	11.8876	-	-	-	-	G
C55272845      none	B	[O:1]=[C:2]([O-])!@[CX4H1:3][H:4]	90.0025	0.86741	-	-	-	-	O
C55272845      none	B	[O:1]=[CX3:2]!@[NX3H0:3][!#1:4]	150.001	1.73707	-	-	-	-	O
C55272845      none	B	[c:1][CX4H2:2]!@[CX3:3]=[O:4]	59.9983	1.9943	-	-	-	-	G
C55272845      none	B	[a:1][c:2]!@[CX4H2:3][CX3:4]	-29.7097	0.559862	-	-	-	-	R
C06047615      none	B	[$(C=O):1][NX3:2]!@[a:3][aH0:4]	149.967	1.842	-	-	-	-	O
C06047615      none	B	[O-:1][N+:2](=O)!@[c:3]([cH0])[cH,nX2H0:4]	0.270546	12.6374	-	-	-	-	G
C06047615      none	B	[O:1]=[CX3:2]!@[NX3H1:3][!#1:4]	0.00862207	63.7893	-	-	-	-	G
C06047615      none	B	[O:1]=[CX3:2]([NH1])!@[CH2:3][C:4]	89.9956	2.11706	-	-	-	-	O
C06047615      none	B	[!#1:1][CX4:2]!@[CX4:3][!#1:4]	-59.7659	12.2558	-	-	-	-	G
C06047615      none	B	[O:1]=[C:2]([O-])!@[CX4H1:3][H:4]	-0.00251035	0.495663	-	-	-	-	O
C33812928      none	B	[!#1:1][CX4H2:2]!@[CX4H2:3][!#1:4]	60.0015	3.99483	-	-	-	-	G
C33812928      none	B	[C:1][CX4H2:2]!@[OX2:3][c:4]	-149.994	1.28448	-	-	-	-	O
C33812928      none	B	[cH1:1][c:2]([cH1])!@[O:3][C:4]	150.29	0.199809	-	-	-	-	O
C33812928      none	B	[a:1][c:2]!@[CX4H1:3][N,O:4]	-121.583	3.08052	-	-	-	-	G
C33812928      none	B	[*^2:1]~[C^2:2]([!H])!@[C^2:3]~[*^2:4]	149.957	1.21045	-	-	-	-	O
C33812928      none	B	[$([CX3]=O):1][NX3H0:2](C)!@[CX4H2:3][C:4]	-120.023	2.31561	-	-	-	-	O
C33812928      none	B	[!#1:1][CX4H2:2]!@[CX4H2:3][!#1:4]	180	58.554	-	-	-	-	G
C33812928      none	B	[CX4:1][CX4H2:2]!@[NX3;"N_lp":3][CX4:4]	-76.3598	8.1206	-	-	-	-	G
C33812928      none	B	[cH0:1][c:2]([cH0])!@[CX3:3]=[O:4]	-89.687	4.07886	-	-	-	-	G
C33812928      none	B	[nX3H1:1][a:2]!@[CX3:3]=[O:4]	-30.0154	0.773994	-	-	-	-	R
C33812928      none	B	[O:1]=[C:2]!@[O:3]~[C:4]	-0.00483246	74.4927	-	-	-	-	G
C20259236      none	B	[nH0r6:1][cr6:2]([cH1r6])!@[C:3]([NH1,NH2])=[O:4]	149.977	0.368324	-	-	-	-	O
C20259236      none	B	[O:1]=[CX3:2]!@[NX3H1:3][!#1:4]	0.00444215	63.7893	-	-	-	-	G
C20259236      none	B	[$(C=O):1][NX3H1:2]!@[CX4H1:3][H:4]	-0.00453307	8.26772	-	-	-	-	G
C20259236      none	B	[OX2:1][CX4:2]!@[CX4:3][N:4]	159.996	1.1236	-	-	-	-	O
C20259236      none	B	[O:1]=[C:2]([O-])!@[CX4H1:3][H:4]	0.0036391	0.495663	-	-	-	-	O
C34717512      none	B	[NH1:1][CX4:2]!@[CX3:3]=[O:4]	28.0152	2.12896	-	-	-	-	G
C34717512      none	B	[O:1]=[CX3:2]!@[NX3H0:3][!#1:4]	-179.692	18.2537	-	-	-	-	G
C34717512      none	B	[O:1]=[C:2]([O-])!@[CX4H1:3][H:4]	0.00480611	0.495663	-	-	-	-	O
C42334847      none	B	[aH0:1][c:2]([aH0])!@[SX2:3][!#1:4]	-90.0048	3.32646	-	-	-	-	G
C42334847      none	B	[!#1:1][CX4:2]!@[SX2:3][!#1:4]	-157.803	3.18377	-	-	-	-	G
C42334847      none	B	[C:1][CX4:2]!@[CX3:3]=[O:4]	-151.098	1.18876	-	-	-	-	G
C19507337      none	B	[H:1][CX4H1:2]!@[O:3][CX4:4]	-40.0094	11.8876	-	-	-	-	G
C19507337      none	B	[O:1]=[C:2]([O-])!@[CX4H1:3][H:4]	90	0.86741	-	-	-	-	O
C19507337      none	B	[O:1]=[CX3:2](a)!@[NX3H0:3][!#1:4]	150.002	2.50464	-	-	-	-	G
C19507337      none	B	[$(a[OH1]):1][a:2]!@[CX3:3]([NX3H0,CX4H0,c])=[O:4]	-60.0113	0	-	-	-	-	O
C40580216      none	B	[$(C=O):1][NX3H1:2]!@[CX4H1:3][H:4]	59.9913	6.22422	-	-	-	-	G
C40580216      none	B	[O:1]=[CX3:2]!@[NX3H1:3][!#1:4]	0.0114321	63.7893	-	-	-	-	G
C40580216      none	B	N[C:2](=[O:1])!@[CH2:3][N:4]	120.008	0.595238	-	-	-	-	G
C40580216      none	B	[$([CX3]=O):1][NX3H1:2]!@[CX4H2:3][C:4] 	89.9929	7.35439	-	-	-	-	G
C40580216      none	B	[O:1]=[CX3:2]!@[NX3H1:3][!#1:4]	0.00599551	63.7893	-	-	-	-	G
C40580216      none	B	[O:1]=[CX3:2]!@[NX3H0:3][!#1:4]	0.30643	25.0866	-	-	-	-	G
C40580216      none	B	[O:1]=[C:2]([O-])!@[CX4H1:3][H:4]	0.000971921	0.495663	-	-	-	-	O
C09329488      none	B	[a:1][a:2]!@[CX3:3]=[O:4]	-30.0025	2.49728	-	-	-	-	G
C09329488      none	B	[$(C=O):1][NX3H0:2]!@[c:3]([s,o])[n:4]	150.274	2.63158	-	-	-	-	O
C09329488      none	B	[a:1][c:2]!@[CX4H1:3][N,O:4]	-30.0081	3.61778	-	-	-	-	G
C09329488      none	B	[*^2:1]~[C^2:2]([!H])!@[C^2:3]~[*^2:4]	-120.022	0.661024	-	-	-	-	G
C09329488      none	B	[cH1:1][c:2]([cH1])!@[CX3:3]([CX3H0])=[O:4]	60.2793	0.204918	-	-	-	-	R
C09329488      none	B	[cH1,n:1][c:2]!@[O:3][CH1:4]	60.0069	0.194175	-	-	-	-	R
C09329488      none	B	[H:1][CX4H1:2]!@[OX2:3][!#1:4]	-60.0028	2.37856	-	-	-	-	G
C09329488      none	B	[O:1]=[C:2]!@[O:3]~[C:4]	0.0010783	74.4927	-	-	-	-	G
C66580120      none	B	[$(S(=O)(=O)):1][NH0:2]!@[c:3]([cH1])[cH0:4]	119.985	0	-	-	-	-	R
C66580120      none	B	[cH0:1][c:2]([cH1])!@[CX3:3]([NX3H0])=[O:4]	-89.9924	3.27273	-	-	-	-	G
C66580120      none	B	[O:1]=[CX3:2](a)!@[NX3H0:3][!#1:4]	0.27142	23.6549	-	-	-	-	G
C66580120      none	B	[C:1][CX4:2]!@[CX3:3]=[O:4]	-60.0709	2.40592	-	-	-	-	G
C66580120      none	B	[*:1]~[N,n:2]!@[S:3]~[*:4]	56.0267	4.33354	-	-	-	-	O
C66580120      none	B	[H:1][CX4H1:2]!@[SX4:3][!#1:4]	-39.9925	7.45501	-	-	-	-	G
C04342508      none	B	[O-:1][N+:2](=O)!@[c:3]([cH,nX2H0])[cH,nX2H0:4]	-60.0352	0	-	-	-	-	R
C04342508      none	B	[!#1:1][CH2:2]!@[n:3][a:4]	-89.9997	13.2844	-	-	-	-	G
C04342508      none	B	[!#1:1][CX4H2:2]!@[CX3:3]=[O:4]	89.9985	1.06654	-	-	-	-	G
C04342508      none	B	[O:1]=[CX3:2]!@[NX3H1:3][!#1:4]	0.00234256	63.7893	-	-	-	-	G
C62074092      none	B	[cH1:1][c:2]([nX2])!@[O:3][C:4]	-179.722	59.0909	-	-	-	-	G
C62074092      none	B	[a:1][c:2]!@[CX4H2:3][!#1:4]	44.9986	1.59785	-	-	-	-	O
C62074092      none	B	[$(C=O):1][NX3H1:2]!@[CX4H2:3][$([c]([cH,nX2H0])[cH,nX2H0]):4]	-149.999	1.01266	-	-	-	-	G
C62074092      none	B	[O:1]=[CX3:2]!@[NX3H1:3][!#1:4]	0.000938504	63.7893	-	-	-	-	G
C62074092      none	B	[O:1]=[CX3:2]!@[NX3H0:3][!#1:4]	0.306764	25.0866	-	-	-	-	G
C62074092      none	B	[O:1]=[C:2]([O-])!@[CX4H1:3][H:4]	90.0035	0.86741	-	-	-	-	O
C52012223      none	B	[$(C=O):1][NX3H1:2]!@[CX4H1:3][H:4]	-29.9998	6.97413	-	-	-	-	G
C52012223      none	B	[O:1]=[CX3:2]!@[NX3H1:3][!#1:4]	0.00114914	63.7893	-	-	-	-	G
C52012223      none	B	[O:1]=[CX3:2]!@[NX3H0:3][!#1:4]	-29.6893	0.692521	-	-	-	-	O
C52012223      none	B	[O:1]=[C:2]([O-])!@[CX4H1:3][H:4]	90.0045	0.86741	-	-	-	-	O
C51817133      none	B	[OX2:1][CX4:2]!@[CX4:3][N:4]	80.0109	3.55056	-	-	-	-	O
C51817133      none	B	[$([CX3]=O):1][NX3H0:2](C)!@[CX4H2:3][C:4]	119.998	2.74443	-	-	-	-	O
C51817133      none	B	[O:1]=[CX3:2]!@[NX3H0:3][!#1:4]	-29.9985	0.692521	-	-	-	-	O
C51817133      none	B	[!#1:1][CX4H2:2]!@[CX3:3]=[O:4]	119.99	0.613497	-	-	-	-	G
C51817133      none	B	[!#1:1][CH2:2]!@[n:3][a:4]	-179.695	0.161853	-	-	-	-	R
C37418351      none	B	[aH1:1][c:2]([aH1])!@[SX4:3][!#1:4]	-90.0072	12.5987	-	-	-	-	G
C37418351      none	B	[a:1][c:2]!@[C:3]([NH1,NH2])=[O:4]	-90.0027	0.299564	-	-	-	-	O
C37418351      none	B	[c:1][$(S(=O)=O):2]!@[NX3H1:3][C:4]	-59.9995	13.7514	-	-	-	-	G
C37418351      none	B	[$(S(=O)(=O)):1][NX3H1:2]!@[CX4H2:3][!#1:4]	90.0003	3.00429	-	-	-	-	G
C37418351      none	B	[!#1:1][CX4H2:2]!@[CX4H2:3][!#1:4]	180	58.554	-	-	-	-	G
C37418351      none	B	[!#1:1][CX4H2:2]!@[CX4H2:3][!#1:4]	180	58.554	-	-	-	-	G
C37418351      none	B	[C:1][CX4H2:2]!@[CX3:3]=[O:4]	120.01	0.695249	-	-	-	-	R
C31966000      none	B	[OX2:1][CX4:2]!@[CX4:3][N:4]	-179.99	9.8427	-	-	-	-	G
C31966000      none	B	[!#1:1][CX4H2:2]!@[NX3H1:3][!#1:4]	-89.9958	6.4105	-	-	-	-	G
C31966000      none	B	[cH1:1][c:2]([cH1])!@[NX3:3][CX4:4]	-19.7146	3.00858	-	-	-	-	G
C31966000      none	B	[$([C](=O)):1][NX3H1:2]!@[$([a]([nH0,o])):3][cH1:4]	-29.9723	3.65591	-	-	-	-	O
C31966000      none	B	[O:1]=[CX3:2]!@[NX3H1:3][!#1:4]	-0.0115455	63.7893	-	-	-	-	G
C31966000      none	B	[O:1]=[CX3:2]([NH1])!@[CH2:3][C:4]	120.013	0.124533	-	-	-	-	R
C31966000      none	B	[!#1:1][CX4H2:2]!@[CX4H2:3][!#1:4]	60.002	3.99483	-	-	-	-	G
C31966000      none	B	[C:1][CX4H2:2]!@[CX3:3]=[O:4]	-120.013	0.79457	-	-	-	-	R
C42434437      none	B	[O:1]=[C:2]([O-])!@[c:3]([cH1])[cH0:4]	89.9953	0	-	-	-	-	R
C42434437      none	B	[aH0:1][c:2]([aH0])!@[SX4:3][!#1:4]	156.143	1.81564	-	-	-	-	R
C42434437      none	B	[*:1][$(S(=O)=O):2]!@[NX3H0r:3][*:4]	120.303	1.23223	-	-	-	-	O
C42434437      none	B	[OX2:1][CX4:2]!@[CX4:3][N:4]	179.999	9.8427	-	-	-	-	G
C40697758      none	B	[a:1][c:2]!@[C:3]([NH1,NH2])=[O:4]	29.9933	4.93827	-	-	-	-	O
C40697758      none	B	[O:1]=[CX3:2]!@[NX3H1:3][!#1:4]	0.00721095	63.7893	-	-	-	-	G
C40697758      none	B	[$(C=O):1][NX3H1:2]!@[CX4H1:3][H:4]	-30.0052	6.97413	-	-	-	-	G
C40697758      none	B	[!#1:1][CX4:2]!@[CX4:3][!#1:4]	160	1.81259	-	-	-	-	G
C40697758      none	B	[O:1]=[C:2]([O-])!@[CX4H1:3][H:4]	90.0012	0.86741	-	-	-	-	O
C40697758      none	B	[!#1:1][CX4H2:2]!@[CX4H2:3][!#1:4]	179.998	58.554	-	-	-	-	G
C04837498      none	B	[C:1][CX4H2:2]!@[OX2:3][c:4]	-59.9918	0.252685	-	-	-	-	G
C04837498      none	B	[cH1:1][c:2]([cH1])!@[O:3][C:4]	150.264	0.199809	-	-	-	-	O
C04837498      none	B	[$(C=O):1][NX3H0:2]!@[c:3]([cH1])[cH1:4]	-89.7625	2.4302	-	-	-	-	G
C04837498      none	B	[*:1]~[CX3:2]!@[NX3:3]~[*:4]	180	27.0317	-	-	-	-	G
C04837498      none	B	[*:1]~[NX3:2]!@[NX3:3]~[*:4]	89.9984	3.54776	-	-	-	-	G
C04837498      none	B	[O:1]=[CX3:2]!@[NX3H1:3][!#1:4]	0.000544031	63.7893	-	-	-	-	G
C04837498      none	B	[cH1:1][c:2]([cH1])!@[C:3]([NH1,NH2])=[O:4]	152.998	9.05971	-	-	-	-	G
C26422582      none	B	[!#1:1][CX4H0:2]!@[OX2:3][!#1:4]	59.9987	19.4328	-	-	-	-	G
C26422582      none	B	[O:1]=[C:2]!@[O:3]~[CH0:4]	-0.00654344	56.519	-	-	-	-	G
C26422582      none	B	[O:1]=[CX3:2]!@[NX3H0:3][!#1:4]	-149.708	1.37927	-	-	-	-	O
C26422582      none	B	[O:1]=[C:2]([O-])!@[CX4H1:3][H:4]	-0.00224363	0.495663	-	-	-	-	O
C43701118      none	B	[C:1][CX4:2]!@[CX3:3]=[O:4]	59.9339	2.38699	-	-	-	-	G
C43701118      none	B	[O:1]=[CX3:2]!@[NX3H0:3][!#1:4]	29.9955	0.680979	-	-	-	-	O
C43701118      none	B	[O:1]=[CX3:2]!@[NX3H0:3][!#1:4]	-29.7171	0.692521	-	-	-	-	O
C43701118      none	B	[O:1]=[C:2]([O-])!@[CX4H1:3][H:4]	89.9949	0.86741	-	-	-	-	O
C37449284      none	B	[O:1]=[CX3:2]!@[NX3H1:3][!#1:4]	0.000895016	63.7893	-	-	-	-	G
C37449284      none	B	[$(C=O):1][NX3H1:2]!@[c:3](s)[n:4]	0.332565	0.574713	-	-	-	-	R
C37449284      none	B	[a:1][c:2]!@[C:3]([NH0])=[O:4]	90.0109	2.88889	-	-	-	-	G
C37449284      none	B	[O:1]=[CX3:2](a)!@[NX3H0:3][!#1:4]	-29.6812	1.17502	-	-	-	-	O
C37449284      none	B	[O:1]=[C:2]([O-])!@[CX4H1:3][H:4]	-0.0017817	0.495663	-	-	-	-	O
C40819996      none	B	[a:1][c:2]!@[C:3]([NH0])=[O:4]	90.0031	2.88889	-	-	-	-	G
C40819996      none	B	[O:1]=[CX3:2](a)!@[NX3H0:3][!#1:4]	0.266677	23.6549	-	-	-	-	G
C40819996      none	B	[a:1][c:2]!@[CX4H1:3][H:4]	-60.0208	1.09004	-	-	-	-	O
C01404754      none	B	[NH1:1][CX4:2]!@[CX3:3]=[O:4]	-30.8932	4.44172	-	-	-	-	G
C01404754      none	B	[O:1]=[CX3:2]!@[NX3H1:3][!#1:4]	0.00730423	63.7893	-	-	-	-	G
C42435143      none	B	[!#1:1][CX4:2]!@[CX4:3][!#1:4]	68.6202	7.06239	-	-	-	-	G
C42435143      none	B	[NH1:1][CX4:2]!@[CX3:3]=[O:4]	-119.994	0.275693	-	-	-	-	G
C42435143      none	B	[$(C=O):1][NX3H1:2]!@[CX4H0:3][C:4]	60.0004	13.3187	-	-	-	-	G
C42435143      none	B	[O:1]=[CX3:2]!@[NX3H1:3][!#1:4]	-0.00376946	63.7893	-	-	-	-	G
C42435143      none	B	[O:1]=[CX3:2]!@[NX3H0:3][!#1:4]	-149.678	1.37927	-	-	-	-	O
C42435143      none	B	[OX2:1][CX4:2]!@[CX4:3][N:4]	159.995	1.1236	-	-	-	-	O
C38786947      none	B	[*:1]~[CX3:2]!@[OX2:3]~[*:4]	0.273859	35.5505	-	-	-	-	G
C38786947      none	B	[*:1]~[CX3:2]!@[NX3:3]~[*:4]	30.0006	0.533408	-	-	-	-	G
C38786947      none	B	[NH1:1][CX4:2]!@[CX3:3]=[O:4]	1.71816	6.89233	-	-	-	-	G
C38786947      none	B	[O:1]=[C:2]!@[O:3]~[C:4]	-0.00431569	74.4927	-	-	-	-	G
C38786947      none	B	[*:1]~[CX3:2]!@[NX3:3]~[*:4]	180	27.0317	-	-	-	-	G
C41077713      none	B	[a:1][c:2]!@[CX3:3]=[CX3H0:4]	60.317	3.25561	-	-	-	-	G
C41077713      none	B	[c:1][c:2]!@[c:3][s,o,nX3H1:4]	-89.4852	0.276347	-	-	-	-	R
C41077713      none	B	[O:1]=[C:2]([O-])!@[c:3]([cH1])[cH1:4]	-179.756	7.35294	-	-	-	-	G
C41077713      none	B	[aH0:1][c:2]([aH0])!@[SX4:3][!#1:4]	63.9688	4.18994	-	-	-	-	G
C42870275      none	B	[!#1:1][CX4:2]!@[CX4:3][!#1:4]	-80.0016	1.71775	-	-	-	-	G
C42870275      none	B	[$([CX3]=O):1][NX3H1:2]!@[CX4H2:3][C:4] 	180	6.46594	-	-	-	-	G
C42870275      none	B	[O:1]=[CX3:2]([$([NX3H1]C)])!@[NX3H1:3][!#1:4]	179.999	9.5176	-	-	-	-	R
C42870275      none	B	[O:1]=[CX3:2]([$([NX3H1]C)])!@[NX3H1:3][!#1:4]	-0.00312659	41.1343	-	-	-	-	G
C42870275      none	B	[$(C=O):1][NX3H1:2]!@[CX4H1:3][H:4]	-30.0031	6.97413	-	-	-	-	G
C42870275      none	B	[!#1:1][CX4:2]!@[CX4:3][!#1:4]	179.997	22.1548	-	-	-	-	G
C42870275      none	B	[O:1]=[C:2]([O-])!@[CX4H1:3][H:4]	-0.0017633	0.495663	-	-	-	-	O
C42870275      none	B	[!#1:1][CX4H2:2]!@[CX4H2:3][!#1:4]	179.997	58.554	-	-	-	-	G
C42870275      none	B	[!#1:1][CX4:2]!@[SX2:3][!#1:4]	80.0009	6.41197	-	-	-	-	G
C02810057      none	B	[a:1][c:2]!@[CX4H1:3][N,O:4]	-120.004	3.08052	-	-	-	-	G
C02810057      none	B	[O-:1][N+:2](=O)!@[c:3]([cH,nX2H0])[cH,nX2H0:4]	179.874	23.2156	-	-	-	-	G
C02810057      none	B	[H:1][CX4H1:2]!@[SX4:3][!#1:4]	-39.9983	7.45501	-	-	-	-	G
C44884583      none	B	[a:1][c:2]!@[CX4H1:3][N,O:4]	59.9961	3.42939	-	-	-	-	G
C44884583      none	B	[$(C=O):1][NX3H1:2]!@[CX4H1:3][H:4]	-31.9993	6.97413	-	-	-	-	G
C44884583      none	B	[O:1]=[CX3:2]!@[NX3H1:3][!#1:4]	0.00138764	63.7893	-	-	-	-	G
C44884583      none	B	[!#1:1][CX4H2:2]!@[CX3:3]=[O:4]	120.002	0.613497	-	-	-	-	G
C44884583      none	B	[!#1:1][CH2:2]!@[n:3][a:4]	-134.682	0.908865	-	-	-	-	O
C65867460      none	B	[!#1:1][CX4:2]!@[SX4:3][!#1:4]	-172.262	7.34737	-	-	-	-	G
C65867460      none	B	[*:1]~[N,n:2]!@[S:3]~[*:4]	60.0031	4.33354	-	-	-	-	G
C65867460      none	B	[$(S(=O)(=O)):1][NH0:2]!@[c:3]([cH1])[cH0:4]	89.7123	13.1148	-	-	-	-	G
C65867460      none	B	[cH0:1][c:2]([cH1])!@[CX3:3]([NX3H1])=[O:4]	-149.996	1.39252	-	-	-	-	G
C65867460      none	B	[O:1]=[CX3:2]!@[NX3H1:3][!#1:4]	-0.00509678	63.7893	-	-	-	-	G
C65867460      none	B	[$(C=O):1][NX3H1:2]!@[CX4H2:3][!#1:4]	-89.996	7.86473	-	-	-	-	G
C65867460      none	B	[cH0:1][c:2]!@[CX4H2:3][N,O,S:4]	135.002	0.650908	-	-	-	-	G
C65867460      none	B	[a:1][ar6:2]!@[ar5:3][a:4]	-149.674	2.77721	-	-	-	-	G
C66585046      none	B	[O:1]=[C:2]([O-])!@[c:3]([cH1])[cH1:4]	179.974	7.35294	-	-	-	-	G
C66585046      none	B	[aH0:1][c:2]([aH1])!@[SX4:3][!#1:4]	65.0043	11.3606	-	-	-	-	G
C66585046      none	B	[c:1][$(S(=O)=O):2]!@[NX3H1:3][c:4]	60.0039	16.9521	-	-	-	-	G
C66585046      none	B	[$(S(=O)(=O)):1][NH1:2]!@[c:3]([cH1])[cH1:4]	29.9976	1.90678	-	-	-	-	O
C66585046      none	B	[!#1:1][CH2:2]!@[n:3][a:4]	-135.007	0.298805	-	-	-	-	O
C66585046      none	B	[!#1:1][CX4H2:2]!@[CX3:3]=[O:4]	-89.9974	1.11373	-	-	-	-	G
C66585046      none	B	[O:1]=[CX3:2]!@[NX3H0:3][!#1:4]	0.00400184	25.0866	-	-	-	-	G
C42692321      none	B	[!#1:1][CX4:2]!@[CX4:3][!#1:4]	59.9955	12.3771	-	-	-	-	G
C42692321      none	B	[$([CX3]=O):1][NX3H0:2](C)!@[CX4H2:3][C:4]	60.0057	0.600343	-	-	-	-	O
C42692321      none	B	[$([CX3]=O):1][NX3H0:2](C)!@[CX4H2:3][C:4]	119.996	2.74443	-	-	-	-	O
C42692321      none	B	[O:1]=[CX3:2]!@[NX3H0:3][!#1:4]	29.9947	0.680979	-	-	-	-	O
C42692321      none	B	N[C:2](=[O:1])!@[CH2:3][N:4]	119.997	0.595238	-	-	-	-	G
C42692321      none	B	[O:1]=[CX3:2]!@[NX3H0:3][!#1:4]	-149.688	1.37927	-	-	-	-	O
C42692321      none	B	[O:1]=[C:2]([O-])!@[CX4H1:3][H:4]	89.9936	0.86741	-	-	-	-	O
C36782751      none	B	[$(C=O):1][NX3H1:2]!@[CX4H1:3][H:4]	-59.9965	1.23735	-	-	-	-	G
C36782751      none	B	[O:1]=[CX3:2]!@[NX3H1:3][!#1:4]	-0.00498514	63.7893	-	-	-	-	G
C36782751      none	B	N[C:2](=[O:1])!@[CH2:3][N:4]	0.00955983	9.82143	-	-	-	-	G
C36782751      none	B	[$([CX3]=O):1][NX3H1:2]!@[CX4H2:3][C:4] 	-149.994	1.7769	-	-	-	-	O
C36782751      none	B	[O:1]=[CX3:2]!@[NX3H1:3][!#1:4]	-0.0121373	63.7893	-	-	-	-	G
C36782751      none	B	[O:1]=[CX3:2]!@[CX3:3]=[O:4]	-90.0007	4.15225	-	-	-	-	G
C36782751      none	B	[O:1]=[CX3:2]!@[NX3H1:3][!#1:4]	0.00902183	63.7893	-	-	-	-	G
C43438135      none	B	[!#1:1][CX4:2]!@[CX4:3][!#1:4]	179.998	22.1548	-	-	-	-	G
C43438135      none	B	[NH1:1][CX4:2]!@[CX3:3]=[O:4]	-120.007	0.275693	-	-	-	-	G
C43438135      none	B	[$(C=O):1][NX3H1:2]!@[CX4H1:3][H:4]	-59.9996	1.23735	-	-	-	-	G
C43438135      none	B	[O:1]=[C:2]!@[O:3]~[C:4]	0.0126538	74.4927	-	-	-	-	G
C43438135      none	B	[O:1]=[CX3:2]!@[NX3H1:3][!#1:4]	-0.000766406	63.7893	-	-	-	-	G
C43438135      none	B	[O:1]=[CX3:2]!@[NX3H0:3][!#1:4]	0.309583	25.0866	-	-	-	-	G
C43438135      none	B	[O:1]=[C:2]([O-])!@[CX4H1:3][H:4]	90.0098	0.86741	-	-	-	-	O
C08997577      none	B	[a:1][c:2]!@[CX3:3]=[CX3H0:4]	-90.0025	1.59557	-	-	-	-	G
C08997577      none	B	[cH1:1][a:2]([cH1])!@[a:3]([cH0])[cH0:4]	-59.5345	5.89253	-	-	-	-	O
C08997577      none	B	[cH1,nX2H0:1][c:2]([cH1,nX2H0])!@[NX3r:3][*:4]	150.277	1.71312	-	-	-	-	O
C08997577      none	B	[$(C=O):1][NX3H0:2]!@[c:3]([cH1])[cH1:4]	-119.748	4.75698	-	-	-	-	G
C08997577      none	B	[cH1:1][c:2]([cH1])!@[O:3][C:4]	-0.0855152	26.3009	-	-	-	-	G
C45091681      none	B	[cH1:1][c:2]([cH1])!@[C:3]([NH1,NH2])=[O:4]	90.0292	0	-	-	-	-	R
C45091681      none	B	[O:1]=[C:2]([O-])!@[c:3]([cH1])[cH1:4]	179.954	7.35294	-	-	-	-	G
C45091681      none	B	[O:1]=[CX3:2]!@[NX3H1:3][!#1:4]	-0.0077159	63.7893	-	-	-	-	G
C45091681      none	B	[$([CX3]=O):1][NX3H1:2]!@[CX4H2:3][C:4] 	90.0044	7.35439	-	-	-	-	G
C45091681      none	B	[!#1:1][CX4H2:2]!@[CX4H2:3][!#1:4]	-60.0006	3.77933	-	-	-	-	G
C45091681      none	B	[!#1:1][CX4H2:2]!@[CX4H2:3][!#1:4]	180	58.554	-	-	-	-	G
C45091681      none	B	[!#1:1][CX4:2]!@[SX4:3][!#1:4]	-172.253	7.34737	-	-	-	-	G
C49080204      none	B	[!#1:1][CX4:2]!@[CX4:3][!#1:4]	-60.0022	12.2558	-	-	-	-	G
C49080204      none	B	[$(C=O):1][NX3H1:2]!@[CX4H1:3][H:4]	-0.0042901	8.26772	-	-	-	-	G
C49080204      none	B	[!#1:1][CH2:2]!@[n:3][a:4]	135.315	0.423307	-	-	-	-	O
C49080204      none	B	[O:1]=[CX3:2]([$([NX3H1]C)])!@[NX3H1:3][!#1:4]	-0.00788924	41.1343	-	-	-	-	G
C49080204      none	B	[O:1]=[CX3:2]([$([NX3H1]C)])!@[NX3H1:3][!#1:4]	0.00562825	41.1343	-	-	-	-	G
C49080204      none	B	[$(C=O):1][NX3H1:2]!@[CX4H1:3][H:4]	-29.9954	6.97413	-	-	-	-	G
C49080204      none	B	[!#1:1][CX4:2]!@[CX4:3][!#1:4]	180	22.1548	-	-	-	-	G
C49080204      none	B	[O:1]=[C:2]([O-])!@[CX4H1:3][H:4]	-6.53851e-05	0.495663	-	-	-	-	O
C49080204      none	B	[!#1:1][CX4H2:2]!@[CX4H2:3][!#1:4]	-59.9915	3.77933	-	-	-	-	G
C63155574      none	B	[!#1:1][CX4:2]!@[CX4:3][!#1:4]	79.9991	1.75235	-	-	-	-	G
C63155574      none	B	[!#1:1][CX4:2]!@[SX4:3][!#1:4]	167.743	7.85263	-	-	-	-	G
C63155574      none	B	[C:1][$(S(=O)=O):2]!@[NX3H1:3][C:4]	59.9972	6.12245	-	-	-	-	G
C63155574      none	B	[$(S(=O)(=O)):1][NX3H1:2]!@[CX4H1:3][H:4]	-29.9998	9.39227	-	-	-	-	G
C63155574      none	B	[!#1:1][CX4:2]!@[CX4:3][!#1:4]	40.0053	0.998355	-	-	-	-	G
C63155574      none	B	[O:1]=[C:2]([O-])!@[CX4H1:3][H:4]	0.00835899	0.495663	-	-	-	-	O
C63155574      none	B	[!#1:1][CX4H2:2]!@[CX4H2:3][!#1:4]	180	58.554	-	-	-	-	G
C40176807      none	B	[aH1:1][c:2]([aH1])!@[SX4:3][!#1:4]	-90.0016	12.5987	-	-	-	-	G
C40176807      none	B	[$(C=O):1][NX3:2]!@[a:3][aH0:4]	90.291	3.35653	-	-	-	-	G
C40176807      none	B	[c:1][S:2](=O)(=O)!@[NX2H0-:3]-[*:4]	90.0005	2.77778	-	-	-	-	G
C40176807      none	B	[$(S(=O)(=O)):1][NH0:2]!@[c:3]([cH1])[cH1:4]	-120.284	1.65289	-	-	-	-	G
C40176807      none	B	[aH1:1][c:2]([aH1])!@[SX4:3][!#1:4]	89.9942	12.916	-	-	-	-	G
C40176807      none	B	[c:1][$(S(=O)=O):2]!@[NX3H1:3][C:4]	-83.0096	10.341	-	-	-	-	G
C38655364      none	B	[!#1:1][CX3:2]!@[SX2:3][!#1:4]	120	0.338855	-	-	-	-	R
C38655364      none	B	[*:1]~[NX2:2]!@[OX2:3]~[*:4]	-119.999	0	-	-	-	-	R
C38655364      none	B	[*:1]~[OX2:2]!@[SX4:3]~[*:4]	-40.0035	4.33662	-	-	-	-	G
C38655364      none	B	[!#1:1][CX4:2]!@[SX2:3][!#1:4]	79.979	6.41197	-	-	-	-	G
C38655364      none	B	[OX2:1][CX4:2]!@[CX4:3][OX2:4]	59.9592	14.3222	-	-	-	-	G
C37449961      none	B	[O-:1][N+:2](=O)!@[c:3]([cH,nX2H0])[cH,nX2H0:4]	179.971	23.2156	-	-	-	-	G
C37449961      none	B	[cH0:1][c:2]([cH1])!@[CX3:3]([NX3H0])=[O:4]	59.9757	6.54545	-	-	-	-	G
C37449961      none	B	[O:1]=[CX3:2](a)!@[NX3H0:3][!#1:4]	-149.687	2.19542	-	-	-	-	O
C37449961      none	B	[O:1]=[C:2]([O-])!@[CX4H1:3][H:4]	0.00478749	0.495663	-	-	-	-	O
C36970721      none	B	[cH1:1][c:2]!@[c:3]([cH1])[nX2H0:4]	-179.697	7.79121	-	-	-	-	G
C36970721      none	B	[a:1][c:2]!@[C:3]([NH1,NH2])=[O:4]	119.994	0.644517	-	-	-	-	G
C36970721      none	B	[O:1]=[CX3:2]!@[NX3H1:3][!#1:4]	0.00095893	63.7893	-	-	-	-	G
C36970721      none	B	[$(C=O):1][NX3H1:2]!@[CX4H1:3][H:4]	0.00310181	8.26772	-	-	-	-	G
C36970721      none	B	[O:1]=[C:2]([O-])!@[CX4H1:3][H:4]	89.9971	0.86741	-	-	-	-	O
C40710274      none	B	[$(C=O):1][NX3H1:2]!@[CX4H1:3][H:4]	180	0.712411	-	-	-	-	R
C40710274      none	B	[O:1]=[CX3:2]([$([NX3H1]C)])!@[NX3H1:3][!#1:4]	-0.00208893	41.1343	-	-	-	-	G
C40710274      none	B	[O:1]=[CX3:2]([$([NX3H1]C)])!@[NX3H1:3][!#1:4]	-0.00550148	41.1343	-	-	-	-	G
C40710274      none	B	[$(C=O):1][NX3H1:2]!@[CX4H1:3][H:4]	-59.9957	1.23735	-	-	-	-	G
C40710274      none	B	[!#1:1][CX4:2]!@[CX4:3][!#1:4]	60.0011	12.3771	-	-	-	-	G
C40710274      none	B	[O:1]=[C:2]([O-])!@[CX4H1:3][H:4]	89.9922	0.86741	-	-	-	-	O
C40710274      none	B	[!#1:1][CX4H2:2]!@[CX4H2:3][!#1:4]	179.996	58.554	-	-	-	-	G
C20593785      none	B	[cH1:1][a:2]([cH1])!@[a:3]([sX2,o,nX2H0,nX3H1:4])	-19.6847	3.43881	-	-	-	-	G
C20593785      none	B	[a:1][c:2]!@[CX4H1:3][H:4]	-60.0013	1.09004	-	-	-	-	G
C20593785      none	B	[O:1]=[C:2]([O-])!@[CX4H1:3][H:4]	0.00328538	0.495663	-	-	-	-	O
C02541469      none	B	[!#1:1][CX4H0:2]!@[OX2:3][!#1:4]	29.9921	0.153081	-	-	-	-	R
C02541469      none	B	[O:1]=[C:2]!@[O:3]~[CH0:4]	59.9965	0.0213038	-	-	-	-	R
C02541469      none	B	[O:1]=[CX3:2]!@[NX3H0:3][!#1:4]	-179.72	18.2537	-	-	-	-	G
C02541469      none	B	[$(C=O):1][NX3H0:2]!@[CX4H1:3][H:4]	-90.2217	0.12605	-	-	-	-	R
C02541469      none	B	[O:1]=[C:2]([O-])!@[CX4H1:3][H:4]	0.0117756	0.495663	-	-	-	-	O
C60441571      none	B	[O-:1][N+:2](=O)!@[c:3]([cH0])[cH,nX2H0:4]	90.032	0.274725	-	-	-	-	O
C60441571      none	B	[aH0:1][c:2]([aH1])!@[SX4:3][!#1:4]	70.0184	11.3606	-	-	-	-	G
C60441571      none	B	[c:1][S:2](=O)(=O)!@[NX2H0-:3]-[*:4]	59.9979	8.33333	-	-	-	-	G
C60441571      none	B	[$(S(=O)(=O)):1][NH0:2]!@[c:3]([cH1])[cH1:4]	-90.2823	17.7686	-	-	-	-	G
C60441571      none	B	[cH1:1][a:2]([cH1])!@[a:3]([sX2,o,nX2H0,nX3H1:4])([cH1])	-150.002	2.71824	-	-	-	-	G
C61712954      none	B	[!#1:1][CX4:2]!@[CX4:3][!#1:4]	-59.9967	12.2558	-	-	-	-	G
C61712954      none	B	[O:1]=[C:2]([O-])!@[CX4H1:3][H:4]	-0.00169423	0.495663	-	-	-	-	O
C61712954      none	B	[$(C=O):1][NX3H1:2]!@[CX4H1:3][H:4]	-29.9974	6.97413	-	-	-	-	G
C61712954      none	B	[O:1]=[CX3:2]!@[NX3H1:3][!#1:4]	-0.00731783	63.7893	-	-	-	-	G
C61712954      none	B	[O:1]=[CX3:2]!@[NX3H0:3][!#1:4]	-149.671	1.37927	-	-	-	-	O
C52787035      none	B	[C:1][CH2:2]!@[O:3][CX4:4]	80.0033	1.71561	-	-	-	-	G
C52787035      none	B	[!#1:1][CX4H2:2]!@[CX4H2:3][!#1:4]	179.998	58.554	-	-	-	-	G
C52787035      none	B	[!#1:1][CX4:2]!@[CX4:3][!#1:4]	79.9928	1.75235	-	-	-	-	G
C52787035      none	B	[O:1]=[C:2]([O-])!@[CX4H1:3][H:4]	0.00251255	0.495663	-	-	-	-	O
C52787035      none	B	[$(C=O):1][NX3H1:2]!@[CX4H1:3][H:4]	-59.9938	1.23735	-	-	-	-	G
C52787035      none	B	[O:1]=[CX3:2]([$([NX3H1]C)])!@[NX3H1:3][!#1:4]	-0.0151441	41.1343	-	-	-	-	G
C52787035      none	B	[O:1]=[CX3:2]([$([NX3H1]C)])!@[NX3H1:3][!#1:4]	180	9.5176	-	-	-	-	R
C52787035      none	B	[$([CX3]=O):1][NX3H1:2]!@[CX4H2:3][C:4] 	90.0035	7.35439	-	-	-	-	G
C52787035      none	B	[OX2:1][CX4:2]!@[CX4:3][N:4]	83.7312	3.55056	-	-	-	-	O
C47987790      none	B	[$(C=O):1][NX3H1:2]!@[CX4H1:3][H:4]	-29.9975	6.97413	-	-	-	-	G
C47987790      none	B	[O:1]=[CX3:2]([$([NX3H1]C)])!@[NX3H1:3][!#1:4]	-0.00445513	41.1343	-	-	-	-	G
C47987790      none	B	[O:1]=[C:2]([NH1])!@[NX3H1:3](C=O)[H:4]	-0.00223195	58.9474	-	-	-	-	G
C47987790      none	B	[O:1]=[C:2]!@[NX3H1:3](C=O)[H:4]	180	35.6725	-	-	-	-	G
C47987790      none	B	N[C:2](=[O:1])!@[CH2:3][N:4]	150.012	3.125	-	-	-	-	G
C47987790      none	B	[C:1][CX4H2:2]!@[NX3;"N_lp":3][C:4]	153.902	3.13908	-	-	-	-	G
C43508654      none	B	[NH1:1][CX4:2]!@[CX3:3]=[O:4]	-116.585	0.275693	-	-	-	-	G
C43508654      none	B	[$(C=O):1][NX3H1:2]!@[CX4H0:3][C:4]	-60.0023	14.7253	-	-	-	-	G
C43508654      none	B	[O:1]=[CX3:2]!@[NX3H1:3][!#1:4]	0.0037084	63.7893	-	-	-	-	G
C43508654      none	B	[NH1:1][CX4:2]!@[CX3:3]=[O:4]	-60.8791	1.73074	-	-	-	-	O
C19981676      none	B	[$(C=O):1][NX3:2]!@[a:3][aH0:4]	180	13.4466	-	-	-	-	G
C19981676      none	B	[O:1]=[CX3:2]!@[NX3H1:3][!#1:4]	-89.9979	0	-	-	-	-	R
C19981676      none	B	[O:1]=[CX3:2]!@[NX3H0:3][!#1:4]	-179.728	18.2537	-	-	-	-	G
C19981676      none	B	[O:1]=[C:2]([O-])!@[CX4H1:3][H:4]	0.00548755	0.495663	-	-	-	-	O
C44238919      none	B	[$(C=O):1][O:2]!@[CH1:3][H:4]	29.9998	10.7465	-	-	-	-	G
C44238919      none	B	[O:1]=[C:2]([N])!@[O:3]~[C:4]	29.9966	0.110889	-	-	-	-	R
C44238919      none	B	[O:1]=[CX3:2]!@[NX3H0:3][!#1:4]	-29.6887	0.692521	-	-	-	-	O
C44238919      none	B	[O:1]=[C:2]([O-])!@[CX4H1:3][H:4]	89.9968	0.86741	-	-	-	-	O
C38890024      none	B	[O:1]=[C:2]([O-])!@[CX4H1:3][H:4]	89.9943	0.86741	-	-	-	-	O
C38890024      none	B	[$(C=O):1][NX3H1:2]!@[CX4H1:3][H:4]	30.0039	9.46757	-	-	-	-	G
C38890024      none	B	[O:1]=[CX3:2]!@[NX3H1:3][!#1:4]	-0.00875361	63.7893	-	-	-	-	G
C38890024      none	B	[NH1:1][CX4:2]!@[CX3:3]=[O:4]	0.00767461	6.89233	-	-	-	-	G
C38890024      none	B	[!#1:1][CX4:2]!@[CX4:3][!#1:4]	180	22.1548	-	-	-	-	G
C38890024      none	B	[$(C=O):1][NX3H1:2]!@[CX4H1:3][H:4]	0.00225699	8.26772	-	-	-	-	G
C38890024      none	B	[O:1]=[CX3:2]!@[NX3H1:3][!#1:4]	0.00182316	63.7893	-	-	-	-	G
C38890024      none	B	[O:1][CX4:2]!@[CX3:3]=[O:4]	-150.283	3.9285	-	-	-	-	G
C25960375      none	B	[aH0:1][c:2]([aH0])!@[SX2:3][!#1:4]	-119.998	1.95977	-	-	-	-	G
C25960375      none	B	[!#1:1][CX4:2]!@[SX2:3][!#1:4]	160.004	2.91722	-	-	-	-	G
C25960375      none	B	[C:1][CX4:2]!@[CX3:3]=[O:4]	-120.001	3.42432	-	-	-	-	G
C25960375      none	B	[O:1]=[C:2]!@[NX3H1:3](C=O)[H:4]	179.997	35.6725	-	-	-	-	G
C25960375      none	B	[O:1]=[C:2]([NH1])!@[NX3H1:3](C=O)[H:4]	0.00219853	58.9474	-	-	-	-	G
C25960375      none	B	[O:1]=[CX3:2]([$([NX3H1]C)])!@[NX3H1:3][!#1:4]	-0.000106712	41.1343	-	-	-	-	G
C50429820      none	B	[*:1]~[CX3:2]!@[cX3:3]~[*:4]	-59.9974	1.26106	-	-	-	-	O
C50429820      none	B	[$(S(=O)(=O)):1][NH0:2]!@[c:3]([cH1])[cH0:4]	-90.003	18.0328	-	-	-	-	G
C50429820      none	B	[*:1]~[N,n:2]!@[S:3]~[*:4]	56.0335	4.33354	-	-	-	-	O
C50429820      none	B	[!#1:1][CX4:2]!@[SX4:3][!#1:4]	179.996	13.1368	-	-	-	-	G
C50429820      none	B	[!#1:1][CX4H2:2]!@[CX4H2:3][!#1:4]	180	58.554	-	-	-	-	G
C50429820      none	B	[C:1][CH2:2]!@[O:3][CX4:4]	79.9967	1.71561	-	-	-	-	G
C04299302      none	B	[cH0:1][c:2]!@[CX4H1:3][CX4:4]	-119.996	7.57923	-	-	-	-	G
C04299302      none	B	[OX2:1][CX4:2]!@[CX4:3][N:4]	180	9.8427	-	-	-	-	G
C04299302      none	B	[O:1]=[C:2]([O-])!@[CX4H1:3][H:4]	-0.00772657	0.495663	-	-	-	-	O
C04299302      none	B	[$(C=O):1][NX3H1:2]!@[CX4H1:3][H:4]	0.00223201	8.26772	-	-	-	-	G
C04299302      none	B	[O:1]=[CX3:2]!@[NX3H1:3][!#1:4]	180	2.24265	-	-	-	-	G
C04299302      none	B	[O:1]=[C:2]!@[O:3]~[CH0:4]	-0.0147357	56.519	-	-	-	-	G
C04299302      none	B	[!#1:1][CX4H0:2]!@[OX2:3][!#1:4]	60.0082	19.4328	-	-	-	-	G
C54502134      none	B	[aH1:1][c:2]([aH1])!@[SX4:3][!#1:4]	-0.00140636	0.126904	-	-	-	-	R
C54502134      none	B	[a:1][c:2]!@[C:3]([NH1,NH2])=[O:4]	120.006	0.644517	-	-	-	-	G
C54502134      none	B	[O:1]=[CX3:2]!@[NX3H1:3][!#1:4]	-0.00799704	63.7893	-	-	-	-	G
C54502134      none	B	[$(C=O):1][NX3H1:2]!@[CX4H1:3][H:4]	0.00473737	8.26772	-	-	-	-	G
C54502134      none	B	[!#1:1][CX4:2]!@[CX4:3][!#1:4]	-11.3746	0.0576714	-	-	-	-	R
C54502134      none	B	[O:1]=[C:2]([O-])!@[CX4H1:3][H:4]	0.011297	0.495663	-	-	-	-	O
C61844939      none	B	[O:1]=[C:2]!@[O:3]~[C:4]	0.0377017	74.4927	-	-	-	-	G
C61844939      none	B	[cH1:1][c:2]([cH1])!@[CX3:3]=[O:4]	0.273797	14.2319	-	-	-	-	G
C61844939      none	B	[aH1:1][c:2]([aH1])!@[SX4:3][!#1:4]	90.0014	12.916	-	-	-	-	G
C61844939      none	B	[c:1][S:2](=O)(=O)!@[NX2H0-:3]-[*:4]	-59.9998	11.1111	-	-	-	-	G
C61844939      none	B	[$(S(=O)(=O)):1][N:2]!@[c:3][a:4]	149.994	2.09961	-	-	-	-	G
C33039580      none	B	[cH1:1][c:2]([cH1])!@[O:3][C:4]	-179.724	26.896	-	-	-	-	G
C33039580      none	B	[$(C=O):1][NX3H0:2]!@[c:3]([cH1])[cH1:4]	90.2435	2.51637	-	-	-	-	G
C33039580      none	B	[a:1][c:2]!@[CX3:3]=[CX3H0:4]	90.2833	1.52036	-	-	-	-	G
C33039580      none	B	[cH1:1][c:2](cO)!@[O:3][C:4]	90.0126	0.310835	-	-	-	-	R
C40557516      none	B	[OX2:1][CX4:2]!@[CX4:3][N:4]	37.5073	1.66292	-	-	-	-	O
C40557516      none	B	[$([CX3]=O):1][NX3H1:2]!@[CX4H2:3][C:4] 	150.004	1.43139	-	-	-	-	O
C40557516      none	B	[O:1]=[CX3:2]!@[NX3H1:3][!#1:4]	-0.0119944	63.7893	-	-	-	-	G
C40557516      none	B	[O:1]=[CX3:2]!@[NX3H0:3][!#1:4]	180	18.2537	-	-	-	-	G
C40557516      none	B	[$([CX3]=O):1][NX3H0:2](C)!@[CX4H2:3][C:4]	90.006	14.7513	-	-	-	-	G
C40557516      none	B	[$(C=O):1][NX3H0:2]!@[CX4H1:3][H:4]	-0.000850249	15.8824	-	-	-	-	G
C40557516      none	B	[N:1][CX4:2]!@[CX3:3]=[O:4]	119.998	0.766617	-	-	-	-	G
C11948970      none	B	[!#1:1][CX4H2:2]!@[CX4H2:3][!#1:4]	60.0058	3.99483	-	-	-	-	G
C11948970      none	B	[O:1]=[CX3:2]([NH1])!@[CH2:3][C:4]	59.9896	6.84932	-	-	-	-	G
C11948970      none	B	[C:1][CX4H2:2]!@[CX3:3]=[O:4]	-120.007	0.79457	-	-	-	-	O
C11948970      none	B	[O:1]=[CX3:2]!@[NX3H1:3][!#1:4]	-0.00366429	63.7893	-	-	-	-	G
C11948970      none	B	[$(C=O):1][NX3H1:2]!@[CX4H1:3][H:4]	-29.9906	6.97413	-	-	-	-	G
C11948970      none	B	[OX2:1][CX4:2]!@[CX4:3][OX2:4]	-59.9453	16.2177	-	-	-	-	G
C16042905      none	B	[NH1:1][CX4:2]!@[CX3:3]=[O:4]	180	3.23174	-	-	-	-	O
C16042905      none	B	[$(C=O):1][NX3H1:2]!@[CX4H1:3][H:4]	-29.9996	6.97413	-	-	-	-	G
C16042905      none	B	[O:1]=[CX3:2]!@[NX3H1:3][!#1:4]	-0.00568776	63.7893	-	-	-	-	G
C16042905      none	B	[$([CX3]=O):1][NX3H1:2]!@[CX4H2:3][C:4] 	179.998	6.46594	-	-	-	-	G
C16042905      none	B	N[C:2](=[O:1])!@[CH2:3][N:4]	-90.0036	0.14881	-	-	-	-	R
C16042905      none	B	[O:1]=[CX3:2]!@[NX3H1:3][!#1:4]	0.0106208	63.7893	-	-	-	-	G
C16042905      none	B	[$([CX3]=O):1][NX3H1:2]!@[CX4H2:3][C:4] 	179.999	6.46594	-	-	-	-	G
C16042905      none	B	[NH1:1][CX4:2]!@[CX3:3]=[O:4]	119.992	0.41354	-	-	-	-	G
C16042905      none	B	[O:1]=[CX3:2]!@[NX3H1:3][!#1:4]	0.00891948	63.7893	-	-	-	-	G
C16042905      none	B	[OX2:1][CX4H2:2]!@[CX3:3]([$([NX3H1,NX3H2])])=[O:4]	149.998	1.07143	-	-	-	-	O
C16042905      none	B	[C:1][CX4H2:2]!@[OX2:3][c:4]	180	43.8829	-	-	-	-	G
C16042905      none	B	[cH1:1][c:2]([cH1])!@[O:3][C:4]	30.2808	0.264964	-	-	-	-	R
C33453641      none	B	[N:1][CX4:2]!@[CX3:3]=[O:4]	119.99	0.766617	-	-	-	-	G
C33453641      none	B	[C:1][CX4:2]!@[NX3:3][C:4]	90.0008	4.4579	-	-	-	-	G
C33453641      none	B	[O:1]=[CX3:2]!@[NX3H1:3][!#1:4]	0.0139339	63.7893	-	-	-	-	G
C33453641      none	B	[$(C=O):1][NX3H1:2]!@[CX4H1:3][H:4]	59.9952	6.22422	-	-	-	-	G
C33453641      none	B	[!#1:1][CX4:2]!@[CX4:3][!#1:4]	179.996	22.1548	-	-	-	-	G
C33453641      none	B	[O:1]=[C:2]([O-])!@[CX4H1:3][H:4]	-0.00212618	0.495663	-	-	-	-	O
C33453641      none	B	[!#1:1][CX4:2]!@[CX4:3][!#1:4]	59.9992	12.3771	-	-	-	-	G
C33453641      none	B	[cH1:1][c:2]([cH1])!@[NX3:3][CX4:4]	-59.9929	1.1056	-	-	-	-	O
C63155156      none	B	[!#1:1][CX4H2:2]!@[CX4H2:3][!#1:4]	-59.9995	3.77933	-	-	-	-	G
C63155156      none	B	[!#1:1][CX4:2]!@[SX2:3][!#1:4]	180	11.1654	-	-	-	-	G
C63155156      none	B	[aH1:1][c:2]([aH1])!@[SX2:3][!#1:4]	0.263374	4.86305	-	-	-	-	G
C63155156      none	B	[$(S(=O)(=O)):1][NH0:2]!@[c:3]([cH1])[cH0:4]	-90.003	18.0328	-	-	-	-	G
C63155156      none	B	[*:1]~[N,n:2]!@[S:3]~[*:4]	176.032	8.16343	-	-	-	-	G
C63155156      none	B	[!#1:1][CX4:2]!@[SX4:3][!#1:4]	180	13.1368	-	-	-	-	G
C63155156      none	B	[!#1:1][CX4:2]!@[CX4:3][!#1:4]	-83.7372	1.71775	-	-	-	-	G
C44678182      none	B	[NH1:1][CX4:2]!@[CX3:3]=[O:4]	120	0.41354	-	-	-	-	G
C44678182      none	B	[$(C=O):1][NX3H1:2]!@[CX4H0:3][C:4]	60.0028	13.3187	-	-	-	-	G
C44678182      none	B	[O:1]=[CX3:2]([$([NX3H1]C)])!@[NX3H1:3][!#1:4]	-0.0120309	41.1343	-	-	-	-	G
C44678182      none	B	[O:1]=[CX3:2]([$([NX3H1]C)])!@[NX3H1:3][!#1:4]	0.00790864	41.1343	-	-	-	-	G
C44678182      none	B	[$([CX3]=O):1][NX3H1:2]!@[CX4H2:3][C:4] 	150.003	1.43139	-	-	-	-	O
C44678182      none	B	[!#1:1][CX4H2:2]!@[CX4H2:3][!#1:4]	180	58.554	-	-	-	-	G
C44678182      none	B	[!#1:1][CX4H2:2]!@[CX4H2:3][!#1:4]	179.999	58.554	-	-	-	-	G
C44678182      none	B	[!#1:1][CX4H2:2]!@[CX4H2:3][!#1:4]	59.9963	3.99483	-	-	-	-	G
C44678182      none	B	[C:1][CH2:2]!@[O:3][CX4:4]	179.997	35.2689	-	-	-	-	G
C48840637      none	B	[$(C=O):1][NX3:2]!@[a:3][aH0:4]	-150.024	1.98526	-	-	-	-	O
C48840637      none	B	[O:1]=[CX3:2]!@[NX3H1:3][!#1:4]	29.9944	0.0707142	-	-	-	-	O
C48840637      none	B	[O:1]=[CX3:2]!@[NX3H0:3][!#1:4]	30.3182	0.680979	-	-	-	-	O
C48840637      none	B	[O:1]=[C:2]([O-])!@[CX4H1:3][H:4]	-0.00399811	0.495663	-	-	-	-	O
C16696698      none	B	[!#1:1][CX4H2:2]!@[CX4H2:3][!#1:4]	60.0031	3.99483	-	-	-	-	G
C16696698      none	B	[!#1:1][CX4:2]!@[CX4:3][!#1:4]	64.9182	12.3771	-	-	-	-	G
C16696698      none	B	[NH1:1][CX4:2]!@[CX3:3]=[O:4]	-1.33448	6.89233	-	-	-	-	G
C16696698      none	B	[O:1]=[CX3:2]!@[NX3H1:3][!#1:4]	-0.00321987	63.7893	-	-	-	-	G
C16696698      none	B	[$(C=O):1][NX3H1:2]!@[CX4H1:3][H:4]	0.00504118	8.26772	-	-	-	-	G
C16696698      none	B	[OX2:1][CX4:2]!@[CX4:3][N:4]	39.9837	1.66292	-	-	-	-	O
C16696698      none	B	[!#1:1][CX4:2]!@[CX4:3][!#1:4]	80.0025	1.75235	-	-	-	-	G
C16696698      none	B	[H:1][CX4H1:2]!@[OX2:3][!#1:4]	39.8649	11.1687	-	-	-	-	G
C16696698      none	B	[!#1:1][CX4:2]!@[SX2:3][!#1:4]	80.0047	6.41197	-	-	-	-	G
C16696698      none	B	[*:1]~[OX2:2]!@[P:3]~[*:4]	59.9893	4.54722	-	-	-	-	G
C53174449      none	B	[cH0:1][c:2]([cH,nX2H0])!@[NX3H1:3][CX4:4]	-90.018	0	-	-	-	-	R
C53174449      none	B	[!#1:1][CX4:2]!@[NX3:3][!#1:4]	59.9948	5.63312	-	-	-	-	G
C53174449      none	B	[OX2:1][CX4:2]!@[CX4:3][N:4]	159.996	1.1236	-	-	-	-	O
C53174449      none	B	[NH1:1][CX4:2]!@[CX3:3]=[O:4]	-0.0121743	6.89233	-	-	-	-	G
C53174449      none	B	[C:1][CH2:2]!@[O:3][CX4:4]	159.993	5.67469	-	-	-	-	G
C40096382      none	B	[!#1:1][CX4H2:2]!@[CX4H2:3][!#1:4]	180	58.554	-	-	-	-	G
C40096382      none	B	[!#1:1][CX4H2:2]!@[CX4H2:3][!#1:4]	180	58.554	-	-	-	-	G
C40096382      none	B	[!#1:1][CX4H2:2]!@[CX4H2:3][!#1:4]	60.0007	3.99483	-	-	-	-	G
C40096382      none	B	[C:1][CX4H2:2]!@[OX2:3][c:4]	180	43.8829	-	-	-	-	G
C40096382      none	B	[cH1:1][c:2]([cH1])!@[O:3][C:4]	-149.719	0.243246	-	-	-	-	R
C40096382      none	B	[a:1][c:2]!@[CX4H1:3][N,O:4]	-121.59	3.08052	-	-	-	-	G
C40096382      none	B	[*^2:1]~[C^2:2]([!H])!@[C^2:3]~[*^2:4]	149.949	1.21045	-	-	-	-	O
C40096382      none	B	[$([CX3]=O):1][NX3H0:2](C)!@[CX4H2:3][C:4]	89.9555	14.7513	-	-	-	-	G
C40096382      none	B	[OX2:1][CX4H2:2]!@[CX4H2:3][Nr:4]	179.999	8.33333	-	-	-	-	G
C40096382      none	B	[C:1][CH2:2]!@[O:3][CX4:4]	-160.002	4.55295	-	-	-	-	G
C40096382      none	B	[C:1][CH2:2]!@[O:3][CX4:4]	79.9991	1.71561	-	-	-	-	G
C40096382      none	B	[OX2:1][CX4H2:2]!@[CX4H2:3][OX2:4]	60.0005	8.22123	-	-	-	-	G
C40096382      none	B	[cH1:1][c:2]([cH1])!@[CX3:3]([CX3H0])=[O:4]	120.276	0.34153	-	-	-	-	R
C40053060      none	B	[!#1:1][CX4:2]!@[CX4:3][!#1:4]	59.9945	12.3771	-	-	-	-	G
C40053060      none	B	[C:1][CX4H2:2]!@[OX2:3][c:4]	180	43.8829	-	-	-	-	G
C40053060      none	B	[cH1:1][c:2](cO)!@[O:3][C:4]	-60.0002	0.103612	-	-	-	-	R
C40053060      none	B	[a:1][c:2]!@[CX4H1:3][N,O:4]	-58.4147	3.48172	-	-	-	-	G
C40053060      none	B	[cH1:1][c:2](cO)!@[O:3][C:4]	90.2765	0.310835	-	-	-	-	R
C40053060      none	B	[*^2:1]~[C^2:2]([!H])!@[C^2:3]~[*^2:4]	-120.036	0.661024	-	-	-	-	G
C40053060      none	B	[$([CX3]=O):1][NX3H0:2](C)!@[CX4H2:3][C:4]	120.039	2.74443	-	-	-	-	O
C40053060      none	B	[!#1:1][CX4H2:2]!@[CX4H2:3][!#1:4]	180	58.554	-	-	-	-	G
C40053060      none	B	[!#1:1][CX4H2:2]!@[CX4H2:3][!#1:4]	180	58.554	-	-	-	-	G
C40053060      none	B	[cH1:1][c:2]([cH1])!@[CX3:3]([CX3H0])=[O:4]	90.2695	0	-	-	-	-	R
C67147355      none	B	[cH0:1][c:2]([cH1])!@[CX3:3]([NX3H1])=[O:4]	119.988	1.13142	-	-	-	-	O
C67147355      none	B	[O:1]=[CX3:2]!@[NX3H1:3][!#1:4]	-0.00164954	63.7893	-	-	-	-	G
C67147355      none	B	[$([CX3]=O):1][NX3H1:2]!@[CX4H2:3][C:4] 	89.9986	7.35439	-	-	-	-	G
C67147355      none	B	[OX2:1][CX4:2]!@[CX4:3][N:4]	40.0027	1.66292	-	-	-	-	G
C67147355      none	B	[OX2:1][CX4:2]!@[CX4:3][OX2:4]	80.0076	2.87509	-	-	-	-	G
C67147355      none	B	[C:1][CX4H2:2]!@[OX2:3][c:4]	150.002	0.884397	-	-	-	-	O
C67147355      none	B	[cH1:1][c:2]([cH1])!@[O:3][C:4]	-149.733	0.243246	-	-	-	-	R
CHEMBL58590      none	B	[a:1][a:2]!@[CX3:3]=[CX3H1:4]	160.005	2.96592	-	-	-	-	G
CHEMBL58590      none	B	[CX3:1]=[CX3:2]!@[CH2:3][C:4]	89.9991	6.55348	-	-	-	-	G
CHEMBL58590      none	B	[!#1:1][CX4:2]!@[CX4:3][!#1:4]	-159.995	1.85018	-	-	-	-	G
CHEMBL58590      none	B	[!#1:1][CX4:2]!@[CX4:3][!#1:4]	-40.013	0.976141	-	-	-	-	G
CHEMBL58590      none	B	[O:1]=[C:2]([O-])!@[CX4H1:3][H:4]	0.00641323	0.495663	-	-	-	-	O
CHEMBL58590      none	B	[!#1:1][CX4:2]!@[CX4:3][!#1:4]	159.998	1.81259	-	-	-	-	G
CHEMBL58590      none	B	[O:1]=[C:2]([O-])!@[CX4H1:3][H:4]	-0.00414965	0.495663	-	-	-	-	O
C43703080      none	B	[aH0:1][c:2]([aH1])!@[SX4:3][!#1:4]	69.9636	11.3606	-	-	-	-	G
C43703080      none	B	[*:1][$(S(=O)=O):2]!@[NX3H0r:3][*:4]	90.28	4.85782	-	-	-	-	G
C43703080      none	B	[O:1]=[C:2]([O-])!@[CX4H1:3][H:4]	-0.00867618	0.495663	-	-	-	-	O
C42144535      none	B	[a:1][c:2]!@[C:3]([NH0])=[O:4]	59.9851	3.02778	-	-	-	-	G
C42144535      none	B	[O:1]=[CX3:2](a)!@[NX3H0:3][!#1:4]	-179.691	9.67842	-	-	-	-	G
C42144535      none	B	[!#1:1][CX4:2]!@[CX4:3][!#1:4]	159.997	1.81259	-	-	-	-	G
C42144535      none	B	[C:1][CX4H2:2]!@[CX3:3]=[O:4]	-120.001	0.79457	-	-	-	-	O
C37656399      none	B	[$(S(=O)(=O)):1][NX3H0:2]!@[CX4H1:3][H:4]	59.993	0	-	-	-	-	R
C37656399      none	B	[*:1][$(S(=O)=O):2]!@[NX3H0:3][*:4]	-90.0068	5.61737	-	-	-	-	G
C37656399      none	B	[*:1][$(S(=O)=O):2]!@[NX3H0r:3][*:4]	60.2864	7.32227	-	-	-	-	G
C37656399      none	B	[O:1]=[C:2]([O-])!@[CX4H1:3][H:4]	-0.000652421	0.495663	-	-	-	-	O
C42549993      none	B	[OX2:1][CX4:2]!@[CX4:3][N:4]	-80.008	3.59551	-	-	-	-	G
C42549993      none	B	[O:1]=[C:2]([O-])!@[CX4H1:3][H:4]	-0.00893345	0.495663	-	-	-	-	O
C42549993      none	B	[$(C=O):1][NX3H1:2]!@[CX4H1:3][H:4]	-60.0048	1.23735	-	-	-	-	G
C42549993      none	B	[O:1]=[CX3:2]!@[NX3H1:3][!#1:4]	0.00720504	63.7893	-	-	-	-	G
C42549993      none	B	[O:1]=[CX3:2]!@[NX3H0:3][!#1:4]	-0.00834267	25.0866	-	-	-	-	G
C42549993      none	B	[$([CX3]=O):1][NX3H0:2](C)!@[CX4H2:3][C:4]	90.0029	14.7513	-	-	-	-	G
C42549993      none	B	[$(C=O):1][NX3H0:2]!@[CX4H1:3][H:4]	-85.6651	0.12605	-	-	-	-	R
C42549993      none	B	[!#1:1][CX4H2:2]!@[CX4H2:3][!#1:4]	180	58.554	-	-	-	-	G
C49548946      none	B	[O:1]=[C:2]([O-])!@[CX4H1:3][H:4]	-0.00574098	0.495663	-	-	-	-	O
C49548946      none	B	[$(C=O):1][NX3H1:2]!@[CX4H1:3][H:4]	-60.0082	1.23735	-	-	-	-	G
C49548946      none	B	[O:1]=[CX3:2]([$([NX3H1]C)])!@[NX3H1:3][!#1:4]	-0.00289477	41.1343	-	-	-	-	G
C49548946      none	B	[O:1]=[CX3:2]([$([NX3H1]C)])!@[NX3H1:3][!#1:4]	0.00500233	41.1343	-	-	-	-	G
C49548946      none	B	[$(C=O):1][NX3H1:2]!@[c:3]([cH1])[cH1:4]	-150.002	5.07451	-	-	-	-	G
C49548946      none	B	[!#1:1][CH2:2]!@[n:3][a:4]	-44.998	0.361056	-	-	-	-	O
C49548946      none	B	[!#1:1][CX4H2:2]!@[CX4H2:3][!#1:4]	180	58.554	-	-	-	-	G
C49548946      none	B	[C:1][CH2:2]!@[O:3][CX4:4]	180	35.2689	-	-	-	-	G
C12521697      none	B	[*:1][$(S(=O)=O):2]!@[NX3H0r:3][*:4]	-90.0071	4.88152	-	-	-	-	G
C12521697      none	B	[*:1][$(S(=O)=O):2]!@[NX3H1:3][*:4]	60.0034	8.81913	-	-	-	-	G
C12521697      none	B	[$(S(=O)(=O)):1][NX3H1:2]!@[CX4H2:3][!#1:4]	-150.002	7.72532	-	-	-	-	G
C12521697      none	B	[!#1:1][CX4H2:2]!@[CX4H2:3][!#1:4]	60.001	3.99483	-	-	-	-	G
C12521697      none	B	[!#1:1][CX4H2:2]!@[NX3H1:3][!#1:4]	60.0017	1.21645	-	-	-	-	O
C12521697      none	B	[cH0:1][c:2]([cH,nX2H0])!@[NX3H1:3][CX4:4]	-159.998	4.72103	-	-	-	-	O
C12521697      none	B	[aH1:1][c:2]([aH1])!@[SX4:3][!#1:4]	90.0008	12.916	-	-	-	-	G
C12521697      none	B	[O-:1][N+:2](=O)!@[c:3]([cH0])[cH,nX2H0:4]	90.2712	0.274725	-	-	-	-	O
C02555136      none	B	[O:1]=[CX3:2]!@[NX3H1:3][!#1:4]	-0.00190635	63.7893	-	-	-	-	G
C02555136      none	B	[$(C=O):1][NX3H1:2]!@[CX4H1:3][H:4]	180	0.712411	-	-	-	-	R
C02555136      none	B	[OX2:1][CX4:2]!@[CX4:3][OX2:4]	39.9417	0.511128	-	-	-	-	O
C02555136      none	B	[H:1][CX4H1:2]!@[O:3][CX4:4]	-159.972	0.0294247	-	-	-	-	R
C06186654      none	B	[O:1]=[CX3:2]!@[nX3:3]([aH0:4])([aH0])	30.2882	2.29508	-	-	-	-	O
C06186654      none	B	[*:1]~[CX3:2]!@[cX3:3]~[*:4]	150.281	2.32505	-	-	-	-	O
C37585732      none	B	[$(C=O):1][NX3H0:2]!@[CX4H1:3][H:4]	179.991	19.1176	-	-	-	-	G
C37585732      none	B	[$([CX3]=O):1][NX3H0:2](C)!@[CX4H2:3][C:4]	90.0054	14.7513	-	-	-	-	G
C37585732      none	B	[O:1]=[CX3:2](a)!@[NX3H0:3][!#1:4]	0.00463322	23.6549	-	-	-	-	G
C37585732      none	B	[!#1:1][CX4H2:2]!@[CX4H2:3][!#1:4]	180	58.554	-	-	-	-	G
C37585732      none	B	[!#1:1][CX4H2:2]!@[CX4H2:3][!#1:4]	59.9977	3.99483	-	-	-	-	G
C37585732      none	B	[C:1][CX4H2:2]!@[CX3:3]=[O:4]	-89.9945	1.15875	-	-	-	-	O
C37585732      none	B	[$(a[OH1]):1][a:2]!@[CX3:3]([NX3H0,CX4H0,c])=[O:4]	-89.9916	1.94175	-	-	-	-	G
C33359126      none	B	[C:1][CX4:2]!@[NX3;"N_lp":3][C:4]	177.924	5.71656	-	-	-	-	G
C13362504      none	B	[aH0:1][c:2]([aH1])!@[SX4:3][!#1:4]	109.972	1.0568	-	-	-	-	O
C13362504      none	B	[c:1][S:2](=O)(=O)!@[NX2H0-:3]-[*:4]	-89.9935	2.77778	-	-	-	-	G
C13362504      none	B	[$(S(=O)(=O)):1][NH0:2]!@[c:3]([cH1])[cH1:4]	-120.274	1.65289	-	-	-	-	G
C13362504      none	B	[cH1:1][c:2]([cH1])!@[C:3]([NH1,NH2])=[O:4]	-26.956	8.39053	-	-	-	-	G
C13362504      none	B	[O:1]=[CX3:2]!@[NX3H1:3][!#1:4]	-0.00258306	63.7893	-	-	-	-	G
C13362504      none	B	[*:1]~[NX3:2]!@[NX3:3]~[*:4]	180	7.3164	-	-	-	-	G
C13362504      none	B	[*:1][$(S(=O)=O):2]!@[NX3H1:3][*:4]	89.9981	4.90782	-	-	-	-	G
C13362504      none	B	[aH1:1][c:2]([aH1])!@[SX4:3][!#1:4]	-89.7265	12.5987	-	-	-	-	G
C13362504      none	B	[O:1]=[C:2]([O-])!@[c:3]([cH1])[cH0:4]	0.00496566	8.88889	-	-	-	-	G
C39024474      none	B	[N:1][CX4:2]!@[CX3:3]=[O:4]	-3.22076	7.55292	-	-	-	-	G
C39024474      none	B	[O:1]=[CX3:2]!@[NX3H1:3][!#1:4]	-0.00761493	63.7893	-	-	-	-	G
C39024474      none	B	[*:1]~[NX3:2]!@[NX2:3]~[*:4]	179.996	29.4914	-	-	-	-	G
C39024474      none	B	[cH1:1][c:2]([cH0])!@[CX3x0:3]=[NX2:4]	-29.7134	0.921659	-	-	-	-	G
C39024474      none	B	[O-:1][N+:2](=O)!@[c:3]([cH0])[cH,nX2H0:4]	89.7201	0.274725	-	-	-	-	O
C09938120      none	B	[cH1:1][c:2](cO)!@[O:3][C:4]	90.2717	0.310835	-	-	-	-	R
C09938120      none	B	[cH0:1][c:2]!@[CX4H1:3][CX4:4]	87.1949	4.45044	-	-	-	-	G
C09938120      none	B	[O:1]=[C:2]([O-])!@[CX4H1:3][H:4]	-0.0107688	0.495663	-	-	-	-	O
C09938120      none	B	[$(C=O):1][NX3H0:2]!@[c:3]([cH1])[cH1:4]	29.9948	1.15477	-	-	-	-	G
C09938120      none	B	[O:1]=[C:2]([O-])!@[c:3]([cH1])[cH1:4]	-179.742	7.35294	-	-	-	-	G
C50222311      none	B	[$([cH0]Cl):1][c:2]([cH1])!@[CX3:3]=[O:4]	-59.997	4.77528	-	-	-	-	G
C50222311      none	B	[O-:1][N+:2](=O)!@[c:3]([cH,nX2H0])[cH,nX2H0:4]	179.969	23.2156	-	-	-	-	G
C50222311      none	B	[*:1]~[CX3:2]!@[NX2:3]~[*:4]	89.9933	0.126195	-	-	-	-	G
C44781618      none	B	[$(C=O):1][NX3H0:2]!@[CX4H1:3][H:4]	-64.2881	0.378151	-	-	-	-	R
C44781618      none	B	[$([CX3]=O):1][NX3H0:2](C)!@[CX4H2:3][C:4]	-89.9932	15.9949	-	-	-	-	G
C44781618      none	B	[O:1]=[CX3:2]!@[NX3H0:3][!#1:4]	-149.998	1.37927	-	-	-	-	O
C44781618      none	B	[OX2:1][CX4H2:2]!@[CX4H2:3][N:4]	179.999	8.36763	-	-	-	-	G
C44781618      none	B	[C:1][CX4:2]!@[CX3:3]=[O:4]	-119.547	3.42432	-	-	-	-	G
C44781618      none	B	[!#1:1][CX4:2]!@[CX3H0:3][!#1:4]	119.997	1.81513	-	-	-	-	O
C15971307      none	B	[!#1:1][CX4:2]!@[CX4:3][!#1:4]	-59.9822	12.2558	-	-	-	-	G
C15971307      none	B	[!#1:1][CX4:2]!@[CX4:3][!#1:4]	-59.9947	12.2558	-	-	-	-	G
C15971307      none	B	[NH1:1][CX4:2]!@[CX3:3]=[O:4]	179.993	3.23174	-	-	-	-	O
C15971307      none	B	[$(C=O):1][NX3H1:2]!@[CX4H1:3][H:4]	-0.00150635	8.26772	-	-	-	-	G
C15971307      none	B	[O:1]=[CX3:2]!@[NX3H1:3][!#1:4]	0.0063267	63.7893	-	-	-	-	G
C15971307      none	B	[$([CX3]=O):1][NX3H1:2]!@[CX4H2:3][C:4] 	-90.0022	7.35439	-	-	-	-	G
C15971307      none	B	[!#1:1][CX4H2:2]!@[CX4H2:3][!#1:4]	180	58.554	-	-	-	-	G
C15971307      none	B	[!#1:1][CX4H2:2]!@[CX4H2:3][!#1:4]	60.0002	3.99483	-	-	-	-	G
C15971307      none	B	[C:1][CX4H2:2]!@[CX3:3]=[O:4]	-120.002	0.79457	-	-	-	-	O
C15971307      none	B	[O:1]=[CX3:2]!@[NX3H1:3][!#1:4]	0.000757673	63.7893	-	-	-	-	G
C15971307      none	B	[c:1][CX4H2:2]!@[CX3:3]=[O:4]	-89.9947	2.5641	-	-	-	-	G
C15971307      none	B	[cH0:1][c:2]!@[CX4H2:3][CX3:4]	90.2872	10.5615	-	-	-	-	G
C15971307      none	B	[cH0:1][c:2]!@[CX4H0:3][CX4:4]	60.005	14.4549	-	-	-	-	G
C40096330      none	B	[cH1:1][c:2](cO)!@[O:3][C:4]	90.2653	0.310835	-	-	-	-	R
C40096330      none	B	[a:1][c:2]!@[CX4H1:3][N,O:4]	58.4127	3.42939	-	-	-	-	G
C40096330      none	B	[cH1:1][c:2](cO)!@[O:3][C:4]	-90.254	0.35524	-	-	-	-	R
C40096330      none	B	[$(cO):1][c:2](cO)!@[O:3][C:4]	-89.9904	10.3565	-	-	-	-	G
C40096330      none	B	[*^2:1]~[C^2:2]([!H])!@[C^2:3]~[*^2:4]	149.953	1.21045	-	-	-	-	O
C40096330      none	B	[$([CX3]=O):1][NX3H0:2](C)!@[CX4H2:3][C:4]	89.9506	14.7513	-	-	-	-	G
C40096330      none	B	[OX2:1][CX4H2:2]!@[CX4H2:3][Nr:4]	180	8.33333	-	-	-	-	G
C40096330      none	B	[C:1][CH2:2]!@[O:3][CX4:4]	-160.002	4.55295	-	-	-	-	G
C40096330      none	B	[C:1][CH2:2]!@[O:3][CX4:4]	80.002	1.71561	-	-	-	-	G
C40096330      none	B	[OX2:1][CX4H2:2]!@[CX4H2:3][OX2:4]	60.0048	8.22123	-	-	-	-	G
C40096330      none	B	[cH1:1][c:2]([cH1])!@[CX3:3]([CX3H0])=[O:4]	-59.7206	0.204918	-	-	-	-	R
C25501761      none	B	[cH0:1][c:2]([cH0])!@[O:3][C:4]	89.9959	14.2516	-	-	-	-	G
C25501761      none	B	[O-:1][N+:2](=O)!@[c:3]([cH0])[cH,nX2H0:4]	90.0322	0.274725	-	-	-	-	O
C09038437      none	B	[$([C](=O)):1][NX3H1:2]!@[$([a]([nH0,o])):3][cH1:4]	29.9896	2.36559	-	-	-	-	O
C09038437      none	B	[a:1][ar6:2]!@[ar5:3][a:4]	-179.72	7.27752	-	-	-	-	G
C09038437      none	B	[a:1][c:2]!@[CX4H1:3][H:4]	-179.984	7.22227	-	-	-	-	G
C09038437      none	B	[O:1]=[CX3:2]!@[NX3H1:3][!#1:4]	0.00668281	63.7893	-	-	-	-	G
C09038437      none	B	[O:1]=[CX3:2]!@[CX3:3]=[O:4]	60.0063	0.346021	-	-	-	-	R
C09038437      none	B	[O:1]=[CX3:2]!@[NX3H1:3][!#1:4]	-0.0106013	63.7893	-	-	-	-	G
C09038437      none	B	[$(C=O):1][NX3H1:2]!@[CX4H1:3][H:4]	-29.9956	6.97413	-	-	-	-	G
C39468512      none	B	[*:1]~[S:2]!@[P:3]~[*:4]	36.0262	2.68456	-	-	-	-	G
C48596590      none	B	[C:1][CX4:2]!@[CX3:3]=[O:4]	89.9956	3.65147	-	-	-	-	G
C48596590      none	B	[H:1][CX4H1:2]!@[SX4:3][!#1:4]	45.3308	10.0257	-	-	-	-	G
C48596590      none	B	[O:1]=[CX3:2]!@[NX3H1:3][!#1:4]	-2.92338e-05	63.7893	-	-	-	-	G
C48596590      none	B	[$(C=O):1][NX3H1:2]!@[c:3]([cH1])[cH1:4]	-150.001	5.07451	-	-	-	-	G
C48596590      none	B	[!#1:1][CH2:2]!@[n:3][a:4]	45.0009	0.859064	-	-	-	-	O
C48596590      none	B	[!#1:1][CX4H2:2]!@[CX3:3]=[O:4]	89.9983	1.06654	-	-	-	-	G
C39481380      none	B	[!#1:1][CX4H2:2]!@[CX4H2:3][!#1:4]	60.0063	3.99483	-	-	-	-	G
C39481380      none	B	[cH1:1][c:2]([cH1])!@[CX4H2:3][CX4:4]	89.9947	11.713	-	-	-	-	G
C39481380      none	B	[$(S(=O)(=O)):1][NH1:2]!@[c:3]([cH1])[cH0:4]	-120.012	6.46388	-	-	-	-	G
C39481380      none	B	[cH0:1][c:2]([cH,nX2H0])!@[NX3H0:3][CX4:4]	-59.7229	5.09408	-	-	-	-	G
C39481380      none	B	[*:1][$(S(=O)=O):2]!@[NX3H1:3][*:4]	59.9988	8.81913	-	-	-	-	G
C02863953      none	B	[!#1:1][CX4:2]!@[CX4:3][!#1:4]	60.0026	12.3771	-	-	-	-	G
C02863953      none	B	[!#1:1][CX4:2]!@[CX4:3][!#1:4]	159.997	1.81259	-	-	-	-	G
C02863953      none	B	[O:1]=[CX3:2]([NH1])!@[CH2:3][C:4]	-89.9983	1.868	-	-	-	-	O
C02863953      none	B	[O:1]=[CX3:2]!@[NX3H1:3][!#1:4]	-0.00702525	63.7893	-	-	-	-	G
C02863953      none	B	[*:1]~[NX3:2]!@[NX3:3]~[*:4]	180	7.3164	-	-	-	-	G
C02863953      none	B	[a:1][a:2]!@[NX3:3][!#1:4]	-149.993	1.91104	-	-	-	-	O
C02863953      none	B	[C:1][CX4H2:2]!@[CX3:3]=[O:4]	-89.993	1.15875	-	-	-	-	O
C40003297      none	B	[a:1][a:2]!@[CX3:3]=[O:4]	89.9976	0.65154	-	-	-	-	R
C40003297      none	B	[*^2:1]~[C^2:2]([!H])!@[C^2:3]~[*^2:4]	-119.684	0.661024	-	-	-	-	G
C40003297      none	B	[$(C=O):1][NX3H0:2]!@[c:3]([s,o])[n:4]	-179.677	52.6316	-	-	-	-	G
C40003297      none	B	[a:1][c:2]!@[CX4H1:3][N,O:4]	-56.6026	3.48172	-	-	-	-	G
C40003297      none	B	[cH1:1][c:2](cO)!@[O:3][C:4]	0.0159019	49.3635	-	-	-	-	G
C40003297      none	B	[$(cO):1][c:2](cO)!@[O:3][C:4]	-89.9967	10.3565	-	-	-	-	G
C40003297      none	B	[cH1:1][c:2](cO)!@[O:3][C:4]	-89.7549	0.35524	-	-	-	-	R
C49028723      none	B	[$([CX3]=O):1][NX3H0:2](C)!@[CX4H2:3][C:4]	-89.9943	15.9949	-	-	-	-	G
C49028723      none	B	[O:1]=[CX3:2]!@[NX3H0:3][!#1:4]	-29.9927	0.692521	-	-	-	-	O
C49028723      none	B	[!#1:1][CX4H2:2]!@[CX4H2:3][!#1:4]	180	58.554	-	-	-	-	G
C49028723      none	B	[O:1]=[CX3:2]!@[NX3H1:3][!#1:4]	-30.009	0.0303061	-	-	-	-	O
C49028723      none	B	[$(C=O):1][NX3H1:2]!@[c:3]([cH1])[cH1:4]	180	8.15546	-	-	-	-	G
C49028723      none	B	[!#1:1][CH2:2]!@[n:3][a:4]	89.9968	13.2097	-	-	-	-	G
C49028723      none	B	[!#1:1][CX4H2:2]!@[CX3:3]=[O:4]	89.9962	1.06654	-	-	-	-	G
C62135664      none	B	[a:1][c:2]!@[C:3]([NH0])=[O:4]	120.001	4.19444	-	-	-	-	G
C62135664      none	B	[O:1]=[CX3:2](a)!@[NX3H0:3][!#1:4]	-29.6713	1.17502	-	-	-	-	O
C62135664      none	B	[O:1]=[C:2]([O-])!@[CX4H1:3][H:4]	0.0041349	0.495663	-	-	-	-	O
C39096114      none	B	[!#1:1][CX4:2]!@[CX4:3][!#1:4]	-160.001	1.85018	-	-	-	-	G
C39096114      none	B	[!#1:1][CX4H2:2]!@[CX4H2:3][!#1:4]	-60.001	3.77933	-	-	-	-	G
C39096114      none	B	[*:1]~[CX4:2]!@[P:3]~[*:4]	-40.0026	2.64342	-	-	-	-	G
C63994005      none	B	[*:1]~[CX3:2]!@[NX2:3]~[*:4]	119.996	0.114723	-	-	-	-	G
C63994005      none	B	[*^2:1]~[C^2:2]([!H])!@[C^2:3]~[*^2:4]	150.315	1.21045	-	-	-	-	G
C19998240      none	B	[aH0:1][c:2]([aH1])!@[SX4:3][!#1:4]	-150.036	0.1321	-	-	-	-	R
C19998240      none	B	[a:1][c:2]!@[CX4H2:3][CX3:4]	-89.9979	7.62274	-	-	-	-	G
C19998240      none	B	[c:1][CX4H2:2]!@[CX3:3]=[O:4]	-89.9974	2.5641	-	-	-	-	G
C19998240      none	B	[*:1][$(S(=O)=O):2]!@[NX3H0r:3][*:4]	-119.69	0.995261	-	-	-	-	G
C19998240      none	B	[N:1][CX4:2]!@[CX3:3]=[O:4]	-151.73	3.58916	-	-	-	-	G
C49103369      none	B	[NH1:1][CX4:2]!@[CX3:3]=[O:4]	-150.001	4.5183	-	-	-	-	G
C49103369      none	B	[$(C=O):1][NX3H1:2]!@[CX4H1:3][H:4]	-0.0027307	8.26772	-	-	-	-	G
C49103369      none	B	[O:1]=[CX3:2]!@[NX3H1:3][!#1:4]	-0.0063336	63.7893	-	-	-	-	G
C49103369      none	B	[O:1]=[CX3:2]!@[NX3H1:3][!#1:4]	0.00938088	63.7893	-	-	-	-	G
C49103369      none	B	[O:1]=[CX3:2]!@[NX3H0:3][!#1:4]	29.9939	0.680979	-	-	-	-	O
C49103369      none	B	[$([CX3]=O):1][NX3H0:2](C)!@[CX4H2:3][C:4]	90.0003	14.7513	-	-	-	-	G
C49103369      none	B	[$(C=O):1][NX3H0:2]!@[CX4H1:3][H:4]	29.9935	2.94118	-	-	-	-	G
C49103369      none	B	[N:1][CX4:2]!@[CX3:3]=[O:4]	120.006	0.766617	-	-	-	-	G
C63850933      none	B	[*:1]~[CX3:2]!@[n:3]~[*:4]	-89.996	1.39821	-	-	-	-	O
C63850933      none	B	[*^2:1]~[C^2:2]([!H])!@[C^2:3]~[*^2:4]	119.994	0.806964	-	-	-	-	G
C63850933      none	B	[*:1]~[CX3:2]!@[NX3:3]~[*:4]	-59.9992	0.17882	-	-	-	-	G
C63850933      none	B	[C:1][CX4:2]!@[NX3:3][C:4]	-111.375	3.03286	-	-	-	-	O
C63850933      none	B	[$([cH0]!@[*^2]):1][c:2]([cH1])!@[CX3:3]=[O:4]	-0.00817998	22.9851	-	-	-	-	G
C63850933      none	B	[cH1:1][c:2]([cH1])!@[O:3][C:4]	180	26.896	-	-	-	-	G
C63850933      none	B	[$([cH0]([CX3])):1][c:2]([cH1])!@[O:3][C:4]	-90.0032	1.38889	-	-	-	-	R
C36884458      none	B	[NH1:1][CX4:2]!@[CX3:3]=[O:4]	-60.0036	1.73074	-	-	-	-	O
C36884458      none	B	[$(C=O):1][NX3H1:2]!@[CX4H1:3][H:4]	-29.9946	6.97413	-	-	-	-	G
C36884458      none	B	[O:1]=[CX3:2]!@[NX3H0:3][!#1:4]	-149.99	1.37927	-	-	-	-	O
C36884458      none	B	[$([CX3]=O):1][NX3H0:2](C)!@[CX4H2:3][C:4]	119.997	2.74443	-	-	-	-	O
C36884458      none	B	[$([CX3]=O):1][NX3H0:2](C)!@[CX4H2:3][C:4]	90.0042	14.7513	-	-	-	-	G
C36884458      none	B	[!#1:1][CX4:2]!@[CX4:3][!#1:4]	-91.3766	0.488284	-	-	-	-	O
C36884458      none	B	[N:1][CX4:2]!@[CX3:3]=[O:4]	-119.987	0.897291	-	-	-	-	O
C36884458      none	B	[O:1]=[CX3:2]!@[NX3H1:3][!#1:4]	0.00204694	63.7893	-	-	-	-	G
C64029130      none	B	[a:1][c:2]!@[CX4H1:3][N,O:4]	99.3004	1.61178	-	-	-	-	G
C64029130      none	B	[*^2:1]~[C^2:2]([!H])!@[C^2:3]~[*^2:4]	-60.0104	0.757173	-	-	-	-	O
C64029130      none	B	[O:1]=[C:2]([!$([NH1])])!@[NX3H1:3]([H:4])[$(c([nX2H0])([nX2H0]))]	0.00883362	20	-	-	-	-	R
C64029130      none	B	[$(C=O):1][NX3:2]!@[a:3][aH0:4]	-149.995	1.98526	-	-	-	-	O
C37838927      none	B	[O:1]=[CX3:2]!@[NX3H1:3][!#1:4]	-0.00674384	63.7893	-	-	-	-	G
C37838927      none	B	[N:1][CX4:2]!@[CX3:3]=[O:4]	-58.5861	1.63777	-	-	-	-	G
C37838927      none	B	[*:1][$(S(=O)=O):2]!@[NX3H0r:3][*:4]	59.9994	7.32227	-	-	-	-	G
C37838927      none	B	[aH1:1][c:2]([aH1])!@[SX4:3][!#1:4]	-109.684	4.53328	-	-	-	-	G
C37838927      none	B	[O:1]=[C:2]([O-])!@[c:3][a:4]	0.00441298	11.4943	-	-	-	-	G
C36978721      none	B	[NH1:1][CX4:2]!@[CX3:3]=[O:4]	-119.999	0.275693	-	-	-	-	G
C36978721      none	B	[$(C=O):1][NX3H1:2]!@[CX4H0:3][C:4]	-60.0023	14.7253	-	-	-	-	G
C36978721      none	B	[O:1]=[CX3:2]!@[NX3H1:3][!#1:4]	0.00215467	63.7893	-	-	-	-	G
C36978721      none	B	[*^2:1]~[C^2:2]([!H])!@[C^2:3]~[*^2:4]	-29.7318	1.21216	-	-	-	-	G
C09994599      none	B	[$(C=O):1][NX3H1:2]!@[CX4H0:3][C:4]	60.0012	13.3187	-	-	-	-	G
C09994599      none	B	[O:1]=[CX3:2]!@[NX3H1:3][!#1:4]	-0.0057524	63.7893	-	-	-	-	G
C09994599      none	B	[O:1]=[CX3:2]!@[CX3:3]=[O:4]	120.001	1.7301	-	-	-	-	G
C09994599      none	B	[O:1]=[CX3:2]!@[NX3H1:3][!#1:4]	-0.00145493	63.7893	-	-	-	-	G
C09994599      none	B	[$([CX3]=O):1][NX3H1:2]!@[CX4H2:3][C:4] 	-89.9976	7.35439	-	-	-	-	G
C09994599      none	B	[!#1:1][CX4H2:2]!@[CX4H2:3][!#1:4]	180	58.554	-	-	-	-	G
C09994599      none	B	[!#1:1][CX4H2:2]!@[CX4H2:3][!#1:4]	59.9913	3.99483	-	-	-	-	G
C22062436      none	B	[O:1]=[CX3:2]!@[NX3H1:3][!#1:4]	0.00237931	63.7893	-	-	-	-	G
C22062436      none	B	[$(C=O):1][NX3H1:2]!@[CX4H1:3][H:4]	29.9997	9.46757	-	-	-	-	G
C22062436      none	B	[OX2:1][CX4:2]!@[CX4:3][OX2:4]	59.9363	14.3222	-	-	-	-	G
C22062436      none	B	[H:1][CX4H1:2]!@[O:3][CX4:4]	-59.9718	5.14933	-	-	-	-	G
C67178514      none	B	[$(C=O):1][NX3H1:2]!@[CX4H1:3][H:4]	30.0108	9.46757	-	-	-	-	G
C67178514      none	B	[O:1]=[CX3:2]!@[NX3H1:3][!#1:4]	-0.00728133	63.7893	-	-	-	-	G
C67178514      none	B	[cH1:1][c:2]([cH1])!@[C:3]([NH1,NH2])=[O:4]	-152.99	8.78518	-	-	-	-	G
C67178514      none	B	[a:1][c:2]!@[CX4H2:3][!#1:4]	-90.0012	7.30446	-	-	-	-	G
C67178514      none	B	[$(C=O):1][NX3H1:2]!@[CX4H2:3][$([c]([cH,nX2H0])[cH,nX2H0]):4]	90.0019	8.35443	-	-	-	-	G
C67178514      none	B	[O:1]=[CX3:2]!@[NX3H1:3][!#1:4]	-0.00912132	63.7893	-	-	-	-	G
C67178514      none	B	[cH0:1][c:2]([cH1])!@[CX3:3]([NX3H1])=[O:4]	-149.998	1.39252	-	-	-	-	G
C15774591      none	B	[!#1:1][CX4:2]!@[NX3;"N_lp":3]	41.9735	7.33419	-	-	-	-	G
C15774591      none	B	[*:1]~[NX3:2]!@[NX3:3]~[*:4]	90.0003	3.54776	-	-	-	-	G
C15774591      none	B	[O:1]=[CX3:2]!@[NX3H1:3][!#1:4]	0.00464447	63.7893	-	-	-	-	G
C15774591      none	B	[C:1][CX4:2]!@[CX3:3]=[O:4]	-87.2203	3.45082	-	-	-	-	G
C15774591      none	B	[O:1]=[C:2]([O-])!@[CX4H1:3][H:4]	90.0004	0.86741	-	-	-	-	O
C45073386      none	B	[O:1]=[CX3:2]!@[CX4H1r3:3][H:4]	-0.00206525	1.66667	-	-	-	-	G
C45073386      none	B	[O:1]=[C:2]([O-])!@[CX4H1:3][H:4]	-0.00143156	0.495663	-	-	-	-	O
C45073386      none	B	[O:1]=[CX3:2]!@[NX3H1:3][!#1:4]	0.00228702	63.7893	-	-	-	-	G
C45073386      none	B	[$([CX3]=O):1][NX3H1:2]!@[CX4H2:3][C:4] 	90.0038	7.35439	-	-	-	-	G
C45073386      none	B	[!#1:1][CX4H2:2]!@[CX4H2:3][!#1:4]	-60.0002	3.77933	-	-	-	-	G
C45073386      none	B	[!#1:1][CX4H2:2]!@[CX4H2:3][!#1:4]	180	58.554	-	-	-	-	G
C45073386      none	B	[!#1:1][CX4:2]!@[SX4:3][!#1:4]	67.7392	8.06316	-	-	-	-	G
C55272806      none	B	[!#1:1][CX4:2]!@[CX4:3][!#1:4]	179.998	22.1548	-	-	-	-	G
C55272806      none	B	[O:1]=[C:2]([O-])!@[CX4H1:3][H:4]	0.0120277	0.495663	-	-	-	-	O
C55272806      none	B	[$(C=O):1][NX3H1:2]!@[CX4H1:3][H:4]	-60.0051	1.23735	-	-	-	-	G
C55272806      none	B	[O:1]=[CX3:2]!@[NX3H1:3][!#1:4]	0.0102559	63.7893	-	-	-	-	G
C55272806      none	B	[c:1][CX4H2:2]!@[CX3:3]=[O:4]	-90.0072	2.5641	-	-	-	-	G
C55272806      none	B	[a:1][c:2]!@[CX4H2:3][CX3:4]	-29.7127	0.559862	-	-	-	-	R
C13310849      none	B	[O:1]=[C:2]([O-])!@[c:3]([cH1])[cH1:4]	179.98	7.35294	-	-	-	-	G
C13310849      none	B	[aH0:1][c:2]([aH1])!@[SX4:3][!#1:4]	64.9915	13.4742	-	-	-	-	G
C13310849      none	B	[*:1][$(S(=O)=O):2]!@[NX3H0r:3][*:4]	60.2803	7.32227	-	-	-	-	G
C13310849      none	B	[cH0:1][c:2]([cH,nX2H0])!@[NX3H0:3][CX4:4]	-120.282	1.65213	-	-	-	-	O
C13310849      none	B	[aH1:1][c:2]([aH1])!@[SX4:3][!#1:4]	89.9595	12.916	-	-	-	-	G
C13310849      none	B	[O-:1][N+:2](=O)!@[c:3]([cH0])[cH,nX2H0:4]	90.2626	0.274725	-	-	-	-	O
C43414151      none	B	[!#1:1][CX4:2]!@[CX4:3][!#1:4]	-40.0012	0.976141	-	-	-	-	G
C43414151      none	B	[!#1:1][CX4:2]!@[CX4:3][!#1:4]	179.999	22.1548	-	-	-	-	G
C43414151      none	B	[C:1][CX4H2:2]!@[CX3:3]=[O:4]	119.995	0.695249	-	-	-	-	O
C43414151      none	B	[$([CX3]=O):1][NX3H1:2]!@[CX4H2:3][C:4] 	-149.999	1.7769	-	-	-	-	O
C43414151      none	B	[O:1]=[CX3:2]([$([NX3H1]C)])!@[NX3H1:3][!#1:4]	179.996	9.5176	-	-	-	-	R
C43414151      none	B	[O:1]=[CX3:2]([$([NX3H1]C)])!@[NX3H1:3][!#1:4]	0.00247779	41.1343	-	-	-	-	G
C43414151      none	B	[$([CX3]=O):1][NX3H1:2]!@[CX4H2:3][C:4] 	-119.998	2.61599	-	-	-	-	O
C37064009      none	B	[aH0:1][c:2]([aH1])!@[SX4:3][!#1:4]	-110.237	1.0568	-	-	-	-	O
C37064009      none	B	[c:1][S:2](=O)(=O)!@[NX2H0-:3]-[*:4]	-59.9997	11.1111	-	-	-	-	G
C37064009      none	B	[$(S(=O)(=O)):1][N:2]!@[c:3][a:4]	119.996	2.34375	-	-	-	-	G
C37835915      none	B	[O:1]=[CX3:2]!@[CX4H1r3:3][H:4]	-89.9936	0	-	-	-	-	R
C37835915      none	B	[O:1]=[C:2]([O-])!@[CX4H1:3][H:4]	-0.00170553	0.495663	-	-	-	-	O
C37835915      none	B	[O:1]=[CX3:2]!@[NX3H0:3][!#1:4]	-30.0018	0.692521	-	-	-	-	O
C37835915      none	B	[$([CX3]=O):1][NX3H0:2](C)!@[CX4H2:3][C:4]	-90.0012	15.9949	-	-	-	-	G
C37835915      none	B	[$([CX3]=O):1][NX3H0:2](C)!@[CX4H2:3][C:4]	-90.001	15.9949	-	-	-	-	G
C37835915      none	B	[OX2:1][CX4H2:2]!@[CX4H2:3][N:4]	179.993	8.36763	-	-	-	-	G
C37835915      none	B	[OX2:1][CX4H2:2]!@[CX4H2:3][N:4]	179.994	8.36763	-	-	-	-	G
C20904703      none	B	[O:1]=[CX3:2]!@[NX3H1:3][!#1:4]	0.00403889	63.7893	-	-	-	-	G
C20904703      none	B	[$(C=O):1][NX3H1:2]!@[c:3]([cH1])[cH1:4]	90.0033	0.0402739	-	-	-	-	R
C20904703      none	B	[aH1:1][c:2]([aH1])!@[SX4:3][!#1:4]	90.0023	12.916	-	-	-	-	G
C20904703      none	B	[c:1][S:2](=O)(=O)!@[NX2H0-:3]-[*:4]	-60.0058	11.1111	-	-	-	-	G
C20904703      none	B	[$(S(=O)(=O)):1][N:2]!@[c:3][a:4]	149.991	2.09961	-	-	-	-	G
C20904703      none	B	[a:1][c:2]!@[CX4H2:3][CX3:4]	-90.0002	7.62274	-	-	-	-	G
C20904703      none	B	[c:1][CX4H2:2]!@[CX3:3]=[O:4]	-120.001	0.712251	-	-	-	-	O
C20904703      none	B	[O:1]=[CX3:2]!@[NX3H1:3][!#1:4]	-0.00283201	63.7893	-	-	-	-	G
C20904703      none	B	[$([CX3]=O):1][NX3H1:2]!@[CX4H2:3][C:4] 	-89.9959	7.35439	-	-	-	-	G
C20904703      none	B	[!#1:1][CX4H2:2]!@[CX4H2:3][!#1:4]	180	58.554	-	-	-	-	G
C20904703      none	B	[CX4:1][CX4H2:2]!@[NX3;"N_lp":3][CX4:4]	-76.3622	8.1206	-	-	-	-	G
C42435137      none	B	[NH1:1][CX4:2]!@[CX3:3]=[O:4]	-29.9978	4.44172	-	-	-	-	G
C42435137      none	B	[$(C=O):1][NX3H1:2]!@[CX4H0:3][C:4]	59.9993	13.3187	-	-	-	-	G
C42435137      none	B	[O:1]=[CX3:2]!@[NX3H1:3][!#1:4]	0.00396646	63.7893	-	-	-	-	G
C42435137      none	B	[O:1]=[CX3:2]!@[NX3H0:3][!#1:4]	-179.699	18.2537	-	-	-	-	G
C42435137      none	B	[OX2:1][CX4:2]!@[CX4:3][N:4]	180	9.8427	-	-	-	-	G
C21012265      none	B	[OX2:1][CX4:2]!@[CX4:3][N:4]	-39.9949	1.41573	-	-	-	-	G
C21012265      none	B	[O:1]=[C:2]([O-])!@[CX4H1:3][H:4]	0.0116712	0.495663	-	-	-	-	O
C21012265      none	B	[$(S(=O)(=O)):1][NX3H1:2]!@[CX4H1:3][H:4]	60.0043	1.10497	-	-	-	-	G
C21012265      none	B	[c:1][$(S(=O)=O):2]!@[NX3H1:3][C:4]	89.9992	2.64026	-	-	-	-	G
C21012265      none	B	[aH1:1][c:2]([aH1])!@[SX4:3][!#1:4]	90.2773	12.916	-	-	-	-	G
C21012265      none	B	[O-:1][N+:2](=O)!@[c:3]([cH,nX2H0])[cH,nX2H0:4]	-179.84	23.2156	-	-	-	-	G
C20309038      none	B	[C:1][CX4H2:2]!@[OX2:3][c:4]	59.9997	0.147399	-	-	-	-	G
C20309038      none	B	[cH1:1][c:2]([cH1])!@[O:3][C:4]	-149.719	0.243246	-	-	-	-	R
C20309038      none	B	[a:1][c:2]!@[CX4H1:3][N,O:4]	58.4009	3.42939	-	-	-	-	G
C20309038      none	B	[*^2:1]~[C^2:2]([!H])!@[C^2:3]~[*^2:4]	-149.977	1.11601	-	-	-	-	O
C20309038      none	B	[$([CX3]=O):1][NX3H0:2](C)!@[CX4H2:3][C:4]	-89.9881	15.9949	-	-	-	-	G
C20309038      none	B	[!#1:1][CX4H2:2]!@[CX4H2:3][!#1:4]	60.0003	3.99483	-	-	-	-	G
C20309038      none	B	[!#1:1][CX4H2:2]!@[CX4H2:3][!#1:4]	179.995	58.554	-	-	-	-	G
C20309038      none	B	[CX4:1][CX4H2:2]!@[NX3;"N_lp":3][CX4:4]	-156.364	6.65327	-	-	-	-	G
C20309038      none	B	[$([cH0]!@[*^2]):1][c:2]([cH1])!@[CX3:3]=[O:4]	90.0001	0.422886	-	-	-	-	O
C37796684      none	B	[!#1:1][CX4:2]!@[CX4:3][!#1:4]	-40.0002	0.976141	-	-	-	-	G
C37796684      none	B	[!#1:1][CX4:2]!@[CX4:3][!#1:4]	180	22.1548	-	-	-	-	G
C37796684      none	B	[O:1]=[CX3:2]([NH1])!@[CH2:3][C:4]	-90.0039	1.868	-	-	-	-	O
C37796684      none	B	[O:1]=[CX3:2]!@[NX3H1:3][!#1:4]	0.00715835	63.7893	-	-	-	-	G
C37796684      none	B	[$(C=O):1][NX3H1:2]!@[CX4H1:3][H:4]	-0.000623899	8.26772	-	-	-	-	G
C37796684      none	B	[C:1][CX4H2:2]!@[CX3:3]=[O:4]	-89.9897	1.15875	-	-	-	-	O
C04480117      none	B	[cH1:1][c:2]([cH1])!@[C:3]([NH1,NH2])=[O:4]	27.0324	8.08167	-	-	-	-	G
C04480117      none	B	[O:1]=[CX3:2]!@[NX3H1:3][!#1:4]	-0.0018541	63.7893	-	-	-	-	G
C04480117      none	B	[*:1]~[NX3:2]!@[NX2:3]~[*:4]	179.999	29.4914	-	-	-	-	G
C04480117      none	B	[*:1]~[CX3:2]!@[cX3:3]~[*:4]	150.304	2.32505	-	-	-	-	O
C04480117      none	B	[aH0:1][c:2]([aH1])!@[SX4:3][!#1:4]	90.2407	4.49141	-	-	-	-	O
C37590032      none	B	[!#1:1][CX4:2]!@[CX4:3][!#1:4]	179.991	22.1548	-	-	-	-	G
C37590032      none	B	[$(C=O):1][NX3H0:2]!@[CX4H1:3][H:4]	179.992	19.1176	-	-	-	-	G
C37590032      none	B	[$([CX3]=O):1][NX3H0:2](C)!@[CX4H2:3][C:4]	90.0023	14.7513	-	-	-	-	G
C37590032      none	B	[O:1]=[CX3:2]!@[NX3H0:3][!#1:4]	0.00532743	25.0866	-	-	-	-	G
C37590032      none	B	[N:1][CX4:2]!@[CX3:3]=[O:4]	119.999	0.766617	-	-	-	-	G
C37590032      none	B	[NH1:1][CX4:2]!@[CX3:3]=[O:4]	-90.0042	0.352274	-	-	-	-	R
C37590032      none	B	[!#1:1][CX4:2]!@[CX4:3][!#1:4]	80.0046	1.75235	-	-	-	-	G
C37590032      none	B	[$(C=O):1][NX3H1:2]!@[CX4H1:3][H:4]	-30.0013	6.97413	-	-	-	-	G
C37590032      none	B	[!#1:1][CX4H2:2]!@[CX4H2:3][!#1:4]	179.995	58.554	-	-	-	-	G
C37590032      none	B	[!#1:1][CX4:2]!@[SX2:3][!#1:4]	180	11.1654	-	-	-	-	G
C37590032      none	B	[O:1]=[CX3:2]!@[NX3H1:3][!#1:4]	-0.0103139	63.7893	-	-	-	-	G
C50397458      none	B	[!#1:1][CX4:2]!@[CX4:3][!#1:4]	180	22.1548	-	-	-	-	G
C50397458      none	B	[!#1:1][CX4:2]!@[CX4:3][!#1:4]	-60.0054	12.2558	-	-	-	-	G
C50397458      none	B	[O:1]=[CX3:2]([NH1])!@[CH2:3][C:4]	90.0022	2.11706	-	-	-	-	O
C50397458      none	B	[O:1]=[CX3:2]!@[NX3H1:3][!#1:4]	-0.00650117	63.7893	-	-	-	-	G
C50397458      none	B	[$(C=O):1][NX3H1:2]!@[CX4H1:3][H:4]	-0.00100322	8.26772	-	-	-	-	G
C50397458      none	B	[C:1][CX4H2:2]!@[CX3:3]=[O:4]	120.008	0.695249	-	-	-	-	O
C50222429      none	B	[$([cH0]!@[*^2]):1][c:2]([cH1])!@[CX3:3]=[O:4]	149.98	1.34328	-	-	-	-	O
C19929096      none	B	[aH1:1][c:2]([aH1])!@[SX4:3][!#1:4]	89.9964	12.916	-	-	-	-	G
C19929096      none	B	[n,o,s:1][c:2]!@[CX4H2:3][CX4:4]	-135.001	0.52356	-	-	-	-	O
C19929096      none	B	[!#1:1][CX4H2:2]!@[CX4H2:3][!#1:4]	60.004	3.99483	-	-	-	-	G
C19929096      none	B	[!#1:1][CX4H2:2]!@[CX4H2:3][!#1:4]	179.998	58.554	-	-	-	-	G
C50398305      none	B	[O:1]=[CX3:2]!@[NX3H0:3][!#1:4]	29.9957	0.680979	-	-	-	-	O
C50398305      none	B	[O:1]=[C:2]([O-])!@[CX4H1:3][H:4]	-0.0110047	0.495663	-	-	-	-	O
C50398305      none	B	[O:1]=[CX3:2]!@[NX3H1:3][!#1:4]	-0.000913793	63.7893	-	-	-	-	G
C50398305      none	B	[$(C=O):1][NX3H1:2]!@[CX4H1:3][H:4]	-29.9934	6.97413	-	-	-	-	G
C63720388      none	B	[*^2:1]~[C^2:2]([!H])!@[C^2:3]~[*^2:4]	29.9723	1.05249	-	-	-	-	G
C63720388      none	B	[*^2:1]~[C^2:2]([!H])!@[C^2:3]~[*^2:4]	-29.9451	1.21216	-	-	-	-	G
C63720388      none	B	[O:1]=[C:2]!@[O:3]~[C:4]	0.00287893	74.4927	-	-	-	-	G
C63720388      none	B	[*^2:1]~[C^2:2]([!H])!@[C^2:3]~[*^2:4]	-89.9957	1.27397	-	-	-	-	G
C63720388      none	B	[*^2:1]~[C^2:2]([!H])!@[C^2:3]~[*^2:4]	-0.0100995	20.0453	-	-	-	-	G
C63720388      none	B	[O:1]=[CX3:2]!@[NX3H1:3][!#1:4]	0.00907333	63.7893	-	-	-	-	G
C63720388      none	B	[$([CX3]=O):1][NX3H1:2]!@[CX4H2:3][C:4] 	-90.0034	7.35439	-	-	-	-	G
C63720388      none	B	[!#1:1][CX4H2:2]!@[CX4H2:3][!#1:4]	180	58.554	-	-	-	-	G
C63720388      none	B	[CX4:1][CX4H2:2]!@[NX3;"N_lp":3][CX4:4]	-76.3657	8.1206	-	-	-	-	G
C43511151      none	B	[a:1][c:2]!@[CX4H2:3][CX3:4]	-89.9807	7.62274	-	-	-	-	G
C43511151      none	B	[c:1][CX4H2:2]!@[CX3:3]=[O:4]	-60.0016	1.56695	-	-	-	-	G
C43511151      none	B	[O:1]=[CX3:2]!@[NX3H1:3][!#1:4]	0.00330809	63.7893	-	-	-	-	G
C43511151      none	B	[$(C=O):1][NX3H1:2]!@[CX4H0:3][C:4]	-66.1482	8.17582	-	-	-	-	G
C43511151      none	B	[NH1:1][CX4:2]!@[CX3:3]=[O:4]	90.0014	0.183795	-	-	-	-	R
C40605000      none	B	[!#1:1][CX4:2]!@[CX4:3][!#1:4]	-81.3807	1.71775	-	-	-	-	G
C40605000      none	B	[NH1:1][CX4:2]!@[CX3:3]=[O:4]	-120.002	0.275693	-	-	-	-	G
C40605000      none	B	[$(C=O):1][NX3H1:2]!@[CX4H0:3][C:4]	-60.011	14.7253	-	-	-	-	G
C40605000      none	B	[O:1]=[CX3:2]([$([NX3H1]C)])!@[NX3H1:3][!#1:4]	0.0173777	41.1343	-	-	-	-	G
C40605000      none	B	[O:1]=[CX3:2]([$([NX3H1]C)])!@[NX3H1:3][!#1:4]	179.993	9.5176	-	-	-	-	R
C40605000      none	B	[$([CX3]=O):1][NX3H1:2]!@[CX4H2:3][C:4] 	-89.9984	7.35439	-	-	-	-	G
C40605000      none	B	[OX2:1][CX4:2]!@[CX4:3][N:4]	-60.2584	14.8764	-	-	-	-	G
C35720948      none	B	[N:1][CX4:2]!@[CX3:3]=[O:4]	-118.218	0.897291	-	-	-	-	O
C35720948      none	B	[O:1]=[CX3:2]!@[NX3H0:3][!#1:4]	30.002	0.680979	-	-	-	-	O
C35720948      none	B	[*^2:1]~[C^2:2]([!H])!@[C^2:3]~[*^2:4]	-119.998	0.661024	-	-	-	-	G
C35720948      none	B	[*^2:1]~[C^2:2]([!H])!@[C^2:3]~[*^2:4]	0.0185318	20.0453	-	-	-	-	G
C37471592      none	B	[$(S(=O)(=O)):1][NX3H0:2]!@[CX4H2:3][!#1:4]	90.0047	6.68103	-	-	-	-	G
C37471592      none	B	[c:1][$(S(=O)=O):2]!@[NX3H0:3][C:4]	-59.993	7.66773	-	-	-	-	G
C37471592      none	B	N[C:2](=[O:1])!@[CH2:3][N:4]	-30.0066	4.7619	-	-	-	-	G
C37471592      none	B	[aH0:1][c:2]([aH1])!@[SX4:3][!#1:4]	-110.306	1.0568	-	-	-	-	O
C40520647      none	B	[OX2:1][CX4:2]!@[CX4:3][N:4]	179.998	9.8427	-	-	-	-	G
C40520647      none	B	[O:1]=[C:2]([O-])!@[CX4H1:3][H:4]	0.000115714	0.495663	-	-	-	-	O
C40520647      none	B	[$(C=O):1][NX3H1:2]!@[CX4H1:3][H:4]	0.0089979	8.26772	-	-	-	-	G
C40520647      none	B	[O:1]=[CX3:2]([$([NX3H1]C)])!@[NX3H1:3][!#1:4]	-0.00916502	41.1343	-	-	-	-	G
C40520647      none	B	[O,S:1]=[C:2]([$([NX3H1]),$([NX3H2])])!@[$([NX3]c[nH0]):3][H:4]	0.00970477	46.0938	-	-	-	-	G
C40520647      none	B	[$(C=O):1][NX3H1:2]!@[c:3](s)[n:4]	0.338786	0.574713	-	-	-	-	R
C61591216      none	B	[cH1:1][a:2]([cH0])!@[a:3]([cH0])[cH0:4]	-60.0251	2.49066	-	-	-	-	O
C04104919      none	B	[H:1][CX4H1:2]!@[O:3][CX4:4]	39.9982	11.9906	-	-	-	-	G
C04104919      none	B	[!#1:1][CX4:2]!@[CX4:3][!#1:4]	-79.9993	1.71775	-	-	-	-	G
C04104919      none	B	[!#1:1][CX4:2]!@[SX4:3][!#1:4]	-60.0042	11.2842	-	-	-	-	G
C38518590      none	B	[*:1]~[CX4:2]!@[n:3]~[*:4]	-150.003	3.13346	-	-	-	-	G
C38518590      none	B	[OX2:1][CX4:2]!@[CX4:3][OX2:4]	-86.6916	0.276861	-	-	-	-	O
C37449804      none	B	[C:1][CX4:2]!@[CX3:3]=[O:4]	-2.60894	5.61823	-	-	-	-	G
C37449804      none	B	[O:1]=[CX3:2]!@[NX3H1:3][!#1:4]	0.000797982	63.7893	-	-	-	-	G
C37449804      none	B	[$([CX3]=O):1][NX3H1:2]!@[CX4H2:3][C:4] 	-89.9985	7.35439	-	-	-	-	G
C37449804      none	B	[!#1:1][CX4H2:2]!@[CX4H2:3][!#1:4]	180	58.554	-	-	-	-	G
C37449804      none	B	[N:1][C:2](=O)!@[CX4H2:3][CX4H2:4]	89.9949	1.77112	-	-	-	-	O
C37449804      none	B	[O:1]=[CX3:2]!@[NX3H0:3][!#1:4]	-179.687	18.2537	-	-	-	-	G
C37449804      none	B	[O:1]=[C:2]([O-])!@[CX4H1:3][H:4]	0.000358089	0.495663	-	-	-	-	O
C39482989      none	B	[H:1][CX4H1:2]!@[SX4:3][!#1:4]	-172.265	2.9563	-	-	-	-	G
C39482989      none	B	[aH1:1][c:2]([aH1])!@[SX4:3][!#1:4]	90.2508	12.916	-	-	-	-	G
C39482989      none	B	[$(S(=O)(=O)):1][NH1:2]!@[c:3]([cH1])[cH0:4]	-120.026	6.46388	-	-	-	-	G
C39482989      none	B	[cH0:1][c:2]([cH,nX2H0])!@[NX3H0:3][CX4:4]	90.2802	2.06517	-	-	-	-	O
C39482989      none	B	[*:1][$(S(=O)=O):2]!@[NX3H1:3][*:4]	-90.0045	4.38465	-	-	-	-	G
C37953616      none	B	[a:1][c:2]!@[NX3H1:3][$([CX4r]([C;r])([C;r])):4]	-59.9985	0.568182	-	-	-	-	R
C37953616      none	B	[!#1:1][CX4:2]!@[NX3:3][!#1:4]	-36.1479	0.688006	-	-	-	-	O
C37953616      none	B	[NH1:1][CX4:2]!@[CX3:3]=[O:4]	89.9949	0.183795	-	-	-	-	R
C40431453      none	B	[NH1:1][CX4:2]!@[CX3:3]=[O:4]	-120	0.275693	-	-	-	-	G
C40431453      none	B	[$(C=O):1][NX3H1:2]!@[CX4H0:3][C:4]	-59.997	14.7253	-	-	-	-	G
C40431453      none	B	[O:1]=[CX3:2]([$([NX3H1]C)])!@[NX3H1:3][!#1:4]	-0.0111318	41.1343	-	-	-	-	G
C40431453      none	B	[O:1]=[CX3:2]([$([NX3H1]C)])!@[NX3H1:3][!#1:4]	180	9.5176	-	-	-	-	R
C40431453      none	B	[$([CX3]=O):1][NX3H1:2]!@[CX4H2:3][C:4] 	180	6.46594	-	-	-	-	G
C05113327      none	B	[!#1:1][CX4H2:2]!@[CX4H2:3][!#1:4]	179.996	58.554	-	-	-	-	G
C05113327      none	B	[$(C=O):1][NX3H0:2]!@[CX4H2:3][!#1:4]	90.0037	13.8915	-	-	-	-	G
C05113327      none	B	[O:1]=[CX3:2]!@[NX3H0:3][!#1:4]	-0.00541531	25.0866	-	-	-	-	G
C05113327      none	B	[*:1]~[NX3:2]!@[NX2:3]~[*:4]	-0.00435252	25.1472	-	-	-	-	G
C05113327      none	B	[O:1]=[CX3:2]!@[NX3H1:3][!#1:4]	0.00759356	63.7893	-	-	-	-	G
C05113327      none	B	[$(C=O):1][NX3H1:2]!@[CX4H1:3][H:4]	-30.0067	6.97413	-	-	-	-	G
C05113327      none	B	[OX2:1][CX4:2]!@[CX4:3][N:4]	60.0011	15.2809	-	-	-	-	G
C05113327      none	B	[O:1]=[C:2]([O-])!@[CX4H1:3][H:4]	0.00732591	0.495663	-	-	-	-	O
C20259713      none	B	[NH1:1][CX4:2]!@[CX3:3]=[O:4]	-149.995	4.5183	-	-	-	-	G
C20259713      none	B	[$(C=O):1][NX3H1:2]!@[CX4H0:3][C:4]	180	11.3993	-	-	-	-	G
C20259713      none	B	[O:1]=[CX3:2]!@[NX3H1:3][!#1:4]	0.0021196	63.7893	-	-	-	-	G
C20259713      none	B	[NH1:1][CX4:2]!@[CX3:3]=[O:4]	-63.1432	1.73074	-	-	-	-	O
C40551730      none	B	[CX4:1][CX4H2:2]!@[NX3;"N_lp":3][CX4:4]	79.9973	8.72362	-	-	-	-	G
C40551730      none	B	[!#1:1][CX4H2:2]!@[CX4H2:3][!#1:4]	60.0009	3.99483	-	-	-	-	G
C40551730      none	B	[$([CX3]=O):1][NX3H1:2]!@[CX4H2:3][C:4] 	60.0028	1.1846	-	-	-	-	G
C40551730      none	B	[O:1]=[CX3:2]([$([NX3H1]C)])!@[NX3H1:3][!#1:4]	0.00407081	41.1343	-	-	-	-	G
C40551730      none	B	[O:1]=[CX3:2]([$([NX3H1]C)])!@[NX3H1:3][!#1:4]	-0.00931235	41.1343	-	-	-	-	G
C40551730      none	B	[$([CX3]=O):1][NX3H1:2]!@[CX4H2:3][C:4] 	89.9973	7.35439	-	-	-	-	G
C40551730      none	B	[!#1:1][CX4H2:2]!@[CX4H2:3][!#1:4]	180	58.554	-	-	-	-	G
C40551730      none	B	[C:1][CX4H2:2]!@[CX3:3]=[O:4]	120.016	0.695249	-	-	-	-	R
C37961716      none	B	[a:1][c:2]!@[NX3H1:3][$([CX4r]([C;r])([C;r])):4]	-89.9966	0	-	-	-	-	R
C37961716      none	B	[!#1:1][CX4:2]!@[NX3:3][!#1:4]	-119.534	2.54102	-	-	-	-	G
C37961716      none	B	[NH1:1][CX4:2]!@[CX3:3]=[O:4]	89.9994	0.183795	-	-	-	-	R
C41036420      none	B	[NH1:1][CX4:2]!@[CX3:3]=[O:4]	-119.998	0.275693	-	-	-	-	G
C41036420      none	B	[$(C=O):1][NX3H1:2]!@[CX4H0:3][C:4]	-60.004	14.7253	-	-	-	-	G
C41036420      none	B	[O:1]=[CX3:2]!@[NX3H1:3][!#1:4]	-0.000408833	63.7893	-	-	-	-	G
C41036420      none	B	[O:1]=[CX3:2]!@[NX3H0:3][!#1:4]	-30.0025	0.692521	-	-	-	-	O
C41036420      none	B	[$([CX3]=O):1][NX3H0:2](C)!@[CX4H2:3][C:4]	-59.9958	0.686106	-	-	-	-	O
C41036420      none	B	[$([CX3]=O):1][NX3H0:2](C)!@[CX4H2:3][C:4]	-120.002	2.31561	-	-	-	-	O
C41036420      none	B	[OX2:1][CX4H2:2]!@[CX4H2:3][N:4]	-59.9979	16.5981	-	-	-	-	G
C41036420      none	B	[OX2:1][CX4H2:2]!@[CX4H2:3][N:4]	59.9963	17.6955	-	-	-	-	G
C06357258      none	B	[$(C=O):1][NX3H0:2]!@[CX4H0:3][C:4]	-179.707	10.4054	-	-	-	-	G
C06357258      none	B	[a:1][c:2]!@[CX4H1:3][N,O:4]	35.0489	4.12015	-	-	-	-	G
C06357258      none	B	[!#1:1][CX4:2]!@[CX4:3][!#1:4]	80.004	1.75235	-	-	-	-	G
C06357258      none	B	[NH1:1][CX4:2]!@[CX3:3]=[O:4]	0.0044883	6.89233	-	-	-	-	G
C06357258      none	B	[C:1][CX4H2:2]!@[CX3:3]=[O:4]	150.002	0.811124	-	-	-	-	R
C40605013      none	B	[!#1:1][CX4:2]!@[CX4:3][!#1:4]	-60.0014	12.2558	-	-	-	-	G
C40605013      none	B	[O:1]=[C:2]([O-])!@[CX4H1:3][H:4]	0.00198711	0.495663	-	-	-	-	O
C40605013      none	B	[$(C=O):1][NX3H1:2]!@[CX4H1:3][H:4]	-0.00267492	8.26772	-	-	-	-	G
C40605013      none	B	[O:1]=[CX3:2]([$([NX3H1]C)])!@[NX3H1:3][!#1:4]	0.00893818	41.1343	-	-	-	-	G
C40605013      none	B	[O:1]=[CX3:2]([$([NX3H1]C)])!@[NX3H1:3][!#1:4]	-0.000861483	41.1343	-	-	-	-	G
C40605013      none	B	[$([CX3]=O):1][NX3H1:2]!@[CX4H2:3][C:4] 	-120.006	2.61599	-	-	-	-	O
C40605013      none	B	[OX2:1][CX4:2]!@[CX4:3][N:4]	40.1348	1.66292	-	-	-	-	G
C13030284      none	B	[aH1:1][c:2]([aH1])!@[SX4:3][!#1:4]	69.9983	5.04089	-	-	-	-	G
C13030284      none	B	[c:1][$(S(=O)=O):2]!@[NX3H0:3][C:4]	-89.9977	4.66945	-	-	-	-	G
C13030284      none	B	[$(S(=O)(=O)):1][NX3H0:2]!@[CX4H2:3][!#1:4]	90.0011	6.68103	-	-	-	-	G
C13030284      none	B	[$(S(=O)(=O)):1][NX3H0:2]!@[CX4H1:3][H:4]	-60.0012	1	-	-	-	-	R
C13030284      none	B	[N:1][CX4:2]!@[CX3:3]=[O:4]	-119.994	0.897291	-	-	-	-	G
C07787396      none	B	[*:1]~[CX3:2]!@[cX3:3]~[*:4]	-29.6937	2.32371	-	-	-	-	O
C07787396      none	B	[C:1][CX4:2]!@[CX3:3][C:4]	-58.0798	7.51364	-	-	-	-	G
C43965017      none	B	[OH1:1][CX4:2]!@[CX3:3]=[O:4]	148.061	1.19225	-	-	-	-	G
C43965017      none	B	[OH1:1][CX4:2]!@[CX3:3]=[O:4]	29.9956	1.63934	-	-	-	-	G
CHEMBL28472      none	B	[CX3:1]=[CX3:2]!@[CH2:3][C:4]	89.9964	6.55348	-	-	-	-	G
CHEMBL28472      none	B	[!#1:1][CX4:2]!@[CX4:3][!#1:4]	160.007	1.81259	-	-	-	-	G
CHEMBL28472      none	B	[O:1]=[C:2]([O-])!@[CX4H1:3][H:4]	-0.000574908	0.495663	-	-	-	-	O
C40576533      none	B	[OX2:1][CX4:2]!@[CX4:3][N:4]	-162.085	1.21348	-	-	-	-	O
C40576533      none	B	[$(C=O):1][NX3H1:2]!@[CX4H1:3][H:4]	-29.9952	6.97413	-	-	-	-	G
C40576533      none	B	[O:1]=[CX3:2]!@[NX3H1:3][!#1:4]	-0.00537213	63.7893	-	-	-	-	G
C40576533      none	B	[O:1]=[CX3:2]!@[NX3H0:3][!#1:4]	0.305445	25.0866	-	-	-	-	G
C40576533      none	B	[O:1]=[C:2]([O-])!@[CX4H1:3][H:4]	89.9973	0.86741	-	-	-	-	O
C09041623      none	B	[cH1:1][c:2]([cH1])!@[CX3:3]([CX3H0])=[O:4]	-60.0019	0.204918	-	-	-	-	R
C09041623      none	B	[*^2:1]~[C^2:2]([!H])!@[C^2:3]~[*^2:4]	-89.6918	1.27397	-	-	-	-	G
C09041623      none	B	[$(C=O):1][NX3H0:2]!@[c:3]([s,o])[n:4]	-149.661	0	-	-	-	-	R
C09041623      none	B	[a:1][c:2]!@[CX4H1:3][N,O:4]	-56.6717	3.48172	-	-	-	-	G
C09041623      none	B	[O-:1][N+:2](=O)!@[c:3]([cH,nX2H0])[cH,nX2H0:4]	179.965	23.2156	-	-	-	-	G
C09041623      none	B	[a:1][a:2]!@[CX3:3]=[O:4]	-30.0015	2.49728	-	-	-	-	G
C09041623      none	B	[O:1]=[C:2]!@[O:3]~[C:4]	0.00695209	74.4927	-	-	-	-	G
C20102907      none	B	[cH1:1][c:2](cO)!@[O:3][C:4]	90.2679	0.310835	-	-	-	-	R
C20102907      none	B	[cH1:1][a:2]([cH1])!@[a:3]([cH0])[cH0:4]	-89.9998	5.43347	-	-	-	-	G
C20102907      none	B	[cH1:1][c:2](cO)!@[O:3][C:4]	90.2153	0.310835	-	-	-	-	R
C20102907      none	B	[cH1:1][c:2]([cH1])!@[C:3]([NH1,NH2])=[O:4]	-26.9861	8.39053	-	-	-	-	G
C20102907      none	B	[O:1]=[CX3:2]!@[NX3H1:3][!#1:4]	0.00383439	63.7893	-	-	-	-	G
C20102907      none	B	[$([CX3]=O):1][NX3H1:2]!@[CX4H2:3][C:4] 	149.996	1.43139	-	-	-	-	O
C20102907      none	B	[!#1:1][CX4H2:2]!@[CX4H2:3][!#1:4]	-59.9965	3.77933	-	-	-	-	G
C20102907      none	B	[!#1:1][CX4H2:2]!@[CX4H2:3][!#1:4]	179.998	58.554	-	-	-	-	G
C20102907      none	B	[CX4:1][CX4H2:2]!@[NX3;"N_lp":3][CX4:4]	-76.3659	8.1206	-	-	-	-	G
C50200479      none	B	[H:1][CX4H1:2]!@[SX4:3][!#1:4]	167.962	2.18509	-	-	-	-	O
C50200479      none	B	[C:1][$(S(=O)=O):2]!@[NX3H1:3][C:4]	106.097	6.12245	-	-	-	-	O
C50200479      none	B	[$(S(=O)(=O)):1][NX3H1:2]!@[CX4H2:3][!#1:4]	-149.998	7.72532	-	-	-	-	G
C50200479      none	B	[!#1:1][CX4H2:2]!@[CX4H2:3][!#1:4]	179.999	58.554	-	-	-	-	G
C50200479      none	B	[!#1:1][CX4:2]!@[SX4:3][!#1:4]	-72.2606	7.22105	-	-	-	-	G
C06756557      none	B	[aH1:1][c:2]([aH1])!@[SX4:3][!#1:4]	90.0046	12.916	-	-	-	-	G
C06756557      none	B	[!#1:1][$(S(=O)=O):2]!@[nX3:3][aH0:4]	-0.308873	0	-	-	-	-	R
C41992144      none	B	[cH1:1][c:2]([cH1])!@[CX4H2:3][CX4:4]	90.0025	11.713	-	-	-	-	G
C41992144      none	B	[a:1][c:2]!@[CX4H0:3][CX3:4]	-0.0025349	2.04487	-	-	-	-	G
C41992144      none	B	[!#1:1][CX4:2]!@[CX4:3][!#1:4]	-59.9963	12.2558	-	-	-	-	G
C41992144      none	B	[c:1][CX4:2]!@[CX3:3]=[O:4]	90.0055	4.7217	-	-	-	-	G
C41992144      none	B	[!#1:1][CX4:2]!@[SX2:3][!#1:4]	180	11.1654	-	-	-	-	G
C41992144      none	B	[aH0:1][c:2]([aH0])!@[SX2:3][!#1:4]	89.9971	3.2491	-	-	-	-	G
C64098141      none	B	[!#1:1][CX4:2]!@[CX4:3][!#1:4]	160.001	1.81259	-	-	-	-	G
C64098141      none	B	[$(C=O):1][NX3H1:2]!@[CX4H1:3][H:4]	180	0.712411	-	-	-	-	R
C64098141      none	B	[!#1:1][CX4H2:2]!@[CX4H2:3][!#1:4]	179.998	58.554	-	-	-	-	G
C64098141      none	B	[!#1:1][CX4:2]!@[CX4:3][!#1:4]	64.5861	12.3771	-	-	-	-	G
C64098141      none	B	[O:1]=[CX3:2]!@[NX3H1:3][!#1:4]	0.0056799	63.7893	-	-	-	-	G
C64098141      none	B	[cH1:1][c:2]([cH1])!@[C:3]([NH1,NH2])=[O:4]	-26.996	8.39053	-	-	-	-	G
C22959360      none	B	[$(S(=O)(=O)):1][NH0:2]!@[c:3]([cH1])[cH1:4]	-90.0272	17.7686	-	-	-	-	G
C22959360      none	B	[c:1][S:2](=O)(=O)!@[NX2H0-:3]-[*:4]	-59.9964	11.1111	-	-	-	-	G
C22959360      none	B	[aH0:1][c:2]([aH1])!@[SX4:3][!#1:4]	-110.271	1.0568	-	-	-	-	O
C22959360      none	B	[cH1:1][c:2]([cH1])!@[CX3:3]=[O:4]	-0.00208411	14.2319	-	-	-	-	G
C22959360      none	B	[cH0:1][c:2]([cH1])!@[CX3:3]=[O:4]	89.9924	0.524246	-	-	-	-	R
C22959360      none	B	[O:1]=[C:2]!@[O:3]~[C:4]	0.0112513	74.4927	-	-	-	-	G
C22959360      none	B	[O:1]=[C:2]!@[O:3]~[C:4]	0.00769302	74.4927	-	-	-	-	G
C45550791      none	B	[c:1][c:2](c)!@[O:3][$(C([F])([F])[F]):4]	-90.0001	16.129	-	-	-	-	G
C45550791      none	B	[$(S(=O)(=O)):1][NH0:2]!@[c:3]([cH1])[cH0:4]	60.0089	0	-	-	-	-	R
C45550791      none	B	[c:1][S:2](=O)(=O)!@[NX2H0-:3]-[*:4]	89.9917	2.77778	-	-	-	-	G
C45550791      none	B	[aH1:1][c:2]([aH1])!@[SX4:3][!#1:4]	-89.7296	12.5987	-	-	-	-	G
C45550791      none	B	[cH1:1][c:2]([cH1])!@[C:3]([NH1,NH2])=[O:4]	180	3.89499	-	-	-	-	G
C62100875      none	B	[$(C=O):1][NX3H1:2]!@[CX4H1:3][H:4]	180	0.712411	-	-	-	-	R
C62100875      none	B	[O:1]=[C:2]([O-])!@[CX4H1:3][H:4]	89.9958	0.86741	-	-	-	-	O
C62100875      none	B	[O:1]=[CX3:2]!@[NX3H1:3][!#1:4]	-0.00576799	63.7893	-	-	-	-	G
C62100875      none	B	[O:1]=[CX3:2]!@[NX3H0:3][!#1:4]	150.285	1.73707	-	-	-	-	O
C22059008      none	B	[OX2:1][CX4:2]!@[CX4:3][OX2:4]	81.5443	2.87509	-	-	-	-	O
C52786802      none	B	[C:1][CH2:2]!@[O:3][CX4:4]	160	5.67469	-	-	-	-	G
C52786802      none	B	[!#1:1][CX4H2:2]!@[CX4H2:3][!#1:4]	-60.007	3.77933	-	-	-	-	G
C52786802      none	B	[!#1:1][CX4:2]!@[CX4:3][!#1:4]	-79.9961	1.71775	-	-	-	-	G
C52786802      none	B	[O:1]=[C:2]([O-])!@[CX4H1:3][H:4]	0.00546347	0.495663	-	-	-	-	O
C52786802      none	B	[$(C=O):1][NX3H1:2]!@[CX4H1:3][H:4]	0.00854688	8.26772	-	-	-	-	G
C52786802      none	B	[O:1]=[CX3:2]([$([NX3H1]C)])!@[NX3H1:3][!#1:4]	-0.00782719	41.1343	-	-	-	-	G
C52786802      none	B	[O:1]=[CX3:2]([$([NX3H1]C)])!@[NX3H1:3][!#1:4]	0.0042024	41.1343	-	-	-	-	G
C52786802      none	B	[$(C=O):1][NX3H1:2]!@[CX4H1:3][H:4]	-59.9973	1.23735	-	-	-	-	G
C37450322      none	B	[aH0:1][c:2]([aH0])!@[SX2:3][!#1:4]	90.0051	3.2491	-	-	-	-	G
C37450322      none	B	[cH0:1][c:2]([cH1])!@[CX3:3]([NX3H1])=[O:4]	-59.998	2.698	-	-	-	-	G
C37450322      none	B	[O:1]=[CX3:2]!@[NX3H1:3][!#1:4]	0.000702467	63.7893	-	-	-	-	G
C37450322      none	B	[$(C=O):1][NX3H1:2]!@[CX4H1:3][H:4]	30.0013	9.46757	-	-	-	-	G
C37450322      none	B	[!#1:1][CX4:2]!@[CX4:3][!#1:4]	-160.003	1.85018	-	-	-	-	G
C37450322      none	B	[O:1]=[C:2]([O-])!@[CX4H1:3][H:4]	-0.0110131	0.495663	-	-	-	-	O
C37450322      none	B	[C:1][CX4H2:2]!@[CX3:3]=[O:4]	-89.9959	1.15875	-	-	-	-	O
C37453560      none	B	[cH1:1][c:2]([cH1])!@[C:3]([NH1,NH2])=[O:4]	27.0196	8.08167	-	-	-	-	G
C37453560      none	B	[O:1]=[CX3:2]!@[NX3H1:3][!#1:4]	0.00348907	63.7893	-	-	-	-	G
C37453560      none	B	[$(C=O):1][NX3H1:2]!@[CX4H0:3][C:4]	179.998	11.3993	-	-	-	-	G
C37453560      none	B	[NH1:1][CX4:2]!@[CX3:3]=[O:4]	90.0012	0.183795	-	-	-	-	R
C49540022      none	B	[a:1][c:2]!@[CX4H2:3][!#1:4]	134.997	1.8443	-	-	-	-	O
C49540022      none	B	[$(C=O):1][NX3H1:2]!@[CX4H2:3][$([c]([cH,nX2H0])[cH,nX2H0]):4]	-150.002	1.01266	-	-	-	-	G
C49540022      none	B	[O:1]=[CX3:2]([$([NX3H1]C)])!@[NX3H1:3][!#1:4]	0.00936678	41.1343	-	-	-	-	G
C49540022      none	B	[O:1]=[CX3:2]([$([NX3H1]C)])!@[NX3H1:3][!#1:4]	179.992	9.5176	-	-	-	-	R
C49540022      none	B	[$(C=O):1][NX3H1:2]!@[CX4H1:3][H:4]	30.0131	9.46757	-	-	-	-	G
C49540022      none	B	[!#1:1][CX4:2]!@[CX4:3][!#1:4]	-160	1.85018	-	-	-	-	G
C49540022      none	B	[C:1][CX4H2:2]!@[CX3:3]=[O:4]	120.008	0.695249	-	-	-	-	O
C45111214      none	B	[!#1:1][CX4H2:2]!@[CX4H2:3][!#1:4]	-60.0003	3.77933	-	-	-	-	G
C45111214      none	B	[!#1:1][CX4H2:2]!@[CX4H2:3][!#1:4]	-59.9997	3.77933	-	-	-	-	G
C45111214      none	B	[C:1][CH2:2]!@[O:3][CX4:4]	-79.9937	1.18773	-	-	-	-	G
C45111214      none	B	[C:1][CH2:2]!@[O:3][CX4:4]	-80.0096	1.18773	-	-	-	-	G
C45111214      none	B	[OX2:1][CX4H2:2]!@[CX4H2:3][N:4]	179.999	8.36763	-	-	-	-	G
C45111214      none	B	[$([CX3]=O):1][NX3H1:2]!@[CX4H2:3][C:4] 	-119.997	2.61599	-	-	-	-	O
C45111214      none	B	[O:1]=[CX3:2]([$([NX3H1]C)])!@[NX3H1:3][!#1:4]	0.00400655	41.1343	-	-	-	-	G
C45111214      none	B	[O:1]=[CX3:2]([$([NX3H1]C)])!@[NX3H1:3][!#1:4]	-0.00359799	41.1343	-	-	-	-	G
C45111214      none	B	[$(C=O):1][NX3H1:2]!@[CX4H0:3][C:4]	-60.0043	14.7253	-	-	-	-	G
C45111214      none	B	[NH1:1][CX4:2]!@[CX3:3]=[O:4]	90.0081	0.183795	-	-	-	-	R
C05372149      none	B	[H:1][CX4H1:2]!@[OX2:3][!#1:4]	-159.878	0.015086	-	-	-	-	R
C05372149      none	B	[*:1]~[OX2:2]!@[SX4:3]~[*:4]	-40.0052	4.33662	-	-	-	-	G
C39481050      none	B	[$(S(=O)(=O)):1][NH1:2]!@[c:3]([cH1])[cH0:4]	119.977	6.08365	-	-	-	-	G
C39481050      none	B	[cH0:1][c:2]([cH,nX2H0])!@[NX3H0:3][CX4:4]	60.2852	3.25838	-	-	-	-	G
C39481050      none	B	[H:1][CX4H1:2]!@[SX4:3][!#1:4]	-54.7221	11.8252	-	-	-	-	G
C39481050      none	B	[H:1][CX4H1:2]!@[SX4:3][!#1:4]	-60.0012	12.2108	-	-	-	-	G
C39481050      none	B	[*:1][$(S(=O)=O):2]!@[NX3H1:3][*:4]	-60.0004	9.96512	-	-	-	-	G
C39481050      none	B	[*:1]~[*^3:2]!@[*^3:3]~[*:4]	176.019	18.404	-	-	-	-	G
C39481050      none	B	[H:1][CX4H1:2]!@[SX4:3][!#1:4]	-40.0029	7.45501	-	-	-	-	G
C43510675      none	B	[!#1:1][CX4:2]!@[CX4:3][!#1:4]	59.9972	12.3771	-	-	-	-	G
C43510675      none	B	[NH1:1][CX4:2]!@[CX3:3]=[O:4]	0.0071536	6.89233	-	-	-	-	G
C43510675      none	B	[$(C=O):1][NX3H1:2]!@[CX4H1:3][H:4]	0.00459174	8.26772	-	-	-	-	G
C43510675      none	B	[O:1]=[CX3:2]!@[NX3H1:3][!#1:4]	0.000488607	63.7893	-	-	-	-	G
C43510675      none	B	[$(C=O):1][NX3H1:2]!@[CX4H0:3][C:4]	-66.1504	8.17582	-	-	-	-	G
C43510675      none	B	[NH1:1][CX4:2]!@[CX3:3]=[O:4]	89.9956	0.183795	-	-	-	-	R
C43510675      none	B	[O:1]=[CX3:2]!@[NX3H1:3][!#1:4]	-0.00177593	63.7893	-	-	-	-	G
C19426598      none	B	[cH0:1][c:2]([cH1])!@[CX3:3]([NX3H0])=[O:4]	119.973	3.63636	-	-	-	-	G
C19426598      none	B	[O:1]=[CX3:2](a)!@[NX3H0:3][!#1:4]	0.309034	23.6549	-	-	-	-	G
C19426598      none	B	[O:1]=[C:2]([O-])!@[CX4H1:3][H:4]	89.9969	0.86741	-	-	-	-	O
C19981750      none	B	[$(C=O):1][NX3:2]!@[a:3][aH0:4]	150.261	1.842	-	-	-	-	O
C19981750      none	B	[O:1]=[CX3:2]!@[NX3H1:3][!#1:4]	59.9996	0	-	-	-	-	R
C19981750      none	B	[O:1]=[CX3:2]!@[NX3H0:3][!#1:4]	0.28503	25.0866	-	-	-	-	G
C19981750      none	B	[O:1]=[C:2]([O-])!@[CX4H1:3][H:4]	90.0012	0.86741	-	-	-	-	O
C11891481      none	B	[aH1:1][c:2]([aH1])!@[SX4:3][!#1:4]	29.9972	0.225606	-	-	-	-	R
C11891481      none	B	[*:1][$(S(=O)=O):2]!@[NX3H0r:3][*:4]	60.2816	7.32227	-	-	-	-	G
C11891481      none	B	[O:1]=[C:2]([O-])!@[CX4H1:3][H:4]	-0.0116363	0.495663	-	-	-	-	O
C22779508      none	B	[cH1,nX2H0:1][c:2]([cH1,nX2H0])!@[NX3r:3][*:4]	30.2835	2.135	-	-	-	-	O
C43511494      none	B	[aH1:1][c:2]([aH1])!@[SX4:3][!#1:4]	-89.9974	12.5987	-	-	-	-	G
C43511494      none	B	[a:1][c:2]!@[C:3]([NH1,NH2])=[O:4]	89.9962	0.308642	-	-	-	-	O
C43511494      none	B	[c:1][$(S(=O)=O):2]!@[NX3H1:3][C:4]	146.999	0	-	-	-	-	R
C43511494      none	B	[!#1:1][CX4:2]!@[NX3:3][!#1:4]	66.8408	6.5355	-	-	-	-	G
C43511494      none	B	[NH1:1][CX4:2]!@[CX3:3]=[O:4]	0.00559347	6.89233	-	-	-	-	G
C11891423      none	B	[a:1][c:2]!@[C:3]([NH0])=[O:4]	60.0087	3.02778	-	-	-	-	G
C11891423      none	B	[O:1]=[CX3:2](a)!@[NX3H0:3][!#1:4]	-149.718	2.19542	-	-	-	-	O
C11891423      none	B	[O:1]=[C:2]([O-])!@[CX4H1:3][H:4]	89.9976	0.86741	-	-	-	-	O
C40537596      none	B	[!#1:1][CX4:2]!@[CX4:3][!#1:4]	68.6278	7.06239	-	-	-	-	G
C40537596      none	B	[NH1:1][CX4:2]!@[CX3:3]=[O:4]	119.996	0.41354	-	-	-	-	G
C40537596      none	B	[$(C=O):1][NX3H1:2]!@[CX4H0:3][C:4]	60.0059	13.3187	-	-	-	-	G
C40537596      none	B	[O:1]=[CX3:2]([$([NX3H1]C)])!@[NX3H1:3][!#1:4]	-0.00263221	41.1343	-	-	-	-	G
C40537596      none	B	[O:1]=[CX3:2]([$([NX3H1]C)])!@[NX3H1:3][!#1:4]	-0.00274586	41.1343	-	-	-	-	G
C40537596      none	B	[$([CX3]=O):1][NX3H1:2]!@[CX4H2:3][C:4] 	-149.999	1.7769	-	-	-	-	O
C40537596      none	B	[!#1:1][CX4H2:2]!@[CX4H2:3][!#1:4]	-60.0032	3.77933	-	-	-	-	G
C40537596      none	B	[cH0:1][c:2]!@[CX4H2:3][CX4:4]	135	0.329114	-	-	-	-	R
C62868479      none	B	[C:1][CX4:2]!@[CX3:3]=[O:4]	90.0063	3.65147	-	-	-	-	G
C62868479      none	B	[O:1]=[CX3:2]!@[NX3H0:3][!#1:4]	29.9996	0.680979	-	-	-	-	O
C62868479      none	B	[!#1:1][CX4H2:2]!@[CX3:3]=[O:4]	-89.9992	1.11373	-	-	-	-	G
C62868479      none	B	[!#1:1][CH2:2]!@[n:3][a:4]	-134.68	0.908865	-	-	-	-	O
C19503204      none	B	[cH1:1][c:2]([cH1])!@[C:3]([NH1,NH2])=[O:4]	-26.9831	8.39053	-	-	-	-	G
C19503204      none	B	[O:1]=[CX3:2]!@[NX3H1:3][!#1:4]	-0.00558191	63.7893	-	-	-	-	G
C19503204      none	B	[$(C=O):1][NX3H1:2]!@[CX4H0:3][C:4]	-60.0019	14.7253	-	-	-	-	G
C19503204      none	B	[NH1:1][CX4:2]!@[CX3:3]=[O:4]	90	0.183795	-	-	-	-	R
C33813874      none	B	[a:1][a:2]!@[CX3:3]=[O:4]	-89.9925	0.672614	-	-	-	-	R
C33813874      none	B	[*^2:1]~[C^2:2]([!H])!@[C^2:3]~[*^2:4]	-149.685	1.11601	-	-	-	-	O
C33813874      none	B	[$(C=O):1][NX3H0:2]!@[c:3]([s,o])[n:4]	0.324634	0	-	-	-	-	G
C33813874      none	B	[a:1][c:2]!@[CX4H1:3][N,O:4]	153.377	3.7643	-	-	-	-	G
C33813874      none	B	[cH1:1][c:2](cO)!@[O:3][C:4]	90.0147	0.310835	-	-	-	-	R
C33813874      none	B	[$(cO):1][c:2](cO)!@[O:3][C:4]	-89.9549	10.3565	-	-	-	-	G
C33813874      none	B	[cH1:1][c:2](cO)!@[O:3][C:4]	0.239023	49.3635	-	-	-	-	G
C12664446      none	B	[OX2:1][CX4:2]!@[CX4:3][N:4]	39.9977	1.66292	-	-	-	-	G
C12664446      none	B	[O:1]=[C:2]([O-])!@[CX4H1:3][H:4]	0.00538858	0.495663	-	-	-	-	O
C12664446      none	B	[$(C=O):1][NX3H1:2]!@[CX4H1:3][H:4]	29.9987	9.46757	-	-	-	-	G
C12664446      none	B	[O:1]=[CX3:2]!@[NX3H1:3][!#1:4]	0.00135583	63.7893	-	-	-	-	G
C12664446      none	B	[NH1:1][CX4:2]!@[CX3:3]=[O:4]	-150.008	4.5183	-	-	-	-	G
C12664446      none	B	[!#1:1][CX4:2]!@[CX4:3][!#1:4]	180	22.1548	-	-	-	-	G
C12664446      none	B	[$(C=O):1][NX3H1:2]!@[CX4H1:3][H:4]	29.9969	9.46757	-	-	-	-	G
C12664446      none	B	[O:1]=[CX3:2]!@[NX3H1:3][!#1:4]	0.00668527	63.7893	-	-	-	-	G
C12664446      none	B	[O:1]=[C:2]!@[NX3H0:3]([a:4])[A]	-150.313	3.17023	-	-	-	-	G
C44975930      none	B	[!#1:1][CX4:2]!@[CX4:3][!#1:4]	68.6131	7.06239	-	-	-	-	G
C44975930      none	B	[NH1:1][CX4:2]!@[CX3:3]=[O:4]	-120.007	0.275693	-	-	-	-	G
C44975930      none	B	[$(C=O):1][NX3H1:2]!@[CX4H0:3][C:4]	-60.0023	14.7253	-	-	-	-	G
C44975930      none	B	[O:1]=[CX3:2]([$([NX3H1]C)])!@[NX3H1:3][!#1:4]	-0.00155824	41.1343	-	-	-	-	G
C44975930      none	B	[O:1]=[CX3:2]([$([NX3H1]C)])!@[NX3H1:3][!#1:4]	0.00108391	41.1343	-	-	-	-	G
C44975930      none	B	[$([CX3]=O):1][NX3H1:2]!@[CX4H2:3][C:4] 	-150.001	1.7769	-	-	-	-	O
C44975930      none	B	[!#1:1][CX4:2]!@[CX4:3][!#1:4]	40.13	0.998355	-	-	-	-	G
C50421673      none	B	[a:1][c:2]!@[CX4H1:3][N,O:4]	89.9951	1.22453	-	-	-	-	G
C50421673      none	B	[$(C=O):1][NX3H1:2]!@[CX4H1:3][H:4]	29.9999	9.46757	-	-	-	-	G
C50421673      none	B	[O:1]=[CX3:2]!@[NX3H1:3][!#1:4]	-0.00386871	63.7893	-	-	-	-	G
C50421673      none	B	[O:1]=[CX3:2]!@[NX3H0:3][!#1:4]	0.31702	25.0866	-	-	-	-	G
C50421673      none	B	[O:1]=[C:2]([O-])!@[CX4H1:3][H:4]	90.0028	0.86741	-	-	-	-	O
C40119449      none	B	[a:1][c:2]!@[C:3]([NH0])=[O:4]	30.0044	2.13889	-	-	-	-	G
C40119449      none	B	[O:1]=[CX3:2](a)!@[NX3H0:3][!#1:4]	30.2752	0.896722	-	-	-	-	R
C40119449      none	B	[*:1][$(S(=O)=O):2]!@[NX3H0r:3][*:4]	119.998	1.23223	-	-	-	-	G
C40119449      none	B	[aH0:1][c:2]([aH1])!@[SX4:3][!#1:4]	89.9903	4.49141	-	-	-	-	G
C41048263      none	B	[!#1:1][CH2:2]!@[n:3][a:4]	90.0013	13.2097	-	-	-	-	G
C41048263      none	B	[!#1:1][CX4H2:2]!@[CX3:3]=[O:4]	-30.0001	3.82256	-	-	-	-	G
C41048263      none	B	[O:1]=[C:2]!@[O:3]~[C:4]	-59.9964	0.0117156	-	-	-	-	R
C41048263      none	B	[$(C=O):1][O:2]!@[CH2:3]~[C:4]	-150.002	2.4514	-	-	-	-	G
C41048263      none	B	[O:1][CX4:2]!@[CX3:3]=[O:4]	-120.012	1.11962	-	-	-	-	O
C39927255      none	B	[*:1]~[NX2:2]!@[NX2:3]~[*:4]	59.9954	0.0449035	-	-	-	-	R
C39927255      none	B	[*:1]~[CX3:2]!@[NX2:3]~[*:4]	-149.732	0.198853	-	-	-	-	O
C48761048      none	B	[H:1][CX4H1:2]!@[OX2:3][!#1:4]	-29.999	9.1924	-	-	-	-	G
C48761048      none	B	[cH1,n:1][c:2]!@[O:3][CH1:4]	-90.2706	0.38835	-	-	-	-	R
C48761048      none	B	[$(S(=O)(=O)):1][NH0:2]!@[c:3]([cH1])[cH0:4]	149.995	0	-	-	-	-	R
C48761048      none	B	[c:1][S:2](=O)(=O)!@[NX2H0-:3]-[*:4]	-59.9966	11.1111	-	-	-	-	G
C48761048      none	B	[aH0:1][c:2]([aH1])!@[SX4:3][!#1:4]	89.6734	4.49141	-	-	-	-	G
C33928424      none	B	[cH1:1][c:2]([cH1])!@[O:3][c:4]	90.0256	3.67985	-	-	-	-	G
C33928424      none	B	[cH1:1][c:2]([cH1])!@[O:3][c:4]	135.232	1.83993	-	-	-	-	G
C33928424      none	B	[a:1][c:2]!@[CX4H1:3][N,O:4]	146.923	3.7643	-	-	-	-	G
C33928424      none	B	[$([CX3]=O):1][NX3H0:2](C)!@[CX4H2:3][C:4]	90.0005	14.7513	-	-	-	-	G
C33928424      none	B	[OX2:1][CX4H2:2]!@[CX4H2:3][Nr:4]	-60.0039	16.6667	-	-	-	-	G
C33928424      none	B	[!#1:1][CX4:2]!@[CX4:3][!#1:4]	-59.9974	12.2558	-	-	-	-	G
C33928424      none	B	[N:1][CX4:2]!@[CX3:3]=[O:4]	-25.2939	5.37503	-	-	-	-	G
C33928424      none	B	[C:1][CX4H2:2]!@[CX3:3]=[O:4]	120.005	0.695249	-	-	-	-	O
C45271454      none	B	[CX4:1][CX4H2:2]!@[NX3;"N_lp":3][CX4:4]	79.9987	8.72362	-	-	-	-	G
C45271454      none	B	[!#1:1][CX4H2:2]!@[CX4H2:3][!#1:4]	180	58.554	-	-	-	-	G
C45271454      none	B	[!#1:1][CX4:2]!@[CX4:3][!#1:4]	-159.997	1.85018	-	-	-	-	G
C45271454      none	B	[N:1][CX4:2]!@[CX3:3]=[O:4]	-29.9937	5.37503	-	-	-	-	G
C52787466      none	B	[C:1][CH2:2]!@[O:3][CX4:4]	180	35.2689	-	-	-	-	G
C52787466      none	B	[!#1:1][CX4H2:2]!@[CX4H2:3][!#1:4]	179.994	58.554	-	-	-	-	G
C52787466      none	B	[!#1:1][CX4:2]!@[CX4:3][!#1:4]	-79.9941	1.71775	-	-	-	-	G
C52787466      none	B	[O:1]=[C:2]([O-])!@[CX4H1:3][H:4]	90.0006	0.86741	-	-	-	-	O
C52787466      none	B	[$(C=O):1][NX3H1:2]!@[CX4H1:3][H:4]	30.0054	9.46757	-	-	-	-	G
C52787466      none	B	[O:1]=[CX3:2]!@[NX3H1:3][!#1:4]	0.000778266	63.7893	-	-	-	-	G
C52787466      none	B	[O:1]=[CX3:2]!@[NX3H0:3][!#1:4]	30.3203	0.680979	-	-	-	-	O
C52787466      none	B	[OX2:1][CX4:2]!@[CX4:3][N:4]	-80.004	3.59551	-	-	-	-	G
C41115201      none	B	[a:1][c:2]!@[C:3]([NH1,NH2])=[O:4]	59.9924	0.626362	-	-	-	-	G
C41115201      none	B	[O:1]=[CX3:2]!@[NX3H1:3][!#1:4]	0.00295424	63.7893	-	-	-	-	G
C41115201      none	B	[$([C](=O)):1][NX3H1:2]!@[$([a]([nH0,o])):3][cH1:4]	30.2691	2.36559	-	-	-	-	R
C41115201      none	B	[O:1]=[C:2]([O-])!@[c:3]([cH1])[cH1:4]	179.98	7.35294	-	-	-	-	G
C44975781      none	B	[!#1:1][CX4:2]!@[SX2:3][!#1:4]	79.9991	6.41197	-	-	-	-	G
C44975781      none	B	[!#1:1][CX4H2:2]!@[CX4H2:3][!#1:4]	180	58.554	-	-	-	-	G
C44975781      none	B	[!#1:1][CX4:2]!@[CX4:3][!#1:4]	60.0015	12.3771	-	-	-	-	G
C44975781      none	B	[O:1]=[C:2]([O-])!@[CX4H1:3][H:4]	0.00471404	0.495663	-	-	-	-	O
C44975781      none	B	[$(C=O):1][NX3H1:2]!@[CX4H1:3][H:4]	60.0068	6.22422	-	-	-	-	G
C44975781      none	B	[O:1]=[CX3:2]([$([NX3H1]C)])!@[NX3H1:3][!#1:4]	180	9.5176	-	-	-	-	R
C44975781      none	B	[O:1]=[CX3:2]([$([NX3H1]C)])!@[NX3H1:3][!#1:4]	-0.00165725	41.1343	-	-	-	-	G
C44975781      none	B	[$([CX3]=O):1][NX3H1:2]!@[CX4H2:3][C:4] 	-90.0025	7.35439	-	-	-	-	G
C44975781      none	B	[!#1:1][CX4:2]!@[CX4:3][!#1:4]	-160.242	1.85018	-	-	-	-	G
C61121472      none	B	[$(C=O):1][NX3H1:2]!@[c:3]([cH1])[cH1:4]	-90.0237	0.0604108	-	-	-	-	R
C61121472      none	B	[O:1]=[CX3:2]([$([NX3H1]C)])!@[NX3H1:3][!#1:4]	180	9.5176	-	-	-	-	R
C61121472      none	B	[O:1]=[CX3:2]([$([NX3H1]C)])!@[NX3H1:3][!#1:4]	0.00414525	41.1343	-	-	-	-	G
C61121472      none	B	[$([CX3]=O):1][NX3H1:2]!@[CX4H2:3][C:4] 	-90.0004	7.35439	-	-	-	-	G
C61121472      none	B	[!#1:1][CX4H2:2]!@[CX4H2:3][!#1:4]	-60.0042	3.77933	-	-	-	-	G
C61121472      none	B	[!#1:1][CX4H2:2]!@[CX4H2:3][!#1:4]	-59.9989	3.77933	-	-	-	-	G
C61121472      none	B	[C:1][CX4H2:2]!@[CX3:3]=[O:4]	120	0.695249	-	-	-	-	O
C40470526      none	B	[a:1][c:2]!@[C:3]([NH0])=[O:4]	90.0069	2.88889	-	-	-	-	G
C40470526      none	B	[O:1]=[CX3:2](a)!@[NX3H0:3][!#1:4]	-179.692	9.67842	-	-	-	-	G
C40470526      none	B	[O:1]=[C:2]([O-])!@[CX4H1:3][H:4]	0.00612956	0.495663	-	-	-	-	O
C60442388      none	B	[O-:1][N+:2](=O)!@[c:3]([cH0])[cH,nX2H0:4]	90.0158	0.274725	-	-	-	-	O
C60442388      none	B	[aH0:1][c:2]([aH1])!@[SX4:3][!#1:4]	-69.9831	15.3236	-	-	-	-	G
C60442388      none	B	[c:1][S:2](=O)(=O)!@[NX2H0-:3]-[*:4]	-59.999	11.1111	-	-	-	-	G
C60442388      none	B	[$(S(=O)(=O)):1][NH0:2]!@[c:3]([cH1])[cH1:4]	-30.2697	0	-	-	-	-	R
C60442388      none	B	[a:1][ar6:2]!@[ar5:3][a:4]	-149.684	2.77721	-	-	-	-	G
C40551736      none	B	[CX4:1][CX4H2:2]!@[NX3;"N_lp":3][CX4:4]	-79.9897	8.1206	-	-	-	-	G
C40551736      none	B	[!#1:1][CX4H2:2]!@[CX4H2:3][!#1:4]	-60.0085	3.77933	-	-	-	-	G
C40551736      none	B	[$([CX3]=O):1][NX3H1:2]!@[CX4H2:3][C:4] 	90.0064	7.35439	-	-	-	-	G
C40551736      none	B	[O:1]=[CX3:2]!@[NX3H1:3][!#1:4]	0.00378801	63.7893	-	-	-	-	G
C40551736      none	B	[O:1]=[CX3:2]!@[NX3H0:3][!#1:4]	0.301092	25.0866	-	-	-	-	G
C40551736      none	B	[O:1]=[C:2]([O-])!@[CX4H1:3][H:4]	-0.00681666	0.495663	-	-	-	-	O
C40548588      none	B	[!#1:1][CX4:2]!@[CX4:3][!#1:4]	59.9989	12.3771	-	-	-	-	G
C40548588      none	B	[$(C=O):1][NX3H1:2]!@[CX4H1:3][H:4]	30.0066	9.46757	-	-	-	-	G
C40548588      none	B	[O:1]=[CX3:2]!@[NX3H1:3][!#1:4]	0.00241166	63.7893	-	-	-	-	G
C40548588      none	B	[O:1]=[CX3:2]!@[NX3H0:3][!#1:4]	0.30114	25.0866	-	-	-	-	G
C40548588      none	B	[O:1]=[C:2]([O-])!@[CX4H1:3][H:4]	89.9973	0.86741	-	-	-	-	O
C40495076      none	B	[!#1:1][CX4:2]!@[CX4:3][!#1:4]	59.9964	12.3771	-	-	-	-	G
C40495076      none	B	[$([CX3]=O):1][NX3H1:2]!@[CX4H2:3][C:4] 	180	6.46594	-	-	-	-	G
C40495076      none	B	[O:1]=[CX3:2]!@[NX3H1:3][!#1:4]	-0.00263163	63.7893	-	-	-	-	G
C40495076      none	B	[O:1]=[CX3:2]!@[NX3H0:3][!#1:4]	30.2788	0.680979	-	-	-	-	O
C40495076      none	B	[O:1]=[C:2]([O-])!@[CX4H1:3][H:4]	89.9918	0.86741	-	-	-	-	O
C64169974      none	B	[!#1:1][CX4:2]!@[CX3H0:3][!#1:4]	-119.997	1.6873	-	-	-	-	O
C64169974      none	B	[!#1:1][CX4:2]!@[SX2:3][!#1:4]	-80.0001	6.01214	-	-	-	-	G
C64169974      none	B	[!#1:1][CX4:2]!@[SX2:3][!#1:4]	159.996	2.91722	-	-	-	-	G
C64169974      none	B	[C:1][CX4:2]!@[CX3:3]=[O:4]	-150	1.18876	-	-	-	-	G
C64169974      none	B	[O:1]=[CX3:2]!@[NX3H1:3][!#1:4]	-0.000593081	63.7893	-	-	-	-	G
C64169974      none	B	[*:1]~[NX3:2]!@[NX3:3]~[*:4]	179.996	7.3164	-	-	-	-	G
C64169974      none	B	[O:1]=[CX3:2]!@[NX3H1:3][!#1:4]	0.00440529	63.7893	-	-	-	-	G
C64169974      none	B	[a:1][c:2]!@[C:3]([NH1,NH2])=[O:4]	150.32	5.34677	-	-	-	-	O
C64169974      none	B	[cH1:1][a:2]([cH1])!@[a:3]([sX2,o,nX2H0,nX3H1:4])([cH1])	0.528365	11.7616	-	-	-	-	G
C35024206      none	B	[!#1:1][CX4:2]!@[CX3H0:3][!#1:4]	120.002	1.81513	-	-	-	-	O
C35024206      none	B	[*:1]~[CX4:2]!@[NX2:3]~[*:4]	-59.9933	3.306	-	-	-	-	G
C35024206      none	B	[!#1:1][CX4:2]!@[CX3H0:3][!#1:4]	150.001	3.04782	-	-	-	-	G
C35024206      none	B	[*:1]~[CX4:2]!@[NX2:3]~[*:4]	-89.9946	1.67903	-	-	-	-	G
C35024206      none	B	[N:1][CX4:2]!@[CX3:3]=[O:4]	-120.014	0.897291	-	-	-	-	G
C44925277      none	B	[a:1][c:2]!@[CX4H1:3][N,O:4]	150.004	3.7643	-	-	-	-	G
C44925277      none	B	[$(C=O):1][NX3H1:2]!@[CX4H1:3][H:4]	30.0067	9.46757	-	-	-	-	G
C44925277      none	B	[O:1]=[CX3:2]!@[NX3H1:3][!#1:4]	-0.00777993	63.7893	-	-	-	-	G
C44925277      none	B	[cH1:1][c:2]([cH1])!@[C:3]([NH1,NH2])=[O:4]	-152.986	8.78518	-	-	-	-	G
C13211200      none	B	[!#1:1][CX4H1:2]!@[NX3:3][!#1:4]	-89.9984	3.22537	-	-	-	-	G
C13211200      none	B	[a:1][c:2]!@[NX3H1:3][$([CX4r]([C;r])([C;r])):4]	30.2784	0.852273	-	-	-	-	O
C13211200      none	B	[cH1:1][c:2]([cH1])!@[C:3]([NH1,NH2])=[O:4]	90.0357	0	-	-	-	-	R
C13211200      none	B	[O-:1][N+:2](=O)!@[c:3]([cH0])[cH,nX2H0:4]	0.25633	12.6374	-	-	-	-	G
C13211200      none	B	[O:1]=[CX3:2]!@[NX3H1:3][!#1:4]	-0.051918	63.7893	-	-	-	-	G
C13211200      none	B	[$([CX3]=O):1][NX3H1:2]!@[CX4H2:3][C:4] 	-179.98	6.46594	-	-	-	-	G
C13211200      none	B	[NH1:1][CX4:2]!@[CX3:3]=[O:4]	120.005	0.41354	-	-	-	-	G
C44975880      none	B	[!#1:1][CX4:2]!@[CX4:3][!#1:4]	60.0058	12.3771	-	-	-	-	G
C44975880      none	B	[!#1:1][CX4:2]!@[CX4:3][!#1:4]	59.9996	12.3771	-	-	-	-	G
C44975880      none	B	[O:1]=[C:2]([O-])!@[CX4H1:3][H:4]	-0.00158365	0.495663	-	-	-	-	O
C44975880      none	B	[$(C=O):1][NX3H1:2]!@[CX4H1:3][H:4]	60.0029	6.22422	-	-	-	-	G
C44975880      none	B	[O:1]=[CX3:2]([$([NX3H1]C)])!@[NX3H1:3][!#1:4]	-0.0184407	41.1343	-	-	-	-	G
C44975880      none	B	[O:1]=[CX3:2]([$([NX3H1]C)])!@[NX3H1:3][!#1:4]	0.0246724	41.1343	-	-	-	-	G
C44975880      none	B	[$([CX3]=O):1][NX3H1:2]!@[CX4H2:3][C:4] 	179.993	6.46594	-	-	-	-	G
C44975880      none	B	[!#1:1][CX4:2]!@[CX4:3][!#1:4]	-59.8781	12.2558	-	-	-	-	G
C33457748      none	B	[$(C=O):1][NX3H0:2]!@[c:3]([cH1])[cH1:4]	0.280107	1.75801	-	-	-	-	G
C33457748      none	B	[O-:1][N+:2](=O)!@[c:3]([cH,nX2H0])[cH,nX2H0:4]	179.971	23.2156	-	-	-	-	G
C33457748      none	B	[a:1][c:2]!@[CX4H1:3][N,O:4]	-157.283	2.96539	-	-	-	-	G
C33457748      none	B	[!#1:1][CX4:2]!@[CX4:3][!#1:4]	60.0033	12.3771	-	-	-	-	G
C33457748      none	B	[NH1:1][CX4:2]!@[CX3:3]=[O:4]	90.0013	0.183795	-	-	-	-	R
C33457748      none	B	[C:1][CX4H2:2]!@[CX3:3]=[O:4]	150.001	0.811124	-	-	-	-	R
C40547523      none	B	[C:1][CX4:2]!@[CX3:3]=[O:4]	29.9232	3.28614	-	-	-	-	G
C40547523      none	B	[O:1]=[CX3:2]!@[NX3H0:3][!#1:4]	-150.001	1.37927	-	-	-	-	O
C40547523      none	B	[O:1]=[CX3:2]!@[NX3H0:3][!#1:4]	-149.674	1.37927	-	-	-	-	O
C40547523      none	B	[O:1]=[C:2]([O-])!@[CX4H1:3][H:4]	-0.00739133	0.495663	-	-	-	-	O
C19428321      none	B	[C:1][CX4:2]!@[CX3:3]=[O:4]	-119.996	3.42432	-	-	-	-	G
C19428321      none	B	[O:1]=[CX3:2]!@[NX3H0:3][!#1:4]	30.3232	0.680979	-	-	-	-	O
C19428321      none	B	[O:1]=[C:2]([O-])!@[CX4H1:3][H:4]	0.00159969	0.495663	-	-	-	-	O
C51040335      none	B	[cH0:1][c:2]([cH,nX2H0])!@[NX3H1:3][CX4:4]	-160.022	4.72103	-	-	-	-	O
C51040335      none	B	[aH1:1][c:2]([aH1])!@[SX4:3][!#1:4]	179.998	0.148054	-	-	-	-	R
C51040335      none	B	[!#1:1][CX4H2:2]!@[NX3H1:3][!#1:4]	180	11.3535	-	-	-	-	G
C51040335      none	B	[NH1:1][CX4:2]!@[CX3:3]=[O:4]	119.989	0.41354	-	-	-	-	G
C40699075      none	B	[*:1]~[CX4:2]!@[n:3]~[*:4]	-30.0004	3.02285	-	-	-	-	G
C40699075      none	B	[O-:1][N+:2](=O)!@[c:3]([cH,nX2H0])[cH,nX2H0:4]	179.953	23.2156	-	-	-	-	G
C40699075      none	B	[a:1][c:2]!@[C:3]([NH1,NH2])=[O:4]	-0.0101577	9.67683	-	-	-	-	G
C40699075      none	B	[O:1]=[CX3:2]!@[NX3H1:3][!#1:4]	0.0122354	63.7893	-	-	-	-	G
C40699075      none	B	[$(C=O):1][NX3H1:2]!@[CX4H1:3][H:4]	-30.009	6.97413	-	-	-	-	G
C40699075      none	B	[!#1:1][CX4:2]!@[CX4:3][!#1:4]	159.997	1.81259	-	-	-	-	G
C40699075      none	B	[O:1]=[C:2]([O-])!@[CX4H1:3][H:4]	89.9937	0.86741	-	-	-	-	O
C40699075      none	B	[!#1:1][CX4H2:2]!@[CX4H2:3][!#1:4]	179.997	58.554	-	-	-	-	G
C36778303      none	B	[!#1:1][CX4:2]!@[CX4:3][!#1:4]	8.61626	0.0551082	-	-	-	-	R
C36778303      none	B	[NH1:1][CX4:2]!@[CX3:3]=[O:4]	-29.9948	4.44172	-	-	-	-	G
C36778303      none	B	[$(C=O):1][NX3H1:2]!@[CX4H0:3][C:4]	180	11.3993	-	-	-	-	G
C36778303      none	B	[O:1]=[CX3:2]!@[NX3H1:3][!#1:4]	0.00154041	63.7893	-	-	-	-	G
C36778303      none	B	[cH1:1][c:2]([cH1])!@[C:3]([NH1,NH2])=[O:4]	-153.007	8.78518	-	-	-	-	G
C09270485      none	B	[a:1][a:2]!@[CX3:3]=[O:4]	59.9949	0.735836	-	-	-	-	O
C09270485      none	B	[*^2:1]~[C^2:2]([!H])!@[C^2:3]~[*^2:4]	-119.694	0.661024	-	-	-	-	G
C09270485      none	B	[$([CX3]=O):1][NX3H0:2](C)!@[CX4H2:3][C:4]	119.999	2.74443	-	-	-	-	O
C09270485      none	B	[a:1][c:2]!@[CX4H1:3][N,O:4]	-56.6657	3.48172	-	-	-	-	G
C09270485      none	B	[cH1:1][c:2]([cH1])!@[CX3:3]=[O:4]	180	13.4921	-	-	-	-	G
C09270485      none	B	[O:1]=[C:2]!@[O:3]~[C:4]	0.00147754	74.4927	-	-	-	-	G
C09270485      none	B	[!#1:1][CX4H2:2]!@[CX4H2:3][!#1:4]	179.999	58.554	-	-	-	-	G
C09270485      none	B	[CX4:1][CX4H2:2]!@[NX3;"N_lp":3][CX4:4]	-76.3725	8.1206	-	-	-	-	G
C50196647      none	B	[!#1:1][CX4:2]!@[CX4:3][!#1:4]	180	22.1548	-	-	-	-	G
C50196647      none	B	[$(C=O):1][NX3H1:2]!@[CX4H0:3][C:4]	59.9904	13.3187	-	-	-	-	G
C50196647      none	B	[!#1:1][CX4H2:2]!@[CX4H2:3][!#1:4]	180	58.554	-	-	-	-	G
C50196647      none	B	[C:1][CX4H2:2]!@[CX3:3]=[O:4]	119.995	0.695249	-	-	-	-	O
C50196647      none	B	[O:1]=[CX3:2]!@[NX3H1:3][!#1:4]	-0.00169684	63.7893	-	-	-	-	G
C50196647      none	B	[O:1]=[CX3:2]!@[NX3H0:3][!#1:4]	150.285	1.73707	-	-	-	-	O
C61918166      none	B	[*:1][$(S(=O)=O):2]!@[NX3H0r:3][*:4]	120.004	1.23223	-	-	-	-	G
C61918166      none	B	[aH0:1][c:2]([aH1])!@[SX4:3][!#1:4]	109.707	1.0568	-	-	-	-	O
C61918166      none	B	[O:1]=[C:2]([O-])!@[c:3][a:4]	-0.00124411	11.4943	-	-	-	-	G
C61150679      none	B	[N:1][CX4:2]!@[CX3:3]=[O:4]	-30.009	5.37503	-	-	-	-	G
C61150679      none	B	[$(C=O):1][NX3H0:2]!@[CX4H0:3][C:4]	59.9832	11.4865	-	-	-	-	G
C61150679      none	B	[O:1]=[CX3:2]!@[NX3H0:3][!#1:4]	30.0092	0.680979	-	-	-	-	O
C61150679      none	B	[C:1][CX4:2]!@[CX3:3]=[O:4]	-119.87	3.42432	-	-	-	-	G
C61150679      none	B	[O:1]=[CX3:2]!@[NX3H0:3][!#1:4]	-30.0062	0.692521	-	-	-	-	O
C40557062      none	B	[$(C=O):1][NX3H1:2]!@[CX4H1:3][H:4]	0.00928601	8.26772	-	-	-	-	G
C40557062      none	B	[O:1]=[CX3:2]!@[NX3H1:3][!#1:4]	-0.0052311	63.7893	-	-	-	-	G
C40557062      none	B	[O:1]=[CX3:2]!@[NX3H0:3][!#1:4]	-149.689	1.37927	-	-	-	-	O
C40557062      none	B	[O:1]=[C:2]([O-])!@[CX4H1:3][H:4]	-0.0056483	0.495663	-	-	-	-	O
C00116540      none	B	[$(C=O):1][NX3:2]!@[$([a]([cH1])):3][$([aH0](!@O)):4]	60.0038	0.97561	-	-	-	-	O
C00116540      none	B	[O-:1][N+:2](=O)!@[c:3]([cH,nX2H0])[cH,nX2H0:4]	180	23.2156	-	-	-	-	G
C00116540      none	B	[O:1]=[CX3:2]!@[NX3H1:3][!#1:4]	-0.00465827	63.7893	-	-	-	-	G
C00116540      none	B	[*^2:1]~[C^2:2]([!H])!@[C^2:3]~[*^2:4]	0.000455011	20.0453	-	-	-	-	G
C00116540      none	B	[*^2:1]~[C^2:2]([!H])!@[C^2:3]~[*^2:4]	0.000248938	20.0453	-	-	-	-	G
C35389513      none	B	[NH1:1][CX4:2]!@[CX3:3]=[O:4]	149.993	9.89432	-	-	-	-	G
C35389513      none	B	[$(C=O):1][NX3H1:2]!@[CX4H1:3][H:4]	29.9941	9.46757	-	-	-	-	G
C35389513      none	B	[O:1]=[CX3:2]!@[NX3H1:3][!#1:4]	0.00931494	63.7893	-	-	-	-	G
C35389513      none	B	[$(C=O):1][NX3H1:2]!@[CX4H1:3][H:4]	-30.005	6.97413	-	-	-	-	G
C35389513      none	B	[O:1]=[C:2]([O-])!@[CX4H1:3][H:4]	0.0054475	0.495663	-	-	-	-	O
C35389513      none	B	[!#1:1][CX4:2]!@[CX4:3][!#1:4]	29.9955	0.236666	-	-	-	-	G
C35389513      none	B	[O:1]=[CX3:2]!@[NX3H1:3][!#1:4]	0.00581302	63.7893	-	-	-	-	G
C35389513      none	B	[s:1][c:2]!@[C:3]([NH1])=[O:4]	180	7.69231	-	-	-	-	R
C03669413      none	B	[O-:1][N+:2](=O)!@[c:3]([cH,nX2H0])[cH,nX2H0:4]	179.982	23.2156	-	-	-	-	G
C03669413      none	B	[a:1][a:2]!@[CX3:3]=[CX3H1:4]	19.9956	2.80466	-	-	-	-	G
C03669413      none	B	[*^2:1]~[C^2:2]([!H])!@[C^2:3]~[*^2:4]	60.0054	0.650722	-	-	-	-	O
C03669413      none	B	[O:1]=[CX3:2]!@[NX3H1:3][!#1:4]	-0.0119939	63.7893	-	-	-	-	G
C03669413      none	B	[$(C=O):1][NX3H1:2]!@[c:3]([cH1])[cH1:4]	-29.9943	5.05437	-	-	-	-	G
C03669413      none	B	[O:1]=[C:2]([O-])!@[c:3]([cH1])[cH1:4]	179.985	7.35294	-	-	-	-	G
C03669413      none	B	[O:1]=[C:2]([O-])!@[c:3]([cH1])[cH1:4]	-179.752	7.35294	-	-	-	-	G
C02747956      none	B	[a:1][c:2]!@[C:3]([NH1,NH2])=[O:4]	-119.996	0.626362	-	-	-	-	G
C02747956      none	B	[O:1]=[CX3:2]!@[NX3H1:3][!#1:4]	-0.0119595	63.7893	-	-	-	-	G
C02747956      none	B	[$(C=O):1][NX3H1:2]!@[CX4H1:3][H:4]	-29.9906	6.97413	-	-	-	-	G
C02747956      none	B	[*^2:1]~[C^2:2]([!H])!@[C^2:3]~[*^2:4]	-90.0168	1.27397	-	-	-	-	G
C02747956      none	B	[CX3:1]=[CX3:2]!@[CH2:3][!#1:4]	-89.9975	5.42948	-	-	-	-	G
C02747956      none	B	[!#1:1][CX4:2]!@[SX2:3][!#1:4]	-150	1.30312	-	-	-	-	G
C02747956      none	B	[aH0:1][c:2]([aH0])!@[SX2:3][!#1:4]	0.00118955	13.1253	-	-	-	-	G
C44610877      none	B	[O:1]=[C:2]([O-])!@[c:3]([cH0])[cH0:4]	179.984	20	-	-	-	-	G
C44610877      none	B	[a:1][ar6:2]!@[ar5:3][a:4]	60.2777	2.37432	-	-	-	-	O
C40052992      none	B	[!#1:1][CX4H2:2]!@[CX4H2:3][!#1:4]	180	58.554	-	-	-	-	G
C40052992      none	B	[C:1][CX4H2:2]!@[OX2:3][c:4]	-89.9915	0.86334	-	-	-	-	G
C40052992      none	B	[cH1:1][c:2](cO)!@[O:3][C:4]	-60.0048	0.103612	-	-	-	-	R
C40052992      none	B	[a:1][c:2]!@[CX4H1:3][N,O:4]	-58.42	3.48172	-	-	-	-	G
C40052992      none	B	[cH1:1][c:2](cO)!@[O:3][C:4]	-119.72	0.103612	-	-	-	-	R
C40052992      none	B	[C:1][CX4H2:2]!@[OX2:3][c:4]	149.999	0.884397	-	-	-	-	O
C40052992      none	B	[*^2:1]~[C^2:2]([!H])!@[C^2:3]~[*^2:4]	149.96	1.21045	-	-	-	-	O
C40052992      none	B	[$([CX3]=O):1][NX3H0:2](C)!@[CX4H2:3][C:4]	120.045	2.74443	-	-	-	-	O
C40052992      none	B	[!#1:1][CX4H2:2]!@[CX4H2:3][!#1:4]	-60.0009	3.77933	-	-	-	-	G
C40052992      none	B	[!#1:1][CX4H2:2]!@[CX4H2:3][!#1:4]	180	58.554	-	-	-	-	G
C40052992      none	B	[cH1:1][c:2]([cH1])!@[CX3:3]([CX3H0])=[O:4]	-59.7216	0.204918	-	-	-	-	R
C42350042      none	B	[NH1:1][CX4:2]!@[CX3:3]=[O:4]	89.9847	0.183795	-	-	-	-	R
C42350042      none	B	[!#1:1][CX4H1:2]!@[NX3:3][!#1:4]	180	2.80076	-	-	-	-	G
C42350042      none	B	[O:1]=[CX3:2]!@[NX3H1:3][!#1:4]	0.00729456	63.7893	-	-	-	-	G
C42350042      none	B	[cH0:1][c:2]([cH,nX2H0])!@[NX3H1:3][CX4:4]	-150.002	1.00143	-	-	-	-	O
C42350042      none	B	[O-:1][N+:2](=O)!@[c:3][a:4]	180	18.7168	-	-	-	-	G
C40358530      none	B	[!#1:1][CX4:2]!@[CX4:3][!#1:4]	59.9998	12.3771	-	-	-	-	G
C40358530      none	B	[C:1][CX4H2:2]!@[CX3:3]=[O:4]	-120.001	0.79457	-	-	-	-	O
C40358530      none	B	[*^2:1]~[C^2:2]([!H])!@[C^2:3]~[*^2:4]	-149.682	1.11601	-	-	-	-	O
C40358530      none	B	[$([CX3]=O):1][NX3H0:2](C)!@[CX4H2:3][C:4]	-89.9975	15.9949	-	-	-	-	G
C40358530      none	B	[a:1][c:2]!@[CX4H1:3][N,O:4]	-56.7306	3.48172	-	-	-	-	G
C40358530      none	B	[!#1:1][CX4H2:2]!@[CX4H2:3][!#1:4]	60.0004	3.99483	-	-	-	-	G
C40358530      none	B	[!#1:1][CX4H2:2]!@[CX4H2:3][!#1:4]	179.996	58.554	-	-	-	-	G
C04207127      none	B	[!#1:1][CX4:2]!@[SX2:3][!#1:4]	-160.004	3.18377	-	-	-	-	G
C04207127      none	B	[!#1:1][CX4:2]!@[SX2:3][!#1:4]	-160.002	3.18377	-	-	-	-	G
C04207127      none	B	[!#1:1][CX4H2:2]!@[CX3:3]=[O:4]	-89.9961	1.11373	-	-	-	-	G
C20214807      none	B	[a:1][c:2]!@[C:3]([NH0])=[O:4]	-120	3.91667	-	-	-	-	G
C20214807      none	B	[O-:1][N+:2](=O)!@[c:3][a:4]	179.792	18.7168	-	-	-	-	G
C20214807      none	B	[O:1]=[CX3:2](a)!@[NX3H0:3][!#1:4]	-149.997	2.19542	-	-	-	-	G
C20214807      none	B	[$([CX3]=O):1][NX3H0:2](C)!@[CX4H2:3][C:4]	119.998	2.74443	-	-	-	-	O
C20214807      none	B	[N:1][CX4:2]!@[CX3:3]=[O:4]	-89.9996	0.479136	-	-	-	-	O
C22159816      none	B	[c:1][$(S(=O)=O):2]!@[NX3H1:3][C:4]	-59.9979	13.7514	-	-	-	-	G
C22159816      none	B	[aH1:1][c:2]([aH1])!@[SX4:3][!#1:4]	-89.693	12.5987	-	-	-	-	G
C22159816      none	B	[a:1][c:2]!@[C:3]([NH0])=[O:4]	-89.9961	2.91667	-	-	-	-	G
C22159816      none	B	[O:1]=[CX3:2](a)!@[NX3H0:3][!#1:4]	-0.00509929	23.6549	-	-	-	-	G
C22159816      none	B	[$([CX3]=O):1][NX3H0:2](C)!@[CX4H2:3][C:4]	119.999	2.74443	-	-	-	-	O
C22159816      none	B	[N:1][CX4:2]!@[CX3:3]=[O:4]	-89.9998	0.479136	-	-	-	-	O
C40577421      none	B	[a:1][c:2]!@[CX4H1:3][N,O:4]	-59.9961	3.48172	-	-	-	-	G
C40577421      none	B	[$(C=O):1][NX3H1:2]!@[CX4H1:3][H:4]	-29.9923	6.97413	-	-	-	-	G
C40577421      none	B	[O:1]=[CX3:2]!@[NX3H1:3][!#1:4]	-0.00436406	63.7893	-	-	-	-	G
C40577421      none	B	[O:1]=[CX3:2]!@[NX3H0:3][!#1:4]	-29.685	0.692521	-	-	-	-	O
C40577421      none	B	[O:1]=[C:2]([O-])!@[CX4H1:3][H:4]	-0.0059751	0.495663	-	-	-	-	O
C62117548      none	B	[a:1][c:2]!@[C:3]([NH0])=[O:4]	-29.999	2.55556	-	-	-	-	G
C62117548      none	B	[O:1]=[CX3:2](a)!@[NX3H0:3][!#1:4]	-29.6836	1.17502	-	-	-	-	O
C62117548      none	B	[O:1]=[C:2]([O-])!@[CX4H1:3][H:4]	-0.00519786	0.495663	-	-	-	-	O
C43705524      none	B	[a:1][c:2]!@[C:3]([NH0])=[O:4]	89.999	2.88889	-	-	-	-	G
C43705524      none	B	[O:1]=[CX3:2](a)!@[NX3H0:3][!#1:4]	-179.724	9.67842	-	-	-	-	G
C43705524      none	B	[O:1]=[C:2]([O-])!@[CX4H1:3][H:4]	-0.00394311	0.495663	-	-	-	-	O
C38604814      none	B	[cH0:1][c:2]!@[CX4H1:3][a:4]	-120.005	2.61531	-	-	-	-	G
C38604814      none	B	[a:1][c:2]!@[CX4H1:3][a:4]	149.997	2.30991	-	-	-	-	G
C38604814      none	B	[!#1:1][CX4:2]!@[CX4:3][!#1:4]	-60.2271	12.2558	-	-	-	-	G
C63010727      none	B	[a:1][c:2]!@[C:3]([NH0])=[O:4]	-119.999	3.91667	-	-	-	-	G
C63010727      none	B	[O:1]=[CX3:2](a)!@[NX3H0:3][!#1:4]	-179.684	9.67842	-	-	-	-	G
C63010727      none	B	[O:1]=[C:2]([O-])!@[CX4H1:3][H:4]	9.24924e-06	0.495663	-	-	-	-	O
C20445984      none	B	[O:1]=[C:2]([O-])!@[c:3]([cH0])[cH0:4]	-90.0068	0	-	-	-	-	G
C20445984      none	B	[a:1][a:2]!@[NX3:3][!#1:4]	-179.688	11.4213	-	-	-	-	G
C20445984      none	B	[N:1][CX4:2]!@[CX3:3]=[O:4]	146.468	6.84729	-	-	-	-	G
C01325223      none	B	[c:1][$(S(=O)=O):2]!@[NX3H0:3][C:4]	90.0009	4.81691	-	-	-	-	G
C01325223      none	B	[aH1:1][c:2]([aH1])!@[SX4:3][!#1:4]	-149.728	0.324309	-	-	-	-	R
C01325223      none	B	[aH1:1][c:2]([aH1])!@[SX4:3][!#1:4]	29.9961	0.225606	-	-	-	-	R
C01325223      none	B	[*:1][$(S(=O)=O):2]!@[NX3H0r:3][*:4]	-119.722	0.995261	-	-	-	-	G
C01325223      none	B	[O:1]=[C:2]([O-])!@[CX4H1:3][H:4]	89.9959	0.86741	-	-	-	-	O
C45090557      none	B	[O:1]=[CX3:2]!@[NX3H0:3][!#1:4]	30.0016	0.680979	-	-	-	-	O
C45090557      none	B	[O:1]=[C:2]([O-])!@[CX4H1:3][H:4]	0.00618664	0.495663	-	-	-	-	O
C45090557      none	B	[O:1]=[CX3:2]!@[NX3H1:3][!#1:4]	-0.00153793	63.7893	-	-	-	-	G
C45090557      none	B	[$([CX3]=O):1][NX3H1:2]!@[CX4H2:3][C:4] 	-149.998	1.7769	-	-	-	-	O
C45090557      none	B	[!#1:1][CX4H2:2]!@[CX4H2:3][!#1:4]	179.996	58.554	-	-	-	-	G
C45090557      none	B	[!#1:1][CX4H2:2]!@[CX4H2:3][!#1:4]	179.998	58.554	-	-	-	-	G
C45090557      none	B	[!#1:1][CX4:2]!@[SX4:3][!#1:4]	47.7426	4.33684	-	-	-	-	G
C20218142      none	B	[$(C=O):1][NX3H1:2]!@[CX4H1:3][H:4]	-29.9983	6.97413	-	-	-	-	G
C20218142      none	B	[O:1]=[CX3:2]([$([NX3H1]C)])!@[NX3H1:3][!#1:4]	-0.00518935	41.1343	-	-	-	-	G
C20218142      none	B	[O:1]=[C:2]([NH1])!@[NX3H1:3](C=O)[H:4]	179.989	12.6316	-	-	-	-	G
C20218142      none	B	[O:1]=[C:2]!@[NX3H1:3](C=O)[H:4]	180	35.6725	-	-	-	-	G
C20218142      none	B	[O:1]=[CX3:2]([NH1])!@[CH2:3][C:4]	-119.997	0.124533	-	-	-	-	O
C20218142      none	B	[!#1:1][CX4H2:2]!@[CX4H2:3][!#1:4]	-59.9993	3.77933	-	-	-	-	G
C20218142      none	B	[C:1][CX4H2:2]!@[CX3:3]=[O:4]	119.994	0.695249	-	-	-	-	O
C02320966      none	B	[cH1:1][c:2]([nX2])!@[O:3][C:4]	-179.715	59.0909	-	-	-	-	G
C02320966      none	B	[$(S(=O)(=O)):1][N:2]!@[c:3][a:4]	90.0301	4.78516	-	-	-	-	G
C02320966      none	B	[nX2:1][c:2]([nX2])!@[O:3][C:4]	-0.00321787	40.7895	-	-	-	-	G
C02320966      none	B	[c:1][S:2](=O)(=O)!@[NX2H0-:3]-[*:4]	59.9696	8.33333	-	-	-	-	O
C02320966      none	B	[aH1:1][c:2]([aH1])!@[SX4:3][!#1:4]	-89.7337	12.5987	-	-	-	-	G
C02320966      none	B	[a:1][a:2]!@[NX3:3][!#1:4]	-59.9892	1.73028	-	-	-	-	O
C02320966      none	B	[!#1:1][CX3:2](=S)!@[NX3H1:3][!#1:4]	179.999	37.0618	-	-	-	-	G
C02320966      none	B	[$(C=O):1][NX3H1:2]!@[CX3:3]=[*H0:4]	180	33.8082	-	-	-	-	G
C02320966      none	B	[O:1]=[CX3:2]!@[NX3H1:3][!#1:4]	0.00349921	63.7893	-	-	-	-	G
C02320966      none	B	[cH1:1][c:2]([cH1])!@[C:3]([NH1,NH2])=[O:4]	-90.0014	0	-	-	-	-	R
C43474562      none	B	[$(C=O):1][NX3H1:2]!@[c:3]([cH0]F)[cH:4]	30.0022	10.5263	-	-	-	-	G
C43474562      none	B	[O-:1][N+:2](=O)!@[c:3]([cH,nX2H0])[cH,nX2H0:4]	179.987	23.2156	-	-	-	-	G
C43474562      none	B	[O:1]=[CX3:2]!@[NX3H1:3][!#1:4]	0.00249248	63.7893	-	-	-	-	G
C43474562      none	B	[O:1]=[CX3:2]!@[NX3H0:3][!#1:4]	0.297578	25.0866	-	-	-	-	G
C43474562      none	B	[O:1]=[C:2]([O-])!@[CX4H1:3][H:4]	89.9995	0.86741	-	-	-	-	O
C51578436      none	B	[a:1][c:2]!@[C:3]([NH1,NH2])=[O:4]	-90.0094	0.299564	-	-	-	-	O
C51578436      none	B	[cH0:1][c:2]([cH,nX2H0])!@[NX3H0:3][CX4:4]	60.282	3.25838	-	-	-	-	G
C51578436      none	B	[!#1:1][CX4:2]!@[CX4:3][!#1:4]	-60.007	12.2558	-	-	-	-	G
C51578436      none	B	[!#1:1][CX4H2:2]!@[CX4H2:3][!#1:4]	-59.9974	3.77933	-	-	-	-	G
C51578436      none	B	[C:1][CX4H2:2]!@[CX3:3]=[O:4]	119.994	0.695249	-	-	-	-	O
C36337345      none	B	[!#1:1][CX4H2:2]!@[CX4H2:3][!#1:4]	179.998	58.554	-	-	-	-	G
C36337345      none	B	[!#1:1][CX4:2]!@[CX4:3][!#1:4]	180	22.1548	-	-	-	-	G
C36337345      none	B	[NH1:1][CX4:2]!@[CX3:3]=[O:4]	-149.995	4.5183	-	-	-	-	G
C36337345      none	B	[$(C=O):1][NX3H1:2]!@[CX4H0:3][C:4]	-59.9967	14.7253	-	-	-	-	G
C36337345      none	B	[O:1]=[CX3:2]!@[NX3H1:3][!#1:4]	-0.0049153	63.7893	-	-	-	-	G
C36337345      none	B	[a:1][c:2]!@[C:3]([NH1,NH2])=[O:4]	-59.6813	0.499274	-	-	-	-	G
C54295616      none	B	[!#1:1][CX4:2]!@[SX2:3][!#1:4]	-160.002	3.18377	-	-	-	-	G
C54295616      none	B	[!#1:1][CX4H2:2]!@[CX4H2:3][!#1:4]	179.996	58.554	-	-	-	-	G
C54295616      none	B	[!#1:1][CX4:2]!@[CX4:3][!#1:4]	-160.002	1.85018	-	-	-	-	G
C54295616      none	B	[NH1:1][CX4:2]!@[CX3:3]=[O:4]	29.9867	2.12896	-	-	-	-	G
C54295616      none	B	[$(C=O):1][NX3H1:2]!@[CX4H1:3][H:4]	-29.9927	6.97413	-	-	-	-	G
C54295616      none	B	[O:1]=[CX3:2]!@[NX3H0:3][!#1:4]	-29.7137	0.692521	-	-	-	-	O
C54295616      none	B	[!#1:1][CX4:2]!@[CX4:3][!#1:4]	160	1.81259	-	-	-	-	G
C54295616      none	B	[C:1][CX4H2:2]!@[CX3:3]=[O:4]	-119.999	0.79457	-	-	-	-	O
C54295616      none	B	[O:1]=[CX3:2]!@[NX3H1:3][!#1:4]	-0.00557232	63.7893	-	-	-	-	G
CHEMBL51054      none	B	[CX3:1]=[CX3:2]!@[CH2:3][C:4]	120.003	8.89643	-	-	-	-	G
CHEMBL51054      none	B	[*^2:1]~[C^2:2]([!H])!@[C^2:3]~[*^2:4]	60.0013	0.650722	-	-	-	-	O
CHEMBL51054      none	B	[!#1:1][CX4:2]!@[CX4:3][!#1:4]	-160.002	1.85018	-	-	-	-	G
CHEMBL51054      none	B	[O:1]=[C:2]([O-])!@[CX4H1:3][H:4]	90.0048	0.86741	-	-	-	-	O
C40550316      none	B	[OX2:1][CX4:2]!@[CX4:3][N:4]	60.0078	15.2809	-	-	-	-	G
C40550316      none	B	[O:1]=[C:2]([O-])!@[CX4H1:3][H:4]	0.00284652	0.495663	-	-	-	-	O
C40550316      none	B	[$(C=O):1][NX3H1:2]!@[CX4H1:3][H:4]	-30.0036	6.97413	-	-	-	-	G
C40550316      none	B	[O:1]=[CX3:2]([$([NX3H1]C)])!@[NX3H1:3][!#1:4]	0.00168432	41.1343	-	-	-	-	G
C40550316      none	B	[O:1]=[CX3:2]([$([NX3H1]C)])!@[NX3H1:3][!#1:4]	180	9.5176	-	-	-	-	R
C40550316      none	B	[$(C=O):1][NX3:2]!@[a:3][aH0:4]	-120.003	2.3332	-	-	-	-	G
C65410809      none	B	[C:1][CX4:2]!@[CX3:3][C:4]	0.00763041	0.826583	-	-	-	-	O
C65410809      none	B	[O:1]=[C:2]([O-])!@[CX4H1:3][H:4]	-0.00128527	0.495663	-	-	-	-	O
C65410809      none	B	[$(C=O):1][NX3H1:2]!@[CX4H1:3][H:4]	0.00110652	8.26772	-	-	-	-	G
C65410809      none	B	[O:1]=[CX3:2]!@[NX3H1:3][!#1:4]	0.0044634	63.7893	-	-	-	-	G
C65410809      none	B	[NH1:1][CX4:2]!@[CX3:3]=[O:4]	-57.9243	1.73074	-	-	-	-	O
C49871676      none	B	[cH0:1][c:2]([cH,nX2H0])!@[NX3H0:3][CX4:4]	-89.7131	1.8357	-	-	-	-	G
C49871676      none	B	[O:1]=[C:2]([O-])!@[CX4H1:3][H:4]	0.00363335	0.495663	-	-	-	-	O
C00216053      none	B	[cH1:1][a:2]([cH0])!@[a:3]([cH0])[cH0:4]	90.2537	12.8892	-	-	-	-	G
C39482883      none	B	[H:1][CX4H1:2]!@[SX4:3][!#1:4]	167.74	2.18509	-	-	-	-	O
C39482883      none	B	[aH1:1][c:2]([aH1])!@[SX4:3][!#1:4]	90.2611	12.916	-	-	-	-	G
C39482883      none	B	[$(S(=O)(=O)):1][NH1:2]!@[c:3]([cH1])[cH0:4]	-120.021	6.46388	-	-	-	-	G
C39482883      none	B	[cH0:1][c:2]([cH,nX2H0])!@[NX3H0:3][CX4:4]	90.2875	2.06517	-	-	-	-	O
C39482883      none	B	[H:1][CX4H1:2]!@[O:3][CX4:4]	-40.0483	11.8876	-	-	-	-	O
C39482883      none	B	[*:1][$(S(=O)=O):2]!@[NX3H1:3][*:4]	60.0025	8.81913	-	-	-	-	G
C37435197      none	B	[cH1:1][c:2]([cH1])!@[O:3][C:4]	30.0017	0.264964	-	-	-	-	O
C37435197      none	B	[a:1][c:2]!@[C:3]([NH0])=[O:4]	59.9898	3.02778	-	-	-	-	G
C37435197      none	B	[O:1]=[CX3:2](a)!@[NX3H0:3][!#1:4]	0.339724	23.6549	-	-	-	-	G
C37435197      none	B	[O:1]=[C:2]([O-])!@[CX4H1:3][H:4]	-0.0093987	0.495663	-	-	-	-	O
C37435197      none	B	[C:1][CX4H2:2]!@[OX2:3][c:4]	149.997	0.884397	-	-	-	-	O
C37435197      none	B	[OX2:1][CX4H2:2]!@[CX3:3]([$([NX3H1,NX3H2])])=[O:4]	30.008	0.357143	-	-	-	-	O
C25742459      none	B	[O-:1][N+:2](=O)!@[c:3]([cH0])[cH,nX2H0:4]	89.9863	0.274725	-	-	-	-	O
C25742459      none	B	[aH1:1][c:2]([aH1])!@[SX4:3][!#1:4]	-89.9966	12.5987	-	-	-	-	G
C25742459      none	B	[c:1][S:2](=O)(=O)!@[NX2H0-:3]-[*:4]	60.0001	8.33333	-	-	-	-	G
C25742459      none	B	[$(S(=O)(=O)):1][NH0:2]!@[c:3]([cH1])[cH1:4]	-90.2756	17.7686	-	-	-	-	G
C25742459      none	B	[aH1:1][c:2]([aH1])!@[SX4:3][!#1:4]	90.0028	12.916	-	-	-	-	G
C25742459      none	B	[c:1][$(S(=O)=O):2]!@[NX3H1:3][C:4]	89.9951	2.64026	-	-	-	-	G
C25742459      none	B	[$(S(=O)(=O)):1][NX3H1:2]!@[CX4H1:3][H:4]	30.005	11.9705	-	-	-	-	G
C25742459      none	B	[OX2:1][CX4:2]!@[CX4:3][N:4]	160.001	1.1236	-	-	-	-	O
C25742459      none	B	[C:1][CH2:2]!@[O:3][CX4:4]	-160	4.55295	-	-	-	-	G
C63818407      none	B	[*:1]~[cX3:2]!@[NX2:3]~[*:4]	-30.0054	1.57181	-	-	-	-	O
C63818407      none	B	[*:1]~[CX3:2]!@[NX2:3]~[*:4]	120.275	0.114723	-	-	-	-	O
C63818407      none	B	[!#1:1][CX4:2]!@[NX3;"N_lp":3]	-78.0191	1.35129	-	-	-	-	O
C04167170      none	B	[C:1][CX4:2]!@[CX3:3][C:4]	-120.006	1.51265	-	-	-	-	O
C04167170      none	B	[*^2:1]~[C^2:2]([!H])!@[C^2:3]~[*^2:4]	120.273	0.806964	-	-	-	-	G
C04167170      none	B	[!#1:1][CX4:2]!@[CX4:3][!#1:4]	158.414	1.81259	-	-	-	-	G
C02154892      none	B	[cH0:1][c:2]!@[CX4H2:3][CX4:4]	-89.9985	18.481	-	-	-	-	G
C02154892      none	B	[!#1:1][CX4H2:2]!@[CX4H2:3][!#1:4]	180	58.554	-	-	-	-	G
C02154892      none	B	[O:1]=[CX3:2]([NH1])!@[CH2:3][C:4]	-120.008	0.124533	-	-	-	-	O
C02154892      none	B	[O:1]=[CX3:2]!@[NX3H1:3][!#1:4]	0.00829066	63.7893	-	-	-	-	G
C02154892      none	B	[$([CX3]=O):1][NX3H1:2]!@[CX4H2:3][C:4] 	59.9914	1.1846	-	-	-	-	G
C02154892      none	B	N[C:2](=[O:1])!@[CH2:3][N:4]	30.007	5.20833	-	-	-	-	G
C02154892      none	B	[O:1]=[CX3:2]!@[NX3H1:3][!#1:4]	-0.00429011	63.7893	-	-	-	-	G
C02154892      none	B	[$([CX3]=O):1][NX3H1:2]!@[CX4H2:3][C:4] 	180	6.46594	-	-	-	-	G
C02154892      none	B	[NH1:1][CX4:2]!@[CX3:3]=[O:4]	119.998	0.41354	-	-	-	-	G
C50183875      none	B	[!#1:1][CX4:2]!@[CX4:3][!#1:4]	180	22.1548	-	-	-	-	G
C50183875      none	B	[O:1]=[C:2]([O-])!@[CX4H1:3][H:4]	90.0052	0.86741	-	-	-	-	O
C50183875      none	B	[$(C=O):1][NX3H1:2]!@[CX4H1:3][H:4]	-29.9947	6.97413	-	-	-	-	G
C50183875      none	B	[O:1]=[CX3:2]([$([NX3H1]C)])!@[NX3H1:3][!#1:4]	-0.000479641	41.1343	-	-	-	-	G
C50183875      none	B	[O:1]=[CX3:2]([$([NX3H1]C)])!@[NX3H1:3][!#1:4]	-0.00480446	41.1343	-	-	-	-	G
C50183875      none	B	[$([CX3]=O):1][NX3H1:2]!@[CX4H2:3][C:4] 	180	6.46594	-	-	-	-	G
C50183875      none	B	[!#1:1][CX4H2:2]!@[CX4H2:3][!#1:4]	59.9992	3.99483	-	-	-	-	G
C50183875      none	B	[!#1:1][CX4H2:2]!@[CX4H2:3][!#1:4]	180	58.554	-	-	-	-	G
C50183875      none	B	[cH0:1][c:2]!@[CX4H2:3][CX4:4]	-90.0039	18.481	-	-	-	-	G
C43428564      none	B	[$([CX3]=O):1][NX3H0:2](C)!@[CX4H2:3][C:4]	-89.9983	15.9949	-	-	-	-	G
C43428564      none	B	[$([CX3]=O):1][NX3H0:2](C)!@[CX4H2:3][C:4]	-120.003	2.31561	-	-	-	-	O
C43428564      none	B	[O:1]=[CX3:2]!@[NX3H0:3][!#1:4]	-30.0049	0.692521	-	-	-	-	O
C43428564      none	B	[N:1][CX4:2]!@[CX3:3]=[O:4]	-90.0014	0.479136	-	-	-	-	O
C43428564      none	B	[O:1]=[CX3:2]!@[NX3H0:3][!#1:4]	150.285	1.73707	-	-	-	-	O
C60242177      none	B	[aH0:1][c:2]([aH0])!@[SX4:3][!#1:4]	179.999	0.27933	-	-	-	-	R
C60242177      none	B	[$(C=O):1][NX3:2]!@[a:3][aH0:4]	0.0182677	4.11379	-	-	-	-	G
C60242177      none	B	[O:1]=[C:2](c)!@[$([NX3](c([nX2H0])([nX2H0]))):3][H:4]	180	26.6667	-	-	-	-	G
C60242177      none	B	[a:1][c:2]!@[C:3]([NH1,NH2])=[O:4]	-59.6825	0.499274	-	-	-	-	G
C44115541      none	B	[cH1:1][c:2]([cH1])!@[O:3][C:4]	0.28924	26.3009	-	-	-	-	G
C44115541      none	B	[C:1][CX4:2]!@[NX3;"N_lp":3][C:4]	-56.3669	7.07677	-	-	-	-	G
C05181664      none	B	[H:1][CX4H1:2]!@[O:3][CX4:4]	40.0007	11.9906	-	-	-	-	G
C05181664      none	B	[$(C=O):1][NX3H1:2]!@[CX4H1:3][H:4]	-30.0028	6.97413	-	-	-	-	G
C05181664      none	B	[O:1]=[CX3:2]!@[NX3H1:3][!#1:4]	-0.00108091	63.7893	-	-	-	-	G
C50183866      none	B	[!#1:1][CX4:2]!@[CX4:3][!#1:4]	60.0015	12.3771	-	-	-	-	G
C50183866      none	B	[!#1:1][CX4:2]!@[CX4:3][!#1:4]	180	22.1548	-	-	-	-	G
C50183866      none	B	[O:1]=[C:2]([O-])!@[CX4H1:3][H:4]	-0.00651248	0.495663	-	-	-	-	O
C50183866      none	B	[$(C=O):1][NX3H1:2]!@[CX4H1:3][H:4]	-60.0062	1.23735	-	-	-	-	G
C50183866      none	B	[O:1]=[CX3:2]([$([NX3H1]C)])!@[NX3H1:3][!#1:4]	180	9.5176	-	-	-	-	R
C50183866      none	B	[O:1]=[CX3:2]([$([NX3H1]C)])!@[NX3H1:3][!#1:4]	-0.00433202	41.1343	-	-	-	-	G
C50183866      none	B	[$([CX3]=O):1][NX3H1:2]!@[CX4H2:3][C:4] 	179.993	6.46594	-	-	-	-	G
C50183866      none	B	[!#1:1][CX4H2:2]!@[CX4H2:3][!#1:4]	60.003	3.99483	-	-	-	-	G
C50183866      none	B	[!#1:1][CX4H2:2]!@[CX4H2:3][!#1:4]	59.9994	3.99483	-	-	-	-	G
C50183866      none	B	[cH0:1][c:2]!@[CX4H2:3][CX4:4]	89.9989	18.5823	-	-	-	-	G
C41037398      none	B	[NH1:1][CX4:2]!@[CX3:3]=[O:4]	-30.004	4.44172	-	-	-	-	G
C41037398      none	B	[$(C=O):1][NX3H1:2]!@[CX4H0:3][C:4]	180	11.3993	-	-	-	-	G
C41037398      none	B	[O:1]=[CX3:2]!@[NX3H1:3][!#1:4]	-0.00188852	63.7893	-	-	-	-	G
C41037398      none	B	[cH1:1][c:2]([cH1])!@[C:3]([NH1,NH2])=[O:4]	-153.003	8.78518	-	-	-	-	G
C58844962      none	B	[O:1]=[CX3:2]!@[NX3H0:3][!#1:4]	-0.00398692	25.0866	-	-	-	-	G
C58844962      none	B	[O:1][CX4:2]!@[CX3:3]=[O:4]	-0.00113949	13.789	-	-	-	-	G
C58844962      none	B	[C:1][CH2:2]!@[O:3][CX4:4]	-79.9955	1.18773	-	-	-	-	G
C58844962      none	B	[C:1][CH2:2]!@[O:3][CX4:4]	159.996	5.67469	-	-	-	-	G
C58844962      none	B	[OX2:1][CX4H2:2]!@[CX3:3]([$([NX3H1,NX3H2])])=[O:4]	-29.9965	1.07143	-	-	-	-	O
C58844962      none	B	[O:1]=[CX3:2]!@[NX3H1:3][!#1:4]	-0.00922881	63.7893	-	-	-	-	G
C50182910      none	B	[cH0:1][c:2]!@[CX4H2:3][CX4:4]	-89.9997	18.481	-	-	-	-	G
C50182910      none	B	[!#1:1][CX4H2:2]!@[CX4H2:3][!#1:4]	-60.0039	3.77933	-	-	-	-	G
C50182910      none	B	[!#1:1][CX4H2:2]!@[CX4H2:3][!#1:4]	179.999	58.554	-	-	-	-	G
C50182910      none	B	[$([CX3]=O):1][NX3H1:2]!@[CX4H2:3][C:4] 	120.004	2.76407	-	-	-	-	O
C50182910      none	B	[O:1]=[CX3:2]!@[NX3H1:3][!#1:4]	0.000624716	63.7893	-	-	-	-	G
C50182910      none	B	[C:1][CX4:2]!@[CX3:3]=[O:4]	-0.000302913	5.61823	-	-	-	-	G
C50182910      none	B	[O:1]=[C:2]([O-])!@[CX4H1:3][H:4]	89.9929	0.86741	-	-	-	-	O
C36786196      none	B	[!#1:1][CX4:2]!@[CX4:3][!#1:4]	-91.3758	0.488284	-	-	-	-	O
C36786196      none	B	[C:1][CX4:2]!@[NX3:3][C:4]	150	2.18767	-	-	-	-	G
C36786196      none	B	[cH0:1][c:2]([cH,nX2H0])!@[NX3H0:3][CX4:4]	119.724	2.29463	-	-	-	-	O
C36786196      none	B	[aH1:1][c:2]([aH1])!@[SX4:3][!#1:4]	90.0072	12.916	-	-	-	-	G
C36786196      none	B	[O:1]=[C:2]([O-])!@[c:3]([cH1])[cH0:4]	90.0009	0	-	-	-	-	R
C36972937      none	B	[a:1][ar6:2]!@[ar5:3][a:4]	0.30941	7.24965	-	-	-	-	G
C36972937      none	B	[cH1:1][c:2]([cH1])!@[C:3]([NH1,NH2])=[O:4]	153.009	9.05971	-	-	-	-	G
C36972937      none	B	[O:1]=[CX3:2]!@[NX3H1:3][!#1:4]	0.00360272	63.7893	-	-	-	-	G
C36972937      none	B	[$([CX3]=O):1][NX3H1:2]!@[CX4H2:3][C:4] 	180	6.46594	-	-	-	-	G
C36972937      none	B	[NH1:1][CX4:2]!@[CX3:3]=[O:4]	-120.003	0.275693	-	-	-	-	G
C40531190      none	B	[H:1][CX4H1:2]!@[O:3][CX4:4]	-39.9993	11.8876	-	-	-	-	G
C40531190      none	B	[O:1]=[C:2]([O-])!@[CX4H1:3][H:4]	90.0001	0.86741	-	-	-	-	O
C40531190      none	B	[O:1]=[CX3:2]!@[NX3H0:3][!#1:4]	179.999	18.2537	-	-	-	-	G
C40531190      none	B	[O:1]=[CX3:2]!@[NX3H1:3][!#1:4]	-0.00183152	63.7893	-	-	-	-	G
C40531190      none	B	[$([CX3]=O):1][NX3H1:2]!@[CX4H2:3][C:4] 	90.0001	7.35439	-	-	-	-	G
C40531190      none	B	N[C:2](=[O:1])!@[CH2:3][N:4]	179.998	8.33333	-	-	-	-	G
C44934445      none	B	[a:1][c:2]!@[CX4H1:3][N,O:4]	-29.9894	3.61778	-	-	-	-	G
C44934445      none	B	[$(S(=O)(=O)):1][NX3H1:2]!@[CX4H1:3][H:4]	30.0071	11.9705	-	-	-	-	G
C44934445      none	B	[c:1][$(S(=O)=O):2]!@[NX3H1:3][C:4]	59.9939	14.5215	-	-	-	-	G
C44934445      none	B	[aH0:1][c:2]([aH0])!@[SX4:3][!#1:4]	-90.001	9.35754	-	-	-	-	G
C44934445      none	B	[a:1][a:2]!@[NX3:3][!#1:4]	180	11.4213	-	-	-	-	G
C40697818      none	B	[cH1:1][c:2]!@[c:3]([cH1])[nX2H0:4]	0.313672	25.7136	-	-	-	-	G
C40697818      none	B	[a:1][c:2]!@[C:3]([NH1,NH2])=[O:4]	-0.00148899	9.67683	-	-	-	-	G
C40697818      none	B	[O:1]=[CX3:2]!@[NX3H1:3][!#1:4]	0.00206632	63.7893	-	-	-	-	G
C40697818      none	B	[$(C=O):1][NX3H1:2]!@[CX4H1:3][H:4]	29.9968	9.46757	-	-	-	-	G
C40697818      none	B	[!#1:1][CX4:2]!@[CX4:3][!#1:4]	180	22.1548	-	-	-	-	G
C40697818      none	B	[O:1]=[C:2]([O-])!@[CX4H1:3][H:4]	-0.00357648	0.495663	-	-	-	-	O
C40697818      none	B	[!#1:1][CX4H2:2]!@[CX4H2:3][!#1:4]	-59.9966	3.77933	-	-	-	-	G
C37450388      none	B	[a:1][a:2]!@[CX3:3]=[CX3H1:4]	0.00388103	13.6236	-	-	-	-	G
C37450388      none	B	[*^2:1]~[C^2:2]([!H])!@[C^2:3]~[*^2:4]	150.003	1.21045	-	-	-	-	G
C37450388      none	B	[O:1]=[CX3:2]!@[NX3H1:3][!#1:4]	-0.00391169	63.7893	-	-	-	-	G
C37450388      none	B	[$(C=O):1][NX3H1:2]!@[CX4H1:3][H:4]	60.003	6.22422	-	-	-	-	G
C37450388      none	B	[!#1:1][CX4:2]!@[CX4:3][!#1:4]	160.002	1.81259	-	-	-	-	G
C37450388      none	B	[O:1]=[C:2]([O-])!@[CX4H1:3][H:4]	89.995	0.86741	-	-	-	-	O
C37450388      none	B	[C:1][CX4H2:2]!@[CX3:3]=[O:4]	-90.0036	1.15875	-	-	-	-	O
C40580111      none	B	[$(C=O):1][NX3H1:2]!@[CX4H1:3][H:4]	180	0.712411	-	-	-	-	R
C40580111      none	B	[O:1]=[CX3:2]!@[NX3H1:3][!#1:4]	-0.00552999	63.7893	-	-	-	-	G
C40580111      none	B	N[C:2](=[O:1])!@[CH2:3][N:4]	179.998	8.33333	-	-	-	-	G
C40580111      none	B	[$([CX3]=O):1][NX3H1:2]!@[CX4H2:3][C:4] 	90.0068	7.35439	-	-	-	-	G
C40580111      none	B	[O:1]=[CX3:2]!@[NX3H1:3][!#1:4]	-0.00249106	63.7893	-	-	-	-	G
C40580111      none	B	[O:1]=[CX3:2]!@[NX3H0:3][!#1:4]	0.29442	25.0866	-	-	-	-	G
C40580111      none	B	[O:1]=[C:2]([O-])!@[CX4H1:3][H:4]	-0.0005489	0.495663	-	-	-	-	O
C40698492      none	B	[a:1][c:2]!@[CX4H2:3][CX3:4]	-90.0132	7.62274	-	-	-	-	G
C40698492      none	B	[c:1][CX4H2:2]!@[CX3:3]=[O:4]	-29.994	4.98575	-	-	-	-	G
C40698492      none	B	[O:1]=[CX3:2]!@[NX3H1:3][!#1:4]	-0.00272561	63.7893	-	-	-	-	G
C40698492      none	B	[$(C=O):1][NX3H1:2]!@[CX4H1:3][H:4]	30.0077	9.46757	-	-	-	-	G
C40698492      none	B	[!#1:1][CX4:2]!@[CX4:3][!#1:4]	79.9978	1.75235	-	-	-	-	G
C40698492      none	B	[O:1]=[C:2]([O-])!@[CX4H1:3][H:4]	90.0009	0.86741	-	-	-	-	O
C40698492      none	B	[!#1:1][CX4H2:2]!@[CX4H2:3][!#1:4]	180	58.554	-	-	-	-	G
C62721087      none	B	[cH0:1][c:2]!@[CX4H2:3][CX4:4]	89.9676	18.5823	-	-	-	-	G
C62721087      none	B	[!#1:1][CX4H2:2]!@[CX4H2:3][!#1:4]	-60.0038	3.77933	-	-	-	-	G
C62721087      none	B	[C:1][CX4H2:2]!@[CX3:3]=[O:4]	119.995	0.695249	-	-	-	-	O
C39348926      none	B	[aH1:1][c:2]([aH1])!@[SX4:3][!#1:4]	90.0021	12.916	-	-	-	-	G
C39348926      none	B	[!#1:1][CX4:2]!@[SX4:3][!#1:4]	180	13.1368	-	-	-	-	G
C39348926      none	B	[!#1:1][CX4H2:2]!@[CX3:3]=[O:4]	-90.0081	1.11373	-	-	-	-	G
C05434222      none	B	[CX3:1]=[CX3:2]!@[CH2:3][!#1:4]	120.001	8.78049	-	-	-	-	G
C05434222      none	B	[$([CX3]=O):1][NX3H0:2](C)!@[CX4H2:3][C:4]	90.0127	14.7513	-	-	-	-	G
C05434222      none	B	[O:1]=[CX3:2]!@[NX3H0:3][!#1:4]	29.9982	0.680979	-	-	-	-	O
C05434222      none	B	[C:1][CX4H2:2]!@[CX3:3]=[O:4]	-29.9929	4.17149	-	-	-	-	G
C05434222      none	B	[!#1:1][CX4:2]!@[CX4:3][!#1:4]	-47.4617	5.00801	-	-	-	-	G
C05434222      none	B	[!#1:1][CX4:2]!@[CX4:3][!#1:4]	80.0022	1.75235	-	-	-	-	G
C05434222      none	B	[C:1][CX4H2:2]!@[CX3:3]=[O:4]	119.997	0.695249	-	-	-	-	O
C40604907      none	B	[OX2:1][CX4:2]!@[CX4:3][N:4]	60.0068	15.2809	-	-	-	-	G
C40604907      none	B	[$([CX3]=O):1][NX3H1:2]!@[CX4H2:3][C:4] 	119.994	2.76407	-	-	-	-	O
C40604907      none	B	[O:1]=[CX3:2]!@[NX3H1:3][!#1:4]	0.00767468	63.7893	-	-	-	-	G
C40604907      none	B	[O:1]=[CX3:2]!@[NX3H0:3][!#1:4]	-149.696	1.37927	-	-	-	-	O
C40604907      none	B	[O:1]=[C:2]([O-])!@[CX4H1:3][H:4]	0.00177993	0.495663	-	-	-	-	O
C37451076      none	B	[!#1:1][CX4H2:2]!@[CX4H2:3][!#1:4]	179.994	58.554	-	-	-	-	G
C37451076      none	B	[cH0:1][c:2]!@[CX4H2:3][CX4:4]	90.3181	18.5823	-	-	-	-	G
C37451076      none	B	[cH0:1][c:2]!@[CX4H2:3][CX4:4]	90.005	18.5823	-	-	-	-	G
C37451076      none	B	[s:1][c:2]!@[C:3]([NH1])=[O:4]	-29.7232	2.1978	-	-	-	-	O
C37451076      none	B	[O:1]=[CX3:2]!@[NX3H1:3][!#1:4]	0.00638072	63.7893	-	-	-	-	G
C37451076      none	B	[$(C=O):1][NX3H1:2]!@[CX4H1:3][H:4]	180	0.712411	-	-	-	-	R
C37451076      none	B	[OX2:1][CX4:2]!@[CX4:3][N:4]	-79.9984	3.59551	-	-	-	-	G
C37451076      none	B	[O:1]=[C:2]([O-])!@[CX4H1:3][H:4]	90.0008	0.86741	-	-	-	-	O
C37744495      none	B	[!#1:1][CX4:2]!@[CX4:3][!#1:4]	-79.9936	1.71775	-	-	-	-	G
C37744495      none	B	[O:1]=[C:2]([O-])!@[CX4H1:3][H:4]	0.00639815	0.495663	-	-	-	-	O
C37744495      none	B	[$(S(=O)(=O)):1][NX3H1:2]!@[CX4H1:3][H:4]	-0.00559954	7.36648	-	-	-	-	G
C37744495      none	B	[c:1][$(S(=O)=O):2]!@[NX3H1:3][C:4]	90.0037	2.64026	-	-	-	-	G
C37744495      none	B	[aH1:1][c:2]([aH1])!@[SX4:3][!#1:4]	-89.6946	12.5987	-	-	-	-	G
C40536603      none	B	[aH1:1][c:2]([aH0])!@[SX2:3][!#1:4]	60.0002	1.24514	-	-	-	-	O
C40536603      none	B	[$(C=O):1][NX3:2]!@[a:3][aH0:4]	-119.996	2.3332	-	-	-	-	G
C40536603      none	B	[O:1]=[CX3:2]([$([NX3H1]C)])!@[NX3H1:3][!#1:4]	179.997	9.5176	-	-	-	-	R
C40536603      none	B	[O:1]=[CX3:2]([$([NX3H1]C)])!@[NX3H1:3][!#1:4]	0.00198472	41.1343	-	-	-	-	G
C40536603      none	B	[$(C=O):1][NX3H1:2]!@[CX4H1:3][H:4]	-59.9976	1.23735	-	-	-	-	G
C40536603      none	B	[OX2:1][CX4:2]!@[CX4:3][N:4]	79.9985	3.55056	-	-	-	-	G
C40536603      none	B	[O:1]=[C:2]([O-])!@[CX4H1:3][H:4]	-0.00681194	0.495663	-	-	-	-	O
C40536603      none	B	[!#1:1][CX4:2]!@[SX2:3][!#1:4]	180	11.1654	-	-	-	-	G
C49914763      none	B	[O:1]=[CX3:2]!@[NX3H1:3][!#1:4]	0.0175745	63.7893	-	-	-	-	G
C49914763      none	B	[$(C=O):1][NX3H1:2]!@[c:3]([cH1])[cH1:4]	-0.00773465	7.77286	-	-	-	-	G
C49914763      none	B	[cH1:1][c:2]([cH1])!@[NX3:3][CX4:4]	19.9887	2.88127	-	-	-	-	G
C49914763      none	B	[!#1:1][CX4H2:2]!@[NX3H1:3][!#1:4]	-89.9906	6.4105	-	-	-	-	G
C49914763      none	B	[a:1][c:2]!@[CX4H2:3][!#1:4]	90.3216	7.24386	-	-	-	-	G
C49914763      none	B	[a:1][c:2]!@[CX4H2:3][CX3:4]	90.0313	7.83807	-	-	-	-	G
C49914763      none	B	[c:1][CX4H2:2]!@[CX3:3]=[O:4]	-120	0.712251	-	-	-	-	O
C42690261      none	B	[OX2:1][CX4:2]!@[CX4:3][N:4]	-59.9914	14.8764	-	-	-	-	G
C42690261      none	B	[O:1]=[C:2]([O-])!@[CX4H1:3][H:4]	89.9944	0.86741	-	-	-	-	O
C42690261      none	B	[$(C=O):1][NX3H1:2]!@[CX4H1:3][H:4]	-29.9998	6.97413	-	-	-	-	G
C42690261      none	B	[O:1]=[CX3:2]!@[NX3H1:3][!#1:4]	0.00381918	63.7893	-	-	-	-	G
C42690261      none	B	[O:1]=[CX3:2]!@[NX3H0:3][!#1:4]	150.291	1.73707	-	-	-	-	O
C42690261      none	B	[O:1]=[CX3:2]!@[NX3H0:3][!#1:4]	-0.00450732	25.0866	-	-	-	-	G
C13881369      none	B	[aH1:1][c:2]([aH0])!@[SX2:3][!#1:4]	149.989	0.155642	-	-	-	-	R
C13881369      none	B	[!#1:1][CX4:2]!@[SX2:3][!#1:4]	90.0013	2.8728	-	-	-	-	G
C13881369      none	B	[!#1:1][CX4H2:2]!@[CX3:3]=[O:4]	60.0013	1.20812	-	-	-	-	G
C13881369      none	B	[O:1]=[CX3:2]!@[NX3H1:3][!#1:4]	-0.00086724	63.7893	-	-	-	-	G
C13881369      none	B	[$(C=O):1][NX3H1:2]!@[c:3](s)[n:4]	0.000586262	0.574713	-	-	-	-	R
C44217536      none	B	[a:1][c:2]!@[CX4H1:3][H:4]	-90.0046	0.504612	-	-	-	-	O
C44217536      none	B	[C:1][CX4:2]!@[CX3:3][C:4]	60.0027	7.72028	-	-	-	-	G
C44217536      none	B	[!#1:1][CX3:2]!@[SX2:3][!#1:4]	89.9903	1.80723	-	-	-	-	G
C44217536      none	B	[!#1:1][CX4:2]!@[SX2:3][!#1:4]	179.999	11.1654	-	-	-	-	G
C44217536      none	B	[!#1:1][CX4:2]!@[CX4:3][!#1:4]	159.997	1.81259	-	-	-	-	G
C44217536      none	B	[C:1][CX4H2:2]!@[CX3:3]=[O:4]	-89.9967	1.15875	-	-	-	-	O
C59773998      none	B	[O-:1][N+:2](=O)!@[c:3]([cH0])[cH,nX2H0:4]	89.8338	0.274725	-	-	-	-	O
C59773998      none	B	[aH0:1][c:2]([aH0])!@[SX4:3][!#1:4]	36.1414	1.25698	-	-	-	-	R
C59773998      none	B	[c:1][S:2](=O)(=O)!@[NX2H0-:3]-[*:4]	89.9986	2.77778	-	-	-	-	G
C59773998      none	B	[$(S(=O)(=O)):1][NH0:2]!@[c:3]([cH1])[cH0:4]	119.735	0	-	-	-	-	R
C59773998      none	B	[cH0:1][c:2]([cH1])!@[CX3:3]([NX3H0])=[O:4]	60.007	6.54545	-	-	-	-	G
C59773998      none	B	[O:1]=[CX3:2](a)!@[NX3H0:3][!#1:4]	-149.724	2.19542	-	-	-	-	O
C59773998      none	B	[C:1][CX4:2]!@[CX3:3]=[O:4]	-150.07	1.18876	-	-	-	-	G
C40577961      none	B	[!#1:1][CH2:2]!@[n:3][a:4]	-134.685	0.908865	-	-	-	-	O
C40577961      none	B	[$(C=O):1][NX3H1:2]!@[c:3]([cH1])[cH1:4]	29.9776	5.05437	-	-	-	-	G
C40577961      none	B	[O:1]=[CX3:2]!@[NX3H1:3][!#1:4]	60.0063	0	-	-	-	-	R
C40577961      none	B	[O:1]=[CX3:2]!@[NX3H0:3][!#1:4]	0.300506	25.0866	-	-	-	-	G
C40577961      none	B	[O:1]=[C:2]([O-])!@[CX4H1:3][H:4]	90.007	0.86741	-	-	-	-	O
C39481115      none	B	[cH1:1][c:2]([cH1])!@[CX4H2:3][CX4:4]	90.0005	11.713	-	-	-	-	G
C39481115      none	B	[$(S(=O)(=O)):1][NH1:2]!@[c:3]([cH1])[cH0:4]	149.979	8.74525	-	-	-	-	G
C39481115      none	B	[cH0:1][c:2]([cH,nX2H0])!@[NX3H0:3][CX4:4]	120.273	2.29463	-	-	-	-	O
C39481115      none	B	[!#1:1][CX4:2]!@[SX2:3][!#1:4]	-59.9987	7.13757	-	-	-	-	G
C39481115      none	B	[*:1][$(S(=O)=O):2]!@[NX3H1:3][*:4]	90.0003	4.90782	-	-	-	-	G
C33642099      none	B	[$(C=O):1][NX3H0:2]!@[c:3]([s,o])[n:4]	149.93	2.63158	-	-	-	-	R
C33642099      none	B	[a:1][c:2]!@[CX4H1:3][N,O:4]	120.006	3.12238	-	-	-	-	G
C33642099      none	B	[*^2:1]~[C^2:2]([!H])!@[C^2:3]~[*^2:4]	-120.006	0.661024	-	-	-	-	G
C33642099      none	B	[s:1][c:2]([aX2,cH1])!@[CX3:3]=[O:4]	180	12.4339	-	-	-	-	R
C33642099      none	B	[cH1:1][c:2](cO)!@[O:3][C:4]	-89.7825	0.35524	-	-	-	-	R
C02310538      none	B	[cH1:1][c:2]([cH1])!@[CX3:3]=[O:4]	60.2751	0.265671	-	-	-	-	R
C02310538      none	B	[$(C=O):1][NX3H1:2]!@[c:3]([cH1])[cH1:4]	150.256	5.05437	-	-	-	-	G
C02310538      none	B	[O:1]=[CX3:2]!@[NX3H1:3][!#1:4]	-0.0139427	63.7893	-	-	-	-	G
C02310538      none	B	[!#1:1][CX4H2:2]!@[CX3:3]=[O:4]	-89.9905	1.11373	-	-	-	-	G
C02310538      none	B	[!#1:1][CX4:2]!@[SX2:3][!#1:4]	-60.0014	7.13757	-	-	-	-	G
C02310538      none	B	[!#1:1][CX3:2]!@[SX2:3][!#1:4]	149.996	0.64006	-	-	-	-	R
C02310538      none	B	[a:1][c:2]!@[CX4H1:3][H:4]	150.066	3.71955	-	-	-	-	G
C02310538      none	B	[*^2:1]~[C^2:2]([!H])!@[C^2:3]~[*^2:4]	59.9752	0.650722	-	-	-	-	O
C02310538      none	B	[O:1]=[C:2]!@[O:3]~[C:4]	0.00101354	74.4927	-	-	-	-	G
C35354079      none	B	[aH1:1][c:2]([aH1])!@[SX4:3][!#1:4]	-89.7277	12.5987	-	-	-	-	G
C35354079      none	B	[a:1][a:2]!@[NX3:3][!#1:4]	29.9903	1.9288	-	-	-	-	O
C35354079      none	B	[aH0:1][c:2]([aH1])!@[SX4:3][!#1:4]	69.7503	11.3606	-	-	-	-	G
C35354079      none	B	[c:1][S:2](=O)(=O)!@[NX2H0-:3]-[*:4]	59.9957	8.33333	-	-	-	-	G
C35354079      none	B	[$(S(=O)(=O)):1][N:2]!@[c:3][a:4]	149.996	2.09961	-	-	-	-	G
C26573299      none	B	[*:1]~[NX2:2]!@[OX2:3]~[*:4]	179.997	49.4817	-	-	-	-	G
C26573299      none	B	[cH1:1][c:2]([nX2])!@[CX3:3]=[NX2:4]	60.27	0.131752	-	-	-	-	R
C26573299      none	B	[*^2:1]~[C^2:2]([!H])!@[C^2:3]~[*^2:4]	30.0035	1.05249	-	-	-	-	G
C26573299      none	B	[O:1]=[CX3:2]!@[NX3H1:3][!#1:4]	-0.000723191	63.7893	-	-	-	-	G
C26573299      none	B	[$(C=O):1][NX3H1:2]!@[CX4H1:3][H:4]	-59.9948	1.23735	-	-	-	-	G
C26573299      none	B	[*:1][$(S(=O)=O):2]!@[NX3H0r:3][*:4]	90.0023	4.85782	-	-	-	-	G
C61323072      none	B	[a:1][c:2]!@[CX4H2:3][!#1:4]	-135	2.0362	-	-	-	-	O
C61323072      none	B	[$(C=O):1][NX3H1:2]!@[CX4H2:3][$([c]([cH,nX2H0])[cH,nX2H0]):4]	180	3.5443	-	-	-	-	G
C61323072      none	B	[O:1]=[CX3:2]([$([NX3H1]C)])!@[NX3H1:3][!#1:4]	-0.00140811	41.1343	-	-	-	-	G
C61323072      none	B	[O:1]=[C:2]([NH1])!@[NX3H1:3](C=O)[H:4]	0.00528885	58.9474	-	-	-	-	G
C61323072      none	B	[O:1]=[C:2]!@[NX3H1:3](C=O)[H:4]	180	35.6725	-	-	-	-	G
C61323072      none	B	[OX2:1][CX4H2:2]!@[CX3:3]([$([NX3H1,NX3H2])])=[O:4]	149.984	1.07143	-	-	-	-	R
C61323072      none	B	[C:1][CH2:2]!@[O:3][CX4:4]	-80.0037	1.18773	-	-	-	-	G
C61323072      none	B	[C:1][CH2:2]!@[O:3][CX4:4]	40.001	0	-	-	-	-	R
C61323072      none	B	[O:1][CX4:2]!@[CX3:3]=[O:4]	-89.9889	0.491063	-	-	-	-	O
C52784598      none	B	[C:1][CH2:2]!@[O:3][CX4:4]	80.0045	1.71561	-	-	-	-	G
C52784598      none	B	[!#1:1][CX4H2:2]!@[CX4H2:3][!#1:4]	179.997	58.554	-	-	-	-	G
C52784598      none	B	[!#1:1][CX4:2]!@[CX4:3][!#1:4]	60.0036	12.3771	-	-	-	-	G
C52784598      none	B	[O:1]=[C:2]([O-])!@[CX4H1:3][H:4]	0.00371164	0.495663	-	-	-	-	O
C52784598      none	B	[$(C=O):1][NX3H1:2]!@[CX4H1:3][H:4]	-59.9952	1.23735	-	-	-	-	G
C52784598      none	B	[O:1]=[CX3:2]!@[NX3H1:3][!#1:4]	-0.00449456	63.7893	-	-	-	-	G
C52784598      none	B	[C:1][CX4:2]!@[CX3:3]=[O:4]	150.063	1.17362	-	-	-	-	G
C52784598      none	B	[O:1]=[CX3:2]!@[NX3H0:3][!#1:4]	-149.998	1.37927	-	-	-	-	O
C20310395      none	B	[CX3:1]=[CX3:2]!@[CH2:3][OX2:4]	-119.991	9.31298	-	-	-	-	G
C20310395      none	B	[C:1][CX4H2:2]!@[OX2:3][c:4]	59.995	0.147399	-	-	-	-	G
C20310395      none	B	[cH1:1][c:2]([cH1])!@[O:3][C:4]	-149.715	0.243246	-	-	-	-	R
C20310395      none	B	[a:1][c:2]!@[CX4H1:3][N,O:4]	121.591	3.12238	-	-	-	-	G
C20310395      none	B	[*^2:1]~[C^2:2]([!H])!@[C^2:3]~[*^2:4]	-120.035	0.661024	-	-	-	-	G
C20310395      none	B	[$([CX3]=O):1][NX3H0:2](C)!@[CX4H2:3][C:4]	150.019	0.0857633	-	-	-	-	R
C20310395      none	B	[!#1:1][CX4H2:2]!@[CX4H2:3][!#1:4]	180	58.554	-	-	-	-	G
C20310395      none	B	[CX4:1][CX4H2:2]!@[NX3;"N_lp":3][CX4:4]	-156.359	6.65327	-	-	-	-	G
C20310395      none	B	[$([cH0]!@[*^2]):1][c:2]([cH1])!@[CX3:3]=[O:4]	89.9955	0.422886	-	-	-	-	O
C20215744      none	B	[a:1][c:2]!@[C:3]([NH1,NH2])=[O:4]	29.9996	4.93827	-	-	-	-	O
C20215744      none	B	[O:1]=[CX3:2]!@[NX3H1:3][!#1:4]	0.000623167	63.7893	-	-	-	-	G
C20215744      none	B	[$(C=O):1][NX3H1:2]!@[CX4H1:3][H:4]	-60.0016	1.23735	-	-	-	-	G
C20215744      none	B	[OX2:1][CX4:2]!@[CX4:3][N:4]	60.0103	15.2809	-	-	-	-	G
C20215744      none	B	[O:1]=[C:2]([O-])!@[CX4H1:3][H:4]	0.00440184	0.495663	-	-	-	-	O
C49147978      none	B	[!#1:1][CX4:2]!@[CX4:3][!#1:4]	80.0003	1.75235	-	-	-	-	G
C49147978      none	B	[$(C=O):1][NX3H1:2]!@[CX4H1:3][H:4]	-29.9923	6.97413	-	-	-	-	G
C49147978      none	B	[n,o,s:1][c:2]!@[CX4H2:3][CX4:4]	89.9988	4.03889	-	-	-	-	G
C49147978      none	B	[O:1]=[CX3:2]!@[NX3H1:3][!#1:4]	-0.00599825	63.7893	-	-	-	-	G
C49147978      none	B	[O:1]=[CX3:2]!@[NX3H0:3][!#1:4]	0.317109	25.0866	-	-	-	-	G
C49147978      none	B	[O:1]=[C:2]([O-])!@[CX4H1:3][H:4]	89.9991	0.86741	-	-	-	-	O
C66250616      none	B	[aH1:1][c:2]([aH1])!@[SX4:3][!#1:4]	-90.0062	12.5987	-	-	-	-	G
C66250616      none	B	[c:1][S:2](=O)(=O)!@[NX2H0-:3]-[*:4]	-59.9989	11.1111	-	-	-	-	G
C66250616      none	B	[$(S(=O)(=O)):1][N:2]!@[c:3][a:4]	90.0025	4.78516	-	-	-	-	G
C66250616      none	B	[a:1][c:2]!@[CX4H2:3][CX3:4]	90.0044	7.83807	-	-	-	-	G
C66250616      none	B	[c:1][CX4H2:2]!@[CX3:3]=[O:4]	59.9934	1.9943	-	-	-	-	G
C61712872      none	B	[!#1:1][CX4:2]!@[SX2:3][!#1:4]	180	11.1654	-	-	-	-	G
C61712872      none	B	[!#1:1][CX4H2:2]!@[CX4H2:3][!#1:4]	180	58.554	-	-	-	-	G
C61712872      none	B	[!#1:1][CX4:2]!@[CX4:3][!#1:4]	-60.0021	12.2558	-	-	-	-	G
C61712872      none	B	[O:1]=[C:2]([O-])!@[CX4H1:3][H:4]	-0.00451786	0.495663	-	-	-	-	O
C61712872      none	B	[$(C=O):1][NX3H1:2]!@[CX4H1:3][H:4]	30.0084	9.46757	-	-	-	-	G
C61712872      none	B	[O:1]=[CX3:2]!@[NX3H1:3][!#1:4]	-0.00705819	63.7893	-	-	-	-	G
C61712872      none	B	[O:1]=[CX3:2]!@[NX3H0:3][!#1:4]	0.308027	25.0866	-	-	-	-	G
C50292431      none	B	[C:1][CX4:2]!@[CX3:3]=[O:4]	-59.9979	2.40592	-	-	-	-	G
C50292431      none	B	[C:1][CX4:2]!@[CX3:3]=[O:4]	0.00330107	5.61823	-	-	-	-	G
C50292431      none	B	[O:1]=[CX3:2]!@[NX3H0:3][!#1:4]	-149.725	1.37927	-	-	-	-	O
C50292431      none	B	[!#1:1][CX4:2]!@[CX4:3][!#1:4]	80.005	1.75235	-	-	-	-	G
C50292431      none	B	[C:1][CX4H2:2]!@[CX3:3]=[O:4]	90.0014	1.30773	-	-	-	-	O
C02880250      none	B	[$(S(=O)(=O)):1][NH0:2]!@[c:3]([cH1])[cH0:4]	-120.03	0	-	-	-	-	R
C02880250      none	B	[c:1][S:2](=O)(=O)!@[NX2H0-:3]-[*:4]	60.0024	8.33333	-	-	-	-	G
C02880250      none	B	[aH0:1][c:2]([aH1])!@[SX4:3][!#1:4]	89.7212	4.49141	-	-	-	-	G
C02880250      none	B	[cH1:1][c:2]([cH1])!@[C:3]([NH1,NH2])=[O:4]	-152.983	8.78518	-	-	-	-	G
C02880250      none	B	[O:1]=[CX3:2]!@[NX3H1:3][!#1:4]	-0.00177991	63.7893	-	-	-	-	G
C02880250      none	B	[$(C=O):1][NX3:2]!@[a:3][aH0:4]	120.001	2.43553	-	-	-	-	G
C02880250      none	B	[$([c]([NH1,NH2])):1][c:2]!@[CX3:3]([!O])=[O:4]	150.005	0	-	-	-	-	R
C02880250      none	B	[O:1]=[CX3:2]!@[NX3H1:3][!#1:4]	-0.00635232	63.7893	-	-	-	-	G
C02880250      none	B	[$([CX3]=O):1][NX3H1:2]!@[CX4H2:3][C:4] 	-59.9996	1.43139	-	-	-	-	G
C02880250      none	B	[OX2:1][CX4H2:2]!@[CX4H2:3][N:4]	179.999	8.36763	-	-	-	-	G
C02880250      none	B	[C:1][CH2:2]!@[O:3][CX4:4]	180	35.2689	-	-	-	-	G
C43700805      none	B	[!#1:1][CH2:2]!@[n:3][a:4]	90.0032	13.2097	-	-	-	-	G
C43700805      none	B	[!#1:1][CX4H2:2]!@[CX3:3]=[O:4]	-0.00661395	19.1789	-	-	-	-	G
C43700805      none	B	[O:1]=[CX3:2]!@[NX3H0:3][!#1:4]	-149.724	1.37927	-	-	-	-	O
C43700805      none	B	[O:1]=[C:2]([O-])!@[CX4H1:3][H:4]	-0.00165708	0.495663	-	-	-	-	O
C42612227      none	B	[$(C=O):1][NX3H1:2]!@[CX4H1:3][H:4]	-30.0044	6.97413	-	-	-	-	G
C42612227      none	B	[O:1]=[CX3:2]!@[NX3H1:3][!#1:4]	0.000404921	63.7893	-	-	-	-	G
C42612227      none	B	N[C:2](=[O:1])!@[CH2:3][N:4]	-60.0126	0.14881	-	-	-	-	R
C42612227      none	B	[$([CX3]=O):1][NX3H0:2](C)!@[CX4H2:3][C:4]	120	2.74443	-	-	-	-	O
C42612227      none	B	[O:1]=[CX3:2]!@[NX3H0:3][!#1:4]	29.9953	0.680979	-	-	-	-	O
C42612227      none	B	[O:1]=[CX3:2]!@[NX3H0:3][!#1:4]	30.311	0.680979	-	-	-	-	O
C42612227      none	B	[O:1]=[C:2]([O-])!@[CX4H1:3][H:4]	0.00388131	0.495663	-	-	-	-	O
C38752543      none	B	[O:1]=[CX3:2]!@[NX3H1:3][!#1:4]	0.00412042	63.7893	-	-	-	-	G
C38752543      none	B	[$(C=O):1][NX3H1:2]!@[CX4H0:3][C:4]	51.9743	5.8022	-	-	-	-	G
C38752543      none	B	[$([CX3]=O):1][NX3H0:2](C)!@[CX4H2:3][C:4]	119.983	2.74443	-	-	-	-	O
C38752543      none	B	[!#1:1][CX4H2:2]!@[CX4H2:3][!#1:4]	180	58.554	-	-	-	-	G
C38752543      none	B	[cH0:1][c:2]!@[CX4H2:3][CX4:4]	-45.0014	0.101266	-	-	-	-	R
C40533075      none	B	[$(C=O):1][NX3:2]!@[a:3][aH0:4]	90.0018	3.35653	-	-	-	-	G
C40533075      none	B	[O:1]=[CX3:2]!@[NX3H1:3][!#1:4]	-0.00223754	63.7893	-	-	-	-	G
C40533075      none	B	[O:1]=[CX3:2]!@[NX3H0:3][!#1:4]	0.311572	25.0866	-	-	-	-	G
C40533075      none	B	[O:1]=[C:2]([O-])!@[CX4H1:3][H:4]	90.0009	0.86741	-	-	-	-	O
C49539191      none	B	[a:1][c:2]!@[CX4H2:3][!#1:4]	44.9985	1.59785	-	-	-	-	O
C49539191      none	B	[$(C=O):1][NX3H1:2]!@[CX4H2:3][!#1:4]	180	5.78057	-	-	-	-	G
C49539191      none	B	[O:1]=[CX3:2]([$([NX3H1]C)])!@[NX3H1:3][!#1:4]	-0.00489828	41.1343	-	-	-	-	G
C49539191      none	B	[O:1]=[C:2]([NH1])!@[NX3H1:3](C=O)[H:4]	0.000595121	58.9474	-	-	-	-	G
C49539191      none	B	[O:1]=[C:2]!@[NX3H1:3](C=O)[H:4]	180	35.6725	-	-	-	-	G
C49539191      none	B	[OX2:1][CX4H2:2]!@[CX3:3]([$([NX3H1,NX3H2])])=[O:4]	149.994	1.07143	-	-	-	-	O
C49539191      none	B	[C:1][CH2:2]!@[O:3][CX4:4]	-79.9978	1.18773	-	-	-	-	G
C49539191      none	B	[C:1][CH2:2]!@[O:3][CX4:4]	39.9945	0	-	-	-	-	R
C49539191      none	B	[O:1][CX4:2]!@[CX3:3]=[O:4]	-89.9941	0.491063	-	-	-	-	O
C50959550      none	B	[O:1][CX4:2]!@[CX3:3]=[O:4]	-120.029	1.11962	-	-	-	-	O
C50959550      none	B	[O:1]=[CX3:2]!@[NX3H0:3][!#1:4]	150.32	1.73707	-	-	-	-	O
C50959550      none	B	[O:1]=[C:2]([O-])!@[CX4H1:3][H:4]	-2.5449e-06	0.495663	-	-	-	-	O
C43399700      none	B	[cH0:1][c:2]!@[C:3](=[N:4])	59.9845	0.807823	-	-	-	-	G
C43399700      none	B	[cH0:1][c:2]([cH,nX2H0])!@[NX3H0:3][CX4:4]	60.2809	3.25838	-	-	-	-	G
C40557404      none	B	[OX2:1][CX4:2]!@[CX4:3][N:4]	-45.8526	6.29213	-	-	-	-	G
C40557404      none	B	[$([CX3]=O):1][NX3H1:2]!@[CX4H2:3][C:4] 	-119.997	2.61599	-	-	-	-	O
C40557404      none	B	[O:1]=[CX3:2]!@[NX3H1:3][!#1:4]	-0.00208709	63.7893	-	-	-	-	G
C40557404      none	B	[O:1]=[CX3:2]!@[NX3H0:3][!#1:4]	30.3118	0.680979	-	-	-	-	O
C40557404      none	B	[O:1]=[C:2]([O-])!@[CX4H1:3][H:4]	0.000680972	0.495663	-	-	-	-	O
C66230789      none	B	[NH1:1][CX4:2]!@[CX3:3]=[O:4]	-60.0001	1.73074	-	-	-	-	O
C66230789      none	B	[$(C=O):1][NX3H1:2]!@[CX4H1:3][H:4]	-30.0021	6.97413	-	-	-	-	G
C66230789      none	B	[*^2:1]~[C^2:2]([!H])!@[C^2:3]~[*^2:4]	-120.006	0.661024	-	-	-	-	G
C66230789      none	B	[*:1]~[CX3:2]!@[NX3:3]~[*:4]	-149.991	0.515099	-	-	-	-	G
C66230789      none	B	[C:1][CX4H2:2]!@[NX3:3][C:4]	159.999	2.70735	-	-	-	-	G
C66230789      none	B	[CX3:1]=[CX3:2]!@[CH2:3][!#1:4]	-120.002	9.03499	-	-	-	-	G
C66230789      none	B	[O:1]=[CX3:2]!@[NX3H1:3][!#1:4]	0.00480106	63.7893	-	-	-	-	G
C66230789      none	B	[C:1][CX4:2]!@[CX3:3]=[O:4]	-41.7678	2.42106	-	-	-	-	G
C40524515      none	B	[O:1]=[CX3:2]!@[NX3H0:3][!#1:4]	-30.0002	0.692521	-	-	-	-	O
C40524515      none	B	[O:1]=[CX3:2]!@[NX3H1:3][!#1:4]	-0.00124325	63.7893	-	-	-	-	G
C40524515      none	B	[$(C=O):1][NX3H1:2]!@[CX4H0:3][C:4]	-57.3455	14.7253	-	-	-	-	G
C40524515      none	B	[NH1:1][CX4:2]!@[CX3:3]=[O:4]	90.0066	0.183795	-	-	-	-	R
C50376569      none	B	[H:1][CX4H1:2]!@[O:3][CX4:4]	39.9968	11.9906	-	-	-	-	G
C50376569      none	B	[$(C=O):1][NX3H1:2]!@[CX4H1:3][H:4]	-30	6.97413	-	-	-	-	G
C50376569      none	B	[O:1]=[CX3:2]([$([NX3H1]C)])!@[NX3H1:3][!#1:4]	0.00345412	41.1343	-	-	-	-	G
C50376569      none	B	[O:1]=[CX3:2]([$([NX3H1]C)])!@[NX3H1:3][!#1:4]	-0.00233467	41.1343	-	-	-	-	G
C50376569      none	B	[$(C=O):1][NX3H1:2]!@[CX4H1:3][H:4]	59.999	6.22422	-	-	-	-	G
C50376569      none	B	[a:1][c:2]!@[CX4H1:3][N,O:4]	150.274	3.7643	-	-	-	-	G
C50376569      none	B	[O:1]=[C:2]([O-])!@[CX4H1:3][H:4]	90.0079	0.86741	-	-	-	-	O
C62963550      none	B	[C:1][CX4:2]!@[CX3:3]=[O:4]	-0.000716774	5.61823	-	-	-	-	G
C62963550      none	B	[!#1:1][CX4:2]!@[CX4:3][!#1:4]	56.9626	12.3771	-	-	-	-	G
C20426694      none	B	[$(S(=O)(=O)):1][N:2]!@[c:3][a:4]	150.002	2.09961	-	-	-	-	G
C20426694      none	B	[c:1][S:2](=O)(=O)!@[NX2H0-:3]-[*:4]	89.9965	2.77778	-	-	-	-	G
C20426694      none	B	[aH1:1][c:2]([aH1])!@[SX4:3][!#1:4]	-89.7184	12.5987	-	-	-	-	G
C20426694      none	B	[$(C=O):1][NX3H1:2]!@[c:3]([cH1])[cH1:4]	59.9686	0.402739	-	-	-	-	R
C20426694      none	B	[O:1]=[CX3:2]!@[NX3H1:3][!#1:4]	0.00773533	63.7893	-	-	-	-	G
C20426694      none	B	[*^2:1]~[C^2:2]([!H])!@[C^2:3]~[*^2:4]	0.000494679	20.0453	-	-	-	-	G
C20426694      none	B	[*^2:1]~[C^2:2]([!H])!@[C^2:3]~[*^2:4]	-0.000126861	20.0453	-	-	-	-	G
C13240783      none	B	[cH0:1][c:2]([cH,nX2H0])!@[NX3H0:3][CX4:4]	60.2693	3.25838	-	-	-	-	G
C13240783      none	B	[O-:1][N+:2](=O)!@[c:3]([cH0])[cH,nX2H0:4]	89.9767	0.274725	-	-	-	-	O
C13240783      none	B	[O:1]=[C:2]([O-])!@[c:3]([cH1])[cH1:4]	-179.965	7.35294	-	-	-	-	G
C13240783      none	B	[O:1]=[CX3:2]!@[NX3H0:3][!#1:4]	0.0041677	25.0866	-	-	-	-	G
C13240783      none	B	[C:1][CX4:2]!@[CX3:3]=[O:4]	-120.869	3.42432	-	-	-	-	G
C06385065      none	B	[O:1]=[C:2]!@[O:3]~[C:4]	0.0054628	74.4927	-	-	-	-	G
C06385065      none	B	[NH1:1][CX4:2]!@[CX3:3]=[O:4]	-0.000900657	6.89233	-	-	-	-	G
C06385065      none	B	[!#1:1][CX4:2]!@[CX4:3][!#1:4]	-59.9978	12.2558	-	-	-	-	G
C06385065      none	B	[!#1:1][CX4:2]!@[SX4:3][!#1:4]	-174.669	7.34737	-	-	-	-	G
C44509781      none	B	[$(S(=O)(=O)):1][N:2]!@[c:3][a:4]	150.002	2.09961	-	-	-	-	G
C44509781      none	B	[*:1]~[N,n:2]!@[S:3]~[*:4]	56.0314	4.33354	-	-	-	-	O
C44509781      none	B	[!#1:1][CX4:2]!@[SX4:3][!#1:4]	179.996	13.1368	-	-	-	-	G
C60060230      none	B	[$(S(=O)(=O)):1][NH0:2]!@[c:3]([cH1])[cH0:4]	-120.011	0	-	-	-	-	R
C60060230      none	B	[a:1][c:2]!@[C:3]([NH1,NH2])=[O:4]	179.999	9.31373	-	-	-	-	G
C60060230      none	B	[c:1][S:2](=O)(=O)!@[NX2H0-:3]-[*:4]	59.9979	8.33333	-	-	-	-	G
C60060230      none	B	[aH1:1][c:2]([aH1])!@[SX4:3][!#1:4]	-89.7193	12.5987	-	-	-	-	G
C60060230      none	B	[cH1:1][a:2]([cH1])!@[a:3]([sX2,o,nX2H0,nX3H1:4])([cH1])	180	11.5003	-	-	-	-	G
C60060290      none	B	[$([CX3]=O):1][NX3H0:2](C)!@[CX4H2:3][C:4]	90.0065	14.7513	-	-	-	-	G
C60060290      none	B	[$([CX3]=O):1][NX3H0:2](C)!@[CX4H2:3][C:4]	89.9994	14.7513	-	-	-	-	G
C60060290      none	B	[O:1]=[CX3:2](a)!@[NX3H0:3][!#1:4]	30.0001	0.896722	-	-	-	-	O
C60060290      none	B	[a:1][c:2]!@[C:3]([NH0])=[O:4]	60.279	3.02778	-	-	-	-	G
C60060290      none	B	[$(S(=O)(=O)):1][NH0:2]!@[c:3]([cH1])[cH1:4]	-90.0133	17.7686	-	-	-	-	G
C60060290      none	B	[c:1][S:2](=O)(=O)!@[NX2H0-:3]-[*:4]	-90.0056	2.77778	-	-	-	-	G
C60060290      none	B	[aH1:1][c:2]([aH1])!@[SX4:3][!#1:4]	-89.7162	12.5987	-	-	-	-	G
C60060290      none	B	[cH1:1][a:2]([cH1])!@[a:3]([sX2,o,nX2H0,nX3H1:4])([cH1])	180	11.5003	-	-	-	-	G
C57524269      none	B	[!#1:1][CH2:2]!@[n:3][cH0:4]	-89.9989	15.4696	-	-	-	-	G
C57524269      none	B	[a:1][c:2]!@[CX4H2:3][a:4]	-89.692	5.18797	-	-	-	-	G
C42481367      none	B	[$(C=O):1][NX3H0:2]!@[CX4H1:3][H:4]	-0.00629865	15.8824	-	-	-	-	G
C42481367      none	B	[$([CX3]=O):1][NX3H0:2](C)!@[CX4H2:3][C:4]	59.9916	0.600343	-	-	-	-	O
C42481367      none	B	[O:1]=[CX3:2]!@[NX3H0:3][!#1:4]	180	18.2537	-	-	-	-	G
C42481367      none	B	[OX2:1][CX4H2:2]!@[CX4H2:3][N:4]	60.0087	17.6955	-	-	-	-	G
C42481367      none	B	[O:1]=[CX3:2]!@[NX3H1:3][!#1:4]	-89.9921	0	-	-	-	-	R
C42481367      none	B	[$(C=O):1][NX3H1:2]!@[c:3]([cH1])[cH1:4]	179.998	8.15546	-	-	-	-	G
C42481367      none	B	[O:1]=[C:2]([O-])!@[c:3]([cH1])[cH0:4]	0.00551868	8.88889	-	-	-	-	G
C38029822      none	B	[$(C=O):1][NX3H1:2]!@[c:3]([cH1])[cH1:4]	-30.0023	5.05437	-	-	-	-	G
C38029822      none	B	[!#1:1][CH2:2]!@[n:3][a:4]	45.0065	0.859064	-	-	-	-	O
C38029822      none	B	[!#1:1][CX4H2:2]!@[CX3:3]=[O:4]	-90.0124	1.11373	-	-	-	-	G
C38029822      none	B	[O:1]=[CX3:2]!@[NX3H1:3][!#1:4]	0.00207757	63.7893	-	-	-	-	G
C38029822      none	B	[!#1:1][CX4H2:2]!@[CX3:3]=[O:4]	-150.001	0.689004	-	-	-	-	O
C38029822      none	B	[!#1:1][CH2:2]!@[n:3][a:4]	90.323	13.2097	-	-	-	-	G
C05725661      none	B	[O:1]=[C:2]([O-])!@[CX4H1:3][H:4]	-0.00156452	0.495663	-	-	-	-	O
C05725661      none	B	[O:1]=[CX3:2]!@[NX3H0:3][!#1:4]	0.00249647	25.0866	-	-	-	-	G
C05725661      none	B	[OH1:1][CX4:2]!@[CX3:3]=[O:4]	59.9973	0.52161	-	-	-	-	R
C05725661      none	B	[OX2:1][CX4:2]!@[CX4:3][OX2:4]	-59.986	16.2177	-	-	-	-	G
C05725661      none	B	[OX2:1][CX4:2]!@[CX4:3][OX2:4]	179.997	13.4277	-	-	-	-	G
C05725661      none	B	[OX2:1][CX4:2]!@[CX4:3][OX2:4]	180	13.4277	-	-	-	-	G
C05725661      none	B	[OX2:1][CX4:2]!@[CX4:3][OX2:4]	-59.9994	16.2177	-	-	-	-	G
C35005325      none	B	[C:1][CX4H2:2]!@[OX2:3][c:4]	-149.996	1.28448	-	-	-	-	O
C35005325      none	B	[cH1:1][c:2](cO)!@[O:3][C:4]	-60.0005	0.103612	-	-	-	-	R
C35005325      none	B	[a:1][c:2]!@[CX4H1:3][N,O:4]	151.596	3.7643	-	-	-	-	G
C35005325      none	B	[*^2:1]~[C^2:2]([!H])!@[C^2:3]~[*^2:4]	-149.997	1.11601	-	-	-	-	G
C35005325      none	B	[$([CX3]=O):1][NX3H0:2](C)!@[CX4H2:3][C:4]	60.0223	0.600343	-	-	-	-	O
C35005325      none	B	[!#1:1][CX4H2:2]!@[CX4H2:3][!#1:4]	59.9996	3.99483	-	-	-	-	G
C35005325      none	B	[CX4:1][CX4H2:2]!@[NX3;"N_lp":3][CX4:4]	-176.359	5.18593	-	-	-	-	G
C35005325      none	B	[cH1:1][c:2]([cH1])!@[CX3:3]([CX3H0])=[O:4]	60.2815	0.204918	-	-	-	-	R
C16696693      none	B	[!#1:1][CX4H2:2]!@[CX4H2:3][!#1:4]	180	58.554	-	-	-	-	G
C16696693      none	B	[!#1:1][CX4:2]!@[CX4:3][!#1:4]	-176.851	22.1548	-	-	-	-	G
C16696693      none	B	[NH1:1][CX4:2]!@[CX3:3]=[O:4]	148.797	9.89432	-	-	-	-	G
C16696693      none	B	[O:1]=[CX3:2]!@[NX3H1:3][!#1:4]	-0.00213934	63.7893	-	-	-	-	G
C16696693      none	B	[$(C=O):1][NX3H1:2]!@[CX4H1:3][H:4]	0.000545054	8.26772	-	-	-	-	G
C16696693      none	B	[OX2:1][CX4:2]!@[CX4:3][N:4]	59.9703	15.2809	-	-	-	-	G
C16696693      none	B	[!#1:1][CX4:2]!@[CX4:3][!#1:4]	179.993	22.1548	-	-	-	-	G
C16696693      none	B	[H:1][CX4H1:2]!@[OX2:3][!#1:4]	39.87	11.1687	-	-	-	-	G
C16696693      none	B	[!#1:1][CX4:2]!@[SX2:3][!#1:4]	79.9943	6.41197	-	-	-	-	G
C16696693      none	B	[*:1]~[OX2:2]!@[P:3]~[*:4]	60.0062	4.54722	-	-	-	-	G
C05413946      none	B	[*:1][$(S(=O)=O):2]!@[NX3H0r:3][*:4]	90.2768	4.85782	-	-	-	-	G
C05413946      none	B	[O:1]=[CX3:2]!@[NX3H0:3][!#1:4]	30.0016	0.680979	-	-	-	-	O
C05413946      none	B	[N:1][CX4:2]!@[CX3:3]=[O:4]	-149.571	3.58916	-	-	-	-	G
C05413946      none	B	[O:1]=[CX3:2]!@[NX3H1:3][!#1:4]	-0.00223875	63.7893	-	-	-	-	G
C05413946      none	B	[$(C=O):1][NX3H1:2]!@[CX4H1:3][H:4]	-59.9994	1.23735	-	-	-	-	G
C05413946      none	B	[!#1:1][CX4H2:2]!@[CX3:3]=[O:4]	-60.0067	1.45352	-	-	-	-	G
C05413946      none	B	[!#1:1][CX4:2]!@[SX2:3][!#1:4]	-159.999	3.18377	-	-	-	-	G
C05413946      none	B	[!#1:1][CX4:2]!@[SX2:3][!#1:4]	-39.9991	0.858878	-	-	-	-	O
C05413946      none	B	[!#1:1][CX4H2:2]!@[CX3:3]=[O:4]	-90.01	1.11373	-	-	-	-	G
C13169313      none	B	[aH1:1][c:2]([aH1])!@[SX2:3][!#1:4]	60.004	2.51537	-	-	-	-	G
C13169313      none	B	[O-:1][N+:2](=O)!@[c:3]([cH,nX2H0])[cH,nX2H0:4]	179.992	23.2156	-	-	-	-	G
C13169313      none	B	[!#1:1][CX4:2]!@[SX2:3][!#1:4]	59.9946	7.53739	-	-	-	-	G
C13169313      none	B	[!#1:1][CX4H2:2]!@[CX3:3]=[O:4]	90.0013	1.06654	-	-	-	-	G
C13169313      none	B	[O:1]=[CX3:2]!@[NX3H1:3][!#1:4]	0.015793	63.7893	-	-	-	-	G
C13169313      none	B	[$(C=O):1][NX3H1:2]!@[c:3]([cH1])[cH1:4]	59.9952	0.402739	-	-	-	-	R
C13169313      none	B	[O:1]=[C:2]([O-])!@[c:3]([cH1])[cH1:4]	179.977	7.35294	-	-	-	-	G
C13169313      none	B	[O:1]=[C:2]([O-])!@[c:3]([cH1])[cH1:4]	-179.799	7.35294	-	-	-	-	G
C43706722      none	B	[O:1]=[C:2]([O-])!@[CX4H1:3][H:4]	90.0011	0.86741	-	-	-	-	O
C43706722      none	B	[O:1]=[CX3:2]!@[NX3H0:3][!#1:4]	-150.004	1.37927	-	-	-	-	O
C43706722      none	B	[O:1]=[CX3:2]!@[NX3H0:3][!#1:4]	30.0022	0.680979	-	-	-	-	O
C43706722      none	B	[$([CX3]=O):1][NX3H0:2](C)!@[CX4H2:3][C:4]	-89.9961	15.9949	-	-	-	-	G
C43706722      none	B	[$([CX3]=O):1][NX3H0:2](C)!@[CX4H2:3][C:4]	59.9945	0.600343	-	-	-	-	O
C43706722      none	B	[OX2:1][CX4H2:2]!@[CX4H2:3][N:4]	179.996	8.36763	-	-	-	-	G
C43706722      none	B	[OX2:1][CX4H2:2]!@[CX4H2:3][N:4]	180	8.36763	-	-	-	-	G
C36978717      none	B	[cH0:1][c:2]!@[CX4H2:3][CX3:4]	90.0018	10.5615	-	-	-	-	G
C36978717      none	B	[c:1][CX4H2:2]!@[CX3:3]=[O:4]	-89.9996	2.5641	-	-	-	-	G
C36978717      none	B	[O:1]=[CX3:2]!@[NX3H1:3][!#1:4]	0.00343078	63.7893	-	-	-	-	G
C36978717      none	B	[$(C=O):1][NX3H1:2]!@[CX4H0:3][C:4]	-59.9973	14.7253	-	-	-	-	G
C36978717      none	B	[NH1:1][CX4:2]!@[CX3:3]=[O:4]	-0.00367227	6.89233	-	-	-	-	G
C38645612      none	B	[C:1][CX4:2]!@[CX3:3]=[O:4]	29.997	3.28614	-	-	-	-	G
C38645612      none	B	[O:1]=[C:2]([O-])!@[CX4H1:3][H:4]	90.0019	0.86741	-	-	-	-	O
C38645612      none	B	[O:1]=[C:2]!@[O:3]~[C:4]	-29.9947	0.0890388	-	-	-	-	R
C38645612      none	B	[$(C=O):1][O:2]!@[CH2:3]~[C:4]	149.999	2.20243	-	-	-	-	G
C38645612      none	B	[!#1:1][CX4H2:2]!@[CX4H2:3][!#1:4]	-60.001	3.77933	-	-	-	-	G
C38645612      none	B	[!#1:1][CX4:2]!@[CX4:3][!#1:4]	160.007	1.81259	-	-	-	-	G
C38645612      none	B	[!#1:1][CX4:2]!@[CX4:3][!#1:4]	-80.0054	1.71775	-	-	-	-	G
C38645612      none	B	[!#1:1][CX4:2]!@[CX4:3][!#1:4]	-59.9943	12.2558	-	-	-	-	G
C38645612      none	B	[!#1:1][CX4H2:2]!@[CX4H2:3][!#1:4]	179.998	58.554	-	-	-	-	G
C43508658      none	B	[NH1:1][CX4:2]!@[CX3:3]=[O:4]	-116.577	0.275693	-	-	-	-	G
C43508658      none	B	[$(C=O):1][NX3H1:2]!@[CX4H0:3][C:4]	-60.0001	14.7253	-	-	-	-	G
C43508658      none	B	[O:1]=[CX3:2]!@[NX3H1:3][!#1:4]	0.000982263	63.7893	-	-	-	-	G
C43508658      none	B	[NH1:1][CX4:2]!@[CX3:3]=[O:4]	150.882	9.89432	-	-	-	-	G
C06066702      none	B	[OH1:1][CX4:2]!@[CX3:3]=[O:4]	178.216	6.03577	-	-	-	-	G
C06066702      none	B	[OH1:1][CX4:2]!@[CX3:3]=[O:4]	-120.003	1.11773	-	-	-	-	O
C42397397      none	B	[O:1]=[CX3:2]!@[NX3H1:3][!#1:4]	-0.00609577	63.7893	-	-	-	-	G
C42397397      none	B	[N:1][CX4:2]!@[CX3:3]=[O:4]	-178.598	3.27555	-	-	-	-	G
C42397397      none	B	[O:1]=[CX3:2]!@[NX3H0:3][!#1:4]	-0.00134522	25.0866	-	-	-	-	G
C42397397      none	B	[O:1]=[CX3:2]!@[NX3H1:3][!#1:4]	-0.0139446	63.7893	-	-	-	-	G
C42397397      none	B	[$(C=O):1][NX3H1:2]!@[CX4H1:3][H:4]	-29.9845	6.97413	-	-	-	-	G
C42397397      none	B	[OX2:1][CX4:2]!@[CX4:3][N:4]	60.0051	15.2809	-	-	-	-	G
C42397397      none	B	[O:1]=[C:2]([O-])!@[CX4H1:3][H:4]	-0.00820666	0.495663	-	-	-	-	O
C36022856      none	B	[cH1:1][c:2]([cH0])!@[CX3x0:3]=[NX2:4]	29.9971	0.850762	-	-	-	-	G
C36022856      none	B	[O-:1][N+:2](=O)!@[c:3]([cH0])[cH,nX2H0:4]	-0.00790817	12.6374	-	-	-	-	G
C36022856      none	B	[*:1]~[NX3:2]!@[NX2:3]~[*:4]	-119.707	0.0824111	-	-	-	-	R
C45666135      none	B	[!#1:1][CH2:2]!@[n:3][a:4]	-89.6859	13.2844	-	-	-	-	G
C45666135      none	B	[aH0:1][c:2]([aH1])!@[SX4:3][!#1:4]	90.0047	4.49141	-	-	-	-	G
C45666135      none	B	[*:1][$(S(=O)=O):2]!@[NX3H0r:3][*:4]	60.2869	7.32227	-	-	-	-	G
C44728472      none	B	[a:1][c:2]!@[CX4H2:3][!#1:4]	-90.0015	7.30446	-	-	-	-	G
C44728472      none	B	[$(C=O):1][NX3H1:2]!@[CX4H2:3][$([c]([cH,nX2H0])[cH,nX2H0]):4]	-89.9948	10.1266	-	-	-	-	G
C44728472      none	B	[O:1]=[CX3:2]([$([NX3H1]C)])!@[NX3H1:3][!#1:4]	-0.000647747	41.1343	-	-	-	-	G
C44728472      none	B	[O:1]=[CX3:2]([$([NX3H1]C)])!@[NX3H1:3][!#1:4]	179.997	9.5176	-	-	-	-	R
C44728472      none	B	[$(C=O):1][NX3H1:2]!@[CX4H0:3][C:4]	176.351	11.3993	-	-	-	-	G
C44728472      none	B	[NH1:1][CX4:2]!@[CX3:3]=[O:4]	90.0004	0.183795	-	-	-	-	R
C40574706      none	B	[a:1][c:2]!@[CX4H1:3][N,O:4]	-59.9945	3.48172	-	-	-	-	G
C40574706      none	B	[$(C=O):1][NX3H1:2]!@[CX4H1:3][H:4]	30.011	9.46757	-	-	-	-	G
C40574706      none	B	[O:1]=[CX3:2]([$([NX3H1]C)])!@[NX3H1:3][!#1:4]	-0.0147399	41.1343	-	-	-	-	G
C40574706      none	B	[O:1]=[CX3:2]([$([NX3H1]C)])!@[NX3H1:3][!#1:4]	180	9.5176	-	-	-	-	R
C40574706      none	B	[$(C=O):1][NX3H1:2]!@[CX4H0:3][C:4]	176.343	11.3993	-	-	-	-	G
C40574706      none	B	[NH1:1][CX4:2]!@[CX3:3]=[O:4]	89.9988	0.183795	-	-	-	-	R
C04188379      none	B	[cH1:1][c:2]([cH0])!@[CX3x0:3]=[NX2:4]	-29.9953	0.921659	-	-	-	-	G
C04188379      none	B	[O-:1][N+:2](=O)!@[c:3]([cH0])[cH,nX2H0:4]	0.00874794	12.6374	-	-	-	-	G
C04188379      none	B	[*:1]~[NX3:2]!@[NX2:3]~[*:4]	120.29	0.129503	-	-	-	-	R
C49500252      none	B	[a:1][c:2]!@[CX4H0:3][CX4:4]	-179.709	5.49722	-	-	-	-	G
C49500252      none	B	[$(C=O):1][NX3H1:2]!@[c:3](s)[n:4]	-149.715	0	-	-	-	-	R
C49500252      none	B	[O:1]=[CX3:2]!@[NX3H1:3][!#1:4]	-0.00531578	63.7893	-	-	-	-	G
C49500252      none	B	[O:1]=[CX3:2]!@[NX3H0:3][!#1:4]	30.3165	0.680979	-	-	-	-	O
C49500252      none	B	[O:1]=[C:2]([O-])!@[CX4H1:3][H:4]	90.0001	0.86741	-	-	-	-	O
C38815496      none	B	[NH1:1][CX4:2]!@[CX3:3]=[O:4]	119.999	0.41354	-	-	-	-	G
C38815496      none	B	[C:1][CX4:2]!@[NX3;"N_lp":3][C:4]	-80.0001	6.10869	-	-	-	-	G
C38815496      none	B	[O:1]=[C:2]!@[O:3]~[C:4]	-0.00158747	74.4927	-	-	-	-	G
C38815496      none	B	[C:1][CX4:2]!@[NX3;"N_lp":3][C:4]	-156.571	4.58918	-	-	-	-	G
C19507106      none	B	[$(a[OH1]):1][a:2]!@[CX3:3]([NX3H0,CX4H0,c])=[O:4]	-120.017	0	-	-	-	-	R
C19507106      none	B	[O:1]=[CX3:2](a)!@[NX3H0:3][!#1:4]	-149.688	2.19542	-	-	-	-	O
C19507106      none	B	[O:1]=[C:2]([O-])!@[CX4H1:3][H:4]	-0.000966297	0.495663	-	-	-	-	O
C50398256      none	B	[!#1:1][CX4:2]!@[CX4:3][!#1:4]	60.0016	12.3771	-	-	-	-	G
C50398256      none	B	[$(C=O):1][NX3H1:2]!@[CX4H1:3][H:4]	60.0136	6.22422	-	-	-	-	O
C50398256      none	B	[C:1][CX4H2:2]!@[CX3:3]=[O:4]	-119.995	0.79457	-	-	-	-	O
C50398256      none	B	[O:1]=[CX3:2]([$([NX3H1]C)])!@[NX3H1:3][!#1:4]	-0.0186009	41.1343	-	-	-	-	G
C50398256      none	B	[O:1]=[CX3:2]([$([NX3H1]C)])!@[NX3H1:3][!#1:4]	0.0050712	41.1343	-	-	-	-	G
C50398256      none	B	[$(C=O):1][NX3H1:2]!@[CX4H1:3][H:4]	0.00141818	8.26772	-	-	-	-	G
C01634757      none	B	[!#1:1][CX4:2]!@[SX2:3][!#1:4]	180	11.1654	-	-	-	-	G
C01634757      none	B	[CH0:1][NX3:2]([CH0])!@[c:3][a:4]	-89.7382	6.23505	-	-	-	-	G
C01634757      none	B	[!#1:1][CX4:2]!@[SX2:3][!#1:4]	-39.9927	0.858878	-	-	-	-	O
C01634757      none	B	[!#1:1][CX4H2:2]!@[CX4H2:3][!#1:4]	180	58.554	-	-	-	-	G
C01634757      none	B	[!#1:1][CX4:2]!@[SX4:3][!#1:4]	-160.016	2.90526	-	-	-	-	G
C42806074      none	B	[$(C=O):1][NX3H0:2]!@[CX4H1:3][H:4]	0.0196448	15.8824	-	-	-	-	G
C42806074      none	B	[$([CX3]=O):1][NX3H0:2](C)!@[CX4H2:3][C:4]	59.9975	0.600343	-	-	-	-	O
C42806074      none	B	[O:1]=[CX3:2](a)!@[NX3H0:3][!#1:4]	179.996	9.67842	-	-	-	-	G
C42806074      none	B	[OX2:1][CX4H2:2]!@[CX4H2:3][N:4]	180	8.36763	-	-	-	-	G
C42806074      none	B	[a:1][c:2]!@[C:3]([NH0])=[O:4]	120.263	4.19444	-	-	-	-	G
C42806074      none	B	[aH1:1][c:2]([aH1])!@[SX4:3][!#1:4]	-90.0045	12.5987	-	-	-	-	G
C37449649      none	B	[a:1][c:2]!@[C:3]([NH0])=[O:4]	59.9951	3.02778	-	-	-	-	G
C37449649      none	B	[cH1:1][c:2]([cH1])!@[C:3]([NH1,NH2])=[O:4]	0.00753874	4.32395	-	-	-	-	G
C37449649      none	B	[O:1]=[CX3:2](a)!@[NX3H0:3][!#1:4]	-179.669	9.67842	-	-	-	-	G
C37449649      none	B	[O:1]=[C:2]([O-])!@[CX4H1:3][H:4]	0.00770723	0.495663	-	-	-	-	O
C43701353      none	B	[!#1:1][CX4:2]!@[SX2:3][!#1:4]	-80.0003	6.01214	-	-	-	-	G
C43701353      none	B	[!#1:1][CX4H2:2]!@[CX4H2:3][!#1:4]	180	58.554	-	-	-	-	G
C43701353      none	B	[!#1:1][CX4:2]!@[CX4:3][!#1:4]	60.0027	12.3771	-	-	-	-	G
C43701353      none	B	[NH1:1][CX4:2]!@[CX3:3]=[O:4]	149.999	9.89432	-	-	-	-	G
C43701353      none	B	[$(C=O):1][NX3H1:2]!@[CX4H1:3][H:4]	29.9962	9.46757	-	-	-	-	G
C43701353      none	B	[O:1]=[CX3:2]!@[NX3H0:3][!#1:4]	-29.721	0.692521	-	-	-	-	O
C43701353      none	B	[O:1]=[C:2]([O-])!@[CX4H1:3][H:4]	89.997	0.86741	-	-	-	-	O
C43701353      none	B	[O:1]=[CX3:2]!@[NX3H1:3][!#1:4]	0.00111174	63.7893	-	-	-	-	G
C40167212      none	B	[O-:1][N+:2](=O)!@[c:3]([cH,nX2H0])[cH,nX2H0:4]	179.985	23.2156	-	-	-	-	G
C40167212      none	B	[$(C=O):1][NX3H0:2]!@[c:3]([cH1])[cH1:4]	-150.003	1.13754	-	-	-	-	G
C50376248      none	B	[H:1][CX4H1:2]!@[O:3][CX4:4]	-39.9955	11.8876	-	-	-	-	G
C50376248      none	B	[$(C=O):1][NX3H1:2]!@[CX4H1:3][H:4]	-30.0015	6.97413	-	-	-	-	G
C50376248      none	B	[O:1]=[CX3:2]([$([NX3H1]C)])!@[NX3H1:3][!#1:4]	180	9.5176	-	-	-	-	R
C50376248      none	B	[O:1]=[CX3:2]([$([NX3H1]C)])!@[NX3H1:3][!#1:4]	0.00214157	41.1343	-	-	-	-	G
C50376248      none	B	[$(C=O):1][NX3H1:2]!@[CX4H1:3][H:4]	-0.00147646	8.26772	-	-	-	-	G
C50376248      none	B	[!#1:1][CX4:2]!@[CX4:3][!#1:4]	-79.9978	1.71775	-	-	-	-	G
C50376248      none	B	[O:1]=[C:2]([O-])!@[CX4H1:3][H:4]	-0.00334463	0.495663	-	-	-	-	O
C50376248      none	B	[!#1:1][CX4H2:2]!@[CX4H2:3][!#1:4]	179.996	58.554	-	-	-	-	G
C50376248      none	B	[!#1:1][CX4:2]!@[SX2:3][!#1:4]	79.999	6.41197	-	-	-	-	G
C40577474      none	B	[$(C=O):1][NX3H1:2]!@[c:3]([cH1])[cH1:4]	29.9677	5.05437	-	-	-	-	G
C40577474      none	B	[O:1]=[CX3:2]([$([NX3H1]C)])!@[NX3H1:3][!#1:4]	0.0036546	41.1343	-	-	-	-	G
C40577474      none	B	[O:1]=[CX3:2]([$([NX3H1]C)])!@[NX3H1:3][!#1:4]	-0.000296759	41.1343	-	-	-	-	G
C40577474      none	B	[$(C=O):1][NX3H1:2]!@[CX4H1:3][H:4]	29.9971	9.46757	-	-	-	-	G
C40577474      none	B	[!#1:1][CX4:2]!@[CX4:3][!#1:4]	160.009	1.81259	-	-	-	-	G
C40577474      none	B	[O:1]=[C:2]([O-])!@[CX4H1:3][H:4]	90.0045	0.86741	-	-	-	-	O
C40577474      none	B	[C:1][CX4H2:2]!@[CX3:3]=[O:4]	-60.0078	2.08575	-	-	-	-	O
C04228290      none	B	[O:1]=[CX3:2]!@[NX3H1:3][!#1:4]	0.00292547	63.7893	-	-	-	-	G
C04228290      none	B	[$(C=O):1][NX3H1:2]!@[CX4H1:3][H:4]	-30.0008	6.97413	-	-	-	-	G
C04228290      none	B	[OX2:1][CX4:2]!@[CX4:3][OX2:4]	-59.945	16.2177	-	-	-	-	G
C44511271      none	B	[!#1:1][CX4:2]!@[CX4:3][!#1:4]	-159.999	1.85018	-	-	-	-	G
C44511271      none	B	[!#1:1][CX4H2:2]!@[CX4H2:3][!#1:4]	-60.0014	3.77933	-	-	-	-	G
C44511271      none	B	[$([CX3]=O):1][NX3H1:2]!@[CX4H2:3][C:4] 	-150.002	1.7769	-	-	-	-	O
C44511271      none	B	[O:1]=[CX3:2]!@[NX3H1:3][!#1:4]	0.00278417	63.7893	-	-	-	-	G
C44511271      none	B	[O:1]=[CX3:2]!@[NX3H0:3][!#1:4]	30.3067	0.680979	-	-	-	-	O
C44511271      none	B	[O:1]=[C:2]([O-])!@[CX4H1:3][H:4]	-0.00178844	0.495663	-	-	-	-	O
C19507110      none	B	[$(a[OH1]):1][a:2]!@[CX3:3]([NX3H0,CX4H0,c])=[O:4]	89.9769	1.94175	-	-	-	-	G
C19507110      none	B	[O:1]=[CX3:2](a)!@[NX3H0:3][!#1:4]	-179.696	9.67842	-	-	-	-	G
C19507110      none	B	[O:1]=[C:2]([O-])!@[CX4H1:3][H:4]	90.0029	0.86741	-	-	-	-	O
C41683176      none	B	[$(C=O):1][O:2]!@[CH2:3]~[C:4]	179.995	23.3458	-	-	-	-	G
C41683176      none	B	[O:1]=[C:2]!@[O:3]~[C:4]	0.00426961	74.4927	-	-	-	-	G
C41683176      none	B	[C:1][CX4H2:2]!@[CX3:3]=[O:4]	-60.0082	2.08575	-	-	-	-	O
C41683176      none	B	[!#1:1][CX4H2:2]!@[CX4H2:3][!#1:4]	-60.001	3.77933	-	-	-	-	G
C41683176      none	B	[$([CX3]=O):1][NX3H1:2]!@[CX4H2:3][C:4] 	-89.9997	7.35439	-	-	-	-	G
C41683176      none	B	[O:1]=[CX3:2]!@[NX3H1:3][!#1:4]	0.00426936	63.7893	-	-	-	-	G
C41683176      none	B	[O:1]=[CX3:2]!@[NX3H0:3][!#1:4]	-179.695	18.2537	-	-	-	-	G
C41683176      none	B	[O:1]=[C:2]([O-])!@[CX4H1:3][H:4]	0.00630504	0.495663	-	-	-	-	O
C40559137      none	B	[!#1:1][CX4:2]!@[SX2:3][!#1:4]	79.9888	6.41197	-	-	-	-	G
C40559137      none	B	[!#1:1][CX4H2:2]!@[CX4H2:3][!#1:4]	180	58.554	-	-	-	-	G
C40559137      none	B	[!#1:1][CX4:2]!@[CX4:3][!#1:4]	60.0062	12.3771	-	-	-	-	G
C40559137      none	B	[O:1]=[C:2]([O-])!@[CX4H1:3][H:4]	90.0025	0.86741	-	-	-	-	O
C40559137      none	B	[$(C=O):1][NX3H1:2]!@[CX4H1:3][H:4]	30.0053	9.46757	-	-	-	-	G
C40559137      none	B	[O:1]=[CX3:2]!@[NX3H1:3][!#1:4]	-0.00859319	63.7893	-	-	-	-	G
C40559137      none	B	[O:1]=[CX3:2]!@[NX3H0:3][!#1:4]	-149.717	1.37927	-	-	-	-	O
C40559137      none	B	[!#1:1][CX4:2]!@[CX4:3][!#1:4]	-59.9958	12.2558	-	-	-	-	G
C62845939      none	B	[!#1:1][CX4H2:2]!@[CX4H2:3][!#1:4]	179.999	58.554	-	-	-	-	G
C62845939      none	B	[!#1:1][CX4:2]!@[CX4:3][!#1:4]	-179.932	22.1548	-	-	-	-	G
C62845939      none	B	[C:1][CX4:2]!@[CX3:3]=[O:4]	89.9956	3.65147	-	-	-	-	G
C62845939      none	B	[cH1,nX2H0:1][c:2]([cH1,nX2H0])!@[NX3r:3][*:4]	179.996	6.12375	-	-	-	-	G
C62845939      none	B	[O-:1][N+:2](=O)!@[c:3]([cH,nX2H0])[cH,nX2H0:4]	179.979	23.2156	-	-	-	-	G
C16902104      none	B	[a:1][c:2]!@[NX3H1:3][$([CX4r]([C;r])([C;r])):4]	30.0019	0.852273	-	-	-	-	G
C16902104      none	B	[!#1:1][CX4H1:2]!@[NX3:3][!#1:4]	-84.316	4.33043	-	-	-	-	G
C16902104      none	B	[$(C=O):1][NX3H0:2]!@[c:3]([cH1])[cH1:4]	89.9966	2.51637	-	-	-	-	G
C16902104      none	B	[O:1]=[C:2]([O-])!@[c:3]([cH1])[cH1:4]	180	7.35294	-	-	-	-	G
C16902104      none	B	[O:1]=[C:2]([O-])!@[c:3]([cH1])[cH1:4]	-179.752	7.35294	-	-	-	-	G
C11919811      none	B	[cH1:1][a:2]([cH1])!@[a:3]([sX2,o,nX2H0,nX3H1:4])([cH0])	60.0047	1.97285	-	-	-	-	G
C00874355      none	B	[O:1]=[C:2]([O-])!@[c:3]([cH1])[cH1:4]	179.981	7.35294	-	-	-	-	G
C00874355      none	B	[a:1][a:2]!@[NX3:3][!#1:4]	-120.003	1.58818	-	-	-	-	O
C00874355      none	B	[!#1:1][CX3:2](=S)!@[NX3H1:3][!#1:4]	-0.000475219	27.5459	-	-	-	-	G
C00874355      none	B	[!#1:1][CX3:2](=S)!@[NX3H1:3][!#1:4]	180	37.0618	-	-	-	-	G
C00874355      none	B	[C:1][CX4H2:2]!@[NX3:3][C:4]	149.999	1.58619	-	-	-	-	G
C00874355      none	B	[OX2:1][CX4:2]!@[CX4:3][N:4]	-59.118	14.8764	-	-	-	-	G
C40572718      none	B	[!#1:1][CX4:2]!@[CX4:3][!#1:4]	-59.9984	12.2558	-	-	-	-	G
C40572718      none	B	[$([CX3]=O):1][NX3H1:2]!@[CX4H2:3][C:4] 	-150	1.7769	-	-	-	-	O
C40572718      none	B	[O:1]=[CX3:2]!@[NX3H1:3][!#1:4]	-0.00498053	63.7893	-	-	-	-	G
C40572718      none	B	[O:1]=[CX3:2]!@[NX3H0:3][!#1:4]	0.327455	25.0866	-	-	-	-	G
C40572718      none	B	[O:1]=[C:2]([O-])!@[CX4H1:3][H:4]	0.00205123	0.495663	-	-	-	-	O
C42527277      none	B	[!#1:1][CX4:2]!@[CX4:3][!#1:4]	59.9979	12.3771	-	-	-	-	G
C42527277      none	B	[O:1]=[C:2]([O-])!@[CX4H1:3][H:4]	0.00106642	0.495663	-	-	-	-	O
C42527277      none	B	[$(C=O):1][NX3H1:2]!@[CX4H1:3][H:4]	60.0107	6.22422	-	-	-	-	O
C42527277      none	B	[O:1]=[CX3:2]!@[NX3H1:3][!#1:4]	-0.0116049	63.7893	-	-	-	-	G
C42527277      none	B	[O:1]=[CX3:2]!@[NX3H0:3][!#1:4]	-149.995	1.37927	-	-	-	-	O
C42527277      none	B	[$([CX3]=O):1][NX3H0:2](C)!@[CX4H2:3][C:4]	89.9975	14.7513	-	-	-	-	G
C42527277      none	B	[$(C=O):1][NX3H0:2]!@[CX4H1:3][H:4]	-90.007	0.12605	-	-	-	-	R
C42527277      none	B	[OX2:1][CX4H2:2]!@[CX4H2:3][N:4]	-60.0014	16.5981	-	-	-	-	G
C60376702      none	B	[cH1:1][a:2]([cH1])!@[a:3]([sX2,o,nX2H0,nX3H1:4])([cH0])	60.3913	1.97285	-	-	-	-	G
C60376702      none	B	[$(S(=O)(=O)):1][NH0:2]!@[c:3]([cH1])[cH0:4]	-120.001	0	-	-	-	-	R
C60376702      none	B	[c:1][S:2](=O)(=O)!@[NX2H0-:3]-[*:4]	90.0001	2.77778	-	-	-	-	G
C60376702      none	B	[aH1:1][c:2]([aH1])!@[SX4:3][!#1:4]	-89.7345	12.5987	-	-	-	-	G
C60376702      none	B	[cH1:1][c:2]([cH1])!@[O:3][C:4]	-29.9959	0.195465	-	-	-	-	O
C60376702      none	B	[C:1][CX4H2:2]!@[OX2:3][c:4]	120.001	0.336913	-	-	-	-	R
C60376702      none	B	[OX2:1][CX4H2:2]!@[CX4H2:3][OX2:4]	179.999	10.6129	-	-	-	-	G
C60376702      none	B	[C:1][CH2:2]!@[O:3][CX4:4]	179.992	35.2689	-	-	-	-	G
C13310859      none	B	[O:1]=[C:2]([O-])!@[c:3]([cH1])[cH1:4]	179.983	7.35294	-	-	-	-	G
C13310859      none	B	[aH0:1][c:2]([aH1])!@[SX4:3][!#1:4]	90.0005	4.49141	-	-	-	-	G
C13310859      none	B	[*:1][$(S(=O)=O):2]!@[NX3H0r:3][*:4]	-119.723	0.995261	-	-	-	-	G
C13310859      none	B	[cH0:1][c:2]([cH,nX2H0])!@[NX3H0:3][CX4:4]	-120.278	1.65213	-	-	-	-	O
C13310859      none	B	[aH1:1][c:2]([aH1])!@[SX4:3][!#1:4]	-89.9735	12.5987	-	-	-	-	G
C13310859      none	B	[O-:1][N+:2](=O)!@[c:3]([cH0])[cH,nX2H0:4]	90.2821	0.274725	-	-	-	-	O
C44608177      none	B	[O:1]=[CX3:2]!@[NX3H1:3][!#1:4]	-0.0014988	63.7893	-	-	-	-	G
C44608177      none	B	[$(C=O):1][NX3H1:2]!@[CX4H1:3][H:4]	30.0034	9.46757	-	-	-	-	G
C37266912      none	B	[H:1][CX4H1:2]!@[O:3][CX4:4]	40.026	11.9906	-	-	-	-	O
C37266912      none	B	[O:1]=[CX3:2]!@[NX3H0:3][!#1:4]	-30.0031	0.692521	-	-	-	-	O
C37266912      none	B	[O:1]=[CX3:2]!@[NX3H0:3][!#1:4]	-29.7227	0.692521	-	-	-	-	O
C37266912      none	B	[O:1]=[C:2]([O-])!@[CX4H1:3][H:4]	90.0052	0.86741	-	-	-	-	O
C22165135      none	B	[$(a[OH1]):1][a:2]!@[CX3:3]([NX3H0,CX4H0,c])=[O:4]	59.985	0	-	-	-	-	R
C22165135      none	B	[O:1]=[CX3:2](a)!@[NX3H0:3][!#1:4]	-179.688	9.67842	-	-	-	-	G
C22165135      none	B	[O:1]=[C:2]([O-])!@[CX4H1:3][H:4]	-0.0049011	0.495663	-	-	-	-	O
C61381960      none	B	[cH1:1][c:2]([cH1])!@[C:3]([NH1,NH2])=[O:4]	153.011	9.05971	-	-	-	-	G
C61381960      none	B	[cH1:1][a:2]([cH1])!@[a:3]([sX2,o,nX2H0,nX3H1:4])([cH0])	59.9994	1.97285	-	-	-	-	G
C61381960      none	B	[O:1]=[CX3:2]!@[NX3H1:3][!#1:4]	-0.00261959	63.7893	-	-	-	-	G
C61381960      none	B	[$(C=O):1][NX3H1:2]!@[CX4H1:3][H:4]	-59.9951	1.23735	-	-	-	-	G
C40739021      none	B	[$(C=O):1][NX3H1:2]!@[c:3]([cH1])[cH1:4]	-120.026	0.302054	-	-	-	-	R
C40739021      none	B	[cH1:1][c:2]([cH1])!@[CX4H2:3][CX4:4]	90.0045	11.713	-	-	-	-	G
C40739021      none	B	[!#1:1][CX4H2:2]!@[CX4H2:3][!#1:4]	60.0068	3.99483	-	-	-	-	G
C40739021      none	B	[O:1]=[CX3:2]!@[NX3H1:3][!#1:4]	-0.00806724	63.7893	-	-	-	-	G
C40739021      none	B	[O:1]=[CX3:2]!@[CX4H1r3:3][H:4]	30.0009	0.833333	-	-	-	-	G
C40739021      none	B	[O:1]=[C:2]([O-])!@[CX4H1:3][H:4]	90.006	0.86741	-	-	-	-	O
C50196869      none	B	[!#1:1][CX4:2]!@[CX4:3][!#1:4]	180	22.1548	-	-	-	-	G
C50196869      none	B	[$(C=O):1][NX3H1:2]!@[CX4H0:3][C:4]	59.9974	13.3187	-	-	-	-	G
C50196869      none	B	[!#1:1][CX4H2:2]!@[CX4H2:3][!#1:4]	-60.0039	3.77933	-	-	-	-	G
C50196869      none	B	[C:1][CX4H2:2]!@[CX3:3]=[O:4]	120.002	0.695249	-	-	-	-	O
C50196869      none	B	[O:1]=[CX3:2]([$([NX3H1]C)])!@[NX3H1:3][!#1:4]	-0.00122618	41.1343	-	-	-	-	G
C50196869      none	B	[O:1]=[CX3:2]([$([NX3H1]C)])!@[NX3H1:3][!#1:4]	9.55087e-06	41.1343	-	-	-	-	G
C50196869      none	B	[$([CX3]=O):1][NX3H1:2]!@[CX4H2:3][C:4] 	180	6.46594	-	-	-	-	G
C50196869      none	B	[!#1:1][CX4H2:2]!@[CX4H2:3][!#1:4]	-59.9961	3.77933	-	-	-	-	G
C50196869      none	B	[cH1:1][c:2]([cH1])!@[CX4H2:3][CX4:4]	89.994	11.713	-	-	-	-	G
C55272775      none	B	[a:1][c:2]!@[CX4H2:3][CX3:4]	-29.9856	0.559862	-	-	-	-	R
C55272775      none	B	[c:1][CX4H2:2]!@[CX3:3]=[O:4]	90	2.13675	-	-	-	-	G
C55272775      none	B	[O:1]=[CX3:2]!@[NX3H0:3][!#1:4]	-29.7055	0.692521	-	-	-	-	O
C55272775      none	B	[O:1]=[C:2]([O-])!@[CX4H1:3][H:4]	90.0053	0.86741	-	-	-	-	O
C37453567      none	B	[NH1:1][CX4:2]!@[CX3:3]=[O:4]	179.996	3.23174	-	-	-	-	O
C37453567      none	B	[$(C=O):1][NX3H1:2]!@[CX4H1:3][H:4]	0.00213309	8.26772	-	-	-	-	G
C37453567      none	B	[O:1]=[CX3:2]!@[NX3H1:3][!#1:4]	0.00173242	63.7893	-	-	-	-	G
C37453567      none	B	[$(C=O):1][NX3H1:2]!@[CX4H0:3][C:4]	-60.0034	14.7253	-	-	-	-	G
C37453567      none	B	[NH1:1][CX4:2]!@[CX3:3]=[O:4]	90.0037	0.183795	-	-	-	-	R
C37453567      none	B	[O:1]=[CX3:2]!@[NX3H1:3][!#1:4]	-0.00178096	63.7893	-	-	-	-	G
C37453567      none	B	[C:1][CX4:2]!@[CX3:3]=[O:4]	-119.996	3.42432	-	-	-	-	G
C04474600      none	B	[$(C=O):1][O:2]!@[CH2:3]~[C:4]	-89.9925	4.43359	-	-	-	-	G
C04474600      none	B	[O:1]=[C:2]!@[O:3]~[C:4]	-0.00110528	74.4927	-	-	-	-	G
C04474600      none	B	[O:1][CX4:2]!@[CX3:3]=[O:4]	-29.999	2.69102	-	-	-	-	G
C04474600      none	B	[!#1:1][CX4H0:2]!@[OX2:3][!#1:4]	-160.004	0.867458	-	-	-	-	O
C04474600      none	B	[*:1]~[NX2:2]!@[OX2:3]~[*:4]	120.002	0.138217	-	-	-	-	R
C04474600      none	B	[a:1][c:2]!@[C:3](=[N:4])	120.264	0.589437	-	-	-	-	R
C40588977      none	B	[!#1:1][CX4:2]!@[SX2:3][!#1:4]	80.0004	6.41197	-	-	-	-	G
C40588977      none	B	[!#1:1][CX4H2:2]!@[CX4H2:3][!#1:4]	180	58.554	-	-	-	-	G
C40588977      none	B	[!#1:1][CX4:2]!@[CX4:3][!#1:4]	80.0023	1.75235	-	-	-	-	G
C40588977      none	B	[O:1]=[C:2]([O-])!@[CX4H1:3][H:4]	90.0043	0.86741	-	-	-	-	O
C40588977      none	B	[$(C=O):1][NX3H1:2]!@[CX4H1:3][H:4]	-30.0061	6.97413	-	-	-	-	G
C40588977      none	B	[O:1]=[CX3:2]!@[NX3H1:3][!#1:4]	0.00177404	63.7893	-	-	-	-	G
C40588977      none	B	[O:1]=[CX3:2]!@[NX3H0:3][!#1:4]	-29.726	0.692521	-	-	-	-	O
C40588977      none	B	[CX4:1][CX4H2:2]!@[NX3;"N_lp":3][CX4:4]	-160	6.65327	-	-	-	-	G
C40588977      none	B	[OX2:1][CX4H2:2]!@[CX4H2:3][Nr:4]	180	8.33333	-	-	-	-	G
C43707356      none	B	[!#1:1][CX4:2]!@[CX4:3][!#1:4]	159.993	1.81259	-	-	-	-	G
C43707356      none	B	[NH1:1][CX4:2]!@[CX3:3]=[O:4]	-0.0100673	6.89233	-	-	-	-	G
C43707356      none	B	[$(C=O):1][NX3H1:2]!@[CX4H1:3][H:4]	-30.0027	6.97413	-	-	-	-	G
C43707356      none	B	[O:1]=[C:2]!@[O:3]~[C:4]	0.00995271	74.4927	-	-	-	-	G
C43707356      none	B	[O:1]=[CX3:2]!@[NX3H1:3][!#1:4]	-0.00563353	63.7893	-	-	-	-	G
C43707356      none	B	[O:1]=[CX3:2]!@[NX3H0:3][!#1:4]	30.2837	0.680979	-	-	-	-	O
C43707356      none	B	[O:1]=[C:2]([O-])!@[CX4H1:3][H:4]	89.9955	0.86741	-	-	-	-	O
C42453550      none	B	[!#1:1][CX4H2:2]!@[CX4H2:3][!#1:4]	179.999	58.554	-	-	-	-	G
C42453550      none	B	[$([CX3]=O):1][NX3H0:2](C)!@[CX4H2:3][C:4]	-90.0013	15.9949	-	-	-	-	G
C42453550      none	B	[$([CX3]=O):1][NX3H0:2](C)!@[CX4H2:3][C:4]	-60.0019	0.686106	-	-	-	-	O
C42453550      none	B	[O:1]=[CX3:2]!@[NX3H0:3][!#1:4]	-29.9965	0.692521	-	-	-	-	O
C42453550      none	B	[OX2:1][CX4H2:2]!@[CX4H2:3][N:4]	180	8.36763	-	-	-	-	G
C42453550      none	B	[O:1]=[CX3:2]!@[NX3H0:3][!#1:4]	150.309	1.73707	-	-	-	-	O
C42453550      none	B	[O:1]=[C:2]([O-])!@[CX4H1:3][H:4]	-0.00302862	0.495663	-	-	-	-	O
C02026542      none	B	[n,o,s:1][c:2]!@[CX4H2:3][CX4:4]	-89.6701	5.3104	-	-	-	-	G
C02026542      none	B	[$(S(=O)(=O)):1][N:2]!@[c:3][a:4]	120.005	2.34375	-	-	-	-	G
C02026542      none	B	[c:1][S:2](=O)(=O)!@[NX2H0-:3]-[*:4]	-60.002	11.1111	-	-	-	-	G
C02026542      none	B	[aH1:1][c:2]([aH1])!@[SX4:3][!#1:4]	-89.7223	12.5987	-	-	-	-	G
C02026542      none	B	[$(C=O):1][NX3H1:2]!@[c:3]([cH1])[cH1:4]	29.9854	5.05437	-	-	-	-	G
C02026542      none	B	[O:1]=[CX3:2]!@[NX3H1:3][!#1:4]	-0.00731096	63.7893	-	-	-	-	G
C02026542      none	B	[cH1:1][c:2]([cH1])!@[C:3]([NH1,NH2])=[O:4]	153.016	9.05971	-	-	-	-	G
C02026542      none	B	[aH1:1][c:2]([aH1])!@[SX4:3][!#1:4]	29.9855	0.225606	-	-	-	-	R
C02026542      none	B	[c:1][$(S(=O)=O):2]!@[NX3H0:3][C:4]	90.0045	4.81691	-	-	-	-	G
C02026542      none	B	[$(S(=O)(=O)):1][NX3H0:2]!@[CX4H2:3][!#1:4]	-89.9934	8.83621	-	-	-	-	G
C02026542      none	B	[$(S(=O)(=O)):1][NX3H0:2]!@[CX4H2:3][!#1:4]	-90.0004	8.83621	-	-	-	-	G
C12961638      none	B	[a:1][c:2]!@[CX4H2:3][CX3:4]	90.0063	7.83807	-	-	-	-	G
C12961638      none	B	[c:1][CX4H2:2]!@[CX3:3]=[O:4]	-29.9996	4.98575	-	-	-	-	G
C12961638      none	B	[O:1]=[CX3:2]!@[NX3H0:3][!#1:4]	30.3138	0.680979	-	-	-	-	O
C12961638      none	B	[O:1]=[C:2]([O-])!@[CX4H1:3][H:4]	-0.000903668	0.495663	-	-	-	-	O
C63010791      none	B	[$([CX3]=O):1][NX3H0:2](C)!@[CX4H2:3][C:4]	120.007	2.74443	-	-	-	-	O
C63010791      none	B	[O:1]=[CX3:2](a)!@[NX3H0:3][!#1:4]	150.004	2.50464	-	-	-	-	G
C63010791      none	B	[!#1:1][CX4H2:2]!@[CX4H2:3][!#1:4]	180	58.554	-	-	-	-	G
C63010791      none	B	[!#1:1][CX4H2:2]!@[CX4H2:3][!#1:4]	179.996	58.554	-	-	-	-	G
C63010791      none	B	[C:1][CX4H2:2]!@[CX3:3]=[O:4]	119.989	0.695249	-	-	-	-	O
C63010791      none	B	[a:1][c:2]!@[C:3]([NH0])=[O:4]	-29.7322	2.55556	-	-	-	-	G
C42275081      none	B	[!#1:1][CX4H2:2]!@[CX4H2:3][!#1:4]	59.9965	3.99483	-	-	-	-	G
C42275081      none	B	[$([CX3]=O):1][NX3H0:2](C)!@[CX4H2:3][C:4]	-120.003	2.31561	-	-	-	-	O
C42275081      none	B	[$([CX3]=O):1][NX3H0:2](C)!@[CX4H2:3][C:4]	-89.9978	15.9949	-	-	-	-	G
C42275081      none	B	[O:1]=[CX3:2]!@[NX3H0:3][!#1:4]	0.00651957	25.0866	-	-	-	-	G
C42275081      none	B	[N:1][CX4:2]!@[CX3:3]=[O:4]	-89.996	0.479136	-	-	-	-	O
C42275081      none	B	[O:1]=[CX3:2]!@[NX3H1:3][!#1:4]	-0.00525649	63.7893	-	-	-	-	G
C42275081      none	B	[$(C=O):1][NX3H1:2]!@[CX4H1:3][H:4]	-59.995	1.23735	-	-	-	-	G
C40393963      none	B	[!#1:1][CX4:2]!@[CX4:3][!#1:4]	80.0029	1.75235	-	-	-	-	G
C40393963      none	B	[NH1:1][CX4:2]!@[CX3:3]=[O:4]	30.0003	2.12896	-	-	-	-	G
C40393963      none	B	[$(C=O):1][NX3H1:2]!@[CX4H1:3][H:4]	30.003	9.46757	-	-	-	-	G
C40393963      none	B	[O:1]=[CX3:2]!@[NX3H0:3][!#1:4]	-179.686	18.2537	-	-	-	-	G
C40393963      none	B	[O:1]=[C:2]([O-])!@[CX4H1:3][H:4]	89.9977	0.86741	-	-	-	-	O
C40393963      none	B	[O:1]=[CX3:2]!@[NX3H1:3][!#1:4]	-0.0106874	63.7893	-	-	-	-	G
C04787862      none	B	[O:1]=[CX3:2]!@[NX3H1:3][!#1:4]	-0.0055353	63.7893	-	-	-	-	G
C04787862      none	B	[$(C=O):1][NX3H1:2]!@[CX4H1:3][H:4]	30.0006	9.46757	-	-	-	-	G
C04787862      none	B	[$(C=O):1][NX3H1:2]!@[CX4H1:3][H:4]	-0.0043241	8.26772	-	-	-	-	G
C04787862      none	B	[OX2:1][CX4:2]!@[CX4:3][OX2:4]	-59.9962	16.2177	-	-	-	-	G
C04787862      none	B	[O:1]=[CX3:2]!@[NX3H1:3][!#1:4]	0.00723864	63.7893	-	-	-	-	G
C44887379      none	B	[a:1][c:2]!@[CX4H1:3][N,O:4]	149.998	3.7643	-	-	-	-	G
C44887379      none	B	[$(C=O):1][NX3H1:2]!@[CX4H1:3][H:4]	32.0029	9.46757	-	-	-	-	G
C44887379      none	B	[O:1]=[CX3:2]!@[NX3H1:3][!#1:4]	-0.00207832	63.7893	-	-	-	-	G
C44887379      none	B	N[C:2](=[O:1])!@[CH2:3][N:4]	120.003	0.595238	-	-	-	-	G
C44887379      none	B	[$([CX3]=O):1][NX3H0:2](C)!@[CX4H2:3][C:4]	-60.0062	0.686106	-	-	-	-	O
C32104602      none	B	[O:1]=[C:2]([O-])!@[c:3][$(a[CX3]=O):4]	-0.00306128	17.8571	-	-	-	-	G
C32104602      none	B	[a:1][c:2]!@[C:3]([NH0])=[O:4]	89.9931	2.88889	-	-	-	-	G
C32104602      none	B	[O:1]=[CX3:2](a)!@[NX3H0:3][!#1:4]	0.278524	23.6549	-	-	-	-	G
C32104602      none	B	[O:1]=[CX3:2]!@[NX3H0:3][!#1:4]	-0.00613351	25.0866	-	-	-	-	G
C20259720      none	B	[a:1][c:2]!@[C:3]([NH1,NH2])=[O:4]	59.9982	0.626362	-	-	-	-	G
C20259720      none	B	[O:1]=[CX3:2]!@[NX3H1:3][!#1:4]	0.00096551	63.7893	-	-	-	-	G
C20259720      none	B	[$(C=O):1][NX3H1:2]!@[CX4H0:3][C:4]	-60.0031	14.7253	-	-	-	-	G
C20259720      none	B	[NH1:1][CX4:2]!@[CX3:3]=[O:4]	89.9981	0.183795	-	-	-	-	R
C65387042      none	B	[*:1]~[CX4:2]!@[n:3]~[*:4]	60.0068	3.54922	-	-	-	-	G
C65387042      none	B	[!#1:1][CX4:2]!@[CX4:3][!#1:4]	179.999	22.1548	-	-	-	-	G
C65387042      none	B	[C:1][CX4:2]!@[CX3:3]=[O:4]	-30.0054	3.42621	-	-	-	-	G
C65387042      none	B	[n,o,s:1][c:2]!@[CX4H2:3][CX4:4]	89.9969	4.03889	-	-	-	-	G
C65387042      none	B	[O:1]=[CX3:2]!@[NX3H0:3][!#1:4]	-29.7219	0.692521	-	-	-	-	O
C65387042      none	B	[*^2:1]~[C^2:2]([!H])!@[C^2:3]~[*^2:4]	0.00220763	20.0453	-	-	-	-	G
C40529744      none	B	[!#1:1][CX4:2]!@[CX4:3][!#1:4]	180	22.1548	-	-	-	-	G
C40529744      none	B	[!#1:1][CX4:2]!@[CX4:3][!#1:4]	-60.0037	12.2558	-	-	-	-	G
C40529744      none	B	[$(C=O):1][NX3H1:2]!@[CX4H1:3][H:4]	29.9976	9.46757	-	-	-	-	G
C40529744      none	B	[O:1]=[CX3:2]!@[NX3H1:3][!#1:4]	0.00207693	63.7893	-	-	-	-	G
C40529744      none	B	[O:1]=[CX3:2]!@[NX3H0:3][!#1:4]	0.300133	25.0866	-	-	-	-	G
C40529744      none	B	[O:1]=[C:2]([O-])!@[CX4H1:3][H:4]	89.9998	0.86741	-	-	-	-	O
C44567714      none	B	[!#1:1][CX4:2]!@[SX4:3][!#1:4]	-80.006	3.11579	-	-	-	-	G
C44567714      none	B	[!#1:1][CX4H2:2]!@[CX4H2:3][!#1:4]	180	58.554	-	-	-	-	G
C44567714      none	B	[!#1:1][CX4H2:2]!@[CX4H2:3][!#1:4]	-59.9945	3.77933	-	-	-	-	G
C44567714      none	B	[$([CX3]=O):1][NX3H1:2]!@[CX4H2:3][C:4] 	89.9957	7.35439	-	-	-	-	G
C44567714      none	B	[O:1]=[CX3:2]!@[NX3H1:3][!#1:4]	0.000353894	63.7893	-	-	-	-	G
C44567714      none	B	[O:1]=[CX3:2]!@[NX3H0:3][!#1:4]	0.320129	25.0866	-	-	-	-	G
C44567714      none	B	[O:1]=[C:2]([O-])!@[CX4H1:3][H:4]	89.991	0.86741	-	-	-	-	O
C62426107      none	B	[!#1:1][CX4:2]!@[SX4:3][!#1:4]	180	13.1368	-	-	-	-	G
C62426107      none	B	[aH0:1][c:2]([aH0])!@[SX4:3][!#1:4]	179.997	0.27933	-	-	-	-	R
C62426107      none	B	[a:1][ar5:2]!@[ar5:3][a:4]	0.324684	21.2405	-	-	-	-	G
C62913800      none	B	[C:1][CX4:2]!@[CX3:3]=[O:4]	-0.00150192	5.61823	-	-	-	-	G
C62913800      none	B	[O:1]=[CX3:2]!@[NX3H0:3][!#1:4]	-0.00230558	25.0866	-	-	-	-	G
C62913800      none	B	[N:1][C:2](=O)!@[CX4H2:3][CX4H2:4]	150.002	4.76839	-	-	-	-	G
C62913800      none	B	[!#1:1][CX4H2:2]!@[CX4H2:3][!#1:4]	-60.0054	3.77933	-	-	-	-	G
C62913800      none	B	[!#1:1][CX4:2]!@[SX2:3][!#1:4]	160.007	2.91722	-	-	-	-	G
C62913800      none	B	[!#1:1][CX4:2]!@[SX2:3][!#1:4]	-80.0033	6.01214	-	-	-	-	G
C62913800      none	B	[!#1:1][CX4H2:2]!@[CX3:3]=[O:4]	179.996	2.94479	-	-	-	-	G
C44134941      none	B	[OX2:1][CX4:2]!@[CX4:3][OX2:4]	-60.0444	16.2177	-	-	-	-	G
C44134941      none	B	[H:1][CX4H1:2]!@[O:3][CX4:4]	-60.029	5.14933	-	-	-	-	G
C44134941      none	B	[$(C=O):1][NX3H1:2]!@[CX4H1:3][H:4]	-30.0011	6.97413	-	-	-	-	G
C44134941      none	B	[O:1]=[CX3:2]!@[NX3H1:3][!#1:4]	-0.00127045	63.7893	-	-	-	-	G
C63156905      none	B	[aH0:1][c:2]([aH1])!@[SX4:3][!#1:4]	-90.004	5.01982	-	-	-	-	G
C63156905      none	B	[$(S(=O)(=O)):1][N:2]!@[c:3][a:4]	179.997	4.19922	-	-	-	-	G
C63156905      none	B	[*:1]~[N,n:2]!@[S:3]~[*:4]	56.0262	4.33354	-	-	-	-	O
C63156905      none	B	[!#1:1][CX4:2]!@[SX4:3][!#1:4]	180	13.1368	-	-	-	-	G
C63156905      none	B	[!#1:1][CX4:2]!@[CX4:3][!#1:4]	-81.2009	1.71775	-	-	-	-	G
C33897187      none	B	[!#1:1][CX4H2:2]!@[CX4H2:3][!#1:4]	-60.0037	3.77933	-	-	-	-	G
C33897187      none	B	[C:1][CX4H2:2]!@[OX2:3][c:4]	179.995	43.8829	-	-	-	-	G
C33897187      none	B	[cH1:1][c:2]([cH1])!@[O:3][C:4]	-149.728	0.243246	-	-	-	-	R
C33897187      none	B	[a:1][c:2]!@[CX4H1:3][N,O:4]	-123.144	3.08052	-	-	-	-	G
C33897187      none	B	[OX2:1][CX4:2]!@[CX4:3][N:4]	-45.7438	6.29213	-	-	-	-	G
C33897187      none	B	[N:1][CX4:2]!@[CX3:3]=[O:4]	-25.2209	5.37503	-	-	-	-	G
C40577732      none	B	[O:1]=[CX3:2]!@[NX3H0:3][!#1:4]	29.9997	0.680979	-	-	-	-	O
C40577732      none	B	[O:1]=[CX3:2]!@[NX3H1:3][!#1:4]	0.00572353	63.7893	-	-	-	-	G
C40577732      none	B	[$(C=O):1][NX3H1:2]!@[CX4H1:3][H:4]	30.0031	9.46757	-	-	-	-	G
C40577732      none	B	[OX2:1][CX4:2]!@[CX4:3][N:4]	-39.9993	1.41573	-	-	-	-	G
C40577732      none	B	[O:1]=[C:2]([O-])!@[CX4H1:3][H:4]	-0.012264	0.495663	-	-	-	-	O
C13013620      none	B	[O:1]=[C:2]([O-])!@[CX4H1:3][H:4]	-0.00553213	0.495663	-	-	-	-	O
C13013620      none	B	[$(S(=O)(=O)):1][NX3H1:2]!@[CX4H1:3][H:4]	60.0047	1.10497	-	-	-	-	G
C13013620      none	B	[c:1][$(S(=O)=O):2]!@[NX3H1:3][C:4]	59.9971	14.5215	-	-	-	-	G
C13013620      none	B	[aH1:1][c:2]([aH1])!@[SX4:3][!#1:4]	-89.7173	12.5987	-	-	-	-	G
C13013620      none	B	[cH1:1][c:2]([cH1])!@[CX3:3]=[NX2:4]	180	13.9437	-	-	-	-	G
C13013620      none	B	[*:1]~[NX3:2]!@[NX2:3]~[*:4]	-150.004	0.364964	-	-	-	-	O
C13013620      none	B	[O:1]=[CX3:2]!@[NX3H1:3][!#1:4]	-0.00713648	63.7893	-	-	-	-	G
C13013620      none	B	[a:1][c:2]!@[C:3]([NH1,NH2])=[O:4]	-179.672	9.31373	-	-	-	-	G
C54500333      none	B	[NH1:1][CX4:2]!@[CX3:3]=[O:4]	1.97503	6.89233	-	-	-	-	G
C54500333      none	B	[O:1]=[CX3:2]!@[NX3H1:3][!#1:4]	0.00658032	63.7893	-	-	-	-	G
C54500333      none	B	[$(C=O):1][NX3H1:2]!@[CX4H1:3][H:4]	29.9955	9.46757	-	-	-	-	G
C54500333      none	B	[!#1:1][CX4:2]!@[CX4:3][!#1:4]	28.6221	0.236666	-	-	-	-	O
C54500333      none	B	[O:1]=[C:2]([O-])!@[CX4H1:3][H:4]	90.0004	0.86741	-	-	-	-	O
C13424839      none	B	[O:1]=[C:2]([O-])!@[CX4H1:3][H:4]	89.9863	0.86741	-	-	-	-	O
C13424839      none	B	[$(C=O):1][NX3H1:2]!@[CX4H1:3][H:4]	-29.9982	6.97413	-	-	-	-	G
C13424839      none	B	[O:1]=[CX3:2]!@[NX3H1:3][!#1:4]	0.0033057	63.7893	-	-	-	-	G
C13424839      none	B	[NH1:1][CX4:2]!@[CX3:3]=[O:4]	149.992	9.89432	-	-	-	-	G
C13424839      none	B	[!#1:1][CX4:2]!@[CX4:3][!#1:4]	59.9989	12.3771	-	-	-	-	G
C13424839      none	B	[$(C=O):1][NX3H1:2]!@[CX4H1:3][H:4]	-29.9926	6.97413	-	-	-	-	G
C13424839      none	B	[O:1]=[CX3:2]!@[NX3H1:3][!#1:4]	-0.00901316	63.7893	-	-	-	-	G
C13424839      none	B	[O:1][CX4:2]!@[CX3:3]=[O:4]	-120.377	1.11962	-	-	-	-	O
C19426600      none	B	[cH0:1][c:2]([cH1])!@[CX3:3]([NX3H0])=[O:4]	59.9731	6.54545	-	-	-	-	G
C19426600      none	B	[O:1]=[CX3:2](a)!@[NX3H0:3][!#1:4]	0.31216	23.6549	-	-	-	-	G
C19426600      none	B	[O:1]=[C:2]([O-])!@[CX4H1:3][H:4]	0.00915127	0.495663	-	-	-	-	O
C57351830      none	B	[cH1:1][c:2]!@[c:3]([cH1])[nX2H0:4]	-59.9945	0.0514271	-	-	-	-	R
C40911145      none	B	[NH1:1][CX4:2]!@[CX3:3]=[O:4]	-29.9972	4.44172	-	-	-	-	G
C40911145      none	B	[!#1:1][CX4:2]!@[NX3:3][!#1:4]	-150.001	1.96974	-	-	-	-	G
C40911145      none	B	[cH0:1][c:2]([cH,nX2H0])!@[NX3H1:3][CX4:4]	119.724	0	-	-	-	-	R
C40911145      none	B	[aH1:1][c:2]([aH1])!@[SX4:3][!#1:4]	90.0036	12.916	-	-	-	-	G
C40911145      none	B	[O-:1][N+:2](=O)!@[c:3]([cH0])[cH,nX2H0:4]	0.270784	12.6374	-	-	-	-	G
C61843648      none	B	[!#1:1][CX4:2]!@[SX4:3][!#1:4]	-79.9983	3.11579	-	-	-	-	G
C61843648      none	B	[!#1:1][CX4H2:2]!@[CX4H2:3][!#1:4]	180	58.554	-	-	-	-	G
C61843648      none	B	[!#1:1][CH2:2]!@[n:3][a:4]	-44.6878	0.361056	-	-	-	-	O
C61843648      none	B	[nX2H0:1][c:2]!@[C:3](=[N:4])(-[NH1,NH2])	179.998	33.0189	-	-	-	-	G
C49548753      none	B	[$(C=O):1][NX3H1:2]!@[c:3](s)[n:4]	-30.0063	0	-	-	-	-	R
C49548753      none	B	[O,S:1]=[C:2]([$([NX3H1]),$([NX3H2])])!@[$([NX3]c[nH0]):3][H:4]	-0.00862979	46.0938	-	-	-	-	G
C49548753      none	B	[O:1]=[CX3:2]([$([NX3H1]C)])!@[NX3H1:3][!#1:4]	-0.0245255	41.1343	-	-	-	-	G
C49548753      none	B	[$([CX3]=O):1][NX3H1:2]!@[CX4H2:3][C:4] 	-119.992	2.61599	-	-	-	-	O
C49548753      none	B	[!#1:1][CX4H2:2]!@[CX4H2:3][!#1:4]	-59.9987	3.77933	-	-	-	-	G
C49548753      none	B	[!#1:1][CX4H2:2]!@[CX4H2:3][!#1:4]	180	58.554	-	-	-	-	G
C49548753      none	B	[!#1:1][CX4H2:2]!@[CX4H2:3][!#1:4]	179.999	58.554	-	-	-	-	G
C49548753      none	B	[!#1:1][CX4H2:2]!@[CX4H2:3][!#1:4]	60.0011	3.99483	-	-	-	-	G
C49548753      none	B	[C:1][CX4H2:2]!@[CX3:3]=[O:4]	-119.996	0.79457	-	-	-	-	O
C45147340      none	B	[aH0:1][c:2]([aH0])!@[SX4:3][!#1:4]	-83.8667	8.10056	-	-	-	-	G
C45147340      none	B	[c:1][S:2](=O)(=O)!@[NX2H0-:3]-[*:4]	-59.9965	11.1111	-	-	-	-	G
C45147340      none	B	[$(S(=O)(=O)):1][N:2]!@[c:3][a:4]	119.995	2.34375	-	-	-	-	G
C35348720      none	B	[H:1][CX4H1:2]!@[O:3][CX4:4]	-40.005	11.8876	-	-	-	-	G
C35348720      none	B	[O:1]=[C:2]([O-])!@[CX4H1:3][H:4]	90.0013	0.86741	-	-	-	-	O
C35348720      none	B	[cH1,nX2H0:1][c:2]([cH1,nX2H0])!@[NX3r:3][*:4]	-29.9923	1.80261	-	-	-	-	O
C35348720      none	B	[aH1:1][c:2]([aH1])!@[SX4:3][!#1:4]	-90.0051	12.5987	-	-	-	-	G
C61809584      none	B	[a:1][c:2]!@[C:3]([NH0])=[O:4]	-30.0025	2.55556	-	-	-	-	G
C61809584      none	B	[O:1]=[C:2]([O-])!@[c:3]([cH1])[cH1:4]	179.992	7.35294	-	-	-	-	G
C61809584      none	B	[O:1]=[CX3:2](a)!@[NX3H0:3][!#1:4]	0.00210311	23.6549	-	-	-	-	G
C61809584      none	B	[$([CX3]=O):1][NX3H0:2](C)!@[CX4H2:3][C:4]	90.0053	14.7513	-	-	-	-	G
C61809584      none	B	[$([CX3]=O):1][NX3H0:2](C)!@[CX4H2:3][C:4]	90.0019	14.7513	-	-	-	-	G
C61809584      none	B	N[C:2](=[O:1])!@[CH2:3][N:4]	180	8.33333	-	-	-	-	G
C61809584      none	B	N[C:2](=[O:1])!@[CH2:3][N:4]	180	8.33333	-	-	-	-	G
C45139295      none	B	[$(C=O):1][NX3H1:2]!@[CX4H1:3][H:4]	0.00201105	8.26772	-	-	-	-	G
C45139295      none	B	[O:1]=[CX3:2]!@[NX3H1:3][!#1:4]	1.59074e-05	63.7893	-	-	-	-	G
C45139295      none	B	[O:1]=[CX3:2]!@[NX3H0:3][!#1:4]	0.301585	25.0866	-	-	-	-	G
C45139295      none	B	[O:1]=[C:2]([O-])!@[CX4H1:3][H:4]	90.0021	0.86741	-	-	-	-	O
C50376580      none	B	[NH1:1][CX4:2]!@[CX3:3]=[O:4]	-30.0005	4.44172	-	-	-	-	G
C50376580      none	B	[$(C=O):1][NX3H1:2]!@[CX4H0:3][C:4]	59.9957	13.3187	-	-	-	-	G
C50376580      none	B	[O:1]=[CX3:2]([$([NX3H1]C)])!@[NX3H1:3][!#1:4]	0.00664571	41.1343	-	-	-	-	G
C50376580      none	B	[O:1]=[CX3:2]([$([NX3H1]C)])!@[NX3H1:3][!#1:4]	-0.0105205	41.1343	-	-	-	-	G
C50376580      none	B	[$(C=O):1][NX3H1:2]!@[CX4H1:3][H:4]	-29.9915	6.97413	-	-	-	-	G
C50376580      none	B	[H:1][CX4H1:2]!@[O:3][CX4:4]	38.2009	11.9906	-	-	-	-	G
C00124927      none	B	[!#1:1][CX4:2]!@[SX4:3][!#1:4]	30.0004	0.336842	-	-	-	-	O
C00124927      none	B	[aH0:1][c:2]([aH1])!@[SX4:3][!#1:4]	89.7168	4.49141	-	-	-	-	G
C00124927      none	B	[cH1,nX2H0:1][c:2]([cH1,nX2H0])!@[NX3r:3][*:4]	-149.719	2.0583	-	-	-	-	O
C37456869      none	B	[!#1:1][CX4:2]!@[CX4:3][!#1:4]	158.624	1.81259	-	-	-	-	G
C37456869      none	B	[NH1:1][CX4:2]!@[CX3:3]=[O:4]	119.989	0.41354	-	-	-	-	G
C37456869      none	B	[$(C=O):1][NX3H1:2]!@[CX4H0:3][C:4]	59.9895	13.3187	-	-	-	-	G
C37456869      none	B	[O:1]=[CX3:2]!@[NX3H1:3][!#1:4]	0.0119187	63.7893	-	-	-	-	G
C37456869      none	B	[O:1]=[CX3:2]([NH1])!@[CH2:3][C:4]	-60.0148	5.85305	-	-	-	-	G
C37456869      none	B	[!#1:1][CX4H2:2]!@[CX4H2:3][!#1:4]	179.998	58.554	-	-	-	-	G
C37456869      none	B	[$([CX3]=O):1][NX3H1:2]!@[CX4H2:3][C:4] 	90.0068	7.35439	-	-	-	-	G
C37456869      none	B	[O:1]=[CX3:2]!@[NX3H1:3][!#1:4]	0.00113633	63.7893	-	-	-	-	G
C37456869      none	B	[cH1:1][c:2]([cH1])!@[C:3]([NH1,NH2])=[O:4]	-27.0083	8.39053	-	-	-	-	G
C40557583      none	B	[OX2:1][CX4:2]!@[CX4:3][N:4]	164.238	1.1236	-	-	-	-	O
C40557583      none	B	[$([CX3]=O):1][NX3H1:2]!@[CX4H2:3][C:4] 	90.0031	7.35439	-	-	-	-	G
C40557583      none	B	[O:1]=[CX3:2]!@[NX3H1:3][!#1:4]	0.00152304	63.7893	-	-	-	-	G
C40557583      none	B	[O:1]=[CX3:2]!@[NX3H0:3][!#1:4]	0.304802	25.0866	-	-	-	-	G
C40557583      none	B	[O:1]=[C:2]([O-])!@[CX4H1:3][H:4]	89.9965	0.86741	-	-	-	-	O
C08991940      none	B	[a:1][c:2]!@[C:3]([NH0])=[O:4]	59.9924	3.02778	-	-	-	-	G
C08991940      none	B	[O:1]=[CX3:2](a)!@[NX3H0:3][!#1:4]	-149.719	2.19542	-	-	-	-	O
C08991940      none	B	[O:1]=[C:2]([O-])!@[CX4H1:3][H:4]	90.0006	0.86741	-	-	-	-	O
C03997391      none	B	[$(S(=O)(=O)):1][NH0:2]!@[c:3]([cH1])[cH0:4]	-90.0006	18.0328	-	-	-	-	G
C03997391      none	B	[c:1][S:2](=O)(=O)!@[NX2H0-:3]-[*:4]	89.9969	2.77778	-	-	-	-	G
C03997391      none	B	[aH0:1][c:2]([aH1])!@[SX4:3][!#1:4]	-110.335	1.0568	-	-	-	-	O
C08783043      none	B	[$(S(=O)(=O)):1][NH1:2]!@[c:3]([cH1])[cH1:4]	-90.0254	1.05932	-	-	-	-	O
C08783043      none	B	[cH1:1][c:2]([cH1])!@[C:3]([NH1,NH2])=[O:4]	-27.0018	8.39053	-	-	-	-	G
C08783043      none	B	[O:1]=[CX3:2]!@[NX3H1:3][!#1:4]	-0.00733156	63.7893	-	-	-	-	G
C08783043      none	B	[$([CX3]=O):1][NX3H1:2]!@[CX4H2:3][C:4] 	180	6.46594	-	-	-	-	G
C08783043      none	B	[NH1:1][CX4:2]!@[CX3:3]=[O:4]	-119.99	0.275693	-	-	-	-	G
C08783043      none	B	[c:1][$(S(=O)=O):2]!@[NX3H1:3][c:4]	-89.9932	1.19863	-	-	-	-	G
C08783043      none	B	[aH1:1][c:2]([aH1])!@[SX4:3][!#1:4]	90.2622	12.916	-	-	-	-	G
C20295300      none	B	[cH0:1][c:2]([cH0])!@[c:3]([cH1:4])[cH1]	120.273	6.56083	-	-	-	-	O
C20295300      none	B	[$([cH0]!@[*^2]):1][c:2]([cH1])!@[CX3:3]=[O:4]	119.987	1.0199	-	-	-	-	O
C40558504      none	B	[$(C=O):1][NX3H0:2]!@[CX4H1:3][H:4]	-1.42403	15.8824	-	-	-	-	G
C40558504      none	B	[$([CX3]=O):1][NX3H0:2](C)!@[CX4H2:3][C:4]	60.0007	0.600343	-	-	-	-	O
C40558504      none	B	[O:1]=[CX3:2]!@[NX3H0:3][!#1:4]	-149.996	1.37927	-	-	-	-	O
C40558504      none	B	[N:1][CX4:2]!@[CX3:3]=[O:4]	-120.002	0.897291	-	-	-	-	G
C40558504      none	B	[O:1]=[CX3:2]!@[NX3H0:3][!#1:4]	-149.694	1.37927	-	-	-	-	O
C40558504      none	B	[N:1][CX4:2]!@[CX3:3]=[O:4]	118.908	0.766617	-	-	-	-	O
C20527078      none	B	[a:1][a:2]!@[CX3:3]=[CX3H1:4]	-59.9946	1.10784	-	-	-	-	O
C20527078      none	B	[a:1][a:2]!@[NX3:3][!#1:4]	60.2906	1.72297	-	-	-	-	O
C20527078      none	B	[*^2:1]~[C^2:2]([!H])!@[C^2:3]~[*^2:4]	89.9942	1.26539	-	-	-	-	G
C44608202      none	B	[O:1]=[C:2]([O-])!@[CX4H1:3][H:4]	90.0063	0.86741	-	-	-	-	O
C44608202      none	B	[H:1][CX4H1:2]!@[O:3][CX4:4]	-29.9994	6.07621	-	-	-	-	G
C44608202      none	B	[H:1][CX4H1:2]!@[O:3][CX4:4]	-60.0063	5.14933	-	-	-	-	G
C44608202      none	B	[$(C=O):1][NX3H1:2]!@[CX4H1:3][H:4]	-29.9912	6.97413	-	-	-	-	G
C44608202      none	B	[OX2:1][CX4:2]!@[CX4:3][OX2:4]	80.0022	2.87509	-	-	-	-	G
C44608202      none	B	[O:1]=[CX3:2]!@[NX3H1:3][!#1:4]	-0.00490323	63.7893	-	-	-	-	G
C40577960      none	B	[!#1:1][CH2:2]!@[n:3][a:4]	90.3216	13.2097	-	-	-	-	G
C40577960      none	B	[$(C=O):1][NX3H1:2]!@[c:3]([cH1])[cH1:4]	179.986	8.15546	-	-	-	-	G
C40577960      none	B	[O:1]=[CX3:2]!@[NX3H1:3][!#1:4]	-0.00293272	63.7893	-	-	-	-	G
C40577960      none	B	[O:1]=[CX3:2]!@[NX3H0:3][!#1:4]	0.304994	25.0866	-	-	-	-	G
C40577960      none	B	[O:1]=[C:2]([O-])!@[CX4H1:3][H:4]	90.0054	0.86741	-	-	-	-	O
C40523639      none	B	[!#1:1][CX4:2]!@[CX4:3][!#1:4]	-81.3818	1.71775	-	-	-	-	G
C40523639      none	B	[NH1:1][CX4:2]!@[CX3:3]=[O:4]	-119.991	0.275693	-	-	-	-	G
C40523639      none	B	[$(C=O):1][NX3H1:2]!@[CX4H0:3][C:4]	-60.0072	14.7253	-	-	-	-	G
C40523639      none	B	[O:1]=[CX3:2]!@[NX3H1:3][!#1:4]	0.00623842	63.7893	-	-	-	-	G
C40523639      none	B	[O:1]=[CX3:2]!@[NX3H0:3][!#1:4]	-179.679	18.2537	-	-	-	-	G
C22145228      none	B	[$(C=O):1][NX3H1:2]!@[CX4H1:3][H:4]	29.9992	9.46757	-	-	-	-	G
C22145228      none	B	[O:1]=[CX3:2]!@[NX3H1:3][!#1:4]	0.000621099	63.7893	-	-	-	-	G
C22145228      none	B	[O:1]=[CX3:2]!@[NX3H0:3][!#1:4]	0.313778	25.0866	-	-	-	-	G
C22145228      none	B	[O:1]=[C:2]([O-])!@[CX4H1:3][H:4]	89.9964	0.86741	-	-	-	-	O
C61817680      none	B	[*:1]~[CX4:2]!@[n:3]~[*:4]	-57.7974	3.65221	-	-	-	-	G
C61817680      none	B	[C:1][CX4:2]!@[CX3:3]=[O:4]	-151.101	1.18876	-	-	-	-	G
C54492801      none	B	[C:1][CX4:2]!@[NX3;"N_lp":3][C:4]	159.635	4.57693	-	-	-	-	G
C54492801      none	B	[C:1][CX4:2]!@[CX3:3]=[O:4]	119.839	3.75937	-	-	-	-	G
C40549878      none	B	[$(C=O):1][NX3H1:2]!@[c:3]([cH1])[cH1:4]	179.985	8.15546	-	-	-	-	G
C40549878      none	B	[O:1]=[CX3:2]!@[NX3H1:3][!#1:4]	89.9976	0	-	-	-	-	R
C40549878      none	B	[O:1]=[CX3:2]!@[NX3H0:3][!#1:4]	-29.6737	0.692521	-	-	-	-	O
C40549878      none	B	[O:1]=[C:2]([O-])!@[CX4H1:3][H:4]	0.0085349	0.495663	-	-	-	-	O
C67541999      none	B	[H:1][CX4H1:2]!@[OX2:3][!#1:4]	0.00738285	7.47259	-	-	-	-	G
C67541999      none	B	[cH1,n:1][c:2]!@[O:3][CH1:4]	29.9899	3.20388	-	-	-	-	G
C67541999      none	B	[cH0:1][c:2]([cH0])!@[c:3]([cH1:4])[cH1]	-119.717	5.85036	-	-	-	-	G
C35057330      none	B	[O:1]=[C:2]([O-])!@[CX4H1:3][H:4]	90.0033	0.86741	-	-	-	-	O
C35057330      none	B	[H:1][CX4H1:2]!@[O:3][CX4:4]	29.9923	7.15021	-	-	-	-	G
C35057330      none	B	[H:1][CX4H1:2]!@[O:3][CX4:4]	30.002	7.15021	-	-	-	-	G
C35057330      none	B	[$(C=O):1][NX3H1:2]!@[CX4H1:3][H:4]	30.0005	9.46757	-	-	-	-	G
C35057330      none	B	[H:1][CX4H1:2]!@[OX2:3][!#1:4]	0.21828	7.47259	-	-	-	-	G
C35057330      none	B	[a:1][c:2]!@[CX4H1:3][N,O:4]	29.9903	3.56196	-	-	-	-	G
C35057330      none	B	[cH1,n:1][c:2]!@[O:3][CRH1:4]	-29.9973	2.03252	-	-	-	-	G
C35057330      none	B	[O:1]=[CX3:2]!@[NX3H1:3][!#1:4]	-0.00678388	63.7893	-	-	-	-	G
C40578415      none	B	[NH1:1][CX4:2]!@[CX3:3]=[O:4]	-120.001	0.275693	-	-	-	-	G
C40578415      none	B	[$(C=O):1][NX3H1:2]!@[CX4H1:3][H:4]	-60.0054	1.23735	-	-	-	-	G
C40578415      none	B	[O:1]=[CX3:2]!@[NX3H1:3][!#1:4]	0.00341855	63.7893	-	-	-	-	G
C40578415      none	B	[O:1]=[CX3:2]!@[NX3H0:3][!#1:4]	0.307665	25.0866	-	-	-	-	G
C40578415      none	B	[O:1]=[C:2]([O-])!@[CX4H1:3][H:4]	0.00168446	0.495663	-	-	-	-	O
C37456845      none	B	[!#1:1][CX4:2]!@[CX4:3][!#1:4]	68.6221	7.06239	-	-	-	-	G
C37456845      none	B	[NH1:1][CX4:2]!@[CX3:3]=[O:4]	-150.001	4.5183	-	-	-	-	G
C37456845      none	B	[$(C=O):1][NX3H1:2]!@[CX4H0:3][C:4]	180	11.3993	-	-	-	-	G
C37456845      none	B	[O:1]=[CX3:2]!@[NX3H1:3][!#1:4]	-0.0140304	63.7893	-	-	-	-	G
C37456845      none	B	[*^2:1]~[C^2:2]([!H])!@[C^2:3]~[*^2:4]	-29.7333	1.21216	-	-	-	-	G
C38804916      none	B	[!#1:1][CX4H0:2]!@[OX2:3][!#1:4]	30.0081	0.153081	-	-	-	-	R
C38804916      none	B	[O:1]=[C:2]!@[O:3]~[CH0:4]	59.9946	0.0213038	-	-	-	-	R
C38804916      none	B	[O:1]=[CX3:2]!@[NX3H1:3][!#1:4]	180	2.24265	-	-	-	-	G
C38804916      none	B	[$(C=O):1][NX3H1:2]!@[CX3:3]=[*H0:4]	150.308	1.23457	-	-	-	-	O
C38804916      none	B	[$(C=O):1][NX3H1:2]!@[CX3:3]=[*H0:4]	180	33.8082	-	-	-	-	G
C38804916      none	B	[O:1]=[CX3:2]!@[NX3H1:3][!#1:4]	-0.000403544	63.7893	-	-	-	-	G
C62220184      none	B	[$(S(=O)(=O)):1][NH0:2]!@[c:3]([cH1])[cH1:4]	-90.0134	17.7686	-	-	-	-	G
C62220184      none	B	[*:1]~[N,n:2]!@[S:3]~[*:4]	26.0228	2.49131	-	-	-	-	G
C62220184      none	B	[!#1:1][CX4:2]!@[SX4:3][!#1:4]	-159.997	2.90526	-	-	-	-	G
C62220184      none	B	[!#1:1][CX4:2]!@[CX4:3][!#1:4]	160.001	1.81259	-	-	-	-	G
C62220184      none	B	[C:1][CX4:2]!@[CX3:3]=[O:4]	-90.0001	3.45082	-	-	-	-	G
C62220184      none	B	[O:1]=[CX3:2]!@[NX3H1:3][!#1:4]	0.00189084	63.7893	-	-	-	-	G
C62220184      none	B	[$(C=O):1][NX3H1:2]!@[c:3]([cH1])[cH1:4]	-150	5.07451	-	-	-	-	G
C54962250      none	B	[O:1]=[C:2]([O-])!@[CX4H1:3][H:4]	-0.0132495	0.495663	-	-	-	-	O
C54962250      none	B	[a:1][c:2]!@[CX4H1:3][N,O:4]	30.0074	3.56196	-	-	-	-	G
C40577235      none	B	[a:1][c:2]!@[CX4H1:3][N,O:4]	30.0031	3.56196	-	-	-	-	G
C40577235      none	B	[$(C=O):1][NX3H1:2]!@[CX4H1:3][H:4]	180	0.712411	-	-	-	-	R
C40577235      none	B	[O:1]=[CX3:2]!@[NX3H1:3][!#1:4]	-0.00999897	63.7893	-	-	-	-	G
C40577235      none	B	[O:1]=[CX3:2]!@[NX3H0:3][!#1:4]	0.315322	25.0866	-	-	-	-	G
C40577235      none	B	[O:1]=[C:2]([O-])!@[CX4H1:3][H:4]	0.0021648	0.495663	-	-	-	-	O
C04862896      none	B	[$(C=O):1][NX3H0:2]!@[CX4H2:3][!#1:4]	119.981	3.3859	-	-	-	-	G
C04862896      none	B	[$(C=O):1][NX3H0:2]!@[CX4H2:3][!#1:4]	89.9758	13.8915	-	-	-	-	G
C19817172      none	B	[NH1:1][CX4:2]!@[CX3:3]=[O:4]	-120.004	0.275693	-	-	-	-	G
C19817172      none	B	[$(C=O):1][NX3H1:2]!@[CX4H0:3][C:4]	59.9962	13.3187	-	-	-	-	G
C19817172      none	B	[O:1]=[CX3:2]([$([NX3H1]C)])!@[NX3H1:3][!#1:4]	-0.00258477	41.1343	-	-	-	-	G
C19817172      none	B	[O:1]=[CX3:2]([$([NX3H1]C)])!@[NX3H1:3][!#1:4]	180	9.5176	-	-	-	-	R
C19817172      none	B	[$([CX3]=O):1][NX3H1:2]!@[CX4H2:3][C:4] 	149.994	1.43139	-	-	-	-	O
C19817172      none	B	N[C:2](=[O:1])!@[CH2:3][N:4]	0.0045481	9.82143	-	-	-	-	G
C19817172      none	B	[O:1]=[CX3:2]!@[NX3H0:3][!#1:4]	150.277	1.73707	-	-	-	-	O
C64479076      none	B	[cH0:1][c:2]([cH1])!@[O:3][C:4]	-89.9945	0.64732	-	-	-	-	R
C64479076      none	B	[$(S(=O)(=O)):1][NH0:2]!@[c:3]([cH1])[cH0:4]	-119.998	0	-	-	-	-	R
C64479076      none	B	[c:1][S:2](=O)(=O)!@[NX2H0-:3]-[*:4]	90.0026	2.77778	-	-	-	-	G
C64479076      none	B	[aH0:1][c:2]([aH1])!@[SX4:3][!#1:4]	-70.2827	15.3236	-	-	-	-	G
C64479076      none	B	[O-:1][N+:2](=O)!@[c:3]([cH,nX2H0])[cH,nX2H0:4]	179.982	23.2156	-	-	-	-	G
C64479076      none	B	[cH0:1][c:2]([cH1])!@[O:3][C:4]	179.999	48.7454	-	-	-	-	G
C41962703      none	B	[a:1][c:2]([a])!@[O:3][CX4H0:4]	90.0008	10.3226	-	-	-	-	G
C41962703      none	B	[!#1:1][CX4H0:2]!@[OX2:3][!#1:4]	-89.9989	0.255135	-	-	-	-	R
C41962703      none	B	[O:1][CX4:2]!@[CX3:3]=[O:4]	89.9946	0.432135	-	-	-	-	O
C52756236      none	B	[a:1][c:2]!@[CX4H2:3][!#1:4]	-119.996	2.51495	-	-	-	-	G
C52756236      none	B	[!#1:1][CX4:2]!@[SX2:3][!#1:4]	80.001	6.41197	-	-	-	-	G
C52756236      none	B	[aH0:1][c:2]([aH0])!@[SX2:3][!#1:4]	59.9954	2.01135	-	-	-	-	G
C19981299      none	B	[$(C=O):1][NX3H1:2]!@[CX4H1:3][H:4]	-30.0047	6.97413	-	-	-	-	G
C19981299      none	B	[O:1]=[CX3:2]!@[NX3H1:3][!#1:4]	-0.000874669	63.7893	-	-	-	-	G
C19981299      none	B	[O:1]=[CX3:2]!@[NX3H0:3][!#1:4]	150.279	1.73707	-	-	-	-	O
C19981299      none	B	[O:1]=[C:2]([O-])!@[CX4H1:3][H:4]	89.9991	0.86741	-	-	-	-	O
C52813807      none	B	[aH0:1][c:2]([aH0])!@[SX2:3][!#1:4]	-90.0014	3.32646	-	-	-	-	G
C52813807      none	B	[aH0:1][c:2]([aH0])!@[SX2:3][!#1:4]	120.001	1.75348	-	-	-	-	G
C19754206      none	B	[C:1][CX4:2]!@[CX3:3]=[O:4]	0.00383365	5.61823	-	-	-	-	G
C19754206      none	B	[O:1]=[CX3:2]!@[NX3H1:3][!#1:4]	-0.00162069	63.7893	-	-	-	-	G
C19754206      none	B	[$([C](=O)):1][NX3:2]!@[a:3](s)[a:4]	-179.669	61.7021	-	-	-	-	G
C19754206      none	B	[O:1]=[C:2]([O-])!@[CX4H1:3][H:4]	0.00922247	0.495663	-	-	-	-	O
C40522301      none	B	[$(C=O):1][NX3:2]!@[a:3][aH0:4]	179.977	13.4466	-	-	-	-	G
C40522301      none	B	[O:1]=[CX3:2]!@[NX3H1:3][!#1:4]	-60.0036	0	-	-	-	-	R
C40522301      none	B	[O:1]=[CX3:2]!@[NX3H0:3][!#1:4]	0.310542	25.0866	-	-	-	-	G
C40522301      none	B	[O:1]=[C:2]([O-])!@[CX4H1:3][H:4]	-0.000329171	0.495663	-	-	-	-	O
C64029145      none	B	[C:1][CH2:2]!@[O:3][CX4:4]	-159.995	4.55295	-	-	-	-	G
C64029145      none	B	[OX2:1][CX4H2:2]!@[CX4H2:3][Nr:4]	59.9969	18.1373	-	-	-	-	G
C64029145      none	B	[$(C=O):1][NX3H0:2]!@[CX4H2:3][!#1:4]	-119.992	2.94527	-	-	-	-	G
C64029145      none	B	[NH1:1][CX4:2]!@[CX3:3]=[O:4]	-120.471	0.275693	-	-	-	-	G
C64029145      none	B	[O:1]=[C:2]([!$([NH1])])!@[NX3H1:3]([H:4])[$(c([nX2H0])([nX2H0]))]	-0.0106393	20	-	-	-	-	R
C64029145      none	B	[$([C]([CX4])(=O)):1][NX3H1:2]!@[c:3]([nX2H0])[nX2H0:4]	29.6976	3.84615	-	-	-	-	O
C22165605      none	B	[cH1,nX2H0:1][c:2]([cH1,nX2H0])!@[NX3r:3][*:4]	150.301	1.71312	-	-	-	-	O
C22165605      none	B	[O:1]=[C:2]([O-])!@[CX4H1:3][H:4]	89.9906	0.86741	-	-	-	-	O
CHEMBL370941      none	B	[!#1:1][CH2:2]!@[n:3][a:4]	45.3165	0.859064	-	-	-	-	O
CHEMBL370941      none	B	[a,!nX2H0:1][a:2]([!nX2H0])!@[a:3]([nX2H0])[nX2H0:4]	-30.0424	2.5	-	-	-	-	R
CHEMBL370941      none	B	[cH0:1][c:2]!@[CX4H2:3][CX4:4]	89.9957	18.5823	-	-	-	-	G
CHEMBL370941      none	B	[!#1:1][CX4:2]!@[CX4:3][!#1:4]	80.0036	1.75235	-	-	-	-	G
CHEMBL370941      none	B	[O:1]=[C:2]([O-])!@[CX4H1:3][H:4]	0.00126951	0.495663	-	-	-	-	O
C17457420      none	B	[!#1:1][CX3:2]!@[SX2:3][!#1:4]	-0.00197914	5.38404	-	-	-	-	G
C17457420      none	B	[a:1][c:2]!@[CX4H1:3][H:4]	3.05679	6.54616	-	-	-	-	G
C17457420      none	B	[*:1]~[CX3:2]!@[OX2:3]~[*:4]	120.003	0.0927709	-	-	-	-	G
C17457420      none	B	[*:1][CX4:2]!@[O:3][$([CX3](=[!O])):4]	-160	1.70256	-	-	-	-	G
C17457420      none	B	[CX3:1]=[CX3:2]!@[CH2:3][OX2:4]	-30.0089	0.152672	-	-	-	-	O
C17457420      none	B	[!#1:1][CX4:2]!@[SX2:3][!#1:4]	79.9982	6.41197	-	-	-	-	G
C17457420      none	B	[!#1:1][CX4H2:2]!@[CX3:3]=[O:4]	119.998	0.613497	-	-	-	-	G
C37730458      none	B	[aH0:1][c:2]([aH1])!@[SX4:3][!#1:4]	64.992	13.4742	-	-	-	-	G
C37730458      none	B	[c:1][$(S(=O)=O):2]!@[NX3H1:3][C:4]	-147	0	-	-	-	-	R
C37730458      none	B	[!#1:1][CX4:2]!@[NX3:3][!#1:4]	-30.001	0.381602	-	-	-	-	G
C37730458      none	B	[NH1:1][CX4:2]!@[CX3:3]=[O:4]	89.9999	0.183795	-	-	-	-	R
C55272842      none	B	[H:1][CX4H1:2]!@[O:3][CX4:4]	59.9971	4.42842	-	-	-	-	G
C55272842      none	B	[O:1]=[C:2]([O-])!@[CX4H1:3][H:4]	-0.00919818	0.495663	-	-	-	-	O
C55272842      none	B	[O:1]=[CX3:2]!@[NX3H0:3][!#1:4]	30.0046	0.680979	-	-	-	-	O
C55272842      none	B	[c:1][CX4H2:2]!@[CX3:3]=[O:4]	-89.9953	2.5641	-	-	-	-	G
C55272842      none	B	[a:1][c:2]!@[CX4H2:3][CX3:4]	30.2763	0.732127	-	-	-	-	R
C39778187      none	B	[*:1]~[CX4:2]!@[n:3]~[*:4]	-0.00368781	3.06862	-	-	-	-	G
C64292285      none	B	[$(S(=O)(=O)):1][NH0:2]!@[c:3]([cH1])[cH0:4]	89.984	13.1148	-	-	-	-	G
C64292285      none	B	[cH0:1][c:2]([cH1])!@[CX3:3]([NX3H1])=[O:4]	-149.999	1.39252	-	-	-	-	G
C64292285      none	B	[O:1]=[CX3:2]!@[NX3H1:3][!#1:4]	-0.00663919	63.7893	-	-	-	-	G
C64292285      none	B	[$(C=O):1][NX3H1:2]!@[c:3]([cH1])[cH1:4]	30.0072	5.05437	-	-	-	-	G
C64292285      none	B	[$(C=O):1][NX3H1:2]!@[c:3]([cH1])[cH1:4]	119.983	0.181232	-	-	-	-	R
C64292285      none	B	[O:1]=[CX3:2]!@[NX3H1:3][!#1:4]	180	2.24265	-	-	-	-	G
C64292285      none	B	[O:1]=[C:2]([N])!@[O:3]~[C:4]	0.00247874	57.729	-	-	-	-	G
C64292285      none	B	[*:1]~[N,n:2]!@[S:3]~[*:4]	-153.974	1.449	-	-	-	-	G
C04195040      none	B	[O:1]=[CX3:2]!@[NX3H1:3][!#1:4]	-0.00432211	63.7893	-	-	-	-	G
C04195040      none	B	[$(C=O):1][NX3H1:2]!@[CX4H1:3][H:4]	30.0006	9.46757	-	-	-	-	G
C04195040      none	B	[OX2:1][CX4:2]!@[CX4:3][OX2:4]	179.941	13.4277	-	-	-	-	G
C04195040      none	B	[H:1][CX4H1:2]!@[O:3][CX4:4]	-159.973	0.0294247	-	-	-	-	R
C63147691      none	B	[!#1:1][CX4:2]!@[CX4:3][!#1:4]	-160.005	1.85018	-	-	-	-	G
C63147691      none	B	[$([CX3]=O):1][NX3H1:2]!@[CX4H2:3][C:4] 	-119.999	2.61599	-	-	-	-	O
C63147691      none	B	[O:1]=[CX3:2]!@[NX3H1:3][!#1:4]	0.00440349	63.7893	-	-	-	-	G
C63147691      none	B	[O:1]=[CX3:2]!@[NX3H0:3][!#1:4]	-29.6898	0.692521	-	-	-	-	O
C63147691      none	B	[O:1]=[C:2]([O-])!@[CX4H1:3][H:4]	90.0011	0.86741	-	-	-	-	O
C19816602      none	B	[O:1]=[CX3:2]!@[NX3H0:3][!#1:4]	-29.998	0.692521	-	-	-	-	O
C19816602      none	B	N[C:2](=[O:1])!@[CH2:3][N:4]	29.9984	5.20833	-	-	-	-	G
C19816602      none	B	[$([CX3]=O):1][NX3H1:2]!@[CX4H2:3][C:4] 	-89.9936	7.35439	-	-	-	-	G
C19816602      none	B	[O:1]=[CX3:2]([$([NX3H1]C)])!@[NX3H1:3][!#1:4]	-0.00511774	41.1343	-	-	-	-	G
C19816602      none	B	[O:1]=[CX3:2]([$([NX3H1]C)])!@[NX3H1:3][!#1:4]	180	9.5176	-	-	-	-	R
C19816602      none	B	[$(C=O):1][NX3H1:2]!@[CX4H0:3][C:4]	-66.3035	8.17582	-	-	-	-	G
C19816602      none	B	[NH1:1][CX4:2]!@[CX3:3]=[O:4]	90.003	0.183795	-	-	-	-	R
C50567815      none	B	[O:1]=[CX3:2]!@[NX3H0:3][!#1:4]	-149.999	1.37927	-	-	-	-	O
C50567815      none	B	[O:1]=[CX3:2]!@[NX3H1:3][!#1:4]	-0.0158108	63.7893	-	-	-	-	G
C50567815      none	B	[$(C=O):1][NX3H1:2]!@[CX4H0:3][C:4]	180	11.3993	-	-	-	-	G
C50567815      none	B	[NH1:1][CX4:2]!@[CX3:3]=[O:4]	89.9964	0.183795	-	-	-	-	R
C41037583      none	B	[NH1:1][CX4:2]!@[CX3:3]=[O:4]	-29.9935	4.44172	-	-	-	-	G
C41037583      none	B	[$(C=O):1][NX3H1:2]!@[CX4H0:3][C:4]	179.997	11.3993	-	-	-	-	G
C41037583      none	B	[O:1]=[CX3:2]!@[NX3H1:3][!#1:4]	0.00154907	63.7893	-	-	-	-	G
C41037583      none	B	[NH1:1][CX4:2]!@[CX3:3]=[O:4]	86.8541	0.183795	-	-	-	-	R
C40095178      none	B	[CX4:1][CX4H2:2]!@[NX3:3][CX4:4]	119.996	0.688976	-	-	-	-	R
C40095178      none	B	[CX4:1][CX4H2:2]!@[NX3:3][CX4:4]	-59.9959	3.9001	-	-	-	-	G
C40095178      none	B	[cH1:1][c:2]([cH1])!@[NX3:3][CX4:4]	-59.9998	1.1056	-	-	-	-	O
C40095178      none	B	[a:1][c:2]!@[CX4H1:3][N,O:4]	-121.593	3.08052	-	-	-	-	G
C40095178      none	B	[*^2:1]~[C^2:2]([!H])!@[C^2:3]~[*^2:4]	119.998	0.806964	-	-	-	-	G
C40095178      none	B	[$([CX3]=O):1][NX3H0:2](C)!@[CX4H2:3][C:4]	59.9737	0.600343	-	-	-	-	O
C40095178      none	B	[OX2:1][CX4H2:2]!@[CX4H2:3][Nr:4]	179.996	8.33333	-	-	-	-	G
C40095178      none	B	[C:1][CH2:2]!@[O:3][CX4:4]	180	35.2689	-	-	-	-	G
C40095178      none	B	[C:1][CH2:2]!@[O:3][CX4:4]	180	35.2689	-	-	-	-	G
C40095178      none	B	[OX2:1][CX4H2:2]!@[CX4H2:3][OX2:4]	180	10.6129	-	-	-	-	G
C40095178      none	B	[cH1:1][c:2]([cH1])!@[CX3:3]([CX3H0])=[O:4]	-89.7223	0	-	-	-	-	R
C06562334      none	B	[*:1]~[CX3:2]!@[NX2:3]~[*:4]	29.993	0.221797	-	-	-	-	O
C06562334      none	B	[*:1]~[CX3:2]!@[NX2:3]~[*:4]	-119.72	0.122371	-	-	-	-	G
C12761695      none	B	[OX2:1][CX4:2]!@[CX4:3][N:4]	-59.9964	14.8764	-	-	-	-	G
C12761695      none	B	[O:1]=[C:2]([O-])!@[CX4H1:3][H:4]	-0.00929414	0.495663	-	-	-	-	O
C12761695      none	B	[$(C=O):1][NX3H1:2]!@[CX4H1:3][H:4]	60.0083	6.22422	-	-	-	-	G
C12761695      none	B	[O:1]=[CX3:2]!@[NX3H1:3][!#1:4]	-0.0124823	63.7893	-	-	-	-	G
C12761695      none	B	[c:1][CX4:2]!@[CX3:3]=[O:4]	-119.99	3.75235	-	-	-	-	G
C12761695      none	B	[a:1][c:2]!@[CX4H1:3][H:4]	90.2644	0.477016	-	-	-	-	O
C12761695      none	B	[!#1:1][CX4:2]!@[SX2:3][!#1:4]	-79.9966	6.01214	-	-	-	-	G
C12761695      none	B	[aH1:1][c:2]([aH1])!@[SX2:3][!#1:4]	89.9974	4.22023	-	-	-	-	G
C60060200      none	B	[O:1]=[CX3:2]!@[NX3H1:3][!#1:4]	-0.00328445	63.7893	-	-	-	-	G
C60060200      none	B	[$(C=O):1][NX3H1:2]!@[c:3]([cH1])[cH1:4]	-0.00525592	7.77286	-	-	-	-	G
C60060200      none	B	[$(S(=O)(=O)):1][NH0:2]!@[c:3]([cH1])[cH1:4]	119.969	2.06612	-	-	-	-	G
C60060200      none	B	[c:1][S:2](=O)(=O)!@[NX2H0-:3]-[*:4]	-59.9998	11.1111	-	-	-	-	G
C60060200      none	B	[aH1:1][c:2]([aH1])!@[SX4:3][!#1:4]	-89.721	12.5987	-	-	-	-	G
C60060200      none	B	[cH1:1][a:2]([cH1])!@[a:3]([sX2,o,nX2H0,nX3H1:4])([cH1])	179.998	11.5003	-	-	-	-	G
C36965920      none	B	[OX2:1][CX4:2]!@[CX4:3][N:4]	-60.0014	14.8764	-	-	-	-	G
C36965920      none	B	[O:1]=[C:2]([O-])!@[CX4H1:3][H:4]	0.0144941	0.495663	-	-	-	-	O
C36965920      none	B	[$(C=O):1][NX3H1:2]!@[CX4H1:3][H:4]	30.0026	9.46757	-	-	-	-	G
C36965920      none	B	[O:1]=[CX3:2]!@[NX3H1:3][!#1:4]	-0.00344823	63.7893	-	-	-	-	G
C36965920      none	B	[nH0r6:1][cr6:2]([cH1r6])!@[C:3]([NH1,NH2])=[O:4]	-149.99	1.10497	-	-	-	-	O
C42870611      none	B	[!#1:1][CX4:2]!@[CX4:3][!#1:4]	-60.0024	12.2558	-	-	-	-	G
C42870611      none	B	[$([CX3]=O):1][NX3H1:2]!@[CX4H2:3][C:4] 	180	6.46594	-	-	-	-	G
C42870611      none	B	[O:1]=[CX3:2]([$([NX3H1]C)])!@[NX3H1:3][!#1:4]	-179.989	9.5176	-	-	-	-	R
C42870611      none	B	[O:1]=[CX3:2]([$([NX3H1]C)])!@[NX3H1:3][!#1:4]	-0.00948887	41.1343	-	-	-	-	G
C42870611      none	B	[$(C=O):1][NX3H1:2]!@[CX4H1:3][H:4]	-29.9981	6.97413	-	-	-	-	G
C42870611      none	B	[!#1:1][CX4:2]!@[CX4:3][!#1:4]	-159.995	1.85018	-	-	-	-	G
C42870611      none	B	[O:1]=[C:2]([O-])!@[CX4H1:3][H:4]	90.0001	0.86741	-	-	-	-	O
C42870611      none	B	[!#1:1][CX4H2:2]!@[CX4H2:3][!#1:4]	59.9977	3.99483	-	-	-	-	G
C39231569      none	-	-	-	-	-	-	-	-	-
C40111012      none	B	[a:1][c:2]!@[CX4H1:3][N,O:4]	-28.4172	3.61778	-	-	-	-	G
C40111012      none	B	[*^2:1]~[C^2:2]([!H])!@[C^2:3]~[*^2:4]	-150.024	1.11601	-	-	-	-	G
C40111012      none	B	[$([CX3]=O):1][NX3H0:2](C)!@[CX4H2:3][C:4]	60.0391	0.600343	-	-	-	-	O
C40111012      none	B	[OX2:1][CX4H2:2]!@[CX4H2:3][Nr:4]	59.9995	18.1373	-	-	-	-	G
C40111012      none	B	[C:1][CH2:2]!@[O:3][CX4:4]	80.0021	1.71561	-	-	-	-	G
C40111012      none	B	[C:1][CH2:2]!@[O:3][CX4:4]	-159.996	4.55295	-	-	-	-	G
C40111012      none	B	[OX2:1][CX4H2:2]!@[CX4H2:3][OX2:4]	180	10.6129	-	-	-	-	G
C40111012      none	B	[cH1:1][c:2]([cH1])!@[CX3:3]([CX3H0])=[O:4]	60.2697	0.204918	-	-	-	-	R
C40111012      none	B	[aH1:1][c:2]([aH1])!@[SX4:3][!#1:4]	110.006	4.92809	-	-	-	-	G
C40111012      none	B	[*:1][$(S(=O)=O):2]!@[NX3H0r:3][*:4]	-59.7203	8.17536	-	-	-	-	O
C62912995      none	B	[C:1][CX4:2]!@[CX3:3]=[O:4]	90.0075	3.65147	-	-	-	-	G
C62912995      none	B	[O:1]=[CX3:2](a)!@[NX3H0:3][!#1:4]	179.995	9.67842	-	-	-	-	G
C62912995      none	B	[a:1][c:2]!@[C:3]([NH0])=[O:4]	-119.691	3.91667	-	-	-	-	G
C41034093      none	B	[NH1:1][CX4:2]!@[CX3:3]=[O:4]	-119.99	0.275693	-	-	-	-	G
C41034093      none	B	[$(C=O):1][NX3H1:2]!@[CX4H0:3][C:4]	60.0087	13.3187	-	-	-	-	G
C41034093      none	B	[O:1]=[CX3:2]!@[NX3H1:3][!#1:4]	-0.00581429	63.7893	-	-	-	-	G
C41034093      none	B	[a:1][c:2]!@[C:3]([NH1,NH2])=[O:4]	120.31	0.644517	-	-	-	-	G
C36975799      none	B	[C:1][CX4:2]!@[CX3:3]=[O:4]	-119.994	3.42432	-	-	-	-	G
C36975799      none	B	[O:1]=[CX3:2]!@[NX3H1:3][!#1:4]	0.00383763	63.7893	-	-	-	-	G
C36975799      none	B	[$([CX3]=O):1][NX3H1:2]!@[CX4H2:3][C:4] 	89.9993	7.35439	-	-	-	-	G
C36975799      none	B	[!#1:1][CX4H2:2]!@[CX4H2:3][!#1:4]	179.994	58.554	-	-	-	-	G
C36975799      none	B	[N:1][C:2](=O)!@[CX4H2:3][CX4H2:4]	89.9956	1.77112	-	-	-	-	O
C36975799      none	B	[O:1]=[CX3:2]!@[NX3H0:3][!#1:4]	-179.679	18.2537	-	-	-	-	G
C36975799      none	B	[O:1]=[C:2]([O-])!@[CX4H1:3][H:4]	-0.000682697	0.495663	-	-	-	-	O
C41701666      none	B	[cH1:1][a:2]([cH1])!@[a:3]([sX2,o,nX2H0,nX3H1:4])([cH0])	-179.605	3.0303	-	-	-	-	G
C41701666      none	B	[*:1]~[cX3:2]!@[NX2:3]~[*:4]	59.9992	1.58835	-	-	-	-	O
C41701666      none	B	[cH1:1][c:2]([cH0])!@[CX3x0:3]=[NX2:4]	-29.7172	0.921659	-	-	-	-	G
C41701666      none	B	[O-:1][N+:2](=O)!@[c:3]([cH0])[cH,nX2H0:4]	89.7576	0.274725	-	-	-	-	O
C40697488      none	B	[C:1][CH2:2]!@[O:3][CX4:4]	80.0064	1.71561	-	-	-	-	G
C40697488      none	B	[!#1:1][CX4H2:2]!@[CX4H2:3][!#1:4]	179.996	58.554	-	-	-	-	G
C40697488      none	B	[!#1:1][CH2:2]!@[n:3][cH0:4]	-134.73	0.892478	-	-	-	-	R
C40697488      none	B	[nH0r6:1][cr6:2]([cH1r6])!@[C:3]([NH1,NH2])=[O:4]	120.234	0	-	-	-	-	R
C40697488      none	B	[O:1]=[CX3:2]!@[NX3H1:3][!#1:4]	0.000851686	63.7893	-	-	-	-	G
C40697488      none	B	[$(C=O):1][NX3H1:2]!@[CX4H1:3][H:4]	30.0012	9.46757	-	-	-	-	G
C40697488      none	B	[!#1:1][CX4:2]!@[CX4:3][!#1:4]	160.002	1.81259	-	-	-	-	G
C40697488      none	B	[O:1]=[C:2]([O-])!@[CX4H1:3][H:4]	-0.00985082	0.495663	-	-	-	-	O
C40697488      none	B	[!#1:1][CX4H2:2]!@[CX4H2:3][!#1:4]	-60.0018	3.77933	-	-	-	-	G
C55305332      none	B	[!#1:1][CX4:2]!@[CX3H0:3][!#1:4]	119.997	1.81513	-	-	-	-	O
C55305332      none	B	[$(C=O):1][NX3H1:2]!@[CX4H1:3][H:4]	-0.00442612	8.26772	-	-	-	-	G
C55305332      none	B	[O:1]=[CX3:2]!@[NX3H1:3][!#1:4]	-0.00300344	63.7893	-	-	-	-	G
C55305332      none	B	[O:1][CX4:2]!@[CX3:3]=[O:4]	-0.125303	13.789	-	-	-	-	G
C61827475      none	B	[!#1:1][CX4:2]!@[CX4:3][!#1:4]	59.9978	12.3771	-	-	-	-	G
C61827475      none	B	[!#1:1][CX4:2]!@[CX4:3][!#1:4]	80.0008	1.75235	-	-	-	-	G
C61827475      none	B	[O:1]=[CX3:2]([NH1])!@[CH2:3][C:4]	-89.9983	1.868	-	-	-	-	O
C61827475      none	B	[O:1]=[CX3:2]!@[NX3H1:3][!#1:4]	0.00455584	63.7893	-	-	-	-	G
C61827475      none	B	[$(C=O):1][NX3H1:2]!@[CX4H0:3][C:4]	180	11.3993	-	-	-	-	G
C61827475      none	B	[OX2:1][CX4:2]!@[CX4:3][N:4]	160.002	1.1236	-	-	-	-	O
C61827475      none	B	[C:1][CX4H2:2]!@[CX3:3]=[O:4]	-90.0043	1.15875	-	-	-	-	O
C50603499      none	B	[!#1:1][CX4:2]!@[CX4:3][!#1:4]	39.9981	0.998355	-	-	-	-	G
C50603499      none	B	[$([CX3]=O):1][NX3H1:2]!@[CX4H2:3][C:4] 	90.002	7.35439	-	-	-	-	G
C50603499      none	B	[O:1]=[CX3:2]([$([NX3H1]C)])!@[NX3H1:3][!#1:4]	0.000579297	41.1343	-	-	-	-	G
C50603499      none	B	[O:1]=[C:2]([NH1])!@[NX3H1:3](C=O)[H:4]	-0.0134891	58.9474	-	-	-	-	G
C50603499      none	B	[O:1]=[C:2]!@[NX3H1:3](C=O)[H:4]	180	35.6725	-	-	-	-	G
C50603499      none	B	[O:1]=[CX3:2]([NH1])!@[CH2:3][C:4]	59.9963	6.84932	-	-	-	-	G
C50603499      none	B	[!#1:1][CX4H2:2]!@[CX4H2:3][!#1:4]	-59.9994	3.77933	-	-	-	-	G
C50603499      none	B	[C:1][CX4H2:2]!@[CX3:3]=[O:4]	119.993	0.695249	-	-	-	-	O
C42009767      none	B	[!#1:1][CX4:2]!@[CX4:3][!#1:4]	40.0042	0.998355	-	-	-	-	G
C42009767      none	B	[C:1][CX4:2]!@[CX3:3]=[O:4]	-0.00854427	5.61823	-	-	-	-	G
C42009767      none	B	[!#1:1][CX4:2]!@[SX2:3][!#1:4]	-39.998	0.858878	-	-	-	-	O
C42009767      none	B	[!#1:1][CX4:2]!@[CX4:3][!#1:4]	59.9974	12.3771	-	-	-	-	G
C42009767      none	B	[*:1][CX4:2]!@[O:3][CX4:4]	180	12.0478	-	-	-	-	G
C42009767      none	B	[aH1:1][c:2]([aH0])!@[SX2:3][!#1:4]	-60	1.08949	-	-	-	-	O
C53046369      none	B	[!#1:1][CX4:2]!@[CX4:3][!#1:4]	180	22.1548	-	-	-	-	G
C53046369      none	B	[!#1:1][CX4:2]!@[CX4:3][!#1:4]	-59.9973	12.2558	-	-	-	-	G
C53046369      none	B	[OX2:1][CX4:2]!@[CX4:3][N:4]	-159.992	1.21348	-	-	-	-	O
C53046369      none	B	[$(C=O):1][NX3H1:2]!@[CX4H0:3][C:4]	180	11.3993	-	-	-	-	G
C53046369      none	B	[O:1]=[CX3:2]!@[NX3H1:3][!#1:4]	-0.00062792	63.7893	-	-	-	-	G
C53046369      none	B	[C:1][CX4:2]!@[CX3:3]=[O:4]	-117.218	3.42432	-	-	-	-	G
C53046369      none	B	[O:1]=[C:2]([O-])!@[CX4H1:3][H:4]	90.0012	0.86741	-	-	-	-	O
C43503722      none	B	[$([cH0][OH1]):1][c:2]([cH1])!@[C:3](=O)[NH1:4]	119.996	0	-	-	-	-	R
C43503722      none	B	[O:1]=[CX3:2]!@[NX3H1:3][!#1:4]	0.000939101	63.7893	-	-	-	-	G
C43503722      none	B	[$(C=O):1][NX3H1:2]!@[CX4H0:3][C:4]	66.8344	11.5458	-	-	-	-	G
C43503722      none	B	[NH1:1][CX4:2]!@[CX3:3]=[O:4]	-0.00257144	6.89233	-	-	-	-	G
C40699055      none	B	[*:1]~[CX4:2]!@[n:3]~[*:4]	98.6265	2.49266	-	-	-	-	G
C40699055      none	B	[a:1][c:2]!@[C:3]([NH1,NH2])=[O:4]	0.00739175	9.67683	-	-	-	-	G
C40699055      none	B	[O:1]=[CX3:2]!@[NX3H1:3][!#1:4]	-0.00336822	63.7893	-	-	-	-	G
C40699055      none	B	[$(C=O):1][NX3H1:2]!@[CX4H1:3][H:4]	-29.9918	6.97413	-	-	-	-	G
C40699055      none	B	[!#1:1][CX4:2]!@[CX4:3][!#1:4]	-80.0024	1.71775	-	-	-	-	G
C40699055      none	B	[O:1]=[C:2]([O-])!@[CX4H1:3][H:4]	-0.00747993	0.495663	-	-	-	-	O
C40699055      none	B	[!#1:1][CX4H2:2]!@[CX4H2:3][!#1:4]	179.998	58.554	-	-	-	-	G
C62626608      none	B	[O:1]=[C:2]([O-])!@[c:3][nX3H1:4]	179.995	34.7826	-	-	-	-	G
C51040311      none	B	[C:1][CX4H2:2]!@[NX3:3][C:4]	-0.0019244	0.00637024	-	-	-	-	R
C51040311      none	B	[cH0:1][c:2]([cH,nX2H0])!@[NX3H0:3][CX4:4]	-59.9895	5.09408	-	-	-	-	G
C51040311      none	B	[N:1][CX4:2]!@[CX3:3]=[O:4]	-90.0065	0.479136	-	-	-	-	O
C37582372      none	B	[$(C=O):1][NX3H0:2]!@[CX4H1:3][H:4]	88.1652	0.168067	-	-	-	-	R
C37582372      none	B	[$([CX3]=O):1][NX3H0:2](C)!@[CX4H2:3][C:4]	-120.004	2.31561	-	-	-	-	O
C37582372      none	B	[O:1]=[CX3:2]!@[NX3H0:3][!#1:4]	-30.0082	0.692521	-	-	-	-	O
C37582372      none	B	[N:1][CX4:2]!@[CX3:3]=[O:4]	119.992	0.766617	-	-	-	-	G
C37582372      none	B	[N:1][C:2](=O)!@[CX4H2:3][CX4H2:4]	-149.997	5.31335	-	-	-	-	G
C37582372      none	B	[!#1:1][CX4H2:2]!@[CX4H2:3][!#1:4]	180	58.554	-	-	-	-	G
C37582372      none	B	[!#1:1][CX4:2]!@[SX2:3][!#1:4]	159.995	2.91722	-	-	-	-	G
C37582372      none	B	[!#1:1][CX4:2]!@[SX2:3][!#1:4]	-160.007	3.18377	-	-	-	-	G
C37582372      none	B	[!#1:1][CX4H2:2]!@[CX3:3]=[O:4]	149.997	0.887211	-	-	-	-	O
C36782705      none	B	[a:1][a:2]!@[NX3:3][!#1:4]	-159.997	2.54422	-	-	-	-	G
C36782705      none	B	[O:1]=[C:2]([O-])!@[c:3][nX2H0:4]	-89.9909	0	-	-	-	-	G
C36782705      none	B	[!#1:1][CX4H2:2]!@[NX3H1:3][!#1:4]	89.9971	6.33327	-	-	-	-	G
C36782705      none	B	N[C:2](=[O:1])!@[CH2:3][N:4]	29.9982	5.20833	-	-	-	-	G
C36782705      none	B	[O:1]=[CX3:2]!@[NX3H1:3][!#1:4]	0.000563588	63.7893	-	-	-	-	G
C36782705      none	B	[$(C=O):1][NX3H1:2]!@[CX4H1:3][H:4]	59.9978	6.22422	-	-	-	-	G
C49470393      none	B	[NH1:1][CX4:2]!@[CX3:3]=[O:4]	89.9942	0.183795	-	-	-	-	R
C49470393      none	B	[$(S(=O)(=O)):1][NX3H1:2]!@[CX4H1:3][H:4]	30.0005	11.9705	-	-	-	-	G
C49470393      none	B	[O:1]=[CX3:2]!@[NX3H0:3][!#1:4]	30.2927	0.680979	-	-	-	-	O
C49470393      none	B	[c:1][$(S(=O)=O):2]!@[NX3H1:3][C:4]	-60.0008	13.7514	-	-	-	-	G
C49470393      none	B	[aH1:1][c:2]([aH1])!@[SX4:3][!#1:4]	90.2992	12.916	-	-	-	-	G
C40725671      none	B	[O:1]=[CX3:2]!@[NX3H0:3][!#1:4]	180	18.2537	-	-	-	-	G
C40725671      none	B	[O:1]=[CX3:2]!@[NX3H0:3][!#1:4]	-149.69	1.37927	-	-	-	-	O
C40725671      none	B	[O:1]=[C:2]([O-])!@[CX4H1:3][H:4]	-0.000127528	0.495663	-	-	-	-	O
C40909619      none	B	[cH1:1][c:2]([cH1])!@[C:3]([NH1,NH2])=[O:4]	-26.9909	8.39053	-	-	-	-	G
C40909619      none	B	[O:1]=[CX3:2]!@[NX3H1:3][!#1:4]	0.00467313	63.7893	-	-	-	-	G
C40909619      none	B	[$(C=O):1][NX3H1:2]!@[CX4H0:3][C:4]	-59.997	14.7253	-	-	-	-	G
C40909619      none	B	[NH1:1][CX4:2]!@[CX3:3]=[O:4]	90.0065	0.183795	-	-	-	-	R
C43428203      none	B	[O:1]=[CX3:2]!@[NX3H0:3][!#1:4]	150	1.73707	-	-	-	-	O
C43428203      none	B	[O:1]=[C:2]!@[NX3H1:3](C=O)[H:4]	179.985	35.6725	-	-	-	-	G
C43428203      none	B	[O:1]=[C:2]!@[NX3H1:3](C=O)[H:4]	180	35.6725	-	-	-	-	G
C43428203      none	B	[OX2:1][CX4H2:2]!@[CX3:3]([$([NX3H1,NX3H2])])=[O:4]	149.999	1.07143	-	-	-	-	O
C43428203      none	B	[C:1][CH2:2]!@[O:3][CX4:4]	-79.9888	1.18773	-	-	-	-	G
C43428203      none	B	[C:1][CH2:2]!@[O:3][CX4:4]	80.0004	1.71561	-	-	-	-	G
C43428203      none	B	[O:1][CX4:2]!@[CX3:3]=[O:4]	-120.002	1.11962	-	-	-	-	O
C37432216      none	B	[a:1][c:2]!@[C:3]([NH1,NH2])=[O:4]	150	5.34677	-	-	-	-	O
C37432216      none	B	[O:1]=[CX3:2]!@[NX3H1:3][!#1:4]	0.000112095	63.7893	-	-	-	-	G
C37432216      none	B	[$(C=O):1][NX3H1:2]!@[CX4H1:3][H:4]	29.9979	9.46757	-	-	-	-	G
C37432216      none	B	[OX2:1][CX4:2]!@[CX4:3][N:4]	60.0012	15.2809	-	-	-	-	G
C37432216      none	B	[O:1]=[C:2]([O-])!@[CX4H1:3][H:4]	-0.0029457	0.495663	-	-	-	-	O
C50291384      none	B	[C:1][CX4:2]!@[CX3:3]=[O:4]	-120.003	3.42432	-	-	-	-	G
C50291384      none	B	[C:1][CX4:2]!@[CX3:3]=[O:4]	0.00150866	5.61823	-	-	-	-	G
C50291384      none	B	[O:1]=[CX3:2]!@[NX3H0:3][!#1:4]	29.9977	0.680979	-	-	-	-	O
C50291384      none	B	[$([CX3]=O):1][NX3H0:2](C)!@[CX4H2:3][C:4]	-59.9968	0.686106	-	-	-	-	O
C50291384      none	B	[$([CX3]=O):1][NX3H0:2](C)!@[CX4H2:3][C:4]	90.0006	14.7513	-	-	-	-	G
C50291384      none	B	[OX2:1][CX4H2:2]!@[CX4H2:3][N:4]	180	8.36763	-	-	-	-	G
C50291384      none	B	[OX2:1][CX4H2:2]!@[CX4H2:3][N:4]	59.9965	17.6955	-	-	-	-	G
C37652431      none	B	[$([CX3]=O):1][NX3H0:2](C)!@[CX4H2:3][C:4]	89.9986	14.7513	-	-	-	-	G
C37652431      none	B	[O:1]=[CX3:2]!@[NX3H0:3][!#1:4]	149.998	1.73707	-	-	-	-	O
C37652431      none	B	N[C:2](=[O:1])!@[CH2:3][N:4]	60.0041	0.14881	-	-	-	-	O
C37652431      none	B	[C:1][CX4H2:2]!@[CX3:3]=[O:4]	-59.999	2.08575	-	-	-	-	O
C37652431      none	B	[!#1:1][CX4:2]!@[CX4:3][!#1:4]	80.0059	1.75235	-	-	-	-	G
C37652431      none	B	[!#1:1][CX4:2]!@[CX4:3][!#1:4]	-59.9958	12.2558	-	-	-	-	G
C37652431      none	B	[C:1][CX4H2:2]!@[CX3:3]=[O:4]	-120.011	0.79457	-	-	-	-	R
C40548640      none	B	[$(C=O):1][NX3H1:2]!@[CX4H1:3][H:4]	-30.0063	6.97413	-	-	-	-	G
C40548640      none	B	[O:1]=[CX3:2]!@[NX3H1:3][!#1:4]	0.00582599	63.7893	-	-	-	-	G
C40548640      none	B	[O:1]=[CX3:2]!@[NX3H0:3][!#1:4]	0.321539	25.0866	-	-	-	-	G
C40548640      none	B	[O:1]=[C:2]([O-])!@[CX4H1:3][H:4]	90.0098	0.86741	-	-	-	-	O
C45648910      none	B	[!#1:1][CX4:2]!@[CX4:3][!#1:4]	-60.0028	12.2558	-	-	-	-	G
C45648910      none	B	[!#1:1][CX4:2]!@[CX4:3][!#1:4]	180	22.1548	-	-	-	-	G
C45648910      none	B	[$([CX3]=O):1][NX3H1:2]!@[CX4H2:3][C:4] 	120.002	2.76407	-	-	-	-	O
C45648910      none	B	[O:1]=[CX3:2]([$([NX3H1]C)])!@[NX3H1:3][!#1:4]	0.00242871	41.1343	-	-	-	-	G
C45648910      none	B	[O:1]=[CX3:2]([$([NX3H1]C)])!@[NX3H1:3][!#1:4]	179.999	9.5176	-	-	-	-	R
C45648910      none	B	[$(C=O):1][NX3H1:2]!@[c:3]([cH0]F)[cH:4]	-89.7194	0	-	-	-	-	R
C45648910      none	B	[O:1]=[C:2]([O-])!@[c:3]([cH1])[cH0:4]	89.9991	0	-	-	-	-	R
C45648910      none	B	[C:1][CH2:2]!@[O:3][CX4:4]	180	35.2689	-	-	-	-	G
C49062222      none	B	[*:1][$(S(=O)=O):2]!@[NX3H0r:3][*:4]	89.9984	4.85782	-	-	-	-	G
C49062222      none	B	[!#1:1][CX4:2]!@[SX4:3][!#1:4]	160.001	2.73684	-	-	-	-	G
C49062222      none	B	[!#1:1][CX4H2:2]!@[CX4H2:3][!#1:4]	180	58.554	-	-	-	-	G
C49062222      none	B	[!#1:1][CX4H2:2]!@[CX4H2:3][!#1:4]	-60.0036	3.77933	-	-	-	-	G
C49062222      none	B	[C:1][CX4H2:2]!@[CX3:3]=[O:4]	-119.996	0.79457	-	-	-	-	O
C43588289      none	B	[$(S(=O)(=O)):1][NH0:2]!@[c:3]([cH1])[cH1:4]	-90.0121	17.7686	-	-	-	-	G
C43588289      none	B	[a:1][c:2]!@[CX4H2:3][!#1:4]	-90.0164	7.30446	-	-	-	-	G
C43588289      none	B	[!#1:1][CX4:2]!@[SX4:3][!#1:4]	-172.258	7.34737	-	-	-	-	G
C43588289      none	B	[c:1][S:2](=O)(=O)!@[NX2H0-:3]-[*:4]	59.9966	8.33333	-	-	-	-	G
C43588289      none	B	[aH1:1][c:2]([aH1])!@[SX4:3][!#1:4]	90.2702	12.916	-	-	-	-	G
C60331656      none	B	[aH1:1][c:2]([aH1])!@[SX4:3][!#1:4]	90.0045	12.916	-	-	-	-	G
C60331656      none	B	[c:1][S:2](=O)(=O)!@[NX2H0-:3]-[*:4]	-90.0016	2.77778	-	-	-	-	G
C60331656      none	B	[$(S(=O)(=O)):1][NH0:2]!@[c:3]([cH1])[cH0:4]	-90.2711	18.0328	-	-	-	-	G
C60331656      none	B	[c:1][c:2]([cH0])!@[c:3][nX2H0:4]	-59.4494	2.81967	-	-	-	-	G
C40557256      none	B	[O:1]=[CX3:2]!@[NX3H0:3][!#1:4]	150.002	1.73707	-	-	-	-	O
C40557256      none	B	[!#1:1][CX4:2]!@[CX4:3][!#1:4]	180	22.1548	-	-	-	-	G
C40557256      none	B	[!#1:1][CX4H2:2]!@[CX4H2:3][!#1:4]	59.998	3.99483	-	-	-	-	G
C40557256      none	B	[O:1]=[CX3:2]!@[NX3H0:3][!#1:4]	150.306	1.73707	-	-	-	-	O
C40557256      none	B	[O:1]=[C:2]([O-])!@[CX4H1:3][H:4]	0.00234975	0.495663	-	-	-	-	O
C35057086      none	B	[O:1]=[C:2]([O-])!@[CX4H1:3][H:4]	90.0147	0.86741	-	-	-	-	O
C35057086      none	B	[H:1][CX4H1:2]!@[O:3][CX4:4]	29.9938	7.15021	-	-	-	-	G
C35057086      none	B	[H:1][CX4H1:2]!@[O:3][CX4:4]	30.0098	7.15021	-	-	-	-	G
C35057086      none	B	[$(C=O):1][NX3H1:2]!@[CX4H1:3][H:4]	30.0123	9.46757	-	-	-	-	G
C35057086      none	B	[H:1][CX4H1:2]!@[OX2:3][!#1:4]	0.217461	7.47259	-	-	-	-	G
C35057086      none	B	[a:1][c:2]!@[CX4H1:3][N,O:4]	-149.737	3.72593	-	-	-	-	G
C35057086      none	B	[cH1,n:1][c:2]!@[O:3][CRH1:4]	-29.9959	2.03252	-	-	-	-	G
C35057086      none	B	[O:1]=[CX3:2]!@[NX3H1:3][!#1:4]	-0.00668429	63.7893	-	-	-	-	G
C55174562      none	B	[a:1][c:2]!@[C:3]([NH0])=[O:4]	59.9987	3.02778	-	-	-	-	G
C55174562      none	B	[O:1]=[CX3:2](a)!@[NX3H0:3][!#1:4]	-29.6961	1.17502	-	-	-	-	O
C55174562      none	B	[O:1]=[C:2]([O-])!@[CX4H1:3][H:4]	0.0111486	0.495663	-	-	-	-	O
C52011495      none	B	[OX2:1][CX4:2]!@[CX4:3][N:4]	180	9.8427	-	-	-	-	G
C52011495      none	B	[O:1]=[C:2]([O-])!@[CX4H1:3][H:4]	90.0045	0.86741	-	-	-	-	O
C52011495      none	B	[$(C=O):1][NX3H1:2]!@[CX4H1:3][H:4]	180	0.712411	-	-	-	-	R
C52011495      none	B	[O:1]=[CX3:2]([$([NX3H1]C)])!@[NX3H1:3][!#1:4]	-0.0129972	41.1343	-	-	-	-	G
C52011495      none	B	[O:1]=[CX3:2]([$([NX3H1]C)])!@[NX3H1:3][!#1:4]	0.0184883	41.1343	-	-	-	-	G
C52011495      none	B	[$(C=O):1][NX3H1:2]!@[CX4H1:3][H:4]	-30.0074	6.97413	-	-	-	-	G
C42439580      none	B	[C:1][CX4:2]!@[CX3:3]=[O:4]	89.869	3.65147	-	-	-	-	G
C42439580      none	B	[O:1]=[CX3:2]!@[NX3H0:3][!#1:4]	-29.9921	0.692521	-	-	-	-	O
C42439580      none	B	[O:1]=[CX3:2]!@[NX3H1:3][!#1:4]	-0.000715676	63.7893	-	-	-	-	G
C42439580      none	B	[$(C=O):1][NX3H1:2]!@[CX4H1:3][H:4]	59.9936	6.22422	-	-	-	-	G
C42439580      none	B	[OX2:1][CX4:2]!@[CX4:3][N:4]	-60.0025	14.8764	-	-	-	-	G
C42439580      none	B	[O:1]=[C:2]([O-])!@[CX4H1:3][H:4]	0.00460708	0.495663	-	-	-	-	O
C64610974      none	B	[$(C=O):1][NX3H1:2]!@[c:3]([cH1])[cH1:4]	149.978	5.05437	-	-	-	-	G
C64610974      none	B	[$(C=O):1][NX3:2]!@[a:3][aH0:4]	149.997	1.842	-	-	-	-	O
C64610974      none	B	[O:1]=[CX3:2]!@[NX3H1:3][!#1:4]	0.000106275	63.7893	-	-	-	-	G
C64610974      none	B	[O:1]=[CX3:2]([NH1])!@[CH2:3][C:4]	-0.00330382	11.7061	-	-	-	-	G
C64610974      none	B	[!#1:1][CX4:2]!@[CX4:3][!#1:4]	174.654	7.77068	-	-	-	-	G
C64610974      none	B	[C:1][CX4:2]!@[CX3:3]=[O:4]	0.00145574	5.61823	-	-	-	-	G
C64610974      none	B	[O:1]=[CX3:2]!@[NX3H1:3][!#1:4]	0.0150025	63.7893	-	-	-	-	G
C64610974      none	B	[C:1][CX4:2]!@[CX3:3]=[O:4]	-0.00752288	5.61823	-	-	-	-	G
C20759248      none	B	[a:1][c:2]!@[CX4H2:3][!#1:4]	-90.0008	7.30446	-	-	-	-	G
C20759248      none	B	[cH0:1][c:2]!@[CX4H2:3][N,O,S:4]	-45.0228	1.84995	-	-	-	-	G
C20759248      none	B	[*:1]~[CX4:2]!@[NX4:3]~[*:4]	-59.3509	15.3415	-	-	-	-	G
C20759248      none	B	[O:1]=[C:2]([O-])!@[CX4H1:3][H:4]	-0.00250402	0.495663	-	-	-	-	O
C13279880      none	B	[O:1]=[C:2]([O-])!@[CX4H1:3][H:4]	90.0345	0.86741	-	-	-	-	O
C13279880      none	B	[$(C=O):1][NX3H1:2]!@[CX4H1:3][H:4]	29.9602	9.46757	-	-	-	-	G
C13279880      none	B	[O:1]=[CX3:2]!@[NX3H1:3][!#1:4]	0.0033226	63.7893	-	-	-	-	G
C13279880      none	B	[cH1:1][c:2]([cH1])!@[C:3]([NH1,NH2])=[O:4]	-153.032	8.78518	-	-	-	-	G
C13279880      none	B	[cH0:1][c:2]([cH,nX2H0])!@[NX3H0:3][CX4:4]	-89.7342	1.8357	-	-	-	-	G
C13279880      none	B	[O-:1][N+:2](=O)!@[c:3]([cH0])[cH,nX2H0:4]	90.2432	0.274725	-	-	-	-	O
C13279880      none	B	[C:1][CX4:2]!@[CX3:3]=[O:4]	-119.963	3.42432	-	-	-	-	G
C13279880      none	B	[O:1]=[CX3:2]!@[NX3H1:3][!#1:4]	-0.00568229	63.7893	-	-	-	-	G
C40560481      none	B	[CX4:1][CX4H2:2]!@[NX3;"N_lp":3][CX4:4]	-159.996	6.65327	-	-	-	-	G
C40560481      none	B	[!#1:1][CX4H2:2]!@[CX4H2:3][!#1:4]	59.997	3.99483	-	-	-	-	G
C40560481      none	B	[!#1:1][CX4H2:2]!@[CX4H2:3][!#1:4]	180	58.554	-	-	-	-	G
C40560481      none	B	[$([CX3]=O):1][NX3H1:2]!@[CX4H2:3][C:4] 	-90.0094	7.35439	-	-	-	-	G
C40560481      none	B	[O:1]=[CX3:2]!@[NX3H1:3][!#1:4]	0.00906878	63.7893	-	-	-	-	G
C40560481      none	B	[O:1]=[CX3:2]!@[NX3H0:3][!#1:4]	30.3208	0.680979	-	-	-	-	O
C40560481      none	B	[O:1]=[C:2]([O-])!@[CX4H1:3][H:4]	0.00395828	0.495663	-	-	-	-	O
C61370368      none	B	[a:1][c:2]!@[CX4H1:3][N,O:4]	59.9953	3.42939	-	-	-	-	G
C61370368      none	B	[$(C=O):1][NX3H1:2]!@[CX4H1:3][H:4]	59.9955	6.22422	-	-	-	-	G
C61370368      none	B	[O:1]=[CX3:2]([$([NX3H1]C)])!@[NX3H1:3][!#1:4]	-0.00281476	41.1343	-	-	-	-	G
C61370368      none	B	[O:1]=[CX3:2]([$([NX3H1]C)])!@[NX3H1:3][!#1:4]	0.0100742	41.1343	-	-	-	-	G
C61370368      none	B	[$(C=O):1][NX3H1:2]!@[CX4H1:3][H:4]	-30.0066	6.97413	-	-	-	-	G
C61370368      none	B	[!#1:1][CX4:2]!@[CX4:3][!#1:4]	79.9966	1.75235	-	-	-	-	G
C61370368      none	B	[O:1]=[C:2]([O-])!@[CX4H1:3][H:4]	-0.00279822	0.495663	-	-	-	-	O
C61370368      none	B	[!#1:1][CX4H2:2]!@[CX4H2:3][!#1:4]	180	58.554	-	-	-	-	G
C40551417      none	B	[!#1:1][CX4:2]!@[CX4:3][!#1:4]	179.998	22.1548	-	-	-	-	G
C40551417      none	B	[O:1]=[C:2]([O-])!@[CX4H1:3][H:4]	-0.00321559	0.495663	-	-	-	-	O
C40551417      none	B	[$(C=O):1][NX3H1:2]!@[CX4H1:3][H:4]	-0.00179301	8.26772	-	-	-	-	G
C40551417      none	B	[O:1]=[CX3:2]([$([NX3H1]C)])!@[NX3H1:3][!#1:4]	0.0104286	41.1343	-	-	-	-	G
C40551417      none	B	[O:1]=[CX3:2]([$([NX3H1]C)])!@[NX3H1:3][!#1:4]	179.99	9.5176	-	-	-	-	R
C40551417      none	B	[$([CX3]=O):1][NX3H1:2]!@[CX4H2:3][C:4] 	-90.0012	7.35439	-	-	-	-	G
C40551417      none	B	[!#1:1][CX4H2:2]!@[CX4H2:3][!#1:4]	180	58.554	-	-	-	-	G
C40551417      none	B	[n,o,s:1][c:2]!@[CX4H2:3][CX4:4]	-90.0023	5.3104	-	-	-	-	G
C02804768      none	B	[!#1:1][CH2:2]!@[n:3][a:4]	-89.6849	13.2844	-	-	-	-	G
C02804768      none	B	[aH0:1][c:2]([aH1])!@[SX4:3][!#1:4]	-70.0471	15.3236	-	-	-	-	G
C02804768      none	B	[c:1][S:2](=O)(=O)!@[NX2H0-:3]-[*:4]	-90.0007	2.77778	-	-	-	-	G
C02804768      none	B	[$(S(=O)(=O)):1][NH0:2]!@[c:3]([cH1])[cH0:4]	-150.324	0	-	-	-	-	R
C02804768      none	B	[!#1:1][CH2:2]!@[n:3][cH0:4]	135.284	0.318742	-	-	-	-	R
C02804768      none	B	[a:1][c:2]!@[C:3]([NH1,NH2])=[O:4]	-149.997	5.2923	-	-	-	-	O
C02804768      none	B	[O:1]=[CX3:2]!@[NX3H1:3][!#1:4]	0.00127157	63.7893	-	-	-	-	G
C02804768      none	B	[$(C=O):1][NX3:2]!@[a:3][aH0:4]	-149.999	1.98526	-	-	-	-	O
C40575441      none	B	[!#1:1][CX4:2]!@[CX4:3][!#1:4]	-91.3784	0.488284	-	-	-	-	O
C40575441      none	B	[$(C=O):1][NX3H1:2]!@[CX4H1:3][H:4]	-29.9887	6.97413	-	-	-	-	G
C40575441      none	B	[O:1]=[CX3:2]!@[NX3H1:3][!#1:4]	-0.0111364	63.7893	-	-	-	-	G
C40575441      none	B	[O:1]=[CX3:2]!@[NX3H0:3][!#1:4]	30.3055	0.680979	-	-	-	-	O
C40575441      none	B	[O:1]=[C:2]([O-])!@[CX4H1:3][H:4]	0.00432522	0.495663	-	-	-	-	O
C50290097      none	B	[aH1:1][c:2]([aH1])!@[SX4:3][!#1:4]	90.0002	12.916	-	-	-	-	G
C50290097      none	B	[$(C=O):1][NX3H1:2]!@[c:3]([cH1])[cH1:4]	89.9744	0.0402739	-	-	-	-	R
C50290097      none	B	[O:1]=[CX3:2]!@[NX3H1:3][!#1:4]	-0.00230015	63.7893	-	-	-	-	G
C50290097      none	B	[O:1]=[CX3:2]!@[CX4r3:3]!@[!#1:4]	154.332	2.92683	-	-	-	-	O
C50290097      none	B	[O:1]=[CX3:2]!@[CX4r3:3]!@[!#1:4]	-0.00583466	3.57724	-	-	-	-	G
C62868831      none	B	[C:1][CX4:2]!@[CX3:3]=[O:4]	89.9973	3.65147	-	-	-	-	G
C62868831      none	B	[O:1]=[CX3:2]!@[NX3H0:3][!#1:4]	-149.996	1.37927	-	-	-	-	O
C62868831      none	B	[NH1:1][CX4:2]!@[CX3:3]=[O:4]	-149.999	4.5183	-	-	-	-	G
C62868831      none	B	[!#1:1][CX4:2]!@[CX4:3][!#1:4]	-59.9944	12.2558	-	-	-	-	G
C62868831      none	B	[$(C=O):1][NX3H1:2]!@[CX4H1:3][H:4]	-29.9994	6.97413	-	-	-	-	G
C62868831      none	B	[!#1:1][CX4H2:2]!@[CX4H2:3][!#1:4]	180	58.554	-	-	-	-	G
C62868831      none	B	[!#1:1][CX4:2]!@[SX2:3][!#1:4]	79.9993	6.41197	-	-	-	-	G
C62868831      none	B	[O:1]=[CX3:2]!@[NX3H1:3][!#1:4]	-0.00222819	63.7893	-	-	-	-	G
C37449806      none	B	[C:1][CX4:2]!@[CX3:3]=[O:4]	-118.309	3.42432	-	-	-	-	G
C37449806      none	B	[O:1]=[CX3:2]!@[NX3H1:3][!#1:4]	-0.0102317	63.7893	-	-	-	-	G
C37449806      none	B	[$([CX3]=O):1][NX3H1:2]!@[CX4H2:3][C:4] 	-90.0014	7.35439	-	-	-	-	G
C37449806      none	B	[!#1:1][CX4H2:2]!@[CX4H2:3][!#1:4]	179.996	58.554	-	-	-	-	G
C37449806      none	B	[N:1][C:2](=O)!@[CX4H2:3][CX4H2:4]	-89.9965	1.49864	-	-	-	-	O
C37449806      none	B	[O:1]=[CX3:2]!@[NX3H0:3][!#1:4]	-179.695	18.2537	-	-	-	-	G
C37449806      none	B	[O:1]=[C:2]([O-])!@[CX4H1:3][H:4]	89.9922	0.86741	-	-	-	-	O
C61148078      none	B	[!#1:1][CX4:2]!@[CX4:3][!#1:4]	179.999	22.1548	-	-	-	-	G
C61148078      none	B	[$([CX3]=O):1][NX3H1:2]!@[CX4H2:3][C:4] 	90.005	7.35439	-	-	-	-	G
C61148078      none	B	[O:1]=[CX3:2]([$([NX3H1]C)])!@[NX3H1:3][!#1:4]	-179.987	9.5176	-	-	-	-	R
C61148078      none	B	[O:1]=[CX3:2]([$([NX3H1]C)])!@[NX3H1:3][!#1:4]	-0.0147965	41.1343	-	-	-	-	G
C61148078      none	B	[$(C=O):1][NX3H1:2]!@[CX4H1:3][H:4]	29.9987	9.46757	-	-	-	-	G
C61148078      none	B	[!#1:1][CX4:2]!@[CX4:3][!#1:4]	-91.3763	0.488284	-	-	-	-	O
C61148078      none	B	[O:1]=[C:2]([O-])!@[CX4H1:3][H:4]	-0.00193402	0.495663	-	-	-	-	O
C49147878      none	B	[!#1:1][CX4:2]!@[CX4:3][!#1:4]	-159.991	1.85018	-	-	-	-	G
C49147878      none	B	[$(C=O):1][NX3H1:2]!@[CX4H1:3][H:4]	30.0011	9.46757	-	-	-	-	G
C49147878      none	B	[n,o,s:1][c:2]!@[CX4H2:3][CX4:4]	89.9988	4.03889	-	-	-	-	G
C49147878      none	B	[O:1]=[CX3:2]!@[NX3H1:3][!#1:4]	0.000859685	63.7893	-	-	-	-	G
C49147878      none	B	[O:1]=[CX3:2]!@[NX3H0:3][!#1:4]	30.3076	0.680979	-	-	-	-	O
C49147878      none	B	[O:1]=[C:2]([O-])!@[CX4H1:3][H:4]	-0.00480504	0.495663	-	-	-	-	O
C21957921      none	B	[OX2:1][CX4:2]!@[CX4:3][N:4]	-40.0062	1.41573	-	-	-	-	G
C21957921      none	B	[O:1]=[C:2]([O-])!@[CX4H1:3][H:4]	90.0069	0.86741	-	-	-	-	O
C21957921      none	B	[$(C=O):1][NX3H1:2]!@[CX4H1:3][H:4]	179.999	0.712411	-	-	-	-	R
C21957921      none	B	[O:1]=[CX3:2]!@[NX3H1:3][!#1:4]	0.00286963	63.7893	-	-	-	-	G
C21957921      none	B	[cH1:1][c:2]([cH1])!@[C:3]([NH1,NH2])=[O:4]	27.0031	8.08167	-	-	-	-	G
C50421580      none	B	[a:1][c:2]!@[CX4H1:3][N,O:4]	-89.9923	1.29082	-	-	-	-	G
C50421580      none	B	[$(C=O):1][NX3H1:2]!@[CX4H1:3][H:4]	-59.9997	1.23735	-	-	-	-	G
C50421580      none	B	[O:1]=[CX3:2]!@[NX3H1:3][!#1:4]	7.347e-05	63.7893	-	-	-	-	G
C50421580      none	B	[O:1]=[CX3:2]!@[NX3H0:3][!#1:4]	-29.6926	0.692521	-	-	-	-	O
C50421580      none	B	[O:1]=[C:2]([O-])!@[CX4H1:3][H:4]	0.00879975	0.495663	-	-	-	-	O
C62118704      none	B	[C:1][CX4:2]!@[CX3:3]=[O:4]	29.9451	3.28614	-	-	-	-	G
C62118704      none	B	[O:1]=[CX3:2]!@[NX3H0:3][!#1:4]	-150.011	1.37927	-	-	-	-	O
C62118704      none	B	[O:1]=[CX3:2]!@[NX3H0:3][!#1:4]	-179.696	18.2537	-	-	-	-	G
C62118704      none	B	[O:1]=[C:2]([O-])!@[CX4H1:3][H:4]	-0.00465044	0.495663	-	-	-	-	O
C37450272      none	B	[O:1]=[CX3:2]!@[NX3H0:3][!#1:4]	150.276	1.73707	-	-	-	-	O
C37450272      none	B	[C:1][CX4:2]!@[CX3:3]=[O:4]	-90.0728	3.45082	-	-	-	-	G
C37450272      none	B	[O:1]=[CX3:2]!@[NX3H1:3][!#1:4]	0.00112614	63.7893	-	-	-	-	G
C37450272      none	B	[$(C=O):1][NX3H1:2]!@[CX4H1:3][H:4]	59.9987	6.22422	-	-	-	-	G
C37450272      none	B	[!#1:1][CX4:2]!@[CX4:3][!#1:4]	-60.0001	12.2558	-	-	-	-	G
C37450272      none	B	[O:1]=[C:2]([O-])!@[CX4H1:3][H:4]	89.9996	0.86741	-	-	-	-	O
C37450272      none	B	[C:1][CX4H2:2]!@[CX3:3]=[O:4]	89.9996	1.30773	-	-	-	-	O
C40577432      none	B	[O:1]=[C:2]([O-])!@[CX4H1:3][H:4]	-5.66323e-05	0.495663	-	-	-	-	O
C40577432      none	B	[O:1]=[CX3:2]!@[NX3H0:3][!#1:4]	-149.998	1.37927	-	-	-	-	O
C40577432      none	B	[O:1]=[CX3:2]!@[NX3H1:3][!#1:4]	-90.0033	0	-	-	-	-	R
C40577432      none	B	[$(C=O):1][NX3H1:2]!@[c:3]([cH1])[cH1:4]	-29.9921	5.05437	-	-	-	-	G
C36972327      none	B	[OX2:1][CX4:2]!@[CX4:3][N:4]	-60.004	14.8764	-	-	-	-	G
C36972327      none	B	[O:1]=[C:2]([O-])!@[CX4H1:3][H:4]	0.00767673	0.495663	-	-	-	-	O
C36972327      none	B	[$(C=O):1][NX3H1:2]!@[CX4H1:3][H:4]	-30.0003	6.97413	-	-	-	-	G
C36972327      none	B	[O:1]=[CX3:2]!@[NX3H1:3][!#1:4]	-0.002507	63.7893	-	-	-	-	G
C36972327      none	B	[$([cH0](=O)):1][c:2]([cH1])!@[CX3:3]([NX3H1,NX3H2])=[O:4]	-149.988	0	-	-	-	-	R
C52787617      none	B	[NH1:1][CX4:2]!@[CX3:3]=[O:4]	-120.007	0.275693	-	-	-	-	G
C52787617      none	B	[$(C=O):1][NX3H1:2]!@[CX4H1:3][H:4]	-30.0062	6.97413	-	-	-	-	G
C52787617      none	B	[O:1]=[CX3:2]!@[NX3H0:3][!#1:4]	0.00886163	25.0866	-	-	-	-	G
C52787617      none	B	[O:1]=[CX3:2]([$([NX3H1]C)])!@[NX3H1:3][!#1:4]	-0.00318197	41.1343	-	-	-	-	G
C52787617      none	B	[O:1]=[CX3:2]([$([NX3H1]C)])!@[NX3H1:3][!#1:4]	0.00522447	41.1343	-	-	-	-	G
C52787617      none	B	[$(C=O):1][NX3H1:2]!@[CX4H1:3][H:4]	30.007	9.46757	-	-	-	-	G
C52787617      none	B	[!#1:1][CX4:2]!@[CX4:3][!#1:4]	180	22.1548	-	-	-	-	G
C52787617      none	B	[O:1]=[C:2]([O-])!@[CX4H1:3][H:4]	-0.00273032	0.495663	-	-	-	-	O
C52787617      none	B	[!#1:1][CX4H2:2]!@[CX4H2:3][!#1:4]	179.998	58.554	-	-	-	-	G
C52787617      none	B	[C:1][CH2:2]!@[O:3][CX4:4]	-80.0021	1.18773	-	-	-	-	G
C09424169      none	B	[a:1][c:2]!@[CX4H0:3][CX4:4]	-179.729	5.49722	-	-	-	-	G
C09424169      none	B	[a:1][c:2]!@[CX4H1:3][N,O:4]	121.578	3.12238	-	-	-	-	G
C09424169      none	B	[*^2:1]~[C^2:2]([!H])!@[C^2:3]~[*^2:4]	-120.029	0.661024	-	-	-	-	G
C09424169      none	B	[$([CX3]=O):1][NX3H0:2](C)!@[CX4H2:3][C:4]	90.0344	14.7513	-	-	-	-	G
C09424169      none	B	[OX2:1][CX4H2:2]!@[CX4H2:3][Nr:4]	179.994	8.33333	-	-	-	-	G
C09424169      none	B	[C:1][CH2:2]!@[O:3][CX4:4]	179.993	35.2689	-	-	-	-	G
C09424169      none	B	[C:1][CH2:2]!@[O:3][CX4:4]	179.999	35.2689	-	-	-	-	G
C09424169      none	B	[OX2:1][CX4H2:2]!@[CX4H2:3][OX2:4]	180	10.6129	-	-	-	-	G
C09424169      none	B	[cH1:1][c:2]([cH1])!@[CX3:3]([CX3H0])=[O:4]	0.280953	10.4508	-	-	-	-	G
C09424169      none	B	[O-:1][N+:2](=O)!@[c:3]([cH,nX2H0])[cH,nX2H0:4]	-179.718	23.2156	-	-	-	-	G
C16609543      none	B	[C:1][CX4:2]!@[NX3;"N_lp":3][C:4]	-39.0039	0.821028	-	-	-	-	O
C49871775      none	B	[$(C=O):1][NX3H1:2]!@[CX4H1:3][H:4]	-30.0032	6.97413	-	-	-	-	G
C49871775      none	B	[O:1]=[CX3:2]!@[NX3H1:3][!#1:4]	0.0064401	63.7893	-	-	-	-	G
C49871775      none	B	[O:1]=[CX3:2]!@[NX3H0:3][!#1:4]	150.28	1.73707	-	-	-	-	O
C49871775      none	B	[O:1]=[C:2]([O-])!@[CX4H1:3][H:4]	90.0036	0.86741	-	-	-	-	O
C37789078      none	B	[CX4:1][CX4H2:2]!@[NX3:3][CX4:4]	120.004	0.688976	-	-	-	-	R
C37789078      none	B	[CX4:1][CX4H2:2]!@[NX3:3][CX4:4]	90.0018	8.80906	-	-	-	-	G
C37789078      none	B	[cH1:1][c:2]([cH1])!@[NX3:3][CX4:4]	-30.0199	1.41383	-	-	-	-	O
C37789078      none	B	[OX2:1][CX4H2:2]!@[CX4H2:3][N:4]	-59.998	16.5981	-	-	-	-	G
C37789078      none	B	[$(C=O):1][NX3H1:2]!@[c:3]([cH1])[cH1:4]	29.9857	5.05437	-	-	-	-	G
C37789078      none	B	[O:1]=[CX3:2]!@[NX3H1:3][!#1:4]	-0.0189557	63.7893	-	-	-	-	G
C37789078      none	B	[O:1]=[CX3:2]!@[CX4H1r3:3][H:4]	-149.996	3.33333	-	-	-	-	G
C37789078      none	B	[O:1]=[C:2]([O-])!@[CX4H1:3][H:4]	90.0045	0.86741	-	-	-	-	O
C36965369      none	B	[aH0:1][c:2]([aH0])!@[SX4:3][!#1:4]	66.1454	5.02793	-	-	-	-	G
C36965369      none	B	[c:1][$(S(=O)=O):2]!@[NX3H1:3][C:4]	90.0034	2.64026	-	-	-	-	G
C36965369      none	B	[$(S(=O)(=O)):1][NX3H1:2]!@[CX4H1:3][H:4]	-0.00691572	7.36648	-	-	-	-	G
C36965369      none	B	[OX2:1][CX4:2]!@[CX4:3][N:4]	-160.01	1.21348	-	-	-	-	O
C36965369      none	B	[O:1]=[C:2]([O-])!@[CX4H1:3][H:4]	0.0032679	0.495663	-	-	-	-	O
C62133146      none	B	[cH1,nX2H0:1][c:2]([cH1,nX2H0])!@[NX3r:3][*:4]	-179.69	6.12375	-	-	-	-	G
C62133146      none	B	[cH1:1][c:2]([cH1])!@[C:3]([NH1,NH2])=[O:4]	0.0012204	4.32395	-	-	-	-	G
C62133146      none	B	[O:1]=[C:2]([O-])!@[CX4H1:3][H:4]	90.0001	0.86741	-	-	-	-	O
C37516625      none	B	[cH1:1][a:2]([cH1])!@[a:3]([sX2,o,nX2H0,nX3H1:4])	-179.693	10.6726	-	-	-	-	G
C37516625      none	B	[a:1][c:2]!@[CX4H1:3][H:4]	-150.003	3.82796	-	-	-	-	G
C37516625      none	B	[O:1]=[C:2]([O-])!@[CX4H1:3][H:4]	89.9961	0.86741	-	-	-	-	O
C52011969      none	B	[$(C=O):1][NX3H1:2]!@[CX4H1:3][H:4]	30.0092	9.46757	-	-	-	-	G
C52011969      none	B	[O:1]=[CX3:2]!@[NX3H1:3][!#1:4]	-0.0149161	63.7893	-	-	-	-	G
C52011969      none	B	[O:1]=[CX3:2]!@[NX3H0:3][!#1:4]	0.00565132	25.0866	-	-	-	-	G
C52011969      none	B	[$([CX3]=O):1][NX3H0:2](C)!@[CX4H2:3][C:4]	119.997	2.74443	-	-	-	-	O
C52011969      none	B	[$(C=O):1][NX3H0:2]!@[CX4H1:3][H:4]	-85.6673	0.12605	-	-	-	-	R
C52011969      none	B	[!#1:1][CX4H2:2]!@[CX4H2:3][!#1:4]	-59.992	3.77933	-	-	-	-	G
C52011969      none	B	[C:1][CX4H2:2]!@[CX3:3]=[O:4]	-89.9966	1.15875	-	-	-	-	O
C49061601      none	B	[$(C=O):1][O:2]!@[CH2:3]~[C:4]	-90.0077	4.43359	-	-	-	-	G
C49061601      none	B	[O:1]=[C:2]!@[O:3]~[C:4]	0.0152144	74.4927	-	-	-	-	G
C49061601      none	B	[!#1:1][CX4H2:2]!@[CX3:3]=[O:4]	29.982	3.68098	-	-	-	-	G
C49061601      none	B	[!#1:1][CX4:2]!@[SX4:3][!#1:4]	167.748	7.85263	-	-	-	-	G
C49061601      none	B	[*:1]~[N,n:2]!@[S:3]~[*:4]	59.9986	4.33354	-	-	-	-	G
C49061601      none	B	[$(S(=O)(=O)):1][NH0:2]!@[c:3]([cH1])[cH1:4]	-120.27	1.65289	-	-	-	-	G
C50421612      none	B	[a:1][c:2]!@[CX4H1:3][N,O:4]	150.002	3.7643	-	-	-	-	G
C50421612      none	B	[$(C=O):1][NX3H1:2]!@[CX4H1:3][H:4]	-0.0036797	8.26772	-	-	-	-	G
C50421612      none	B	[O:1]=[CX3:2]([$([NX3H1]C)])!@[NX3H1:3][!#1:4]	-0.002451	41.1343	-	-	-	-	G
C50421612      none	B	[O:1]=[CX3:2]([$([NX3H1]C)])!@[NX3H1:3][!#1:4]	-0.00229298	41.1343	-	-	-	-	G
C50421612      none	B	[$(C=O):1][NX3H1:2]!@[c:3]([cH1])[cH1:4]	180	8.15546	-	-	-	-	G
C50421612      none	B	[!#1:1][CH2:2]!@[n:3][a:4]	134.999	0.697211	-	-	-	-	O
C50421612      none	B	[!#1:1][CX4H2:2]!@[CX3:3]=[O:4]	-90.0015	1.11373	-	-	-	-	G
C62913648      none	B	[C:1][CX4:2]!@[CX3:3]=[O:4]	90.0012	3.65147	-	-	-	-	G
C62913648      none	B	[O:1]=[CX3:2](a)!@[NX3H0:3][!#1:4]	30	0.896722	-	-	-	-	O
C62913648      none	B	[a:1][c:2]!@[C:3]([NH0])=[O:4]	60.3081	3.02778	-	-	-	-	G
CHEMBL372643      none	B	[!#1:1][CX4H2:2]!@[CX4H2:3][!#1:4]	180	58.554	-	-	-	-	G
CHEMBL372643      none	B	[!#1:1][CH2:2]!@[n:3][a:4]	90.3007	13.2097	-	-	-	-	G
CHEMBL372643      none	B	[a,!nX2H0:1][a:2]([!nX2H0])!@[a:3]([nX2H0])[nX2H0:4]	-0.0482365	27.5	-	-	-	-	G
CHEMBL372643      none	B	[cH0:1][c:2]!@[CX4H2:3][CX4:4]	-89.9986	18.481	-	-	-	-	G
CHEMBL372643      none	B	[!#1:1][CX4:2]!@[CX4:3][!#1:4]	160.001	1.81259	-	-	-	-	G
CHEMBL372643      none	B	[O:1]=[C:2]([O-])!@[CX4H1:3][H:4]	0.00256636	0.495663	-	-	-	-	O
C40528864      none	B	[!#1:1][CX4:2]!@[CX4:3][!#1:4]	179.994	22.1548	-	-	-	-	G
C40528864      none	B	[$(C=O):1][NX3H1:2]!@[CX4H1:3][H:4]	29.991	9.46757	-	-	-	-	G
C40528864      none	B	[O:1]=[CX3:2]!@[NX3H1:3][!#1:4]	0.00534543	63.7893	-	-	-	-	G
C40528864      none	B	[O:1]=[CX3:2]!@[NX3H0:3][!#1:4]	0.317248	25.0866	-	-	-	-	G
C40528864      none	B	[O:1]=[C:2]([O-])!@[CX4H1:3][H:4]	90.0083	0.86741	-	-	-	-	O
C48987663      none	B	[$(C=O):1][NX3H0:2]!@[CX4H2:3][!#1:4]	90.0057	13.8915	-	-	-	-	G
C48987663      none	B	[O:1]=[CX3:2]!@[NX3H0:3][!#1:4]	0.00274135	25.0866	-	-	-	-	G
C48987663      none	B	[a:1][c:2]!@[CX4H2:3][!#1:4]	135.324	1.69481	-	-	-	-	O
C48987663      none	B	[O:1]=[CX3:2]!@[NX3H1:3][!#1:4]	0.00252738	63.7893	-	-	-	-	G
C48987663      none	B	[$(C=O):1][NX3H1:2]!@[CX4H1:3][H:4]	59.9953	6.22422	-	-	-	-	G
C48987663      none	B	[!#1:1][CX4:2]!@[CX4:3][!#1:4]	179.997	22.1548	-	-	-	-	G
C48987663      none	B	[O:1]=[C:2]([O-])!@[CX4H1:3][H:4]	-0.00340912	0.495663	-	-	-	-	O
C48987663      none	B	[!#1:1][CX4H2:2]!@[CX4H2:3][!#1:4]	179.997	58.554	-	-	-	-	G
C52787618      none	B	[NH1:1][CX4:2]!@[CX3:3]=[O:4]	59.996	0.459488	-	-	-	-	O
C52787618      none	B	[$(C=O):1][NX3H1:2]!@[CX4H1:3][H:4]	-30.0013	6.97413	-	-	-	-	G
C52787618      none	B	[O:1]=[CX3:2]!@[NX3H0:3][!#1:4]	-0.0105247	25.0866	-	-	-	-	G
C52787618      none	B	[O:1]=[CX3:2]([$([NX3H1]C)])!@[NX3H1:3][!#1:4]	0.00171598	41.1343	-	-	-	-	G
C52787618      none	B	[O:1]=[CX3:2]([$([NX3H1]C)])!@[NX3H1:3][!#1:4]	0.00140869	41.1343	-	-	-	-	G
C52787618      none	B	[$(C=O):1][NX3H1:2]!@[CX4H1:3][H:4]	29.998	9.46757	-	-	-	-	G
C52787618      none	B	[!#1:1][CX4:2]!@[CX4:3][!#1:4]	179.995	22.1548	-	-	-	-	G
C52787618      none	B	[O:1]=[C:2]([O-])!@[CX4H1:3][H:4]	-0.00530477	0.495663	-	-	-	-	O
C52787618      none	B	[!#1:1][CX4H2:2]!@[CX4H2:3][!#1:4]	179.998	58.554	-	-	-	-	G
C52787618      none	B	[C:1][CH2:2]!@[O:3][CX4:4]	-79.9979	1.18773	-	-	-	-	G
C19506335      none	B	[n,o,s:1][c:2]!@[CX4H2:3][CX4:4]	90.0024	4.03889	-	-	-	-	G
C19506335      none	B	[!#1:1][CX4:2]!@[CX4:3][!#1:4]	179.999	22.1548	-	-	-	-	G
C19506335      none	B	[O:1]=[C:2]([O-])!@[CX4H1:3][H:4]	-0.00609702	0.495663	-	-	-	-	O
C19506335      none	B	[$(S(=O)(=O)):1][NX3H1:2]!@[CX4H1:3][H:4]	-59.9956	0.736648	-	-	-	-	G
C19506335      none	B	[*:1][$(S(=O)=O):2]!@[NX3H1:3][*:4]	-89.9983	4.38465	-	-	-	-	G
C40574570      none	B	[a:1][c:2]!@[CX4H1:3][N,O:4]	-59.9944	3.48172	-	-	-	-	G
C40574570      none	B	[$(C=O):1][NX3H1:2]!@[CX4H1:3][H:4]	60.0077	6.22422	-	-	-	-	G
C40574570      none	B	[O:1]=[CX3:2]([$([NX3H1]C)])!@[NX3H1:3][!#1:4]	0.00365179	41.1343	-	-	-	-	G
C40574570      none	B	[O:1]=[CX3:2]([$([NX3H1]C)])!@[NX3H1:3][!#1:4]	179.995	9.5176	-	-	-	-	R
C40574570      none	B	[$(C=O):1][NX3H1:2]!@[CX4H1:3][H:4]	-60.0004	1.23735	-	-	-	-	G
C40574570      none	B	[O:1]=[C:2]([O-])!@[CX4H1:3][H:4]	0.00485935	0.495663	-	-	-	-	O
C40574570      none	B	[!#1:1][CX4:2]!@[CX4:3][!#1:4]	59.9991	12.3771	-	-	-	-	G
C35600589      none	B	[!#1:1][CX4:2]!@[CX4:3][!#1:4]	180	22.1548	-	-	-	-	G
C35600589      none	B	[OX2:1][CX4:2]!@[CX4:3][N:4]	-59.9993	14.8764	-	-	-	-	G
C35600589      none	B	[$(S(=O)(=O)):1][NX3H1:2]!@[CX4H1:3][H:4]	0.00303296	7.36648	-	-	-	-	G
C35600589      none	B	[c:1][$(S(=O)=O):2]!@[NX3H1:3][C:4]	-59.9991	13.7514	-	-	-	-	G
C35600589      none	B	[aH0:1][c:2]([aH1])!@[SX4:3][!#1:4]	89.6822	4.49141	-	-	-	-	G
C35600589      none	B	[a:1][c:2]!@[CX4H2:3][CX3:4]	89.9962	7.83807	-	-	-	-	G
C35600589      none	B	[c:1][CX4H2:2]!@[CX3:3]=[O:4]	-90.013	2.5641	-	-	-	-	G
C35101106      none	B	[!#1:1][CH2:2]!@[n:3][cH0:4]	89.9999	14.7896	-	-	-	-	G
C35101106      none	B	[!#1:1][CX4H2:2]!@[CX3:3]=[O:4]	-149.997	0.689004	-	-	-	-	O
C35101106      none	B	[O:1]=[CX3:2]!@[NX3H1:3][!#1:4]	-0.00318948	63.7893	-	-	-	-	G
C35101106      none	B	[$(C=O):1][NX3H1:2]!@[CX4H1:3][H:4]	-30.0004	6.97413	-	-	-	-	G
C37451208      none	B	[$(S(=O)(=O)):1][NX3H0:2]!@[CX4H2:3][!#1:4]	90.003	6.68103	-	-	-	-	G
C37451208      none	B	[c:1][$(S(=O)=O):2]!@[NX3H0:3][C:4]	-59.9942	7.66773	-	-	-	-	G
C37451208      none	B	N[C:2](=[O:1])!@[CH2:3][N:4]	179.992	8.33333	-	-	-	-	G
C37451208      none	B	[O:1]=[CX3:2]!@[NX3H1:3][!#1:4]	0.00752555	63.7893	-	-	-	-	G
C37451208      none	B	[$(C=O):1][NX3H1:2]!@[CX4H1:3][H:4]	29.9959	9.46757	-	-	-	-	G
C37451208      none	B	[OX2:1][CX4:2]!@[CX4:3][N:4]	-59.9986	14.8764	-	-	-	-	G
C37451208      none	B	[O:1]=[C:2]([O-])!@[CX4H1:3][H:4]	90.003	0.86741	-	-	-	-	O
C37451208      none	B	[aH0:1][c:2]([aH1])!@[SX4:3][!#1:4]	69.6634	11.3606	-	-	-	-	G
C36968937      none	B	[OX2:1][CX4:2]!@[CX4:3][N:4]	180	9.8427	-	-	-	-	G
C36968937      none	B	[O:1]=[C:2]([O-])!@[CX4H1:3][H:4]	89.9947	0.86741	-	-	-	-	O
C36968937      none	B	[$(S(=O)(=O)):1][NX3H1:2]!@[CX4H1:3][H:4]	29.9976	11.9705	-	-	-	-	G
C36968937      none	B	[c:1][$(S(=O)=O):2]!@[NX3H1:3][C:4]	-89.9951	3.19032	-	-	-	-	G
C36968937      none	B	[aH1:1][c:2]([aH1])!@[SX4:3][!#1:4]	90.305	12.916	-	-	-	-	G
C36968937      none	B	[a:1][c:2]!@[C:3]([NH1,NH2])=[O:4]	180	9.31373	-	-	-	-	G
C40590458      none	B	[!#1:1][CX4:2]!@[CX4:3][!#1:4]	-80.0025	1.71775	-	-	-	-	G
C40590458      none	B	[$(C=O):1][NX3H1:2]!@[CX4H1:3][H:4]	29.9897	9.46757	-	-	-	-	G
C40590458      none	B	[C:1][CX4H2:2]!@[CX3:3]=[O:4]	119.993	0.695249	-	-	-	-	O
C40590458      none	B	[O:1]=[CX3:2]([$([NX3H1]C)])!@[NX3H1:3][!#1:4]	179.996	9.5176	-	-	-	-	R
C40590458      none	B	[O:1]=[CX3:2]([$([NX3H1]C)])!@[NX3H1:3][!#1:4]	0.0105845	41.1343	-	-	-	-	G
C40590458      none	B	[$(C=O):1][NX3H1:2]!@[CX4H1:3][H:4]	179.996	0.712411	-	-	-	-	R
C40698750      none	B	[$([cH0](=O)):1][c:2]([cH1])!@[CX3:3]([NX3H1,NX3H2])=[O:4]	179.981	78.9474	-	-	-	-	G
C40698750      none	B	[O:1]=[CX3:2]!@[NX3H1:3][!#1:4]	-0.000727715	63.7893	-	-	-	-	G
C40698750      none	B	[$(C=O):1][NX3H1:2]!@[CX4H1:3][H:4]	-30.003	6.97413	-	-	-	-	G
C40698750      none	B	[!#1:1][CX4:2]!@[CX4:3][!#1:4]	180	22.1548	-	-	-	-	G
C40698750      none	B	[O:1]=[C:2]([O-])!@[CX4H1:3][H:4]	0.00208267	0.495663	-	-	-	-	O
C40698750      none	B	[!#1:1][CX4H2:2]!@[CX4H2:3][!#1:4]	60.0006	3.99483	-	-	-	-	G
C49187887      none	B	[!#1:1][CX4:2]!@[CX4:3][!#1:4]	-59.9989	12.2558	-	-	-	-	G
C49187887      none	B	[$(C=O):1][NX3H1:2]!@[CX4H1:3][H:4]	0.0041411	8.26772	-	-	-	-	G
C49187887      none	B	[cH1:1][c:2]([cH1])!@[CX4H2:3][CX4:4]	-89.7207	11.9355	-	-	-	-	G
C49187887      none	B	[O:1]=[CX3:2]([$([NX3H1]C)])!@[NX3H1:3][!#1:4]	0.00589746	41.1343	-	-	-	-	G
C49187887      none	B	[O:1]=[CX3:2]([$([NX3H1]C)])!@[NX3H1:3][!#1:4]	-0.000370434	41.1343	-	-	-	-	G
C49187887      none	B	[$(C=O):1][NX3H1:2]!@[CX4H1:3][H:4]	59.997	6.22422	-	-	-	-	G
C49187887      none	B	[OX2:1][CX4:2]!@[CX4:3][N:4]	-80.0012	3.59551	-	-	-	-	G
C49187887      none	B	[O:1]=[C:2]([O-])!@[CX4H1:3][H:4]	0.00329371	0.495663	-	-	-	-	O
C36161866      none	B	[cH0:1][c:2]!@[C:3](=[N:4])	59.9761	0.807823	-	-	-	-	G
C36161866      none	B	[cH0:1][c:2]([cH,nX2H0])!@[NX3H0:3][CX4:4]	60.2838	3.25838	-	-	-	-	G
C22159921      none	B	[aH1:1][c:2]([aH1])!@[SX4:3][!#1:4]	89.9998	12.916	-	-	-	-	G
C22159921      none	B	[O:1]=[C:2]([O-])!@[c:3][nX3H1:4]	179.999	34.7826	-	-	-	-	G
C22159921      none	B	[c:1][$(S(=O)=O):2]!@[NX3H1:3][C:4]	-60.0036	13.7514	-	-	-	-	G
C22159921      none	B	[$(S(=O)(=O)):1][NX3H1:2]!@[CX4H1:3][H:4]	59.9961	1.10497	-	-	-	-	G
C43672299      none	B	[cH1:1][a:2]([cH0])!@[a:3]([cH0])[cH0:4]	60.243	2.11706	-	-	-	-	O
C43672299      none	B	[O:1]=[C:2]([O-])!@[c:3]([cH1])[cH1:4]	179.984	7.35294	-	-	-	-	G
C19328698      none	-	-	-	-	-	-	-	-	-
C19851864      none	B	[O:1]=[C:2]([O-])!@[c:3]([cH1])[cH1:4]	179.977	7.35294	-	-	-	-	G
C19851864      none	B	[cH1:1][c:2]([cH1])!@[O:3][C:4]	-0.0106578	26.3009	-	-	-	-	G
C19851864      none	B	[!#1:1][CX4H2:2]!@[OX2:3][c:4]	-179.989	42.1261	-	-	-	-	G
C19851864      none	B	[!#1:1][CX4H2:2]!@[NX3;"N_lp":3][!#1:4]	-55.7984	5.17104	-	-	-	-	G
C19851864      none	B	[C:1][CX4:2]!@[CX3:3]=[O:4]	-0.161069	5.61823	-	-	-	-	G
C05742393      none	B	[NH1:1][CX4:2]!@[CX3:3]=[O:4]	-2.14506	6.89233	-	-	-	-	G
C05742393      none	B	[OH1:1][CX4:2]!@[CX3:3]=[O:4]	-34.9289	1.49031	-	-	-	-	O
C05742393      none	B	[O:1]=[C:2]!@[O:3]~[C:4]	0.00606538	74.4927	-	-	-	-	G
C37656715      none	B	[NH1:1][CX4:2]!@[CX3:3]=[O:4]	180	3.23174	-	-	-	-	O
C37656715      none	B	[$(S(=O)(=O)):1][NX3H1:2]!@[CX4H1:3][H:4]	0.000127557	7.36648	-	-	-	-	G
C37656715      none	B	[*:1][$(S(=O)=O):2]!@[NX3H1:3][*:4]	-90	4.38465	-	-	-	-	G
C37656715      none	B	[*:1][$(S(=O)=O):2]!@[NX3H0r:3][*:4]	90.2803	4.85782	-	-	-	-	G
C37656715      none	B	[O:1]=[C:2]([O-])!@[CX4H1:3][H:4]	-0.00625849	0.495663	-	-	-	-	O
C55188200      none	B	[a:1][c:2]!@[C:3]([NH0])=[O:4]	-119.991	3.91667	-	-	-	-	G
C55188200      none	B	[O:1]=[CX3:2](a)!@[NX3H0:3][!#1:4]	-149.732	2.19542	-	-	-	-	O
C55188200      none	B	[O:1]=[C:2]([O-])!@[CX4H1:3][H:4]	90.003	0.86741	-	-	-	-	O
C34262265      none	B	[$(C=O):1][NX3H0:2]!@[CX4H0:3][C:4]	-179.698	10.4054	-	-	-	-	G
C34262265      none	B	[a:1][c:2]!@[CX4H1:3][N,O:4]	-174.953	2.00949	-	-	-	-	G
C34262265      none	B	[!#1:1][CX4:2]!@[CX4:3][!#1:4]	80.0014	1.75235	-	-	-	-	G
C34262265      none	B	[NH1:1][CX4:2]!@[CX3:3]=[O:4]	0.0046915	6.89233	-	-	-	-	G
C34262265      none	B	[C:1][CX4H2:2]!@[CX3:3]=[O:4]	150.001	0.811124	-	-	-	-	R
C06573373      none	B	[C:1][CX4H2:2]!@[OX2:3][c:4]	60.0034	0.147399	-	-	-	-	G
C06573373      none	B	[cH1:1][c:2]([cH1])!@[O:3][C:4]	-149.719	0.243246	-	-	-	-	R
C06573373      none	B	[a:1][c:2]!@[CX4H1:3][N,O:4]	60.71	3.42939	-	-	-	-	G
C00149919      none	B	[O:1]=[CX3:2]!@[NX3H0:3][!#1:4]	-149.705	1.37927	-	-	-	-	O
C00149919      none	B	[N:1][CX4:2]!@[CX3:3]=[O:4]	155.516	4.90461	-	-	-	-	G
C00149919      none	B	[O:1]=[CX3:2]!@[NX3H1:3][!#1:4]	0.00127314	63.7893	-	-	-	-	G
C49560981      none	B	[!#1:1][CX4:2]!@[CX4:3][!#1:4]	80.0075	1.75235	-	-	-	-	G
C49560981      none	B	[a:1][c:2]!@[CX4H1:3][N,O:4]	-149.994	3.72593	-	-	-	-	G
C49560981      none	B	[$(C=O):1][NX3H1:2]!@[CX4H1:3][H:4]	29.9928	9.46757	-	-	-	-	G
C49560981      none	B	[O:1]=[CX3:2]([$([NX3H1]C)])!@[NX3H1:3][!#1:4]	0.00444388	41.1343	-	-	-	-	G
C49560981      none	B	[O:1]=[CX3:2]([$([NX3H1]C)])!@[NX3H1:3][!#1:4]	179.999	9.5176	-	-	-	-	R
C49560981      none	B	[$(C=O):1][NX3H1:2]!@[CX4H1:3][H:4]	29.9987	9.46757	-	-	-	-	G
C49560981      none	B	[!#1:1][CX4:2]!@[CX4:3][!#1:4]	180	22.1548	-	-	-	-	G
C49560981      none	B	[O:1]=[C:2]([O-])!@[CX4H1:3][H:4]	-0.000647941	0.495663	-	-	-	-	O
C50421765      none	B	[!#1:1][CX4H2:2]!@[CX4H2:3][!#1:4]	180	58.554	-	-	-	-	G
C50421765      none	B	[!#1:1][CX4:2]!@[CX4:3][!#1:4]	180	22.1548	-	-	-	-	G
C50421765      none	B	[NH1:1][CX4:2]!@[CX3:3]=[O:4]	-150	4.5183	-	-	-	-	G
C50421765      none	B	[$(C=O):1][NX3H1:2]!@[CX4H0:3][C:4]	180	11.3993	-	-	-	-	G
C50421765      none	B	[O:1]=[CX3:2]([$([NX3H1]C)])!@[NX3H1:3][!#1:4]	0.000408834	41.1343	-	-	-	-	G
C50421765      none	B	[O:1]=[CX3:2]([$([NX3H1]C)])!@[NX3H1:3][!#1:4]	-0.00193072	41.1343	-	-	-	-	G
C50421765      none	B	[$(C=O):1][NX3H1:2]!@[CX4H1:3][H:4]	-30.0033	6.97413	-	-	-	-	G
C50421765      none	B	[a:1][c:2]!@[CX4H1:3][N,O:4]	-120	3.08052	-	-	-	-	G
C00874353      none	B	[O:1]=[C:2]([O-])!@[c:3]([cH1])[cH1:4]	179.98	7.35294	-	-	-	-	G
C00874353      none	B	[a:1][a:2]!@[NX3:3][!#1:4]	-59.994	1.73028	-	-	-	-	O
C00874353      none	B	[!#1:1][CX3:2](=S)!@[NX3H1:3][!#1:4]	-0.00266653	27.5459	-	-	-	-	G
C00874353      none	B	[!#1:1][CX3:2](=S)!@[NX3H1:3][!#1:4]	180	37.0618	-	-	-	-	G
C00874353      none	B	[C:1][CX4H2:2]!@[NX3:3][C:4]	119.999	1.39508	-	-	-	-	O
C00874353      none	B	[OX2:1][CX4:2]!@[CX4:3][N:4]	-81.7072	3.59551	-	-	-	-	O
C35097291      none	B	[cH1:1][c:2]([cH1])!@[C:3]([NH1,NH2])=[O:4]	89.9701	0	-	-	-	-	R
C35097291      none	B	[O:1]=[CX3:2]!@[NX3H1:3][!#1:4]	0.00343782	63.7893	-	-	-	-	G
C35097291      none	B	[$([CX3]=O):1][NX3H1:2]!@[CX4H2:3][C:4] 	-149.999	1.7769	-	-	-	-	O
C35097291      none	B	N[C:2](=[O:1])!@[CH2:3][N:4]	-120.003	0.892857	-	-	-	-	G
C35097291      none	B	[O:1]=[CX3:2]!@[NX3H1:3][!#1:4]	0.00132274	63.7893	-	-	-	-	G
C35097291      none	B	[$([CX3]=O):1][NX3H1:2]!@[CX4H2:3][C:4] 	179.997	6.46594	-	-	-	-	G
C35097291      none	B	[NH1:1][CX4:2]!@[CX3:3]=[O:4]	-120.006	0.275693	-	-	-	-	G
C22219241      none	B	[C:1][CX4H2:2]!@[NX3:3][C:4]	0.000589423	0.00637024	-	-	-	-	R
C22219241      none	B	[cH0:1][c:2]([cH,nX2H0])!@[NX3H0:3][CX4:4]	-90.0031	1.8357	-	-	-	-	G
C22219241      none	B	[N:1][CX4:2]!@[CX3:3]=[O:4]	-90.0076	0.479136	-	-	-	-	O
C22219241      none	B	[a:1][c:2]!@[C:3]([NH1,NH2])=[O:4]	89.9925	0.308642	-	-	-	-	O
C62742093      none	B	[!#1:1][CX4:2]!@[CX4:3][!#1:4]	-59.9967	12.2558	-	-	-	-	G
C62742093      none	B	[$([CX3]=O):1][NX3H0:2](C)!@[CX4H2:3][C:4]	89.9916	14.7513	-	-	-	-	G
C62742093      none	B	[$([CX3]=O):1][NX3H0:2](C)!@[CX4H2:3][C:4]	89.9995	14.7513	-	-	-	-	G
C62742093      none	B	[O:1]=[CX3:2](a)!@[NX3H0:3][!#1:4]	0.00550912	23.6549	-	-	-	-	G
C62742093      none	B	[N:1][CX4:2]!@[CX3:3]=[O:4]	119.995	0.766617	-	-	-	-	G
C62742093      none	B	[a:1][c:2]!@[C:3]([NH0])=[O:4]	-59.6888	3.63889	-	-	-	-	G
C06158188      none	B	[O:1]=[C:2]([O-])!@[CX4H1:3][H:4]	90.002	0.86741	-	-	-	-	O
C27831321      none	B	[!#1:1][CX3:2]!@[SX2:3][!#1:4]	-29.6953	1.54367	-	-	-	-	O
C27831321      none	B	[!#1:1][CX4:2]!@[SX2:3][!#1:4]	-60.0009	7.13757	-	-	-	-	G
C27831321      none	B	[CX3:1]=[CX3:2]!@[CH2:3][!#1:4]	150	0.933192	-	-	-	-	G
C27831321      none	B	[*^2:1]~[C^2:2]([!H])!@[C^2:3]~[*^2:4]	89.9936	1.26539	-	-	-	-	G
C27831321      none	B	[$(C=O):1][NX3H1:2]!@[CX4H1:3][H:4]	29.9982	9.46757	-	-	-	-	G
C27831321      none	B	[O:1]=[CX3:2]!@[NX3H1:3][!#1:4]	0.00313847	63.7893	-	-	-	-	G
C27831321      none	B	[!#1:1][CX4H2:2]!@[CX3:3]=[O:4]	89.9898	1.06654	-	-	-	-	G
C27831321      none	B	[!#1:1][CH2:2]!@[n:3][a:4]	-134.692	0.908865	-	-	-	-	O
C43395340      none	B	[a:1][c:2]!@[C:3]([NH1,NH2])=[O:4]	89.9945	0.308642	-	-	-	-	O
C43395340      none	B	[cH0:1][c:2]([cH,nX2H0])!@[NX3H0:3][CX4:4]	-119.999	1.65213	-	-	-	-	O
C43395340      none	B	[CX4:1][CX4H2:2]!@[NX3:3][CX4:4]	-89.996	8.29232	-	-	-	-	G
C43395340      none	B	[C:1][CX4H2:2]!@[NX3:3][C:4]	-90.0008	9.94394	-	-	-	-	G
C43395340      none	B	[OX2:1][CX4H2:2]!@[CX4H2:3][N:4]	179.998	8.36763	-	-	-	-	G
C43395340      none	B	[C:1][CH2:2]!@[O:3][CX4:4]	-79.9991	1.18773	-	-	-	-	G
C43395340      none	B	[N:1][CX4:2]!@[CX3:3]=[O:4]	-120.003	0.897291	-	-	-	-	G
C40531253      none	B	[$(C=O):1][NX3H1:2]!@[c:3]([cH1])[cH1:4]	-60.0139	0.241643	-	-	-	-	R
C40531253      none	B	[!#1:1][CH2:2]!@[n:3][a:4]	89.9987	13.2097	-	-	-	-	G
C40531253      none	B	[!#1:1][CX4H2:2]!@[CX3:3]=[O:4]	120.008	0.613497	-	-	-	-	G
C40531253      none	B	[O:1]=[CX3:2]([$([NX3H1]C)])!@[NX3H1:3][!#1:4]	179.99	9.5176	-	-	-	-	R
C40531253      none	B	[O:1]=[CX3:2]([$([NX3H1]C)])!@[NX3H1:3][!#1:4]	-0.00246135	41.1343	-	-	-	-	G
C40531253      none	B	[$([CX3]=O):1][NX3H1:2]!@[CX4H2:3][C:4] 	-59.9903	1.43139	-	-	-	-	G
C40531253      none	B	N[C:2](=[O:1])!@[CH2:3][N:4]	119.997	0.595238	-	-	-	-	G
C09033646      none	B	[!#1:1][CX4:2]!@[CX4:3][!#1:4]	60.0013	12.3771	-	-	-	-	G
C09033646      none	B	[NH1:1][CX4:2]!@[CX3:3]=[O:4]	-60.0143	1.73074	-	-	-	-	O
C09033646      none	B	[$(C=O):1][NX3H1:2]!@[CX4H1:3][H:4]	-0.00155724	8.26772	-	-	-	-	G
C09033646      none	B	[O:1]=[CX3:2]!@[NX3H1:3][!#1:4]	0.00338347	63.7893	-	-	-	-	G
C09033646      none	B	[$(C=O):1][NX3H1:2]!@[CX4H1:3][H:4]	0.000523396	8.26772	-	-	-	-	G
C09033646      none	B	[!#1:1][CX4:2]!@[CX4:3][!#1:4]	60.0013	12.3771	-	-	-	-	G
C09033646      none	B	[O:1]=[C:2]([O-])!@[CX4H1:3][H:4]	-0.00318929	0.495663	-	-	-	-	O
C09033646      none	B	[O:1]=[CX3:2]!@[NX3H1:3][!#1:4]	-0.00223874	63.7893	-	-	-	-	G
C09033646      none	B	[O:1][CX4:2]!@[CX3:3]=[O:4]	179.728	6.67845	-	-	-	-	G
C37456877      none	B	[O:1]=[CX3:2]!@[CX4H1r3:3][H:4]	89.9981	0.166667	-	-	-	-	R
C37456877      none	B	[O:1]=[CX3:2]!@[NX3H1:3][!#1:4]	-0.00486896	63.7893	-	-	-	-	G
C37456877      none	B	[$([CX3]=O):1][NX3H1:2]!@[CX4H2:3][C:4] 	90.0033	7.35439	-	-	-	-	G
C37456877      none	B	[!#1:1][CX4H2:2]!@[CX4H2:3][!#1:4]	180	58.554	-	-	-	-	G
C37456877      none	B	[O:1]=[CX3:2]([NH1])!@[CH2:3][C:4]	-89.9897	1.868	-	-	-	-	O
C37456877      none	B	[O:1]=[CX3:2]!@[NX3H1:3][!#1:4]	0.00348851	63.7893	-	-	-	-	G
C37456877      none	B	[$(C=O):1][NX3H1:2]!@[CX4H0:3][C:4]	59.9975	13.3187	-	-	-	-	G
C37456877      none	B	[!#1:1][CX4:2]!@[CX4:3][!#1:4]	38.5876	0.998355	-	-	-	-	G
C37456877      none	B	[NH1:1][CX4:2]!@[CX3:3]=[O:4]	90.0007	0.183795	-	-	-	-	R
C37453951      none	B	[NH1:1][CX4:2]!@[CX3:3]=[O:4]	-89.9898	0.352274	-	-	-	-	R
C37453951      none	B	[$(C=O):1][NX3H1:2]!@[CX4H1:3][H:4]	-59.9959	1.23735	-	-	-	-	G
C37453951      none	B	[O:1]=[CX3:2]!@[NX3H0:3][!#1:4]	0.272883	25.0866	-	-	-	-	G
C37453951      none	B	[O:1]=[C:2]([O-])!@[CX4H1:3][H:4]	0.00575414	0.495663	-	-	-	-	O
C37453951      none	B	[O:1]=[CX3:2]!@[NX3H1:3][!#1:4]	-0.00316918	63.7893	-	-	-	-	G
C03636934      none	B	[!#1:1][CH2:2]!@[n:3][cH0:4]	180	0.148746	-	-	-	-	R
C03636934      none	B	[!#1:1][CX4:2]!@[CX4:3][!#1:4]	80.0051	1.75235	-	-	-	-	G
C03636934      none	B	[OX2:1][CX4:2]!@[CX4:3][OX2:4]	-60.0015	16.2177	-	-	-	-	G
C40532706      none	B	[OX2:1][CX4:2]!@[CX4:3][N:4]	179.999	9.8427	-	-	-	-	G
C40532706      none	B	[O:1]=[C:2]([O-])!@[CX4H1:3][H:4]	89.9982	0.86741	-	-	-	-	O
C40532706      none	B	[$(C=O):1][NX3H1:2]!@[CX4H1:3][H:4]	29.9992	9.46757	-	-	-	-	G
C40532706      none	B	[O:1]=[CX3:2]([$([NX3H1]C)])!@[NX3H1:3][!#1:4]	-0.00798353	41.1343	-	-	-	-	G
C40532706      none	B	[O:1]=[CX3:2]([$([NX3H1]C)])!@[NX3H1:3][!#1:4]	0.0120079	41.1343	-	-	-	-	G
C40532706      none	B	[$(C=O):1][NX3H1:2]!@[c:3]([cH1])[cH1:4]	30.0004	5.05437	-	-	-	-	G
C40532706      none	B	[$(C=O):1][NX3H1:2]!@[c:3]([cH1])[cH1:4]	-0.0361195	7.77286	-	-	-	-	G
C40532706      none	B	[O:1]=[CX3:2]!@[NX3H1:3][!#1:4]	0.00828715	63.7893	-	-	-	-	G
C61513681      none	B	[C:1][CX4H2:2]!@[NX3:3][C:4]	-0.0111063	0.00637024	-	-	-	-	R
C61513681      none	B	[a:1][a:2]!@[NX3:3][!#1:4]	-120.001	1.58818	-	-	-	-	O
C61513681      none	B	[N:1][CX4:2]!@[CX3:3]=[O:4]	-89.9995	0.479136	-	-	-	-	O
C61513681      none	B	[nX2:1][c:2]([nX2])!@[O:3][C:4]	0.00428712	40.7895	-	-	-	-	G
C19485057      none	B	[!#1:1][CX4:2]!@[SX2:3][!#1:4]	60.003	7.53739	-	-	-	-	G
C19485057      none	B	[!#1:1][CX4H2:2]!@[CX4H2:3][!#1:4]	179.999	58.554	-	-	-	-	G
C19485057      none	B	[!#1:1][CX4:2]!@[CX4:3][!#1:4]	59.9947	12.3771	-	-	-	-	G
C19485057      none	B	[O:1]=[C:2]([O-])!@[CX4H1:3][H:4]	0.00448363	0.495663	-	-	-	-	O
C19485057      none	B	[$(C=O):1][NX3H1:2]!@[CX4H1:3][H:4]	-60.005	1.23735	-	-	-	-	G
C19485057      none	B	[O:1]=[CX3:2]!@[NX3H1:3][!#1:4]	0.0018516	63.7893	-	-	-	-	G
C19485057      none	B	[cH1:1][c:2]([cH1])!@[C:3]([NH1,NH2])=[O:4]	153	9.05971	-	-	-	-	G
C36975748      none	B	[NH1:1][CX4:2]!@[CX3:3]=[O:4]	-90.0031	0.352274	-	-	-	-	R
C36975748      none	B	[$(C=O):1][NX3H1:2]!@[CX4H1:3][H:4]	-29.9959	6.97413	-	-	-	-	G
C36975748      none	B	[O:1]=[CX3:2]!@[NX3H0:3][!#1:4]	-179.678	18.2537	-	-	-	-	G
C36975748      none	B	[O:1]=[C:2]([O-])!@[CX4H1:3][H:4]	-0.00979166	0.495663	-	-	-	-	O
C36975748      none	B	[O:1]=[CX3:2]!@[NX3H1:3][!#1:4]	-0.00119597	63.7893	-	-	-	-	G
C06315997      none	B	[!#1:1][CH2:2]!@[n:3][cH0:4]	45.0026	0.233744	-	-	-	-	R
C06315997      none	B	[!#1:1][CX4H2:2]!@[CX3:3]=[O:4]	-120.003	0.59462	-	-	-	-	G
C06315997      none	B	[O:1]=[CX3:2]!@[NX3H1:3][!#1:4]	0.00943558	63.7893	-	-	-	-	G
C06315997      none	B	[*:1]~[NX3:2]!@[NX2:3]~[*:4]	179.999	29.4914	-	-	-	-	G
C06315997      none	B	[cH1:1][c:2]([cH0])!@[CX3x0:3]=[NX2:4]	-59.7334	0.248139	-	-	-	-	G
C06315997      none	B	[O-:1][N+:2](=O)!@[c:3]([cH0])[cH,nX2H0:4]	89.7522	0.274725	-	-	-	-	O
C62827501      none	B	[$([C](=O)):1][NX3:2]!@[a:3](s)[a:4]	150.252	0.851064	-	-	-	-	R
C62827501      none	B	[O:1]=[C:2]([O-])!@[c:3]([cH0])[cH0:4]	-179.77	20	-	-	-	-	G
C62827501      none	B	[O:1]=[CX3:2]!@[NX3H1:3][!#1:4]	119.995	0.00505102	-	-	-	-	R
C62827501      none	B	[O:1]=[CX3:2]!@[NX3H0:3][!#1:4]	150.291	1.73707	-	-	-	-	O
C37432455      none	B	[OX2:1][CX4:2]!@[CX4:3][N:4]	-39.9982	1.41573	-	-	-	-	G
C37432455      none	B	[O:1]=[C:2]([O-])!@[CX4H1:3][H:4]	89.9914	0.86741	-	-	-	-	O
C37432455      none	B	[$(C=O):1][NX3H1:2]!@[CX4H1:3][H:4]	-29.9977	6.97413	-	-	-	-	G
C37432455      none	B	[O:1]=[CX3:2]!@[NX3H1:3][!#1:4]	-0.00663543	63.7893	-	-	-	-	G
C37432455      none	B	[C:1][CX4:2]!@[CX3:3]=[O:4]	-30.1315	3.42621	-	-	-	-	G
C37432455      none	B	[O:1]=[CX3:2]!@[NX3H0:3][!#1:4]	-29.9995	0.692521	-	-	-	-	O
C37432455      none	B	[O:1]=[CX3:2]!@[CX4H1r3:3][H:4]	149.997	5.16667	-	-	-	-	G
C22046644      none	B	[O:1]=[CX3:2]!@[NX3H1:3][!#1:4]	0.0154925	63.7893	-	-	-	-	G
C22046644      none	B	[$(C=O):1][NX3H1:2]!@[CX4H1:3][H:4]	179.996	0.712411	-	-	-	-	R
C22046644      none	B	[H:1][CX4H1:2]!@[O:3][CX4:4]	40.1711	11.9906	-	-	-	-	O
C22046644      none	B	[OX2:1][CX4:2]!@[CX4:3][OX2:4]	160.058	0.798637	-	-	-	-	G
C43564472      none	B	[a:1][c:2]!@[CX4H1:3][N,O:4]	-59.9917	3.48172	-	-	-	-	G
C43564472      none	B	[$(C=O):1][NX3H1:2]!@[CX4H1:3][H:4]	-29.9945	6.97413	-	-	-	-	G
C43564472      none	B	[O:1]=[CX3:2]([$([NX3H1]C)])!@[NX3H1:3][!#1:4]	-0.00293563	41.1343	-	-	-	-	G
C43564472      none	B	[O:1]=[CX3:2]([$([NX3H1]C)])!@[NX3H1:3][!#1:4]	0.00380537	41.1343	-	-	-	-	G
C43564472      none	B	[$(C=O):1][NX3H1:2]!@[CX4H1:3][H:4]	180	0.712411	-	-	-	-	R
C43564472      none	B	[!#1:1][CX4:2]!@[CX4:3][!#1:4]	60.0027	12.3771	-	-	-	-	G
C43564472      none	B	[O:1]=[C:2]([O-])!@[CX4H1:3][H:4]	89.9998	0.86741	-	-	-	-	O
C43564472      none	B	[!#1:1][CX4:2]!@[CX4:3][!#1:4]	59.9991	12.3771	-	-	-	-	G
C49238708      none	B	[!#1:1][CX4:2]!@[CX4:3][!#1:4]	60.0021	12.3771	-	-	-	-	G
C49238708      none	B	[!#1:1][CX4:2]!@[CX4:3][!#1:4]	-111.373	0.0892838	-	-	-	-	R
C49238708      none	B	[$(C=O):1][NX3H1:2]!@[CX4H1:3][H:4]	-59.9966	1.23735	-	-	-	-	G
C49238708      none	B	[O:1]=[CX3:2]!@[NX3H1:3][!#1:4]	-0.00887593	63.7893	-	-	-	-	G
C49238708      none	B	[O:1]=[CX3:2]!@[NX3H0:3][!#1:4]	0.324809	25.0866	-	-	-	-	G
C49238708      none	B	[O:1]=[C:2]([O-])!@[CX4H1:3][H:4]	89.9959	0.86741	-	-	-	-	O
C40547270      none	B	[$([CX3]=O):1][NX3H0:2](C)!@[CX4H2:3][C:4]	-60.0011	0.686106	-	-	-	-	O
C40547270      none	B	[O:1]=[CX3:2]!@[NX3H0:3][!#1:4]	149.996	1.73707	-	-	-	-	O
C40547270      none	B	[!#1:1][CX4H2:2]!@[CX4H2:3][!#1:4]	-59.9971	3.77933	-	-	-	-	G
C40547270      none	B	[O:1]=[CX3:2]!@[NX3H0:3][!#1:4]	150.307	1.73707	-	-	-	-	O
C40547270      none	B	[O:1]=[C:2]([O-])!@[CX4H1:3][H:4]	90.0003	0.86741	-	-	-	-	O
C40603406      none	B	[$([CX3]=O):1][NX3H0:2](C)!@[CX4H2:3][C:4]	-90.0063	15.9949	-	-	-	-	G
C40603406      none	B	[$([CX3]=O):1][NX3H0:2](C)!@[CX4H2:3][C:4]	59.996	0.600343	-	-	-	-	O
C40603406      none	B	[O:1]=[CX3:2]!@[NX3H0:3][!#1:4]	30.0025	0.680979	-	-	-	-	O
C40603406      none	B	[OX2:1][CX4H2:2]!@[CX4H2:3][N:4]	179.999	8.36763	-	-	-	-	G
C40603406      none	B	[O:1]=[CX3:2]!@[NX3H0:3][!#1:4]	30.3133	0.680979	-	-	-	-	O
C40603406      none	B	[O:1]=[C:2]([O-])!@[CX4H1:3][H:4]	0.00251846	0.495663	-	-	-	-	O
C40580125      none	B	[$(C=O):1][NX3H1:2]!@[CX4H1:3][H:4]	-30.0004	6.97413	-	-	-	-	G
C40580125      none	B	[O:1]=[CX3:2]!@[NX3H1:3][!#1:4]	0.00364681	63.7893	-	-	-	-	G
C40580125      none	B	N[C:2](=[O:1])!@[CH2:3][N:4]	149.997	3.125	-	-	-	-	G
C40580125      none	B	[$([CX3]=O):1][NX3H1:2]!@[CX4H2:3][C:4] 	89.998	7.35439	-	-	-	-	G
C40580125      none	B	[O:1]=[CX3:2]!@[NX3H1:3][!#1:4]	0.00257555	63.7893	-	-	-	-	G
C40580125      none	B	[O:1]=[CX3:2]!@[NX3H0:3][!#1:4]	150.321	1.73707	-	-	-	-	O
C40580125      none	B	[O:1]=[C:2]([O-])!@[CX4H1:3][H:4]	89.9972	0.86741	-	-	-	-	O
C41036235      none	B	[NH1:1][CX4:2]!@[CX3:3]=[O:4]	119.997	0.41354	-	-	-	-	G
C41036235      none	B	[$(C=O):1][NX3H1:2]!@[CX4H0:3][C:4]	60.0038	13.3187	-	-	-	-	G
C41036235      none	B	[O:1]=[CX3:2]([$([NX3H1]C)])!@[NX3H1:3][!#1:4]	-0.00609581	41.1343	-	-	-	-	G
C41036235      none	B	[O:1]=[CX3:2]([$([NX3H1]C)])!@[NX3H1:3][!#1:4]	0.0069222	41.1343	-	-	-	-	G
C41036235      none	B	[$(C=O):1][NX3H1:2]!@[c:3]([cH1])[cH1:4]	-30.0013	5.05437	-	-	-	-	G
C53943734      none	B	[C:1][CX4:2]!@[NX3;"N_lp":3][C:4]	80.0037	5.94326	-	-	-	-	G
C53943734      none	B	[C:1][CX4H2:2]!@[NX3;"N_lp":3][C:4]	160.003	5.62549	-	-	-	-	G
C53943734      none	B	[NH1:1][CX4:2]!@[CX3:3]=[O:4]	-120.019	0.275693	-	-	-	-	G
C12605318      none	B	[C:1][CH2:2]!@[O:3][CX4:4]	-79.9955	1.18773	-	-	-	-	G
C12605318      none	B	[O:1][CX4:2]!@[CX3:3]=[O:4]	119.997	0.923198	-	-	-	-	O
C12605318      none	B	[O:1]=[CX3:2]!@[NX3H0:3][!#1:4]	-179.712	18.2537	-	-	-	-	G
C12605318      none	B	[O:1]=[CX3:2]!@[NX3H0:3][!#1:4]	-150.003	1.37927	-	-	-	-	O
C12605318      none	B	[N:1][CX4:2]!@[CX3:3]=[O:4]	-89.6547	0.479136	-	-	-	-	O
C12605318      none	B	[O:1]=[CX3:2]!@[NX3H1:3][!#1:4]	0.00338502	63.7893	-	-	-	-	G
C12605318      none	B	[$(C=O):1][NX3H1:2]!@[CX4H1:3][H:4]	-59.9994	1.23735	-	-	-	-	G
C12605318      none	B	[!#1:1][CX4H2:2]!@[CX3:3]=[O:4]	-29.9946	3.82256	-	-	-	-	G
C12605318      none	B	[!#1:1][CX4:2]!@[SX2:3][!#1:4]	-59.9999	7.13757	-	-	-	-	G
C12605318      none	B	[!#1:1][CX4:2]!@[SX2:3][!#1:4]	-39.9974	0.858878	-	-	-	-	O
C12605318      none	B	[!#1:1][CX4H2:2]!@[CX3:3]=[O:4]	-90.0052	1.11373	-	-	-	-	G
C40393970      none	B	[!#1:1][CX4:2]!@[SX2:3][!#1:4]	80.002	6.41197	-	-	-	-	G
C40393970      none	B	[!#1:1][CX4H2:2]!@[CX4H2:3][!#1:4]	180	58.554	-	-	-	-	G
C40393970      none	B	[!#1:1][CX4:2]!@[CX4:3][!#1:4]	59.9976	12.3771	-	-	-	-	G
C40393970      none	B	[NH1:1][CX4:2]!@[CX3:3]=[O:4]	29.9929	2.12896	-	-	-	-	G
C40393970      none	B	[$(C=O):1][NX3H1:2]!@[CX4H1:3][H:4]	29.9979	9.46757	-	-	-	-	G
C40393970      none	B	[O:1]=[CX3:2]!@[NX3H0:3][!#1:4]	-179.682	18.2537	-	-	-	-	G
C40393970      none	B	[O:1]=[C:2]([O-])!@[CX4H1:3][H:4]	89.994	0.86741	-	-	-	-	O
C40393970      none	B	[O:1]=[CX3:2]!@[NX3H1:3][!#1:4]	-0.00607691	63.7893	-	-	-	-	G
C49527454      none	B	[a:1][c:2]!@[CX4H1:3][N,O:4]	150.286	3.7643	-	-	-	-	G
C49527454      none	B	[$(C=O):1][NX3H1:2]!@[CX4H1:3][H:4]	59.9951	6.22422	-	-	-	-	G
C49527454      none	B	[O:1]=[CX3:2]([$([NX3H1]C)])!@[NX3H1:3][!#1:4]	0.0171405	41.1343	-	-	-	-	G
C49527454      none	B	[O:1]=[CX3:2]([$([NX3H1]C)])!@[NX3H1:3][!#1:4]	179.989	9.5176	-	-	-	-	R
C49527454      none	B	[$(C=O):1][NX3H1:2]!@[CX4H0:3][C:4]	179.996	11.3993	-	-	-	-	G
C49527454      none	B	[!#1:1][CX4:2]!@[CX4:3][!#1:4]	-171.371	7.88261	-	-	-	-	G
C49527454      none	B	[NH1:1][CX4:2]!@[CX3:3]=[O:4]	89.9981	0.183795	-	-	-	-	R
C36972285      none	B	[OX2:1][CX4:2]!@[CX4:3][N:4]	-60.0029	14.8764	-	-	-	-	G
C36972285      none	B	[O:1]=[C:2]([O-])!@[CX4H1:3][H:4]	90.0124	0.86741	-	-	-	-	O
C36972285      none	B	[$(C=O):1][NX3H1:2]!@[CX4H1:3][H:4]	0.00302184	8.26772	-	-	-	-	G
C36972285      none	B	[O:1]=[CX3:2]!@[NX3H1:3][!#1:4]	-0.000258059	63.7893	-	-	-	-	G
C36972285      none	B	[$([cH0](=O)):1][c:2]([cH1])!@[CX3:3]([NX3H1,NX3H2])=[O:4]	180	78.9474	-	-	-	-	G
C36972285      none	B	[O-:1][N+:2](=O)!@[c:3]([cH,nX2H0])[cH,nX2H0:4]	179.978	23.2156	-	-	-	-	G
C40750883      none	B	[O:1]=[C:2]([O-])!@[c:3]([cH1])[cH1:4]	179.978	7.35294	-	-	-	-	G
C40750883      none	B	[a:1][a:2]!@[NX3:3][!#1:4]	-0.00204465	10.9271	-	-	-	-	G
C40750883      none	B	[CX4:1][CX4H2:2]!@[NX3:3][CX4:4]	90.0002	8.80906	-	-	-	-	G
C40750883      none	B	[CX4:1][CX4H2:2]!@[NX3:3][CX4:4]	89.993	8.80906	-	-	-	-	G
C40750883      none	B	[OX2:1][CX4H2:2]!@[CX4H2:3][N:4]	180	8.36763	-	-	-	-	G
C40750883      none	B	[OX2:1][CX4H2:2]!@[CX4H2:3][N:4]	60.003	17.6955	-	-	-	-	G
C44831336      none	B	[OX2:1][CX4:2]!@[CX4:3][OX2:4]	173.089	4.6108	-	-	-	-	G
C44831336      none	B	[*:1]~[CX4:2]!@[n:3]~[*:4]	90.0002	3.25743	-	-	-	-	G
C50868362      none	B	[cH0:1][c:2]!@[CX4H2:3][CX4:4]	90.2849	18.5823	-	-	-	-	G
C50868362      none	B	[cH0:1][c:2]([cH0])!@[NX3:3][CX4:4]	-89.9952	8.30904	-	-	-	-	G
C06224512      none	B	[cH0:1][c:2]([cH1])!@[O:3][C:4]	119.987	0.35639	-	-	-	-	R
C06224512      none	B	[C:1][CX4H2:2]!@[OX2:3][c:4]	119.997	0.336913	-	-	-	-	R
C06224512      none	B	[OX2:1][CX4H2:2]!@[CX3:3]([$([NX3H1,NX3H2])])=[O:4]	149.994	1.07143	-	-	-	-	O
C06224512      none	B	[O:1]=[CX3:2]!@[NX3H1:3][!#1:4]	0.00721645	63.7893	-	-	-	-	G
C06224512      none	B	[*:1]~[NX3:2]!@[NX2:3]~[*:4]	179.998	29.4914	-	-	-	-	G
C06557404      none	B	[a:1][c:2]!@[CX4H1:3][N,O:4]	-89.9717	1.29082	-	-	-	-	G
C40697161      none	B	[C:1][CX4:2]!@[CX3:3]=[O:4]	89.9998	3.65147	-	-	-	-	G
C40697161      none	B	[*:1]~[CX4:2]!@[n:3]~[*:4]	120.001	3.12393	-	-	-	-	G
C40697161      none	B	[O:1]=[CX3:2]!@[NX3H1:3][!#1:4]	-0.00357298	63.7893	-	-	-	-	G
C40697161      none	B	[$(C=O):1][NX3H1:2]!@[CX4H1:3][H:4]	30.0088	9.46757	-	-	-	-	G
C40697161      none	B	[!#1:1][CX4:2]!@[CX4:3][!#1:4]	-59.9954	12.2558	-	-	-	-	G
C40697161      none	B	[O:1]=[C:2]([O-])!@[CX4H1:3][H:4]	90.0034	0.86741	-	-	-	-	O
C40697161      none	B	[!#1:1][CX4H2:2]!@[CX4H2:3][!#1:4]	179.998	58.554	-	-	-	-	G
C40579161      none	B	[O:1]=[CX3:2]!@[NX3H1:3][!#1:4]	0.00613558	63.7893	-	-	-	-	G
C40579161      none	B	[$([CX3]=O):1][NX3H1:2]!@[CX4H2:3][C:4] 	-90.0031	7.35439	-	-	-	-	G
C40579161      none	B	[!#1:1][CX4H2:2]!@[CX4H2:3][!#1:4]	59.9967	3.99483	-	-	-	-	G
C40579161      none	B	[$([CX3]=O):1][NX3H1:2]!@[CX4H2:3][C:4] 	149.998	1.43139	-	-	-	-	O
C40579161      none	B	[O:1]=[CX3:2]([$([NX3H1]C)])!@[NX3H1:3][!#1:4]	0.00878816	41.1343	-	-	-	-	G
C40579161      none	B	[O:1]=[CX3:2]([$([NX3H1]C)])!@[NX3H1:3][!#1:4]	0.00340388	41.1343	-	-	-	-	G
C40579161      none	B	[$(C=O):1][NX3H1:2]!@[c:3]([cH1])[cH1:4]	150.003	5.05437	-	-	-	-	G
C40579161      none	B	[!#1:1][CH2:2]!@[n:3][a:4]	134.998	0.697211	-	-	-	-	O
C40579161      none	B	[!#1:1][CX4H2:2]!@[CX3:3]=[O:4]	-89.9937	1.11373	-	-	-	-	G
C04370991      none	B	[cH1:1][a:2]([cH1])!@[a:3]([sX2,o,nX2H0,nX3H1:4])	0.306659	10.7602	-	-	-	-	G
C63136433      none	B	[n,o,s:1][c:2]!@[CX4H2:3][CX4:4]	-90.0025	5.3104	-	-	-	-	G
C63136433      none	B	[!#1:1][CX4H2:2]!@[CX4H2:3][!#1:4]	179.997	58.554	-	-	-	-	G
C63136433      none	B	[$([CX3]=O):1][NX3H1:2]!@[CX4H2:3][C:4] 	90.0059	7.35439	-	-	-	-	G
C63136433      none	B	[O:1]=[CX3:2]([$([NX3H1]C)])!@[NX3H1:3][!#1:4]	180	9.5176	-	-	-	-	R
C63136433      none	B	[O:1]=[CX3:2]([$([NX3H1]C)])!@[NX3H1:3][!#1:4]	-0.00649413	41.1343	-	-	-	-	G
C63136433      none	B	[$(C=O):1][NX3H1:2]!@[CX4H0:3][C:4]	-54.9023	7.67766	-	-	-	-	G
C63136433      none	B	[NH1:1][CX4:2]!@[CX3:3]=[O:4]	90.0049	0.183795	-	-	-	-	R
C37463335      none	B	[*:1][$(S(=O)=O):2]!@[NX3H0r:3][*:4]	-60.005	8.17536	-	-	-	-	G
C37463335      none	B	[*:1][$(S(=O)=O):2]!@[NX3H0r:3][*:4]	90.3129	4.85782	-	-	-	-	G
C37463335      none	B	[H:1][CX4H1:2]!@[O:3][CX4:4]	56.1245	4.42842	-	-	-	-	G
C37463335      none	B	[O:1]=[C:2]([O-])!@[CX4H1:3][H:4]	89.9903	0.86741	-	-	-	-	O
C43511159      none	B	[O-:1][N+:2](=O)!@[c:3]([cH,nX2H0])[cH,nX2H0:4]	179.98	23.2156	-	-	-	-	G
C43511159      none	B	[$(C=O):1][NX3H1:2]!@[c:3]([cH1])[cH1:4]	-30.0008	5.05437	-	-	-	-	G
C43511159      none	B	[O:1]=[CX3:2]([$([NX3H1]C)])!@[NX3H1:3][!#1:4]	0.00414236	41.1343	-	-	-	-	G
C43511159      none	B	[O:1]=[CX3:2]([$([NX3H1]C)])!@[NX3H1:3][!#1:4]	179.998	9.5176	-	-	-	-	R
C43511159      none	B	[$(C=O):1][NX3H1:2]!@[CX4H0:3][C:4]	-66.1433	8.17582	-	-	-	-	G
C43511159      none	B	[NH1:1][CX4:2]!@[CX3:3]=[O:4]	-0.0102519	6.89233	-	-	-	-	G
C40591333      none	B	[OX2:1][CX4:2]!@[CX4:3][N:4]	-60.0083	14.8764	-	-	-	-	G
C40591333      none	B	[O:1]=[C:2]([O-])!@[CX4H1:3][H:4]	0.00574668	0.495663	-	-	-	-	O
C40591333      none	B	[$(C=O):1][NX3H1:2]!@[CX4H1:3][H:4]	29.9935	9.46757	-	-	-	-	G
C40591333      none	B	[O:1]=[CX3:2]!@[NX3H1:3][!#1:4]	0.00088359	63.7893	-	-	-	-	G
C40591333      none	B	[O:1]=[CX3:2]!@[NX3H0:3][!#1:4]	-29.9918	0.692521	-	-	-	-	O
C40591333      none	B	[$(C=O):1][NX3H0:2]!@[CX4H1:3][H:4]	0.00580718	15.8824	-	-	-	-	G
C37473770      none	B	[NH1:1][CX4:2]!@[CX3:3]=[O:4]	89.9948	0.183795	-	-	-	-	R
C37473770      none	B	[$(C=O):1][NX3H1:2]!@[CX4H1:3][H:4]	-0.00459887	8.26772	-	-	-	-	G
C37473770      none	B	[O:1]=[CX3:2]!@[NX3H0:3][!#1:4]	-0.00238073	25.0866	-	-	-	-	G
C37473770      none	B	[$([CX3]=O):1][NX3H0:2](C)!@[CX4H2:3][C:4]	-89.9991	15.9949	-	-	-	-	G
C37473770      none	B	[$(C=O):1][NX3H0:2]!@[CX4H1:3][H:4]	64.3303	0.252101	-	-	-	-	R
C37473770      none	B	[N:1][CX4:2]!@[CX3:3]=[O:4]	-119.996	0.897291	-	-	-	-	G
C37473770      none	B	[O:1]=[CX3:2]!@[NX3H1:3][!#1:4]	0.00635809	63.7893	-	-	-	-	G
C50670716      none	B	[!#1:1][CX4:2]!@[CX4:3][!#1:4]	-159.993	1.85018	-	-	-	-	G
C50670716      none	B	[$(S(=O)(=O)):1][NX3H0:2]!@[CX4H2:3][!#1:4]	150.001	7.32759	-	-	-	-	G
C50670716      none	B	[c:1][$(S(=O)=O):2]!@[NX3H0:3][C:4]	-90.0006	4.66945	-	-	-	-	G
C50670716      none	B	[aH1:1][c:2]([aH1])!@[SX4:3][!#1:4]	150.284	0.260857	-	-	-	-	R
C35057336      none	B	[O:1]=[C:2]([O-])!@[CX4H1:3][H:4]	0.00156495	0.495663	-	-	-	-	O
C35057336      none	B	[H:1][CX4H1:2]!@[O:3][CX4:4]	-59.9999	5.14933	-	-	-	-	G
C35057336      none	B	[H:1][CX4H1:2]!@[O:3][CX4:4]	0.00399476	4.26659	-	-	-	-	G
C35057336      none	B	[$(C=O):1][NX3H1:2]!@[CX4H1:3][H:4]	30.0016	9.46757	-	-	-	-	G
C35057336      none	B	[H:1][CX4H1:2]!@[OX2:3][!#1:4]	0.220006	7.47259	-	-	-	-	G
C35057336      none	B	[a:1][c:2]!@[CX4H1:3][N,O:4]	-149.999	3.72593	-	-	-	-	G
C35057336      none	B	[cH1,n:1][c:2]!@[O:3][CRH1:4]	-29.9953	2.03252	-	-	-	-	G
C35057336      none	B	[$([cH0]!@[*^2]):1][c:2]([cH1])!@[CX3:3]=[O:4]	120	1.0199	-	-	-	-	O
C35057336      none	B	[O:1]=[CX3:2]!@[NX3H1:3][!#1:4]	0.00330131	63.7893	-	-	-	-	G
C40580217      none	B	[$(C=O):1][NX3H1:2]!@[CX4H1:3][H:4]	59.9936	6.22422	-	-	-	-	G
C40580217      none	B	[O:1]=[CX3:2]!@[NX3H1:3][!#1:4]	0.00567949	63.7893	-	-	-	-	G
C40580217      none	B	N[C:2](=[O:1])!@[CH2:3][N:4]	180	8.33333	-	-	-	-	G
C40580217      none	B	[$([CX3]=O):1][NX3H1:2]!@[CX4H2:3][C:4] 	150.002	1.43139	-	-	-	-	O
C40580217      none	B	[O:1]=[CX3:2]!@[NX3H1:3][!#1:4]	-0.00260385	63.7893	-	-	-	-	G
C40580217      none	B	[O:1]=[CX3:2]!@[NX3H0:3][!#1:4]	30.3076	0.680979	-	-	-	-	O
C40580217      none	B	[O:1]=[C:2]([O-])!@[CX4H1:3][H:4]	0.00340596	0.495663	-	-	-	-	O
C40470237      none	B	[a:1][c:2]!@[C:3]([NH0])=[O:4]	119.996	4.19444	-	-	-	-	G
C40470237      none	B	[O:1]=[CX3:2](a)!@[NX3H0:3][!#1:4]	-179.693	9.67842	-	-	-	-	G
C40470237      none	B	[O:1]=[C:2]([O-])!@[CX4H1:3][H:4]	-0.00745086	0.495663	-	-	-	-	O
C67491179      none	B	[a:1][c:2]!@[C:3]([NH1,NH2])=[O:4]	89.9889	0.308642	-	-	-	-	O
C67491179      none	B	[O:1]=[CX3:2]!@[NX3H0:3][!#1:4]	-0.000396001	25.0866	-	-	-	-	G
C67491179      none	B	[O:1][CX4:2]!@[CX3:3]=[O:4]	119.996	0.923198	-	-	-	-	O
C49064028      none	B	[$(C=O):1][O:2]!@[CH2:3]~[C:4]	119.994	1.25443	-	-	-	-	O
C49064028      none	B	[O:1]=[C:2]!@[O:3]~[C:4]	60.0033	0.00468626	-	-	-	-	R
C49064028      none	B	[C:1][CX4H2:2]!@[CX3:3]=[O:4]	-0.00642046	18.7883	-	-	-	-	G
C49064028      none	B	[!#1:1][CX4H2:2]!@[CX4H2:3][!#1:4]	180	58.554	-	-	-	-	G
C49064028      none	B	[!#1:1][CX4:2]!@[SX4:3][!#1:4]	167.739	7.85263	-	-	-	-	G
C49064028      none	B	[*:1]~[N,n:2]!@[S:3]~[*:4]	59.9979	4.33354	-	-	-	-	G
C49064028      none	B	[$(S(=O)(=O)):1][NH0:2]!@[c:3]([cH1])[cH0:4]	-120.275	0	-	-	-	-	R
C22145235      none	B	[$(C=O):1][NX3H1:2]!@[CX4H1:3][H:4]	59.9976	6.22422	-	-	-	-	G
C22145235      none	B	[O:1]=[CX3:2]!@[NX3H1:3][!#1:4]	0.00796593	63.7893	-	-	-	-	G
C22145235      none	B	[O:1]=[CX3:2]!@[NX3H0:3][!#1:4]	30.31	0.680979	-	-	-	-	O
C22145235      none	B	[O:1]=[C:2]([O-])!@[CX4H1:3][H:4]	-0.00147893	0.495663	-	-	-	-	O
C31156445      none	B	[H:1][CX4H1:2]!@[O:3][CX4:4]	-30.0012	6.07621	-	-	-	-	G
C31156445      none	B	[*^2:1]~[C^2:2]([!H])!@[C^2:3]~[*^2:4]	-119.408	0.661024	-	-	-	-	G
C31156445      none	B	[H:1][CX4H1:2]!@[O:3][CX4:4]	59.9995	4.42842	-	-	-	-	G
C31156445      none	B	[OX2:1][CX4:2]!@[CX4:3][OX2:4]	-59.9646	16.2177	-	-	-	-	G
C63142265      none	B	[!#1:1][CX4:2]!@[SX4:3][!#1:4]	79.9938	3.66316	-	-	-	-	G
C63142265      none	B	[!#1:1][CX4H2:2]!@[CX4H2:3][!#1:4]	180	58.554	-	-	-	-	G
C63142265      none	B	[!#1:1][CX4:2]!@[SX4:3][!#1:4]	-152.256	1.51579	-	-	-	-	O
C63142265      none	B	[*:1][$(S(=O)=O):2]!@[NX3H0r:3][*:4]	90.308	4.85782	-	-	-	-	G
C63142265      none	B	[O:1]=[C:2]([O-])!@[CX4H1:3][H:4]	0.00171293	0.495663	-	-	-	-	O
C09459622      none	B	[a:1][c:2]!@[CX4H0:3][CX4:4]	-149.728	1.42191	-	-	-	-	O
C09459622      none	B	[a:1][c:2]!@[CX4H1:3][N,O:4]	-121.587	3.08052	-	-	-	-	G
C09459622      none	B	[*^2:1]~[C^2:2]([!H])!@[C^2:3]~[*^2:4]	150.009	1.21045	-	-	-	-	G
C09459622      none	B	[$([CX3]=O):1][NX3H0:2](C)!@[CX4H2:3][C:4]	-90.0738	15.9949	-	-	-	-	G
C09459622      none	B	[OX2:1][CX4H2:2]!@[CX4H2:3][Nr:4]	179.998	8.33333	-	-	-	-	G
C09459622      none	B	[C:1][CH2:2]!@[O:3][CX4:4]	179.996	35.2689	-	-	-	-	G
C09459622      none	B	[C:1][CH2:2]!@[O:3][CX4:4]	79.9987	1.71561	-	-	-	-	G
C09459622      none	B	[OX2:1][CX4H2:2]!@[CX4H2:3][OX2:4]	59.9999	8.22123	-	-	-	-	G
C09459622      none	B	[cH1:1][c:2]([cH1])!@[CX3:3]([CX3H0])=[O:4]	-59.7248	0.204918	-	-	-	-	R
C09459622      none	B	[O-:1][N+:2](=O)!@[c:3]([cH,nX2H0])[cH,nX2H0:4]	179.98	23.2156	-	-	-	-	G
C13467086      none	B	[cH0:1][c:2]([cH1])!@[O:3][C:4]	89.9739	0.6255	-	-	-	-	R
C13467086      none	B	[$(C=O):1][NX3:2]!@[$([a]([cH1])):3][$([aH0](!@O)):4]	-149.997	2.68293	-	-	-	-	G
C13467086      none	B	[aH1:1][c:2]([aH1])!@[SX4:3][!#1:4]	69.9964	5.04089	-	-	-	-	G
C13467086      none	B	[*:1][$(S(=O)=O):2]!@[NX3H0r:3][*:4]	90.2717	4.85782	-	-	-	-	G
C13467086      none	B	[O:1]=[CX3:2]!@[NX3H1:3][!#1:4]	-0.00837848	63.7893	-	-	-	-	G
C13467086      none	B	[C:1][CX4:2]!@[CX3:3]=[O:4]	179.183	0.827213	-	-	-	-	G
C13467086      none	B	[O:1]=[C:2]([O-])!@[CX4H1:3][H:4]	89.9986	0.86741	-	-	-	-	O
C13467086      none	B	[C:1][CX4H2:2]!@[OX2:3][c:4]	179.996	43.8829	-	-	-	-	G
C41036220      none	B	[NH1:1][CX4:2]!@[CX3:3]=[O:4]	-119.996	0.275693	-	-	-	-	G
C41036220      none	B	[$(C=O):1][NX3H1:2]!@[CX4H0:3][C:4]	-59.9979	14.7253	-	-	-	-	G
C41036220      none	B	[O:1]=[CX3:2]([$([NX3H1]C)])!@[NX3H1:3][!#1:4]	0.00953944	41.1343	-	-	-	-	G
C41036220      none	B	[O:1]=[CX3:2]([$([NX3H1]C)])!@[NX3H1:3][!#1:4]	-0.0133041	41.1343	-	-	-	-	G
C41036220      none	B	[$(C=O):1][NX3H1:2]!@[CX4H1:3][H:4]	0.00284659	8.26772	-	-	-	-	G
C41036220      none	B	[!#1:1][CX4:2]!@[CX4:3][!#1:4]	108.621	0.0798855	-	-	-	-	R
C37451302      none	B	[!#1:1][CX4:2]!@[CX4:3][!#1:4]	180	22.1548	-	-	-	-	G
C37451302      none	B	[!#1:1][CX4H2:2]!@[CX4H2:3][!#1:4]	180	58.554	-	-	-	-	G
C37451302      none	B	[O:1]=[CX3:2]([NH1])!@[CH2:3][C:4]	60.0018	6.84932	-	-	-	-	G
C37451302      none	B	[O:1]=[CX3:2]!@[NX3H1:3][!#1:4]	-0.00888436	63.7893	-	-	-	-	G
C37451302      none	B	[$(C=O):1][NX3H1:2]!@[CX4H1:3][H:4]	29.9993	9.46757	-	-	-	-	G
C37451302      none	B	[OX2:1][CX4:2]!@[CX4:3][N:4]	39.999	1.66292	-	-	-	-	G
C37451302      none	B	[O:1]=[C:2]([O-])!@[CX4H1:3][H:4]	0.00216673	0.495663	-	-	-	-	O
C36974362      none	B	[C:1][CX4:2]!@[CX3:3]=[O:4]	89.9254	3.65147	-	-	-	-	G
C36974362      none	B	[O:1]=[CX3:2]!@[NX3H0:3][!#1:4]	-149.997	1.37927	-	-	-	-	O
C36974362      none	B	[O:1]=[CX3:2]!@[NX3H0:3][!#1:4]	-179.691	18.2537	-	-	-	-	G
C36974362      none	B	[O:1]=[C:2]([O-])!@[CX4H1:3][H:4]	-0.00056021	0.495663	-	-	-	-	O
C19402719      none	B	[a:1][c:2]!@[C:3]([NH0])=[O:4]	60.0033	3.02778	-	-	-	-	G
C19402719      none	B	[O:1]=[CX3:2](a)!@[NX3H0:3][!#1:4]	-179.679	9.67842	-	-	-	-	G
C19402719      none	B	[O:1]=[C:2]([O-])!@[CX4H1:3][H:4]	90.0005	0.86741	-	-	-	-	O
C49548890      none	B	[NH1:1][CX4:2]!@[CX3:3]=[O:4]	-120	0.275693	-	-	-	-	G
C49548890      none	B	[$(C=O):1][NX3H1:2]!@[CX4H0:3][C:4]	59.9956	13.3187	-	-	-	-	G
C49548890      none	B	[O:1]=[CX3:2]([$([NX3H1]C)])!@[NX3H1:3][!#1:4]	-0.000712751	41.1343	-	-	-	-	G
C49548890      none	B	[O,S:1]=[C:2]([$([NX3H1]),$([NX3H2])])!@[$([NX3]c[nH0]):3][H:4]	-0.0121083	46.0938	-	-	-	-	G
C49548890      none	B	[$(C=O):1][NX3H1:2]!@[c:3](s)[n:4]	0.329652	0.574713	-	-	-	-	R
C36818468      none	B	[O:1]=[C:2]!@[O:3]~[C:4]	0.00992365	74.4927	-	-	-	-	G
C36818468      none	B	[c:1][CX4H2:2]!@[CX3:3]=[O:4]	119.996	1.4245	-	-	-	-	O
C36818468      none	B	[a:1][c:2]!@[CX4H2:3][CX3:4]	150.293	0.645995	-	-	-	-	R
C36818468      none	B	[$(S(=O)(=O)):1][N:2]!@[c:3][a:4]	180	4.19922	-	-	-	-	G
C36818468      none	B	[*:1]~[N,n:2]!@[S:3]~[*:4]	-156.139	2.91955	-	-	-	-	G
C36818468      none	B	[*:1][$(S(=O)=O):2]!@[NX3H0r:3][*:4]	-89.7246	4.88152	-	-	-	-	G
C35426582      none	B	[$([C](=O)):1][NX3:2]!@[a:3](s)[a:4]	-30.0109	0	-	-	-	-	R
C35426582      none	B	[O:1]=[C:2]([O-])!@[c:3][a:4]	0.011927	11.4943	-	-	-	-	G
C35426582      none	B	[O:1]=[CX3:2]!@[NX3H1:3][!#1:4]	0.000147941	63.7893	-	-	-	-	G
C35426582      none	B	[O:1][CX4:2]!@[CX3:3]=[O:4]	-86.6447	0.491063	-	-	-	-	O
C33630069      none	B	[cH1:1][c:2]([cH1])!@[CX4H2:3][CX4:4]	-89.9712	11.9355	-	-	-	-	G
C33630069      none	B	[!#1:1][CX4:2]!@[CX4:3][!#1:4]	64.707	12.3771	-	-	-	-	G
C33630069      none	B	[NH1:1][CX4:2]!@[CX3:3]=[O:4]	-147.709	4.5183	-	-	-	-	G
C33630069      none	B	[a:1][c:2]!@[CX4H1:3][N,O:4]	-155.394	2.96539	-	-	-	-	G
C33460828      none	B	[O:1][CX4:2]!@[CX3:3]=[O:4]	-149.993	3.9285	-	-	-	-	G
C33460828      none	B	[!#1:1][CX4H0:2]!@[OX2:3][!#1:4]	-30.0095	0.144576	-	-	-	-	R
C33460828      none	B	[O:1]=[CX3:2]!@[NX3H0:3][!#1:4]	-149.689	1.37927	-	-	-	-	O
C33460828      none	B	[O:1]=[C:2]([O-])!@[CX4H1:3][H:4]	0.00571982	0.495663	-	-	-	-	O
C33460828      none	B	[a:1][c:2]([a])!@[O:3][CX4H0:4]	-89.9954	9.67742	-	-	-	-	G
C03291075      none	B	[$(S(=O)(=O)):1][NX3H0:2]!@[CX4H2:3][!#1:4]	119.998	5.60345	-	-	-	-	O
C03291075      none	B	[$(S(=O)(=O)):1][NX3H0:2]!@[CX4H2:3][!#1:4]	120.003	5.60345	-	-	-	-	O
C03291075      none	B	[c:1][$(S(=O)=O):2]!@[NX3H0:3][C:4]	59.9969	7.00418	-	-	-	-	G
C03291075      none	B	[aH1:1][c:2]([aH1])!@[SX4:3][!#1:4]	-89.721	12.5987	-	-	-	-	G
C03291075      none	B	[cH1:1][a:2]([cH1])!@[a:3]([sX2,o,nX2H0,nX3H1:4])	-89.6846	0.286081	-	-	-	-	R
C03291075      none	B	[aH0:1][c:2]([aH0])!@[SX2:3][!#1:4]	-90.0046	3.32646	-	-	-	-	G
C03291075      none	B	[!#1:1][CX4:2]!@[SX2:3][!#1:4]	-60.0014	7.13757	-	-	-	-	G
C03291075      none	B	[!#1:1][CX4H2:2]!@[CX3:3]=[O:4]	-59.9974	1.45352	-	-	-	-	G
C03291075      none	B	[O:1]=[CX3:2]!@[NX3H0:3][!#1:4]	150.287	1.73707	-	-	-	-	O
C03291075      none	B	[O:1]=[C:2]([O-])!@[CX4H1:3][H:4]	0.0120888	0.495663	-	-	-	-	O
C62459306      none	B	[cH0:1][c:2]([cH0])!@[O:3][C:4]	89.9934	14.2516	-	-	-	-	G
C62459306      none	B	[cH0:1][c:2]!@[CX4H2:3][CX4:4]	135.002	0.329114	-	-	-	-	R
C62459306      none	B	[!#1:1][CX4H2:2]!@[CX4H2:3][!#1:4]	-60.0015	3.77933	-	-	-	-	G
C62459306      none	B	[!#1:1][CX4H2:2]!@[CX4H2:3][!#1:4]	179.995	58.554	-	-	-	-	G
C62459306      none	B	[O:1]=[CX3:2]([NH1])!@[CH2:3][C:4]	60.0023	6.84932	-	-	-	-	G
C62459306      none	B	[O:1]=[CX3:2]!@[NX3H1:3][!#1:4]	0.00142799	63.7893	-	-	-	-	G
C62459306      none	B	[$(C=O):1][NX3H1:2]!@[CX4H1:3][H:4]	180	0.712411	-	-	-	-	R
C62459306      none	B	[OX2:1][CX4:2]!@[CX4:3][N:4]	60.008	15.2809	-	-	-	-	G
C62459306      none	B	[O:1]=[C:2]([O-])!@[CX4H1:3][H:4]	90.0039	0.86741	-	-	-	-	O
C19422796      none	B	[cH0:1][c:2]!@[CX4H2:3][N,O,S:4]	-90.0005	7.87941	-	-	-	-	G
C19422796      none	B	[cH1:1][c:2]([cH1])!@[C:3]([NH1,NH2])=[O:4]	179.998	3.89499	-	-	-	-	G
C19422796      none	B	[!#1:1][CX4:2]!@[SX4:3][!#1:4]	-154.664	1.51579	-	-	-	-	O
C19422796      none	B	[!#1:1][CX4:2]!@[SX4:3][!#1:4]	-79.9992	3.11579	-	-	-	-	G
C19422796      none	B	[!#1:1][CX4H2:2]!@[CX4H2:3][!#1:4]	59.9992	3.99483	-	-	-	-	G
C19422796      none	B	[C:1][CX4H2:2]!@[CX3:3]=[O:4]	-119.991	0.79457	-	-	-	-	O
C40572400      none	B	[$(C=O):1][NX3H1:2]!@[CX4H1:3][H:4]	59.9975	6.22422	-	-	-	-	G
C40572400      none	B	[O:1]=[CX3:2]!@[NX3H1:3][!#1:4]	0.00380269	63.7893	-	-	-	-	G
C40572400      none	B	[O:1]=[CX3:2]!@[NX3H0:3][!#1:4]	30.324	0.680979	-	-	-	-	O
C40572400      none	B	[O:1]=[C:2]([O-])!@[CX4H1:3][H:4]	0.00128503	0.495663	-	-	-	-	O
C52357196      none	B	[O:1]=[C:2]!@[O:3]~[C:4]	0.012927	74.4927	-	-	-	-	G
C52357196      none	B	[c:1][CX4:2]!@[CX3:3]=[O:4]	-120.011	3.75235	-	-	-	-	G
C52357196      none	B	[cH0:1][c:2]!@[CX4H1:3][CX3:4]	59.9977	4.33255	-	-	-	-	G
C52357196      none	B	[cH0:1][c:2]([cH,nX2H0])!@[NX3H1:3][CX4:4]	179.994	49.7854	-	-	-	-	G
C52357196      none	B	[!#1:1][CX4H2:2]!@[NX3H1:3][!#1:4]	-59.9921	1.39023	-	-	-	-	O
C52357196      none	B	[!#1:1][CX4H2:2]!@[CX4H2:3][!#1:4]	-60.0044	3.77933	-	-	-	-	G
C52357196      none	B	[!#1:1][CX4:2]!@[SX4:3][!#1:4]	87.7425	1.22105	-	-	-	-	O
C50196787      none	B	[OX2:1][CX4:2]!@[CX4:3][N:4]	83.3549	3.55056	-	-	-	-	O
C50196787      none	B	[$(C=O):1][NX3H1:2]!@[CX4H1:3][H:4]	-29.9959	6.97413	-	-	-	-	G
C50196787      none	B	[O:1]=[CX3:2]([$([NX3H1]C)])!@[NX3H1:3][!#1:4]	-0.00874319	41.1343	-	-	-	-	G
C50196787      none	B	[O:1]=[CX3:2]([$([NX3H1]C)])!@[NX3H1:3][!#1:4]	0.010516	41.1343	-	-	-	-	G
C50196787      none	B	[$(C=O):1][NX3H1:2]!@[CX4H0:3][C:4]	180	11.3993	-	-	-	-	G
C50196787      none	B	[!#1:1][CX4:2]!@[CX4:3][!#1:4]	80.003	1.75235	-	-	-	-	G
C50196787      none	B	[!#1:1][CX4H2:2]!@[CX4H2:3][!#1:4]	-60.0012	3.77933	-	-	-	-	G
C50196787      none	B	[C:1][CX4H2:2]!@[CX3:3]=[O:4]	120.012	0.695249	-	-	-	-	R
C49532828      none	B	[a:1][c:2]!@[CX4H1:3][N,O:4]	-59.9994	3.48172	-	-	-	-	G
C49532828      none	B	[$(C=O):1][NX3H1:2]!@[CX4H1:3][H:4]	29.9914	9.46757	-	-	-	-	G
C49532828      none	B	[O:1]=[CX3:2]([$([NX3H1]C)])!@[NX3H1:3][!#1:4]	0.00307086	41.1343	-	-	-	-	G
C49532828      none	B	[O:1]=[CX3:2]([$([NX3H1]C)])!@[NX3H1:3][!#1:4]	180	9.5176	-	-	-	-	R
C49532828      none	B	[$(C=O):1][NX3H1:2]!@[CX4H1:3][H:4]	59.9822	6.22422	-	-	-	-	G
C49532828      none	B	[O:1]=[C:2]([O-])!@[CX4H1:3][H:4]	0.00566875	0.495663	-	-	-	-	O
C49532828      none	B	[!#1:1][CX4:2]!@[CX4:3][!#1:4]	59.9911	12.3771	-	-	-	-	G
C40909419      none	B	[cH1:1][c:2]([cH1])!@[C:3]([NH1,NH2])=[O:4]	153.021	9.05971	-	-	-	-	G
C40909419      none	B	[O:1]=[CX3:2]!@[NX3H1:3][!#1:4]	-0.00810315	63.7893	-	-	-	-	G
C40909419      none	B	[$(C=O):1][NX3H1:2]!@[CX4H0:3][C:4]	-59.9889	14.7253	-	-	-	-	G
C40909419      none	B	[NH1:1][CX4:2]!@[CX3:3]=[O:4]	90.0042	0.183795	-	-	-	-	R
C40429041      none	B	[NH1:1][CX4:2]!@[CX3:3]=[O:4]	120.004	0.41354	-	-	-	-	G
C40429041      none	B	[$(C=O):1][NX3H1:2]!@[CX4H0:3][C:4]	59.9988	13.3187	-	-	-	-	G
C40429041      none	B	[O:1]=[CX3:2]([$([NX3H1]C)])!@[NX3H1:3][!#1:4]	-0.019869	41.1343	-	-	-	-	G
C40429041      none	B	[O:1]=[CX3:2]([$([NX3H1]C)])!@[NX3H1:3][!#1:4]	-179.984	9.5176	-	-	-	-	R
C40429041      none	B	[$([CX3]=O):1][NX3H1:2]!@[CX4H2:3][C:4] 	180	6.46594	-	-	-	-	G
C40429041      none	B	[OX2:1][CX4:2]!@[CX4:3][N:4]	-176.267	9.8427	-	-	-	-	G
C01830534      none	B	[!#1:1][CX4:2]!@[CX4:3][!#1:4]	59.9953	12.3771	-	-	-	-	G
C01830534      none	B	[NH1:1][CX4:2]!@[CX3:3]=[O:4]	-59.9864	1.73074	-	-	-	-	O
C01830534      none	B	[$(C=O):1][NX3H1:2]!@[CX4H1:3][H:4]	0.00516554	8.26772	-	-	-	-	G
C01830534      none	B	[O:1]=[CX3:2]!@[NX3H1:3][!#1:4]	-0.0119814	63.7893	-	-	-	-	G
C01830534      none	B	[$(C=O):1][NX3H1:2]!@[CX4H1:3][H:4]	-29.9944	6.97413	-	-	-	-	G
C01830534      none	B	[!#1:1][CX4:2]!@[CX4:3][!#1:4]	-159.991	1.85018	-	-	-	-	G
C01830534      none	B	[O:1]=[C:2]([O-])!@[CX4H1:3][H:4]	90.0016	0.86741	-	-	-	-	O
C01830534      none	B	[O:1]=[CX3:2]!@[NX3H1:3][!#1:4]	-0.00182948	63.7893	-	-	-	-	G
C01830534      none	B	[O:1][CX4:2]!@[CX3:3]=[O:4]	-179.638	6.67845	-	-	-	-	G
C41040521      none	B	[O-:1][N+:2](=O)!@[c:3]([cH,nX2H0])[cH,nX2H0:4]	179.996	23.2156	-	-	-	-	G
C41040521      none	B	[!#1:1][CH2:2]!@[n:3][cH0:4]	89.963	14.7896	-	-	-	-	G
C41040521      none	B	[O:1]=[C:2]([O-])!@[c:3][a:4]	0.00955223	11.4943	-	-	-	-	G
C41040521      none	B	[a:1][c:2]!@[CX4H2:3][a:4]	90.3179	4.86842	-	-	-	-	G
C03123749      none	B	[*:1]~[cX3:2]!@[NX2:3]~[*:4]	-90.0022	2.13435	-	-	-	-	O
C03123749      none	B	[*:1]~[cX3:2]!@[NX2:3]~[*:4]	-59.9964	1.53044	-	-	-	-	O
C03123749      none	B	[*:1]~[CX3:2]!@[cX3:3]~[*:4]	0.299147	13.8319	-	-	-	-	G
C03123749      none	B	[O-:1][N+:2](=O)!@[c:3][a:4]	-0.00543461	18.5814	-	-	-	-	G
C03123749      none	B	[cH1:1][c:2]([cH0])!@[CX3x0:3]=[NX2:4]	0.2721	6.02623	-	-	-	-	G
C03123749      none	B	[O-:1][N+:2](=O)!@[c:3]([cH,nX2H0])[cH,nX2H0:4]	179.978	23.2156	-	-	-	-	G
C49379534      none	B	[$(C=O):1][NX3H0:2]!@[c:3]([cH1])[cH1:4]	-150.022	1.13754	-	-	-	-	G
C49379534      none	B	[$([CX3]=O):1][NX3H0:2](C)!@[CX4H2:3][C:4]	-149.696	0.0857633	-	-	-	-	R
C49379534      none	B	N[C:2](=[O:1])!@[CH2:3][N:4]	-89.9984	0.14881	-	-	-	-	R
C49379534      none	B	[O:1]=[CX3:2]!@[NX3H1:3][!#1:4]	-0.00411196	63.7893	-	-	-	-	G
C49379534      none	B	[$(C=O):1][NX3H1:2]!@[c:3]([cH1])[cH1:4]	-30.0002	5.05437	-	-	-	-	G
C49379534      none	B	[aH1:1][c:2]([aH1])!@[SX4:3][!#1:4]	-90.0035	12.5987	-	-	-	-	G
C49379534      none	B	[c:1][S:2](=O)(=O)!@[NX2H0-:3]-[*:4]	59.9982	8.33333	-	-	-	-	G
C49379534      none	B	[$(S(=O)(=O)):1][N:2]!@[c:3][a:4]	119.999	2.34375	-	-	-	-	G
C49103372      none	B	[NH1:1][CX4:2]!@[CX3:3]=[O:4]	150.004	9.89432	-	-	-	-	G
C49103372      none	B	[$(C=O):1][NX3H1:2]!@[CX4H1:3][H:4]	30.0109	9.46757	-	-	-	-	G
C49103372      none	B	[O:1]=[CX3:2]!@[NX3H1:3][!#1:4]	0.000452955	63.7893	-	-	-	-	G
C49103372      none	B	[O:1]=[CX3:2]!@[NX3H1:3][!#1:4]	-0.0138352	63.7893	-	-	-	-	G
C49103372      none	B	[O:1]=[CX3:2]!@[NX3H0:3][!#1:4]	150.007	1.73707	-	-	-	-	O
C49103372      none	B	[$([CX3]=O):1][NX3H0:2](C)!@[CX4H2:3][C:4]	-120.009	2.31561	-	-	-	-	O
C49103372      none	B	[$(C=O):1][NX3H0:2]!@[CX4H1:3][H:4]	89.9976	0.168067	-	-	-	-	R
C49103372      none	B	[N:1][CX4:2]!@[CX3:3]=[O:4]	-89.9889	0.479136	-	-	-	-	O
C37895739      none	B	[a:1][c:2]!@[C:3]([NH0])=[O:4]	-89.9967	2.91667	-	-	-	-	G
C37895739      none	B	[O:1]=[CX3:2](a)!@[NX3H0:3][!#1:4]	150.275	2.50464	-	-	-	-	G
C37895739      none	B	[!#1:1][CX4:2]!@[CX4:3][!#1:4]	160	1.81259	-	-	-	-	G
C37895739      none	B	[!#1:1][CX4H2:2]!@[CX4H2:3][!#1:4]	179.999	58.554	-	-	-	-	G
C42870438      none	B	[!#1:1][CX4H2:2]!@[CX4H2:3][!#1:4]	179.996	58.554	-	-	-	-	G
C42870438      none	B	[!#1:1][CX4:2]!@[CX4:3][!#1:4]	159.997	1.81259	-	-	-	-	G
C42870438      none	B	[NH1:1][CX4:2]!@[CX3:3]=[O:4]	-120.004	0.275693	-	-	-	-	G
C42870438      none	B	[$(C=O):1][NX3H1:2]!@[CX4H0:3][C:4]	59.9946	13.3187	-	-	-	-	G
C42870438      none	B	[O:1]=[CX3:2]([$([NX3H1]C)])!@[NX3H1:3][!#1:4]	0.00339649	41.1343	-	-	-	-	G
C42870438      none	B	[O:1]=[CX3:2]([$([NX3H1]C)])!@[NX3H1:3][!#1:4]	179.998	9.5176	-	-	-	-	R
C42870438      none	B	[$([CX3]=O):1][NX3H1:2]!@[CX4H2:3][C:4] 	179.999	6.46594	-	-	-	-	G
C42870438      none	B	[!#1:1][CX4:2]!@[CX4:3][!#1:4]	-80.0043	1.71775	-	-	-	-	G
C35057103      none	B	[O:1]=[C:2]([O-])!@[CX4H1:3][H:4]	90.0066	0.86741	-	-	-	-	O
C35057103      none	B	[H:1][CX4H1:2]!@[O:3][CX4:4]	29.9959	7.15021	-	-	-	-	G
C35057103      none	B	[H:1][CX4H1:2]!@[O:3][CX4:4]	29.9926	7.15021	-	-	-	-	G
C35057103      none	B	[$(C=O):1][NX3H1:2]!@[CX4H1:3][H:4]	29.9984	9.46757	-	-	-	-	G
C35057103      none	B	[H:1][CX4H1:2]!@[OX2:3][!#1:4]	-29.7788	9.1924	-	-	-	-	G
C35057103      none	B	[a:1][c:2]!@[CX4H1:3][N,O:4]	-149.729	3.72593	-	-	-	-	G
C35057103      none	B	[cH1,n:1][c:2]!@[O:3][CRH1:4]	-119.994	0	-	-	-	-	R
C35057103      none	B	[$([cH0]!@[*^2]):1][c:2]([cH1])!@[CX3:3]=[O:4]	59.9976	0.696517	-	-	-	-	O
C35057103      none	B	[O:1]=[CX3:2]!@[NX3H1:3][!#1:4]	0.00270781	63.7893	-	-	-	-	G
C04428593      none	B	[aH1:1][c:2]([aH1])!@[SX4:3][!#1:4]	90.0003	12.916	-	-	-	-	G
C04428593      none	B	[a:1][a:2]!@[NX3:3][!#1:4]	-120.003	1.58818	-	-	-	-	O
C04428593      none	B	[*:1]~[NX3:2]!@[NX2:3]~[*:4]	29.9976	0.812338	-	-	-	-	O
C04428593      none	B	[*:1]~[cX3:2]!@[NX2:3]~[*:4]	-179.732	15.3541	-	-	-	-	G
C04428593      none	B	[aH1:1][c:2]([aH1])!@[SX4:3][!#1:4]	-89.9943	12.5987	-	-	-	-	G
C41758556      none	B	[NH1:1][CX4:2]!@[CX3:3]=[O:4]	120.01	0.41354	-	-	-	-	G
C41758556      none	B	[!#1:1][CX4:2]!@[NX3:3][!#1:4]	179.998	4.35363	-	-	-	-	G
C41758556      none	B	[a:1][c:2]!@[NX3H1:3][$([CX4r]([C;r])([C;r])):4]	89.9955	0	-	-	-	-	R
C39886268      none	B	[a:1][c:2]!@[CX3:3]=[CX3H0:4]	-119.731	3.00312	-	-	-	-	G
CHEMBL375004      none	B	[O:1]=[C:2]([O-])!@[c:3][a:4]	-90.0089	0.862069	-	-	-	-	O
CHEMBL375004      none	B	[cH0:1][c:2]!@[CX4H2:3][a:4]	-45.0164	0.792393	-	-	-	-	R
CHEMBL375004      none	B	[!#1:1][CH2:2]!@[n:3][cH0:4]	135.265	0.318742	-	-	-	-	R
CHEMBL375004      none	B	[!#1:1][CH2:2]!@[n:3][cH0:4]	90.2309	14.7896	-	-	-	-	G
CHEMBL375004      none	B	[!#1:1][CX4:2]!@[CX4:3][!#1:4]	179.995	22.1548	-	-	-	-	G
CHEMBL375004      none	B	[O:1]=[C:2]([O-])!@[CX4H1:3][H:4]	89.9987	0.86741	-	-	-	-	O
C40710793      none	B	[OX2:1][CX4:2]!@[CX4:3][N:4]	-60.0017	14.8764	-	-	-	-	G
C40710793      none	B	[$([CX3]=O):1][NX3H1:2]!@[CX4H2:3][C:4] 	-89.9955	7.35439	-	-	-	-	G
C40710793      none	B	[O:1]=[CX3:2]([$([NX3H1]C)])!@[NX3H1:3][!#1:4]	180	9.5176	-	-	-	-	R
C40710793      none	B	[O:1]=[CX3:2]([$([NX3H1]C)])!@[NX3H1:3][!#1:4]	-0.0002019	41.1343	-	-	-	-	G
C40710793      none	B	[$(C=O):1][NX3H1:2]!@[CX4H1:3][H:4]	-30.0049	6.97413	-	-	-	-	G
C40710793      none	B	[!#1:1][CX4:2]!@[CX4:3][!#1:4]	-159.999	1.85018	-	-	-	-	G
C40710793      none	B	[O:1]=[C:2]([O-])!@[CX4H1:3][H:4]	0.00536901	0.495663	-	-	-	-	O
C40710793      none	B	[!#1:1][CX4H2:2]!@[CX4H2:3][!#1:4]	60.001	3.99483	-	-	-	-	G
C50183913      none	B	[cH0:1][c:2]!@[CX4H2:3][CX4:4]	90.0033	18.5823	-	-	-	-	G
C50183913      none	B	[!#1:1][CX4H2:2]!@[CX4H2:3][!#1:4]	59.9971	3.99483	-	-	-	-	G
C50183913      none	B	[!#1:1][CX4H2:2]!@[CX4H2:3][!#1:4]	59.9988	3.99483	-	-	-	-	G
C50183913      none	B	[$([CX3]=O):1][NX3H1:2]!@[CX4H2:3][C:4] 	60.0042	1.1846	-	-	-	-	G
C50183913      none	B	[O:1]=[CX3:2]!@[NX3H1:3][!#1:4]	-0.008671	63.7893	-	-	-	-	G
C50183913      none	B	[O:1]=[CX3:2]!@[NX3H0:3][!#1:4]	0.318877	25.0866	-	-	-	-	G
C50183913      none	B	[O:1]=[C:2]([O-])!@[CX4H1:3][H:4]	0.00310728	0.495663	-	-	-	-	O
C40537408      none	B	[!#1:1][CX4:2]!@[CX4:3][!#1:4]	60.0031	12.3771	-	-	-	-	G
C40537408      none	B	[!#1:1][CX4H2:2]!@[CX4H2:3][!#1:4]	59.9971	3.99483	-	-	-	-	G
C40537408      none	B	[$([CX3]=O):1][NX3H1:2]!@[CX4H2:3][C:4] 	60	1.1846	-	-	-	-	G
C40537408      none	B	[O:1]=[CX3:2]!@[NX3H1:3][!#1:4]	-0.00323471	63.7893	-	-	-	-	G
C40537408      none	B	[O:1]=[CX3:2]!@[NX3H0:3][!#1:4]	-29.6915	0.692521	-	-	-	-	O
C40537408      none	B	[O:1]=[C:2]([O-])!@[CX4H1:3][H:4]	-0.00013016	0.495663	-	-	-	-	O
C50535046      none	B	[cH1:1][a:2]([cH1])!@[a:3]([sX2,o,nX2H0,nX3H1:4])	-19.7252	3.43881	-	-	-	-	G
C50535046      none	B	[$(S(=O)(=O)):1][NH0:2]!@[c:3]([cH1])[cH1:4]	29.9742	0.413223	-	-	-	-	R
C50535046      none	B	[c:1][S:2](=O)(=O)!@[NX2H0-:3]-[*:4]	60.0063	8.33333	-	-	-	-	G
C50535046      none	B	[aH1:1][c:2]([aH1])!@[SX4:3][!#1:4]	-89.74	12.5987	-	-	-	-	G
C01841190      none	B	[aH1:1][c:2]([aH1])!@[SX4:3][!#1:4]	90.004	12.916	-	-	-	-	G
C01841190      none	B	[!#1:1][CX4:2]!@[SX4:3][!#1:4]	-89.9983	1.03158	-	-	-	-	O
C01841190      none	B	[!#1:1][CX4H2:2]!@[CX4H2:3][!#1:4]	-60.0037	3.77933	-	-	-	-	G
C01841190      none	B	[C:1][CX4H2:2]!@[OX2:3][!#1:4]	179.998	29.7764	-	-	-	-	G
C01841190      none	B	[*:1]~[OX2:2]!@[SX4:3]~[*:4]	60.0055	3.04735	-	-	-	-	G
C62843028      none	B	[C:1][CX4:2]!@[CX3:3]=[O:4]	89.9951	3.65147	-	-	-	-	G
C62843028      none	B	[O:1]=[CX3:2](a)!@[NX3H0:3][!#1:4]	-30.0077	1.17502	-	-	-	-	O
C62843028      none	B	[a:1][c:2]!@[C:3]([NH0])=[O:4]	-59.7145	3.63889	-	-	-	-	G
C25722745      none	B	[O:1]=[C:2]([O-])!@[CX4H1:3][H:4]	90.0116	0.86741	-	-	-	-	O
C25722745      none	B	[!#1:1][CX4H1:2]!@[NX3:3][!#1:4]	-149.997	2.59662	-	-	-	-	G
C25722745      none	B	[a:1][a:2]!@[NX3:3][!#1:4]	-30.0035	1.93298	-	-	-	-	O
C61709442      none	B	[O:1]=[CX3:2]!@[NX3H0:3][!#1:4]	-0.00561964	25.0866	-	-	-	-	G
C61709442      none	B	[C:1][CX4:2]!@[CX3:3]=[O:4]	-59.5741	2.40592	-	-	-	-	G
C61709442      none	B	[O:1]=[C:2]([O-])!@[CX4H1:3][H:4]	90.0079	0.86741	-	-	-	-	O
C62273299      none	B	[O:1]=[CX3:2]!@[NX3H0:3][!#1:4]	30.0054	0.680979	-	-	-	-	O
C62273299      none	B	[!#1:1][CX4H2:2]!@[CX3:3]=[O:4]	-120	0.59462	-	-	-	-	G
C62273299      none	B	[!#1:1][CH2:2]!@[n:3][cH0:4]	-134.681	0.892478	-	-	-	-	R
C62273299      none	B	[cH0:1][c:2]!@[CX4H1:3][CX4:4]	32.3729	0.0809171	-	-	-	-	R
C62273299      none	B	[O:1]=[C:2]([O-])!@[c:3][nX2H0:4]	-90.0209	0	-	-	-	-	G
C39667837      none	B	[aH0:1][c:2]([aH0])!@[SX2:3][!#1:4]	-29.995	0.51573	-	-	-	-	O
C39667837      none	B	[O:1]=[C:2]([O-])!@[c:3]([cH0])[cH0:4]	-89.7416	0	-	-	-	-	G
C39667837      none	B	[!#1:1][CX4:2]!@[SX2:3][!#1:4]	149.995	1.40678	-	-	-	-	G
C39667837      none	B	[!#1:1][CX4H2:2]!@[CX3:3]=[O:4]	60.0068	1.20812	-	-	-	-	G
C39667837      none	B	[*^2:1]~[C^2:2]([!H])!@[C^2:3]~[*^2:4]	-90.0129	1.27397	-	-	-	-	G
C19507147      none	B	[OX2:1][CX4:2]!@[CX4:3][N:4]	-39.9991	1.41573	-	-	-	-	G
C19507147      none	B	[O:1]=[C:2]([O-])!@[CX4H1:3][H:4]	89.9943	0.86741	-	-	-	-	O
C19507147      none	B	[$(C=O):1][NX3H1:2]!@[CX4H1:3][H:4]	180	0.712411	-	-	-	-	R
C19507147      none	B	[O:1]=[CX3:2]!@[NX3H1:3][!#1:4]	0.0048318	63.7893	-	-	-	-	G
C19507147      none	B	[cH1:1][c:2]([cH1])!@[C:3]([NH1,NH2])=[O:4]	-153.002	8.78518	-	-	-	-	G
C39702064      none	B	[!#1:1][CX3:2]!@[SX2:3][!#1:4]	150.001	0.64006	-	-	-	-	R
C39702064      none	B	[!#1:1][CX4:2]!@[SX2:3][!#1:4]	79.9984	6.41197	-	-	-	-	G
C39702064      none	B	[!#1:1][CX4H2:2]!@[CX3:3]=[O:4]	-120.003	0.59462	-	-	-	-	G
C20218008      none	B	[$(C=O):1][NX3H1:2]!@[CX4H1:3][H:4]	-60.0039	1.23735	-	-	-	-	G
C20218008      none	B	[O:1]=[CX3:2]([$([NX3H1]C)])!@[NX3H1:3][!#1:4]	0.00100532	41.1343	-	-	-	-	G
C20218008      none	B	[O:1]=[C:2]([NH1])!@[NX3H1:3](C=O)[H:4]	-0.00587332	58.9474	-	-	-	-	G
C20218008      none	B	[O:1]=[C:2]!@[NX3H1:3](C=O)[H:4]	179.997	35.6725	-	-	-	-	G
C20218008      none	B	[*^2:1]~[C^2:2]([!H])!@[C^2:3]~[*^2:4]	180	19.9269	-	-	-	-	G
C20218008      none	B	[*^2:1]~[C^2:2]([!H])!@[C^2:3]~[*^2:4]	0.0143624	20.0453	-	-	-	-	G
C44750041      none	B	[$(C=O):1][NX3H1:2]!@[c:3]([cH1])[cH1:4]	149.989	5.05437	-	-	-	-	G
C44750041      none	B	[O:1]=[C:2]([O-])!@[c:3]([cH1])[cH0:4]	0.000244245	8.88889	-	-	-	-	G
C44750041      none	B	[O:1]=[CX3:2]!@[NX3H1:3][!#1:4]	0.00716288	63.7893	-	-	-	-	G
C44750041      none	B	[O:1]=[CX3:2]([NH1])!@[CH2:3][C:4]	-30.003	4.73225	-	-	-	-	G
C44750041      none	B	[!#1:1][CX4H2:2]!@[CX4H2:3][!#1:4]	180	58.554	-	-	-	-	G
C44750041      none	B	[$([CX3]=O):1][NX3H1:2]!@[CX4H2:3][C:4] 	-90.0001	7.35439	-	-	-	-	G
C44750041      none	B	[O:1]=[CX3:2]!@[NX3H1:3][!#1:4]	0.00249995	63.7893	-	-	-	-	G
C55168821      none	B	[$([CX3]=O):1][NX3H0:2](C)!@[CX4H2:3][C:4]	90.0029	14.7513	-	-	-	-	G
C55168821      none	B	[O:1]=[CX3:2](a)!@[NX3H0:3][!#1:4]	0.0013142	23.6549	-	-	-	-	G
C55168821      none	B	[!#1:1][CX4H2:2]!@[CX4H2:3][!#1:4]	180	58.554	-	-	-	-	G
C55168821      none	B	[!#1:1][CX4H2:2]!@[CX4H2:3][!#1:4]	-60.0034	3.77933	-	-	-	-	G
C55168821      none	B	[C:1][CX4H2:2]!@[CX3:3]=[O:4]	-119.993	0.79457	-	-	-	-	O
C55168821      none	B	[a:1][c:2]!@[C:3]([NH0])=[O:4]	-29.6834	2.55556	-	-	-	-	G
C05612056      none	B	[C:1][CX4:2]!@[NX3:3][C:4]	59.9988	6.16204	-	-	-	-	G
C05612056      none	B	[!#1:1][CX3:2](=S)!@[NX3H1:3][!#1:4]	180	37.0618	-	-	-	-	G
C05612056      none	B	[!#1:1][CX3:2](=S)!@[NX3H1:3][!#1:4]	-0.00755861	27.5459	-	-	-	-	G
C05612056      none	B	[a:1][a:2]!@[NX3:3][!#1:4]	90.2801	1.62893	-	-	-	-	O
C05612056      none	B	[aH0:1][c:2]([aH1])!@[SX4:3][!#1:4]	69.1535	11.3606	-	-	-	-	G
C20556604      none	B	[$(S(=O)(=O)):1][N:2]!@[c:3][a:4]	149.995	2.09961	-	-	-	-	G
C20556604      none	B	[c:1][S:2](=O)(=O)!@[NX2H0-:3]-[*:4]	-59.9998	11.1111	-	-	-	-	G
C20556604      none	B	[aH0:1][c:2]([aH1])!@[SX4:3][!#1:4]	-70.2763	15.3236	-	-	-	-	G
C37689562      none	B	[O:1]=[C:2]([O-])!@[c:3]([cH0])[cH0:4]	-90.0188	0	-	-	-	-	G
C37689562      none	B	[aH0:1][c:2]([aH0])!@[SX2:3][!#1:4]	60.0034	2.01135	-	-	-	-	G
C37689562      none	B	[!#1:1][CX4:2]!@[SX2:3][!#1:4]	155.313	2.91722	-	-	-	-	G
C49753123      none	B	[a:1][c:2]!@[C:3]([NH1,NH2])=[O:4]	150.002	5.34677	-	-	-	-	O
C49753123      none	B	[O:1]=[CX3:2]!@[NX3H1:3][!#1:4]	-0.00723887	63.7893	-	-	-	-	G
C49753123      none	B	[$(C=O):1][NX3H1:2]!@[CX4H1:3][H:4]	-29.9937	6.97413	-	-	-	-	G
C49753123      none	B	[OX2:1][CX4:2]!@[CX4:3][N:4]	180	9.8427	-	-	-	-	G
C49753123      none	B	[O:1]=[C:2]([O-])!@[CX4H1:3][H:4]	0.00225081	0.495663	-	-	-	-	O
C33804066      none	B	[C:1][CX4H2:2]!@[OX2:3][c:4]	149.995	0.884397	-	-	-	-	O
C33804066      none	B	[cH1:1][c:2]([cH1])!@[O:3][C:4]	30.2818	0.264964	-	-	-	-	R
C33804066      none	B	[cH1:1][c:2]([cH1])!@[CX3:3]([CX3H0])=[O:4]	59.9997	0.204918	-	-	-	-	R
C33804066      none	B	[*^2:1]~[C^2:2]([!H])!@[C^2:3]~[*^2:4]	-119.689	0.661024	-	-	-	-	G
C33804066      none	B	[$(C=O):1][NX3H0:2]!@[c:3]([s,o])[n:4]	-179.676	52.6316	-	-	-	-	G
C33804066      none	B	[a:1][c:2]!@[CX4H1:3][N,O:4]	-56.6738	3.48172	-	-	-	-	G
C33804066      none	B	[cH1:1][c:2]([cH1])!@[O:3][C:4]	0.00050535	26.3009	-	-	-	-	G
C33804066      none	B	[C:1][CX4H2:2]!@[OX2:3][c:4]	180	43.8829	-	-	-	-	G
C27833009      none	B	[$(C=O):1][NX3:2]!@[a:3][nH:4]	-0.00743939	44.9275	-	-	-	-	G
C27833009      none	B	[O:1]=[C:2]!@[$([NX3](c([nH1])n)):3][H:4]	180	53.1915	-	-	-	-	G
C27833009      none	B	[*^2:1]~[C^2:2]([!H])!@[C^2:3]~[*^2:4]	-59.9918	0.757173	-	-	-	-	O
C27833009      none	B	[*^2:1]~[C^2:2]([!H])!@[C^2:3]~[*^2:4]	-0.0154979	20.0453	-	-	-	-	G
C20255029      none	B	[aH0:1][c:2]([aH1])!@[SX4:3][!#1:4]	-109.718	1.0568	-	-	-	-	O
C20255029      none	B	[c:1][$(S(=O)=O):2]!@[NX3H1:3][C:4]	90.004	2.64026	-	-	-	-	G
C20255029      none	B	[$(S(=O)(=O)):1][NX3H1:2]!@[CX4H1:3][H:4]	0.000445188	7.36648	-	-	-	-	G
C20255029      none	B	[OX2:1][CX4:2]!@[CX4:3][N:4]	-160.001	1.21348	-	-	-	-	O
C20255029      none	B	[O:1]=[C:2]([O-])!@[CX4H1:3][H:4]	90.0054	0.86741	-	-	-	-	O
C40475527      none	B	[cH1:1][c:2](cO)!@[O:3][C:4]	-89.7248	0.35524	-	-	-	-	R
C40475527      none	B	[a:1][c:2]!@[CX4H1:3][a:4]	-145.928	2.31954	-	-	-	-	G
C40475527      none	B	[$(C=O):1][NX3H0:2]!@[c:3]([cH1])[cH1:4]	-0.000171882	1.75801	-	-	-	-	G
C40475527      none	B	[O-:1][N+:2](=O)!@[c:3]([cH,nX2H0])[cH,nX2H0:4]	179.988	23.2156	-	-	-	-	G
C61121315      none	B	[O:1]=[C:2]([O-])!@[CX4H1:3][H:4]	90.0006	0.86741	-	-	-	-	O
C61121315      none	B	[$(C=O):1][NX3H1:2]!@[CX4H1:3][H:4]	-30.0045	6.97413	-	-	-	-	G
C61121315      none	B	[O:1]=[CX3:2]([$([NX3H1]C)])!@[NX3H1:3][!#1:4]	-0.00581574	41.1343	-	-	-	-	G
C61121315      none	B	[O:1]=[CX3:2]([$([NX3H1]C)])!@[NX3H1:3][!#1:4]	180	9.5176	-	-	-	-	R
C61121315      none	B	[$(C=O):1][NX3H1:2]!@[c:3]([cH0]F)[cH:4]	-89.7274	0	-	-	-	-	R
CHEMBL220509      none	B	[!#1:1][CH2:2]!@[n:3][cH0:4]	-90.0151	15.4696	-	-	-	-	G
CHEMBL220509      none	B	[!#1:1][CH2:2]!@[n:3][cH0:4]	89.9912	14.7896	-	-	-	-	G
CHEMBL220509      none	B	[cH0:1][c:2]!@[CX4H2:3][a:4]	0.0104845	0.0792393	-	-	-	-	R
CHEMBL220509      none	B	[O:1]=[C:2]([O-])!@[c:3][a:4]	90.0115	0.862069	-	-	-	-	O
CHEMBL220509      none	B	[!#1:1][CX4:2]!@[CX4:3][!#1:4]	-159.998	1.85018	-	-	-	-	G
CHEMBL220509      none	B	[O:1]=[C:2]([O-])!@[CX4H1:3][H:4]	89.9985	0.86741	-	-	-	-	O
C61685137      none	B	[aH0:1][c:2]([aH1])!@[SX4:3][!#1:4]	-69.9796	15.3236	-	-	-	-	G
C61685137      none	B	[c:1][S:2](=O)(=O)!@[NX2H0-:3]-[*:4]	-90.0007	2.77778	-	-	-	-	G
C61685137      none	B	[$(S(=O)(=O)):1][N:2]!@[c:3][a:4]	90.0149	4.78516	-	-	-	-	G
C33519945      none	B	[$([c]([NH1,NH2])):1][c:2]!@[CX3:3]([!O])=[O:4]	-30.0277	6.35359	-	-	-	-	O
C33519945      none	B	[$([C](=O)):1][NX3:2]!@[a:3](s)[a:4]	-150.001	0	-	-	-	-	R
C33519945      none	B	[O:1]=[CX3:2]!@[NX3H1:3][!#1:4]	1.32883e-05	63.7893	-	-	-	-	G
C33519945      none	B	[C:1][CX4:2]!@[CX3:3]=[O:4]	30.0024	3.28614	-	-	-	-	G
C33519945      none	B	[O:1]=[CX3:2]!@[NX3H1:3][!#1:4]	-0.00148567	63.7893	-	-	-	-	G
C33519945      none	B	[$(C=O):1][NX3H1:2]!@[CX4H1:3][H:4]	-0.00169001	8.26772	-	-	-	-	G
C33519945      none	B	[!#1:1][CX4:2]!@[CX4:3][!#1:4]	179.999	22.1548	-	-	-	-	G
C33519945      none	B	[O:1]=[C:2]([O-])!@[CX4H1:3][H:4]	0.00523821	0.495663	-	-	-	-	O
C37419478      none	B	[O:1]=[CX3:2]!@[NX3H1:3][!#1:4]	-0.012426	63.7893	-	-	-	-	G
C37419478      none	B	[$([C](=O)):1][NX3:2]!@[a:3](s)[a:4]	-179.684	61.7021	-	-	-	-	G
C37419478      none	B	[s:1][c:2]!@[C:3]([NH1])=[O:4]	120.274	0	-	-	-	-	R
C37419478      none	B	[O:1]=[CX3:2]!@[NX3H1:3][!#1:4]	-0.00318394	63.7893	-	-	-	-	G
C37419478      none	B	[$(C=O):1][NX3H1:2]!@[CX4H0:3][C:4]	-66.2965	8.17582	-	-	-	-	G
C37419478      none	B	[NH1:1][CX4:2]!@[CX3:3]=[O:4]	-0.00449661	6.89233	-	-	-	-	G
C54294499      none	B	[!#1:1][CX4:2]!@[CX4:3][!#1:4]	79.9959	1.75235	-	-	-	-	G
C54294499      none	B	[O:1]=[CX3:2]!@[NX3H0:3][!#1:4]	180	18.2537	-	-	-	-	G
C54294499      none	B	[*^2:1]~[C^2:2]([!H])!@[C^2:3]~[*^2:4]	60.2642	0.650722	-	-	-	-	O
C54294499      none	B	[C:1][CX4H2:2]!@[CX3:3]=[O:4]	119.999	0.695249	-	-	-	-	O
C55272805      none	B	[!#1:1][CX4:2]!@[CX4:3][!#1:4]	80.0087	1.75235	-	-	-	-	G
C55272805      none	B	[O:1]=[C:2]([O-])!@[CX4H1:3][H:4]	89.9926	0.86741	-	-	-	-	O
C55272805      none	B	[$(C=O):1][NX3H1:2]!@[CX4H1:3][H:4]	-0.00137736	8.26772	-	-	-	-	G
C55272805      none	B	[O:1]=[CX3:2]!@[NX3H1:3][!#1:4]	0.00978167	63.7893	-	-	-	-	G
C55272805      none	B	[c:1][CX4H2:2]!@[CX3:3]=[O:4]	119.994	1.4245	-	-	-	-	O
C55272805      none	B	[a:1][c:2]!@[CX4H2:3][CX3:4]	-89.7218	7.62274	-	-	-	-	G
C50699853      none	B	[a:1][c:2]!@[C:3]([NH0])=[O:4]	149.998	1.44444	-	-	-	-	G
C50699853      none	B	[O:1]=[CX3:2](a)!@[NX3H0:3][!#1:4]	150.288	2.50464	-	-	-	-	G
C40700106      none	B	[O:1]=[CX3:2]!@[NX3H0:3][!#1:4]	-149.997	1.37927	-	-	-	-	O
C40700106      none	B	[O:1]=[CX3:2]!@[NX3H1:3][!#1:4]	0.00158588	63.7893	-	-	-	-	G
C40700106      none	B	[$(C=O):1][NX3H1:2]!@[CX4H1:3][H:4]	-30.0024	6.97413	-	-	-	-	G
C40700106      none	B	[!#1:1][CX4:2]!@[CX4:3][!#1:4]	-160.003	1.85018	-	-	-	-	G
C40700106      none	B	[O:1]=[C:2]([O-])!@[CX4H1:3][H:4]	0.00362521	0.495663	-	-	-	-	O
C40700106      none	B	[!#1:1][CX4H2:2]!@[CX4H2:3][!#1:4]	60.0029	3.99483	-	-	-	-	G
C35409617      none	B	[!#1:1][CX4:2]!@[CX4:3][!#1:4]	-59.9983	12.2558	-	-	-	-	G
C35409617      none	B	[O:1]=[C:2]([O-])!@[CX4H1:3][H:4]	89.997	0.86741	-	-	-	-	O
C35409617      none	B	[$(C=O):1][NX3H1:2]!@[CX4H1:3][H:4]	-29.994	6.97413	-	-	-	-	G
C35409617      none	B	[O:1]=[CX3:2]!@[NX3H1:3][!#1:4]	-0.00414277	63.7893	-	-	-	-	G
C35409617      none	B	[a:1][c:2]!@[C:3]([NH1,NH2])=[O:4]	-59.6876	0.499274	-	-	-	-	G
C35409617      none	B	[aH1:1][c:2]([aH1])!@[SX4:3][!#1:4]	179.997	0.148054	-	-	-	-	R
C48994535      none	B	[a:1][a:2]!@[CX3:3]=[O:4]	119.996	0.855256	-	-	-	-	O
C48994535      none	B	[O-:1][N+:2](=O)!@[c:3]([cH0])[cH,nX2H0:4]	89.992	0.274725	-	-	-	-	O
C48994535      none	B	[*^2:1]~[C^2:2]([!H])!@[C^2:3]~[*^2:4]	-89.9942	1.27397	-	-	-	-	G
C48994535      none	B	[*:1]~[CX3:2]!@[NX3:3]~[*:4]	30.3117	0.533408	-	-	-	-	G
C40576198      none	B	[OX2:1][CX4:2]!@[CX4:3][N:4]	41.1953	1.66292	-	-	-	-	G
C40576198      none	B	[$(C=O):1][NX3H1:2]!@[CX4H1:3][H:4]	-29.9974	6.97413	-	-	-	-	G
C40576198      none	B	[O:1]=[CX3:2]([$([NX3H1]C)])!@[NX3H1:3][!#1:4]	-0.00171715	41.1343	-	-	-	-	G
C40576198      none	B	[O:1]=[CX3:2]([$([NX3H1]C)])!@[NX3H1:3][!#1:4]	-0.00766495	41.1343	-	-	-	-	G
C40576198      none	B	[$(C=O):1][NX3H1:2]!@[CX4H0:3][C:4]	180	11.3993	-	-	-	-	G
C40576198      none	B	[NH1:1][CX4:2]!@[CX3:3]=[O:4]	90.0037	0.183795	-	-	-	-	R
C61713086      none	B	[O:1]=[CX3:2]!@[NX3H0:3][!#1:4]	-0.0060262	25.0866	-	-	-	-	G
C61713086      none	B	[O:1]=[CX3:2]!@[NX3H0:3][!#1:4]	-149.688	1.37927	-	-	-	-	O
C61713086      none	B	[O:1]=[C:2]([O-])!@[CX4H1:3][H:4]	0.000560579	0.495663	-	-	-	-	O
C39559810      none	B	[cH0:1][c:2]([cH0])!@[CX3:3]=[O:4]	120.278	2.5153	-	-	-	-	O
C39559810      none	B	[$([cH0]([CX3])):1][c:2]([cH1])!@[O:3][C:4]	-90.0026	1.38889	-	-	-	-	R
C39559810      none	B	[cH0:1][c:2]([cH0])!@[O:3][C:4]	-59.9978	1.80691	-	-	-	-	G
C39559810      none	B	[$(C=O):1][NX3H1:2]!@[CX4H1:3][H:4]	30.0068	9.46757	-	-	-	-	G
C39559810      none	B	[H:1][CX4H1:2]!@[OX2:3][!#1:4]	-57.6234	2.37856	-	-	-	-	G
C39559810      none	B	[*:1]~[OX2:2]!@[SX4:3]~[*:4]	40.0037	4.66479	-	-	-	-	G
C39559810      none	B	[O:1]=[CX3:2]!@[NX3H1:3][!#1:4]	-0.00517909	63.7893	-	-	-	-	G
C44384629      none	B	[$([CX3]=O):1][NX3H0:2](C)!@[CX4H2:3][C:4]	89.9998	14.7513	-	-	-	-	G
C44384629      none	B	[$([CX3]=O):1][NX3H0:2](C)!@[CX4H2:3][C:4]	90.0009	14.7513	-	-	-	-	G
C44384629      none	B	[O:1]=[CX3:2]!@[NX3H0:3][!#1:4]	0.000154044	25.0866	-	-	-	-	G
C44384629      none	B	N[C:2](=[O:1])!@[CH2:3][N:4]	-89.9978	0.14881	-	-	-	-	R
C44384629      none	B	[C:1][CX4H2:2]!@[NX3:3][C:4]	-0.015743	0.00637024	-	-	-	-	R
C44384629      none	B	[cH1:1][c:2]([cH1])!@[NX3:3][CX4:4]	160.251	2.99518	-	-	-	-	G
C44384629      none	B	[O:1]=[C:2]([O-])!@[c:3]([cH1])[$([cH0][NH1,NH2]):4]	89.9937	0	-	-	-	-	R
C59443297      none	B	[!#1:1][CX4:2]!@[CX4:3][!#1:4]	179.996	22.1548	-	-	-	-	G
C59443297      none	B	[O:1]=[C:2]([O-])!@[CX4H1:3][H:4]	0.00312861	0.495663	-	-	-	-	O
C59443297      none	B	[$(C=O):1][NX3H1:2]!@[CX4H1:3][H:4]	-60.002	1.23735	-	-	-	-	G
C59443297      none	B	[O:1]=[CX3:2]!@[NX3H1:3][!#1:4]	-0.0020855	63.7893	-	-	-	-	G
C59443297      none	B	[c:1][CX4H2:2]!@[CX3:3]=[O:4]	90.0036	2.13675	-	-	-	-	G
C59443297      none	B	[a:1][c:2]!@[CX4H2:3][CX3:4]	-89.7292	7.62274	-	-	-	-	G
C59443297      none	B	[$(C=O):1][NX3H0:2]!@[c:3]([s,o])[n:4]	0.571273	0	-	-	-	-	G
C40565998      none	B	[OX2:1][CX4:2]!@[CX4:3][N:4]	179.999	9.8427	-	-	-	-	G
C40565998      none	B	[O:1]=[C:2]([O-])!@[CX4H1:3][H:4]	-0.00237121	0.495663	-	-	-	-	O
C40565998      none	B	[$(C=O):1][NX3H1:2]!@[CX4H1:3][H:4]	0.00656512	8.26772	-	-	-	-	G
C40565998      none	B	[O:1]=[CX3:2]!@[NX3H1:3][!#1:4]	-0.0031449	63.7893	-	-	-	-	G
C40565998      none	B	[O:1]=[CX3:2]!@[NX3H0:3][!#1:4]	-30.0017	0.692521	-	-	-	-	O
C40565998      none	B	[$(C=O):1][NX3H0:2]!@[CX4H1:3][H:4]	-0.00338699	15.8824	-	-	-	-	G
C25501547      none	B	[$(S(=O)(=O)):1][NH1:2]!@[c:3]([cH1])[cH1:4]	119.973	4.02542	-	-	-	-	O
C25501547      none	B	[O:1]=[C:2]([O-])!@[c:3]([cH1])[cH1:4]	-179.976	7.35294	-	-	-	-	G
C25501547      none	B	[c:1][$(S(=O)=O):2]!@[NX3H1:3][c:4]	-60.0009	22.2603	-	-	-	-	G
C25501547      none	B	[aH1:1][c:2]([aH1])!@[SX4:3][!#1:4]	-89.7272	12.5987	-	-	-	-	G
C25501547      none	B	[$(C=O):1][NX3H0:2]!@[c:3]([cH1])[cH1:4]	-30.0171	1.1203	-	-	-	-	G
C25501547      none	B	[O:1]=[C:2]([O-])!@[CX4H1:3][H:4]	-0.000419593	0.495663	-	-	-	-	O
C66476442      none	B	[O:1]=[C:2]!@[NX3H0:3]([a:4])[A]	-29.9843	0.827016	-	-	-	-	G
C66476442      none	B	[a:1][c:2]!@[C:3]([NH0])=[O:4]	-89.7094	2.91667	-	-	-	-	G
C40577499      none	B	[H:1][CX4H1:2]!@[O:3][CX4:4]	59.996	4.42842	-	-	-	-	G
C40577499      none	B	[O:1]=[C:2]([O-])!@[CX4H1:3][H:4]	-0.00370159	0.495663	-	-	-	-	O
C40577499      none	B	[O:1]=[CX3:2]!@[NX3H0:3][!#1:4]	180	18.2537	-	-	-	-	G
C40577499      none	B	[O:1]=[CX3:2]!@[NX3H1:3][!#1:4]	29.9933	0.0707142	-	-	-	-	O
C40577499      none	B	[$(C=O):1][NX3H1:2]!@[c:3]([cH1])[cH1:4]	-0.00276093	7.77286	-	-	-	-	G
C44882209      none	B	[$(C=O):1][NX3H1:2]!@[CX4H0:3][C:4]	-60.0008	14.7253	-	-	-	-	G
C44882209      none	B	[O:1]=[CX3:2]([$([NX3H1]C)])!@[NX3H1:3][!#1:4]	-0.00977595	41.1343	-	-	-	-	G
C44882209      none	B	[O:1]=[CX3:2]([$([NX3H1]C)])!@[NX3H1:3][!#1:4]	0.0176898	41.1343	-	-	-	-	G
C44882209      none	B	[$(C=O):1][NX3H1:2]!@[CX4H1:3][H:4]	29.9919	9.46757	-	-	-	-	G
C44882209      none	B	[!#1:1][CX4:2]!@[CX4:3][!#1:4]	180	22.1548	-	-	-	-	G
C44882209      none	B	[O:1]=[C:2]([O-])!@[CX4H1:3][H:4]	-0.00380593	0.495663	-	-	-	-	O
C44882209      none	B	[!#1:1][CX4H2:2]!@[CX4H2:3][!#1:4]	-60.0014	3.77933	-	-	-	-	G
C22011359      none	B	[!#1:1][CX4:2]!@[CX4:3][!#1:4]	-159.999	1.85018	-	-	-	-	G
C22011359      none	B	[C:1][CX4:2]!@[CX3:3]=[O:4]	0.00111621	5.61823	-	-	-	-	G
C22011359      none	B	[!#1:1][CX4H2:2]!@[CX4H2:3][!#1:4]	180	58.554	-	-	-	-	G
C40603613      none	B	[$([CX3]=O):1][NX3H0:2](C)!@[CX4H2:3][C:4]	-89.9952	15.9949	-	-	-	-	G
C40603613      none	B	[$([CX3]=O):1][NX3H0:2](C)!@[CX4H2:3][C:4]	89.9982	14.7513	-	-	-	-	G
C40603613      none	B	[O:1]=[CX3:2]!@[NX3H0:3][!#1:4]	150	1.73707	-	-	-	-	O
C40603613      none	B	[OX2:1][CX4H2:2]!@[CX4H2:3][N:4]	179.997	8.36763	-	-	-	-	G
C40603613      none	B	[O:1]=[CX3:2]!@[NX3H1:3][!#1:4]	119.998	0.00505102	-	-	-	-	R
C40603613      none	B	[$(C=O):1][NX3H1:2]!@[c:3]([cH0]F)[cH:4]	-29.7219	8.77193	-	-	-	-	G
C40603613      none	B	[O:1]=[C:2]([O-])!@[c:3]([cH1])[cH1:4]	179.97	7.35294	-	-	-	-	G
C55100102      none	B	[cH0:1][c:2]([cH,nX2H0])!@[NX3H1:3][CX4:4]	179.983	49.7854	-	-	-	-	G
C55100102      none	B	[$([c]([NH1,NH2])):1][c:2]!@[CX3:3]([!O])=[O:4]	120.004	0	-	-	-	-	R
C55100102      none	B	[O:1]=[CX3:2]!@[NX3H1:3][!#1:4]	0.000972694	63.7893	-	-	-	-	G
C55100102      none	B	[$([CX3]=O):1][NX3H1:2]!@[CX4H2:3][C:4] 	-120.003	2.61599	-	-	-	-	O
C55100102      none	B	[!#1:1][CX4H2:2]!@[CX4H2:3][!#1:4]	-59.9926	3.77933	-	-	-	-	G
C55100102      none	B	[!#1:1][CX4:2]!@[CX4:3][!#1:4]	-62.7951	12.2558	-	-	-	-	G
C55100102      none	B	[!#1:1][CX4H2:2]!@[NX3H1:3][!#1:4]	179.998	11.3535	-	-	-	-	G
C55100102      none	B	[NH1:1][CX4:2]!@[CX3:3]=[O:4]	-120.003	0.275693	-	-	-	-	G
C00311918      none	B	[O:1]=[C:2]([O-])!@[c:3]([cH1])[cH1:4]	179.979	7.35294	-	-	-	-	G
C00311918      none	B	[cH1:1][c:2]([cH1])!@[NX3:3][CX4:4]	-60.0053	1.1056	-	-	-	-	O
C00311918      none	B	[CX4:1][CX4H2:2]!@[NX3:3][CX4:4]	119.992	0.688976	-	-	-	-	R
C00311918      none	B	[CX4:1][CX4H2:2]!@[NX3:3][CX4:4]	90.0029	8.80906	-	-	-	-	G
C00311918      none	B	[OX2:1][CX4H2:2]!@[CX4H2:3][N:4]	-59.9953	16.5981	-	-	-	-	G
C00311918      none	B	[OX2:1][CX4H2:2]!@[CX4H2:3][N:4]	60.001	17.6955	-	-	-	-	G
C04106683      none	B	[!#1:1][CX4:2]!@[CX4:3][!#1:4]	60.003	12.3771	-	-	-	-	G
C04106683      none	B	[O:1]=[C:2]([O-])!@[CX4H1:3][H:4]	-0.00489115	0.495663	-	-	-	-	O
C04106683      none	B	[!#1:1][CX4H1:2]!@[NX3:3][!#1:4]	90.0083	2.80893	-	-	-	-	G
C04106683      none	B	[cH0:1][c:2]([cH,nX2H0])!@[NX3H1:3][CX4:4]	-150.001	1.00143	-	-	-	-	O
C04106683      none	B	[O-:1][N+:2](=O)!@[c:3]([cH0])[cH,nX2H0:4]	89.9755	0.274725	-	-	-	-	O
C04106683      none	B	[a:1][a:2]!@[NX3:3][!#1:4]	179.999	11.4213	-	-	-	-	G
C04106683      none	B	[!#1:1][CX4H1:2]!@[NX3:3][!#1:4]	-80.0014	4.33043	-	-	-	-	G
C04106683      none	B	[!#1:1][CX4:2]!@[CX4:3][!#1:4]	180	22.1548	-	-	-	-	G
C04106683      none	B	[O:1]=[C:2]([O-])!@[CX4H1:3][H:4]	0.00594361	0.495663	-	-	-	-	O
C04106683      none	B	[cH1:1][c:2]([cH1])!@[CX4H2:3][$([CX4H1]C(=O)O):4]	89.9956	11.2385	-	-	-	-	G
C40572716      none	B	[!#1:1][CX4:2]!@[CX4:3][!#1:4]	-160.005	1.85018	-	-	-	-	G
C40572716      none	B	[$([CX3]=O):1][NX3H1:2]!@[CX4H2:3][C:4] 	90.0049	7.35439	-	-	-	-	G
C40572716      none	B	[O:1]=[CX3:2]!@[NX3H1:3][!#1:4]	-0.00378471	63.7893	-	-	-	-	G
C40572716      none	B	[O:1]=[CX3:2]!@[NX3H0:3][!#1:4]	0.316584	25.0866	-	-	-	-	G
C40572716      none	B	[O:1]=[C:2]([O-])!@[CX4H1:3][H:4]	-0.00772378	0.495663	-	-	-	-	O
C37431988      none	B	[a:1][c:2]!@[C:3]([NH1,NH2])=[O:4]	-119.997	0.626362	-	-	-	-	G
C37431988      none	B	[O:1]=[CX3:2]!@[NX3H1:3][!#1:4]	-0.00697822	63.7893	-	-	-	-	G
C37431988      none	B	[$(C=O):1][NX3H1:2]!@[CX4H1:3][H:4]	-59.9926	1.23735	-	-	-	-	G
C37431988      none	B	[OX2:1][CX4:2]!@[CX4:3][N:4]	40.0034	1.66292	-	-	-	-	G
C37431988      none	B	[O:1]=[C:2]([O-])!@[CX4H1:3][H:4]	-0.00798462	0.495663	-	-	-	-	O
C37431987      none	B	[a:1][c:2]!@[C:3]([NH1,NH2])=[O:4]	-29.9879	5.14706	-	-	-	-	O
C37431987      none	B	[O:1]=[CX3:2]!@[NX3H1:3][!#1:4]	-0.0149097	63.7893	-	-	-	-	G
C37431987      none	B	[$(C=O):1][NX3H1:2]!@[CX4H1:3][H:4]	-29.9941	6.97413	-	-	-	-	G
C37431987      none	B	[OX2:1][CX4:2]!@[CX4:3][N:4]	-39.9939	1.41573	-	-	-	-	G
C37431987      none	B	[O:1]=[C:2]([O-])!@[CX4H1:3][H:4]	0.00803137	0.495663	-	-	-	-	O
C09201593      none	B	[a:1][c:2]!@[C:3]([NH1,NH2])=[O:4]	60.0104	0.626362	-	-	-	-	G
C09201593      none	B	[O:1]=[CX3:2]!@[NX3H1:3][!#1:4]	-0.0090266	63.7893	-	-	-	-	G
C09201593      none	B	[$(C=O):1][NX3H1:2]!@[CX4H1:3][H:4]	-29.9925	6.97413	-	-	-	-	G
C09201593      none	B	[*^2:1]~[C^2:2]([!H])!@[C^2:3]~[*^2:4]	-90.0212	1.27397	-	-	-	-	G
C09201593      none	B	[CX3:1]=[CX3:2]!@[CH2:3][OX2:4]	-120	9.31298	-	-	-	-	G
C09201593      none	B	[$(C=O):1][O:2]!@[CH2:3]~[C:4]	119.998	1.25443	-	-	-	-	O
C09201593      none	B	[O:1]=[C:2]!@[O:3]~[C:4]	-0.000146721	74.4927	-	-	-	-	G
C62834927      none	B	[cH0:1][c:2]([cH,nX2H0])!@[NX3H0:3][CX4:4]	-90.0194	1.8357	-	-	-	-	O
C62834927      none	B	[C:1][CX4H2:2]!@[NX3:3][C:4]	-89.998	9.94394	-	-	-	-	G
C62834927      none	B	[C:1][CX4H2:2]!@[NX3:3][C:4]	-120.002	1.34412	-	-	-	-	O
C62834927      none	B	N[C:2](=[O:1])!@[CH2:3][N:4]	29.9991	5.20833	-	-	-	-	G
C62834927      none	B	[O:1]=[CX3:2]!@[NX3H0:3][!#1:4]	-29.7104	0.692521	-	-	-	-	O
C62834927      none	B	[N:1][CX4:2]!@[CX3:3]=[O:4]	-119.997	0.897291	-	-	-	-	G
C62388585      none	B	[O:1]=[C:2]([O-])!@[CX4H1:3][H:4]	0.00341828	0.495663	-	-	-	-	O
C62388585      none	B	[*:1]~[CX4:2]!@[n:3]~[*:4]	0.00476726	3.06862	-	-	-	-	G
C62388585      none	B	[a:1][c:2]!@[CX4H2:3][!#1:4]	134.999	1.8443	-	-	-	-	O
C62388585      none	B	[!#1:1][CX4H2:2]!@[NX3;"N_lp":3][!#1:4]	-79.9977	6.8682	-	-	-	-	G
C62388585      none	B	[CX4:1][CX4H2:2]!@[NX3;"N_lp":3][CX4:4]	-80.0011	8.1206	-	-	-	-	G
C62388585      none	B	[OX2:1][CX4H2:2]!@[CX4H2:3][N:4]	180	8.36763	-	-	-	-	G
C08549339      none	B	[a:1][ar5:2]!@[ar5:3][a:4]	60.2917	1.67939	-	-	-	-	G
C36596586      none	B	[a:1][c:2]!@[CX4H2:3][!#1:4]	-90.002	7.30446	-	-	-	-	G
C36596586      none	B	[$(C=O):1][NX3H0:2]!@[CX4H2:3][!#1:4]	119.994	3.3859	-	-	-	-	G
C36596586      none	B	[$(C=O):1][NX3H0:2]!@[CX4H1:3][H:4]	-89.9898	0.12605	-	-	-	-	R
C36596586      none	B	[O:1]=[CX3:2](a)!@[NX3H0:3][!#1:4]	-149.997	2.19542	-	-	-	-	G
C36596586      none	B	[a:1][c:2]!@[CX4H1:3][N,O:4]	120.001	3.12238	-	-	-	-	G
C36596586      none	B	[N:1][CX4:2]!@[CX3:3]=[O:4]	-150	3.58916	-	-	-	-	G
C36596586      none	B	[O:1]=[CX3:2]!@[NX3H1:3][!#1:4]	-0.00510535	63.7893	-	-	-	-	G
C36596586      none	B	[$(C=O):1][NX3H1:2]!@[CX4H0:3][C:4]	60.0038	13.3187	-	-	-	-	G
C36596586      none	B	[cH0:1][c:2]([cH1])!@[CX3:3]([NX3H0])=[O:4]	-120.008	1.09091	-	-	-	-	G
C36596586      none	B	[O-:1][N+:2](=O)!@[c:3]([cH,nX2H0])[cH,nX2H0:4]	179.977	23.2156	-	-	-	-	G
C42692643      none	B	[!#1:1][CX4:2]!@[CX4:3][!#1:4]	59.9997	12.3771	-	-	-	-	G
C42692643      none	B	[$([CX3]=O):1][NX3H0:2](C)!@[CX4H2:3][C:4]	89.9947	14.7513	-	-	-	-	G
C42692643      none	B	[$([CX3]=O):1][NX3H0:2](C)!@[CX4H2:3][C:4]	60.0028	0.600343	-	-	-	-	O
C42692643      none	B	[O:1]=[CX3:2](a)!@[NX3H0:3][!#1:4]	-149.998	2.19542	-	-	-	-	G
C42692643      none	B	N[C:2](=[O:1])!@[CH2:3][N:4]	-149.999	2.38095	-	-	-	-	G
C42692643      none	B	[a:1][c:2]!@[C:3]([NH0])=[O:4]	60.3305	3.02778	-	-	-	-	G
C42692643      none	B	[a:1][a:2]!@[CX3:3]=[CX3H1:4]	150.005	2.24372	-	-	-	-	G
C42692643      none	B	[*^2:1]~[C^2:2]([!H])!@[C^2:3]~[*^2:4]	-0.00369718	20.0453	-	-	-	-	G
C35383550      none	B	[$([CX3]=O):1][NX3H0:2](C)!@[CX4H2:3][C:4]	119.999	2.74443	-	-	-	-	O
C35383550      none	B	N[C:2](=[O:1])!@[CH2:3][N:4]	149.996	3.125	-	-	-	-	G
C35383550      none	B	[O:1]=[CX3:2]!@[NX3H1:3][!#1:4]	0.000260267	63.7893	-	-	-	-	G
C35383550      none	B	[$([CX3]=O):1][NX3H1:2]!@[CX4H2:3][C:4] 	-119.998	2.61599	-	-	-	-	O
C35383550      none	B	N[C:2](=[O:1])!@[CH2:3][N:4]	-120.004	0.892857	-	-	-	-	G
C35383550      none	B	[O:1]=[CX3:2]!@[NX3H1:3][!#1:4]	0.00320012	63.7893	-	-	-	-	G
C35383550      none	B	[$([CX3]=O):1][NX3H1:2]!@[CX4H2:3][C:4] 	179.997	6.46594	-	-	-	-	G
C35383550      none	B	[NH1:1][CX4:2]!@[CX3:3]=[O:4]	-120.006	0.275693	-	-	-	-	G
C04651691      none	B	[cH1:1][c:2]([cH1])!@[C:3]([NH1,NH2])=[O:4]	153.026	9.05971	-	-	-	-	G
C04651691      none	B	[O:1]=[CX3:2]!@[NX3H1:3][!#1:4]	0.00132404	63.7893	-	-	-	-	G
C04651691      none	B	[*:1]~[NX3:2]!@[NX3:3]~[*:4]	-90.003	3.3545	-	-	-	-	G
C04651691      none	B	[O:1]=[CX3:2]!@[NX3H1:3][!#1:4]	0.00207001	63.7893	-	-	-	-	G
C04651691      none	B	[C:1][CX4:2]!@[CX3:3]=[O:4]	0.00152585	5.61823	-	-	-	-	G
C04651691      none	B	[O:1]=[C:2]([O-])!@[CX4H1:3][H:4]	90.005	0.86741	-	-	-	-	O
C51577387      none	B	[a:1][c:2]!@[CX4H2:3][!#1:4]	-89.9996	7.30446	-	-	-	-	G
C51577387      none	B	[$(C=O):1][NX3H1:2]!@[CX4H2:3][$([c]([cH,nX2H0])[cH,nX2H0]):4]	150	2.27848	-	-	-	-	G
C51577387      none	B	[O:1]=[CX3:2]([$([NX3H1]C)])!@[NX3H1:3][!#1:4]	0.00688432	41.1343	-	-	-	-	G
C51577387      none	B	[O:1]=[CX3:2]([$([NX3H1]C)])!@[NX3H1:3][!#1:4]	-0.00987695	41.1343	-	-	-	-	G
C51577387      none	B	[$(C=O):1][NX3H1:2]!@[CX4H0:3][C:4]	60.0012	13.3187	-	-	-	-	G
C51577387      none	B	[!#1:1][CX4:2]!@[CX4:3][!#1:4]	-40.0031	0.976141	-	-	-	-	G
C51577387      none	B	[!#1:1][CX4H2:2]!@[CX4H2:3][!#1:4]	180	58.554	-	-	-	-	G
C51577387      none	B	[C:1][CX4H2:2]!@[CX3:3]=[O:4]	120.005	0.695249	-	-	-	-	O
C22745023      none	B	[!#1:1][CH2:2]!@[n:3][cH0:4]	-89.998	15.4696	-	-	-	-	G
C22745023      none	B	[!#1:1][CX4H2:2]!@[CX3:3]=[O:4]	119.999	0.613497	-	-	-	-	G
C22745023      none	B	[O:1]=[CX3:2]!@[NX3H1:3][!#1:4]	0.00115145	63.7893	-	-	-	-	G
C22745023      none	B	[$(C=O):1][NX3H1:2]!@[CX4H1:3][H:4]	-30.0051	6.97413	-	-	-	-	G
C22745023      none	B	[*^2:1]~[C^2:2]([!H])!@[C^2:3]~[*^2:4]	-90.0189	1.27397	-	-	-	-	G
C22745023      none	B	[CX3:1]=[CX3:2]!@[CH2:3][OX2:4]	-60.0069	0.763359	-	-	-	-	R
C22745023      none	B	[$(C=O):1][O:2]!@[CH2:3]~[C:4]	-89.9929	4.43359	-	-	-	-	G
C22745023      none	B	[O:1]=[C:2]!@[O:3]~[C:4]	-0.00226428	74.4927	-	-	-	-	G
C41033909      none	B	[NH1:1][CX4:2]!@[CX3:3]=[O:4]	-119.997	0.275693	-	-	-	-	G
C41033909      none	B	[$(C=O):1][NX3H1:2]!@[CX4H0:3][C:4]	-60.003	14.7253	-	-	-	-	G
C41033909      none	B	[O:1]=[CX3:2]!@[NX3H1:3][!#1:4]	0.00522218	63.7893	-	-	-	-	G
C41033909      none	B	[cH1:1][c:2]([cH1])!@[C:3]([NH1,NH2])=[O:4]	-26.9997	8.39053	-	-	-	-	G
C62842284      none	B	[C:1][CX4:2]!@[CX3:3]=[O:4]	0.00192981	5.61823	-	-	-	-	G
C62842284      none	B	[O:1]=[CX3:2](a)!@[NX3H0:3][!#1:4]	0.0101334	23.6549	-	-	-	-	G
C62842284      none	B	[a:1][c:2]!@[C:3]([NH0])=[O:4]	-89.7261	2.91667	-	-	-	-	G
C55272811      none	B	[a:1][c:2]!@[CX4H2:3][CX3:4]	-89.9774	7.62274	-	-	-	-	G
C55272811      none	B	[c:1][CX4H2:2]!@[CX3:3]=[O:4]	-59.9985	1.56695	-	-	-	-	G
C55272811      none	B	[O:1]=[CX3:2]!@[NX3H0:3][!#1:4]	-29.7284	0.692521	-	-	-	-	O
C55272811      none	B	[O:1]=[C:2]([O-])!@[CX4H1:3][H:4]	0.00336701	0.495663	-	-	-	-	O
C40750985      none	B	[O:1]=[C:2]([O-])!@[CX4H1:3][H:4]	89.9972	0.86741	-	-	-	-	O
C40750985      none	B	[O:1]=[CX3:2]!@[NX3H0:3][!#1:4]	150.002	1.73707	-	-	-	-	O
C40750985      none	B	[O:1]=[CX3:2]!@[NX3H0:3][!#1:4]	-29.9995	0.692521	-	-	-	-	O
C40750985      none	B	[$([CX3]=O):1][NX3H0:2](C)!@[CX4H2:3][C:4]	-59.9974	0.686106	-	-	-	-	O
C40750985      none	B	[$([CX3]=O):1][NX3H0:2](C)!@[CX4H2:3][C:4]	-120.001	2.31561	-	-	-	-	O
C40750985      none	B	[OX2:1][CX4H2:2]!@[CX4H2:3][N:4]	180	8.36763	-	-	-	-	G
C40750985      none	B	[OX2:1][CX4H2:2]!@[CX4H2:3][N:4]	180	8.36763	-	-	-	-	G
C65832403      none	B	[$(S(=O)(=O)):1][NH0:2]!@[c:3]([cH0])[cH0:4]	-90.044	15.2174	-	-	-	-	G
C65832403      none	B	[a:1][c:2]!@[C:3]([NH1,NH2])=[O:4]	180	9.31373	-	-	-	-	G
C65832403      none	B	[c:1][S:2](=O)(=O)!@[NX2H0-:3]-[*:4]	-90.0028	2.77778	-	-	-	-	G
C65832403      none	B	[aH1:1][c:2]([aH1])!@[SX4:3][!#1:4]	-89.7269	12.5987	-	-	-	-	G
C65832403      none	B	[cH1:1][a:2]([cH1])!@[a:3]([sX2,o,nX2H0,nX3H1:4])([cH1])	180	11.5003	-	-	-	-	G
C34154721      none	B	[OX2:1][CX4:2]!@[CX4:3][OX2:4]	-62.8116	16.2177	-	-	-	-	G
C34154721      none	B	[C:1][CX4H2:2]!@[OX2:3][!#1:4]	-159.995	4.83061	-	-	-	-	G
C34154721      none	B	[*:1]~[OX2:2]!@[SX4:3]~[*:4]	-39.9987	4.33662	-	-	-	-	G
C54054552      none	B	[$(C=O):1][NX3:2]!@[a:3][aH0:4]	149.995	1.842	-	-	-	-	O
C54054552      none	B	[O:1]=[CX3:2]!@[NX3H1:3][!#1:4]	-59.9989	0	-	-	-	-	R
C54054552      none	B	[O:1]=[CX3:2]!@[NX3H0:3][!#1:4]	179.997	18.2537	-	-	-	-	G
C54054552      none	B	[$(C=O):1][NX3H0:2]!@[CX4H1:3][H:4]	180	19.1176	-	-	-	-	G
C54054552      none	B	[O:1]=[C:2]([O-])!@[CX4H1:3][H:4]	90.0001	0.86741	-	-	-	-	O
CHEMBL553028      none	B	[CX3:1]=[CX3:2]!@[CH2:3][C:4]	-60.0001	0.0339559	-	-	-	-	O
CHEMBL553028      none	B	[!#1:1][CX4:2]!@[CX4:3][!#1:4]	-159.998	1.85018	-	-	-	-	G
CHEMBL553028      none	B	[O:1]=[C:2]([O-])!@[CX4H1:3][H:4]	89.9951	0.86741	-	-	-	-	O
C55667541      none	B	[aH1:1][c:2]([aH1])!@[SX4:3][!#1:4]	89.9952	12.916	-	-	-	-	G
C55667541      none	B	[c:1][S:2](=O)(=O)!@[NX2H0-:3]-[*:4]	60.009	8.33333	-	-	-	-	G
C55667541      none	B	[$(S(=O)(=O)):1][NH0:2]!@[c:3]([cH1])[cH1:4]	-60.2934	0.826446	-	-	-	-	G
C55667541      none	B	[$([cH0]Cl):1][c:2]([cH1])!@[CX3:3]([NX3H1])=[O:4]	-60.0036	9.83607	-	-	-	-	G
C55667541      none	B	[O:1]=[CX3:2]!@[NX3H1:3][!#1:4]	0.00755708	63.7893	-	-	-	-	G
C55667541      none	B	[$([CX3]=O):1][NX3H1:2]!@[CX4H2:3][C:4] 	149.998	1.43139	-	-	-	-	O
C55667541      none	B	[OX2:1][CX4H2:2]!@[CX4H2:3][N:4]	59.9949	17.6955	-	-	-	-	G
C09253736      none	B	[$(C=O):1][NX3H0:2]!@[c:3]([cH1])[cH1:4]	-59.7628	5.10169	-	-	-	-	G
C09253736      none	B	[O-:1][N+:2](=O)!@[c:3]([cH,nX2H0])[cH,nX2H0:4]	179.967	23.2156	-	-	-	-	G
C09253736      none	B	[CX4:1][CX4H2:2]!@[NX3:3][CX4:4]	-30.0212	0.0246063	-	-	-	-	R
C09253736      none	B	[OX2:1][CX4:2]!@[CX4:3][N:4]	80.0033	3.55056	-	-	-	-	G
C09253736      none	B	[H:1][CX4H1:2]!@[O:3][CX4:4]	-40.0001	11.8876	-	-	-	-	G
C09253736      none	B	[H:1][CX4H1:2]!@[O:3][CX4:4]	159.997	0.0441371	-	-	-	-	R
C05812239      none	B	[OH1:1][CX4:2]!@[CX3:3]=[O:4]	-119.454	1.11773	-	-	-	-	O
C05812239      none	B	[$([cH0]([CX3])):1][c:2]([cH1])!@[O:3][C:4]	-89.9995	1.38889	-	-	-	-	R
C05812239      none	B	[H:1][CX4H1:2]!@[SX4:3][!#1:4]	80.5638	1.41388	-	-	-	-	O
C41073318      none	B	[N:1][CX4:2]!@[CX3:3]=[O:4]	57.0818	0.592386	-	-	-	-	G
C41073318      none	B	[O:1]=[CX3:2]!@[NX3H0:3][!#1:4]	-0.000161263	25.0866	-	-	-	-	G
C41073318      none	B	[O:1][CX4:2]!@[CX3:3]=[O:4]	29.996	2.80888	-	-	-	-	G
C41073318      none	B	[C:1][CH2:2]!@[O:3][CX4:4]	79.9999	1.71561	-	-	-	-	G
C41073318      none	B	[C:1][CH2:2]!@[O:3][CX4:4]	60.0008	0.263939	-	-	-	-	O
C41073318      none	B	[O:1][CX4:2]!@[CX3:3]=[O:4]	-120.001	1.11962	-	-	-	-	O
C41073318      none	B	[O:1]=[CX3:2]!@[NX3H0:3][!#1:4]	-29.7203	0.692521	-	-	-	-	O
C33520179      none	B	[O:1]=[CX3:2]!@[NX3H1:3][!#1:4]	-0.0032814	63.7893	-	-	-	-	G
C33520179      none	B	[$([C](=O)):1][NX3:2]!@[a:3](s)[a:4]	-179.693	61.7021	-	-	-	-	G
C33520179      none	B	[$([c]([NH1,NH2])):1][c:2]!@[CX3:3]([!O])=[O:4]	90.0023	0	-	-	-	-	R
C33520179      none	B	[O:1]=[CX3:2]!@[NX3H1:3][!#1:4]	0.000972573	63.7893	-	-	-	-	G
C33520179      none	B	[$([CX3]=O):1][NX3H1:2]!@[CX4H2:3][C:4] 	-150.006	1.7769	-	-	-	-	O
C33520179      none	B	[!#1:1][CX4H2:2]!@[CX4H2:3][!#1:4]	-59.997	3.77933	-	-	-	-	G
C33520179      none	B	[!#1:1][CX4H2:2]!@[CX4H2:3][!#1:4]	-60.0027	3.77933	-	-	-	-	G
C33520179      none	B	[C:1][CX4H2:2]!@[CX3:3]=[O:4]	120.001	0.695249	-	-	-	-	O
C21948952      none	B	[a:1][a:2]!@[NX3:3][!#1:4]	0.00601772	10.9271	-	-	-	-	G
C21948952      none	B	[*:1]~[CX4:2]!@[n:3]~[*:4]	-128.619	2.14174	-	-	-	-	G
C40393965      none	B	[!#1:1][CX4:2]!@[SX2:3][!#1:4]	-80.001	6.01214	-	-	-	-	G
C40393965      none	B	[!#1:1][CX4H2:2]!@[CX4H2:3][!#1:4]	180	58.554	-	-	-	-	G
C40393965      none	B	[!#1:1][CX4:2]!@[CX4:3][!#1:4]	-59.9997	12.2558	-	-	-	-	G
C40393965      none	B	[NH1:1][CX4:2]!@[CX3:3]=[O:4]	0.000886681	6.89233	-	-	-	-	G
C40393965      none	B	[$(C=O):1][NX3H1:2]!@[CX4H1:3][H:4]	-30.0015	6.97413	-	-	-	-	G
C40393965      none	B	[O:1]=[CX3:2]!@[NX3H0:3][!#1:4]	-29.6819	0.692521	-	-	-	-	O
C40393965      none	B	[O:1]=[C:2]([O-])!@[CX4H1:3][H:4]	89.9945	0.86741	-	-	-	-	O
C40393965      none	B	[O:1]=[CX3:2]!@[NX3H1:3][!#1:4]	0.00137007	63.7893	-	-	-	-	G
C05081580      none	B	[*:1]~[CX4:2]!@[n:3]~[*:4]	119.997	3.12393	-	-	-	-	G
C05081580      none	B	[OX2:1][CX4:2]!@[CX4:3][OX2:4]	-86.8329	0.276861	-	-	-	-	O
C42575525      none	B	[NH1:1][CX4:2]!@[CX3:3]=[O:4]	-149.993	4.5183	-	-	-	-	G
C42575525      none	B	[$(C=O):1][NX3H1:2]!@[CX4H1:3][H:4]	30.0066	9.46757	-	-	-	-	G
C42575525      none	B	[O:1]=[CX3:2]!@[NX3H1:3][!#1:4]	0.00852306	63.7893	-	-	-	-	G
C42575525      none	B	[O:1]=[CX3:2]!@[NX3H1:3][!#1:4]	0.000970618	63.7893	-	-	-	-	G
C42575525      none	B	[O:1]=[CX3:2]!@[NX3H0:3][!#1:4]	-149.684	1.37927	-	-	-	-	O
C42575525      none	B	[O:1]=[C:2]([O-])!@[CX4H1:3][H:4]	-0.00096238	0.495663	-	-	-	-	O
C05758534      none	B	[aH0:1][c:2]([aH1])!@[SX4:3][!#1:4]	69.9759	11.3606	-	-	-	-	G
C05758534      none	B	[cH1:1][c:2]([cH0])!@[CX3x0:3]=[NX2:4]	89.9537	0.0354484	-	-	-	-	R
C05758534      none	B	[*:1]~[NX3:2]!@[NX2:3]~[*:4]	-89.9954	0.164822	-	-	-	-	R
C05758534      none	B	[!#1:1][CX3:2](=S)!@[NX3H1:3][!#1:4]	-0.0162192	27.5459	-	-	-	-	G
C57296414      none	B	[cH1:1][c:2]([cH1])!@[C:3]([NH1,NH2])=[O:4]	-26.9824	8.39053	-	-	-	-	G
C57296414      none	B	[O:1]=[CX3:2]!@[NX3H1:3][!#1:4]	0.00132907	63.7893	-	-	-	-	G
C57296414      none	B	[$(C=O):1][NX3H1:2]!@[CX4H1:3][H:4]	-30.0004	6.97413	-	-	-	-	G
C57296414      none	B	[NH1:1][CX4:2]!@[CX3:3]=[O:4]	0.00755988	6.89233	-	-	-	-	G
C57296414      none	B	[O:1]=[C:2]!@[O:3]~[C:4]	-0.0151855	74.4927	-	-	-	-	G
C40910390      none	B	[NH1:1][CX4:2]!@[CX3:3]=[O:4]	-29.9905	4.44172	-	-	-	-	G
C40910390      none	B	[$(C=O):1][NX3H1:2]!@[CX4H0:3][C:4]	-59.9973	14.7253	-	-	-	-	G
C40910390      none	B	[O:1]=[CX3:2]!@[NX3H1:3][!#1:4]	0.00320846	63.7893	-	-	-	-	G
C40910390      none	B	[a:1][c:2]!@[C:3]([NH1,NH2])=[O:4]	150.006	5.34677	-	-	-	-	O
C40471935      none	B	[a:1][c:2]!@[C:3]([NH0])=[O:4]	60.0093	3.02778	-	-	-	-	G
C40471935      none	B	[O:1]=[CX3:2](a)!@[NX3H0:3][!#1:4]	-149.721	2.19542	-	-	-	-	O
C40471935      none	B	[O:1]=[C:2]([O-])!@[CX4H1:3][H:4]	90.0013	0.86741	-	-	-	-	O
C40579108      none	B	[NH1:1][CX4:2]!@[CX3:3]=[O:4]	120.004	0.41354	-	-	-	-	G
C40579108      none	B	[$(C=O):1][NX3H1:2]!@[CX4H0:3][C:4]	60.0031	13.3187	-	-	-	-	G
C40579108      none	B	[O:1]=[CX3:2]([$([NX3H1]C)])!@[NX3H1:3][!#1:4]	-0.00499221	41.1343	-	-	-	-	G
C40579108      none	B	[O:1]=[CX3:2]([$([NX3H1]C)])!@[NX3H1:3][!#1:4]	0.00897648	41.1343	-	-	-	-	G
C40579108      none	B	[$([CX3]=O):1][NX3H1:2]!@[CX4H2:3][C:4] 	119.996	2.76407	-	-	-	-	O
C40579108      none	B	[!#1:1][CX4H2:2]!@[CX4H2:3][!#1:4]	-59.998	3.77933	-	-	-	-	G
C40579108      none	B	[$([CX3]=O):1][NX3H1:2]!@[CX4H2:3][C:4] 	179.997	6.46594	-	-	-	-	G
C40579108      none	B	[O:1]=[CX3:2]!@[NX3H1:3][!#1:4]	0.00699837	63.7893	-	-	-	-	G
C39136025      none	-	-	-	-	-	-	-	-	-
C61685160      none	B	[aH1:1][c:2]([aH1])!@[SX4:3][!#1:4]	89.9988	12.916	-	-	-	-	G
C61685160      none	B	[c:1][S:2](=O)(=O)!@[NX2H0-:3]-[*:4]	-59.9997	11.1111	-	-	-	-	G
C61685160      none	B	[$(S(=O)(=O)):1][N:2]!@[c:3][a:4]	90.0001	4.78516	-	-	-	-	G
C40523984      none	B	[$(C=O):1][NX3H1:2]!@[c:3](s)[n:4]	-0.012304	0.574713	-	-	-	-	R
C40523984      none	B	[O:1]=[CX3:2]!@[NX3H1:3][!#1:4]	-0.00667509	63.7893	-	-	-	-	G
C40523984      none	B	[O:1]=[CX3:2]!@[NX3H0:3][!#1:4]	0.324547	25.0866	-	-	-	-	G
C40523984      none	B	[O:1]=[C:2]([O-])!@[CX4H1:3][H:4]	90.0046	0.86741	-	-	-	-	O
C02863954      none	B	[!#1:1][CX4:2]!@[CX4:3][!#1:4]	-60.0011	12.2558	-	-	-	-	G
C02863954      none	B	[!#1:1][CX4:2]!@[CX4:3][!#1:4]	180	22.1548	-	-	-	-	G
C02863954      none	B	[O:1]=[CX3:2]([NH1])!@[CH2:3][C:4]	89.9929	2.11706	-	-	-	-	O
C02863954      none	B	[O:1]=[CX3:2]!@[NX3H1:3][!#1:4]	0.0132193	63.7893	-	-	-	-	G
C02863954      none	B	[*:1]~[NX3:2]!@[NX3:3]~[*:4]	-90.0112	3.3545	-	-	-	-	G
C02863954      none	B	[a:1][a:2]!@[NX3:3][!#1:4]	150.004	1.85775	-	-	-	-	O
C02863954      none	B	[C:1][CX4H2:2]!@[CX3:3]=[O:4]	-119.998	0.79457	-	-	-	-	O
C01607319      none	B	[cH0:1][c:2]!@[CX4H2:3][N,O,S:4]	90.0088	7.74238	-	-	-	-	G
C01607319      none	B	[cH0:1][c:2]!@[CX4H2:3][N,O,S:4]	-90.003	7.87941	-	-	-	-	G
C36378426      none	B	[!#1:1][CX4H2:2]!@[NX3:3][!#1:4]	90.0045	8.35387	-	-	-	-	G
C36378426      none	B	[*:1][CX4:2]!@[O:3][CX4:4]	-80.0043	2.64732	-	-	-	-	G
C36378426      none	B	[C:1][CH2:2]!@[O:3][CX4:4]	-79.9956	1.18773	-	-	-	-	G
C36378426      none	B	[OX2:1][CX4H2:2]!@[CX4H2:3][OX2:4]	179.999	10.6129	-	-	-	-	G
C39053714      none	-	-	-	-	-	-	-	-	-
C53046284      none	B	[!#1:1][CX4:2]!@[CX4:3][!#1:4]	59.9904	12.3771	-	-	-	-	G
C53046284      none	B	[!#1:1][CX4:2]!@[CX4:3][!#1:4]	179.999	22.1548	-	-	-	-	G
C53046284      none	B	[C:1][CX4:2]!@[CX3:3]=[O:4]	89.997	3.65147	-	-	-	-	G
C53046284      none	B	[O:1]=[CX3:2]([NH1])!@[CH2:3][C:4]	-90.0045	1.868	-	-	-	-	O
C53046284      none	B	[O:1]=[CX3:2]!@[NX3H1:3][!#1:4]	0.0035254	63.7893	-	-	-	-	G
C53046284      none	B	[$(C=O):1][NX3H1:2]!@[CX4H0:3][C:4]	-63.8329	14.7253	-	-	-	-	G
C53046284      none	B	[OX2:1][CX4:2]!@[CX4:3][N:4]	79.9955	3.55056	-	-	-	-	G
C40576257      none	B	[OX2:1][CX4:2]!@[CX4:3][N:4]	57.6028	15.2809	-	-	-	-	G
C40576257      none	B	[$(C=O):1][NX3H1:2]!@[CX4H1:3][H:4]	29.9942	9.46757	-	-	-	-	G
C40576257      none	B	[O:1]=[CX3:2]([$([NX3H1]C)])!@[NX3H1:3][!#1:4]	-0.00373878	41.1343	-	-	-	-	G
C40576257      none	B	[O:1]=[CX3:2]([$([NX3H1]C)])!@[NX3H1:3][!#1:4]	0.00994871	41.1343	-	-	-	-	G
C40576257      none	B	[$(C=O):1][NX3H1:2]!@[CX4H0:3][C:4]	59.9992	13.3187	-	-	-	-	G
C40576257      none	B	[!#1:1][CX4:2]!@[CX4:3][!#1:4]	38.6156	0.998355	-	-	-	-	G
C40576257      none	B	[NH1:1][CX4:2]!@[CX3:3]=[O:4]	0.000701749	6.89233	-	-	-	-	G
C36980703      none	B	[NH1:1][CX4:2]!@[CX3:3]=[O:4]	-149.988	4.5183	-	-	-	-	G
C36980703      none	B	[$(C=O):1][NX3H1:2]!@[CX4H1:3][H:4]	29.995	9.46757	-	-	-	-	G
C36980703      none	B	[O:1]=[CX3:2]!@[NX3H1:3][!#1:4]	-0.0197375	63.7893	-	-	-	-	G
C36980703      none	B	[$(C=O):1][NX3H1:2]!@[CX4H0:3][C:4]	60.0138	13.3187	-	-	-	-	G
C36980703      none	B	[!#1:1][CX4:2]!@[CX4:3][!#1:4]	38.6323	0.998355	-	-	-	-	G
C36980703      none	B	[NH1:1][CX4:2]!@[CX3:3]=[O:4]	0.00193102	6.89233	-	-	-	-	G
C36980703      none	B	[O:1]=[CX3:2]!@[NX3H1:3][!#1:4]	-0.000942922	63.7893	-	-	-	-	G
C36980703      none	B	[s:1][c:2]!@[C:3]([NH1])=[O:4]	30.0098	0	-	-	-	-	O
C50291665      none	B	[O:1]=[CX3:2]!@[NX3H0:3][!#1:4]	150.001	1.73707	-	-	-	-	O
C50291665      none	B	[C:1][CX4:2]!@[CX3:3]=[O:4]	157.494	0.812069	-	-	-	-	G
C50291665      none	B	[C:1][CX4:2]!@[CX3:3]=[O:4]	90.0061	3.65147	-	-	-	-	G
C44728600      none	B	[C:1][CH2:2]!@[O:3][CX4:4]	180	35.2689	-	-	-	-	G
C44728600      none	B	[OX2:1][CX4H2:2]!@[CX4H2:3][OX2:4]	179.997	10.6129	-	-	-	-	G
C44728600      none	B	[C:1][CH2:2]!@[O:3][CX4:4]	-79.995	1.18773	-	-	-	-	G
C44728600      none	B	[C:1][CH2:2]!@[O:3][CX4:4]	160.001	5.67469	-	-	-	-	G
C44728600      none	B	[OX2:1][CX4H2:2]!@[CX4H2:3][N:4]	-60.007	16.5981	-	-	-	-	G
C44728600      none	B	[$([CX3]=O):1][NX3H1:2]!@[CX4H2:3][C:4] 	-89.997	7.35439	-	-	-	-	G
C44728600      none	B	[O:1]=[CX3:2]([$([NX3H1]C)])!@[NX3H1:3][!#1:4]	-0.00191014	41.1343	-	-	-	-	G
C44728600      none	B	[O:1]=[CX3:2]([$([NX3H1]C)])!@[NX3H1:3][!#1:4]	179.999	9.5176	-	-	-	-	R
C44728600      none	B	[$(C=O):1][NX3H1:2]!@[CX4H1:3][H:4]	30.0012	9.46757	-	-	-	-	G
C44728600      none	B	[!#1:1][CX4:2]!@[CX4:3][!#1:4]	179.993	22.1548	-	-	-	-	G
C44728600      none	B	[O:1]=[C:2]([O-])!@[CX4H1:3][H:4]	-0.00230873	0.495663	-	-	-	-	O
C44728600      none	B	[!#1:1][CX4H2:2]!@[CX4H2:3][!#1:4]	179.997	58.554	-	-	-	-	G
C40557585      none	B	[OX2:1][CX4:2]!@[CX4:3][N:4]	44.239	1.66292	-	-	-	-	G
C40557585      none	B	[$([CX3]=O):1][NX3H1:2]!@[CX4H2:3][C:4] 	119.993	2.76407	-	-	-	-	O
C40557585      none	B	[O:1]=[CX3:2]!@[NX3H1:3][!#1:4]	0.00520044	63.7893	-	-	-	-	G
C40557585      none	B	[O:1]=[CX3:2]!@[NX3H0:3][!#1:4]	-29.6826	0.692521	-	-	-	-	O
C40557585      none	B	[O:1]=[C:2]([O-])!@[CX4H1:3][H:4]	-0.00273271	0.495663	-	-	-	-	O
C37430083      none	B	[aH1:1][c:2]([aH1])!@[SX4:3][!#1:4]	-0.00301525	0.126904	-	-	-	-	R
C37430083      none	B	[a:1][c:2]!@[C:3]([NH1,NH2])=[O:4]	-120	0.626362	-	-	-	-	G
C37430083      none	B	[O:1]=[CX3:2]!@[NX3H1:3][!#1:4]	-0.000840893	63.7893	-	-	-	-	G
C37430083      none	B	[$(C=O):1][NX3H1:2]!@[CX4H0:3][C:4]	-66.2834	8.17582	-	-	-	-	G
C37430083      none	B	[NH1:1][CX4:2]!@[CX3:3]=[O:4]	-0.00309285	6.89233	-	-	-	-	G
C61713087      none	B	[O:1]=[CX3:2]!@[NX3H0:3][!#1:4]	29.9998	0.680979	-	-	-	-	O
C61713087      none	B	[O:1]=[CX3:2]!@[NX3H0:3][!#1:4]	-179.681	18.2537	-	-	-	-	G
C61713087      none	B	[O:1]=[C:2]([O-])!@[CX4H1:3][H:4]	0.00355036	0.495663	-	-	-	-	O
C40532471      none	B	[OX2:1][CX4:2]!@[CX4:3][N:4]	179.985	9.8427	-	-	-	-	G
C40532471      none	B	[O:1]=[C:2]([O-])!@[CX4H1:3][H:4]	-0.00236336	0.495663	-	-	-	-	O
C40532471      none	B	[$(C=O):1][NX3H1:2]!@[CX4H1:3][H:4]	0.00348221	8.26772	-	-	-	-	G
C40532471      none	B	[O:1]=[CX3:2]!@[NX3H1:3][!#1:4]	-0.00433555	63.7893	-	-	-	-	G
C40532471      none	B	[O:1]=[CX3:2]!@[NX3H0:3][!#1:4]	-149.711	1.37927	-	-	-	-	O
C06091583      none	B	[*:1]~[CX4:2]!@[n:3]~[*:4]	149.999	3.15253	-	-	-	-	G
C06091583      none	B	[CX3:1]=[CX3:2]!@[CH2:3][OX2:4]	0.00494751	15.4198	-	-	-	-	G
C06358767      none	B	[!#1:1][CX4:2]!@[CX4:3][!#1:4]	180	22.1548	-	-	-	-	G
C06358767      none	B	[O:1]=[C:2]([O-])!@[CX4H1:3][H:4]	0.00808462	0.495663	-	-	-	-	O
C06358767      none	B	[$(C=O):1][NX3H1:2]!@[CX4H1:3][H:4]	-60.0086	1.23735	-	-	-	-	G
C06358767      none	B	[O:1]=[CX3:2]([$([NX3H1]C)])!@[NX3H1:3][!#1:4]	-0.00109616	41.1343	-	-	-	-	G
C06358767      none	B	[O:1]=[CX3:2]([$([NX3H1]C)])!@[NX3H1:3][!#1:4]	-179.99	9.5176	-	-	-	-	R
C06358767      none	B	[$([CX3]=O):1][NX3H1:2]!@[CX4H2:3][C:4] 	180	6.46594	-	-	-	-	G
C06358767      none	B	[OX2:1][CX4:2]!@[CX4:3][N:4]	83.7284	3.55056	-	-	-	-	O
C44975915      none	B	[NH1:1][CX4:2]!@[CX3:3]=[O:4]	-124.407	0.275693	-	-	-	-	G
C44975915      none	B	[$(C=O):1][NX3H1:2]!@[CX4H0:3][C:4]	-60.0016	14.7253	-	-	-	-	G
C44975915      none	B	[O:1]=[CX3:2]([$([NX3H1]C)])!@[NX3H1:3][!#1:4]	-0.00528656	41.1343	-	-	-	-	G
C44975915      none	B	[O:1]=[CX3:2]([$([NX3H1]C)])!@[NX3H1:3][!#1:4]	0.00503626	41.1343	-	-	-	-	G
C44975915      none	B	[$([CX3]=O):1][NX3H1:2]!@[CX4H2:3][C:4] 	90.0001	7.35439	-	-	-	-	G
C44975915      none	B	[!#1:1][CX4:2]!@[CX4:3][!#1:4]	160.128	1.81259	-	-	-	-	G
C40523982      none	B	[$(C=O):1][NX3H1:2]!@[c:3](s)[n:4]	149.976	0	-	-	-	-	R
C40523982      none	B	[O:1]=[CX3:2]!@[NX3H1:3][!#1:4]	0.00769144	63.7893	-	-	-	-	G
C40523982      none	B	[O:1]=[CX3:2]!@[NX3H0:3][!#1:4]	-29.6726	0.692521	-	-	-	-	O
C40523982      none	B	[O:1]=[C:2]([O-])!@[CX4H1:3][H:4]	-0.000731868	0.495663	-	-	-	-	O
C37429956      none	B	[cH1:1][c:2]!@[c:3]([cH1])[nX2H0:4]	150.305	1.9028	-	-	-	-	G
C37429956      none	B	[a:1][c:2]!@[C:3]([NH1,NH2])=[O:4]	150.001	5.34677	-	-	-	-	O
C37429956      none	B	[O:1]=[CX3:2]!@[NX3H1:3][!#1:4]	-0.000644291	63.7893	-	-	-	-	G
C37429956      none	B	[$(C=O):1][NX3H1:2]!@[CX4H1:3][H:4]	29.9992	9.46757	-	-	-	-	G
C37429956      none	B	[!#1:1][CX4:2]!@[CX4:3][!#1:4]	179.999	22.1548	-	-	-	-	G
C37429956      none	B	[O:1]=[C:2]([O-])!@[CX4H1:3][H:4]	-0.00276637	0.495663	-	-	-	-	O
C50183920      none	B	[cH0:1][c:2]!@[CX4H2:3][CX4:4]	90.0039	18.5823	-	-	-	-	G
C50183920      none	B	[!#1:1][CX4H2:2]!@[CX4H2:3][!#1:4]	59.9956	3.99483	-	-	-	-	G
C50183920      none	B	[!#1:1][CX4H2:2]!@[CX4H2:3][!#1:4]	60.002	3.99483	-	-	-	-	G
C50183920      none	B	[$([CX3]=O):1][NX3H1:2]!@[CX4H2:3][C:4] 	60.0049	1.1846	-	-	-	-	G
C50183920      none	B	[O:1]=[CX3:2]([$([NX3H1]C)])!@[NX3H1:3][!#1:4]	-0.00517016	41.1343	-	-	-	-	G
C50183920      none	B	[O:1]=[CX3:2]([$([NX3H1]C)])!@[NX3H1:3][!#1:4]	180	9.5176	-	-	-	-	R
C50183920      none	B	[$(C=O):1][NX3H1:2]!@[CX4H1:3][H:4]	-60.0026	1.23735	-	-	-	-	G
C50183920      none	B	[OX2:1][CX4:2]!@[CX4:3][N:4]	-40.0047	1.41573	-	-	-	-	G
C50183920      none	B	[O:1]=[C:2]([O-])!@[CX4H1:3][H:4]	-0.000266702	0.495663	-	-	-	-	O
CHEMBL373428      none	B	[!#1:1][CH2:2]!@[n:3][cH0:4]	89.9722	14.7896	-	-	-	-	G
CHEMBL373428      none	B	[!#1:1][CH2:2]!@[n:3][cH0:4]	-44.9994	0.0212495	-	-	-	-	R
CHEMBL373428      none	B	[cH0:1][c:2]!@[CX4H2:3][a:4]	-44.9944	0.158479	-	-	-	-	R
CHEMBL373428      none	B	[O:1]=[C:2]([O-])!@[c:3][a:4]	90.0168	0.862069	-	-	-	-	O
CHEMBL373428      none	B	[!#1:1][CX4:2]!@[CX4:3][!#1:4]	180	22.1548	-	-	-	-	G
CHEMBL373428      none	B	[O:1]=[C:2]([O-])!@[CX4H1:3][H:4]	90.0041	0.86741	-	-	-	-	O
C40578795      none	B	[$(C=O):1][NX3:2]!@[a:3][aH0:4]	-59.9942	2.68113	-	-	-	-	G
C40578795      none	B	[O:1]=[CX3:2]!@[NX3H1:3][!#1:4]	-0.00626185	63.7893	-	-	-	-	G
C40578795      none	B	[O:1]=[CX3:2]!@[NX3H0:3][!#1:4]	-29.6987	0.692521	-	-	-	-	O
C40578795      none	B	[O:1]=[C:2]([O-])!@[CX4H1:3][H:4]	-0.000706368	0.495663	-	-	-	-	O
C40575624      none	B	[!#1:1][CX4:2]!@[CX4:3][!#1:4]	148.61	0.50879	-	-	-	-	O
C40575624      none	B	[$(C=O):1][NX3H1:2]!@[CX4H1:3][H:4]	29.9955	9.46757	-	-	-	-	G
C40575624      none	B	[O:1]=[CX3:2]([$([NX3H1]C)])!@[NX3H1:3][!#1:4]	0.00064202	41.1343	-	-	-	-	G
C40575624      none	B	[O:1]=[CX3:2]([$([NX3H1]C)])!@[NX3H1:3][!#1:4]	-0.00129875	41.1343	-	-	-	-	G
C40575624      none	B	[$(C=O):1][NX3H1:2]!@[CX4H0:3][C:4]	-59.9956	14.7253	-	-	-	-	G
C40575624      none	B	[NH1:1][CX4:2]!@[CX3:3]=[O:4]	89.9989	0.183795	-	-	-	-	R
C44678113      none	B	[C:1][CH2:2]!@[O:3][CX4:4]	-59.9996	0.329924	-	-	-	-	O
C44678113      none	B	[!#1:1][CX4H2:2]!@[CX4H2:3][!#1:4]	180	58.554	-	-	-	-	G
C44678113      none	B	[!#1:1][CX4H2:2]!@[CX4H2:3][!#1:4]	180	58.554	-	-	-	-	G
C44678113      none	B	[!#1:1][CX4H2:2]!@[CX4H2:3][!#1:4]	-60.0039	3.77933	-	-	-	-	G
C44678113      none	B	[$([CX3]=O):1][NX3H1:2]!@[CX4H2:3][C:4] 	-149.998	1.7769	-	-	-	-	O
C44678113      none	B	[O:1]=[CX3:2]([$([NX3H1]C)])!@[NX3H1:3][!#1:4]	0.00973142	41.1343	-	-	-	-	G
C44678113      none	B	[O:1]=[CX3:2]([$([NX3H1]C)])!@[NX3H1:3][!#1:4]	179.988	9.5176	-	-	-	-	R
C44678113      none	B	[$(C=O):1][NX3H1:2]!@[CX4H1:3][H:4]	29.9948	9.46757	-	-	-	-	G
C44678113      none	B	[O:1]=[C:2]([O-])!@[CX4H1:3][H:4]	89.9993	0.86741	-	-	-	-	O
C15988052      none	B	[a:1][a:2]!@[NX3:3][!#1:4]	180	11.4213	-	-	-	-	G
C15988052      none	B	[*:1]~[NX3:2]!@[NX2:3]~[*:4]	-120.001	0.0824111	-	-	-	-	R
C15988052      none	B	[*^2:1]~[C^2:2]([!H])!@[C^2:3]~[*^2:4]	90.0064	1.26539	-	-	-	-	G
C40551763      none	B	[!#1:1][CX4:2]!@[CX4:3][!#1:4]	-81.3813	1.71775	-	-	-	-	G
C40551763      none	B	[NH1:1][CX4:2]!@[CX3:3]=[O:4]	-119.995	0.275693	-	-	-	-	G
C40551763      none	B	[$(C=O):1][NX3H1:2]!@[CX4H0:3][C:4]	-60.0023	14.7253	-	-	-	-	G
C40551763      none	B	[O:1]=[CX3:2]([$([NX3H1]C)])!@[NX3H1:3][!#1:4]	0.0123913	41.1343	-	-	-	-	G
C40551763      none	B	[O:1]=[CX3:2]([$([NX3H1]C)])!@[NX3H1:3][!#1:4]	179.986	9.5176	-	-	-	-	R
C40551763      none	B	[$([CX3]=O):1][NX3H1:2]!@[CX4H2:3][C:4] 	179.992	6.46594	-	-	-	-	G
C40551763      none	B	[!#1:1][CX4H2:2]!@[CX4H2:3][!#1:4]	179.997	58.554	-	-	-	-	G
C40551763      none	B	[CX4:1][CX4H2:2]!@[NX3;"N_lp":3][CX4:4]	-156.364	6.65327	-	-	-	-	G
C40096376      none	B	[!#1:1][CX4H2:2]!@[CX4H2:3][!#1:4]	179.999	58.554	-	-	-	-	G
C40096376      none	B	[!#1:1][CX4H2:2]!@[CX4H2:3][!#1:4]	59.9983	3.99483	-	-	-	-	G
C40096376      none	B	[C:1][CX4H2:2]!@[OX2:3][c:4]	-149.998	1.28448	-	-	-	-	O
C40096376      none	B	[cH1:1][c:2]([cH1])!@[O:3][C:4]	150.276	0.199809	-	-	-	-	O
C40096376      none	B	[a:1][c:2]!@[CX4H1:3][N,O:4]	121.59	3.12238	-	-	-	-	G
C40096376      none	B	[*^2:1]~[C^2:2]([!H])!@[C^2:3]~[*^2:4]	-150.036	1.11601	-	-	-	-	G
C40096376      none	B	[$([CX3]=O):1][NX3H0:2](C)!@[CX4H2:3][C:4]	60.0536	0.600343	-	-	-	-	O
C40096376      none	B	[OX2:1][CX4H2:2]!@[CX4H2:3][Nr:4]	180	8.33333	-	-	-	-	G
C40096376      none	B	[C:1][CH2:2]!@[O:3][CX4:4]	159.999	5.67469	-	-	-	-	G
C40096376      none	B	[C:1][CH2:2]!@[O:3][CX4:4]	79.999	1.71561	-	-	-	-	G
C40096376      none	B	[OX2:1][CX4H2:2]!@[CX4H2:3][OX2:4]	59.9983	8.22123	-	-	-	-	G
C40096376      none	B	[cH1:1][c:2]([cH1])!@[CX3:3]([CX3H0])=[O:4]	60.2841	0.204918	-	-	-	-	R
C08737720      none	B	[CX4:1][CX4H2:2]!@[NX3:3][CX4:4]	90.0057	8.80906	-	-	-	-	G
C08737720      none	B	[CX4:1][CX4H2:2]!@[NX3:3][CX4:4]	89.9955	8.80906	-	-	-	-	G
C08737720      none	B	[cH1:1][c:2]([cH1])!@[NX3:3][CX4:4]	29.9963	1.31332	-	-	-	-	G
C08737720      none	B	[!#1:1][CX4H2:2]!@[CX4H2:3][!#1:4]	179.999	58.554	-	-	-	-	G
C08737720      none	B	[$(S(=O)(=O)):1][NX3H1:2]!@[CX4H2:3][!#1:4]	90.003	3.00429	-	-	-	-	G
C08737720      none	B	[*:1][$(S(=O)=O):2]!@[NX3H1:3][*:4]	59.9973	8.81913	-	-	-	-	G
C55189056      none	B	[a:1][c:2]!@[C:3]([NH0])=[O:4]	30.0015	2.13889	-	-	-	-	G
C55189056      none	B	[O:1]=[CX3:2](a)!@[NX3H0:3][!#1:4]	30.2711	0.896722	-	-	-	-	R
C55189056      none	B	[O:1]=[C:2]([O-])!@[CX4H1:3][H:4]	-0.00394635	0.495663	-	-	-	-	O
C09436525      none	B	[C:1][CH2:2]!@[O:3][CX4:4]	-79.9953	1.18773	-	-	-	-	G
C09436525      none	B	[!#1:1][CX4H2:2]!@[CX4H2:3][!#1:4]	180	58.554	-	-	-	-	G
C09436525      none	B	[!#1:1][CX4H2:2]!@[CX4H2:3][!#1:4]	59.9932	3.99483	-	-	-	-	G
C09436525      none	B	[$([CX3]=O):1][NX3H0:2](C)!@[CX4H2:3][C:4]	-90.3103	15.9949	-	-	-	-	G
C09436525      none	B	[cH0:1][c:2]!@[CX4H1:3][CX3:4]	92.934	2.10773	-	-	-	-	O
C09436525      none	B	[*^2:1]~[C^2:2]([!H])!@[C^2:3]~[*^2:4]	-150.005	1.11601	-	-	-	-	G
C09436525      none	B	[cH1:1][c:2]([cH1])!@[CX3:3]([CX3H0])=[O:4]	60.2805	0.204918	-	-	-	-	R
C09436525      none	B	[aH1:1][c:2]([aH1])!@[SX4:3][!#1:4]	109.993	4.92809	-	-	-	-	G
C09436525      none	B	[*:1][$(S(=O)=O):2]!@[NX3H0r:3][*:4]	-59.7122	8.17536	-	-	-	-	O
C63004387      none	B	[cH1:1][c:2]([cH1])!@[C:3]([NH1,NH2])=[O:4]	153.019	9.05971	-	-	-	-	G
C63004387      none	B	[O:1]=[CX3:2]!@[NX3H1:3][!#1:4]	-0.00437086	63.7893	-	-	-	-	G
C63004387      none	B	[$(C=O):1][NX3H1:2]!@[CX4H1:3][H:4]	-29.9975	6.97413	-	-	-	-	G
C63004387      none	B	[!#1:1][CX4:2]!@[CX4:3][!#1:4]	-79.998	1.71775	-	-	-	-	G
C63004387      none	B	[O:1]=[C:2]([O-])!@[CX4H1:3][H:4]	90.0001	0.86741	-	-	-	-	O
C63004387      none	B	[!#1:1][CX4H2:2]!@[CX4H2:3][!#1:4]	-59.9974	3.77933	-	-	-	-	G
C04661267      none	B	[O:1]=[CX3:2]!@[NX3H0:3][!#1:4]	179.995	18.2537	-	-	-	-	G
C04661267      none	B	[*^2:1]~[C^2:2]([!H])!@[C^2:3]~[*^2:4]	-120.001	0.661024	-	-	-	-	G
C04661267      none	B	[*^2:1]~[C^2:2]([!H])!@[C^2:3]~[*^2:4]	90.0017	1.26539	-	-	-	-	G
C40578887      none	B	[$([CX3]=O):1][NX3H0:2](C)!@[CX4H2:3][C:4]	-89.9993	15.9949	-	-	-	-	G
C40578887      none	B	[$([CX3]=O):1][NX3H0:2](C)!@[CX4H2:3][C:4]	89.9998	14.7513	-	-	-	-	G
C40578887      none	B	[O:1]=[CX3:2]!@[NX3H0:3][!#1:4]	180	18.2537	-	-	-	-	G
C40578887      none	B	[N:1][CX4:2]!@[CX3:3]=[O:4]	-120.007	0.897291	-	-	-	-	G
C40578887      none	B	[O:1]=[CX3:2]!@[NX3H1:3][!#1:4]	29.9965	0.0707142	-	-	-	-	O
C40578887      none	B	[$(C=O):1][NX3:2]!@[a:3][aH0:4]	-119.687	2.3332	-	-	-	-	G
C41043910      none	B	[$(S(=O)(=O)):1][N:2]!@[c:3][a:4]	-149.998	2.49023	-	-	-	-	G
C41043910      none	B	[c:1][S:2](=O)(=O)!@[NX2H0-:3]-[*:4]	90.0009	2.77778	-	-	-	-	G
C41043910      none	B	[aH0:1][c:2]([aH1])!@[SX4:3][!#1:4]	69.6882	11.3606	-	-	-	-	G
C17077717      none	B	[!#1:1][CH2:2]!@[n:3][a:4]	90.2964	13.2097	-	-	-	-	G
C17077717      none	B	[$(C=O):1][NX3:2]!@[a:3][aH0:4]	-150.002	1.98526	-	-	-	-	O
C17077717      none	B	[$([c]([NH1,NH2])):1][c:2]!@[CX3:3]([!O])=[O:4]	29.9944	6.90608	-	-	-	-	G
C17077717      none	B	[O:1]=[CX3:2]!@[NX3H1:3][!#1:4]	0.00487421	63.7893	-	-	-	-	G
C17077717      none	B	[$([CX3]=O):1][NX3H1:2]!@[CX4H2:3][C:4] 	-60.0032	1.43139	-	-	-	-	G
C17077717      none	B	[OX2:1][CX4H2:2]!@[CX4H2:3][N:4]	-59.9979	16.5981	-	-	-	-	G
C17077717      none	B	[C:1][CH2:2]!@[O:3][CX4:4]	159.995	5.67469	-	-	-	-	G
C17077717      none	B	[O:1]=[CX3:2]!@[NX3H1:3][!#1:4]	0.000449975	63.7893	-	-	-	-	G
C17077717      none	B	[C:1][CX4:2]!@[CX3:3]=[O:4]	123.208	3.75937	-	-	-	-	G
C17077717      none	B	[O:1]=[C:2]([O-])!@[CX4H1:3][H:4]	90.0005	0.86741	-	-	-	-	O
C40558147      none	B	[O:1]=[CX3:2]!@[NX3H0:3][!#1:4]	-30.0015	0.692521	-	-	-	-	O
C40558147      none	B	[O:1]=[CX3:2]!@[NX3H1:3][!#1:4]	-0.00966341	63.7893	-	-	-	-	G
C40558147      none	B	[$(C=O):1][NX3H1:2]!@[CX4H1:3][H:4]	60.0115	6.22422	-	-	-	-	O
C40558147      none	B	[!#1:1][CX4:2]!@[CX4:3][!#1:4]	180	22.1548	-	-	-	-	G
C40558147      none	B	[O:1]=[C:2]([O-])!@[CX4H1:3][H:4]	0.00319257	0.495663	-	-	-	-	O
C40558147      none	B	[C:1][CX4H2:2]!@[CX3:3]=[O:4]	149.998	0.811124	-	-	-	-	R
C45929192      none	B	[!#1:1][CX4:2]!@[SX4:3][!#1:4]	-172.26	7.34737	-	-	-	-	G
C45929192      none	B	[*:1]~[N,n:2]!@[S:3]~[*:4]	-60.0004	4.40087	-	-	-	-	G
C45929192      none	B	[$(S(=O)(=O)):1][N:2]!@[c:3][a:4]	180	4.19922	-	-	-	-	G
C62960365      none	B	[OX2:1][CX4:2]!@[CX4:3][N:4]	-40.0122	1.41573	-	-	-	-	G
C62960365      none	B	[O:1]=[C:2]([O-])!@[CX4H1:3][H:4]	90.0025	0.86741	-	-	-	-	O
C62960365      none	B	[$(C=O):1][NX3H1:2]!@[CX4H1:3][H:4]	-29.9972	6.97413	-	-	-	-	G
C62960365      none	B	[O:1]=[CX3:2]!@[NX3H1:3][!#1:4]	-0.00622613	63.7893	-	-	-	-	G
C62960365      none	B	[O:1]=[CX3:2]!@[NX3H0:3][!#1:4]	-29.7144	0.692521	-	-	-	-	O
C40751022      none	B	[NH1:1][CX4:2]!@[CX3:3]=[O:4]	-30.0089	4.44172	-	-	-	-	G
C40751022      none	B	[$(C=O):1][NX3H1:2]!@[CX4H0:3][C:4]	180	11.3993	-	-	-	-	G
C40751022      none	B	[O:1]=[CX3:2]!@[NX3H1:3][!#1:4]	-0.00297251	63.7893	-	-	-	-	G
C40751022      none	B	[O:1]=[CX3:2]!@[NX3H0:3][!#1:4]	30.0048	0.680979	-	-	-	-	O
C40751022      none	B	[$([CX3]=O):1][NX3H0:2](C)!@[CX4H2:3][C:4]	59.9966	0.600343	-	-	-	-	O
C40751022      none	B	[$([CX3]=O):1][NX3H0:2](C)!@[CX4H2:3][C:4]	-89.9928	15.9949	-	-	-	-	G
C40751022      none	B	[OX2:1][CX4H2:2]!@[CX4H2:3][N:4]	60.0028	17.6955	-	-	-	-	G
C40751022      none	B	[OX2:1][CX4H2:2]!@[CX4H2:3][N:4]	179.999	8.36763	-	-	-	-	G
C37465318      none	B	[OX2:1][CX4:2]!@[CX4:3][N:4]	40.0009	1.66292	-	-	-	-	G
C37465318      none	B	[O:1]=[C:2]([O-])!@[CX4H1:3][H:4]	0.00863521	0.495663	-	-	-	-	O
C37465318      none	B	[$(S(=O)(=O)):1][NX3H1:2]!@[CX4H1:3][H:4]	-30.0029	9.39227	-	-	-	-	G
C37465318      none	B	[c:1][$(S(=O)=O):2]!@[NX3H1:3][C:4]	-89.9983	3.19032	-	-	-	-	G
C37465318      none	B	[aH0:1][c:2]([aH1])!@[SX4:3][!#1:4]	-90.2697	5.01982	-	-	-	-	O
C37465318      none	B	[s:1][c:2]([aX2,cH1])!@[CX3:3](O)=[O:4]	-150.049	0	-	-	-	-	R
C37465318      none	B	[O:1]=[C:2]!@[O:3]~[C:4]	0.0126164	74.4927	-	-	-	-	G
C00372933      none	B	[cH1:1][c:2]([cH1])!@[C:3]([NH1,NH2])=[O:4]	27.0342	8.08167	-	-	-	-	G
C00372933      none	B	[O-:1][N+:2](=O)!@[c:3]([cH0])[cH,nX2H0:4]	0.259069	12.6374	-	-	-	-	G
C00372933      none	B	[O:1]=[CX3:2]!@[NX3H1:3][!#1:4]	-0.0037112	63.7893	-	-	-	-	G
C00372933      none	B	[*:1]~[NX3:2]!@[NX3:3]~[*:4]	150.002	1.2148	-	-	-	-	G
C00372933      none	B	[O:1]=[CX3:2]!@[NX3H1:3][!#1:4]	0.0014406	63.7893	-	-	-	-	G
C00372933      none	B	[C:1][CX4:2]!@[CX3:3]=[O:4]	-0.00319935	5.61823	-	-	-	-	G
C00372933      none	B	[O:1]=[C:2]([O-])!@[CX4H1:3][H:4]	-0.00494506	0.495663	-	-	-	-	O
C63822436      none	B	[a:1][c:2]!@[CX4H1:3][H:4]	-148.482	3.82796	-	-	-	-	G
C63822436      none	B	[cH1,nX2H0:1][c:2]([cH1,nX2H0])!@[NX3r:3][*:4]	180	6.12375	-	-	-	-	G
C63822436      none	B	[cH1:1][c:2]([cH1])!@[CX3:3]=[O:4]	0.00330027	14.2319	-	-	-	-	G
C63822436      none	B	[O:1]=[C:2]!@[O:3]~[C:4]	-0.00390365	74.4927	-	-	-	-	G
C40698489      none	B	[a:1][c:2]!@[CX4H2:3][CX3:4]	-90.0095	7.62274	-	-	-	-	G
C40698489      none	B	[c:1][CX4H2:2]!@[CX3:3]=[O:4]	-60.0002	1.56695	-	-	-	-	G
C40698489      none	B	[O:1]=[CX3:2]!@[NX3H1:3][!#1:4]	-0.00606612	63.7893	-	-	-	-	G
C40698489      none	B	[$(C=O):1][NX3H1:2]!@[CX4H1:3][H:4]	-29.9906	6.97413	-	-	-	-	G
C40698489      none	B	[!#1:1][CX4:2]!@[CX4:3][!#1:4]	-160.001	1.85018	-	-	-	-	G
C40698489      none	B	[O:1]=[C:2]([O-])!@[CX4H1:3][H:4]	89.9982	0.86741	-	-	-	-	O
C40698489      none	B	[!#1:1][CX4H2:2]!@[CX4H2:3][!#1:4]	60.0059	3.99483	-	-	-	-	G
C50670037      none	B	[cH1:1][c:2]([cH1])!@[O:3][C:4]	0.274006	26.3009	-	-	-	-	G
C50670037      none	B	[$(S(=O)(=O)):1][NH0:2]!@[c:3]([cH1])[cH0:4]	-120.001	0	-	-	-	-	R
C50670037      none	B	[c:1][S:2](=O)(=O)!@[NX2H0-:3]-[*:4]	-90.0019	2.77778	-	-	-	-	G
C50670037      none	B	[aH1:1][c:2]([aH1])!@[SX4:3][!#1:4]	90.2795	12.916	-	-	-	-	G
C40551735      none	B	[CX4:1][CX4H2:2]!@[NX3;"N_lp":3][CX4:4]	-80.0006	8.1206	-	-	-	-	G
C40551735      none	B	[!#1:1][CX4H2:2]!@[CX4H2:3][!#1:4]	179.997	58.554	-	-	-	-	G
C40551735      none	B	[$([CX3]=O):1][NX3H1:2]!@[CX4H2:3][C:4] 	-149.997	1.7769	-	-	-	-	O
C40551735      none	B	[O:1]=[CX3:2]!@[NX3H1:3][!#1:4]	0.000454612	63.7893	-	-	-	-	G
C40551735      none	B	[O:1]=[CX3:2]!@[NX3H0:3][!#1:4]	30.3169	0.680979	-	-	-	-	O
C40551735      none	B	[O:1]=[C:2]([O-])!@[CX4H1:3][H:4]	-0.00346294	0.495663	-	-	-	-	O
C67190124      none	B	[!#1:1][CX4:2]!@[CX4:3][!#1:4]	59.9956	12.3771	-	-	-	-	G
C67190124      none	B	[!#1:1][CX4H2:2]!@[CX4H2:3][!#1:4]	180	58.554	-	-	-	-	G
C67190124      none	B	[O:1]=[CX3:2]([NH1])!@[CH2:3][C:4]	-60.0113	5.85305	-	-	-	-	G
C67190124      none	B	[O:1]=[CX3:2]!@[NX3H1:3][!#1:4]	0.0112113	63.7893	-	-	-	-	G
C67190124      none	B	[*:1]~[NX3:2]!@[NX3:3]~[*:4]	-90.0023	3.3545	-	-	-	-	G
C67190124      none	B	[O:1]=[CX3:2]!@[NX3H1:3][!#1:4]	-0.00318551	63.7893	-	-	-	-	G
C67190124      none	B	[cH0:1][c:2]([cH1])!@[CX3:3]([NX3H1])=[O:4]	150.006	1.21845	-	-	-	-	G
C61918329      none	B	[aH0:1][c:2]([aH1])!@[SX4:3][!#1:4]	-64.9987	12.9458	-	-	-	-	G
C61918329      none	B	[O:1]=[C:2]([O-])!@[c:3][a:4]	-0.00374484	11.4943	-	-	-	-	G
C61918329      none	B	[*:1][$(S(=O)=O):2]!@[NX3H0r:3][*:4]	120.275	1.23223	-	-	-	-	O
C52787632      none	B	[a:1][c:2]!@[CX4H1:3][N,O:4]	-29.9946	3.61778	-	-	-	-	G
C52787632      none	B	[$(C=O):1][NX3H1:2]!@[CX4H1:3][H:4]	29.9942	9.46757	-	-	-	-	G
C52787632      none	B	[O:1]=[CX3:2]([$([NX3H1]C)])!@[NX3H1:3][!#1:4]	0.00128808	41.1343	-	-	-	-	G
C52787632      none	B	[O:1]=[CX3:2]([$([NX3H1]C)])!@[NX3H1:3][!#1:4]	180	9.5176	-	-	-	-	R
C52787632      none	B	[$(C=O):1][NX3H1:2]!@[CX4H1:3][H:4]	-30.0106	6.97413	-	-	-	-	G
C52787632      none	B	[!#1:1][CX4:2]!@[CX4:3][!#1:4]	179.995	22.1548	-	-	-	-	G
C52787632      none	B	[O:1]=[C:2]([O-])!@[CX4H1:3][H:4]	-0.00182485	0.495663	-	-	-	-	O
C52787632      none	B	[!#1:1][CX4H2:2]!@[CX4H2:3][!#1:4]	179.994	58.554	-	-	-	-	G
C52787632      none	B	[C:1][CH2:2]!@[O:3][CX4:4]	80.003	1.71561	-	-	-	-	G
C44608194      none	B	[O:1]=[CX3:2]!@[NX3H1:3][!#1:4]	-0.00306718	63.7893	-	-	-	-	G
C44608194      none	B	[$(C=O):1][NX3H1:2]!@[CX4H1:3][H:4]	-30.0018	6.97413	-	-	-	-	G
C44608194      none	B	[H:1][CX4H1:2]!@[OX2:3][!#1:4]	-39.8247	10.8116	-	-	-	-	G
C44608194      none	B	[OX2:1][CX4:2]!@[CX4:3][OX2:4]	160.053	0.798637	-	-	-	-	G
C44608194      none	B	[*:1]~[OX2:2]!@[SX4:3]~[*:4]	-40.0028	4.33662	-	-	-	-	G
C37791414      none	B	[cH0:1][a:2]([cH1])!@[a:3]([sX2,o,nX2H0,nX3H1:4])([cH1])	-150.025	3.80228	-	-	-	-	G
C37791414      none	B	[$(S(=O)(=O)):1][NH0:2]!@[c:3]([cH1])[cH1:4]	119.99	2.06612	-	-	-	-	G
C37791414      none	B	[c:1][S:2](=O)(=O)!@[NX2H0-:3]-[*:4]	89.9989	2.77778	-	-	-	-	G
C37791414      none	B	[aH1:1][c:2]([aH1])!@[SX4:3][!#1:4]	90.3133	12.916	-	-	-	-	G
C43299485      none	B	[cH0:1][a:2]([cH1])!@[a:3]([sX2,o,nX2H0,nX3H1:4])([cH1])	0.00159207	10.4563	-	-	-	-	G
C43299485      none	B	[O-:1][N+:2](=O)!@[c:3]([cH0])[cH,nX2H0:4]	89.9642	0.274725	-	-	-	-	O
C43299485      none	B	[O:1]=[C:2]([O-])!@[c:3]([cH1])[cH1:4]	179.989	7.35294	-	-	-	-	G
C63444258      none	B	[cH0:1][c:2]([cH1])!@[O:3][C:4]	180	48.7454	-	-	-	-	G
C63444258      none	B	[$(S(=O)(=O)):1][NH0:2]!@[c:3]([cH1])[cH1:4]	59.9801	1.23967	-	-	-	-	G
C63444258      none	B	[$(C=O):1][NX3:2]!@[$([a]([cH1])):3][$([aH0](!@O)):4]	150.002	3.41463	-	-	-	-	G
C63444258      none	B	[c:1][S:2](=O)(=O)!@[NX2H0-:3]-[*:4]	89.9962	2.77778	-	-	-	-	G
C63444258      none	B	[aH0:1][c:2]([aH1])!@[SX4:3][!#1:4]	-90.2755	5.01982	-	-	-	-	O
C63444258      none	B	[O-:1][N+:2](=O)!@[c:3]([cH0])[cH,nX2H0:4]	90.2132	0.274725	-	-	-	-	O
C35566411      none	B	[C:1][CX4H2:2]!@[OX2:3][c:4]	90.0031	1.05285	-	-	-	-	G
C35566411      none	B	[cH1:1][c:2](cO)!@[O:3][C:4]	-90.0011	0.35524	-	-	-	-	R
C35566411      none	B	[a:1][c:2]!@[CX4H1:3][N,O:4]	151.617	3.7643	-	-	-	-	G
C35566411      none	B	[*^2:1]~[C^2:2]([!H])!@[C^2:3]~[*^2:4]	-120.024	0.661024	-	-	-	-	G
C35566411      none	B	[$(C=O):1][NX3H0:2]!@[c:3]([s,o])[n:4]	-149.635	0	-	-	-	-	R
C35566411      none	B	[a:1][a:2]!@[CX3:3]=[O:4]	30.3209	2.37961	-	-	-	-	O
C49230304      none	B	[!#1:1][CX4H2:2]!@[CX4H2:3][!#1:4]	179.996	58.554	-	-	-	-	G
C49230304      none	B	[$([CX3]=O):1][NX3H1:2]!@[CX4H2:3][C:4] 	180	6.46594	-	-	-	-	G
C49230304      none	B	[O:1]=[CX3:2]!@[NX3H1:3][!#1:4]	-0.000523277	63.7893	-	-	-	-	G
C49230304      none	B	[NH1:1][CX4:2]!@[CX3:3]=[O:4]	60.0002	0.459488	-	-	-	-	O
C49230304      none	B	[$(C=O):1][NX3H1:2]!@[CX4H1:3][H:4]	-30.007	6.97413	-	-	-	-	G
C49230304      none	B	[O:1]=[CX3:2]!@[NX3H1:3][!#1:4]	0.000121168	63.7893	-	-	-	-	G
C49230304      none	B	[O:1]=[CX3:2]!@[NX3H0:3][!#1:4]	-179.687	18.2537	-	-	-	-	G
C49230304      none	B	[O:1]=[C:2]([O-])!@[CX4H1:3][H:4]	0.00201751	0.495663	-	-	-	-	O
C39458504      none	B	[aH0:1][c:2]([aH0])!@[SX2:3][!#1:4]	-90.0047	3.32646	-	-	-	-	G
C42481756      none	B	[O:1]=[C:2]([O-])!@[CX4H1:3][H:4]	0.00267687	0.495663	-	-	-	-	O
C42481756      none	B	[O:1]=[CX3:2]!@[NX3H0:3][!#1:4]	150.001	1.73707	-	-	-	-	O
C42481756      none	B	[O:1]=[CX3:2]!@[NX3H0:3][!#1:4]	-29.9998	0.692521	-	-	-	-	O
C42481756      none	B	[$([CX3]=O):1][NX3H0:2](C)!@[CX4H2:3][C:4]	-59.9988	0.686106	-	-	-	-	O
C42481756      none	B	[$(C=O):1][NX3H0:2]!@[CX4H1:3][H:4]	4.31349	15.8824	-	-	-	-	G
C42481756      none	B	[OX2:1][CX4H2:2]!@[CX4H2:3][N:4]	180	8.36763	-	-	-	-	G
C37431495      none	B	[OX2:1][CX4:2]!@[CX4:3][N:4]	59.9977	15.2809	-	-	-	-	G
C37431495      none	B	[O:1]=[C:2]([O-])!@[CX4H1:3][H:4]	-0.00228361	0.495663	-	-	-	-	O
C37431495      none	B	[$(C=O):1][NX3H1:2]!@[CX4H1:3][H:4]	-0.00644957	8.26772	-	-	-	-	G
C37431495      none	B	[O:1]=[CX3:2]!@[NX3H1:3][!#1:4]	0.00407588	63.7893	-	-	-	-	G
C37431495      none	B	[cH1:1][c:2]([cH1])!@[C:3]([NH1,NH2])=[O:4]	-26.9942	8.39053	-	-	-	-	G
C05933123      none	B	[aH1:1][c:2]([aH1])!@[SX4:3][!#1:4]	90.0014	12.916	-	-	-	-	G
C05933123      none	B	[*:1][$(S(=O)=O):2]!@[NX3H1:3][*:4]	90.0016	4.90782	-	-	-	-	G
C05933123      none	B	[*:1]~[NX3:2]!@[NX2:3]~[*:4]	-150.003	0.364964	-	-	-	-	O
C05933123      none	B	[*^2:1]~[C^2:2]([!H])!@[C^2:3]~[*^2:4]	30.0024	1.05249	-	-	-	-	G
C61677994      none	B	[!#1:1][CX4:2]!@[CX4:3][!#1:4]	59.997	12.3771	-	-	-	-	G
C61677994      none	B	[C:1][CX4:2]!@[CX3:3]=[O:4]	59.9993	2.38699	-	-	-	-	G
C61677994      none	B	[H:1][CX4H1:2]!@[SX4:3][!#1:4]	67.7423	6.16967	-	-	-	-	G
C61677994      none	B	[aH0:1][c:2]([aH1])!@[SX4:3][!#1:4]	-110.281	1.0568	-	-	-	-	O
C61677994      none	B	[O:1]=[C:2]([O-])!@[c:3]([cH0])[cH0:4]	-89.7368	0	-	-	-	-	G
C49539865      none	B	[!#1:1][CX4H2:2]!@[CX4H2:3][!#1:4]	179.996	58.554	-	-	-	-	G
C49539865      none	B	[!#1:1][CX4:2]!@[CX4:3][!#1:4]	160.001	1.81259	-	-	-	-	G
C49539865      none	B	[NH1:1][CX4:2]!@[CX3:3]=[O:4]	-119.995	0.275693	-	-	-	-	G
C49539865      none	B	[$(C=O):1][NX3H1:2]!@[CX4H0:3][C:4]	59.9894	13.3187	-	-	-	-	G
C49539865      none	B	[O:1]=[CX3:2]([$([NX3H1]C)])!@[NX3H1:3][!#1:4]	0.010092	41.1343	-	-	-	-	G
C49539865      none	B	[O:1]=[CX3:2]([$([NX3H1]C)])!@[NX3H1:3][!#1:4]	179.999	9.5176	-	-	-	-	R
C49539865      none	B	[$(C=O):1][NX3H1:2]!@[CX4H2:3][!#1:4]	180	5.78057	-	-	-	-	G
C49539865      none	B	[a:1][c:2]!@[CX4H2:3][!#1:4]	-89.6779	7.30446	-	-	-	-	G
C25416630      none	B	[O:1]=[CX3:2]!@[NX3H1:3][!#1:4]	-0.00675998	63.7893	-	-	-	-	G
C25416630      none	B	[*:1]~[NX3:2]!@[NX3:3]~[*:4]	180	7.3164	-	-	-	-	G
C25416630      none	B	[O:1]=[CX3:2]!@[NX3H1:3][!#1:4]	0.00947789	63.7893	-	-	-	-	G
C25416630      none	B	[cH1:1][c:2]([cH1])!@[C:3]([NH1,NH2])=[O:4]	26.9931	8.08167	-	-	-	-	G
C25416630      none	B	[aH1:1][c:2]([aH1])!@[SX4:3][!#1:4]	89.9961	12.916	-	-	-	-	G
C25416630      none	B	[c:1][$(S(=O)=O):2]!@[NX3H0:3][C:4]	89.9962	4.81691	-	-	-	-	G
C63348771      none	B	[O:1]=[C:2]([O-])!@[CX4H1:3][H:4]	89.9986	0.86741	-	-	-	-	O
C13390832      none	B	[O:1]=[C:2]([O-])!@[c:3]([cH1])[cH1:4]	179.981	7.35294	-	-	-	-	G
C13390832      none	B	[$(C=O):1][NX3:2]!@[a:3][aH0:4]	-149.998	1.98526	-	-	-	-	O
C13390832      none	B	[O:1]=[CX3:2]!@[NX3H1:3][!#1:4]	-0.00552422	63.7893	-	-	-	-	G
C13390832      none	B	[O:1][CX4:2]!@[CX3:3]=[O:4]	-2.08728	13.789	-	-	-	-	G
C33439864      none	B	[O:1]=[C:2]([O-])!@[CX4H1:3][H:4]	89.9916	0.86741	-	-	-	-	O
C33439864      none	B	[$(C=O):1][NX3H1:2]!@[CX4H1:3][H:4]	-30.0074	6.97413	-	-	-	-	G
C33439864      none	B	[O:1]=[CX3:2]!@[NX3H1:3][!#1:4]	0.00987407	63.7893	-	-	-	-	G
C33439864      none	B	[N:1][CX4:2]!@[CX3:3]=[O:4]	-150.005	3.58916	-	-	-	-	G
C33439864      none	B	[C:1][CX4:2]!@[NX3:3][C:4]	90.0011	4.4579	-	-	-	-	G
C33439864      none	B	[cH1:1][c:2]([cH1])!@[NX3:3][CX4:4]	30.0037	1.31332	-	-	-	-	G
C48968620      none	B	[$(C=O):1][NX3H0:2]!@[CX4H1:3][H:4]	-0.00812454	15.8824	-	-	-	-	G
C48968620      none	B	[O:1]=[CX3:2]!@[NX3H0:3][!#1:4]	150.004	1.73707	-	-	-	-	O
C48968620      none	B	[O:1]=[CX3:2]!@[NX3H1:3][!#1:4]	-0.0106176	63.7893	-	-	-	-	G
C48968620      none	B	[$(C=O):1][NX3H1:2]!@[CX4H1:3][H:4]	-59.9878	1.23735	-	-	-	-	G
C48968620      none	B	[OX2:1][CX4:2]!@[CX4:3][N:4]	-39.9776	1.41573	-	-	-	-	O
C48968620      none	B	[O:1]=[C:2]([O-])!@[CX4H1:3][H:4]	0.00865969	0.495663	-	-	-	-	O
C62933999      none	B	[C:1][CX4:2]!@[CX3:3]=[O:4]	-90.0699	3.45082	-	-	-	-	G
C62933999      none	B	[O:1]=[CX3:2]!@[NX3H0:3][!#1:4]	29.9946	0.680979	-	-	-	-	O
C62933999      none	B	[O:1]=[CX3:2]!@[NX3H0:3][!#1:4]	30.3147	0.680979	-	-	-	-	O
C62933999      none	B	[C:1][CX4:2]!@[CX3:3]=[O:4]	-0.0027585	5.61823	-	-	-	-	G
C18043407      none	B	[*^2:1]~[C^2:2]([!H])!@[C^2:3]~[*^2:4]	149.978	1.21045	-	-	-	-	O
C18043407      none	B	[*:1]~[CX4:2]!@[NX2:3]~[*:4]	-59.9973	3.306	-	-	-	-	G
C18043407      none	B	[OX2:1][CX4:2]!@[CX4:3][N:4]	-40.0071	1.41573	-	-	-	-	G
C18043407      none	B	[OX2:1][CX4:2]!@[CX4:3][N:4]	180	9.8427	-	-	-	-	G
C18043407      none	B	[OX2:1][CX4:2]!@[CX4:3][N:4]	60.0082	15.2809	-	-	-	-	G
C51841261      none	B	[OX2:1][CX4:2]!@[CX4:3][N:4]	-80.0001	3.59551	-	-	-	-	G
C51841261      none	B	[$([CX3]=O):1][NX3H0:2](C)!@[CX4H2:3][C:4]	-89.9977	15.9949	-	-	-	-	G
C51841261      none	B	[O:1]=[CX3:2]!@[NX3H0:3][!#1:4]	180	18.2537	-	-	-	-	G
C51841261      none	B	[O:1]=[CX3:2]!@[NX3H1:3][!#1:4]	-0.001512	63.7893	-	-	-	-	G
C51841261      none	B	[$([CX3]=O):1][NX3H1:2]!@[CX4H2:3][C:4] 	-150.005	1.7769	-	-	-	-	O
C51841261      none	B	[!#1:1][CX4:2]!@[CX4:3][!#1:4]	160.003	1.81259	-	-	-	-	G
C51841261      none	B	[!#1:1][CX4:2]!@[CX4:3][!#1:4]	59.9949	12.3771	-	-	-	-	G
C51841261      none	B	[C:1][CX4H2:2]!@[CX3:3]=[O:4]	-89.9887	1.15875	-	-	-	-	O
C42439959      none	B	[$([CX3]=O):1][NX3H0:2](C)!@[CX4H2:3][C:4]	120	2.74443	-	-	-	-	O
C42439959      none	B	[O:1]=[CX3:2]!@[NX3H0:3][!#1:4]	30.0047	0.680979	-	-	-	-	O
C42439959      none	B	N[C:2](=[O:1])!@[CH2:3][N:4]	90.0003	0	-	-	-	-	R
C42439959      none	B	[O:1]=[CX3:2]!@[NX3H1:3][!#1:4]	-0.00393235	63.7893	-	-	-	-	G
C42439959      none	B	[$([CX3]=O):1][NX3H1:2]!@[CX4H2:3][C:4] 	90.0006	7.35439	-	-	-	-	G
C42439959      none	B	[OX2:1][CX4H2:2]!@[CX4H2:3][N:4]	60.0011	17.6955	-	-	-	-	G
C42439959      none	B	[C:1][CH2:2]!@[O:3][CX4:4]	179.992	35.2689	-	-	-	-	G
C42439959      none	B	[O:1]=[CX3:2]!@[NX3H0:3][!#1:4]	-149.687	1.37927	-	-	-	-	O
C42439959      none	B	[O:1]=[C:2]([O-])!@[CX4H1:3][H:4]	0.00635955	0.495663	-	-	-	-	O
C20142677      none	B	[O:1]=[C:2]([O-])!@[c:3]([cH1])[cH1:4]	179.979	7.35294	-	-	-	-	G
C20142677      none	B	[$(C=O):1][NX3:2]!@[a:3][aH0:4]	149.998	1.842	-	-	-	-	O
C20142677      none	B	[O:1]=[CX3:2]!@[NX3H1:3][!#1:4]	0.00187059	63.7893	-	-	-	-	G
C20142677      none	B	[cH1:1][c:2]([cH1])!@[C:3]([NH1,NH2])=[O:4]	89.9996	0	-	-	-	-	R
C20142677      none	B	[cH0:1][c:2]([cH,nX2H0])!@[NX3H0:3][CX4:4]	-89.7955	1.8357	-	-	-	-	G
C20142677      none	B	[O-:1][N+:2](=O)!@[c:3]([cH0])[cH,nX2H0:4]	90.2527	0.274725	-	-	-	-	O
C13182892      none	B	[*:1]~[CX3:2]!@[cX3:3]~[*:4]	-149.744	2.34159	-	-	-	-	O
C13182892      none	B	[!#1:1][CX4:2]!@[CX4:3][!#1:4]	-79.9994	1.71775	-	-	-	-	G
C13182892      none	B	[C:1][CX4H2:2]!@[CX3:3]=[O:4]	-119.999	0.79457	-	-	-	-	O
C54381845      none	B	[H:1][CX4H1:2]!@[OX2:3][!#1:4]	-29.9953	9.1924	-	-	-	-	G
C54381845      none	B	[cH1,n:1][c:2]!@[O:3][CH1:4]	-0.261469	16.8932	-	-	-	-	G
C54381845      none	B	[nX2H0:1][c:2]!@[C:3](=[N:4])(-[NH1,NH2])	89.9797	0	-	-	-	-	R
C51994228      none	B	[!#1:1][CH2:2]!@[n:3][cH0:4]	90.0019	14.7896	-	-	-	-	G
C51994228      none	B	[!#1:1][CX4H2:2]!@[CX3:3]=[O:4]	-120.002	0.59462	-	-	-	-	G
C51994228      none	B	[O:1]=[CX3:2]!@[NX3H1:3][!#1:4]	0.00186518	63.7893	-	-	-	-	G
C51994228      none	B	[$(C=O):1][NX3H1:2]!@[CX4H1:3][H:4]	-29.999	6.97413	-	-	-	-	G
C00895164      none	B	[OH1:1][CX4:2]!@[CX3:3]=[O:4]	120.005	0.447094	-	-	-	-	O
C62935801      none	B	[C:1][CX4:2]!@[CX3:3]=[O:4]	-0.00298227	5.61823	-	-	-	-	G
C62935801      none	B	[O:1]=[CX3:2]!@[NX3H0:3][!#1:4]	149.998	1.73707	-	-	-	-	O
C62935801      none	B	[O:1]=[CX3:2]!@[NX3H0:3][!#1:4]	-30.0037	0.692521	-	-	-	-	O
C62935801      none	B	[$([CX3]=O):1][NX3H0:2](C)!@[CX4H2:3][C:4]	-120	2.31561	-	-	-	-	O
C62935801      none	B	[$([CX3]=O):1][NX3H0:2](C)!@[CX4H2:3][C:4]	-120.001	2.31561	-	-	-	-	O
C62935801      none	B	N[C:2](=[O:1])!@[CH2:3][N:4]	-90	0.14881	-	-	-	-	R
C62935801      none	B	N[C:2](=[O:1])!@[CH2:3][N:4]	-150.007	2.38095	-	-	-	-	G
C55272813      none	B	[a:1][c:2]!@[CX4H2:3][CX3:4]	90.0293	7.83807	-	-	-	-	G
C55272813      none	B	[c:1][CX4H2:2]!@[CX3:3]=[O:4]	-0.00341688	11.5385	-	-	-	-	G
C55272813      none	B	[O:1]=[CX3:2]!@[NX3H0:3][!#1:4]	-149.71	1.37927	-	-	-	-	O
C55272813      none	B	[O:1]=[C:2]([O-])!@[CX4H1:3][H:4]	-7.73956e-05	0.495663	-	-	-	-	O
C42597285      none	B	[$(C=O):1][NX3H0:2]!@[CX4H1:3][H:4]	180	19.1176	-	-	-	-	G
C42597285      none	B	[$([CX3]=O):1][NX3H0:2](C)!@[CX4H2:3][C:4]	-90.0052	15.9949	-	-	-	-	G
C42597285      none	B	[O:1]=[CX3:2]!@[NX3H0:3][!#1:4]	0.00132176	25.0866	-	-	-	-	G
C42597285      none	B	[!#1:1][CX4:2]!@[CX4:3][!#1:4]	131.381	0.0995365	-	-	-	-	R
C42597285      none	B	[O:1]=[CX3:2]!@[CX3:3]=[O:4]	60.0003	0.346021	-	-	-	-	R
C42597285      none	B	[O:1]=[CX3:2]!@[NX3H1:3][!#1:4]	0.000475513	63.7893	-	-	-	-	G
C65748532      none	B	[!#1:1][CX4H2:2]!@[CX4H2:3][!#1:4]	60.001	3.99483	-	-	-	-	G
C65748532      none	B	[n,o,s:1][c:2]!@[CX4H2:3][CX4:4]	89.995	4.03889	-	-	-	-	G
C65748532      none	B	[*:1]~[CX4:2]!@[n:3]~[*:4]	-150.005	3.13346	-	-	-	-	G
C65748532      none	B	[O:1]=[C:2]([O-])!@[CX4H1:3][H:4]	-0.00114035	0.495663	-	-	-	-	O
C26468742      none	B	[C:1][CX4:2]!@[NX3;"N_lp":3][C:4]	176.049	5.71656	-	-	-	-	G
C26468742      none	B	[CX4:1][CX4H2:2]!@[NX3;"N_lp":3][CX4:4]	-159.996	6.65327	-	-	-	-	G
C26468742      none	B	[!#1:1][CX4H2:2]!@[CX4H2:3][!#1:4]	180	58.554	-	-	-	-	G
C26468742      none	B	[!#1:1][CX4:2]!@[SX4:3][!#1:4]	-159.999	2.90526	-	-	-	-	G
C40698110      none	B	[$(C=O):1][NX3H0:2]!@[CX4H1:3][H:4]	25.381	2.94118	-	-	-	-	G
C40698110      none	B	[C:1][CX4:2]!@[CX3:3]=[O:4]	145.365	1.17362	-	-	-	-	G
C40698110      none	B	[O:1]=[CX3:2]!@[NX3H1:3][!#1:4]	-0.00282168	63.7893	-	-	-	-	G
C40698110      none	B	[$(C=O):1][NX3H1:2]!@[CX4H1:3][H:4]	29.9997	9.46757	-	-	-	-	G
C40698110      none	B	[!#1:1][CX4:2]!@[CX4:3][!#1:4]	180	22.1548	-	-	-	-	G
C40698110      none	B	[O:1]=[C:2]([O-])!@[CX4H1:3][H:4]	-0.00113447	0.495663	-	-	-	-	O
C40698110      none	B	[!#1:1][CX4H2:2]!@[CX4H2:3][!#1:4]	179.997	58.554	-	-	-	-	G
C52786803      none	B	[C:1][CH2:2]!@[O:3][CX4:4]	80.0017	1.71561	-	-	-	-	G
C52786803      none	B	[!#1:1][CX4H2:2]!@[CX4H2:3][!#1:4]	179.999	58.554	-	-	-	-	G
C52786803      none	B	[!#1:1][CX4:2]!@[CX4:3][!#1:4]	59.9999	12.3771	-	-	-	-	G
C52786803      none	B	[O:1]=[C:2]([O-])!@[CX4H1:3][H:4]	0.000655999	0.495663	-	-	-	-	O
C52786803      none	B	[$(C=O):1][NX3H1:2]!@[CX4H1:3][H:4]	-0.00150506	8.26772	-	-	-	-	G
C52786803      none	B	[O:1]=[CX3:2]([$([NX3H1]C)])!@[NX3H1:3][!#1:4]	-0.00157937	41.1343	-	-	-	-	G
C52786803      none	B	[O:1]=[CX3:2]([$([NX3H1]C)])!@[NX3H1:3][!#1:4]	0.00923007	41.1343	-	-	-	-	G
C52786803      none	B	[$(C=O):1][NX3H1:2]!@[CX4H1:3][H:4]	-60.0043	1.23735	-	-	-	-	G
C36354165      none	B	[a:1][ar6:2]!@[ar5:3][a:4]	150.276	2.78735	-	-	-	-	G
C36354165      none	B	[a:1][c:2]!@[CX4H1:3][a:4]	120.001	3.30125	-	-	-	-	G
C36354165      none	B	[cH0:1][c:2]([cH1])!@[O:3][C:4]	180	48.7454	-	-	-	-	G
C36354165      none	B	[cH0:1][c:2]!@[CX4H2:3][N,O,S:4]	-44.9968	3.01473	-	-	-	-	G
C35389549      none	B	[s:1][c:2]!@[C:3]([NH1])=[O:4]	0.289004	23.0769	-	-	-	-	G
C35389549      none	B	[O:1]=[CX3:2]!@[NX3H1:3][!#1:4]	-0.00958671	63.7893	-	-	-	-	G
C35389549      none	B	[$([CX3]=O):1][NX3H1:2]!@[CX4H2:3][C:4] 	90.0046	7.35439	-	-	-	-	G
C35389549      none	B	N[C:2](=[O:1])!@[CH2:3][N:4]	120.008	0.595238	-	-	-	-	G
C35389549      none	B	[O:1]=[CX3:2]!@[NX3H1:3][!#1:4]	-0.00655521	63.7893	-	-	-	-	G
C35389549      none	B	[$(C=O):1][NX3H1:2]!@[CX4H1:3][H:4]	60.0062	6.22422	-	-	-	-	G
C35389549      none	B	[O:1]=[C:2]([O-])!@[CX4H1:3][H:4]	0.00233896	0.495663	-	-	-	-	O
C35389549      none	B	[!#1:1][CX4:2]!@[CX4:3][!#1:4]	60.0008	12.3771	-	-	-	-	G
C41036196      none	B	[NH1:1][CX4:2]!@[CX3:3]=[O:4]	-119.993	0.275693	-	-	-	-	G
C41036196      none	B	[$(C=O):1][NX3H1:2]!@[CX4H0:3][C:4]	-60.0015	14.7253	-	-	-	-	G
C41036196      none	B	[O:1]=[CX3:2]!@[NX3H1:3][!#1:4]	0.00304892	63.7893	-	-	-	-	G
C41036196      none	B	[O:1]=[CX3:2]!@[NX3H0:3][!#1:4]	179.998	18.2537	-	-	-	-	G
C41036196      none	B	[$([CX3]=O):1][NX3H0:2](C)!@[CX4H2:3][C:4]	-119.993	2.31561	-	-	-	-	O
C41036196      none	B	N[C:2](=[O:1])!@[CH2:3][N:4]	-59.9984	0.14881	-	-	-	-	O
C42414707      none	B	[aH0:1][c:2]([aH1])!@[SX4:3][!#1:4]	69.7417	11.3606	-	-	-	-	G
C42414707      none	B	[c:1][S:2](=O)(=O)!@[NX2H0-:3]-[*:4]	90.0007	2.77778	-	-	-	-	G
C42414707      none	B	[$(S(=O)(=O)):1][N:2]!@[c:3][a:4]	-89.9983	5.66406	-	-	-	-	G
C44511141      none	B	[NH1:1][CX4:2]!@[CX3:3]=[O:4]	117.602	0.41354	-	-	-	-	G
C44511141      none	B	[$(C=O):1][NX3H1:2]!@[CX4H0:3][C:4]	59.9937	13.3187	-	-	-	-	G
C44511141      none	B	[O:1]=[CX3:2]([$([NX3H1]C)])!@[NX3H1:3][!#1:4]	0.0132921	41.1343	-	-	-	-	G
C44511141      none	B	[O:1]=[CX3:2]([$([NX3H1]C)])!@[NX3H1:3][!#1:4]	-0.0132731	41.1343	-	-	-	-	G
C44511141      none	B	[$([CX3]=O):1][NX3H1:2]!@[CX4H2:3][C:4] 	180	6.46594	-	-	-	-	G
C44511141      none	B	[!#1:1][CX4H2:2]!@[CX4H2:3][!#1:4]	60.0049	3.99483	-	-	-	-	G
C44511141      none	B	[!#1:1][CX4:2]!@[CX4:3][!#1:4]	162.089	1.81259	-	-	-	-	G
C64610683      none	B	[$(C=O):1][NX3:2]!@[$([a]([cH1])):3][$([aH0](!@O)):4]	-120	0.731707	-	-	-	-	O
C64610683      none	B	[aH1:1][c:2]([aH1])!@[SX4:3][!#1:4]	-90.0117	12.5987	-	-	-	-	G
C64610683      none	B	[O:1]=[CX3:2]!@[NX3H1:3][!#1:4]	0.00607796	63.7893	-	-	-	-	G
C64610683      none	B	[O:1]=[CX3:2]([NH1])!@[CH2:3][C:4]	-119.996	0.124533	-	-	-	-	O
C64610683      none	B	[!#1:1][CX4:2]!@[CX4:3][!#1:4]	37.5137	0.998355	-	-	-	-	G
C64610683      none	B	[C:1][CX4:2]!@[CX3:3]=[O:4]	90.003	3.65147	-	-	-	-	G
C40551412      none	B	[!#1:1][CX4:2]!@[CX4:3][!#1:4]	-81.3762	1.71775	-	-	-	-	G
C40551412      none	B	[NH1:1][CX4:2]!@[CX3:3]=[O:4]	-120.002	0.275693	-	-	-	-	G
C40551412      none	B	[$(C=O):1][NX3H1:2]!@[CX4H0:3][C:4]	-60.0009	14.7253	-	-	-	-	G
C40551412      none	B	[O:1]=[CX3:2]([$([NX3H1]C)])!@[NX3H1:3][!#1:4]	-0.000187122	41.1343	-	-	-	-	G
C40551412      none	B	[O:1]=[CX3:2]([$([NX3H1]C)])!@[NX3H1:3][!#1:4]	-0.000106836	41.1343	-	-	-	-	G
C40551412      none	B	[$([CX3]=O):1][NX3H1:2]!@[CX4H2:3][C:4] 	119.999	2.76407	-	-	-	-	O
C40551412      none	B	[!#1:1][CX4H2:2]!@[CX4H2:3][!#1:4]	59.9982	3.99483	-	-	-	-	G
C40551412      none	B	[n,o,s:1][c:2]!@[CX4H2:3][CX4:4]	-89.9976	5.3104	-	-	-	-	G
C19788482      none	B	[cH1:1][c:2]([cH1])!@[NX3:3][CX4:4]	20.0009	2.88127	-	-	-	-	G
C19788482      none	B	[!#1:1][CX4H2:2]!@[NX3H1:3][!#1:4]	149.998	1.87295	-	-	-	-	O
C19788482      none	B	[!#1:1][CX4H2:2]!@[CX4H2:3][!#1:4]	60.0008	3.99483	-	-	-	-	G
C19788482      none	B	[!#1:1][CX4H2:2]!@[CX4H2:3][!#1:4]	179.997	58.554	-	-	-	-	G
C19788482      none	B	[!#1:1][CX4:2]!@[SX4:3][!#1:4]	-160.008	2.90526	-	-	-	-	G
C41034779      none	B	[NH1:1][CX4:2]!@[CX3:3]=[O:4]	119.992	0.41354	-	-	-	-	G
C41034779      none	B	[!#1:1][CX4:2]!@[NX3:3][!#1:4]	90.0052	4.4726	-	-	-	-	G
C41034779      none	B	[c:1][$(S(=O)=O):2]!@[NX3H1:3][C:4]	-147.004	0	-	-	-	-	R
C41034779      none	B	[aH1:1][c:2]([aH1])!@[SX4:3][!#1:4]	90.3096	12.916	-	-	-	-	G
C06189921      none	B	[cH0:1][c:2]!@[CX4H1:3][N,O,S:4]	179.995	1.33978	-	-	-	-	G
C06189921      none	B	[H:1][CX4H1:2]!@[SX4:3][!#1:4]	39.999	6.04113	-	-	-	-	G
C37586419      none	B	[!#1:1][CX4:2]!@[CX4:3][!#1:4]	-59.9987	12.2558	-	-	-	-	G
C37586419      none	B	[!#1:1][CX4:2]!@[CX4:3][!#1:4]	-160.002	1.85018	-	-	-	-	G
C37586419      none	B	[NH1:1][CX4:2]!@[CX3:3]=[O:4]	60.0065	0.459488	-	-	-	-	O
C37586419      none	B	[$(C=O):1][NX3H1:2]!@[CX4H1:3][H:4]	0.000349167	8.26772	-	-	-	-	G
C37586419      none	B	[O:1]=[CX3:2]!@[NX3H0:3][!#1:4]	29.9933	0.680979	-	-	-	-	O
C37586419      none	B	[$([CX3]=O):1][NX3H0:2](C)!@[CX4H2:3][C:4]	59.9971	0.600343	-	-	-	-	O
C37586419      none	B	[$(C=O):1][NX3H0:2]!@[CX4H1:3][H:4]	-1.66846	15.8824	-	-	-	-	G
C37586419      none	B	[N:1][CX4:2]!@[CX3:3]=[O:4]	-120.01	0.897291	-	-	-	-	G
C37586419      none	B	[O:1]=[CX3:2]!@[NX3H1:3][!#1:4]	-0.00220361	63.7893	-	-	-	-	G
C62100854      none	B	[NH1:1][CX4:2]!@[CX3:3]=[O:4]	-29.9918	4.44172	-	-	-	-	G
C62100854      none	B	[$(C=O):1][NX3H1:2]!@[CX4H0:3][C:4]	179.999	11.3993	-	-	-	-	G
C62100854      none	B	[O:1]=[CX3:2]!@[NX3H1:3][!#1:4]	-0.000563939	63.7893	-	-	-	-	G
C62100854      none	B	[O:1]=[CX3:2]!@[NX3H0:3][!#1:4]	-149.712	1.37927	-	-	-	-	O
C40557091      none	B	[!#1:1][CX4:2]!@[CX4:3][!#1:4]	-60.0084	12.2558	-	-	-	-	G
C40557091      none	B	[!#1:1][CX4:2]!@[CX4:3][!#1:4]	179.997	22.1548	-	-	-	-	G
C40557091      none	B	[O:1]=[C:2]([O-])!@[CX4H1:3][H:4]	-0.000401429	0.495663	-	-	-	-	O
C40557091      none	B	[$(C=O):1][NX3H1:2]!@[CX4H1:3][H:4]	-29.9952	6.97413	-	-	-	-	G
C40557091      none	B	[O:1]=[CX3:2]([$([NX3H1]C)])!@[NX3H1:3][!#1:4]	-0.00170902	41.1343	-	-	-	-	G
C40557091      none	B	[O:1]=[CX3:2]([$([NX3H1]C)])!@[NX3H1:3][!#1:4]	-0.000344282	41.1343	-	-	-	-	G
C40557091      none	B	[$(C=O):1][NX3H1:2]!@[CX4H1:3][H:4]	-29.9939	6.97413	-	-	-	-	G
C48865905      none	B	[NH1:1][CX4:2]!@[CX3:3]=[O:4]	-149.997	4.5183	-	-	-	-	G
C48865905      none	B	[$(C=O):1][NX3H1:2]!@[CX4H0:3][C:4]	179.998	11.3993	-	-	-	-	G
C48865905      none	B	[O:1]=[CX3:2]!@[NX3H1:3][!#1:4]	0.00264984	63.7893	-	-	-	-	G
C48865905      none	B	[O:1]=[CX3:2]!@[NX3H0:3][!#1:4]	30.2888	0.680979	-	-	-	-	O
C48865905      none	B	[OX2:1][CX4:2]!@[CX4:3][N:4]	-80.0037	3.59551	-	-	-	-	G
C37448897      none	B	[O:1]=[CX3:2]!@[NX3H1:3][!#1:4]	0.00574426	63.7893	-	-	-	-	G
C37448897      none	B	[$([CX3]=O):1][NX3H1:2]!@[CX4H2:3][C:4] 	120	2.76407	-	-	-	-	O
C37448897      none	B	[!#1:1][CX4H2:2]!@[CX4H2:3][!#1:4]	59.9998	3.99483	-	-	-	-	G
C37448897      none	B	[N:1][C:2](=O)!@[CX4H2:3][CX4H2:4]	180	15.2589	-	-	-	-	G
C37448897      none	B	[O:1]=[CX3:2]!@[NX3H0:3][!#1:4]	30.3188	0.680979	-	-	-	-	O
C37448897      none	B	[O:1]=[C:2]([O-])!@[CX4H1:3][H:4]	-0.00127049	0.495663	-	-	-	-	O
C41037605      none	B	[NH1:1][CX4:2]!@[CX3:3]=[O:4]	-150.006	4.5183	-	-	-	-	G
C41037605      none	B	[$(C=O):1][NX3H1:2]!@[CX4H0:3][C:4]	179.999	11.3993	-	-	-	-	G
C41037605      none	B	[O:1]=[CX3:2]!@[NX3H1:3][!#1:4]	0.00628661	63.7893	-	-	-	-	G
C41037605      none	B	[nH0r6:1][cr6:2]([cH1r6])!@[C:3]([NH1,NH2])=[O:4]	119.998	0	-	-	-	-	R
C20272665      none	B	[cH0:1][c:2]!@[CX4H2:3][CX4:4]	89.9989	18.5823	-	-	-	-	G
C20272665      none	B	[C:1][CX4:2]!@[CX3:3]=[O:4]	-122.408	3.42432	-	-	-	-	G
C20272665      none	B	[O:1]=[C:2]!@[O:3]~[C:4]	-0.0027474	74.4927	-	-	-	-	G
C20272665      none	B	[!#1:1][CX4H2:2]!@[CX4H2:3][!#1:4]	60.0023	3.99483	-	-	-	-	G
C20272665      none	B	[C:1][CX4H2:2]!@[CX3:3]=[O:4]	-120.004	0.79457	-	-	-	-	O
C41034023      none	B	[NH1:1][CX4:2]!@[CX3:3]=[O:4]	-150.009	4.5183	-	-	-	-	G
C41034023      none	B	[$(C=O):1][NX3H1:2]!@[CX4H0:3][C:4]	179.996	11.3993	-	-	-	-	G
C41034023      none	B	[O:1]=[CX3:2]!@[NX3H1:3][!#1:4]	0.00943972	63.7893	-	-	-	-	G
C41034023      none	B	[NH1:1][CX4:2]!@[CX3:3]=[O:4]	-57.9175	1.73074	-	-	-	-	O
C40551179      none	B	[$(C=O):1][NX3H1:2]!@[CX4H1:3][H:4]	30.0041	9.46757	-	-	-	-	G
C40551179      none	B	[O:1]=[CX3:2]!@[NX3H1:3][!#1:4]	0.000940026	63.7893	-	-	-	-	G
C40551179      none	B	[O:1]=[CX3:2]!@[NX3H0:3][!#1:4]	30.3048	0.680979	-	-	-	-	O
C40551179      none	B	[O:1]=[C:2]([O-])!@[CX4H1:3][H:4]	-0.00468171	0.495663	-	-	-	-	O
C22960459      none	B	[c:1][$(S(=O)=O):2]!@[NX3H0:3][C:4]	89.9967	4.81691	-	-	-	-	G
C22960459      none	B	[aH1:1][c:2]([aH1])!@[SX4:3][!#1:4]	70.2769	5.04089	-	-	-	-	G
C22960459      none	B	[aH1:1][c:2]([aH1])!@[SX4:3][!#1:4]	-89.9962	12.5987	-	-	-	-	G
C22960459      none	B	[c:1][S:2](=O)(=O)!@[NX2H0-:3]-[*:4]	-89.9995	2.77778	-	-	-	-	G
C22960459      none	B	[$(S(=O)(=O)):1][NH0:2]!@[c:3]([cH1])[cH0:4]	119.722	0	-	-	-	-	R
C22960459      none	B	[cH0:1][c:2]([cH1])!@[CX3:3]([NX3H0])=[O:4]	-60.0021	9.09091	-	-	-	-	G
C22960459      none	B	[O:1]=[CX3:2](a)!@[NX3H0:3][!#1:4]	150.277	2.50464	-	-	-	-	G
C37656772      none	B	[$(C=O):1][NX3H1:2]!@[CX4H1:3][H:4]	29.9982	9.46757	-	-	-	-	G
C37656772      none	B	[O:1]=[CX3:2]!@[NX3H1:3][!#1:4]	-0.00544114	63.7893	-	-	-	-	G
C37656772      none	B	N[C:2](=[O:1])!@[CH2:3][N:4]	180	8.33333	-	-	-	-	G
C37656772      none	B	[$(S(=O)(=O)):1][NX3H1:2]!@[CX4H2:3][!#1:4]	-89.9984	3.86266	-	-	-	-	G
C37656772      none	B	[*:1][$(S(=O)=O):2]!@[NX3H1:3][*:4]	-90.0044	4.38465	-	-	-	-	G
C37656772      none	B	[*:1][$(S(=O)=O):2]!@[NX3H0r:3][*:4]	120.282	1.23223	-	-	-	-	O
C37656772      none	B	[O:1]=[C:2]([O-])!@[CX4H1:3][H:4]	90.0047	0.86741	-	-	-	-	O
C61834544      none	B	[!#1:1][CX4:2]!@[CX4:3][!#1:4]	59.9971	12.3771	-	-	-	-	G
C61834544      none	B	[!#1:1][CX4:2]!@[CX4:3][!#1:4]	-59.993	12.2558	-	-	-	-	G
C61834544      none	B	[O:1]=[CX3:2]([NH1])!@[CH2:3][C:4]	59.9907	6.84932	-	-	-	-	G
C61834544      none	B	[O:1]=[CX3:2]!@[NX3H1:3][!#1:4]	0.0145181	63.7893	-	-	-	-	G
C61834544      none	B	[$(C=O):1][NX3H1:2]!@[c:3]([cH1])[cH1:4]	-0.00385977	7.77286	-	-	-	-	G
C61834544      none	B	[C:1][CX4H2:2]!@[CX3:3]=[O:4]	120.009	0.695249	-	-	-	-	O
C31965989      none	B	[$([C](=O)):1][NX3H1:2]!@[$([a]([nH0,o])):3][cH1:4]	-29.989	3.65591	-	-	-	-	O
C31965989      none	B	[cH1:1][c:2]([cH1])!@[NX3:3][CX4:4]	-159.999	2.66685	-	-	-	-	G
C31965989      none	B	[!#1:1][CX4H2:2]!@[NX3H1:3][!#1:4]	150.006	1.87295	-	-	-	-	O
C31965989      none	B	[!#1:1][CX4H2:2]!@[CX4H2:3][!#1:4]	-60.0004	3.77933	-	-	-	-	G
C31965989      none	B	[!#1:1][CX4H2:2]!@[CX4H2:3][!#1:4]	180	58.554	-	-	-	-	G
C31965989      none	B	[O:1]=[CX3:2]!@[NX3H1:3][!#1:4]	0.0106716	63.7893	-	-	-	-	G
C31965989      none	B	[O:1]=[CX3:2]([NH1])!@[CH2:3][C:4]	-60.0072	5.85305	-	-	-	-	G
C31965989      none	B	[!#1:1][CX4H2:2]!@[CX4H2:3][!#1:4]	-59.9951	3.77933	-	-	-	-	G
C31965989      none	B	[C:1][CX4H2:2]!@[CX3:3]=[O:4]	119.999	0.695249	-	-	-	-	O
C61180032      none	B	[$([CX3]=O):1][NX3H0:2](C)!@[CX4H2:3][C:4]	90.0064	14.7513	-	-	-	-	G
C61180032      none	B	[$(C=O):1][NX3H0:2]!@[CX4H1:3][H:4]	-0.00972463	15.8824	-	-	-	-	G
C61180032      none	B	[O:1]=[CX3:2]!@[NX3H0:3][!#1:4]	-0.0137511	25.0866	-	-	-	-	G
C61180032      none	B	[!#1:1][CX4:2]!@[CX4:3][!#1:4]	180	22.1548	-	-	-	-	G
C61180032      none	B	[C:1][CX4H2:2]!@[CX3:3]=[O:4]	-119.996	0.79457	-	-	-	-	O
C61180032      none	B	[NH1:1][CX4:2]!@[CX3:3]=[O:4]	120.012	0.41354	-	-	-	-	G
C61180032      none	B	[!#1:1][CX4:2]!@[CX4:3][!#1:4]	-79.9995	1.71775	-	-	-	-	G
C61180032      none	B	[$(C=O):1][NX3H1:2]!@[CX4H1:3][H:4]	30.0071	9.46757	-	-	-	-	G
C61180032      none	B	[!#1:1][CX4H2:2]!@[CX4H2:3][!#1:4]	180	58.554	-	-	-	-	G
C61180032      none	B	[!#1:1][CX4:2]!@[SX2:3][!#1:4]	-80.0041	6.01214	-	-	-	-	G
C61180032      none	B	[O:1]=[CX3:2]!@[NX3H1:3][!#1:4]	-0.00351055	63.7893	-	-	-	-	G
C59226950      none	B	[a:1][c:2]!@[CX4H1:3][N,O:4]	-122.655	3.08052	-	-	-	-	G
C59226950      none	B	[cH1:1][c:2]([cH1])!@[O:3][C:4]	-30.0088	0.195465	-	-	-	-	O
C59226950      none	B	[C:1][CX4H2:2]!@[OX2:3][c:4]	-149.992	1.28448	-	-	-	-	O
C59226950      none	B	[O:1][CX4:2]!@[CX3:3]=[O:4]	-90.0085	0.491063	-	-	-	-	O
C59226950      none	B	[a:1][a:2]!@[NX3:3][!#1:4]	120.281	1.62057	-	-	-	-	O
C59226950      none	B	[cH1,nX2H0:1][c:2]([cH1,nX2H0])!@[NX3r:3][*:4]	-179.728	6.12375	-	-	-	-	G
C62103956      none	B	[O:1]=[C:2]([O-])!@[CX4H1:3][H:4]	0.00143761	0.495663	-	-	-	-	O
C62103956      none	B	[O:1]=[CX3:2]!@[NX3H0:3][!#1:4]	-0.00486135	25.0866	-	-	-	-	G
C62103956      none	B	[C:1][CX4:2]!@[CX3:3]=[O:4]	-27.2087	3.42621	-	-	-	-	G
C50252618      none	B	[$(S(=O)(=O)):1][NH0:2]!@[c:3]([cH0])[cH0:4]	90.2526	8.69565	-	-	-	-	G
C50252618      none	B	[c:1][S:2](=O)(=O)!@[NX2H0-:3]-[*:4]	89.9976	2.77778	-	-	-	-	G
C50252618      none	B	[aH0:1][c:2]([aH0])!@[SX4:3][!#1:4]	60.0011	4.18994	-	-	-	-	G
C37449607      none	B	[O:1]=[CX3:2]!@[NX3H0:3][!#1:4]	-30.0015	0.692521	-	-	-	-	O
C37449607      none	B	[O:1]=[C:2]([O-])!@[CX4H1:3][H:4]	-0.000166604	0.495663	-	-	-	-	O
C37449607      none	B	[N:1][C:2](=O)!@[CX4H2:3][CX4H2:4]	-149.999	5.31335	-	-	-	-	G
C37449607      none	B	[!#1:1][CX4H2:2]!@[CX4H2:3][!#1:4]	180	58.554	-	-	-	-	G
C37449607      none	B	[!#1:1][CX4:2]!@[SX2:3][!#1:4]	-159.999	3.18377	-	-	-	-	G
C37449607      none	B	[!#1:1][CX4:2]!@[SX2:3][!#1:4]	160.001	2.91722	-	-	-	-	G
C37449607      none	B	[!#1:1][CX4H2:2]!@[CX3:3]=[O:4]	180	2.94479	-	-	-	-	G
C40912382      none	B	[NH1:1][CX4:2]!@[CX3:3]=[O:4]	-30.0017	4.44172	-	-	-	-	G
C40912382      none	B	[$(C=O):1][NX3H1:2]!@[CX4H0:3][C:4]	59.9914	13.3187	-	-	-	-	G
C40912382      none	B	[O:1]=[CX3:2]([$([NX3H1]C)])!@[NX3H1:3][!#1:4]	0.00427518	41.1343	-	-	-	-	G
C40912382      none	B	[O:1]=[CX3:2]([$([NX3H1]C)])!@[NX3H1:3][!#1:4]	180	9.5176	-	-	-	-	R
C40912382      none	B	[$([CX3]=O):1][NX3H1:2]!@[CX4H2:3][C:4] 	179.999	6.46594	-	-	-	-	G
C40912382      none	B	[OX2:1][CX4:2]!@[CX4:3][N:4]	160.125	1.1236	-	-	-	-	O
C63010788      none	B	[H:1][CX4H1:2]!@[O:3][CX4:4]	-39.9982	11.8876	-	-	-	-	G
C63010788      none	B	[O:1]=[C:2]([O-])!@[CX4H1:3][H:4]	89.9959	0.86741	-	-	-	-	O
C63010788      none	B	[O:1]=[CX3:2](a)!@[NX3H0:3][!#1:4]	29.9935	0.896722	-	-	-	-	O
C63010788      none	B	[a:1][c:2]!@[C:3]([NH0])=[O:4]	60.2795	3.02778	-	-	-	-	G
C43503881      none	B	[cH0:1][c:2]([cH1])!@[CX3:3]([NX3H1])=[O:4]	29.9967	2.4369	-	-	-	-	G
C43503881      none	B	[O:1]=[CX3:2]!@[NX3H1:3][!#1:4]	0.000156204	63.7893	-	-	-	-	G
C43503881      none	B	[$(C=O):1][NX3H1:2]!@[CX4H0:3][C:4]	179.998	11.3993	-	-	-	-	G
C43503881      none	B	[NH1:1][CX4:2]!@[CX3:3]=[O:4]	0.000626662	6.89233	-	-	-	-	G
C03050514      none	B	[cH1,nX2H0:1][c:2]([cH1,nX2H0])!@[NX3r:3][*:4]	-119.717	2.61442	-	-	-	-	O
C03050514      none	B	[*:1]~[cX3:2]!@[NX2:3]~[*:4]	-89.9941	2.13435	-	-	-	-	O
C03050514      none	B	[cH1:1][c:2]([cH0])!@[CX3x0:3]=[NX2:4]	0.276675	6.02623	-	-	-	-	G
C03050514      none	B	[O-:1][N+:2](=O)!@[c:3]([cH,nX2H0])[cH,nX2H0:4]	179.976	23.2156	-	-	-	-	G
C03050514      none	B	[O-:1][N+:2](=O)!@[c:3]([cH0])[cH,nX2H0:4]	-0.304928	12.6374	-	-	-	-	G
C49123675      none	B	[!#1:1][CX4H2:2]!@[CX4H2:3][!#1:4]	179.995	58.554	-	-	-	-	G
C49123675      none	B	[!#1:1][CX4:2]!@[CX4:3][!#1:4]	-160.005	1.85018	-	-	-	-	G
C49123675      none	B	[NH1:1][CX4:2]!@[CX3:3]=[O:4]	119.999	0.41354	-	-	-	-	G
C49123675      none	B	[$(C=O):1][NX3H1:2]!@[CX4H0:3][C:4]	-60.0061	14.7253	-	-	-	-	G
C49123675      none	B	[O:1]=[CX3:2]([$([NX3H1]C)])!@[NX3H1:3][!#1:4]	-6.52681e-05	41.1343	-	-	-	-	G
C49123675      none	B	[O:1]=[CX3:2]([$([NX3H1]C)])!@[NX3H1:3][!#1:4]	0.00680215	41.1343	-	-	-	-	G
C49123675      none	B	[$(C=O):1][NX3H1:2]!@[CX4H1:3][H:4]	-60.0042	1.23735	-	-	-	-	G
C49123675      none	B	[!#1:1][CX4:2]!@[CX4:3][!#1:4]	179.997	22.1548	-	-	-	-	G
C05928498      none	B	[c:1][c:2]!@[c:3][s,o,nX3H1:4]	-179.731	12.4984	-	-	-	-	G
C50376583      none	B	[H:1][CX4H1:2]!@[O:3][CX4:4]	-59.9937	5.14933	-	-	-	-	G
C50376583      none	B	[$(C=O):1][NX3H1:2]!@[CX4H1:3][H:4]	-0.0032433	8.26772	-	-	-	-	G
C50376583      none	B	[O:1]=[CX3:2]([$([NX3H1]C)])!@[NX3H1:3][!#1:4]	-0.000443764	41.1343	-	-	-	-	G
C50376583      none	B	[O:1]=[CX3:2]([$([NX3H1]C)])!@[NX3H1:3][!#1:4]	180	9.5176	-	-	-	-	R
C50376583      none	B	[$(C=O):1][NX3H1:2]!@[CX4H0:3][C:4]	63.1853	13.3187	-	-	-	-	G
C50376583      none	B	[NH1:1][CX4:2]!@[CX3:3]=[O:4]	90.0025	0.183795	-	-	-	-	R
C13543863      none	B	[O:1]=[C:2]([O-])!@[CX4H1:3][H:4]	90.003	0.86741	-	-	-	-	O
C05883037      none	B	[H:1][CX4H1:2]!@[O:3][CX4:4]	160	0.0441371	-	-	-	-	R
C05883037      none	B	[!#1:1][CX4:2]!@[CX4:3][!#1:4]	59.9933	12.3771	-	-	-	-	G
C05883037      none	B	[!#1:1][CX4:2]!@[SX4:3][!#1:4]	-79.9915	3.11579	-	-	-	-	G
C40546949      none	B	[OX2:1][CX4:2]!@[CX4:3][N:4]	179.993	9.8427	-	-	-	-	G
C40546949      none	B	[O:1]=[C:2]([O-])!@[CX4H1:3][H:4]	89.9908	0.86741	-	-	-	-	O
C40546949      none	B	[$(C=O):1][NX3H1:2]!@[CX4H1:3][H:4]	30.0061	9.46757	-	-	-	-	G
C40546949      none	B	[O:1]=[CX3:2]([$([NX3H1]C)])!@[NX3H1:3][!#1:4]	0.00146024	41.1343	-	-	-	-	G
C40546949      none	B	[O:1]=[CX3:2]([$([NX3H1]C)])!@[NX3H1:3][!#1:4]	180	9.5176	-	-	-	-	R
C40546949      none	B	[$(C=O):1][NX3H1:2]!@[c:3]([cH1])[cH1:4]	59.996	0.402739	-	-	-	-	R
C40546949      none	B	[aH1:1][c:2]([aH1])!@[SX4:3][!#1:4]	90.0002	12.916	-	-	-	-	G
C20249809      none	B	[OX2:1][CX4:2]!@[CX4:3][N:4]	60.0011	15.2809	-	-	-	-	G
C20249809      none	B	[O:1]=[C:2]([O-])!@[CX4H1:3][H:4]	-0.00411791	0.495663	-	-	-	-	O
C20249809      none	B	[$(C=O):1][NX3H1:2]!@[CX4H1:3][H:4]	30.0033	9.46757	-	-	-	-	G
C20249809      none	B	[O:1]=[CX3:2]!@[NX3H1:3][!#1:4]	0.00187015	63.7893	-	-	-	-	G
C20249809      none	B	[C:1][CX4:2]!@[CX3:3]=[O:4]	-60.2582	2.40592	-	-	-	-	G
C04008781      none	B	[N:1][CX4:2]!@[CX3:3]=[O:4]	-89.9988	0.479136	-	-	-	-	O
C04008781      none	B	[$([CX3]=O):1][NX3H0:2](C)!@[CX4H2:3][C:4]	119.694	2.74443	-	-	-	-	O
C40601298      none	B	[!#1:1][CX4:2]!@[CX4:3][!#1:4]	149.997	0.50879	-	-	-	-	G
C40601298      none	B	[O:1]=[C:2]([O-])!@[CX4H1:3][H:4]	0.00457152	0.495663	-	-	-	-	O
C40601298      none	B	[$(C=O):1][NX3H1:2]!@[CX4H1:3][H:4]	-29.9972	6.97413	-	-	-	-	G
C40601298      none	B	[O:1]=[CX3:2]([$([NX3H1]C)])!@[NX3H1:3][!#1:4]	0.00367099	41.1343	-	-	-	-	G
C40601298      none	B	[O:1]=[CX3:2]([$([NX3H1]C)])!@[NX3H1:3][!#1:4]	179.997	9.5176	-	-	-	-	R
C40601298      none	B	[$([CX3]=O):1][NX3H1:2]!@[CX4H2:3][C:4] 	-90.0011	7.35439	-	-	-	-	G
C40601298      none	B	[!#1:1][CX4H2:2]!@[CX4H2:3][!#1:4]	180	58.554	-	-	-	-	G
C40601298      none	B	[cH1:1][c:2]([cH1])!@[CX4H2:3][CX4:4]	90.0015	11.713	-	-	-	-	G
C58914281      none	B	[!#1:1][CX4:2]!@[CX4:3][!#1:4]	180	22.1548	-	-	-	-	G
C58914281      none	B	[O:1]=[C:2]([O-])!@[CX4H1:3][H:4]	-0.00419029	0.495663	-	-	-	-	O
C58914281      none	B	[$(C=O):1][NX3H1:2]!@[CX4H1:3][H:4]	-59.9975	1.23735	-	-	-	-	G
C58914281      none	B	[O:1]=[CX3:2]([$([NX3H1]C)])!@[NX3H1:3][!#1:4]	0.00474638	41.1343	-	-	-	-	G
C58914281      none	B	[O:1]=[CX3:2]([$([NX3H1]C)])!@[NX3H1:3][!#1:4]	0.00112538	41.1343	-	-	-	-	G
C58914281      none	B	[$([CX3]=O):1][NX3H1:2]!@[CX4H2:3][C:4] 	-119.999	2.61599	-	-	-	-	O
C58914281      none	B	[!#1:1][CX4:2]!@[CX4:3][!#1:4]	55.0548	12.3771	-	-	-	-	G
C54505387      none	B	[aH1:1][c:2]([aH1])!@[SX4:3][!#1:4]	90.0016	12.916	-	-	-	-	G
C54505387      none	B	[c:1][$(S(=O)=O):2]!@[NX3H1:3][C:4]	-59.9993	13.7514	-	-	-	-	G
C54505387      none	B	[$(S(=O)(=O)):1][NX3H1:2]!@[CX4H1:3][H:4]	-0.00270097	7.36648	-	-	-	-	G
C54505387      none	B	[!#1:1][CX4:2]!@[CX4:3][!#1:4]	28.6237	0.236666	-	-	-	-	O
C54505387      none	B	[O:1]=[C:2]([O-])!@[CX4H1:3][H:4]	0.000753241	0.495663	-	-	-	-	O
C48440452      none	B	[!#1:1][CH2:2]!@[n:3][a:4]	45.0045	0.859064	-	-	-	-	O
C48440452      none	B	[O-:1][N+:2](=O)!@[c:3]([cH,nX2H0])[cH,nX2H0:4]	179.971	23.2156	-	-	-	-	G
C48440452      none	B	[!#1:1][CX4H2:2]!@[CX3:3]=[O:4]	29.9946	3.68098	-	-	-	-	G
C48440452      none	B	[O:1]=[CX3:2]!@[NX3H1:3][!#1:4]	-0.00288535	63.7893	-	-	-	-	G
C48440452      none	B	[$(C=O):1][NX3H1:2]!@[CX4H0:3][C:4]	173.712	7.07692	-	-	-	-	G
C48440452      none	B	[NH1:1][CX4:2]!@[CX3:3]=[O:4]	89.9991	0.183795	-	-	-	-	R
C40577450      none	B	[OX2:1][CX4:2]!@[CX4:3][N:4]	-39.9883	1.41573	-	-	-	-	O
C40577450      none	B	[O:1]=[C:2]([O-])!@[CX4H1:3][H:4]	0.00455574	0.495663	-	-	-	-	O
C40577450      none	B	[$(C=O):1][NX3H1:2]!@[CX4H1:3][H:4]	29.998	9.46757	-	-	-	-	G
C40577450      none	B	[O:1]=[CX3:2]([$([NX3H1]C)])!@[NX3H1:3][!#1:4]	0.00768457	41.1343	-	-	-	-	G
C40577450      none	B	[O:1]=[CX3:2]([$([NX3H1]C)])!@[NX3H1:3][!#1:4]	-0.0030719	41.1343	-	-	-	-	G
C40577450      none	B	[$(C=O):1][NX3H1:2]!@[c:3]([cH1])[cH1:4]	30.0022	5.05437	-	-	-	-	G
C22021318      none	B	[aH1:1][c:2]([aH1])!@[SX4:3][!#1:4]	90.0107	12.916	-	-	-	-	G
C22021318      none	B	[$(S(=O)(=O)):1][NH0:2]!@[c:3]([cH1])[cH0:4]	90.0091	13.1148	-	-	-	-	G
C22021318      none	B	[c:1][S:2](=O)(=O)!@[NX2H0-:3]-[*:4]	89.9975	2.77778	-	-	-	-	G
C22021318      none	B	[aH0:1][c:2]([aH1])!@[SX4:3][!#1:4]	-90.2874	5.01982	-	-	-	-	O
C22021318      none	B	[a:1][a:2]!@[CX3:3]=[O:4]	29.9956	2.37961	-	-	-	-	G
C22021318      none	B	[O:1]=[C:2]!@[O:3]~[C:4]	0.00262522	74.4927	-	-	-	-	G
C22021318      none	B	[c:1][$(S(=O)=O):2]!@[NX3H1:3][c:4]	-60.0112	22.2603	-	-	-	-	G
C22021318      none	B	[$(S(=O)(=O)):1][NH1:2]!@[c:3]([cH1])[cH1:4]	90.0073	1.05932	-	-	-	-	O
C22021318      none	B	[cH1:1][c:2]([cH1])!@[O:3][C:4]	179.996	26.896	-	-	-	-	G
C32984975      none	B	[C:1][CX4H2:2]!@[OX2:3][c:4]	-150.001	1.28448	-	-	-	-	O
C32984975      none	B	[cH1:1][c:2]([cH1])!@[O:3][C:4]	150.276	0.199809	-	-	-	-	O
C32984975      none	B	[$(S(=O)(=O)):1][NH0:2]!@[c:3]([cH1])[cH1:4]	-60.0237	0.826446	-	-	-	-	G
C32984975      none	B	[*:1]~[N,n:2]!@[S:3]~[*:4]	53.8557	4.53284	-	-	-	-	O
C32984975      none	B	[!#1:1][CX3:2]!@[SX4:3][!#1:4]	89.6839	5.43478	-	-	-	-	G
C32984975      none	B	[*^2:1]~[C^2:2]([!H])!@[C^2:3]~[*^2:4]	-90.0003	1.27397	-	-	-	-	G
C32984975      none	B	[O:1]=[CX3:2]!@[NX3H1:3][!#1:4]	-0.00151335	63.7893	-	-	-	-	G
C32984975      none	B	[$(C=O):1][NX3:2]!@[$([a]([cH1])):3][$([aH0](!@O)):4]	-149.998	2.68293	-	-	-	-	G
C32984975      none	B	[cH0:1][c:2]([cH1])!@[O:3][C:4]	90.0038	0.6255	-	-	-	-	R
C40699061      none	B	[!#1:1][CH2:2]!@[n:3][cH0:4]	-134.992	0.892478	-	-	-	-	R
C40699061      none	B	[!#1:1][CX4H2:2]!@[CX3:3]=[O:4]	150.005	0.887211	-	-	-	-	O
C40699061      none	B	[O:1]=[CX3:2]!@[NX3H1:3][!#1:4]	-0.00484183	63.7893	-	-	-	-	G
C40699061      none	B	[$(C=O):1][NX3H1:2]!@[CX4H1:3][H:4]	30.0002	9.46757	-	-	-	-	G
C40699061      none	B	[!#1:1][CX4:2]!@[CX4:3][!#1:4]	180	22.1548	-	-	-	-	G
C40699061      none	B	[O:1]=[C:2]([O-])!@[CX4H1:3][H:4]	0.0068583	0.495663	-	-	-	-	O
C40699061      none	B	[!#1:1][CX4H2:2]!@[CX4H2:3][!#1:4]	-59.9997	3.77933	-	-	-	-	G
C36968346      none	B	[s:1][c:2]!@[C:3]([NH1])=[O:4]	-0.0219102	23.0769	-	-	-	-	G
C36968346      none	B	[O:1]=[CX3:2]!@[NX3H1:3][!#1:4]	-0.00719959	63.7893	-	-	-	-	G
C36968346      none	B	[$(C=O):1][NX3H1:2]!@[CX4H1:3][H:4]	30.0078	9.46757	-	-	-	-	G
C36968346      none	B	[OX2:1][CX4:2]!@[CX4:3][N:4]	79.9933	3.55056	-	-	-	-	G
C36968346      none	B	[O:1]=[C:2]([O-])!@[CX4H1:3][H:4]	0.00104454	0.495663	-	-	-	-	O
C43428187      none	B	[O:1]=[CX3:2]!@[NX3H0:3][!#1:4]	-150.002	1.37927	-	-	-	-	O
C43428187      none	B	[O:1]=[C:2]!@[NX3H1:3](C=O)[H:4]	179.998	35.6725	-	-	-	-	G
C43428187      none	B	[O:1]=[C:2]!@[NX3H1:3](C=O)[H:4]	180	35.6725	-	-	-	-	G
C43428187      none	B	[OX2:1][CX4H2:2]!@[CX3:3]([$([NX3H1,NX3H2])])=[O:4]	-149.995	0.714286	-	-	-	-	O
C43428187      none	B	[C:1][CH2:2]!@[O:3][CX4:4]	-160.004	4.55295	-	-	-	-	G
C43428187      none	B	[C:1][CH2:2]!@[O:3][CX4:4]	80.0049	1.71561	-	-	-	-	G
C43428187      none	B	[O:1][CX4:2]!@[CX3:3]=[O:4]	-119.997	1.11962	-	-	-	-	O
C37796003      none	B	[$(C=O):1][NX3H1:2]!@[c:3]([cH1])[cH1:4]	-120.029	0.302054	-	-	-	-	R
C37796003      none	B	[$(S(=O)(=O)):1][NH1:2]!@[c:3]([cH1])[cH1:4]	119.976	4.02542	-	-	-	-	O
C37796003      none	B	[*:1][$(S(=O)=O):2]!@[NX3H1:3][*:4]	-90.004	4.38465	-	-	-	-	G
C37796003      none	B	[O:1]=[CX3:2]!@[NX3H1:3][!#1:4]	0.00594608	63.7893	-	-	-	-	G
C37796003      none	B	[*^2:1]~[C^2:2]([!H])!@[C^2:3]~[*^2:4]	149.999	1.21045	-	-	-	-	G
C37796003      none	B	[*^2:1]~[C^2:2]([!H])!@[C^2:3]~[*^2:4]	-0.00604668	20.0453	-	-	-	-	G
C42322462      none	B	[cH0:1][c:2]!@[CX4H1:3][CX4:4]	-150.033	2.93999	-	-	-	-	G
C42322462      none	B	[$(C=O):1][NX3H1:2]!@[CX4H1:3][H:4]	-29.9919	6.97413	-	-	-	-	G
C42322462      none	B	[O:1]=[CX3:2]([$([NX3H1]C)])!@[NX3H1:3][!#1:4]	179.99	9.5176	-	-	-	-	R
C42322462      none	B	[O:1]=[CX3:2]([$([NX3H1]C)])!@[NX3H1:3][!#1:4]	0.0144978	41.1343	-	-	-	-	G
C42322462      none	B	[$([CX3]=O):1][NX3H1:2]!@[CX4H2:3][C:4] 	179.997	6.46594	-	-	-	-	G
C42322462      none	B	[NH1:1][CX4:2]!@[CX3:3]=[O:4]	-120.006	0.275693	-	-	-	-	G
C37002648      none	B	[$(S(=O)(=O)):1][NX3H1:2]!@[CX4H1:3][H:4]	0.0079812	7.36648	-	-	-	-	G
C37002648      none	B	[C:1][$(S(=O)=O):2]!@[NX3H1:3][C:4]	89.9966	7.14286	-	-	-	-	G
C37002648      none	B	[!#1:1][CX4:2]!@[SX4:3][!#1:4]	-80.0001	3.11579	-	-	-	-	G
C37002648      none	B	[!#1:1][CX4H2:2]!@[CX3:3]=[O:4]	-89.9949	1.11373	-	-	-	-	G
C61843682      none	B	[nX2H0:1][c:2]!@[C:3](=[N:4])(-[NH1,NH2])	0.00374267	7.54717	-	-	-	-	G
C61843682      none	B	[!#1:1][CH2:2]!@[n:3][a:4]	0.00312446	0.0996016	-	-	-	-	R
C61843682      none	B	[!#1:1][CX4:2]!@[CX4:3][!#1:4]	59.9992	12.3771	-	-	-	-	G
C02583284      none	B	[OX2:1][CX4:2]!@[CX4:3][N:4]	179.998	9.8427	-	-	-	-	G
C02583284      none	B	[NH1:1][CX4:2]!@[CX3:3]=[O:4]	-29.9909	4.44172	-	-	-	-	G
C02583284      none	B	[$(C=O):1][NX3H1:2]!@[CX4H0:3][C:4]	180	11.3993	-	-	-	-	G
C02583284      none	B	[O:1]=[CX3:2]!@[NX3H1:3][!#1:4]	0.00563793	63.7893	-	-	-	-	G
C02583284      none	B	[O:1]=[C:2]([N])!@[O:3]~[C:4]	-0.00310053	57.729	-	-	-	-	G
C02583284      none	B	[$(C=O):1][O:2]!@[CH2:3]~[C:4]	120.001	1.25443	-	-	-	-	O
C02583284      none	B	[!#1:1][CX4:2]!@[CX4:3][!#1:4]	43.3819	0.998355	-	-	-	-	G
C61836062      none	B	[!#1:1][CX4:2]!@[CX4:3][!#1:4]	180	22.1548	-	-	-	-	G
C61836062      none	B	[!#1:1][CX4:2]!@[CX4:3][!#1:4]	-80.0067	1.71775	-	-	-	-	G
C61836062      none	B	[O:1]=[CX3:2]([NH1])!@[CH2:3][C:4]	60.0044	6.84932	-	-	-	-	G
C61836062      none	B	[O:1]=[CX3:2]!@[NX3H1:3][!#1:4]	-0.00320507	63.7893	-	-	-	-	G
C61836062      none	B	[$(C=O):1][NX3H1:2]!@[CX4H1:3][H:4]	-31.9968	6.97413	-	-	-	-	G
C61836062      none	B	[a:1][c:2]!@[CX4H1:3][N,O:4]	-150.006	3.72593	-	-	-	-	G
C61836062      none	B	[C:1][CX4H2:2]!@[CX3:3]=[O:4]	-119.997	0.79457	-	-	-	-	O
C50398274      none	B	[$(C=O):1][NX3H1:2]!@[CX4H1:3][H:4]	0.00411622	8.26772	-	-	-	-	G
C50398274      none	B	[O:1]=[CX3:2]([$([NX3H1]C)])!@[NX3H1:3][!#1:4]	-0.00344982	41.1343	-	-	-	-	G
C50398274      none	B	[O:1]=[CX3:2]([$([NX3H1]C)])!@[NX3H1:3][!#1:4]	0.00248632	41.1343	-	-	-	-	G
C50398274      none	B	[$([CX3]=O):1][NX3H1:2]!@[CX4H2:3][C:4] 	-120.003	2.61599	-	-	-	-	O
C50398274      none	B	[!#1:1][CX4H2:2]!@[CX4H2:3][!#1:4]	60.0045	3.99483	-	-	-	-	G
C50398274      none	B	[!#1:1][CX4H2:2]!@[CX4H2:3][!#1:4]	179.999	58.554	-	-	-	-	G
C50398274      none	B	[!#1:1][CX4H2:2]!@[CX4H2:3][!#1:4]	179.995	58.554	-	-	-	-	G
C50398274      none	B	[!#1:1][CX4H2:2]!@[CX4H2:3][!#1:4]	-59.9933	3.77933	-	-	-	-	G
C50398274      none	B	[C:1][CX4H2:2]!@[CX3:3]=[O:4]	119.995	0.695249	-	-	-	-	O
C35057780      none	B	[$([cH0]!@[*^2]):1][c:2]([cH1])!@[CX3:3]=[O:4]	-119.994	0.920398	-	-	-	-	O
C35057780      none	B	[cH1,n:1][c:2]!@[O:3][CRH1:4]	-59.7231	0.609756	-	-	-	-	R
C35057780      none	B	[H:1][CX4H1:2]!@[OX2:3][!#1:4]	-0.0116235	7.47259	-	-	-	-	G
C35057780      none	B	[$(C=O):1][NX3H1:2]!@[CX4H1:3][H:4]	29.9992	9.46757	-	-	-	-	G
C35057780      none	B	[H:1][CX4H1:2]!@[O:3][CX4:4]	39.5855	11.9906	-	-	-	-	G
C35057780      none	B	[a:1][c:2]!@[CX4H1:3][N,O:4]	-89.729	1.29082	-	-	-	-	G
C35057780      none	B	[C:1][CH2:2]!@[O:3][CX4:4]	-60.0036	0.329924	-	-	-	-	O
C35057780      none	B	[O:1][CX4:2]!@[CX3:3]=[O:4]	120.001	0.923198	-	-	-	-	O
C35057780      none	B	[O:1]=[CX3:2]!@[NX3H1:3][!#1:4]	-0.00316681	63.7893	-	-	-	-	G
C20412390      none	B	[!#1:1][CX4:2]!@[CX4:3][!#1:4]	60.0032	12.3771	-	-	-	-	G
C20412390      none	B	[$(C=O):1][NX3H1:2]!@[CX4H1:3][H:4]	-32.0043	6.97413	-	-	-	-	G
C20412390      none	B	[*:1]~[CX4:2]!@[P:3]~[*:4]	-39.9994	2.64342	-	-	-	-	G
C20412390      none	B	[O:1]=[CX3:2]!@[NX3H1:3][!#1:4]	0.00377749	63.7893	-	-	-	-	G
C49188143      none	B	[a:1][c:2]!@[CX4H1:3][N,O:4]	59.9945	3.42939	-	-	-	-	G
C49188143      none	B	[$(C=O):1][NX3H1:2]!@[CX4H1:3][H:4]	-29.9918	6.97413	-	-	-	-	G
C49188143      none	B	[O:1]=[CX3:2]([$([NX3H1]C)])!@[NX3H1:3][!#1:4]	0.00547747	41.1343	-	-	-	-	G
C49188143      none	B	[O:1]=[CX3:2]([$([NX3H1]C)])!@[NX3H1:3][!#1:4]	-0.0065901	41.1343	-	-	-	-	G
C49188143      none	B	[$(C=O):1][NX3H1:2]!@[CX4H1:3][H:4]	59.9925	6.22422	-	-	-	-	G
C49188143      none	B	[OX2:1][CX4:2]!@[CX4:3][N:4]	-59.999	14.8764	-	-	-	-	G
C49188143      none	B	[O:1]=[C:2]([O-])!@[CX4H1:3][H:4]	-0.00588265	0.495663	-	-	-	-	O
C00490726      none	B	[cH1:1][c:2]([cH1])!@[C:3]([NH1,NH2])=[O:4]	-26.9695	8.39053	-	-	-	-	G
C00490726      none	B	[O:1]=[CX3:2]!@[NX3H1:3][!#1:4]	0.00638307	63.7893	-	-	-	-	G
C00490726      none	B	[$(C=O):1][NX3H1:2]!@[CX4H1:3][H:4]	-30.0051	6.97413	-	-	-	-	G
C00490726      none	B	[OX2:1][CX4:2]!@[CX4:3][N:4]	-60.0026	14.8764	-	-	-	-	G
C00490726      none	B	[O:1]=[C:2]([O-])!@[CX4H1:3][H:4]	89.996	0.86741	-	-	-	-	O
C49015819      none	B	[$(C=O):1][NX3H0:2]!@[CX4H1:3][H:4]	29.9981	2.94118	-	-	-	-	G
C49015819      none	B	[O:1]=[CX3:2]!@[NX3H0:3][!#1:4]	150.002	1.73707	-	-	-	-	O
C49015819      none	B	[O:1]=[CX3:2]!@[NX3H0:3][!#1:4]	150.268	1.73707	-	-	-	-	O
C49015819      none	B	[O:1]=[C:2]([O-])!@[CX4H1:3][H:4]	0.00735173	0.495663	-	-	-	-	O
C61827200      none	B	[!#1:1][CX4:2]!@[CX4:3][!#1:4]	60.0018	12.3771	-	-	-	-	G
C61827200      none	B	[!#1:1][CX4:2]!@[CX4:3][!#1:4]	179.992	22.1548	-	-	-	-	G
C61827200      none	B	[OX2:1][CX4:2]!@[CX4:3][N:4]	179.997	9.8427	-	-	-	-	G
C61827200      none	B	[$(C=O):1][NX3H1:2]!@[CX4H1:3][H:4]	-30.0053	6.97413	-	-	-	-	G
C61827200      none	B	[O:1]=[CX3:2]!@[NX3H1:3][!#1:4]	0.00466994	63.7893	-	-	-	-	G
C61827200      none	B	[O:1]=[CX3:2]([NH1])!@[CH2:3][C:4]	89.9949	2.11706	-	-	-	-	O
C61827200      none	B	[!#1:1][CX4:2]!@[CX4:3][!#1:4]	180	22.1548	-	-	-	-	G
C61827200      none	B	[!#1:1][CX4:2]!@[CX4:3][!#1:4]	60.0017	12.3771	-	-	-	-	G
C61827200      none	B	[C:1][CX4H2:2]!@[CX3:3]=[O:4]	-90.0124	1.15875	-	-	-	-	O
C09046424      none	B	[a:1][a:2]!@[CX3:3]=[O:4]	90.0075	0.65154	-	-	-	-	R
C09046424      none	B	[*^2:1]~[C^2:2]([!H])!@[C^2:3]~[*^2:4]	-179.681	19.9269	-	-	-	-	G
C09046424      none	B	[$([CX3]=O):1][NX3H0:2](C)!@[CX4H2:3][C:4]	119.993	2.74443	-	-	-	-	O
C09046424      none	B	[cH0:1][c:2]!@[CX4H1:3][CX3:4]	-120.278	7.25995	-	-	-	-	G
C09046424      none	B	[cH1:1][c:2]([cH1])!@[O:3][C:4]	0.00187879	26.3009	-	-	-	-	G
C09046424      none	B	[cH0:1][c:2]([cH1])!@[O:3][C:4]	180	48.7454	-	-	-	-	G
C09046424      none	B	[!#1:1][CX4H2:2]!@[CX4H2:3][!#1:4]	-60.0021	3.77933	-	-	-	-	G
C09046424      none	B	[!#1:1][CX4H2:2]!@[CX4H2:3][!#1:4]	179.999	58.554	-	-	-	-	G
C09046424      none	B	[CX4:1][CX4H2:2]!@[NX3;"N_lp":3][CX4:4]	156.369	6.03015	-	-	-	-	G
C33519783      none	B	[!#1:1][CX4:2]!@[CX4:3][!#1:4]	59.9994	12.3771	-	-	-	-	G
C33519783      none	B	[O:1]=[C:2]([O-])!@[CX4H1:3][H:4]	0.0113403	0.495663	-	-	-	-	O
C33519783      none	B	[$(C=O):1][NX3H1:2]!@[CX4H1:3][H:4]	30.0012	9.46757	-	-	-	-	G
C33519783      none	B	[O:1]=[CX3:2]!@[NX3H1:3][!#1:4]	-0.00507181	63.7893	-	-	-	-	G
C33519783      none	B	[$([c]([NH1,NH2])):1][c:2]!@[CX3:3]([!O])=[O:4]	-60.0025	0.552486	-	-	-	-	R
C33519783      none	B	[$([C](=O)):1][NX3:2]!@[a:3](s)[a:4]	179.995	61.7021	-	-	-	-	G
C33519783      none	B	[O:1]=[CX3:2]!@[NX3H1:3][!#1:4]	0.000529529	63.7893	-	-	-	-	G
C32917940      none	B	[aH0:1][c:2]([aH0])!@[SX4:3][!#1:4]	-83.8633	8.10056	-	-	-	-	G
C32917940      none	B	[!#1:1][CH2:2]!@[n:3][cH0:4]	-89.9961	15.4696	-	-	-	-	G
C32917940      none	B	[!#1:1][CX4H2:2]!@[CX3:3]=[O:4]	-89.997	1.11373	-	-	-	-	G
C32917940      none	B	[O:1]=[CX3:2]!@[NX3H1:3][!#1:4]	-0.0127605	63.7893	-	-	-	-	G
C32917940      none	B	[$(C=O):1][NX3H1:2]!@[CX4H0:3][C:4]	60.0134	13.3187	-	-	-	-	G
C32917940      none	B	[*:1][$(S(=O)=O):2]!@[NX3H0r:3][*:4]	-59.7308	8.17536	-	-	-	-	O
C32917940      none	B	[O:1]=[C:2]([O-])!@[CX4H1:3][H:4]	90.0062	0.86741	-	-	-	-	O
C20214036      none	B	[OX2:1][CX4:2]!@[CX4:3][N:4]	59.9948	15.2809	-	-	-	-	G
C20214036      none	B	[O:1]=[C:2]([O-])!@[CX4H1:3][H:4]	-0.00144309	0.495663	-	-	-	-	O
C20214036      none	B	[$(C=O):1][NX3H1:2]!@[CX4H1:3][H:4]	-29.9956	6.97413	-	-	-	-	G
C20214036      none	B	[O:1]=[CX3:2]!@[NX3H1:3][!#1:4]	0.00312628	63.7893	-	-	-	-	G
C20214036      none	B	[a:1][c:2]!@[C:3]([NH1,NH2])=[O:4]	-149.689	5.2923	-	-	-	-	O
C20214036      none	B	[O-:1][N+:2](=O)!@[c:3]([cH,nX2H0])[cH,nX2H0:4]	179.964	23.2156	-	-	-	-	G
C42575464      none	B	[NH1:1][CX4:2]!@[CX3:3]=[O:4]	120.004	0.41354	-	-	-	-	G
C42575464      none	B	[$(C=O):1][NX3H1:2]!@[CX4H1:3][H:4]	0.0126829	8.26772	-	-	-	-	G
C42575464      none	B	[O:1]=[CX3:2]!@[NX3H1:3][!#1:4]	0.00229674	63.7893	-	-	-	-	G
C42575464      none	B	[O:1]=[CX3:2]!@[NX3H1:3][!#1:4]	-0.00945013	63.7893	-	-	-	-	G
C42575464      none	B	[O:1]=[CX3:2]!@[NX3H0:3][!#1:4]	-29.7129	0.692521	-	-	-	-	O
C42575464      none	B	[O:1]=[C:2]([O-])!@[CX4H1:3][H:4]	89.9992	0.86741	-	-	-	-	O
C36370749      none	B	[H:1][CX4H1:2]!@[O:3][CX4:4]	-40.0082	11.8876	-	-	-	-	G
C37456844      none	B	[!#1:1][CX4:2]!@[CX4:3][!#1:4]	8.62602	0.0551082	-	-	-	-	R
C37456844      none	B	[NH1:1][CX4:2]!@[CX3:3]=[O:4]	-30.004	4.44172	-	-	-	-	G
C37456844      none	B	[$(C=O):1][NX3H1:2]!@[CX4H0:3][C:4]	179.995	11.3993	-	-	-	-	G
C37456844      none	B	[O:1]=[CX3:2]!@[NX3H1:3][!#1:4]	0.00345589	63.7893	-	-	-	-	G
C37456844      none	B	[*^2:1]~[C^2:2]([!H])!@[C^2:3]~[*^2:4]	90.2658	1.26539	-	-	-	-	G
C35686122      none	B	[O:1]=[C:2]([O-])!@[c:3]([cH1])[cH1:4]	179.981	7.35294	-	-	-	-	G
C35686122      none	B	[$(S(=O)(=O)):1][NH0:2]!@[c:3]([cH1])[cH1:4]	-60.0145	0.826446	-	-	-	-	G
C35686122      none	B	[c:1][S:2](=O)(=O)!@[NX2H0-:3]-[*:4]	-90.0033	2.77778	-	-	-	-	G
C35686122      none	B	[aH0:1][c:2]([aH1])!@[SX4:3][!#1:4]	-70.2753	15.3236	-	-	-	-	G
C35686122      none	B	[O-:1][N+:2](=O)!@[c:3]([cH,nX2H0])[cH,nX2H0:4]	179.983	23.2156	-	-	-	-	G
C40481242      none	B	[cH1:1][c:2]([cH1])!@[C:3]([NH1,NH2])=[O:4]	-89.9798	0	-	-	-	-	R
C40481242      none	B	[O:1]=[CX3:2]!@[NX3H1:3][!#1:4]	-0.0037314	63.7893	-	-	-	-	G
C40481242      none	B	[$(C=O):1][NX3H1:2]!@[CX4H0:3][C:4]	-66.2882	8.17582	-	-	-	-	G
C40481242      none	B	[NH1:1][CX4:2]!@[CX3:3]=[O:4]	90.0009	0.183795	-	-	-	-	R
C48858731      none	B	[!#1:1][CX4:2]!@[CX4:3][!#1:4]	-8.63061	0.0576714	-	-	-	-	R
C48858731      none	B	[NH1:1][CX4:2]!@[CX3:3]=[O:4]	120.002	0.41354	-	-	-	-	G
C48858731      none	B	[$(C=O):1][NX3H1:2]!@[CX4H0:3][C:4]	60.0028	13.3187	-	-	-	-	G
C48858731      none	B	[O:1]=[CX3:2]!@[NX3H1:3][!#1:4]	0.000543789	63.7893	-	-	-	-	G
C48858731      none	B	[O:1]=[CX3:2]!@[NX3H0:3][!#1:4]	-149.726	1.37927	-	-	-	-	O
C48858731      none	B	[OX2:1][CX4:2]!@[CX4:3][N:4]	159.999	1.1236	-	-	-	-	O
C51040308      none	B	[C:1][CX4H2:2]!@[NX3:3][C:4]	89.9962	10.0586	-	-	-	-	G
C51040308      none	B	[cH1:1][c:2]([cH1])!@[NX3:3][CX4:4]	-19.7217	3.00858	-	-	-	-	G
C51040308      none	B	[N:1][CX4:2]!@[CX3:3]=[O:4]	-119.998	0.897291	-	-	-	-	G
C52096066      none	B	[aH0:1][c:2]([aH1])!@[SX4:3][!#1:4]	-110.005	1.0568	-	-	-	-	O
C52096066      none	B	[c:1][$(S(=O)=O):2]!@[NX3H1:3][C:4]	59.9922	14.5215	-	-	-	-	G
C52096066      none	B	[$(S(=O)(=O)):1][NX3H1:2]!@[CX4H1:3][H:4]	0.0121868	7.36648	-	-	-	-	G
C52096066      none	B	[!#1:1][CX4:2]!@[CX4:3][!#1:4]	60.0022	12.3771	-	-	-	-	G
C52096066      none	B	[O:1]=[C:2]([O-])!@[CX4H1:3][H:4]	89.9889	0.86741	-	-	-	-	O
C52096066      none	B	[C:1][CX4H2:2]!@[CX3:3]=[O:4]	-90.0022	1.15875	-	-	-	-	O
C40557223      none	B	[!#1:1][CX4:2]!@[CX4:3][!#1:4]	-60.0019	12.2558	-	-	-	-	G
C40557223      none	B	[!#1:1][CX4:2]!@[CX4:3][!#1:4]	-79.9942	1.71775	-	-	-	-	G
C40557223      none	B	[O:1]=[C:2]([O-])!@[CX4H1:3][H:4]	90.0069	0.86741	-	-	-	-	O
C40557223      none	B	[$(C=O):1][NX3H1:2]!@[CX4H1:3][H:4]	-29.9933	6.97413	-	-	-	-	G
C40557223      none	B	[O:1]=[CX3:2]([$([NX3H1]C)])!@[NX3H1:3][!#1:4]	180	9.5176	-	-	-	-	R
C40557223      none	B	[O:1]=[CX3:2]([$([NX3H1]C)])!@[NX3H1:3][!#1:4]	-0.00636948	41.1343	-	-	-	-	G
C40557223      none	B	[$(C=O):1][NX3H1:2]!@[CX4H1:3][H:4]	-29.9963	6.97413	-	-	-	-	G
C19510602      none	B	[!#1:1][CH2:2]!@[n:3][a:4]	-134.999	0.908865	-	-	-	-	O
C19510602      none	B	[!#1:1][CX4H2:2]!@[CX3:3]=[O:4]	59.9959	1.20812	-	-	-	-	G
C19510602      none	B	[O:1]=[CX3:2]!@[NX3H1:3][!#1:4]	0.00807475	63.7893	-	-	-	-	G
C19510602      none	B	[$(C=O):1][NX3H1:2]!@[CX4H1:3][H:4]	-59.9996	1.23735	-	-	-	-	G
C19510602      none	B	[!#1:1][CX4:2]!@[CX4:3][!#1:4]	-159.999	1.85018	-	-	-	-	G
C19510602      none	B	[O:1]=[C:2]([O-])!@[CX4H1:3][H:4]	89.9974	0.86741	-	-	-	-	O
C19510602      none	B	[C:1][CX4H2:2]!@[CX3:3]=[O:4]	120.005	0.695249	-	-	-	-	O
C29050873      none	B	[a:1][a:2]!@[NX3:3][!#1:4]	-119.997	1.58818	-	-	-	-	O
C29050873      none	B	[!#1:1][CX4H1:2]!@[NX3:3][!#1:4]	-149.998	2.59662	-	-	-	-	G
C29050873      none	B	[*:1]~[CX4:2]!@[P:3]~[*:4]	-40.0024	2.64342	-	-	-	-	G
C29050873      none	B	[*:1]~[CX4:2]!@[P:3]~[*:4]	60.002	10.3055	-	-	-	-	G
C41035768      none	B	[NH1:1][CX4:2]!@[CX3:3]=[O:4]	-119.993	0.275693	-	-	-	-	G
C41035768      none	B	[$(C=O):1][NX3H1:2]!@[CX4H0:3][C:4]	-59.9958	14.7253	-	-	-	-	G
C41035768      none	B	[O:1]=[CX3:2]([$([NX3H1]C)])!@[NX3H1:3][!#1:4]	0.00749526	41.1343	-	-	-	-	G
C41035768      none	B	[O:1]=[CX3:2]([$([NX3H1]C)])!@[NX3H1:3][!#1:4]	-0.0133738	41.1343	-	-	-	-	G
C41035768      none	B	[$([CX3]=O):1][NX3H1:2]!@[CX4H2:3][C:4] 	-119.996	2.61599	-	-	-	-	O
C28821934      none	B	[cH0:1][c:2]([cH0])!@[O:3][C:4]	-120.009	2.67493	-	-	-	-	G
C28821934      none	B	[cH0:1][c:2]([cH0])!@[NX3:3][CX4:4]	60.2667	2.6725	-	-	-	-	G
C28821934      none	B	[a:1][c:2]!@[CX4H2:3][!#1:4]	135.001	1.69481	-	-	-	-	O
C28821934      none	B	[O:1]=[C:2]([O-])!@[c:3]([cH1])[cH0:4]	-0.00811617	8.88889	-	-	-	-	G
C28821934      none	B	[*:1]~[CX4:2]!@[n:3]~[*:4]	158.624	2.77492	-	-	-	-	G
C40578577      none	B	[NH1:1][CX4:2]!@[CX3:3]=[O:4]	179.99	3.23174	-	-	-	-	O
C40578577      none	B	[$(C=O):1][NX3H1:2]!@[CX4H1:3][H:4]	-30.0075	6.97413	-	-	-	-	G
C40578577      none	B	[O:1]=[CX3:2]!@[NX3H1:3][!#1:4]	0.00444988	63.7893	-	-	-	-	G
C40578577      none	B	[O:1]=[CX3:2]!@[NX3H0:3][!#1:4]	179.998	18.2537	-	-	-	-	G
C40578577      none	B	[$([CX3]=O):1][NX3H0:2](C)!@[CX4H2:3][C:4]	-89.9962	15.9949	-	-	-	-	G
C40578577      none	B	[$(C=O):1][NX3H0:2]!@[CX4H1:3][H:4]	179.992	19.1176	-	-	-	-	G
C40578577      none	B	[N:1][CX4:2]!@[CX3:3]=[O:4]	-89.9873	0.479136	-	-	-	-	O
C09013641      none	B	[cH1:1][a:2]([cH1])!@[a:3]([sX2,o,nX2H0,nX3H1:4])	0.277544	10.7602	-	-	-	-	G
C62834828      none	B	[N:1][CX4:2]!@[CX3:3]=[O:4]	-89.9939	0.479136	-	-	-	-	O
C62834828      none	B	[C:1][CX4:2]!@[NX3:3][C:4]	179.996	4.61514	-	-	-	-	G
C62834828      none	B	[O:1]=[CX3:2]!@[NX3H1:3][!#1:4]	0.0023679	63.7893	-	-	-	-	G
C62834828      none	B	[$(C=O):1][NX3H1:2]!@[CX4H1:3][H:4]	-59.995	1.23735	-	-	-	-	G
C62834828      none	B	[C:1][CX4H2:2]!@[NX3:3][C:4]	90.0086	10.0586	-	-	-	-	G
C62834828      none	B	[cH0:1][c:2]([cH,nX2H0])!@[NX3H0:3][CX4:4]	89.7144	2.06517	-	-	-	-	G
C62834828      none	B	[N:1][CX4:2]!@[CX3:3]=[O:4]	119.998	0.766617	-	-	-	-	G
C49560996      none	B	[!#1:1][CX4:2]!@[CX4:3][!#1:4]	180	22.1548	-	-	-	-	G
C49560996      none	B	[a:1][c:2]!@[CX4H1:3][N,O:4]	-119.996	3.08052	-	-	-	-	G
C49560996      none	B	[$(C=O):1][NX3H1:2]!@[CX4H1:3][H:4]	29.992	9.46757	-	-	-	-	G
C49560996      none	B	[O:1]=[CX3:2]([$([NX3H1]C)])!@[NX3H1:3][!#1:4]	0.00221622	41.1343	-	-	-	-	G
C49560996      none	B	[O:1]=[CX3:2]([$([NX3H1]C)])!@[NX3H1:3][!#1:4]	180	9.5176	-	-	-	-	R
C49560996      none	B	[$(C=O):1][NX3H1:2]!@[CX4H1:3][H:4]	-30.004	6.97413	-	-	-	-	G
C49560996      none	B	[O:1]=[C:2]([O-])!@[CX4H1:3][H:4]	-0.000836239	0.495663	-	-	-	-	O
C49560996      none	B	[!#1:1][CX4:2]!@[CX4:3][!#1:4]	30.0091	0.236666	-	-	-	-	G
C19978909      none	B	[!#1:1][CX4:2]!@[CX4:3][!#1:4]	60.0041	12.3771	-	-	-	-	G
C19978909      none	B	[O:1]=[C:2]([O-])!@[CX4H1:3][H:4]	0.00267646	0.495663	-	-	-	-	O
C19978909      none	B	[$(C=O):1][NX3H1:2]!@[CX4H1:3][H:4]	-0.00457331	8.26772	-	-	-	-	G
C19978909      none	B	[O:1]=[CX3:2]([$([NX3H1]C)])!@[NX3H1:3][!#1:4]	0.0173021	41.1343	-	-	-	-	G
C19978909      none	B	[O:1]=[CX3:2]([$([NX3H1]C)])!@[NX3H1:3][!#1:4]	-0.00895496	41.1343	-	-	-	-	G
C19978909      none	B	[$(C=O):1][NX3H1:2]!@[CX4H1:3][H:4]	-29.9975	6.97413	-	-	-	-	G
C40725990      none	B	[O:1]=[CX3:2]!@[NX3H0:3][!#1:4]	0.00107301	25.0866	-	-	-	-	G
C40725990      none	B	[O:1]=[CX3:2]!@[NX3H1:3][!#1:4]	59.9961	0	-	-	-	-	R
C40725990      none	B	[$(C=O):1][NX3H1:2]!@[c:3]([cH1])[cH1:4]	29.9987	5.05437	-	-	-	-	G
C40725990      none	B	[O:1]=[C:2]([O-])!@[c:3]([cH1])[cH1:4]	179.984	7.35294	-	-	-	-	G
C40725990      none	B	[O:1]=[C:2]([O-])!@[c:3]([cH1])[cH1:4]	-179.735	7.35294	-	-	-	-	G
C44245142      none	B	[$(S(=O)(=O)):1][NH0:2]!@[c:3]([cH1])[cH0:4]	89.9942	13.1148	-	-	-	-	G
C44245142      none	B	[c:1][S:2](=O)(=O)!@[NX2H0-:3]-[*:4]	59.9992	8.33333	-	-	-	-	G
C44245142      none	B	[aH1:1][c:2]([aH1])!@[SX4:3][!#1:4]	90.2736	12.916	-	-	-	-	G
C40532883      none	B	[$(C=O):1][NX3H1:2]!@[CX4H1:3][H:4]	30.0032	9.46757	-	-	-	-	G
C40532883      none	B	[O:1]=[CX3:2]!@[NX3H1:3][!#1:4]	0.000628612	63.7893	-	-	-	-	G
C40532883      none	B	[O:1]=[CX3:2]!@[NX3H0:3][!#1:4]	30.3043	0.680979	-	-	-	-	O
C40532883      none	B	[O:1]=[C:2]([O-])!@[CX4H1:3][H:4]	-0.0114165	0.495663	-	-	-	-	O
C50398195      none	B	[$(C=O):1][NX3H1:2]!@[CX4H1:3][H:4]	30.0015	9.46757	-	-	-	-	G
C50398195      none	B	[O:1]=[CX3:2]!@[NX3H1:3][!#1:4]	-0.00729761	63.7893	-	-	-	-	G
C50398195      none	B	[O:1]=[CX3:2]!@[NX3H0:3][!#1:4]	30.2744	0.680979	-	-	-	-	O
C50398195      none	B	[O:1]=[C:2]([O-])!@[CX4H1:3][H:4]	90.0108	0.86741	-	-	-	-	O
C22142672      none	B	[C:1][CX4:2]!@[CX3:3]=[O:4]	-108.331	3.74044	-	-	-	-	G
C22142672      none	B	[O:1]=[CX3:2]!@[NX3H0:3][!#1:4]	-149.689	1.37927	-	-	-	-	O
C22142672      none	B	[O:1]=[C:2]([O-])!@[CX4H1:3][H:4]	0.00196413	0.495663	-	-	-	-	O
C39381060      none	B	[aH0:1][c:2]([aH0])!@[SX2:3][!#1:4]	90.0022	3.2491	-	-	-	-	G
C39381060      none	B	[*:1]~[NX2:2]!@[nX3:3]~[*:4]	89.996	1.36719	-	-	-	-	G
C39381060      none	B	[cH1:1][c:2]([cH0])!@[CX3x0:3]=[NX2:4]	-59.7193	0.248139	-	-	-	-	G
C39381060      none	B	[O-:1][N+:2](=O)!@[c:3]([cH,nX2H0])[cH,nX2H0:4]	179.972	23.2156	-	-	-	-	G
C15919995      none	B	[a:1][c:2]!@[CX4H1:3][N,O:4]	28.4138	3.56196	-	-	-	-	G
C15919995      none	B	[*^2:1]~[C^2:2]([!H])!@[C^2:3]~[*^2:4]	120.005	0.806964	-	-	-	-	G
C15919995      none	B	[$([CX3]=O):1][NX3H0:2](C)!@[CX4H2:3][C:4]	-89.995	15.9949	-	-	-	-	G
C15919995      none	B	[OX2:1][CX4H2:2]!@[CX4H2:3][Nr:4]	-59.9949	16.6667	-	-	-	-	G
C15919995      none	B	[cH1:1][c:2]([cH1])!@[CX3:3]([CX3H0])=[O:4]	-29.719	3.55191	-	-	-	-	G
C36743327      none	B	[aH1:1][c:2]([aH1])!@[SX4:3][!#1:4]	89.9971	12.916	-	-	-	-	G
C36743327      none	B	[c:1][S:2](=O)(=O)!@[NX2H0-:3]-[*:4]	89.9994	2.77778	-	-	-	-	G
C36743327      none	B	[$(S(=O)(=O)):1][NH0:2]!@[c:3]([cH1])[cH0:4]	-120.281	0	-	-	-	-	R
C49496683      none	B	[*^2:1]~[C^2:2]([!H])!@[C^2:3]~[*^2:4]	-149.72	1.11601	-	-	-	-	O
C49496683      none	B	[O:1]=[CX3:2]!@[NX3H1:3][!#1:4]	-0.000718403	63.7893	-	-	-	-	G
C49496683      none	B	[*:1]~[NX3:2]!@[NX2:3]~[*:4]	-89.9953	0.164822	-	-	-	-	R
C49496683      none	B	[*:1]~[CX3:2]!@[NX3:3]~[*:4]	180	27.0317	-	-	-	-	G
C49496683      none	B	[C:1][CX4H2:2]!@[NX3:3][C:4]	180	3.30615	-	-	-	-	G
C49104829      none	B	[NH1:1][CX4:2]!@[CX3:3]=[O:4]	120	0.41354	-	-	-	-	G
C49104829      none	B	[$(C=O):1][NX3H1:2]!@[CX4H1:3][H:4]	-0.00208727	8.26772	-	-	-	-	G
C49104829      none	B	[O:1]=[CX3:2]!@[NX3H0:3][!#1:4]	29.9956	0.680979	-	-	-	-	O
C49104829      none	B	[O:1]=[CX3:2]!@[NX3H1:3][!#1:4]	-0.00116234	63.7893	-	-	-	-	G
C49104829      none	B	[O:1]=[CX3:2]!@[NX3H0:3][!#1:4]	0.319968	25.0866	-	-	-	-	G
C49104829      none	B	[O:1]=[C:2]([O-])!@[CX4H1:3][H:4]	90.0049	0.86741	-	-	-	-	O
C58356634      none	B	[$(S(=O)(=O)):1][NH0:2]!@[c:3]([cH1])[cH0:4]	-120.021	0	-	-	-	-	R
C58356634      none	B	[c:1][S:2](=O)(=O)!@[NX2H0-:3]-[*:4]	89.999	2.77778	-	-	-	-	G
C58356634      none	B	[aH1:1][c:2]([aH1])!@[SX4:3][!#1:4]	-89.7268	12.5987	-	-	-	-	G
C45073345      none	B	[O:1]=[C:2]([O-])!@[CX4H1:3][H:4]	-0.00905747	0.495663	-	-	-	-	O
C45073345      none	B	[C:1][CX4:2]!@[CX3:3]=[O:4]	-2.87708	5.61823	-	-	-	-	G
C45073345      none	B	[O:1]=[CX3:2]!@[NX3H1:3][!#1:4]	0.00484023	63.7893	-	-	-	-	G
C45073345      none	B	[$([CX3]=O):1][NX3H1:2]!@[CX4H2:3][C:4] 	-89.9985	7.35439	-	-	-	-	G
C45073345      none	B	[!#1:1][CX4H2:2]!@[CX4H2:3][!#1:4]	180	58.554	-	-	-	-	G
C45073345      none	B	[!#1:1][CX4H2:2]!@[CX4H2:3][!#1:4]	-60.0064	3.77933	-	-	-	-	G
C45073345      none	B	[!#1:1][CX4:2]!@[SX4:3][!#1:4]	-32.2608	0.484211	-	-	-	-	O
C37928355      none	B	[$(S(=O)(=O)):1][N:2]!@[c:3][a:4]	29.9966	2.05078	-	-	-	-	G
C37928355      none	B	[c:1][S:2](=O)(=O)!@[NX2H0-:3]-[*:4]	-59.9968	11.1111	-	-	-	-	G
C37928355      none	B	[aH0:1][c:2]([aH0])!@[SX4:3][!#1:4]	150.002	0.139665	-	-	-	-	R
C40577959      none	B	[!#1:1][CH2:2]!@[n:3][a:4]	90.3259	13.2097	-	-	-	-	G
C40577959      none	B	[$(C=O):1][NX3H1:2]!@[c:3]([cH1])[cH1:4]	-0.0190863	7.77286	-	-	-	-	G
C40577959      none	B	[O:1]=[CX3:2]!@[NX3H1:3][!#1:4]	-29.9922	0.0303061	-	-	-	-	O
C40577959      none	B	[O:1]=[CX3:2]!@[NX3H0:3][!#1:4]	30.2928	0.680979	-	-	-	-	O
C40577959      none	B	[O:1]=[C:2]([O-])!@[CX4H1:3][H:4]	0.0106715	0.495663	-	-	-	-	O
C62925765      none	B	[!#1:1][CX4:2]!@[CX4:3][!#1:4]	-169.334	7.88261	-	-	-	-	G
C62925765      none	B	[C:1][CX4:2]!@[CX3:3]=[O:4]	90.0007	3.65147	-	-	-	-	G
C62925765      none	B	[O:1]=[CX3:2]!@[NX3H0:3][!#1:4]	30.005	0.680979	-	-	-	-	O
C62925765      none	B	[O:1]=[CX3:2]!@[NX3H1:3][!#1:4]	-0.000216875	63.7893	-	-	-	-	G
C62925765      none	B	[$([CX3]=O):1][NX3H1:2]!@[CX4H2:3][C:4] 	-120.001	2.61599	-	-	-	-	O
C62925765      none	B	[!#1:1][CX4H2:2]!@[CX4H2:3][!#1:4]	59.9994	3.99483	-	-	-	-	G
C62925765      none	B	[!#1:1][CX4H2:2]!@[CX4H2:3][!#1:4]	60.0018	3.99483	-	-	-	-	G
C62925765      none	B	[N:1][C:2](=O)!@[CX4H2:3][CX4H2:4]	-149.999	5.31335	-	-	-	-	G
C04831367      none	B	[H:1][CX4H1:2]!@[O:3][CX4:4]	39.9998	11.9906	-	-	-	-	G
C04831367      none	B	[OX2:1][CX4:2]!@[CX4:3][OX2:4]	179.953	13.4277	-	-	-	-	G
C15443314      none	B	[aH1:1][c:2]([aH1])!@[SX4:3][!#1:4]	-89.728	12.5987	-	-	-	-	G
C15443314      none	B	[cH0:1][c:2]([cH,nX2H0])!@[NX3H0:3][CX4:4]	90.2582	2.06517	-	-	-	-	O
C15443314      none	B	[O-:1][N+:2](=O)!@[c:3]([cH0])[cH,nX2H0:4]	0.220819	12.6374	-	-	-	-	G
C15443314      none	B	[O:1]=[C:2]([O-])!@[CX4H1:3][H:4]	-0.00334376	0.495663	-	-	-	-	O
C41629190      none	B	[aH0:1][c:2]([aH0])!@[SX2:3][!#1:4]	-59.9983	1.39247	-	-	-	-	G
C41629190      none	B	[!#1:1][CX4:2]!@[SX2:3][!#1:4]	180	11.1654	-	-	-	-	G
C41629190      none	B	[!#1:1][CX4:2]!@[CX3H0:3][!#1:4]	-89.9951	2.97335	-	-	-	-	G
C41629190      none	B	[*:1]~[cX3:2]!@[NX2:3]~[*:4]	-119.673	1.40635	-	-	-	-	O
C44846369      none	B	[!#1:1][CX4:2]!@[CX3H0:3][!#1:4]	-59.9984	4.40277	-	-	-	-	G
C44846369      none	B	[C:1][CX4:2]!@[CX3:3]=[O:4]	59.998	2.38699	-	-	-	-	G
C44846369      none	B	[O:1]=[CX3:2]!@[NX3H1:3][!#1:4]	-0.000874068	63.7893	-	-	-	-	G
C44846369      none	B	[$(C=O):1][NX3H1:2]!@[CX4H1:3][H:4]	0.00017041	8.26772	-	-	-	-	G
C44846369      none	B	[NH1:1][CX4:2]!@[CX3:3]=[O:4]	90.0021	0.183795	-	-	-	-	R
C44846369      none	B	[O:1]=[CX3:2]!@[NX3H0:3][!#1:4]	-0.00470238	25.0866	-	-	-	-	G
C24868852      none	B	[!#1:1][CX3:2](=S)!@[NX3H0:3][!#1:4]	-120.003	0	-	-	-	-	R
C24868852      none	B	[CX4:1][CX4H2:2]!@[NX3;"N_lp":3][CX4:4]	-159.999	6.65327	-	-	-	-	G
C24868852      none	B	[OX2:1][CX4:2]!@[CX4:3][N:4]	-159.999	1.21348	-	-	-	-	O
C24868852      none	B	[!#1:1][CX4:2]!@[CX4:3][!#1:4]	60.0008	12.3771	-	-	-	-	G
C24868852      none	B	[!#1:1][CX4:2]!@[SX4:3][!#1:4]	-80.006	3.11579	-	-	-	-	G
C02388620      none	B	[C:1][CX4:2]!@[CX3:3]=[O:4]	147.604	1.17362	-	-	-	-	G
C02388620      none	B	[O:1]=[CX3:2]!@[NX3H1:3][!#1:4]	0.00656457	63.7893	-	-	-	-	G
C02388620      none	B	[*:1]~[NX3:2]!@[NX3:3]~[*:4]	-149.996	1.86361	-	-	-	-	G
C02388620      none	B	[O:1]=[CX3:2]!@[NX3H1:3][!#1:4]	-0.00738846	63.7893	-	-	-	-	G
C02388620      none	B	[*^2:1]~[C^2:2]([!H])!@[C^2:3]~[*^2:4]	0.00792947	20.0453	-	-	-	-	G
C02388620      none	B	[*^2:1]~[C^2:2]([!H])!@[C^2:3]~[*^2:4]	59.9929	0.650722	-	-	-	-	O
C22064204      none	B	[OX2:1][CX4:2]!@[CX4:3][OX2:4]	-74.7994	16.1644	-	-	-	-	G
C42481853      none	B	[!#1:1][CX4:2]!@[SX4:3][!#1:4]	-160.003	2.90526	-	-	-	-	G
C42481853      none	B	[!#1:1][CX4H2:2]!@[CX4H2:3][!#1:4]	180	58.554	-	-	-	-	G
C42481853      none	B	[!#1:1][CX4:2]!@[CX4:3][!#1:4]	-59.9953	12.2558	-	-	-	-	G
C42481853      none	B	[O:1]=[C:2]([O-])!@[CX4H1:3][H:4]	89.9943	0.86741	-	-	-	-	O
C42481853      none	B	[$(C=O):1][NX3H1:2]!@[CX4H1:3][H:4]	-60.0047	1.23735	-	-	-	-	G
C42481853      none	B	[O:1]=[CX3:2]!@[NX3H1:3][!#1:4]	0.0136294	63.7893	-	-	-	-	G
C42481853      none	B	[O:1]=[CX3:2]!@[NX3H0:3][!#1:4]	-0.00836763	25.0866	-	-	-	-	G
C42481853      none	B	[$([CX3]=O):1][NX3H0:2](C)!@[CX4H2:3][C:4]	120.006	2.74443	-	-	-	-	O
C42481853      none	B	[$(C=O):1][NX3H0:2]!@[CX4H1:3][H:4]	-85.6763	0.12605	-	-	-	-	R
C42481853      none	B	[OX2:1][CX4H2:2]!@[CX4H2:3][N:4]	180	8.36763	-	-	-	-	G
C40566393      none	B	[NH1:1][CX4:2]!@[CX3:3]=[O:4]	-146.85	4.5183	-	-	-	-	G
C40566393      none	B	[$(C=O):1][NX3H1:2]!@[CX4H0:3][C:4]	180	11.3993	-	-	-	-	G
C40566393      none	B	[O:1]=[CX3:2]([$([NX3H1]C)])!@[NX3H1:3][!#1:4]	-0.00504123	41.1343	-	-	-	-	G
C40566393      none	B	[O:1]=[CX3:2]([$([NX3H1]C)])!@[NX3H1:3][!#1:4]	179.998	9.5176	-	-	-	-	R
C40566393      none	B	[$([CX3]=O):1][NX3H1:2]!@[CX4H2:3][C:4] 	180	6.46594	-	-	-	-	G
C40566393      none	B	[!#1:1][CX4:2]!@[CX4:3][!#1:4]	177.493	22.1548	-	-	-	-	G
C03160648      none	B	[OX2:1][CX4:2]!@[CX4:3][N:4]	180	9.8427	-	-	-	-	G
C03160648      none	B	[O:1]=[C:2]([O-])!@[CX4H1:3][H:4]	-0.00792339	0.495663	-	-	-	-	O
C03160648      none	B	[$(C=O):1][NX3H1:2]!@[CX4H1:3][H:4]	0.00617006	8.26772	-	-	-	-	G
C03160648      none	B	[O:1]=[CX3:2]!@[NX3H1:3][!#1:4]	0.00343527	63.7893	-	-	-	-	G
C03160648      none	B	[cH1:1][c:2]([cH1])!@[C:3]([NH1,NH2])=[O:4]	152.995	9.05971	-	-	-	-	G
C13216026      none	B	[O:1]=[C:2]!@[O:3]~[C:4]	-0.00857819	74.4927	-	-	-	-	G
C13216026      none	B	[a:1][a:2]!@[CX3:3]=[O:4]	120.296	0.855256	-	-	-	-	O
C13216026      none	B	[!#1:1][CH2:2]!@[n:3][cH0:4]	90.0016	14.7896	-	-	-	-	G
C13216026      none	B	[!#1:1][CX4:2]!@[CX4:3][!#1:4]	-160	1.85018	-	-	-	-	G
C13216026      none	B	[OX2:1][CX4:2]!@[CX4:3][OX2:4]	79.9939	2.87509	-	-	-	-	G
C40601284      none	B	[!#1:1][CX4:2]!@[CX4:3][!#1:4]	68.622	7.06239	-	-	-	-	G
C40601284      none	B	[NH1:1][CX4:2]!@[CX3:3]=[O:4]	-150.002	4.5183	-	-	-	-	G
C40601284      none	B	[$(C=O):1][NX3H1:2]!@[CX4H0:3][C:4]	179.996	11.3993	-	-	-	-	G
C40601284      none	B	[O:1]=[CX3:2]([$([NX3H1]C)])!@[NX3H1:3][!#1:4]	0.0120918	41.1343	-	-	-	-	G
C40601284      none	B	[O:1]=[CX3:2]([$([NX3H1]C)])!@[NX3H1:3][!#1:4]	-0.00414532	41.1343	-	-	-	-	G
C40601284      none	B	[$([CX3]=O):1][NX3H1:2]!@[CX4H2:3][C:4] 	90.0042	7.35439	-	-	-	-	G
C40601284      none	B	[!#1:1][CX4H2:2]!@[CX4H2:3][!#1:4]	59.9949	3.99483	-	-	-	-	G
C40601284      none	B	[cH1:1][c:2]([cH1])!@[CX4H2:3][CX4:4]	90.004	11.713	-	-	-	-	G
C38030479      none	B	[*:1][$(S(=O)=O):2]!@[NX3H0r:3][*:4]	-89.9953	4.88152	-	-	-	-	G
C38030479      none	B	[*:1][$(S(=O)=O):2]!@[NX3H1:3][*:4]	60.0015	8.81913	-	-	-	-	G
C38030479      none	B	[$(S(=O)(=O)):1][NH1:2]!@[c:3]([cH1])[cH1:4]	-90.3111	1.05932	-	-	-	-	O
C38030479      none	B	[!#1:1][CH2:2]!@[n:3][a:4]	-89.999	13.2844	-	-	-	-	G
C38030479      none	B	[!#1:1][CX4H2:2]!@[CX3:3]=[O:4]	119.995	0.613497	-	-	-	-	G
C36746353      none	B	[O:1]=[CX3:2]!@[NX3H1:3][!#1:4]	0.00449207	63.7893	-	-	-	-	G
C36746353      none	B	[$([CX3]=O):1][NX3H1:2]!@[CX4H2:3][C:4] 	-90.002	7.35439	-	-	-	-	G
C36746353      none	B	[!#1:1][CX4H2:2]!@[CX4H2:3][!#1:4]	59.9969	3.99483	-	-	-	-	G
C36746353      none	B	[$(S(=O)(=O)):1][NX3H1:2]!@[CX4H2:3][!#1:4]	120.005	2.14592	-	-	-	-	O
C36746353      none	B	[c:1][$(S(=O)=O):2]!@[NX3H1:3][C:4]	-60.0044	13.7514	-	-	-	-	G
C36746353      none	B	[aH1:1][c:2]([aH1])!@[SX4:3][!#1:4]	-89.6808	12.5987	-	-	-	-	G
C36746353      none	B	[!#1:1][CH2:2]!@[n:3][a:4]	89.9973	13.2097	-	-	-	-	G
C36746353      none	B	[!#1:1][CX4H2:2]!@[CX4H2:3][!#1:4]	59.9975	3.99483	-	-	-	-	G
C36746353      none	B	[C:1][CX4H2:2]!@[CX3:3]=[O:4]	-119.993	0.79457	-	-	-	-	O
C65393830      none	B	[$([CX3]=O):1][NX3H1:2]!@[CX4H2:3][C:4] 	80.0046	8.34156	-	-	-	-	G
C65393830      none	B	[O:1]=[CX3:2]!@[NX3H1:3][!#1:4]	0.000823677	63.7893	-	-	-	-	G
C65393830      none	B	[C:1][CX4:2]!@[CX3:3]=[O:4]	118.793	3.75937	-	-	-	-	G
C65393830      none	B	[$(C=O):1][NX3H1:2]!@[CX4H1:3][H:4]	-26.854	6.97413	-	-	-	-	G
C65393830      none	B	[O:1]=[CX3:2]!@[NX3H1:3][!#1:4]	-0.00670762	63.7893	-	-	-	-	G
C65393830      none	B	[$([cH0][OH0]):1][c:2]([cH1])!@[C:3](=O)[NH1:4]	-0.0100415	33.9844	-	-	-	-	G
C13027584      none	B	[$(S(=O)(=O)):1][NH0:2]!@[c:3]([cH1])[cH0:4]	89.9945	13.1148	-	-	-	-	G
C13027584      none	B	[O:1]=[C:2]([O-])!@[c:3]([cH1])[cH1:4]	179.974	7.35294	-	-	-	-	G
C13027584      none	B	[c:1][S:2](=O)(=O)!@[NX2H0-:3]-[*:4]	60.0048	8.33333	-	-	-	-	G
C13027584      none	B	[aH0:1][c:2]([aH1])!@[SX4:3][!#1:4]	-110.271	1.0568	-	-	-	-	O
C13027584      none	B	[O-:1][N+:2](=O)!@[c:3]([cH,nX2H0])[cH,nX2H0:4]	179.975	23.2156	-	-	-	-	G
C13027584      none	B	[O-:1][N+:2](=O)!@[c:3]([cH0])[cH,nX2H0:4]	90.2053	0.274725	-	-	-	-	O
C42527341      none	B	[OX2:1][CX4:2]!@[CX4:3][N:4]	-79.9919	3.59551	-	-	-	-	G
C42527341      none	B	[O:1]=[C:2]([O-])!@[CX4H1:3][H:4]	-0.00652247	0.495663	-	-	-	-	O
C42527341      none	B	[$(C=O):1][NX3H1:2]!@[CX4H1:3][H:4]	0.00580987	8.26772	-	-	-	-	G
C42527341      none	B	[O:1]=[CX3:2]!@[NX3H1:3][!#1:4]	0.00332386	63.7893	-	-	-	-	G
C42527341      none	B	[O:1]=[CX3:2]!@[NX3H0:3][!#1:4]	179.998	18.2537	-	-	-	-	G
C42527341      none	B	[$([CX3]=O):1][NX3H0:2](C)!@[CX4H2:3][C:4]	-90.0051	15.9949	-	-	-	-	G
C42527341      none	B	[$(C=O):1][NX3H0:2]!@[CX4H1:3][H:4]	58.0428	0.252101	-	-	-	-	R
C42527341      none	B	[OX2:1][CX4H2:2]!@[CX4H2:3][N:4]	180	8.36763	-	-	-	-	G
C13115801      none	B	[C:1][CX4:2]!@[CX3:3][C:4]	121.881	1.49612	-	-	-	-	O
C13115801      none	B	[*:1]~[CX3:2]!@[cX3:3]~[*:4]	150.313	2.32505	-	-	-	-	O
C16952716      none	B	[*:1]~[CX4:2]!@[n:3]~[*:4]	150.001	3.15253	-	-	-	-	G
C40578964      none	B	[H:1][CX4H1:2]!@[O:3][CX4:4]	39.999	11.9906	-	-	-	-	G
C40578964      none	B	[O:1]=[C:2]([O-])!@[CX4H1:3][H:4]	-0.000250098	0.495663	-	-	-	-	O
C40578964      none	B	[O:1]=[CX3:2]!@[NX3H0:3][!#1:4]	179.994	18.2537	-	-	-	-	G
C40578964      none	B	[O:1]=[CX3:2]!@[NX3H1:3][!#1:4]	-0.00132418	63.7893	-	-	-	-	G
C40578964      none	B	[$([CX3]=O):1][NX3H1:2]!@[CX4H2:3][C:4] 	-150	1.7769	-	-	-	-	O
C40578964      none	B	[!#1:1][CX4H2:2]!@[CX4H2:3][!#1:4]	60.003	3.99483	-	-	-	-	G
C40578964      none	B	[!#1:1][CX4:2]!@[SX4:3][!#1:4]	167.737	7.85263	-	-	-	-	G
C42040652      none	B	[O:1]=[C:2]([O-])!@[CX4H1:3][H:4]	89.9981	0.86741	-	-	-	-	O
C42040652      none	B	[a:1][c:2]!@[CX4H1:3][H:4]	0.00362273	6.54616	-	-	-	-	G
C62430936      none	B	[OX2:1][CX4:2]!@[CX4:3][N:4]	179.999	9.8427	-	-	-	-	G
C62430936      none	B	[O:1]=[C:2]([O-])!@[CX4H1:3][H:4]	-0.0011485	0.495663	-	-	-	-	O
C62430936      none	B	[$(S(=O)(=O)):1][NX3H1:2]!@[CX4H1:3][H:4]	-59.9992	0.736648	-	-	-	-	G
C62430936      none	B	[c:1][$(S(=O)=O):2]!@[NX3H1:3][C:4]	60.0034	14.5215	-	-	-	-	G
C62430936      none	B	[aH1:1][c:2]([aH1])!@[SX4:3][!#1:4]	90.2767	12.916	-	-	-	-	G
C49032712      none	B	[$(C=O):1][NX3H1:2]!@[c:3]([cH1])[cH1:4]	-150.02	5.07451	-	-	-	-	G
C49032712      none	B	[O:1]=[CX3:2]!@[NX3H1:3][!#1:4]	-0.00439726	63.7893	-	-	-	-	G
C49032712      none	B	N[C:2](=[O:1])!@[CH2:3][N:4]	-119.995	0.892857	-	-	-	-	G
C49032712      none	B	[$(S(=O)(=O)):1][NX3H1:2]!@[CX4H2:3][!#1:4]	119.995	2.14592	-	-	-	-	O
C49032712      none	B	[C:1][$(S(=O)=O):2]!@[NX3H1:3][C:4]	60.004	6.12245	-	-	-	-	G
C12953607      none	B	[*^2:1]~[C^2:2]([!H])!@[C^2:3]~[*^2:4]	-150.031	1.11601	-	-	-	-	G
C12953607      none	B	[*:1]~[CX4:2]!@[NX2:3]~[*:4]	-120.003	6.09137	-	-	-	-	G
C12953607      none	B	[a:1][c:2]!@[CX4H2:3][!#1:4]	90.3087	7.24386	-	-	-	-	G
C52764001      none	B	[!#1:1][CX4:2]!@[CX4:3][!#1:4]	-81.3799	1.71775	-	-	-	-	G
C52764001      none	B	[NH1:1][CX4:2]!@[CX3:3]=[O:4]	-119.993	0.275693	-	-	-	-	G
C52764001      none	B	[$(C=O):1][NX3H1:2]!@[CX4H0:3][C:4]	-60.0115	14.7253	-	-	-	-	G
C52764001      none	B	[O:1]=[CX3:2]!@[NX3H1:3][!#1:4]	0.00931114	63.7893	-	-	-	-	G
C52764001      none	B	[O:1]=[CX3:2]!@[NX3H0:3][!#1:4]	-149.692	1.37927	-	-	-	-	O
C52764001      none	B	[!#1:1][CX4:2]!@[CX4:3][!#1:4]	-159.996	1.85018	-	-	-	-	G
C52764001      none	B	[!#1:1][CX4H2:2]!@[CX4H2:3][!#1:4]	180	58.554	-	-	-	-	G
C52764001      none	B	[!#1:1][CX4H2:2]!@[CX4H2:3][!#1:4]	180	58.554	-	-	-	-	G
C45948821      none	B	[aH0:1][c:2]([aH1])!@[SX4:3][!#1:4]	64.9986	13.4742	-	-	-	-	G
C45948821      none	B	[*:1][$(S(=O)=O):2]!@[NX3H0r:3][*:4]	60.2731	7.32227	-	-	-	-	G
C45948821      none	B	[O:1]=[C:2]([O-])!@[CX4H1:3][H:4]	89.9969	0.86741	-	-	-	-	O
C56926386      none	B	[a:1][c:2]!@[CX4H1:3][N,O:4]	-60.0014	3.48172	-	-	-	-	G
C56926386      none	B	[$(C=O):1][NX3H1:2]!@[CX4H1:3][H:4]	-30.0005	6.97413	-	-	-	-	G
C56926386      none	B	[$(S(=O)(=O)):1][NH0:2]!@[c:3]([cH1])[cH1:4]	-119.756	1.65289	-	-	-	-	G
C56926386      none	B	[*:1]~[N,n:2]!@[S:3]~[*:4]	176.031	8.16343	-	-	-	-	G
C56926386      none	B	[O:1]=[CX3:2]([$([NX3H1]C)])!@[NX3H1:3][!#1:4]	-0.00123262	41.1343	-	-	-	-	G
C56926386      none	B	[O:1]=[CX3:2]([$([NX3H1]C)])!@[NX3H1:3][!#1:4]	180	9.5176	-	-	-	-	R
C56926386      none	B	[$([CX3]=O):1][NX3H1:2]!@[CX4H2:3][C:4] 	89.9981	7.35439	-	-	-	-	G
C56926386      none	B	[OX2:1][CX4H2:2]!@[CX4H2:3][N:4]	-59.9988	16.5981	-	-	-	-	G
C13260072      none	B	[cH1:1][c:2]([cH1])!@[C:3]([NH1,NH2])=[O:4]	153.009	9.05971	-	-	-	-	G
C13260072      none	B	[O:1]=[CX3:2]!@[NX3H1:3][!#1:4]	-0.000277457	63.7893	-	-	-	-	G
C13260072      none	B	[$(C=O):1][NX3H1:2]!@[CX4H1:3][H:4]	0.00611096	8.26772	-	-	-	-	G
C13260072      none	B	[!#1:1][CX4:2]!@[CX4:3][!#1:4]	-80.001	1.71775	-	-	-	-	G
C13260072      none	B	[O:1]=[C:2]([O-])!@[CX4H1:3][H:4]	-0.00531104	0.495663	-	-	-	-	O
C13260072      none	B	[cH0:1][c:2]!@[CX4H2:3][CX4:4]	-135.004	0.202532	-	-	-	-	R
C13312664      none	B	[!#1:1][CX4H2:2]!@[CX4H2:3][!#1:4]	180	58.554	-	-	-	-	G
C13312664      none	B	[!#1:1][CX4H2:2]!@[CX4H2:3][!#1:4]	180	58.554	-	-	-	-	G
C13312664      none	B	[!#1:1][CX4H2:2]!@[CX4H2:3][!#1:4]	180	58.554	-	-	-	-	G
C13312664      none	B	[$([CX3]([C])([H])):1]=[CX3:2]([H])!@[CH2:3][C:4]	150.004	2.20264	-	-	-	-	O
C13312664      none	B	[CX3R:1]=[CX3R:2]!@[CX3:3]=[CX3:4]	180	28.0415	-	-	-	-	G
C13312664      none	B	[CX3:1]=[CX3:2]!@[CH2:3][OX2:4]	-149.994	1.83206	-	-	-	-	G
C13312664      none	B	[!#1:1][CX4:2]!@[CX4:3][!#1:4]	-160	1.85018	-	-	-	-	G
C13312664      none	B	[CX3:1]=[CX3:2]!@[CH2:3][C:4]	180	0.950764	-	-	-	-	O
C13312664      none	B	[*^2:1]~[C^2:2]([!H])!@[C^2:3]~[*^2:4]	-29.9998	1.21216	-	-	-	-	G
C09089989      none	B	[$(C=O):1][NX3H0:2]!@[c:3]([cH1])[cH1:4]	60.0269	4.89486	-	-	-	-	G
C09089989      none	B	[cH1:1][c:2](cO)!@[O:3][C:4]	-89.984	0.35524	-	-	-	-	R
C09089989      none	B	[$(cO):1][c:2](cO)!@[O:3][C:4]	89.9962	10.8863	-	-	-	-	G
C09089989      none	B	[cH1:1][c:2](cO)!@[O:3][C:4]	90.2106	0.310835	-	-	-	-	R
C37400487      none	B	[n,o,s:1][c:2]!@[CX4H2:3][CX4:4]	135.005	0.52356	-	-	-	-	O
C41718339      none	B	[cH1:1][c:2]([cH1])!@[CX3:3]=[O:4]	-29.7229	3.22841	-	-	-	-	G
C41718339      none	B	[$(C=O):1][NX3H1:2]!@[c:3]([cH1])[cH1:4]	30.2573	5.05437	-	-	-	-	G
C41718339      none	B	[O:1]=[CX3:2]!@[NX3H1:3][!#1:4]	-119.995	0	-	-	-	-	R
C41718339      none	B	[O:1]=[CX3:2]!@[NX3H0:3][!#1:4]	-179.698	18.2537	-	-	-	-	G
C41718339      none	B	[O:1]=[C:2]([O-])!@[CX4H1:3][H:4]	89.9975	0.86741	-	-	-	-	O
C35428757      none	B	[cH0:1][c:2]([cH,nX2H0])!@[NX3H0:3][CX4:4]	30.0006	1.46856	-	-	-	-	G
C35428757      none	B	[C:1][CX4:2]!@[NX3:3][C:4]	-38.171	0.52284	-	-	-	-	R
C35428757      none	B	[O:1]=[C:2]([O-])!@[c:3][a:4]	90.001	0.862069	-	-	-	-	O
C42543124      none	B	[!#1:1][CH2:2]!@[n:3][a:4]	-44.9993	0.361056	-	-	-	-	O
C42543124      none	B	[!#1:1][CX4H2:2]!@[CX4H2:3][!#1:4]	-60.0009	3.77933	-	-	-	-	G
C42543124      none	B	[$([CX3]=O):1][NX3H1:2]!@[CX4H2:3][C:4] 	-150.006	1.7769	-	-	-	-	O
C42543124      none	B	[O:1]=[CX3:2]([$([NX3H1]C)])!@[NX3H1:3][!#1:4]	0.0115183	41.1343	-	-	-	-	G
C42543124      none	B	[O:1]=[CX3:2]([$([NX3H1]C)])!@[NX3H1:3][!#1:4]	-0.00308591	41.1343	-	-	-	-	G
C42543124      none	B	[$(C=O):1][NX3H1:2]!@[CX4H1:3][H:4]	-29.9986	6.97413	-	-	-	-	G
C42543124      none	B	[!#1:1][CX4:2]!@[CX4:3][!#1:4]	179.997	22.1548	-	-	-	-	G
C42543124      none	B	[O:1]=[C:2]([O-])!@[CX4H1:3][H:4]	0.0047242	0.495663	-	-	-	-	O
C42543124      none	B	[!#1:1][CX4H2:2]!@[CX4H2:3][!#1:4]	180	58.554	-	-	-	-	G
C40578412      none	B	[NH1:1][CX4:2]!@[CX3:3]=[O:4]	119.998	0.41354	-	-	-	-	G
C40578412      none	B	[$(C=O):1][NX3H1:2]!@[CX4H1:3][H:4]	-0.00951207	8.26772	-	-	-	-	G
C40578412      none	B	[O:1]=[CX3:2]!@[NX3H1:3][!#1:4]	0.00750635	63.7893	-	-	-	-	G
C40578412      none	B	[O:1]=[CX3:2]!@[NX3H0:3][!#1:4]	-29.6915	0.692521	-	-	-	-	O
C40578412      none	B	[O:1]=[C:2]([O-])!@[CX4H1:3][H:4]	-0.00536138	0.495663	-	-	-	-	O
C39097852      none	B	[*:1]~[CX4:2]!@[n:3]~[*:4]	-149.999	3.13346	-	-	-	-	G
C40776422      none	B	[!#1:1][CX4:2]!@[CX4:3][!#1:4]	60.0059	12.3771	-	-	-	-	G
C40776422      none	B	[!#1:1][CX4:2]!@[CX4:3][!#1:4]	159.998	1.81259	-	-	-	-	G
C40776422      none	B	[OX2:1][CX4:2]!@[CX4:3][N:4]	-80.0022	3.59551	-	-	-	-	G
C40776422      none	B	[$(C=O):1][NX3H1:2]!@[CX4H1:3][H:4]	29.9914	9.46757	-	-	-	-	G
C40776422      none	B	[O:1]=[CX3:2]!@[NX3H1:3][!#1:4]	0.00523088	63.7893	-	-	-	-	G
C40776422      none	B	[O:1]=[CX3:2]([NH1])!@[CH2:3][C:4]	89.9962	2.11706	-	-	-	-	O
C40776422      none	B	[!#1:1][CX4:2]!@[CX4:3][!#1:4]	180	22.1548	-	-	-	-	G
C40776422      none	B	[!#1:1][CX4:2]!@[CX4:3][!#1:4]	179.996	22.1548	-	-	-	-	G
C40776422      none	B	[C:1][CX4:2]!@[CX3:3]=[O:4]	90.0051	3.65147	-	-	-	-	G
C42869618      none	B	[!#1:1][CX4:2]!@[CX4:3][!#1:4]	-80.0051	1.71775	-	-	-	-	G
C42869618      none	B	[$([CX3]=O):1][NX3H1:2]!@[CX4H2:3][C:4] 	150	1.43139	-	-	-	-	O
C42869618      none	B	[O:1]=[CX3:2]([$([NX3H1]C)])!@[NX3H1:3][!#1:4]	0.00438263	41.1343	-	-	-	-	G
C42869618      none	B	[O:1]=[C:2]([NH1])!@[NX3H1:3](C=O)[H:4]	0.00122199	58.9474	-	-	-	-	G
C42869618      none	B	[O:1]=[C:2]!@[NX3H1:3](C=O)[H:4]	179.997	35.6725	-	-	-	-	G
C42869618      none	B	[O:1]=[CX3:2]([NH1])!@[CH2:3][C:4]	60.002	6.84932	-	-	-	-	G
C42869618      none	B	[!#1:1][CX4H2:2]!@[CX4H2:3][!#1:4]	180	58.554	-	-	-	-	G
C42869618      none	B	[!#1:1][CX4H2:2]!@[CX4H2:3][!#1:4]	180	58.554	-	-	-	-	G
C42869618      none	B	[!#1:1][CX4H2:2]!@[CX4H2:3][!#1:4]	60.0036	3.99483	-	-	-	-	G
C42869618      none	B	[C:1][CX4H2:2]!@[CX3:3]=[O:4]	-119.995	0.79457	-	-	-	-	O
C37463694      none	B	[!#1:1][CX4:2]!@[CX4:3][!#1:4]	158.617	1.81259	-	-	-	-	G
C37463694      none	B	[NH1:1][CX4:2]!@[CX3:3]=[O:4]	119.992	0.41354	-	-	-	-	G
C37463694      none	B	[!#1:1][CX4:2]!@[NX3:3][!#1:4]	89.9988	4.4726	-	-	-	-	G
C37463694      none	B	[c:1][$(S(=O)=O):2]!@[NX3H1:3][C:4]	-147.002	0	-	-	-	-	R
C37463694      none	B	[aH1:1][c:2]([aH1])!@[SX4:3][!#1:4]	-89.6881	12.5987	-	-	-	-	G
C37463694      none	B	[a:1][c:2]!@[C:3]([NH1,NH2])=[O:4]	180	9.31373	-	-	-	-	G
C62100871      none	B	[!#1:1][CX4H2:2]!@[CX4H2:3][!#1:4]	180	58.554	-	-	-	-	G
C62100871      none	B	[!#1:1][CX4:2]!@[CX4:3][!#1:4]	180	22.1548	-	-	-	-	G
C62100871      none	B	[NH1:1][CX4:2]!@[CX3:3]=[O:4]	-29.9966	4.44172	-	-	-	-	G
C62100871      none	B	[$(C=O):1][NX3H1:2]!@[CX4H0:3][C:4]	59.998	13.3187	-	-	-	-	G
C62100871      none	B	[O:1]=[CX3:2]!@[NX3H1:3][!#1:4]	0.000270423	63.7893	-	-	-	-	G
C62100871      none	B	[O:1]=[CX3:2]!@[NX3H0:3][!#1:4]	-29.7387	0.692521	-	-	-	-	O
C51840856      none	B	[OX2:1][CX4:2]!@[CX4:3][N:4]	-80.0028	3.59551	-	-	-	-	G
C51840856      none	B	[$([CX3]=O):1][NX3H0:2](C)!@[CX4H2:3][C:4]	-90.0025	15.9949	-	-	-	-	G
C51840856      none	B	[O:1]=[CX3:2]!@[NX3H0:3][!#1:4]	29.999	0.680979	-	-	-	-	O
C51840856      none	B	[O:1]=[CX3:2]!@[NX3H0:3][!#1:4]	-149.674	1.37927	-	-	-	-	O
C51840856      none	B	[O:1]=[C:2]([O-])!@[CX4H1:3][H:4]	-0.00212288	0.495663	-	-	-	-	O
C37457029      none	B	[NH1:1][CX4:2]!@[CX3:3]=[O:4]	-150.007	4.5183	-	-	-	-	G
C37457029      none	B	[$(C=O):1][NX3H1:2]!@[CX4H0:3][C:4]	180	11.3993	-	-	-	-	G
C37457029      none	B	[O:1]=[CX3:2]!@[NX3H1:3][!#1:4]	-0.0124718	63.7893	-	-	-	-	G
C37457029      none	B	[cH1:1][c:2]([cH1])!@[C:3]([NH1,NH2])=[O:4]	153.007	9.05971	-	-	-	-	G
C37457029      none	B	[a:1][c:2]!@[CX4H2:3][!#1:4]	-44.9823	1.62815	-	-	-	-	O
C40557402      none	B	[OX2:1][CX4:2]!@[CX4:3][N:4]	-85.8563	0.988764	-	-	-	-	O
C40557402      none	B	[$([CX3]=O):1][NX3H1:2]!@[CX4H2:3][C:4] 	90.0042	7.35439	-	-	-	-	G
C40557402      none	B	[O:1]=[CX3:2]!@[NX3H1:3][!#1:4]	-0.00327924	63.7893	-	-	-	-	G
C40557402      none	B	[O:1]=[CX3:2]!@[NX3H0:3][!#1:4]	0.303112	25.0866	-	-	-	-	G
C40557402      none	B	[O:1]=[C:2]([O-])!@[CX4H1:3][H:4]	-0.00258254	0.495663	-	-	-	-	O
C41035970      none	B	[NH1:1][CX4:2]!@[CX3:3]=[O:4]	-30.0058	4.44172	-	-	-	-	G
C41035970      none	B	[$(C=O):1][NX3H1:2]!@[CX4H0:3][C:4]	180	11.3993	-	-	-	-	G
C41035970      none	B	[O:1]=[CX3:2]([$([NX3H1]C)])!@[NX3H1:3][!#1:4]	0.00746058	41.1343	-	-	-	-	G
C41035970      none	B	[O:1]=[CX3:2]([$([NX3H1]C)])!@[NX3H1:3][!#1:4]	179.988	9.5176	-	-	-	-	R
C41035970      none	B	[$(C=O):1][NX3H1:2]!@[CX4H1:3][H:4]	29.9994	9.46757	-	-	-	-	G
C41036012      none	B	[NH1:1][CX4:2]!@[CX3:3]=[O:4]	-119.988	0.275693	-	-	-	-	G
C41036012      none	B	[$(C=O):1][NX3H1:2]!@[CX4H0:3][C:4]	-60.0052	14.7253	-	-	-	-	G
C41036012      none	B	[O:1]=[CX3:2]([$([NX3H1]C)])!@[NX3H1:3][!#1:4]	0.0213909	41.1343	-	-	-	-	G
C41036012      none	B	[O:1]=[CX3:2]([$([NX3H1]C)])!@[NX3H1:3][!#1:4]	-0.0233935	41.1343	-	-	-	-	G
C41036012      none	B	[$([CX3]=O):1][NX3H1:2]!@[CX4H2:3][C:4] 	120.008	2.76407	-	-	-	-	O
C41036012      none	B	[!#1:1][CX4H2:2]!@[CX4H2:3][!#1:4]	60.0013	3.99483	-	-	-	-	G
C41036012      none	B	[n,o,s:1][c:2]!@[CX4H2:3][CX4:4]	-89.9987	5.3104	-	-	-	-	G
C40470507      none	B	[a:1][c:2]!@[C:3]([NH0])=[O:4]	-60	3.63889	-	-	-	-	G
C40470507      none	B	[O:1]=[CX3:2](a)!@[NX3H0:3][!#1:4]	-29.6992	1.17502	-	-	-	-	O
C40470507      none	B	[O:1]=[C:2]([O-])!@[CX4H1:3][H:4]	-0.00606565	0.495663	-	-	-	-	O
C40912354      none	B	[NH1:1][CX4:2]!@[CX3:3]=[O:4]	-120.005	0.275693	-	-	-	-	G
C40912354      none	B	[$(C=O):1][NX3H1:2]!@[CX4H0:3][C:4]	60.0036	13.3187	-	-	-	-	G
C40912354      none	B	[O:1]=[CX3:2]([$([NX3H1]C)])!@[NX3H1:3][!#1:4]	-0.0155209	41.1343	-	-	-	-	G
C40912354      none	B	[O:1]=[CX3:2]([$([NX3H1]C)])!@[NX3H1:3][!#1:4]	0.0127954	41.1343	-	-	-	-	G
C40912354      none	B	[$([CX3]=O):1][NX3H1:2]!@[CX4H2:3][C:4] 	-120.001	2.61599	-	-	-	-	O
C40912354      none	B	[!#1:1][CX4H2:2]!@[CX4H2:3][!#1:4]	59.9998	3.99483	-	-	-	-	G
C40912354      none	B	[!#1:1][CX4H2:2]!@[CX4H2:3][!#1:4]	60.0007	3.99483	-	-	-	-	G
C40912354      none	B	[N:1][C:2](=O)!@[CX4H2:3][CX4H2:4]	-120.004	3.67847	-	-	-	-	G
C49502849      none	B	[!#1:1][CX4:2]!@[CX4:3][!#1:4]	180	22.1548	-	-	-	-	G
C49502849      none	B	[$(C=O):1][NX3H1:2]!@[CX4H1:3][H:4]	-0.000377854	8.26772	-	-	-	-	G
C49502849      none	B	[CX4:1][CX4H2:2]!@[NX3;"N_lp":3][CX4:4]	-176.361	5.18593	-	-	-	-	G
C49502849      none	B	[O:1]=[CX3:2]([$([NX3H1]C)])!@[NX3H1:3][!#1:4]	0.00750198	41.1343	-	-	-	-	G
C49502849      none	B	[O:1]=[CX3:2]([$([NX3H1]C)])!@[NX3H1:3][!#1:4]	179.994	9.5176	-	-	-	-	R
C49502849      none	B	[$([CX3]=O):1][NX3H1:2]!@[CX4H2:3][C:4] 	180	6.46594	-	-	-	-	G
C49502849      none	B	[NH1:1][CX4:2]!@[CX3:3]=[O:4]	120	0.41354	-	-	-	-	G
C25756770      none	B	[!#1:1][CX4H2:2]!@[CX4H2:3][!#1:4]	180	58.554	-	-	-	-	G
C25756770      none	B	[!#1:1][CX4:2]!@[CX4:3][!#1:4]	-62.0845	12.2558	-	-	-	-	G
C25756770      none	B	[NH1:1][CX4:2]!@[CX3:3]=[O:4]	-123.103	0.275693	-	-	-	-	G
C25756770      none	B	[O:1]=[CX3:2]!@[NX3H1:3][!#1:4]	0.00347488	63.7893	-	-	-	-	G
C25756770      none	B	[$(C=O):1][NX3H1:2]!@[CX4H1:3][H:4]	29.9955	9.46757	-	-	-	-	G
C25756770      none	B	[OX2:1][CX4:2]!@[CX4:3][N:4]	-79.9617	3.59551	-	-	-	-	G
C25756770      none	B	[!#1:1][CX4:2]!@[CX4:3][!#1:4]	80.0038	1.75235	-	-	-	-	G
C25756770      none	B	[H:1][CX4H1:2]!@[OX2:3][!#1:4]	-39.7668	10.8116	-	-	-	-	G
C25756770      none	B	[!#1:1][CX4:2]!@[SX2:3][!#1:4]	-80.003	6.01214	-	-	-	-	G
C25756770      none	B	[*:1]~[OX2:2]!@[P:3]~[*:4]	60.007	4.54722	-	-	-	-	G
C48967534      none	B	[OX2:1][CX4:2]!@[CX4:3][N:4]	-40.0005	1.41573	-	-	-	-	G
C48967534      none	B	[O:1]=[C:2]([O-])!@[CX4H1:3][H:4]	89.9954	0.86741	-	-	-	-	O
C48967534      none	B	[$(C=O):1][NX3H1:2]!@[CX4H1:3][H:4]	180	0.712411	-	-	-	-	R
C48967534      none	B	[O:1]=[CX3:2]!@[NX3H1:3][!#1:4]	0.000341068	63.7893	-	-	-	-	G
C48967534      none	B	[O:1]=[CX3:2]!@[NX3H0:3][!#1:4]	-0.00667458	25.0866	-	-	-	-	G
C48967534      none	B	[$([C](=O)):1][NX3H0:2]!@[CX4H2:3][$([c]([cH,nX2H0])[cH,nX2H0]):4]	-89.9969	11.8974	-	-	-	-	G
C48967534      none	B	[$(C=O):1][NX3H0:2]!@[CX4H1:3][H:4]	64.324	0.252101	-	-	-	-	R
C48967534      none	B	[a:1][c:2]!@[CX4H2:3][!#1:4]	-89.727	7.30446	-	-	-	-	G
C22030996      none	B	[a:1][c:2]!@[CX4H1:3][N,O:4]	-90.0008	1.29082	-	-	-	-	G
C22030996      none	B	[cH0:1][c:2]!@[CX4H1:3][a:4]	-119.995	2.61531	-	-	-	-	G
C22030996      none	B	[!#1:1][CX4:2]!@[NX3;"N_lp":3]	-38.1008	7.31987	-	-	-	-	G
C22030996      none	B	[CX4:1][CX4H2:2]!@[NX3;"N_lp":3][CX4:4]	-79.9994	8.1206	-	-	-	-	G
C22030996      none	B	[OX2:1][CX4H2:2]!@[CX4H2:3][Nr:4]	179.996	8.33333	-	-	-	-	G
C44886578      none	B	[cH0:1][c:2]([cH1])!@[CX3:3]([NX3H1])=[O:4]	-60.0313	2.698	-	-	-	-	O
C44886578      none	B	[O:1]=[CX3:2]!@[NX3H1:3][!#1:4]	-0.00217959	63.7893	-	-	-	-	G
C44886578      none	B	[$(C=O):1][NX3H1:2]!@[CX4H1:3][H:4]	30.0087	9.46757	-	-	-	-	G
C44886578      none	B	[a:1][c:2]!@[CX4H1:3][N,O:4]	-60.0019	3.48172	-	-	-	-	G
C35764118      none	B	[$(C=O):1][NX3H1:2]!@[c:3]([cH1])[cH1:4]	29.9521	5.05437	-	-	-	-	G
C35764118      none	B	[O:1]=[CX3:2]!@[NX3H1:3][!#1:4]	0.000137049	63.7893	-	-	-	-	G
C35764118      none	B	[*^2:1]~[C^2:2]([!H])!@[C^2:3]~[*^2:4]	90.0116	1.26539	-	-	-	-	G
C35764118      none	B	[*^2:1]~[C^2:2]([!H])!@[C^2:3]~[*^2:4]	89.994	1.26539	-	-	-	-	G
C40558538      none	B	[N:1][CX4:2]!@[CX3:3]=[O:4]	-117.707	0.897291	-	-	-	-	O
C40558538      none	B	[O:1]=[CX3:2]!@[NX3H0:3][!#1:4]	29.9921	0.680979	-	-	-	-	O
C40558538      none	B	[O:1]=[CX3:2]!@[NX3H0:3][!#1:4]	-149.696	1.37927	-	-	-	-	O
C40558538      none	B	[O:1]=[C:2]([O-])!@[CX4H1:3][H:4]	-0.00186605	0.495663	-	-	-	-	O
C36857686      none	B	[*:1]~[CX4:2]!@[n:3]~[*:4]	-21.3832	2.3706	-	-	-	-	G
C36857686      none	B	[a:1][c:2]!@[C:3]([NH1,NH2])=[O:4]	180	9.31373	-	-	-	-	G
C36857686      none	B	[O:1]=[CX3:2]!@[NX3H1:3][!#1:4]	-0.00434729	63.7893	-	-	-	-	G
C36857686      none	B	[$(C=O):1][NX3H1:2]!@[CX4H1:3][H:4]	-29.9931	6.97413	-	-	-	-	G
C36857686      none	B	[!#1:1][CX4:2]!@[CX4:3][!#1:4]	-159.997	1.85018	-	-	-	-	G
C36857686      none	B	[O:1]=[C:2]([O-])!@[CX4H1:3][H:4]	-0.0128428	0.495663	-	-	-	-	O
C36857686      none	B	[C:1][CX4H2:2]!@[CX3:3]=[O:4]	-90.0012	1.15875	-	-	-	-	O
C04299307      none	B	[!#1:1][CX4H0:2]!@[OX2:3][!#1:4]	60.0001	19.4328	-	-	-	-	G
C04299307      none	B	[O:1]=[C:2]!@[O:3]~[CH0:4]	0.00188994	56.519	-	-	-	-	G
C04299307      none	B	[O:1]=[CX3:2]!@[NX3H1:3][!#1:4]	179.986	2.24265	-	-	-	-	G
C04299307      none	B	[$(C=O):1][NX3H1:2]!@[CX4H1:3][H:4]	30	9.46757	-	-	-	-	G
C04299307      none	B	[OX2:1][CX4:2]!@[CX4:3][N:4]	39.9977	1.66292	-	-	-	-	G
C04299307      none	B	[O:1]=[C:2]([O-])!@[CX4H1:3][H:4]	90.0063	0.86741	-	-	-	-	O
C04299307      none	B	[cH0:1][c:2]!@[CX4H1:3][CX4:4]	-150.268	2.93999	-	-	-	-	G
C20258315      none	B	[OX2:1][CX4:2]!@[CX4:3][N:4]	-60.0048	14.8764	-	-	-	-	G
C20258315      none	B	[O:1]=[C:2]([O-])!@[CX4H1:3][H:4]	90.0043	0.86741	-	-	-	-	O
C20258315      none	B	[$(C=O):1][NX3H1:2]!@[CX4H1:3][H:4]	-29.9995	6.97413	-	-	-	-	G
C20258315      none	B	[O:1]=[CX3:2]!@[NX3H1:3][!#1:4]	-0.00518759	63.7893	-	-	-	-	G
C20258315      none	B	[NH1:1][CX4:2]!@[CX3:3]=[O:4]	86.8445	0.183795	-	-	-	-	R
C61712847      none	B	[O:1]=[CX3:2]!@[NX3H0:3][!#1:4]	29.9982	0.680979	-	-	-	-	O
C61712847      none	B	[O:1]=[CX3:2]!@[NX3H0:3][!#1:4]	30.32	0.680979	-	-	-	-	O
C61712847      none	B	[O:1]=[C:2]([O-])!@[CX4H1:3][H:4]	-0.000618913	0.495663	-	-	-	-	O
C13538591      none	B	[cH1,n:1][c:2]!@[O:3][CRH1:4]	-59.9933	0.609756	-	-	-	-	R
C13538591      none	B	[O:1]=[C:2]([O-])!@[c:3]([cH1])[cH1:4]	-179.985	7.35294	-	-	-	-	G
C13538591      none	B	[H:1][CX4H1:2]!@[OX2:3][!#1:4]	59.9955	2.10701	-	-	-	-	G
C13538591      none	B	[OX2:1][CX4:2]!@[CX4:3][OX2:4]	-59.9506	16.2177	-	-	-	-	G
C65007636      none	B	[!#1:1][CH2:2]!@[n:3][cH0:4]	90.0439	14.7896	-	-	-	-	G
C65007636      none	B	[!#1:1][CX4:2]!@[SX4:3][!#1:4]	-152.259	1.51579	-	-	-	-	O
C65007636      none	B	[*:1]~[N,n:2]!@[S:3]~[*:4]	-89.9965	2.07385	-	-	-	-	G
C65007636      none	B	[$(S(=O)(=O)):1][N:2]!@[c:3][a:4]	-150.001	2.49023	-	-	-	-	G
C43423124      none	B	[!#1:1][CX4:2]!@[CX4:3][!#1:4]	60.004	12.3771	-	-	-	-	G
C43423124      none	B	[CX4:1][CX4H2:2]!@[NX3:3][CX4:4]	-120.008	0.70128	-	-	-	-	R
C43423124      none	B	[CX4:1][CX4H2:2]!@[NX3:3][CX4:4]	-59.9953	3.9001	-	-	-	-	G
C43423124      none	B	[cH1:1][c:2]([cH1])!@[NX3:3][CX4:4]	59.9943	1.23291	-	-	-	-	O
C43423124      none	B	[!#1:1][CX4H2:2]!@[CX4H2:3][!#1:4]	-60.0024	3.77933	-	-	-	-	G
C43423124      none	B	[O:1]=[C:2]([O-])!@[c:3]([cH1])[$([cH0][NH1,NH2]):4]	0.00195572	10	-	-	-	-	G
C42430856      none	B	[$(C=O):1][NX3:2]!@[a:3][aH0:4]	59.9783	2.5788	-	-	-	-	O
C42430856      none	B	[O:1]=[CX3:2]!@[NX3H1:3][!#1:4]	30.0054	0.0707142	-	-	-	-	O
C42430856      none	B	[O:1]=[CX3:2]!@[NX3H0:3][!#1:4]	0.30582	25.0866	-	-	-	-	G
C42430856      none	B	[O:1]=[C:2]([O-])!@[CX4H1:3][H:4]	89.9938	0.86741	-	-	-	-	O
C40124989      none	B	[a:1][a:2]!@[CX3:3]=[O:4]	-120.002	0.825401	-	-	-	-	O
C40124989      none	B	[*^2:1]~[C^2:2]([!H])!@[C^2:3]~[*^2:4]	-119.686	0.661024	-	-	-	-	G
C40124989      none	B	[a:1][c:2]!@[CX4H1:3][N,O:4]	56.7988	3.42939	-	-	-	-	G
C06856199      none	B	[*:1]~[CX3:2]!@[NX3:3]~[*:4]	179.998	27.0317	-	-	-	-	G
C06856199      none	B	[*:1]~[NX3:2]!@[NX3:3]~[*:4]	90.0016	3.54776	-	-	-	-	G
C06856199      none	B	[O:1]=[CX3:2]!@[NX3H1:3][!#1:4]	0.00371948	63.7893	-	-	-	-	G
C06856199      none	B	[cH1:1][c:2]([cH1])!@[C:3]([NH1,NH2])=[O:4]	-89.9973	0	-	-	-	-	R
C62946543      none	B	[C:1][CX4:2]!@[CX3:3]=[O:4]	29.9973	3.28614	-	-	-	-	G
C62946543      none	B	[*:1]~[CX4:2]!@[n:3]~[*:4]	-119.998	3.09532	-	-	-	-	G
C62946543      none	B	[O:1]=[CX3:2]!@[NX3H1:3][!#1:4]	-0.00298134	63.7893	-	-	-	-	G
C62946543      none	B	[$(C=O):1][NX3H1:2]!@[c:3]([cH1])[cH1:4]	119.994	0.181232	-	-	-	-	R
C62946543      none	B	[O:1]=[C:2]([O-])!@[c:3]([cH1])[cH1:4]	179.972	7.35294	-	-	-	-	G
C40697139      none	B	[!#1:1][CH2:2]!@[n:3][a:4]	89.9962	13.2097	-	-	-	-	G
C40697139      none	B	[!#1:1][CX4H2:2]!@[CX3:3]=[O:4]	-29.9947	3.82256	-	-	-	-	G
C40697139      none	B	[O:1]=[CX3:2]!@[NX3H1:3][!#1:4]	-0.00936091	63.7893	-	-	-	-	G
C40697139      none	B	[$(C=O):1][NX3H1:2]!@[CX4H1:3][H:4]	-29.9938	6.97413	-	-	-	-	G
C40697139      none	B	[!#1:1][CX4:2]!@[CX4:3][!#1:4]	-80.0041	1.71775	-	-	-	-	G
C40697139      none	B	[O:1]=[C:2]([O-])!@[CX4H1:3][H:4]	89.9995	0.86741	-	-	-	-	O
C40697139      none	B	[!#1:1][CX4H2:2]!@[CX4H2:3][!#1:4]	180	58.554	-	-	-	-	G
C38016148      none	B	[cH0:1][c:2]!@[CX4H2:3][CX4:4]	-89.7138	18.481	-	-	-	-	G
C38016148      none	B	[cH0:1][c:2]([cH1])!@[CX3:3]([NX3H0])=[O:4]	90.0079	5.09091	-	-	-	-	G
C38016148      none	B	[O:1]=[CX3:2](a)!@[NX3H0:3][!#1:4]	179.993	9.67842	-	-	-	-	G
C38016148      none	B	[$([CX3]=O):1][NX3H0:2](C)!@[CX4H2:3][C:4]	-89.9915	15.9949	-	-	-	-	G
C38016148      none	B	[$([CX3]=O):1][NX3H0:2](C)!@[CX4H2:3][C:4]	-90.0078	15.9949	-	-	-	-	G
C38016148      none	B	[N:1][CX4:2]!@[CX3:3]=[O:4]	119.999	0.766617	-	-	-	-	G
C22735392      none	B	[aH0:1][c:2]([aH0])!@[SX2:3][!#1:4]	-89.9988	3.32646	-	-	-	-	G
C22735392      none	B	[!#1:1][CX4:2]!@[SX2:3][!#1:4]	-89.9963	3.00607	-	-	-	-	G
C22735392      none	B	[!#1:1][CX4H2:2]!@[CX3:3]=[O:4]	120.002	0.613497	-	-	-	-	G
C41956087      none	B	[O:1][CX4:2]!@[CX3:3]=[O:4]	-30.0007	2.69102	-	-	-	-	G
C41956087      none	B	[!#1:1][CX4H0:2]!@[OX2:3][!#1:4]	60.0005	19.4328	-	-	-	-	G
C41956087      none	B	[a:1][c:2]([a])!@[O:3][CX4H0:4]	-89.9972	9.67742	-	-	-	-	G
C06008258      none	B	[aH1:1][c:2]([aH0])!@[SX2:3][!#1:4]	-0.00015083	22.2568	-	-	-	-	G
C06008258      none	B	[!#1:1][CX4:2]!@[SX2:3][!#1:4]	89.999	2.8728	-	-	-	-	G
C06008258      none	B	[!#1:1][CX4H2:2]!@[CX3:3]=[O:4]	-89.999	1.11373	-	-	-	-	G
C44792772      none	B	[O:1]=[CX3:2]!@[NX3H0:3][!#1:4]	29.9979	0.680979	-	-	-	-	O
C44792772      none	B	[C:1][CX4:2]!@[CX3:3]=[O:4]	-0.435243	5.61823	-	-	-	-	G
C44792772      none	B	[!#1:1][CX4:2]!@[CX3H0:3][!#1:4]	150.001	3.04782	-	-	-	-	G
C41753896      none	B	[!#1:1][CX4:2]!@[CX4:3][!#1:4]	-60.0006	12.2558	-	-	-	-	G
C41753896      none	B	[!#1:1][CX4H2:2]!@[CX4H2:3][!#1:4]	180	58.554	-	-	-	-	G
C41753896      none	B	[!#1:1][CX4:2]!@[CX4:3][!#1:4]	180	22.1548	-	-	-	-	G
C41753896      none	B	[NH1:1][CX4:2]!@[CX3:3]=[O:4]	-29.9978	4.44172	-	-	-	-	G
C41753896      none	B	[!#1:1][CX4:2]!@[NX3:3][!#1:4]	120.003	2.65326	-	-	-	-	G
C41753896      none	B	[cH1:1][c:2]([cH1])!@[NX3:3][CX4:4]	90.0023	0.924685	-	-	-	-	O
C41753896      none	B	[cH1:1][c:2]([cH1])!@[C:3]([NH1,NH2])=[O:4]	180	3.89499	-	-	-	-	G
C37366121      none	B	[!#1:1][CX4:2]!@[CX4:3][!#1:4]	128.632	0.0995365	-	-	-	-	R
C37366121      none	B	[NH1:1][CX4:2]!@[CX3:3]=[O:4]	-120.01	0.275693	-	-	-	-	G
C37366121      none	B	[$(C=O):1][NX3H1:2]!@[CX4H0:3][C:4]	59.9941	13.3187	-	-	-	-	G
C37366121      none	B	[O:1]=[CX3:2]!@[NX3H1:3][!#1:4]	0.0126409	63.7893	-	-	-	-	G
C37366121      none	B	[$([cH0](=O)):1][c:2]([cH1])!@[CX3:3]([NX3H1,NX3H2])=[O:4]	-90.0146	0	-	-	-	-	R
C22215674      none	B	[a:1][c:2]!@[C:3]([NH1,NH2])=[O:4]	-90.0085	0.299564	-	-	-	-	O
C22215674      none	B	[cH0:1][c:2]([cH,nX2H0])!@[NX3H0:3][CX4:4]	-119.723	1.65213	-	-	-	-	O
C22215674      none	B	[O:1]=[C:2]([O-])!@[CX4H1:3][H:4]	89.996	0.86741	-	-	-	-	O
C20593881      none	B	[$(C=O):1][NX3H0:2]!@[c:3]([cH1])[cH1:4]	150.231	1.18925	-	-	-	-	G
C42144891      none	B	[!#1:1][CX4:2]!@[SX2:3][!#1:4]	-80.0017	6.01214	-	-	-	-	G
C42144891      none	B	[!#1:1][CX4H2:2]!@[CX4H2:3][!#1:4]	179.998	58.554	-	-	-	-	G
C42144891      none	B	[!#1:1][CX4:2]!@[CX4:3][!#1:4]	-160	1.85018	-	-	-	-	G
C42144891      none	B	[NH1:1][CX4:2]!@[CX3:3]=[O:4]	30.0018	2.12896	-	-	-	-	G
C42144891      none	B	[$(C=O):1][NX3H1:2]!@[CX4H1:3][H:4]	30.0033	9.46757	-	-	-	-	G
C42144891      none	B	[O:1]=[CX3:2]!@[NX3H0:3][!#1:4]	-179.677	18.2537	-	-	-	-	G
C42144891      none	B	[!#1:1][CX4:2]!@[CX4:3][!#1:4]	-159.997	1.85018	-	-	-	-	G
C42144891      none	B	[C:1][CX4H2:2]!@[CX3:3]=[O:4]	120	0.695249	-	-	-	-	O
C42144891      none	B	[O:1]=[CX3:2]!@[NX3H1:3][!#1:4]	0.00448748	63.7893	-	-	-	-	G
C49080383      none	B	[!#1:1][CH2:2]!@[n:3][a:4]	-90.0087	13.2844	-	-	-	-	G
C49080383      none	B	[!#1:1][CX4H2:2]!@[CX4H2:3][!#1:4]	179.997	58.554	-	-	-	-	G
C49080383      none	B	[$([CX3]=O):1][NX3H1:2]!@[CX4H2:3][C:4] 	180	6.46594	-	-	-	-	G
C49080383      none	B	[O:1]=[CX3:2]([$([NX3H1]C)])!@[NX3H1:3][!#1:4]	180	9.5176	-	-	-	-	R
C49080383      none	B	[O:1]=[CX3:2]([$([NX3H1]C)])!@[NX3H1:3][!#1:4]	0.00124116	41.1343	-	-	-	-	G
C49080383      none	B	[$(C=O):1][NX3H1:2]!@[CX4H0:3][C:4]	59.9989	13.3187	-	-	-	-	G
C49080383      none	B	[NH1:1][CX4:2]!@[CX3:3]=[O:4]	89.9984	0.183795	-	-	-	-	R
C33518909      none	B	[$(C=O):1][NX3H1:2]!@[c:3]([cH1])[cH1:4]	-150.028	5.07451	-	-	-	-	G
C33518909      none	B	[O:1]=[CX3:2]!@[NX3H1:3][!#1:4]	0.00805953	63.7893	-	-	-	-	G
C33518909      none	B	[!#1:1][CX4H2:2]!@[CX3:3]=[O:4]	89.9969	1.06654	-	-	-	-	G
C33518909      none	B	[!#1:1][CX4:2]!@[SX2:3][!#1:4]	-60.0044	7.13757	-	-	-	-	G
C33518909      none	B	[!#1:1][CX4:2]!@[SX2:3][!#1:4]	-160.004	3.18377	-	-	-	-	G
C33518909      none	B	[!#1:1][CX4H2:2]!@[CX3:3]=[O:4]	-59.998	1.45352	-	-	-	-	G
C33518909      none	B	[O:1]=[CX3:2]!@[NX3H1:3][!#1:4]	0.00156705	63.7893	-	-	-	-	G
C33518909      none	B	[$([CX3]=O):1][NX3H1:2]!@[CX4H2:3][C:4] 	-150	1.7769	-	-	-	-	O
C33518909      none	B	[!#1:1][CX4H2:2]!@[CX4H2:3][!#1:4]	-60.0021	3.77933	-	-	-	-	G
C33518909      none	B	[C:1][CX4H2:2]!@[CX3:3]=[O:4]	-119.999	0.79457	-	-	-	-	O
C43474545      none	B	[$(C=O):1][NX3H1:2]!@[c:3]([cH0]F)[cH:4]	0.00253865	14.0351	-	-	-	-	G
C43474545      none	B	[O-:1][N+:2](=O)!@[c:3]([cH,nX2H0])[cH,nX2H0:4]	179.974	23.2156	-	-	-	-	G
C43474545      none	B	[O:1]=[CX3:2]!@[NX3H1:3][!#1:4]	60.0043	0	-	-	-	-	R
C43474545      none	B	[O:1]=[CX3:2]!@[NX3H0:3][!#1:4]	-0.0110374	25.0866	-	-	-	-	G
C43474545      none	B	[$([CX3]=O):1][NX3H0:2](C)!@[CX4H2:3][C:4]	120.001	2.74443	-	-	-	-	O
C43474545      none	B	[$(C=O):1][NX3H0:2]!@[CX4H1:3][H:4]	-85.6675	0.12605	-	-	-	-	R
C43474545      none	B	[N:1][CX4:2]!@[CX3:3]=[O:4]	119.996	0.766617	-	-	-	-	G
C44363139      none	B	[nH0r6:1][cr6:2]([cH1r6])!@[C:3]([NH1,NH2])=[O:4]	179.985	49.7238	-	-	-	-	G
C44363139      none	B	[O:1]=[C:2]([O-])!@[c:3]([cH1])[cH1:4]	180	7.35294	-	-	-	-	G
C44363139      none	B	[O:1]=[CX3:2]!@[NX3H1:3][!#1:4]	-0.00177432	63.7893	-	-	-	-	G
C44363139      none	B	[$([CX3]=O):1][NX3H1:2]!@[CX4H2:3][C:4] 	-90.0015	7.35439	-	-	-	-	G
C44363139      none	B	[!#1:1][CX4H2:2]!@[CX4H2:3][!#1:4]	-60.0013	3.77933	-	-	-	-	G
C44363139      none	B	[!#1:1][CX4H2:2]!@[CX4H2:3][!#1:4]	-60.0019	3.77933	-	-	-	-	G
C44363139      none	B	[!#1:1][CX4:2]!@[SX4:3][!#1:4]	87.7382	1.22105	-	-	-	-	O
C61589826      none	B	[aH0:1][c:2]([aH0])!@[SX2:3][!#1:4]	89.998	3.2491	-	-	-	-	G
C61589826      none	B	[!#1:1][CX4:2]!@[SX2:3][!#1:4]	-59.5335	7.13757	-	-	-	-	G
C61589826      none	B	[C:1][CX4:2]!@[CX3:3]=[O:4]	-150.227	1.18876	-	-	-	-	G
C40579047      none	B	[O:1]=[CX3:2]!@[NX3H1:3][!#1:4]	0.00274552	63.7893	-	-	-	-	G
C40579047      none	B	[$([CX3]=O):1][NX3H1:2]!@[CX4H2:3][C:4] 	-120.001	2.61599	-	-	-	-	O
C40579047      none	B	[!#1:1][CX4H2:2]!@[CX4H2:3][!#1:4]	-59.9993	3.77933	-	-	-	-	G
C40579047      none	B	[$([CX3]=O):1][NX3H1:2]!@[CX4H2:3][C:4] 	119.996	2.76407	-	-	-	-	O
C40579047      none	B	[O:1]=[CX3:2]!@[NX3H1:3][!#1:4]	0.00290861	63.7893	-	-	-	-	G
C40579047      none	B	[O:1]=[CX3:2]!@[NX3H0:3][!#1:4]	0.312439	25.0866	-	-	-	-	G
C40579047      none	B	[O:1]=[C:2]([O-])!@[CX4H1:3][H:4]	90.0009	0.86741	-	-	-	-	O
C40601334      none	B	[!#1:1][CX4H2:2]!@[CX4H2:3][!#1:4]	180	58.554	-	-	-	-	G
C40601334      none	B	[!#1:1][CX4:2]!@[CX4:3][!#1:4]	-80.0041	1.71775	-	-	-	-	G
C40601334      none	B	[NH1:1][CX4:2]!@[CX3:3]=[O:4]	-30.0056	4.44172	-	-	-	-	G
C40601334      none	B	[$(C=O):1][NX3H1:2]!@[CX4H0:3][C:4]	60.0014	13.3187	-	-	-	-	G
C40601334      none	B	[O:1]=[CX3:2]([$([NX3H1]C)])!@[NX3H1:3][!#1:4]	0.00368251	41.1343	-	-	-	-	G
C40601334      none	B	[O:1]=[CX3:2]([$([NX3H1]C)])!@[NX3H1:3][!#1:4]	-0.00212674	41.1343	-	-	-	-	G
C40601334      none	B	[$([CX3]=O):1][NX3H1:2]!@[CX4H2:3][C:4] 	180	6.46594	-	-	-	-	G
C40601334      none	B	[!#1:1][CX4H2:2]!@[CX4H2:3][!#1:4]	179.997	58.554	-	-	-	-	G
C40601334      none	B	[cH1:1][c:2]([cH1])!@[CX4H2:3][CX4:4]	29.9972	0.378198	-	-	-	-	R
C61712985      none	B	[O:1]=[CX3:2]!@[NX3H0:3][!#1:4]	0.0120243	25.0866	-	-	-	-	G
C61712985      none	B	[O:1]=[CX3:2]!@[NX3H1:3][!#1:4]	-0.00207487	63.7893	-	-	-	-	G
C61712985      none	B	[$(C=O):1][NX3H1:2]!@[CX4H1:3][H:4]	-30.0033	6.97413	-	-	-	-	G
C61712985      none	B	[O:1]=[C:2]([O-])!@[CX4H1:3][H:4]	89.9913	0.86741	-	-	-	-	O
C55168831      none	B	[!#1:1][CX4:2]!@[CX4:3][!#1:4]	180	22.1548	-	-	-	-	G
C55168831      none	B	[NH1:1][CX4:2]!@[CX3:3]=[O:4]	120.001	0.41354	-	-	-	-	G
C55168831      none	B	[$(C=O):1][NX3H1:2]!@[CX4H0:3][C:4]	60.004	13.3187	-	-	-	-	G
C55168831      none	B	[O:1]=[CX3:2]!@[NX3H1:3][!#1:4]	0.000222978	63.7893	-	-	-	-	G
C55168831      none	B	[a:1][c:2]!@[C:3]([NH1,NH2])=[O:4]	-119.708	0.626362	-	-	-	-	G
C35659092      none	B	[aH0:1][c:2]([aH0])!@[SX4:3][!#1:4]	-53.8653	1.67598	-	-	-	-	G
C35659092      none	B	[!#1:1][CH2:2]!@[n:3][cH0:4]	90.0027	14.7896	-	-	-	-	G
C35659092      none	B	[!#1:1][CX4H2:2]!@[CX4H2:3][!#1:4]	-59.9982	3.77933	-	-	-	-	G
C35659092      none	B	[C:1][CX4H2:2]!@[CX3:3]=[O:4]	-89.9991	1.15875	-	-	-	-	O
C35659092      none	B	[c:1][$(S(=O)=O):2]!@[NX3H1:3][C:4]	-59.9988	13.7514	-	-	-	-	G
C35659092      none	B	[$(S(=O)(=O)):1][NX3H1:2]!@[CX4H1:3][H:4]	0.000998514	7.36648	-	-	-	-	G
C35659092      none	B	[OX2:1][CX4:2]!@[CX4:3][N:4]	60.0051	15.2809	-	-	-	-	G
C40547018      none	B	[$([C](=O)([$([NX3H1]),$([NX3H2])])[NX3H1]):1][NX3H1:2]!@[cr6:3][nH0r6:4]	149.998	0	-	-	-	-	R
C40547018      none	B	[O,S:1]=[C:2]([$([NX3H1]),$([NX3H2])])!@[$([NX3]c[nH0]):3][H:4]	-0.0157865	46.0938	-	-	-	-	G
C40547018      none	B	[O:1]=[CX3:2]([$([NX3H1]C)])!@[NX3H1:3][!#1:4]	0.00859928	41.1343	-	-	-	-	G
C40547018      none	B	[$(C=O):1][NX3H1:2]!@[CX4H1:3][H:4]	59.9931	6.22422	-	-	-	-	G
C40547018      none	B	[OX2:1][CX4:2]!@[CX4:3][N:4]	-80.0019	3.59551	-	-	-	-	G
C40547018      none	B	[O:1]=[C:2]([O-])!@[CX4H1:3][H:4]	0.00575316	0.495663	-	-	-	-	O
C53117704      none	B	[OX2:1][CX4:2]!@[CX4:3][N:4]	59.9966	15.2809	-	-	-	-	G
C53117704      none	B	[!#1:1][CX4:2]!@[NX3:3][!#1:4]	-29.9979	0.381602	-	-	-	-	G
C53117704      none	B	[C:1][$(S(=O)=O):2]!@[NX3H1:3][C:4]	-60.003	10.2041	-	-	-	-	G
C53117704      none	B	[!#1:1][CX4:2]!@[SX4:3][!#1:4]	-60.0012	11.2842	-	-	-	-	G
C53117704      none	B	[!#1:1][CX4H2:2]!@[CX4H2:3][!#1:4]	179.997	58.554	-	-	-	-	G
C53117704      none	B	[!#1:1][CX4H2:2]!@[CX4H2:3][!#1:4]	180	58.554	-	-	-	-	G
C53117704      none	B	[C:1][CX4H2:2]!@[CX3:3]=[O:4]	-119.991	0.79457	-	-	-	-	O
C62177704      none	B	[*:1]~[CX4:2]!@[NX4:3]~[*:4]	80.0023	2.21713	-	-	-	-	G
C62177704      none	B	[*:1]~[CX4:2]!@[NX4:3]~[*:4]	180	15.0612	-	-	-	-	G
C62177704      none	B	[*:1]~[CX4:2]!@[NX4:3]~[*:4]	40	2.08461	-	-	-	-	G
C62177704      none	B	[NH1:1][CX4:2]!@[CX3:3]=[O:4]	-119.996	0.275693	-	-	-	-	G
C62177704      none	B	[NH1:1][CX4:2]!@[CX3:3]=[O:4]	-120	0.275693	-	-	-	-	G
C36111915      none	B	[aH0:1][c:2]([aH0])!@[SX4:3][!#1:4]	66.1424	5.02793	-	-	-	-	G
C36111915      none	B	[c:1][S:2](=O)(=O)!@[NX2H0-:3]-[*:4]	90.0012	2.77778	-	-	-	-	G
C36111915      none	B	[$(S(=O)(=O)):1][NH0:2]!@[c:3]([cH1])[cH1:4]	89.7318	15.7025	-	-	-	-	G
C36111915      none	B	[O:1]=[C:2]!@[NX3H0:3]([a:4])[A]	0.00987151	15.7822	-	-	-	-	G
C04454414      none	B	[O:1]=[C:2]([O-])!@[c:3]([cH1])[cH1:4]	179.975	7.35294	-	-	-	-	G
C04454414      none	B	[$(C=O):1][NX3H1:2]!@[c:3]([cH1])[cH1:4]	-150.016	5.07451	-	-	-	-	G
C04454414      none	B	[O:1]=[C:2]([O-])!@[c:3]([cH1])[cH1:4]	180	7.35294	-	-	-	-	G
C04454414      none	B	[O:1]=[CX3:2]!@[NX3H1:3][!#1:4]	0.00302826	63.7893	-	-	-	-	G
C04454414      none	B	[O:1][CX4:2]!@[CX3:3]=[O:4]	-1.70727	13.789	-	-	-	-	G
C61712937      none	B	[NH1:1][CX4:2]!@[CX3:3]=[O:4]	-149.996	4.5183	-	-	-	-	G
C61712937      none	B	[$(C=O):1][NX3H1:2]!@[CX4H0:3][C:4]	179.993	11.3993	-	-	-	-	G
C61712937      none	B	[O:1]=[CX3:2]!@[NX3H1:3][!#1:4]	0.00533978	63.7893	-	-	-	-	G
C61712937      none	B	[O:1]=[CX3:2]!@[NX3H0:3][!#1:4]	-179.692	18.2537	-	-	-	-	G
C63143994      none	B	[!#1:1][CX4:2]!@[SX4:3][!#1:4]	159.999	2.73684	-	-	-	-	G
C63143994      none	B	[!#1:1][CX4H2:2]!@[CX4H2:3][!#1:4]	59.9977	3.99483	-	-	-	-	G
C63143994      none	B	[!#1:1][CX4:2]!@[SX4:3][!#1:4]	167.734	7.85263	-	-	-	-	G
C63143994      none	B	[*:1]~[N,n:2]!@[S:3]~[*:4]	-59.995	4.40087	-	-	-	-	G
C63143994      none	B	[$(S(=O)(=O)):1][NH0:2]!@[c:3]([cH1])[cH1:4]	89.7193	15.7025	-	-	-	-	G
C63143994      none	B	[a:1][c:2]!@[C:3](=[N:4])	-150.004	1.63836	-	-	-	-	G
C40577733      none	B	[O:1]=[CX3:2]!@[NX3H0:3][!#1:4]	-149.995	1.37927	-	-	-	-	O
C40577733      none	B	[O:1]=[CX3:2]!@[NX3H1:3][!#1:4]	-0.00438271	63.7893	-	-	-	-	G
C40577733      none	B	[$(C=O):1][NX3H1:2]!@[CX4H1:3][H:4]	30.0032	9.46757	-	-	-	-	G
C40577733      none	B	[OX2:1][CX4:2]!@[CX4:3][N:4]	-40.0054	1.41573	-	-	-	-	G
C40577733      none	B	[O:1]=[C:2]([O-])!@[CX4H1:3][H:4]	0.00278254	0.495663	-	-	-	-	O
C43704966      none	B	[N:1][CX4:2]!@[CX3:3]=[O:4]	-150.005	3.58916	-	-	-	-	G
C43704966      none	B	[C:1][CX4:2]!@[NX3;"N_lp":3][C:4]	-56.3685	7.07677	-	-	-	-	G
C43704966      none	B	[O:1]=[C:2]([O-])!@[CX4H1:3][H:4]	90.0014	0.86741	-	-	-	-	O
C33609571      none	B	[!#1:1][CX4:2]!@[SX2:3][!#1:4]	79.9948	6.41197	-	-	-	-	G
C33609571      none	B	[!#1:1][CX4H2:2]!@[CX4H2:3][!#1:4]	180	58.554	-	-	-	-	G
C33609571      none	B	[!#1:1][CX4:2]!@[CX4:3][!#1:4]	-59.997	12.2558	-	-	-	-	G
C33609571      none	B	[O:1]=[C:2]([O-])!@[CX4H1:3][H:4]	89.9975	0.86741	-	-	-	-	O
C33609571      none	B	[$(C=O):1][NX3H1:2]!@[CX4H1:3][H:4]	-29.9969	6.97413	-	-	-	-	G
C33609571      none	B	[O:1]=[CX3:2]([$([NX3H1]C)])!@[NX3H1:3][!#1:4]	-0.00662802	41.1343	-	-	-	-	G
C33609571      none	B	[O:1]=[CX3:2]([$([NX3H1]C)])!@[NX3H1:3][!#1:4]	0.000773891	41.1343	-	-	-	-	G
C33609571      none	B	[$([CX3]=O):1][NX3H1:2]!@[CX4H2:3][C:4] 	-89.9945	7.35439	-	-	-	-	G
C33609571      none	B	[!#1:1][CX4H2:2]!@[CX4H2:3][!#1:4]	60	3.99483	-	-	-	-	G
C33609571      none	B	[!#1:1][CX4H2:2]!@[CX4H2:3][!#1:4]	179.994	58.554	-	-	-	-	G
C33609571      none	B	[CX4:1][CX4H2:2]!@[NX3;"N_lp":3][CX4:4]	-156.367	6.65327	-	-	-	-	G
C41919601      none	B	[*:1]~[CX4:2]!@[n:3]~[*:4]	-59.9965	3.65221	-	-	-	-	G
C41919601      none	B	[C:1][CX4:2]!@[CX3:3]=[O:4]	-29.9986	3.42621	-	-	-	-	G
C41919601      none	B	[!#1:1][CX4:2]!@[CX4:3][!#1:4]	159.999	1.81259	-	-	-	-	G
C41036022      none	B	[NH1:1][CX4:2]!@[CX3:3]=[O:4]	120.004	0.41354	-	-	-	-	G
C41036022      none	B	[$(C=O):1][NX3H1:2]!@[CX4H0:3][C:4]	-59.9927	14.7253	-	-	-	-	G
C41036022      none	B	[O:1]=[CX3:2]!@[NX3H1:3][!#1:4]	-0.00623003	63.7893	-	-	-	-	G
C41036022      none	B	[O:1]=[CX3:2]!@[NX3H0:3][!#1:4]	-29.7182	0.692521	-	-	-	-	O
C49364053      none	B	[OX2:1][CX4:2]!@[CX4:3][N:4]	-59.9963	14.8764	-	-	-	-	G
C49364053      none	B	[O:1]=[C:2]([O-])!@[CX4H1:3][H:4]	0.00215115	0.495663	-	-	-	-	O
C49364053      none	B	[$(C=O):1][NX3H1:2]!@[CX4H1:3][H:4]	-30.0002	6.97413	-	-	-	-	G
C49364053      none	B	[O:1]=[CX3:2]([$([NX3H1]C)])!@[NX3H1:3][!#1:4]	180	9.5176	-	-	-	-	R
C49364053      none	B	[O:1]=[CX3:2]([$([NX3H1]C)])!@[NX3H1:3][!#1:4]	-0.00412343	41.1343	-	-	-	-	G
C49364053      none	B	[$(C=O):1][NX3H1:2]!@[CX4H1:3][H:4]	29.9936	9.46757	-	-	-	-	G
C49364053      none	B	[NH1:1][CX4:2]!@[CX3:3]=[O:4]	-0.00978501	6.89233	-	-	-	-	G
C49364053      none	B	[O:1]=[C:2]!@[O:3]~[C:4]	0.00416789	74.4927	-	-	-	-	G
C14983018      none	B	[aH0:1][c:2]([aH1])!@[SX4:3][!#1:4]	109.976	1.0568	-	-	-	-	O
C50397484      none	B	[aH1:1][c:2]([aH1])!@[SX4:3][!#1:4]	-90.0062	12.5987	-	-	-	-	G
C50397484      none	B	[!#1:1][CH2:2]!@[n:3][a:4]	-135.005	0.298805	-	-	-	-	O
C50397484      none	B	[!#1:1][CX4H2:2]!@[CX3:3]=[O:4]	-119.986	0.59462	-	-	-	-	G
C50397484      none	B	[c:1][$(S(=O)=O):2]!@[NX3H1:3][C:4]	-60.0023	13.7514	-	-	-	-	G
C50397484      none	B	[$(S(=O)(=O)):1][NX3H1:2]!@[CX4H1:3][H:4]	0.00240984	7.36648	-	-	-	-	G
C19890555      none	B	[*:1]~[cX3:2]!@[NX2:3]~[*:4]	90.0039	1.96062	-	-	-	-	O
C19890555      none	B	[O:1]=[C:2]([O-])!@[c:3]([cH1])[cH0:4]	89.9974	0	-	-	-	-	R
C19890555      none	B	[*:1]~[CX3:2]!@[NX2:3]~[*:4]	-29.6738	0.217973	-	-	-	-	O
C19890555      none	B	[a:1][c:2]!@[CX3:3]=[CX3H0:4]	-149.684	2.80434	-	-	-	-	G
C19412425      none	B	[NH1:1][CX4:2]!@[CX3:3]=[O:4]	120.002	0.41354	-	-	-	-	G
C19412425      none	B	[$(C=O):1][NX3H1:2]!@[CX4H0:3][C:4]	59.9957	13.3187	-	-	-	-	G
C19412425      none	B	[O:1]=[CX3:2]([$([NX3H1]C)])!@[NX3H1:3][!#1:4]	0.0131338	41.1343	-	-	-	-	G
C19412425      none	B	[O:1]=[CX3:2]([$([NX3H1]C)])!@[NX3H1:3][!#1:4]	-0.0111915	41.1343	-	-	-	-	G
C19412425      none	B	[$([CX3]=O):1][NX3H1:2]!@[CX4H2:3][C:4] 	90.0042	7.35439	-	-	-	-	G
C19412425      none	B	N[C:2](=[O:1])!@[CH2:3][N:4]	120	0.595238	-	-	-	-	G
C39769710      none	B	[!#1:1][CX4H2:2]!@[CX4H2:3][!#1:4]	179.998	58.554	-	-	-	-	G
C39769710      none	B	[!#1:1][CH2:2]!@[n:3][cH0:4]	-89.7382	15.4696	-	-	-	-	G
C39769710      none	B	[a:1][a:2]!@[NX3:3][!#1:4]	90.2766	1.62893	-	-	-	-	O
C39769710      none	B	[a:1][c:2]!@[CX3:3]=[CX3H0:4]	-90.0074	1.59557	-	-	-	-	G
C39769710      none	B	[$([CX3]=O):1][NX3H0:2](C)!@[CX4H2:3][C:4]	-89.9982	15.9949	-	-	-	-	G
C39769710      none	B	[!#1:1][CX4H2:2]!@[CX4H2:3][!#1:4]	179.996	58.554	-	-	-	-	G
C39769710      none	B	[!#1:1][CX4H2:2]!@[CX4H2:3][!#1:4]	180	58.554	-	-	-	-	G
C39769710      none	B	[C:1][CX4H2:2]!@[CX3:3]=[O:4]	120.002	0.695249	-	-	-	-	O
C37053661      none	B	[$(S(=O)(=O)):1][N:2]!@[c:3][a:4]	-149.999	2.49023	-	-	-	-	G
C37053661      none	B	[c:1][S:2](=O)(=O)!@[NX2H0-:3]-[*:4]	-90.0032	2.77778	-	-	-	-	G
C37053661      none	B	[aH0:1][c:2]([aH1])!@[SX4:3][!#1:4]	-70.2709	15.3236	-	-	-	-	G
C18227450      none	B	[cH0:1][c:2]!@[CX4H1:3][a:4]	-149.997	2.61531	-	-	-	-	G
C18227450      none	B	[cH1:1][a:2]([cH1])!@[a:3]([cH0])[cH0:4]	90.534	5.441	-	-	-	-	G
C50640833      none	B	[$(S(=O)(=O)):1][NH0:2]!@[c:3]([cH1])[cH0:4]	90.0026	13.1148	-	-	-	-	G
C50640833      none	B	[c:1][S:2](=O)(=O)!@[NX2H0-:3]-[*:4]	90.0004	2.77778	-	-	-	-	G
C50640833      none	B	[aH1:1][c:2]([aH1])!@[SX4:3][!#1:4]	90.2683	12.916	-	-	-	-	G
C61712938      none	B	[NH1:1][CX4:2]!@[CX3:3]=[O:4]	119.997	0.41354	-	-	-	-	G
C61712938      none	B	[$(C=O):1][NX3H1:2]!@[CX4H0:3][C:4]	59.9989	13.3187	-	-	-	-	G
C61712938      none	B	[O:1]=[CX3:2]!@[NX3H1:3][!#1:4]	-0.00180164	63.7893	-	-	-	-	G
C61712938      none	B	[O:1]=[CX3:2]!@[NX3H0:3][!#1:4]	0.335309	25.0866	-	-	-	-	G
C40572112      none	B	[$(C=O):1][NX3H1:2]!@[CX4H1:3][H:4]	-30.0084	6.97413	-	-	-	-	G
C40572112      none	B	[O:1]=[CX3:2]([$([NX3H1]C)])!@[NX3H1:3][!#1:4]	180	9.5176	-	-	-	-	R
C40572112      none	B	[O:1]=[CX3:2]([$([NX3H1]C)])!@[NX3H1:3][!#1:4]	0.00494306	41.1343	-	-	-	-	G
C40572112      none	B	[$(C=O):1][NX3H1:2]!@[CX4H0:3][C:4]	180	11.3993	-	-	-	-	G
C40572112      none	B	[NH1:1][CX4:2]!@[CX3:3]=[O:4]	-0.00533682	6.89233	-	-	-	-	G
C37431986      none	B	[a:1][c:2]!@[C:3]([NH1,NH2])=[O:4]	-59.9934	0.499274	-	-	-	-	G
C37431986      none	B	[O:1]=[CX3:2]!@[NX3H1:3][!#1:4]	-0.00683038	63.7893	-	-	-	-	G
C37431986      none	B	[$(C=O):1][NX3H1:2]!@[CX4H1:3][H:4]	30.0051	9.46757	-	-	-	-	G
C37431986      none	B	[OX2:1][CX4:2]!@[CX4:3][N:4]	-60.0033	14.8764	-	-	-	-	G
C37431986      none	B	[O:1]=[C:2]([O-])!@[CX4H1:3][H:4]	-0.00753422	0.495663	-	-	-	-	O
C50290645      none	B	[C:1][CX4:2]!@[CX3:3]=[O:4]	-59.9964	2.40592	-	-	-	-	G
C50290645      none	B	[C:1][CX4:2]!@[CX3:3]=[O:4]	-5.58351e-05	5.61823	-	-	-	-	G
C50290645      none	B	[O:1]=[CX3:2]!@[NX3H0:3][!#1:4]	-149.72	1.37927	-	-	-	-	O
C37732028      none	B	[O:1]=[CX3:2]!@[NX3H1:3][!#1:4]	0.012632	63.7893	-	-	-	-	G
C37732028      none	B	[$([CX3]=O):1][NX3H1:2]!@[CX4H2:3][C:4] 	89.9948	7.35439	-	-	-	-	G
C37732028      none	B	[!#1:1][CX4H2:2]!@[CX4H2:3][!#1:4]	-60.0009	3.77933	-	-	-	-	G
C37732028      none	B	[$(S(=O)(=O)):1][NX3H1:2]!@[CX4H2:3][!#1:4]	180	9.01288	-	-	-	-	G
C37732028      none	B	[c:1][$(S(=O)=O):2]!@[NX3H1:3][C:4]	59.9946	14.5215	-	-	-	-	G
C37732028      none	B	[aH0:1][c:2]([aH1])!@[SX4:3][!#1:4]	60.0051	13.4742	-	-	-	-	G
C37732028      none	B	[O:1]=[C:2]([O-])!@[c:3]([cH1])[cH0:4]	0.00124637	8.88889	-	-	-	-	G
C42161081      none	B	[!#1:1][CX4:2]!@[CX4:3][!#1:4]	60.001	12.3771	-	-	-	-	G
C42161081      none	B	[!#1:1][CX4:2]!@[CX4:3][!#1:4]	180	22.1548	-	-	-	-	G
C42161081      none	B	[NH1:1][CX4:2]!@[CX3:3]=[O:4]	29.9945	2.12896	-	-	-	-	G
C42161081      none	B	[$(C=O):1][NX3H1:2]!@[CX4H1:3][H:4]	0.00457773	8.26772	-	-	-	-	G
C42161081      none	B	[O:1]=[CX3:2]!@[NX3H0:3][!#1:4]	-179.682	18.2537	-	-	-	-	G
C42161081      none	B	[!#1:1][CX4:2]!@[CX4:3][!#1:4]	160	1.81259	-	-	-	-	G
C42161081      none	B	[C:1][CX4H2:2]!@[CX3:3]=[O:4]	-119.997	0.79457	-	-	-	-	O
C42161081      none	B	[O:1]=[CX3:2]!@[NX3H1:3][!#1:4]	0.00271163	63.7893	-	-	-	-	G
C41962674      none	B	[O:1][CX4:2]!@[CX3:3]=[O:4]	-150.007	3.9285	-	-	-	-	G
C41962674      none	B	[!#1:1][CX4H0:2]!@[OX2:3][!#1:4]	-149.997	0.301909	-	-	-	-	R
C41962674      none	B	[a:1][c:2]([a])!@[O:3][CX4H0:4]	120.005	1.6129	-	-	-	-	G
C40548592      none	B	[!#1:1][CX4:2]!@[CX4:3][!#1:4]	39.9981	0.998355	-	-	-	-	G
C40548592      none	B	[$(C=O):1][NX3H1:2]!@[CX4H1:3][H:4]	29.9887	9.46757	-	-	-	-	G
C40548592      none	B	[O:1]=[CX3:2]!@[NX3H1:3][!#1:4]	0.00713998	63.7893	-	-	-	-	G
C40548592      none	B	[O:1]=[CX3:2]!@[NX3H0:3][!#1:4]	-29.6956	0.692521	-	-	-	-	O
C40548592      none	B	[O:1]=[C:2]([O-])!@[CX4H1:3][H:4]	89.9966	0.86741	-	-	-	-	O
C37744476      none	B	[aH1:1][c:2]([aH1])!@[SX4:3][!#1:4]	30.0072	0.225606	-	-	-	-	R
C37744476      none	B	[*:1][$(S(=O)=O):2]!@[NX3H0r:3][*:4]	60.3074	7.32227	-	-	-	-	G
C37744476      none	B	[O:1]=[C:2]([O-])!@[CX4H1:3][H:4]	0.00575024	0.495663	-	-	-	-	O
C42430877      none	B	[$(C=O):1][NX3:2]!@[a:3][aH0:4]	149.971	1.842	-	-	-	-	O
C42430877      none	B	[O:1]=[CX3:2]!@[NX3H1:3][!#1:4]	-29.9926	0.0303061	-	-	-	-	O
C42430877      none	B	[O:1]=[CX3:2]!@[NX3H0:3][!#1:4]	-29.682	0.692521	-	-	-	-	O
C42430877      none	B	[O:1]=[C:2]([O-])!@[CX4H1:3][H:4]	0.00393981	0.495663	-	-	-	-	O
C37450888      none	B	[O:1]=[CX3:2]!@[NX3H1:3][!#1:4]	-0.0156904	63.7893	-	-	-	-	G
C37450888      none	B	[$(C=O):1][NX3H1:2]!@[c:3]([cH1])[cH1:4]	90.0066	0.0402739	-	-	-	-	R
C37450888      none	B	[cH1:1][c:2]([cH1])!@[C:3]([NH1,NH2])=[O:4]	-152.985	8.78518	-	-	-	-	G
C37450888      none	B	[O:1]=[CX3:2]!@[NX3H1:3][!#1:4]	-0.0031018	63.7893	-	-	-	-	G
C37450888      none	B	[$(C=O):1][NX3H1:2]!@[CX4H1:3][H:4]	30.0064	9.46757	-	-	-	-	G
C37450888      none	B	[OX2:1][CX4:2]!@[CX4:3][N:4]	40.0057	1.66292	-	-	-	-	G
C37450888      none	B	[O:1]=[C:2]([O-])!@[CX4H1:3][H:4]	-0.0027308	0.495663	-	-	-	-	O
C37744823      none	B	[aH1:1][c:2]([aH1])!@[SX4:3][!#1:4]	90.0031	12.916	-	-	-	-	G
C37744823      none	B	[c:1][$(S(=O)=O):2]!@[NX3H1:3][C:4]	-146.997	0	-	-	-	-	R
C37744823      none	B	[!#1:1][CX4:2]!@[NX3:3][!#1:4]	-30.0031	0.381602	-	-	-	-	G
C37744823      none	B	[NH1:1][CX4:2]!@[CX3:3]=[O:4]	90.0047	0.183795	-	-	-	-	R
C40597827      none	B	[!#1:1][CX4H1:2]!@[NX3:3][!#1:4]	90.0054	2.80893	-	-	-	-	G
C40597827      none	B	[cH0:1][c:2]([cH,nX2H0])!@[NX3H1:3][CX4:4]	-119.998	0	-	-	-	-	R
C40597827      none	B	[O-:1][N+:2](=O)!@[c:3]([cH0])[cH0:4]	89.9829	5.69106	-	-	-	-	G
C40597827      none	B	[cH0:1][c:2]([cH,nX2H0])!@[NX3H0:3][CX4:4]	-89.7205	1.8357	-	-	-	-	G
C40597827      none	B	[O:1]=[C:2]([O-])!@[CX4H1:3][H:4]	89.9975	0.86741	-	-	-	-	O
C49540162      none	B	[!#1:1][CX4H2:2]!@[CX4H2:3][!#1:4]	180	58.554	-	-	-	-	G
C49540162      none	B	[!#1:1][CX4:2]!@[CX4:3][!#1:4]	180	22.1548	-	-	-	-	G
C49540162      none	B	[NH1:1][CX4:2]!@[CX3:3]=[O:4]	-30.0074	4.44172	-	-	-	-	G
C49540162      none	B	[$(C=O):1][NX3H1:2]!@[CX4H0:3][C:4]	180	11.3993	-	-	-	-	G
C49540162      none	B	[O:1]=[CX3:2]([$([NX3H1]C)])!@[NX3H1:3][!#1:4]	-0.0166292	41.1343	-	-	-	-	G
C49540162      none	B	[O:1]=[CX3:2]([$([NX3H1]C)])!@[NX3H1:3][!#1:4]	0.00985005	41.1343	-	-	-	-	G
C49540162      none	B	[$(C=O):1][NX3H1:2]!@[CX4H2:3][!#1:4]	180	5.78057	-	-	-	-	G
C49540162      none	B	[a:1][c:2]!@[CX4H2:3][!#1:4]	0.326942	2.24426	-	-	-	-	O
C44887645      none	B	[a:1][c:2]!@[CX4H1:3][N,O:4]	-30.0017	3.61778	-	-	-	-	G
C44887645      none	B	[$(C=O):1][NX3H1:2]!@[CX4H1:3][H:4]	32.0003	9.46757	-	-	-	-	G
C44887645      none	B	[O:1]=[CX3:2]!@[NX3H1:3][!#1:4]	0.00209831	63.7893	-	-	-	-	G
C44887645      none	B	[NH1:1][CX4:2]!@[CX3:3]=[O:4]	-120.005	0.275693	-	-	-	-	G
C44887645      none	B	[$(C=O):1][NX3H1:2]!@[CX4H1:3][H:4]	-29.9964	6.97413	-	-	-	-	G
C44887645      none	B	[O:1]=[CX3:2]!@[NX3H1:3][!#1:4]	-0.00130472	63.7893	-	-	-	-	G
C41982307      none	B	[C:1][CX4:2]!@[CX3:3]=[O:4]	-0.00319216	5.61823	-	-	-	-	G
C41982307      none	B	[!#1:1][CX4:2]!@[SX2:3][!#1:4]	-39.9978	0.858878	-	-	-	-	O
C41982307      none	B	[aH1:1][c:2]([aH0])!@[SX2:3][*R:4]	-60.0031	0.765306	-	-	-	-	O
C61833193      none	B	[!#1:1][CX4:2]!@[CX4:3][!#1:4]	179.999	22.1548	-	-	-	-	G
C61833193      none	B	[a:1][c:2]!@[CX4H1:3][N,O:4]	29.9978	3.56196	-	-	-	-	G
C61833193      none	B	[$(C=O):1][NX3H1:2]!@[CX4H1:3][H:4]	0.00555874	8.26772	-	-	-	-	G
C61833193      none	B	[O:1]=[CX3:2]([$([NX3H1]C)])!@[NX3H1:3][!#1:4]	-0.0031965	41.1343	-	-	-	-	G
C61833193      none	B	[O:1]=[C:2]([NH1])!@[NX3H1:3](C=O)[H:4]	0.00866372	58.9474	-	-	-	-	G
C61833193      none	B	[O:1]=[C:2]!@[NX3H1:3](C=O)[H:4]	180	35.6725	-	-	-	-	G
C61833193      none	B	[O:1]=[CX3:2]([NH1])!@[CH2:3][C:4]	-60.0146	5.85305	-	-	-	-	G
C61833193      none	B	[!#1:1][CX4:2]!@[CX4:3][!#1:4]	159.999	1.81259	-	-	-	-	G
C61833193      none	B	[!#1:1][CX4:2]!@[CX4:3][!#1:4]	79.9913	1.75235	-	-	-	-	G
C61833193      none	B	[C:1][CX4H2:2]!@[CX3:3]=[O:4]	-119.991	0.79457	-	-	-	-	O
C37144790      none	B	[$([CX3]=O):1][NX3H0:2](C)!@[CX4H2:3][C:4]	-90.0068	15.9949	-	-	-	-	G
C37144790      none	B	[O:1]=[CX3:2]!@[NX3H0:3][!#1:4]	-0.00399116	25.0866	-	-	-	-	G
C37144790      none	B	[!#1:1][CX4H2:2]!@[CX4H2:3][!#1:4]	180	58.554	-	-	-	-	G
C37144790      none	B	[!#1:1][CX4:2]!@[CX3H0:3][!#1:4]	89.9955	2.78327	-	-	-	-	G
C37144790      none	B	[N:1][C:2](=O)!@[CX4H2:3][CX4H2:4]	179.996	15.2589	-	-	-	-	G
C37144790      none	B	[!#1:1][CX4H2:2]!@[CX4H2:3][!#1:4]	180	58.554	-	-	-	-	G
C37144790      none	B	[!#1:1][CH2:2]!@[n:3][cH0:4]	-89.7115	15.4696	-	-	-	-	G
C42397452      none	B	[!#1:1][CX4:2]!@[CX4:3][!#1:4]	8.63358	0.0551082	-	-	-	-	R
C42397452      none	B	[NH1:1][CX4:2]!@[CX3:3]=[O:4]	119.992	0.41354	-	-	-	-	G
C42397452      none	B	[$(C=O):1][NX3H1:2]!@[CX4H0:3][C:4]	-60.0074	14.7253	-	-	-	-	G
C42397452      none	B	[O:1]=[CX3:2]!@[NX3H1:3][!#1:4]	0.00518307	63.7893	-	-	-	-	G
C42397452      none	B	[O:1]=[CX3:2]!@[NX3H0:3][!#1:4]	-149.701	1.37927	-	-	-	-	O
C42397452      none	B	[N:1][CX4:2]!@[CX3:3]=[O:4]	151.094	6.84729	-	-	-	-	G
C42397452      none	B	[O:1]=[CX3:2]!@[NX3H1:3][!#1:4]	0.00603702	63.7893	-	-	-	-	G
C13139618      none	B	[$(C=O):1][NX3H1:2]!@[CX4H1:3][H:4]	59.9946	6.22422	-	-	-	-	G
C13139618      none	B	[O:1]=[CX3:2]!@[NX3H1:3][!#1:4]	0.0126546	63.7893	-	-	-	-	G
C13139618      none	B	[C:1][CX4:2]!@[CX3:3]=[O:4]	56.787	2.38699	-	-	-	-	G
C13139618      none	B	[O:1]=[C:2]([O-])!@[CX4H1:3][H:4]	90.0097	0.86741	-	-	-	-	O
C62721510      none	B	[C:1][CX4:2]!@[NX3:3][C:4]	-60.0054	7.03868	-	-	-	-	G
C62721510      none	B	[C:1][CX4H2:2]!@[NX3:3][C:4]	90.0103	10.0586	-	-	-	-	G
C62721510      none	B	[cH0:1][c:2]([cH0])!@[NX3:3][CX4:4]	-89.7279	8.30904	-	-	-	-	G
C62721510      none	B	N[C:2](=[O:1])!@[CH2:3][N:4]	-119.996	0.892857	-	-	-	-	G
C62721510      none	B	[O:1]=[C:2]([O-])!@[c:3]([cH1])[cH1:4]	179.979	7.35294	-	-	-	-	G
C55272796      none	B	[OX2:1][CX4:2]!@[CX4:3][N:4]	-40.0133	1.41573	-	-	-	-	G
C55272796      none	B	[O:1]=[C:2]([O-])!@[CX4H1:3][H:4]	90.0037	0.86741	-	-	-	-	O
C55272796      none	B	[$(C=O):1][NX3H1:2]!@[CX4H1:3][H:4]	29.9976	9.46757	-	-	-	-	G
C55272796      none	B	[O:1]=[CX3:2]!@[NX3H1:3][!#1:4]	-0.000507269	63.7893	-	-	-	-	G
C55272796      none	B	[c:1][CX4H2:2]!@[CX3:3]=[O:4]	60.013	1.9943	-	-	-	-	G
C55272796      none	B	[a:1][c:2]!@[CX4H2:3][CX3:4]	90.2872	7.83807	-	-	-	-	G
C40580206      none	B	[$(C=O):1][NX3H1:2]!@[CX4H1:3][H:4]	-59.9979	1.23735	-	-	-	-	G
C40580206      none	B	[O:1]=[CX3:2]!@[NX3H1:3][!#1:4]	0.00177327	63.7893	-	-	-	-	G
C40580206      none	B	N[C:2](=[O:1])!@[CH2:3][N:4]	180	8.33333	-	-	-	-	G
C40580206      none	B	[$([CX3]=O):1][NX3H1:2]!@[CX4H2:3][C:4] 	90.0077	7.35439	-	-	-	-	G
C40580206      none	B	[O:1]=[CX3:2]!@[NX3H1:3][!#1:4]	-0.00774743	63.7893	-	-	-	-	G
C40580206      none	B	[O:1]=[CX3:2]!@[NX3H0:3][!#1:4]	150.319	1.73707	-	-	-	-	O
C40580206      none	B	[O:1]=[C:2]([O-])!@[CX4H1:3][H:4]	89.9938	0.86741	-	-	-	-	O
C26439355      none	B	[a:1][c:2]!@[CX4H2:3][a:4]	45.0035	2.21805	-	-	-	-	O
C26439355      none	B	[cH0:1][c:2]!@[CX4H2:3][a:4]	-89.7142	7.44849	-	-	-	-	G
C40572068      none	B	[$(C=O):1][NX3H1:2]!@[CX4H1:3][H:4]	30.0028	9.46757	-	-	-	-	G
C40572068      none	B	[O:1]=[CX3:2]([$([NX3H1]C)])!@[NX3H1:3][!#1:4]	-0.002761	41.1343	-	-	-	-	G
C40572068      none	B	[O:1]=[CX3:2]([$([NX3H1]C)])!@[NX3H1:3][!#1:4]	-0.0034941	41.1343	-	-	-	-	G
C40572068      none	B	[$(C=O):1][NX3H1:2]!@[CX4H0:3][C:4]	179.996	11.3993	-	-	-	-	G
C40572068      none	B	[NH1:1][CX4:2]!@[CX3:3]=[O:4]	89.9997	0.183795	-	-	-	-	R
C01687160      none	B	[!#1:1][CX4:2]!@[SX4:3][!#1:4]	-79.9909	3.11579	-	-	-	-	G
C37431938      none	B	[OX2:1][CX4:2]!@[CX4:3][N:4]	180	9.8427	-	-	-	-	G
C37431938      none	B	[O:1]=[C:2]([O-])!@[CX4H1:3][H:4]	-0.00262976	0.495663	-	-	-	-	O
C37431938      none	B	[$(C=O):1][NX3H1:2]!@[CX4H1:3][H:4]	29.999	9.46757	-	-	-	-	G
C37431938      none	B	[O:1]=[CX3:2]!@[NX3H1:3][!#1:4]	0.000195979	63.7893	-	-	-	-	G
C37431938      none	B	N[C:2](=[O:1])!@[CH2:3][N:4]	179.996	8.33333	-	-	-	-	G
C37431938      none	B	[C:1][CX4H2:2]!@[NX3:3][C:4]	90.0017	10.0586	-	-	-	-	G
C37431938      none	B	[a:1][a:2]!@[NX3:3][!#1:4]	179.996	11.4213	-	-	-	-	G
C63136323      none	B	[OX2:1][CX4:2]!@[CX4:3][N:4]	39.9884	1.66292	-	-	-	-	O
C63136323      none	B	[O:1]=[C:2]([O-])!@[CX4H1:3][H:4]	0.00721226	0.495663	-	-	-	-	O
C63136323      none	B	[$(C=O):1][NX3H1:2]!@[CX4H1:3][H:4]	60.0001	6.22422	-	-	-	-	G
C63136323      none	B	[O:1]=[CX3:2]([$([NX3H1]C)])!@[NX3H1:3][!#1:4]	179.991	9.5176	-	-	-	-	R
C63136323      none	B	[O:1]=[CX3:2]([$([NX3H1]C)])!@[NX3H1:3][!#1:4]	0.00769681	41.1343	-	-	-	-	G
C63136323      none	B	[$([CX3]=O):1][NX3H1:2]!@[CX4H2:3][C:4] 	119.997	2.76407	-	-	-	-	O
C63136323      none	B	[!#1:1][CX4H2:2]!@[CX4H2:3][!#1:4]	60.008	3.99483	-	-	-	-	G
C63136323      none	B	[n,o,s:1][c:2]!@[CX4H2:3][CX4:4]	0.311827	6.43231	-	-	-	-	G
C40096432      none	B	[CX4:1][CX4H2:2]!@[NX3:3][CX4:4]	119.997	0.688976	-	-	-	-	R
C40096432      none	B	[CX4:1][CX4H2:2]!@[NX3:3][CX4:4]	-60.0017	3.9001	-	-	-	-	G
C40096432      none	B	[cH1:1][c:2]([cH1])!@[NX3:3][CX4:4]	-29.9991	1.41383	-	-	-	-	G
C40096432      none	B	[a:1][c:2]!@[CX4H1:3][N,O:4]	-121.591	3.08052	-	-	-	-	G
C40096432      none	B	[*^2:1]~[C^2:2]([!H])!@[C^2:3]~[*^2:4]	149.958	1.21045	-	-	-	-	O
C40096432      none	B	[$([CX3]=O):1][NX3H0:2](C)!@[CX4H2:3][C:4]	89.9528	14.7513	-	-	-	-	G
C40096432      none	B	[OX2:1][CX4H2:2]!@[CX4H2:3][Nr:4]	179.996	8.33333	-	-	-	-	G
C40096432      none	B	[C:1][CH2:2]!@[O:3][CX4:4]	179.995	35.2689	-	-	-	-	G
C40096432      none	B	[C:1][CH2:2]!@[O:3][CX4:4]	80.0017	1.71561	-	-	-	-	G
C40096432      none	B	[OX2:1][CX4H2:2]!@[CX4H2:3][OX2:4]	60.0012	8.22123	-	-	-	-	G
C40096432      none	B	[cH1:1][c:2]([cH1])!@[CX3:3]([CX3H0])=[O:4]	120.28	0.34153	-	-	-	-	R
C45139288      none	B	[$(C=O):1][NX3H1:2]!@[CX4H1:3][H:4]	-60.0006	1.23735	-	-	-	-	G
C45139288      none	B	[O:1]=[CX3:2]!@[NX3H1:3][!#1:4]	0.00691215	63.7893	-	-	-	-	G
C45139288      none	B	[O:1]=[CX3:2]!@[NX3H0:3][!#1:4]	30.3137	0.680979	-	-	-	-	O
C45139288      none	B	[O:1]=[C:2]([O-])!@[CX4H1:3][H:4]	0.0071731	0.495663	-	-	-	-	O
C50398221      none	B	[$(C=O):1][NX3H1:2]!@[CX4H1:3][H:4]	29.9965	9.46757	-	-	-	-	G
C50398221      none	B	[O:1]=[CX3:2]!@[NX3H1:3][!#1:4]	0.000724399	63.7893	-	-	-	-	G
C50398221      none	B	[O:1]=[CX3:2]!@[NX3H0:3][!#1:4]	-29.7059	0.692521	-	-	-	-	O
C50398221      none	B	[O:1]=[C:2]([O-])!@[CX4H1:3][H:4]	-0.00665291	0.495663	-	-	-	-	O
CHEMBL58095      none	B	[a:1][a:2]!@[CX3:3]=[CX3H1:4]	-19.9975	3.14121	-	-	-	-	G
CHEMBL58095      none	B	[CX3:1]=[CX3:2]!@[CH2:3][C:4]	90.0008	6.55348	-	-	-	-	G
CHEMBL58095      none	B	[!#1:1][CX4:2]!@[CX4:3][!#1:4]	-160.008	1.85018	-	-	-	-	G
CHEMBL58095      none	B	[!#1:1][CX4:2]!@[CX4:3][!#1:4]	-39.9961	0.976141	-	-	-	-	G
CHEMBL58095      none	B	[O:1]=[C:2]([O-])!@[CX4H1:3][H:4]	-0.00503501	0.495663	-	-	-	-	O
CHEMBL58095      none	B	[!#1:1][CX4:2]!@[CX4:3][!#1:4]	160.002	1.81259	-	-	-	-	G
CHEMBL58095      none	B	[O:1]=[C:2]([O-])!@[CX4H1:3][H:4]	0.00507348	0.495663	-	-	-	-	O
C52787058      none	B	[C:1][CH2:2]!@[O:3][CX4:4]	180	35.2689	-	-	-	-	G
C52787058      none	B	[!#1:1][CX4H2:2]!@[CX4H2:3][!#1:4]	179.994	58.554	-	-	-	-	G
C52787058      none	B	[!#1:1][CX4:2]!@[CX4:3][!#1:4]	-60.0067	12.2558	-	-	-	-	G
C52787058      none	B	[O:1]=[C:2]([O-])!@[CX4H1:3][H:4]	-0.00132401	0.495663	-	-	-	-	O
C52787058      none	B	[$(C=O):1][NX3H1:2]!@[CX4H1:3][H:4]	29.9912	9.46757	-	-	-	-	G
C52787058      none	B	[O:1]=[CX3:2]!@[NX3H1:3][!#1:4]	0.00137814	63.7893	-	-	-	-	G
C52787058      none	B	[O:1]=[CX3:2]!@[NX3H0:3][!#1:4]	-29.6972	0.692521	-	-	-	-	O
C52787058      none	B	[N:1][CX4:2]!@[CX3:3]=[O:4]	2.92084	7.55292	-	-	-	-	G
C50959068      none	B	[O:1][CX4:2]!@[CX3:3]=[O:4]	-119.982	1.11962	-	-	-	-	O
C50959068      none	B	[O:1]=[CX3:2]!@[NX3H0:3][!#1:4]	-149.684	1.37927	-	-	-	-	O
C50959068      none	B	[O:1]=[C:2]([O-])!@[CX4H1:3][H:4]	0.00628814	0.495663	-	-	-	-	O
C36781070      none	B	[!#1:1][CX4H2:2]!@[CX4H2:3][!#1:4]	60.0023	3.99483	-	-	-	-	G
C36781070      none	B	[$([CX3]=O):1][NX3H1:2]!@[CX4H2:3][C:4] 	90.0012	7.35439	-	-	-	-	G
C36781070      none	B	[O:1]=[CX3:2]!@[NX3H1:3][!#1:4]	-0.00901695	63.7893	-	-	-	-	G
C36781070      none	B	N[C:2](=[O:1])!@[CH2:3][N:4]	-149.992	2.38095	-	-	-	-	G
C36781070      none	B	[$([CX3]=O):1][NX3H1:2]!@[CX4H2:3][C:4] 	-149.997	1.7769	-	-	-	-	O
C36781070      none	B	[O:1]=[CX3:2]!@[NX3H1:3][!#1:4]	-0.00980037	63.7893	-	-	-	-	G
C36781070      none	B	[O:1]=[CX3:2]([NH1])!@[CH2:3][C:4]	120.008	0.124533	-	-	-	-	O
C36781070      none	B	[!#1:1][CX4:2]!@[CX4:3][!#1:4]	-163.388	1.85018	-	-	-	-	G
C36781070      none	B	[C:1][CX4:2]!@[CX3:3]=[O:4]	90.0003	3.65147	-	-	-	-	G
C49147691      none	B	[a:1][c:2]!@[CX4H1:3][N,O:4]	119.995	3.12238	-	-	-	-	G
C49147691      none	B	[$(C=O):1][NX3H1:2]!@[CX4H1:3][H:4]	30.0008	9.46757	-	-	-	-	G
C49147691      none	B	[O:1]=[CX3:2]([$([NX3H1]C)])!@[NX3H1:3][!#1:4]	-0.00168192	41.1343	-	-	-	-	G
C49147691      none	B	[O:1]=[CX3:2]([$([NX3H1]C)])!@[NX3H1:3][!#1:4]	0.000736559	41.1343	-	-	-	-	G
C49147691      none	B	[$(C=O):1][NX3H1:2]!@[CX4H1:3][H:4]	30.0036	9.46757	-	-	-	-	G
C49147691      none	B	[!#1:1][CX4:2]!@[CX4:3][!#1:4]	179.998	22.1548	-	-	-	-	G
C49147691      none	B	[O:1]=[C:2]([O-])!@[CX4H1:3][H:4]	-0.00360486	0.495663	-	-	-	-	O
C49147691      none	B	[!#1:1][CX4H2:2]!@[CX4H2:3][!#1:4]	179.999	58.554	-	-	-	-	G
C61832850      none	B	[!#1:1][CX4:2]!@[CX4:3][!#1:4]	-160.006	1.85018	-	-	-	-	G
C61832850      none	B	[!#1:1][CX4:2]!@[CX4:3][!#1:4]	-79.9993	1.71775	-	-	-	-	G
C61832850      none	B	[O:1]=[CX3:2]([NH1])!@[CH2:3][C:4]	90.0003	2.11706	-	-	-	-	O
C61832850      none	B	[O:1]=[C:2]!@[NX3H1:3](C=O)[H:4]	180	35.6725	-	-	-	-	G
C61832850      none	B	[O:1]=[C:2]([NH1])!@[NX3H1:3](C=O)[H:4]	-0.003596	58.9474	-	-	-	-	G
C61832850      none	B	[O:1]=[CX3:2]([$([NX3H1]C)])!@[NX3H1:3][!#1:4]	-0.0101729	41.1343	-	-	-	-	G
C61832850      none	B	[$(C=O):1][NX3H1:2]!@[CX4H1:3][H:4]	-59.9939	1.23735	-	-	-	-	G
C61832850      none	B	[a:1][c:2]!@[CX4H1:3][N,O:4]	-149.997	3.72593	-	-	-	-	G
C61832850      none	B	[C:1][CX4H2:2]!@[CX3:3]=[O:4]	-120.002	0.79457	-	-	-	-	O
C49015950      none	B	[$(C=O):1][NX3H0:2]!@[CX4H1:3][H:4]	-30.0038	2.81513	-	-	-	-	G
C49015950      none	B	[O:1]=[CX3:2]!@[NX3H0:3][!#1:4]	179.999	18.2537	-	-	-	-	G
C49015950      none	B	[O:1]=[CX3:2]!@[NX3H1:3][!#1:4]	0.00103206	63.7893	-	-	-	-	G
C49015950      none	B	[$(C=O):1][NX3H1:2]!@[CX4H1:3][H:4]	-29.9986	6.97413	-	-	-	-	G
C49015950      none	B	[OX2:1][CX4:2]!@[CX4:3][N:4]	-39.9971	1.41573	-	-	-	-	G
C49015950      none	B	[O:1]=[C:2]([O-])!@[CX4H1:3][H:4]	89.9926	0.86741	-	-	-	-	O
C36978997      none	B	[!#1:1][CX4:2]!@[CX4:3][!#1:4]	59.9978	12.3771	-	-	-	-	G
C36978997      none	B	[!#1:1][CX4:2]!@[CX4:3][!#1:4]	60.0098	12.3771	-	-	-	-	G
C36978997      none	B	[NH1:1][CX4:2]!@[CX3:3]=[O:4]	-90.0005	0.352274	-	-	-	-	R
C36978997      none	B	[$(C=O):1][NX3H1:2]!@[CX4H1:3][H:4]	-60.002	1.23735	-	-	-	-	G
C36978997      none	B	[O:1]=[CX3:2]!@[NX3H0:3][!#1:4]	0.279317	25.0866	-	-	-	-	G
C36978997      none	B	[O:1]=[C:2]([O-])!@[CX4H1:3][H:4]	-0.00705842	0.495663	-	-	-	-	O
C36978997      none	B	[O:1]=[CX3:2]!@[NX3H1:3][!#1:4]	-0.00085783	63.7893	-	-	-	-	G
C49147776      none	B	[!#1:1][CX4:2]!@[CX4:3][!#1:4]	179.993	22.1548	-	-	-	-	G
C49147776      none	B	[NH1:1][CX4:2]!@[CX3:3]=[O:4]	120.002	0.41354	-	-	-	-	G
C49147776      none	B	[$(C=O):1][NX3H1:2]!@[CX4H0:3][C:4]	59.9981	13.3187	-	-	-	-	G
C49147776      none	B	[O:1]=[CX3:2]([$([NX3H1]C)])!@[NX3H1:3][!#1:4]	-0.00958702	41.1343	-	-	-	-	G
C49147776      none	B	[O:1]=[CX3:2]([$([NX3H1]C)])!@[NX3H1:3][!#1:4]	0.00566962	41.1343	-	-	-	-	G
C49147776      none	B	[$(C=O):1][NX3H1:2]!@[CX4H1:3][H:4]	0.00118863	8.26772	-	-	-	-	G
C49147776      none	B	[!#1:1][CX4:2]!@[CX4:3][!#1:4]	-60.0065	12.2558	-	-	-	-	G
C49147776      none	B	[!#1:1][CX4:2]!@[CX4:3][!#1:4]	160.003	1.81259	-	-	-	-	G
C40578909      none	B	[O:1]=[CX3:2]!@[NX3H0:3][!#1:4]	0.00926593	25.0866	-	-	-	-	G
C40578909      none	B	[O:1]=[C:2]([O-])!@[CX4H1:3][H:4]	89.9964	0.86741	-	-	-	-	O
C40578909      none	B	[O:1]=[CX3:2]!@[NX3H1:3][!#1:4]	0.00270797	63.7893	-	-	-	-	G
C40578909      none	B	[$([CX3]=O):1][NX3H1:2]!@[CX4H2:3][C:4] 	179.995	6.46594	-	-	-	-	G
C40578909      none	B	[!#1:1][CX4H2:2]!@[CX4H2:3][!#1:4]	179.992	58.554	-	-	-	-	G
C40578909      none	B	[!#1:1][CX4:2]!@[SX4:3][!#1:4]	-172.257	7.34737	-	-	-	-	G
C35056924      none	B	[O:1]=[C:2]([O-])!@[CX4H1:3][H:4]	1.42975e-05	0.495663	-	-	-	-	O
C35056924      none	B	[H:1][CX4H1:2]!@[O:3][CX4:4]	0.00160861	4.26659	-	-	-	-	G
C35056924      none	B	[H:1][CX4H1:2]!@[O:3][CX4:4]	-29.9951	6.07621	-	-	-	-	G
C35056924      none	B	[$(C=O):1][NX3H1:2]!@[CX4H1:3][H:4]	-30.004	6.97413	-	-	-	-	G
C35056924      none	B	[H:1][CX4H1:2]!@[OX2:3][!#1:4]	30.2254	9.32817	-	-	-	-	G
C35056924      none	B	[cH1,n:1][c:2]!@[O:3][CRH1:4]	30.0007	4.06504	-	-	-	-	G
C35056924      none	B	[$([cH0]!@[*^2]):1][c:2]([cH1])!@[CX3:3]=[O:4]	90.0064	0.422886	-	-	-	-	O
C35056924      none	B	[O:1]=[CX3:2]!@[NX3H1:3][!#1:4]	0.00829358	63.7893	-	-	-	-	G
C53046315      none	B	[!#1:1][CX4:2]!@[CX4:3][!#1:4]	179.998	22.1548	-	-	-	-	G
C53046315      none	B	[C:1][CX4:2]!@[CX3:3]=[O:4]	90.0078	3.65147	-	-	-	-	G
C53046315      none	B	[O:1]=[CX3:2]([NH1])!@[CH2:3][C:4]	-90.0043	1.868	-	-	-	-	O
C53046315      none	B	[O:1]=[CX3:2]!@[NX3H1:3][!#1:4]	-0.00191606	63.7893	-	-	-	-	G
C53046315      none	B	[$(C=O):1][NX3H1:2]!@[CX4H0:3][C:4]	-65.2243	8.17582	-	-	-	-	G
C53046315      none	B	[OX2:1][CX4:2]!@[CX4:3][N:4]	80.001	3.55056	-	-	-	-	G
C50398239      none	B	[NH1:1][CX4:2]!@[CX3:3]=[O:4]	119.996	0.41354	-	-	-	-	G
C50398239      none	B	[$(C=O):1][NX3H1:2]!@[CX4H0:3][C:4]	-60.0049	14.7253	-	-	-	-	G
C50398239      none	B	[O:1]=[CX3:2]([$([NX3H1]C)])!@[NX3H1:3][!#1:4]	0.00935405	41.1343	-	-	-	-	G
C50398239      none	B	[O:1]=[CX3:2]([$([NX3H1]C)])!@[NX3H1:3][!#1:4]	180	9.5176	-	-	-	-	R
C50398239      none	B	[$(C=O):1][NX3H1:2]!@[CX4H1:3][H:4]	-30.0034	6.97413	-	-	-	-	G
C49991384      none	B	[$(C=O):1][NX3:2]!@[a:3][aH0:4]	90.0069	3.35653	-	-	-	-	G
C49991384      none	B	[O:1]=[C:2]!@[NX3H0:3]([a:4])[A]	180	18.3322	-	-	-	-	G
C49991384      none	B	[O:1]=[CX3:2]!@[NX3H1:3][!#1:4]	0.00492863	63.7893	-	-	-	-	G
C49991384      none	B	[$(C=O):1][NX3H1:2]!@[CX4H1:3][H:4]	179.998	0.712411	-	-	-	-	R
C49991384      none	B	[OX2:1][CX4:2]!@[CX4:3][N:4]	-40.0013	1.41573	-	-	-	-	G
C49991384      none	B	[O:1]=[C:2]([O-])!@[CX4H1:3][H:4]	90.0017	0.86741	-	-	-	-	O
C40573416      none	B	[OX2:1][CX4:2]!@[CX4:3][N:4]	180	9.8427	-	-	-	-	G
C40573416      none	B	[O:1]=[C:2]([O-])!@[CX4H1:3][H:4]	89.9902	0.86741	-	-	-	-	O
C40573416      none	B	[$(C=O):1][NX3H1:2]!@[CX4H1:3][H:4]	179.999	0.712411	-	-	-	-	R
C40573416      none	B	[O:1]=[CX3:2]!@[NX3H1:3][!#1:4]	-0.00180289	63.7893	-	-	-	-	G
C40573416      none	B	[O:1]=[CX3:2]!@[NX3H0:3][!#1:4]	-29.7201	0.692521	-	-	-	-	O
C40573416      none	B	[H:1][CX4H1:2]!@[O:3][CX4:4]	-39.9385	11.8876	-	-	-	-	G
C36972110      none	B	[OX2:1][CX4:2]!@[CX4:3][N:4]	-59.9967	14.8764	-	-	-	-	G
C36972110      none	B	[O:1]=[C:2]([O-])!@[CX4H1:3][H:4]	-0.0121201	0.495663	-	-	-	-	O
C36972110      none	B	[$(C=O):1][NX3H1:2]!@[CX4H1:3][H:4]	30.0079	9.46757	-	-	-	-	G
C36972110      none	B	[O:1]=[CX3:2]!@[NX3H1:3][!#1:4]	-0.00772923	63.7893	-	-	-	-	G
C36972110      none	B	[*^2:1]~[C^2:2]([!H])!@[C^2:3]~[*^2:4]	150.274	1.21045	-	-	-	-	G
C04365599      none	B	[*:1]~[cX3:2]!@[NX2:3]~[*:4]	-0.00645104	14.1132	-	-	-	-	G
C04365599      none	B	[*:1]~[cX3:2]!@[NX2:3]~[*:4]	-179.712	15.3541	-	-	-	-	G
C04365599      none	B	[aH1:1][c:2]([aH1])!@[SX4:3][!#1:4]	90.0031	12.916	-	-	-	-	G
C48858910      none	B	[NH1:1][CX4:2]!@[CX3:3]=[O:4]	119.998	0.41354	-	-	-	-	G
C48858910      none	B	[$(C=O):1][NX3H1:2]!@[CX4H0:3][C:4]	60.0014	13.3187	-	-	-	-	G
C48858910      none	B	[O:1]=[CX3:2]!@[NX3H1:3][!#1:4]	-0.00829242	63.7893	-	-	-	-	G
C48858910      none	B	[O:1]=[CX3:2]!@[NX3H0:3][!#1:4]	-29.7124	0.692521	-	-	-	-	O
C48858910      none	B	[OX2:1][CX4:2]!@[CX4:3][N:4]	79.9986	3.55056	-	-	-	-	G
C62810201      none	B	[C:1][CX4:2]!@[NX3;"N_lp":3][C:4]	-61.9224	7.07677	-	-	-	-	G
C62810201      none	B	[CX4:1][CX4H2:2]!@[NX3;"N_lp":3][CX4:4]	180	5.18593	-	-	-	-	G
C62810201      none	B	[OX2:1][CX4H2:2]!@[CX4H2:3][Nr:4]	60.0063	18.1373	-	-	-	-	G
C44975854      none	B	[!#1:1][CX4:2]!@[CX4:3][!#1:4]	-60.0008	12.2558	-	-	-	-	G
C44975854      none	B	[$([CX3]=O):1][NX3H1:2]!@[CX4H2:3][C:4] 	-120	2.61599	-	-	-	-	O
C44975854      none	B	[O:1]=[CX3:2]!@[NX3H1:3][!#1:4]	0.00119855	63.7893	-	-	-	-	G
C44975854      none	B	[O:1]=[CX3:2]!@[NX3H0:3][!#1:4]	0.309137	25.0866	-	-	-	-	G
C44975854      none	B	[O:1]=[C:2]([O-])!@[CX4H1:3][H:4]	90	0.86741	-	-	-	-	O
C40532932      none	B	[$(C=O):1][NX3H1:2]!@[CX4H1:3][H:4]	-29.9915	6.97413	-	-	-	-	G
C40532932      none	B	[O:1]=[CX3:2]([$([NX3H1]C)])!@[NX3H1:3][!#1:4]	179.994	9.5176	-	-	-	-	R
C40532932      none	B	[O:1]=[CX3:2]([$([NX3H1]C)])!@[NX3H1:3][!#1:4]	0.00374993	41.1343	-	-	-	-	G
C40532932      none	B	[$(C=O):1][NX3H1:2]!@[CX4H1:3][H:4]	-30.0061	6.97413	-	-	-	-	G
C40532932      none	B	[OX2:1][CX4:2]!@[CX4:3][N:4]	-39.9996	1.41573	-	-	-	-	G
C40532932      none	B	[O:1]=[C:2]([O-])!@[CX4H1:3][H:4]	-0.00562195	0.495663	-	-	-	-	O
C40710813      none	B	[C:1][CH2:2]!@[O:3][CX4:4]	180	35.2689	-	-	-	-	G
C40710813      none	B	[H:1][CX4H1:2]!@[O:3][CX4:4]	-40.0302	11.8876	-	-	-	-	O
C40710813      none	B	[O:1]=[CX3:2]!@[NX3H0:3][!#1:4]	149.995	1.73707	-	-	-	-	O
C40710813      none	B	[O:1]=[CX3:2]!@[NX3H1:3][!#1:4]	0.00499027	63.7893	-	-	-	-	G
C40710813      none	B	[$(C=O):1][NX3H1:2]!@[CX4H1:3][H:4]	29.9987	9.46757	-	-	-	-	G
C40710813      none	B	[!#1:1][CX4:2]!@[CX4:3][!#1:4]	159.996	1.81259	-	-	-	-	G
C40710813      none	B	[O:1]=[C:2]([O-])!@[CX4H1:3][H:4]	-0.000881342	0.495663	-	-	-	-	O
C40710813      none	B	[!#1:1][CX4H2:2]!@[CX4H2:3][!#1:4]	-60.0002	3.77933	-	-	-	-	G
C36981125      none	B	[!#1:1][CX4:2]!@[CX4:3][!#1:4]	-59.9961	12.2558	-	-	-	-	G
C36981125      none	B	[$(C=O):1][NX3H1:2]!@[CX4H1:3][H:4]	-30.0005	6.97413	-	-	-	-	G
C36981125      none	B	[C:1][CX4H2:2]!@[CX3:3]=[O:4]	119.994	0.695249	-	-	-	-	O
C36981125      none	B	[O:1]=[CX3:2]!@[NX3H1:3][!#1:4]	-0.0050434	63.7893	-	-	-	-	G
C36981125      none	B	[cH1:1][c:2]([cH1])!@[C:3]([NH1,NH2])=[O:4]	153.003	9.05971	-	-	-	-	G
C36981125      none	B	[$(C=O):1][NX3H1:2]!@[c:3]([cH1])[cH1:4]	-0.0167102	7.77286	-	-	-	-	G
C36981125      none	B	[O:1]=[CX3:2]!@[NX3H1:3][!#1:4]	0.00149437	63.7893	-	-	-	-	G
C13028281      none	B	[O-:1][N+:2](=O)!@[c:3]([cH,nX2H0])[cH,nX2H0:4]	179.974	23.2156	-	-	-	-	G
C13028281      none	B	[aH0:1][c:2]([aH1])!@[SX4:3][!#1:4]	90.0011	4.49141	-	-	-	-	G
C13028281      none	B	[*:1][$(S(=O)=O):2]!@[NX3H0r:3][*:4]	-89.6937	4.88152	-	-	-	-	G
C13028281      none	B	[O:1]=[C:2]([O-])!@[CX4H1:3][H:4]	-0.00246591	0.495663	-	-	-	-	O
C45013550      none	B	[!#1:1][CX4H2:2]!@[CX4H2:3][!#1:4]	179.999	58.554	-	-	-	-	G
C45013550      none	B	[!#1:1][CX4:2]!@[CX4:3][!#1:4]	80.0013	1.75235	-	-	-	-	G
C45013550      none	B	[NH1:1][CX4:2]!@[CX3:3]=[O:4]	-149.998	4.5183	-	-	-	-	G
C45013550      none	B	[$(C=O):1][NX3H1:2]!@[CX4H0:3][C:4]	-60.0008	14.7253	-	-	-	-	G
C45013550      none	B	[O:1]=[CX3:2]([$([NX3H1]C)])!@[NX3H1:3][!#1:4]	-0.00533103	41.1343	-	-	-	-	G
C45013550      none	B	[O:1]=[CX3:2]([$([NX3H1]C)])!@[NX3H1:3][!#1:4]	-179.989	9.5176	-	-	-	-	R
C45013550      none	B	[$([CX3]=O):1][NX3H1:2]!@[CX4H2:3][C:4] 	-89.9986	7.35439	-	-	-	-	G
C45013550      none	B	[!#1:1][CX4:2]!@[CX4:3][!#1:4]	-39.9995	0.976141	-	-	-	-	G
C45013550      none	B	[!#1:1][CX4:2]!@[CX4:3][!#1:4]	-60.0035	12.2558	-	-	-	-	G
C37732538      none	B	[cH1:1][c:2]([cH1])!@[C:3]([NH1,NH2])=[O:4]	180	3.89499	-	-	-	-	G
C37732538      none	B	[cH0:1][c:2]([cH,nX2H0])!@[NX3H0:3][CX4:4]	90.0055	2.06517	-	-	-	-	G
C37732538      none	B	[CX4:1][CX4H2:2]!@[NX3:3][CX4:4]	60.01	3.43258	-	-	-	-	G
C37732538      none	B	[C:1][CX4:2]!@[NX3:3][C:4]	59.9907	6.16204	-	-	-	-	G
C37732538      none	B	[!#1:1][CX4H2:2]!@[CX4H2:3][!#1:4]	180	58.554	-	-	-	-	G
C37732538      none	B	[C:1][CX4H2:2]!@[CX3:3]=[O:4]	-119.992	0.79457	-	-	-	-	O
C37650627      none	B	[cH1:1][c:2]([cH1])!@[C:3]([NH1,NH2])=[O:4]	179.997	3.89499	-	-	-	-	G
C37650627      none	B	[a:1][c:2]!@[C:3]([NH0])=[O:4]	59.9985	3.02778	-	-	-	-	G
C37650627      none	B	[O:1]=[CX3:2](a)!@[NX3H0:3][!#1:4]	0.291613	23.6549	-	-	-	-	G
C37650627      none	B	[O:1]=[C:2]([O-])!@[CX4H1:3][H:4]	-0.00648601	0.495663	-	-	-	-	O
C40557428      none	B	[OX2:1][CX4:2]!@[CX4:3][N:4]	-82.8699	3.59551	-	-	-	-	O
C40557428      none	B	[$([CX3]=O):1][NX3H1:2]!@[CX4H2:3][C:4] 	89.9983	7.35439	-	-	-	-	G
C40557428      none	B	[O:1]=[CX3:2]([$([NX3H1]C)])!@[NX3H1:3][!#1:4]	180	9.5176	-	-	-	-	R
C40557428      none	B	[O:1]=[CX3:2]([$([NX3H1]C)])!@[NX3H1:3][!#1:4]	-0.00198038	41.1343	-	-	-	-	G
C40557428      none	B	[$(C=O):1][NX3H1:2]!@[CX4H1:3][H:4]	-60.0052	1.23735	-	-	-	-	G
C40557428      none	B	[!#1:1][CX4:2]!@[CX4:3][!#1:4]	-160	1.85018	-	-	-	-	G
C40557428      none	B	[O:1]=[C:2]([O-])!@[CX4H1:3][H:4]	89.9971	0.86741	-	-	-	-	O
C40557428      none	B	[C:1][CX4H2:2]!@[CX3:3]=[O:4]	120.002	0.695249	-	-	-	-	O
C45649121      none	B	[!#1:1][CX4:2]!@[CX4:3][!#1:4]	79.9952	1.75235	-	-	-	-	G
C45649121      none	B	[!#1:1][CX4:2]!@[CX4:3][!#1:4]	60.0072	12.3771	-	-	-	-	G
C45649121      none	B	[$([CX3]=O):1][NX3H1:2]!@[CX4H2:3][C:4] 	179.999	6.46594	-	-	-	-	G
C45649121      none	B	[O:1]=[CX3:2]([$([NX3H1]C)])!@[NX3H1:3][!#1:4]	-0.00215448	41.1343	-	-	-	-	G
C45649121      none	B	[O:1]=[CX3:2]([$([NX3H1]C)])!@[NX3H1:3][!#1:4]	180	9.5176	-	-	-	-	R
C45649121      none	B	[$(C=O):1][NX3H1:2]!@[c:3]([cH0]F)[cH:4]	-59.7299	0	-	-	-	-	R
C45649121      none	B	[O:1]=[C:2]([O-])!@[c:3]([cH1])[cH1:4]	179.983	7.35294	-	-	-	-	G
C45649121      none	B	[C:1][CH2:2]!@[O:3][CX4:4]	180	35.2689	-	-	-	-	G
C50376590      none	B	[!#1:1][CX4:2]!@[CX4:3][!#1:4]	8.61327	0.0551082	-	-	-	-	R
C50376590      none	B	[NH1:1][CX4:2]!@[CX3:3]=[O:4]	-29.9882	4.44172	-	-	-	-	G
C50376590      none	B	[$(C=O):1][NX3H1:2]!@[CX4H0:3][C:4]	179.993	11.3993	-	-	-	-	G
C50376590      none	B	[O:1]=[CX3:2]([$([NX3H1]C)])!@[NX3H1:3][!#1:4]	0.0172671	41.1343	-	-	-	-	G
C50376590      none	B	[O:1]=[CX3:2]([$([NX3H1]C)])!@[NX3H1:3][!#1:4]	-0.0114553	41.1343	-	-	-	-	G
C50376590      none	B	[$(C=O):1][NX3H1:2]!@[CX4H1:3][H:4]	0.00695856	8.26772	-	-	-	-	G
C50376590      none	B	[H:1][CX4H1:2]!@[O:3][CX4:4]	43.2654	11.9906	-	-	-	-	O
C50659439      none	B	[O-:1][N+:2](=O)!@[c:3]([cH0])[cH,nX2H0:4]	90.0128	0.274725	-	-	-	-	O
C50659439      none	B	[aH0:1][c:2]([aH1])!@[SX4:3][!#1:4]	90.0146	4.49141	-	-	-	-	O
C50659439      none	B	[c:1][S:2](=O)(=O)!@[NX2H0-:3]-[*:4]	90.0013	2.77778	-	-	-	-	G
C50659439      none	B	[$(S(=O)(=O)):1][N:2]!@[c:3][a:4]	150.001	2.09961	-	-	-	-	G
C58899363      none	B	[$([CX3]=O):1][NX3H0:2](C)!@[CX4H2:3][C:4]	-90.0044	15.9949	-	-	-	-	G
C58899363      none	B	[$(C=O):1][NX3H0:2]!@[CX4H2:3][!#1:4]	90.2631	13.8915	-	-	-	-	G
C58899363      none	B	[$(C=O):1][NX3H0:2]!@[CX4H2:3][!#1:4]	-59.9939	0.579777	-	-	-	-	G
C58899363      none	B	[$(C=O):1][NX3H0:2]!@[CX4H2:3][!#1:4]	148.792	0.185529	-	-	-	-	R
C40909416      none	B	[cH1:1][c:2]([cH1])!@[C:3]([NH1,NH2])=[O:4]	153.03	9.05971	-	-	-	-	G
C40909416      none	B	[O:1]=[CX3:2]!@[NX3H1:3][!#1:4]	-0.010931	63.7893	-	-	-	-	G
C40909416      none	B	[$(C=O):1][NX3H1:2]!@[CX4H0:3][C:4]	-59.9916	14.7253	-	-	-	-	G
C40909416      none	B	[NH1:1][CX4:2]!@[CX3:3]=[O:4]	90.0042	0.183795	-	-	-	-	R
C64098675      none	B	[$(S(=O)(=O)):1][NH0:2]!@[c:3]([cH1])[cH0:4]	-119.999	0	-	-	-	-	R
C64098675      none	B	[c:1][S:2](=O)(=O)!@[NX2H0-:3]-[*:4]	59.9991	8.33333	-	-	-	-	G
C64098675      none	B	[aH1:1][c:2]([aH1])!@[SX4:3][!#1:4]	90.2772	12.916	-	-	-	-	G
C64098675      none	B	[cH1:1][c:2]([cH1])!@[C:3]([NH1,NH2])=[O:4]	26.762	8.08167	-	-	-	-	G
C64098675      none	B	[O:1]=[CX3:2]!@[NX3H1:3][!#1:4]	0.00982233	63.7893	-	-	-	-	G
C64098675      none	B	[$(C=O):1][NX3H1:2]!@[CX4H1:3][H:4]	29.9907	9.46757	-	-	-	-	G
C45041172      none	B	[!#1:1][CX4:2]!@[CX4:3][!#1:4]	160.002	1.81259	-	-	-	-	G
C45041172      none	B	[O:1][CX4:2]!@[CX3:3]=[O:4]	-150.003	3.9285	-	-	-	-	G
C45041172      none	B	[!#1:1][CX4H0:2]!@[OX2:3][!#1:4]	-30.0064	0.144576	-	-	-	-	R
C45041172      none	B	[!#1:1][CX4H2:2]!@[CX4H2:3][!#1:4]	179.992	58.554	-	-	-	-	G
C45041172      none	B	[C:1][CH2:2]!@[O:3][CX4:4]	40.0049	0	-	-	-	-	R
C45041172      none	B	[a:1][c:2]([a])!@[O:3][CX4H0:4]	-59.9975	1.29032	-	-	-	-	G
C45041172      none	B	[a:1][c:2]!@[C:3]([NH1,NH2])=[O:4]	179.989	9.31373	-	-	-	-	G
C20082143      none	B	[cH1:1][c:2](cO)!@[O:3][C:4]	90.2841	0.310835	-	-	-	-	R
C20082143      none	B	[a:1][c:2]!@[CX4H1:3][N,O:4]	121.602	3.12238	-	-	-	-	G
C20082143      none	B	[*^2:1]~[C^2:2]([!H])!@[C^2:3]~[*^2:4]	149.968	1.21045	-	-	-	-	O
C20082143      none	B	[$([CX3]=O):1][NX3H0:2](C)!@[CX4H2:3][C:4]	150.017	0.0857633	-	-	-	-	R
C20082143      none	B	[!#1:1][CX4H2:2]!@[CX4H2:3][!#1:4]	180	58.554	-	-	-	-	G
C20082143      none	B	[!#1:1][CX4H2:2]!@[CX4H2:3][!#1:4]	179.997	58.554	-	-	-	-	G
C20082143      none	B	[CX4:1][CX4H2:2]!@[NX3;"N_lp":3][CX4:4]	-76.3633	8.1206	-	-	-	-	G
C20082143      none	B	[a:1][a:2]!@[CX3:3]=[O:4]	150.311	2.43757	-	-	-	-	G
C40697548      none	B	[!#1:1][CX4H2:2]!@[CX4H2:3][!#1:4]	180	58.554	-	-	-	-	G
C40697548      none	B	[!#1:1][CX4:2]!@[CX4:3][!#1:4]	-60.0038	12.2558	-	-	-	-	G
C40697548      none	B	[O:1]=[C:2]([O-])!@[CX4H1:3][H:4]	0.0061665	0.495663	-	-	-	-	O
C40697548      none	B	[$(C=O):1][NX3H1:2]!@[CX4H1:3][H:4]	30.0027	9.46757	-	-	-	-	G
C40697548      none	B	[O:1]=[CX3:2]!@[NX3H1:3][!#1:4]	-0.00123325	63.7893	-	-	-	-	G
C40697548      none	B	[O:1]=[CX3:2]([NH1])!@[CH2:3][C:4]	-90.0059	1.868	-	-	-	-	O
C40697548      none	B	[!#1:1][CX4H2:2]!@[CX4H2:3][!#1:4]	180	58.554	-	-	-	-	G
C40697548      none	B	[C:1][CH2:2]!@[O:3][CX4:4]	160.001	5.67469	-	-	-	-	G
C40697548      none	B	[C:1][CH2:2]!@[O:3][CX4:4]	80.001	1.71561	-	-	-	-	G
C36901105      none	B	[a:1][c:2]!@[CX4H2:3][!#1:4]	-135	1.61199	-	-	-	-	O
C36901105      none	B	[!#1:1][CX4H2:2]!@[NX3H1:3][!#1:4]	89.9874	6.33327	-	-	-	-	G
C36901105      none	B	[cH0:1][c:2]([cH,nX2H0])!@[NX3H1:3][CX4:4]	-159.999	4.72103	-	-	-	-	O
C35056966      none	B	[O:1]=[C:2]([O-])!@[CX4H1:3][H:4]	-0.00439045	0.495663	-	-	-	-	O
C35056966      none	B	[H:1][CX4H1:2]!@[O:3][CX4:4]	-59.9986	5.14933	-	-	-	-	G
C35056966      none	B	[H:1][CX4H1:2]!@[O:3][CX4:4]	-29.9981	6.07621	-	-	-	-	G
C35056966      none	B	[$(C=O):1][NX3H1:2]!@[CX4H1:3][H:4]	-30.0019	6.97413	-	-	-	-	G
C35056966      none	B	[!#1:1][CX4:2]!@[SX2:3][!#1:4]	179.998	11.1654	-	-	-	-	G
C35056966      none	B	[aH1:1][c:2]([aH1])!@[SX2:3][!#1:4]	-59.9998	2.06819	-	-	-	-	G
C35056966      none	B	[O:1]=[CX3:2]!@[NX3H1:3][!#1:4]	0.000872402	63.7893	-	-	-	-	G
C42826582      none	B	[OX2:1][CX4:2]!@[CX4:3][N:4]	-59.9955	14.8764	-	-	-	-	G
C42826582      none	B	[$([CX3]=O):1][NX3H1:2]!@[CX4H2:3][C:4] 	150.003	1.43139	-	-	-	-	O
C42826582      none	B	[O:1]=[CX3:2]!@[NX3H1:3][!#1:4]	-0.0116815	63.7893	-	-	-	-	G
C42826582      none	B	[O:1]=[CX3:2]!@[NX3H0:3][!#1:4]	0.326249	25.0866	-	-	-	-	G
C42826582      none	B	[O:1]=[C:2]([O-])!@[CX4H1:3][H:4]	90.0004	0.86741	-	-	-	-	O
C40725001      none	B	[cH0:1][c:2]([cH,nX2H0])!@[NX3H0:3][CX4:4]	-89.7534	1.8357	-	-	-	-	G
C40725001      none	B	[cH0:1][c:2]([cH,nX2H0])!@[NX3H0:3][CX4:4]	60.2813	3.25838	-	-	-	-	G
C67150960      none	B	[O:1]=[CX3:2]!@[NX3H1:3][!#1:4]	-7.39105e-05	63.7893	-	-	-	-	G
C67150960      none	B	[$(C=O):1][NX3H1:2]!@[CX4H1:3][H:4]	31.9976	9.46757	-	-	-	-	G
C67150960      none	B	[!#1:1][CX4:2]!@[CX4:3][!#1:4]	160.003	1.81259	-	-	-	-	G
C67150960      none	B	[cH0:1][c:2]!@[CX4H1:3][CX4:4]	119.999	7.01281	-	-	-	-	G
C67150960      none	B	[O:1]=[CX3:2]([NH1])!@[CH2:3][C:4]	-0.00875596	11.7061	-	-	-	-	G
C67150960      none	B	[O:1]=[C:2]([!$([NH1])])!@[NX3H1:3]([H:4])[$(c([nX2H0])([nX2H0]))]	0.00155243	20	-	-	-	-	R
C67150960      none	B	[$([C]([CX4])(=O)):1][NX3H1:2]!@[c:3]([nX2H0])[nX2H0:4]	179.694	13.4615	-	-	-	-	G
C49233735      none	B	[!#1:1][CX4H2:2]!@[CX4H2:3][!#1:4]	179.999	58.554	-	-	-	-	G
C49233735      none	B	[$([CX3]=O):1][NX3H1:2]!@[CX4H2:3][C:4] 	-90.0098	7.35439	-	-	-	-	G
C49233735      none	B	[O:1]=[CX3:2]!@[NX3H1:3][!#1:4]	0.0105493	63.7893	-	-	-	-	G
C49233735      none	B	[NH1:1][CX4:2]!@[CX3:3]=[O:4]	-29.9938	4.44172	-	-	-	-	G
C49233735      none	B	[C:1][CX4:2]!@[NX3;"N_lp":3][C:4]	-80.0018	6.10869	-	-	-	-	G
C49233735      none	B	[C:1][CX4:2]!@[NX3;"N_lp":3][C:4]	179.999	5.71656	-	-	-	-	G
C49233735      none	B	[a:1][c:2]!@[CX4H0:3][CX3:4]	180	2.34308	-	-	-	-	G
C49233735      none	B	[NH1:1][CX4:2]!@[CX3:3]=[O:4]	-0.00226879	6.89233	-	-	-	-	G
C02805931      none	B	[a:1][c:2]!@[CX4H0:3][CX4:4]	-149.732	1.42191	-	-	-	-	O
C02805931      none	B	[cH1:1][c:2]([cH1])!@[C:3]([NH1,NH2])=[O:4]	27.0232	8.08167	-	-	-	-	G
C02805931      none	B	[O:1]=[CX3:2]!@[NX3H1:3][!#1:4]	-0.000167123	63.7893	-	-	-	-	G
C02805931      none	B	[*:1]~[NX3:2]!@[NX3:3]~[*:4]	180	7.3164	-	-	-	-	G
C02805931      none	B	[O:1]=[CX3:2]!@[NX3H1:3][!#1:4]	-0.00694807	63.7893	-	-	-	-	G
C02805931      none	B	[O:1]=[CX3:2]([NH1])!@[CH2:3][C:4]	60.0036	6.84932	-	-	-	-	G
C02805931      none	B	[!#1:1][CX4H2:2]!@[CX4H2:3][!#1:4]	60.003	3.99483	-	-	-	-	G
C02805931      none	B	[!#1:1][CX4H2:2]!@[CX4H2:3][!#1:4]	179.993	58.554	-	-	-	-	G
C02805931      none	B	[C:1][CX4H2:2]!@[CX3:3]=[O:4]	-119.993	0.79457	-	-	-	-	O
C37431449      none	B	[a:1][c:2]!@[CX4H1:3][H:4]	115.698	1.00725	-	-	-	-	O
C37431449      none	B	[a:1][a:2]!@[CX3:3]=[CX3H1:4]	179.999	13.7638	-	-	-	-	G
C37431449      none	B	[*^2:1]~[C^2:2]([!H])!@[C^2:3]~[*^2:4]	-89.9988	1.27397	-	-	-	-	G
C37431449      none	B	[O:1]=[CX3:2]!@[NX3H1:3][!#1:4]	-0.00331772	63.7893	-	-	-	-	G
C37431449      none	B	[$(C=O):1][NX3H1:2]!@[CX4H1:3][H:4]	180	0.712411	-	-	-	-	R
C37431449      none	B	[OX2:1][CX4:2]!@[CX4:3][N:4]	-40.0042	1.41573	-	-	-	-	G
C37431449      none	B	[O:1]=[C:2]([O-])!@[CX4H1:3][H:4]	90.0016	0.86741	-	-	-	-	O
C40700102      none	B	[O:1]=[CX3:2]!@[NX3H0:3][!#1:4]	150	1.73707	-	-	-	-	O
C40700102      none	B	[O:1]=[CX3:2]!@[NX3H1:3][!#1:4]	0.00389516	63.7893	-	-	-	-	G
C40700102      none	B	[$(C=O):1][NX3H1:2]!@[CX4H1:3][H:4]	29.999	9.46757	-	-	-	-	G
C40700102      none	B	[!#1:1][CX4:2]!@[CX4:3][!#1:4]	180	22.1548	-	-	-	-	G
C40700102      none	B	[O:1]=[C:2]([O-])!@[CX4H1:3][H:4]	-0.00312157	0.495663	-	-	-	-	O
C40700102      none	B	[!#1:1][CX4H2:2]!@[CX4H2:3][!#1:4]	-59.9963	3.77933	-	-	-	-	G
C33439429      none	B	[N:1][CX4:2]!@[CX3:3]=[O:4]	-119.996	0.897291	-	-	-	-	G
C33439429      none	B	[C:1][CX4:2]!@[NX3;"N_lp":3][C:4]	-76.2064	6.10869	-	-	-	-	G
C33439429      none	B	[O:1]=[CX3:2]!@[NX3H1:3][!#1:4]	-0.0135445	63.7893	-	-	-	-	G
C33439429      none	B	[$([CX3]=O):1][NX3H1:2]!@[CX4H2:3][C:4] 	180	6.46594	-	-	-	-	G
C33439429      none	B	[NH1:1][CX4:2]!@[CX3:3]=[O:4]	119.999	0.41354	-	-	-	-	G
C33439429      none	B	[CX4:1][CX4H2:2]!@[NX3;"N_lp":3][CX4:4]	-159.997	6.65327	-	-	-	-	G
C33439429      none	B	[OX2:1][CX4H2:2]!@[CX4H2:3][Nr:4]	60.0014	18.1373	-	-	-	-	G
C20256390      none	B	[$(C=O):1][NX3H1:2]!@[CX4H0:3][C:4]	59.996	13.3187	-	-	-	-	G
C20256390      none	B	[O:1]=[CX3:2]!@[NX3H1:3][!#1:4]	0.00379873	63.7893	-	-	-	-	G
C20256390      none	B	[O:1]=[CX3:2]!@[NX3H0:3][!#1:4]	0.289698	25.0866	-	-	-	-	G
C20256390      none	B	[O:1]=[C:2]([O-])!@[CX4H1:3][H:4]	90	0.86741	-	-	-	-	O
C37448016      none	B	[$([CX3]=O):1][NX3H0:2](C)!@[CX4H2:3][C:4]	-120.001	2.31561	-	-	-	-	O
C37448016      none	B	[O:1]=[CX3:2](a)!@[NX3H0:3][!#1:4]	30.0051	0.896722	-	-	-	-	O
C37448016      none	B	[N:1][CX4:2]!@[CX3:3]=[O:4]	-89.9986	0.479136	-	-	-	-	O
C37448016      none	B	[a:1][c:2]!@[C:3]([NH0])=[O:4]	60.2785	3.02778	-	-	-	-	G
C37448016      none	B	[$(C=O):1][NX3H1:2]!@[c:3]([cH1])[cH1:4]	149.977	5.05437	-	-	-	-	G
C37448016      none	B	[O:1]=[CX3:2]!@[NX3H1:3][!#1:4]	150.005	0.00505102	-	-	-	-	O
C53071551      none	B	[!#1:1][CX4:2]!@[CX4:3][!#1:4]	60.0039	12.3771	-	-	-	-	G
C53071551      none	B	[!#1:1][CX4:2]!@[CX4:3][!#1:4]	59.995	12.3771	-	-	-	-	G
C53071551      none	B	[OX2:1][CX4:2]!@[CX4:3][N:4]	79.9897	3.55056	-	-	-	-	G
C53071551      none	B	[$(C=O):1][NX3H1:2]!@[CX4H0:3][C:4]	-60.0008	14.7253	-	-	-	-	G
C53071551      none	B	[O:1]=[CX3:2]!@[NX3H1:3][!#1:4]	0.00266585	63.7893	-	-	-	-	G
C53071551      none	B	[cH1:1][c:2]([cH1])!@[C:3]([NH1,NH2])=[O:4]	152.999	9.05971	-	-	-	-	G
C53071551      none	B	[$(S(=O)(=O)):1][NH0:2]!@[c:3]([cH1])[cH1:4]	-120.018	1.65289	-	-	-	-	G
C53071551      none	B	[*:1]~[N,n:2]!@[S:3]~[*:4]	176.031	8.16343	-	-	-	-	G
C49122646      none	B	[!#1:1][CX4:2]!@[CX4:3][!#1:4]	-60.0063	12.2558	-	-	-	-	G
C49122646      none	B	[$(C=O):1][NX3H1:2]!@[CX4H1:3][H:4]	30.0056	9.46757	-	-	-	-	G
C49122646      none	B	[O:1]=[CX3:2]([$([NX3H1]C)])!@[NX3H1:3][!#1:4]	-0.00135524	41.1343	-	-	-	-	G
C49122646      none	B	[O:1]=[C:2]([NH1])!@[NX3H1:3](C=O)[H:4]	180	12.6316	-	-	-	-	G
C49122646      none	B	[O:1]=[C:2]!@[NX3H1:3](C=O)[H:4]	180	35.6725	-	-	-	-	G
C49122646      none	B	[O:1]=[CX3:2]([NH1])!@[CH2:3][C:4]	120.001	0.124533	-	-	-	-	O
C49122646      none	B	[!#1:1][CX4H2:2]!@[CX4H2:3][!#1:4]	59.9978	3.99483	-	-	-	-	G
C49122646      none	B	[C:1][CX4H2:2]!@[CX3:3]=[O:4]	-120.005	0.79457	-	-	-	-	O
C10824958      none	B	[!#1:1][CX4:2]!@[CX4:3][!#1:4]	179.998	22.1548	-	-	-	-	G
C10824958      none	B	[!#1:1][CX4:2]!@[CX4:3][!#1:4]	-60.0002	12.2558	-	-	-	-	G
C10824958      none	B	[!#1:1][CX4:2]!@[CX4:3][!#1:4]	-159.995	1.85018	-	-	-	-	G
C10824958      none	B	[C:1][CX4:2]!@[CX3:3]=[O:4]	0.000182169	5.61823	-	-	-	-	G
C10824958      none	B	[O:1]=[CX3:2]([NH1])!@[CH2:3][C:4]	-90.0018	1.868	-	-	-	-	O
C10824958      none	B	[O:1]=[CX3:2]!@[NX3H1:3][!#1:4]	-0.00589102	63.7893	-	-	-	-	G
C10824958      none	B	[$(C=O):1][NX3:2]!@[$([a]([cH1])):3][$([aH0](!@O)):4]	-150.001	2.68293	-	-	-	-	G
C10824958      none	B	[O-:1][N+:2](=O)!@[c:3]([cH,nX2H0])[cH,nX2H0:4]	179.985	23.2156	-	-	-	-	G
C49063125      none	B	[O:1]=[C:2]!@[O:3]~[C:4]	0.0125516	74.4927	-	-	-	-	G
C49063125      none	B	[C:1][CX4H2:2]!@[CX3:3]=[O:4]	-119.999	0.79457	-	-	-	-	O
C49063125      none	B	[!#1:1][CX4H2:2]!@[CX4H2:3][!#1:4]	60.0019	3.99483	-	-	-	-	G
C49063125      none	B	[!#1:1][CX4:2]!@[SX4:3][!#1:4]	67.7407	8.06316	-	-	-	-	G
C49063125      none	B	[*:1]~[N,n:2]!@[S:3]~[*:4]	59.9992	4.33354	-	-	-	-	G
C49063125      none	B	[$(S(=O)(=O)):1][NH0:2]!@[c:3]([cH1])[cH0:4]	-120.278	0	-	-	-	-	R
C40560070      none	B	[C:1][CH2:2]!@[O:3][CX4:4]	-160	4.55295	-	-	-	-	G
C40560070      none	B	[!#1:1][CX4H2:2]!@[CX4H2:3][!#1:4]	180	58.554	-	-	-	-	G
C40560070      none	B	[!#1:1][CX4H2:2]!@[CX4H2:3][!#1:4]	59.9993	3.99483	-	-	-	-	G
C40560070      none	B	[$([CX3]=O):1][NX3H1:2]!@[CX4H2:3][C:4] 	60	1.1846	-	-	-	-	G
C40560070      none	B	[O:1]=[CX3:2]!@[NX3H1:3][!#1:4]	0.00216803	63.7893	-	-	-	-	G
C40560070      none	B	[O:1]=[CX3:2]!@[NX3H0:3][!#1:4]	0.316976	25.0866	-	-	-	-	G
C40560070      none	B	[O:1]=[C:2]([O-])!@[CX4H1:3][H:4]	90.0004	0.86741	-	-	-	-	O
C52296742      none	B	[$(C=O):1][NX3H1:2]!@[CX4H1:3][H:4]	29.9906	9.46757	-	-	-	-	G
C52296742      none	B	[O:1]=[CX3:2]!@[NX3H1:3][!#1:4]	0.0136046	63.7893	-	-	-	-	G
C52296742      none	B	[O:1]=[CX3:2]!@[NX3H0:3][!#1:4]	30.3053	0.680979	-	-	-	-	O
C52296742      none	B	[O:1]=[C:2]([O-])!@[CX4H1:3][H:4]	-0.00490066	0.495663	-	-	-	-	O
C52011504      none	B	[OX2:1][CX4:2]!@[CX4:3][N:4]	59.9961	15.2809	-	-	-	-	G
C52011504      none	B	[O:1]=[C:2]([O-])!@[CX4H1:3][H:4]	89.9999	0.86741	-	-	-	-	O
C52011504      none	B	[$(C=O):1][NX3H1:2]!@[CX4H1:3][H:4]	-0.00231518	8.26772	-	-	-	-	G
C52011504      none	B	[O:1]=[CX3:2]([$([NX3H1]C)])!@[NX3H1:3][!#1:4]	-0.00160602	41.1343	-	-	-	-	G
C52011504      none	B	[O:1]=[CX3:2]([$([NX3H1]C)])!@[NX3H1:3][!#1:4]	0.00179957	41.1343	-	-	-	-	G
C52011504      none	B	[$(C=O):1][NX3H1:2]!@[CX4H1:3][H:4]	0.00259825	8.26772	-	-	-	-	G
C16975061      none	B	[*:1]~[N,n:2]!@[S:3]~[*:4]	59.9996	4.33354	-	-	-	-	G
C16975061      none	B	[$(S(=O)(=O)):1][NH0:2]!@[c:3]([cH1])[cH1:4]	59.7213	1.23967	-	-	-	-	G
C16975061      none	B	[cH1:1][c:2]([cH1])!@[CX3:3]=[NX2:4]	-59.6996	0.787951	-	-	-	-	O
C16975061      none	B	[O:1]=[CX3:2]!@[NX3H0:3][!#1:4]	179.972	18.2537	-	-	-	-	G
C16975061      none	B	[a:1][c:2]!@[CX4H1:3][N,O:4]	119.998	3.12238	-	-	-	-	G
C16975061      none	B	[O-:1][N+:2](=O)!@[c:3]([cH,nX2H0])[cH,nX2H0:4]	-179.848	23.2156	-	-	-	-	G
C16975061      none	B	[N:1][C:2](=O)!@[CX4H2:3][CX4H2:4]	89.9966	1.77112	-	-	-	-	O
C16975061      none	B	[!#1:1][CX4H2:2]!@[CX4H2:3][!#1:4]	180	58.554	-	-	-	-	G
C16975061      none	B	[!#1:1][CX4H2:2]!@[CX4H2:3][!#1:4]	180	58.554	-	-	-	-	G
C16975061      none	B	[C:1][CX4H2:2]!@[CX3:3]=[O:4]	-119.997	0.79457	-	-	-	-	O
C54768487      none	B	[!#1:1][CX4H2:2]!@[CX4H2:3][!#1:4]	179.999	58.554	-	-	-	-	G
C54768487      none	B	[!#1:1][CX4:2]!@[CX4:3][!#1:4]	180	22.1548	-	-	-	-	G
C54768487      none	B	[NH1:1][CX4:2]!@[CX3:3]=[O:4]	-29.9966	4.44172	-	-	-	-	G
C54768487      none	B	[$(C=O):1][NX3H1:2]!@[CX4H0:3][C:4]	59.9984	13.3187	-	-	-	-	G
C54768487      none	B	[O:1]=[CX3:2]!@[NX3H1:3][!#1:4]	0.00245942	63.7893	-	-	-	-	G
C54768487      none	B	[C:1][CX4:2]!@[CX3:3]=[O:4]	-0.23733	5.61823	-	-	-	-	G
C06681473      none	B	[!#1:1][CX4:2]!@[CX4:3][!#1:4]	179.99	22.1548	-	-	-	-	G
C06681473      none	B	[O:1]=[C:2]([O-])!@[CX4H1:3][H:4]	-0.00205899	0.495663	-	-	-	-	O
C06681473      none	B	[$(S(=O)(=O)):1][NX3H1:2]!@[CX4H1:3][H:4]	0.00213737	7.36648	-	-	-	-	G
C06681473      none	B	[c:1][$(S(=O)=O):2]!@[NX3H1:3][C:4]	-89.9986	3.19032	-	-	-	-	G
C06681473      none	B	[aH1:1][c:2]([aH1])!@[SX4:3][!#1:4]	-89.7309	12.5987	-	-	-	-	G
C06681473      none	B	[a:1][c:2]!@[C:3]([NH1,NH2])=[O:4]	-0.00706487	9.67683	-	-	-	-	G
C39098698      none	B	[!#1:1][CX4:2]!@[CX4:3][!#1:4]	-59.9981	12.2558	-	-	-	-	G
C39098698      none	B	[!#1:1][CX4H2:2]!@[CX4H2:3][!#1:4]	-60.0041	3.77933	-	-	-	-	G
C39098698      none	B	[!#1:1][CX4:2]!@[SX4:3][!#1:4]	-160.004	2.90526	-	-	-	-	G
C40576627      none	B	[a:1][c:2]!@[CX4H1:3][N,O:4]	-59.9935	3.48172	-	-	-	-	G
C40576627      none	B	[$(C=O):1][NX3H1:2]!@[CX4H1:3][H:4]	-29.9846	6.97413	-	-	-	-	G
C40576627      none	B	[O:1]=[CX3:2]([$([NX3H1]C)])!@[NX3H1:3][!#1:4]	-0.0206445	41.1343	-	-	-	-	G
C40576627      none	B	[O:1]=[CX3:2]([$([NX3H1]C)])!@[NX3H1:3][!#1:4]	0.0220622	41.1343	-	-	-	-	G
C40576627      none	B	[$(C=O):1][NX3H1:2]!@[CX4H1:3][H:4]	179.997	0.712411	-	-	-	-	R
C40576627      none	B	[OX2:1][CX4:2]!@[CX4:3][N:4]	160.002	1.1236	-	-	-	-	O
C40576627      none	B	[O:1]=[C:2]([O-])!@[CX4H1:3][H:4]	90.0042	0.86741	-	-	-	-	O
C51840809      none	B	[!#1:1][CX4:2]!@[CX4:3][!#1:4]	-60.0021	12.2558	-	-	-	-	G
C51840809      none	B	[$(C=O):1][NX3H1:2]!@[CX4H1:3][H:4]	29.9976	9.46757	-	-	-	-	G
C51840809      none	B	[C:1][CX4H2:2]!@[CX3:3]=[O:4]	120.007	0.695249	-	-	-	-	O
C51840809      none	B	[O:1]=[CX3:2]!@[NX3H1:3][!#1:4]	0.00363542	63.7893	-	-	-	-	G
C51840809      none	B	[O:1]=[CX3:2]!@[NX3H0:3][!#1:4]	179.995	18.2537	-	-	-	-	G
C51840809      none	B	[$([CX3]=O):1][NX3H0:2](C)!@[CX4H2:3][C:4]	-119.997	2.31561	-	-	-	-	O
C51840809      none	B	[OX2:1][CX4:2]!@[CX4:3][N:4]	59.9936	15.2809	-	-	-	-	G
C21992735      none	B	[O:1]=[C:2]!@[O:3]~[C:4]	-0.0118307	74.4927	-	-	-	-	G
C21992735      none	B	[N:1][CX4:2]!@[CX3:3]=[O:4]	-119.995	0.897291	-	-	-	-	G
C21992735      none	B	[a:1][c:2]!@[CX4H1:3][N,O:4]	-29.9907	3.61778	-	-	-	-	G
CHEMBL500042      none	B	[O:1]=[CX3:2]!@[NX3H1:3][!#1:4]	-0.00210599	63.7893	-	-	-	-	G
CHEMBL500042      none	B	[O:1]=[CX3:2]([NH1])!@[CH2:3][C:4]	89.9911	2.11706	-	-	-	-	O
CHEMBL500042      none	B	[!#1:1][CX4H2:2]!@[CX4H2:3][!#1:4]	60.0022	3.99483	-	-	-	-	G
CHEMBL500042      none	B	[!#1:1][CX4:2]!@[CX4:3][!#1:4]	180	22.1548	-	-	-	-	G
CHEMBL500042      none	B	[!#1:1][CX4:2]!@[CX4:3][!#1:4]	-160	1.85018	-	-	-	-	G
CHEMBL500042      none	B	[O:1]=[C:2]([O-])!@[CX4H1:3][H:4]	-0.00436658	0.495663	-	-	-	-	O
CHEMBL500042      none	B	[!#1:1][CX4:2]!@[CX4:3][!#1:4]	-160.006	1.85018	-	-	-	-	G
CHEMBL500042      none	B	[O:1]=[C:2]([O-])!@[CX4H1:3][H:4]	0.00157035	0.495663	-	-	-	-	O
C20561166      none	B	[$(S(=O)(=O)):1][NH0:2]!@[c:3]([cH1])[cH1:4]	59.9844	1.23967	-	-	-	-	G
C20561166      none	B	[c:1][S:2](=O)(=O)!@[NX2H0-:3]-[*:4]	89.9988	2.77778	-	-	-	-	G
C20561166      none	B	[aH1:1][c:2]([aH1])!@[SX4:3][!#1:4]	-89.7342	12.5987	-	-	-	-	G
C66585054      none	B	[O:1]=[CX3:2]!@[NX3H0:3][!#1:4]	29.9954	0.680979	-	-	-	-	O
C66585054      none	B	[!#1:1][CX4H2:2]!@[CX3:3]=[O:4]	-120.002	0.59462	-	-	-	-	G
C66585054      none	B	[!#1:1][CH2:2]!@[n:3][a:4]	45.3141	0.859064	-	-	-	-	O
C66585054      none	B	[$(S(=O)(=O)):1][NH1:2]!@[c:3]([cH1])[cH1:4]	30.002	1.90678	-	-	-	-	O
C66585054      none	B	[c:1][$(S(=O)=O):2]!@[NX3H1:3][c:4]	59.996	16.9521	-	-	-	-	G
C66585054      none	B	[aH0:1][c:2]([aH1])!@[SX4:3][!#1:4]	65.0005	11.3606	-	-	-	-	G
C66585054      none	B	[O:1]=[C:2]([O-])!@[c:3]([cH1])[cH1:4]	179.981	7.35294	-	-	-	-	G
C19232366      none	B	[OX2:1][CX4:2]!@[CX4:3][N:4]	40.0031	1.66292	-	-	-	-	G
C19232366      none	B	[O:1]=[C:2]([O-])!@[CX4H1:3][H:4]	0.0112581	0.495663	-	-	-	-	O
C19232366      none	B	[$(S(=O)(=O)):1][NX3H1:2]!@[CX4H1:3][H:4]	29.9945	11.9705	-	-	-	-	G
C19232366      none	B	[c:1][$(S(=O)=O):2]!@[NX3H1:3][C:4]	90.0021	2.64026	-	-	-	-	G
C19232366      none	B	[aH1:1][c:2]([aH1])!@[SX4:3][!#1:4]	90.2777	12.916	-	-	-	-	G
C19232366      none	B	[O-:1][N+:2](=O)!@[c:3]([cH0])[cH,nX2H0:4]	90.2028	0.274725	-	-	-	-	O
C36980849      none	B	[!#1:1][CX4:2]!@[CX4:3][!#1:4]	8.62051	0.0551082	-	-	-	-	R
C36980849      none	B	[NH1:1][CX4:2]!@[CX3:3]=[O:4]	-29.9921	4.44172	-	-	-	-	G
C36980849      none	B	[$(C=O):1][NX3H1:2]!@[CX4H0:3][C:4]	179.996	11.3993	-	-	-	-	G
C36980849      none	B	[O:1]=[CX3:2]!@[NX3H1:3][!#1:4]	0.00206082	63.7893	-	-	-	-	G
C36980849      none	B	[a:1][c:2]!@[C:3]([NH1,NH2])=[O:4]	-119.681	0.626362	-	-	-	-	G
C19395003      none	B	[O-:1][N+:2](=O)!@[c:3][a:4]	-0.0108025	18.5814	-	-	-	-	G
C19395003      none	B	[a:1][c:2]!@[C:3]([NH1,NH2])=[O:4]	0.00774788	9.67683	-	-	-	-	G
C19395003      none	B	[O:1]=[CX3:2]!@[NX3H1:3][!#1:4]	0.00052332	63.7893	-	-	-	-	G
C19395003      none	B	[$(C=O):1][NX3H1:2]!@[CX4H1:3][H:4]	-30.0007	6.97413	-	-	-	-	G
C19395003      none	B	[!#1:1][CX4:2]!@[CX4:3][!#1:4]	-159.997	1.85018	-	-	-	-	G
C19395003      none	B	[O:1]=[C:2]([O-])!@[CX4H1:3][H:4]	90.0029	0.86741	-	-	-	-	O
C19395003      none	B	[C:1][CX4H2:2]!@[CX3:3]=[O:4]	120.002	0.695249	-	-	-	-	O
C12651080      none	B	[H:1][CX4H1:2]!@[O:3][CX4:4]	-40.0044	11.8876	-	-	-	-	G
C12651080      none	B	[*:1][CX4:2]!@[O:3][CX4:4]	180	12.0478	-	-	-	-	G
C12651080      none	B	[cH0:1][c:2]!@[CX4H2:3][N,O,S:4]	180	6.20075	-	-	-	-	G
C12651080      none	B	[cH1:1][c:2]([cH1])!@[CX3:3]=[O:4]	-150	3.39656	-	-	-	-	G
C12651080      none	B	[cH0:1][c:2]!@[CX4H2:3][a:4]	-150.265	1.50555	-	-	-	-	O
C12651080      none	B	[cH0:1][c:2]!@[CX4H2:3][a:4]	75.0036	7.29002	-	-	-	-	G
C40578843      none	B	[$(C=O):1][NX3:2]!@[a:3][aH0:4]	60.0047	2.5788	-	-	-	-	G
C40578843      none	B	[O:1]=[CX3:2]!@[NX3H1:3][!#1:4]	29.9983	0.0707142	-	-	-	-	O
C40578843      none	B	[O:1]=[CX3:2]!@[NX3H0:3][!#1:4]	0.320321	25.0866	-	-	-	-	G
C40578843      none	B	[H:1][CX4H1:2]!@[O:3][CX4:4]	-55.4551	5.14933	-	-	-	-	G
C40578843      none	B	[O:1]=[C:2]([O-])!@[CX4H1:3][H:4]	-0.00228899	0.495663	-	-	-	-	O
C36983865      none	B	[O-:1][N+:2](=O)!@[c:3]([cH,nX2H0])[cH,nX2H0:4]	179.981	23.2156	-	-	-	-	G
C36983865      none	B	[aH0:1][c:2]([aH1])!@[SX4:3][!#1:4]	64.9973	13.4742	-	-	-	-	G
C36983865      none	B	[c:1][$(S(=O)=O):2]!@[NX3H1:3][C:4]	59.9999	14.5215	-	-	-	-	G
C36983865      none	B	[$(S(=O)(=O)):1][NX3H1:2]!@[CX4H1:3][H:4]	29.9969	11.9705	-	-	-	-	G
C36983865      none	B	[OX2:1][CX4:2]!@[CX4:3][N:4]	-59.9983	14.8764	-	-	-	-	G
C36983865      none	B	[O:1]=[C:2]([O-])!@[CX4H1:3][H:4]	90.0056	0.86741	-	-	-	-	O
C50397003      none	B	[*:1]~[CX4:2]!@[n:3]~[*:4]	-59.9946	3.65221	-	-	-	-	G
C50397003      none	B	[O:1]=[C:2]([O-])!@[c:3]([cH1])[cH1:4]	179.951	7.35294	-	-	-	-	G
C22217498      none	B	[$(C=O):1][NX3H1:2]!@[CX4H1:3][H:4]	-30.0126	6.97413	-	-	-	-	G
C22217498      none	B	[O:1]=[CX3:2]!@[NX3H1:3][!#1:4]	0.0139256	63.7893	-	-	-	-	G
C22217498      none	B	N[C:2](=[O:1])!@[CH2:3][N:4]	-120.001	0.892857	-	-	-	-	G
C22217498      none	B	[$([CX3]=O):1][NX3H1:2]!@[CX4H2:3][C:4] 	-90.0011	7.35439	-	-	-	-	G
C22217498      none	B	[O:1]=[CX3:2]([$([NX3H1]C)])!@[NX3H1:3][!#1:4]	-0.00950451	41.1343	-	-	-	-	G
C22217498      none	B	[O:1]=[CX3:2]([$([NX3H1]C)])!@[NX3H1:3][!#1:4]	0.00569717	41.1343	-	-	-	-	G
C22217498      none	B	[$(C=O):1][NX3H1:2]!@[CX4H0:3][C:4]	179.995	11.3993	-	-	-	-	G
C22217498      none	B	[!#1:1][CX4:2]!@[CX4:3][!#1:4]	128.625	0.0995365	-	-	-	-	R
C22217498      none	B	[NH1:1][CX4:2]!@[CX3:3]=[O:4]	89.998	0.183795	-	-	-	-	R
CHEMBL27130      none	B	[cH0:1][c:2]!@[CX4H0:3][CX4:4]	60	14.4549	-	-	-	-	G
CHEMBL27130      none	B	[cH0:1][c:2]!@[CX4H2:3][CX4:4]	-119.997	0.962025	-	-	-	-	G
CHEMBL27130      none	B	[!#1:1][CX4:2]!@[CX4:3][!#1:4]	159.986	1.81259	-	-	-	-	G
CHEMBL27130      none	B	[O:1]=[C:2]([O-])!@[CX4H1:3][H:4]	0.00839458	0.495663	-	-	-	-	O
C40751040      none	B	[!#1:1][CX4H2:2]!@[CX4H2:3][!#1:4]	180	58.554	-	-	-	-	G
C40751040      none	B	[!#1:1][CX4:2]!@[CX4:3][!#1:4]	180	22.1548	-	-	-	-	G
C40751040      none	B	[NH1:1][CX4:2]!@[CX3:3]=[O:4]	-29.9933	4.44172	-	-	-	-	G
C40751040      none	B	[$(C=O):1][NX3H1:2]!@[CX4H0:3][C:4]	59.9937	13.3187	-	-	-	-	G
C40751040      none	B	[O:1]=[CX3:2]!@[NX3H1:3][!#1:4]	0.00772385	63.7893	-	-	-	-	G
C40751040      none	B	[O:1]=[CX3:2]!@[NX3H0:3][!#1:4]	-29.9994	0.692521	-	-	-	-	O
C40751040      none	B	[$([CX3]=O):1][NX3H0:2](C)!@[CX4H2:3][C:4]	90.0053	14.7513	-	-	-	-	G
C40751040      none	B	[$([CX3]=O):1][NX3H0:2](C)!@[CX4H2:3][C:4]	89.9998	14.7513	-	-	-	-	G
C40751040      none	B	[OX2:1][CX4H2:2]!@[CX4H2:3][N:4]	179.999	8.36763	-	-	-	-	G
C40751040      none	B	[OX2:1][CX4H2:2]!@[CX4H2:3][N:4]	179.997	8.36763	-	-	-	-	G
C58331410      none	B	[aH0:1][c:2]([aH0])!@[SX4:3][!#1:4]	96.1468	5.58659	-	-	-	-	G
C58331410      none	B	[c:1][S:2](=O)(=O)!@[NX2H0-:3]-[*:4]	-60.003	11.1111	-	-	-	-	G
C58331410      none	B	[$(S(=O)(=O)):1][NH0:2]!@[c:3]([cH1])[cH1:4]	89.7197	15.7025	-	-	-	-	G
C58331410      none	B	[a:1][c:2]!@[CX4H2:3][!#1:4]	89.9972	7.24386	-	-	-	-	G
C58331410      none	B	[!#1:1][CX4:2]!@[SX4:3][!#1:4]	67.7418	8.06316	-	-	-	-	G
C52786345      none	B	[C:1][CH2:2]!@[O:3][CX4:4]	160.001	5.67469	-	-	-	-	G
C52786345      none	B	[!#1:1][CX4H2:2]!@[CX4H2:3][!#1:4]	59.9999	3.99483	-	-	-	-	G
C52786345      none	B	[!#1:1][CX4:2]!@[CX4:3][!#1:4]	80.0036	1.75235	-	-	-	-	G
C52786345      none	B	[O:1]=[C:2]([O-])!@[CX4H1:3][H:4]	-0.00668775	0.495663	-	-	-	-	O
C52786345      none	B	[$(C=O):1][NX3H1:2]!@[CX4H1:3][H:4]	0.00162495	8.26772	-	-	-	-	G
C52786345      none	B	[O:1]=[CX3:2]!@[NX3H1:3][!#1:4]	-0.000309247	63.7893	-	-	-	-	G
C52786345      none	B	[NH1:1][CX4:2]!@[CX3:3]=[O:4]	147.666	9.89432	-	-	-	-	G
C16036560      none	B	[*:1]~[NX2:2]!@[OX2:3]~[*:4]	179.997	49.4817	-	-	-	-	G
C16036560      none	B	[*:1]~[CX3:2]!@[cX3:3]~[*:4]	-119.662	1.20163	-	-	-	-	O
C16036560      none	B	[*^2:1]~[C^2:2]([!H])!@[C^2:3]~[*^2:4]	-120.001	0.661024	-	-	-	-	G
C16036560      none	B	[O:1]=[CX3:2]!@[NX3H1:3][!#1:4]	-0.000447317	63.7893	-	-	-	-	G
C16036560      none	B	[$(C=O):1][NX3H1:2]!@[CX4H1:3][H:4]	0.0021066	8.26772	-	-	-	-	G
C16036560      none	B	[*^2:1]~[C^2:2]([!H])!@[C^2:3]~[*^2:4]	-120.03	0.661024	-	-	-	-	G
C40558913      none	B	[O:1]=[CX3:2]!@[NX3H0:3][!#1:4]	-30.0103	0.692521	-	-	-	-	O
C40558913      none	B	[O:1]=[CX3:2]!@[NX3H1:3][!#1:4]	0.00788037	63.7893	-	-	-	-	G
C40558913      none	B	[$([CX3]=O):1][NX3H1:2]!@[CX4H2:3][C:4] 	180	6.46594	-	-	-	-	G
C40558913      none	B	N[C:2](=[O:1])!@[CH2:3][N:4]	-119.997	0.892857	-	-	-	-	G
C40558913      none	B	[O:1]=[CX3:2]!@[NX3H1:3][!#1:4]	-0.00700928	63.7893	-	-	-	-	G
C40558913      none	B	[$([CX3]=O):1][NX3H1:2]!@[CX4H2:3][C:4] 	180	6.46594	-	-	-	-	G
C40558913      none	B	[NH1:1][CX4:2]!@[CX3:3]=[O:4]	120.003	0.41354	-	-	-	-	G
C48843255      none	B	[$(C=O):1][NX3H0:2]!@[CX4H1:3][H:4]	179.984	19.1176	-	-	-	-	G
C48843255      none	B	[$([CX3]=O):1][NX3H0:2](C)!@[CX4H2:3][C:4]	-59.9926	0.686106	-	-	-	-	O
C48843255      none	B	[O:1]=[CX3:2]!@[NX3H0:3][!#1:4]	0.00539574	25.0866	-	-	-	-	G
C48843255      none	B	[N:1][CX4:2]!@[CX3:3]=[O:4]	-90.0015	0.479136	-	-	-	-	O
C48843255      none	B	[O:1]=[CX3:2]!@[NX3H1:3][!#1:4]	-0.0122691	63.7893	-	-	-	-	G
C48843255      none	B	[$([CX3]=O):1][NX3H1:2]!@[CX4H2:3][C:4] 	-119.991	2.61599	-	-	-	-	O
C48843255      none	B	N[C:2](=[O:1])!@[CH2:3][N:4]	-119.994	0.892857	-	-	-	-	G
C48843255      none	B	[O:1]=[CX3:2]!@[NX3H0:3][!#1:4]	30.269	0.680979	-	-	-	-	O
C20110795      none	B	[cH1:1][a:2]([cH1])!@[a:3]([cH0])[cH0:4]	90.0029	5.441	-	-	-	-	G
C20110795      none	B	[O:1]=[C:2]([O-])!@[c:3]([cH1])[cH1:4]	179.995	7.35294	-	-	-	-	G
C20110795      none	B	[nX2H0:1][c:2]!@[c:3][nX3H1:4]	180	3.26087	-	-	-	-	G
C20110795      none	B	[a:1][c:2]!@[CX4H1:3][H:4]	85.6747	0.477016	-	-	-	-	O
C50778865      none	B	[a:1][c:2]!@[CX4H1:3][N,O:4]	-149.994	3.72593	-	-	-	-	G
C50778865      none	B	[$(C=O):1][NX3H1:2]!@[CX4H1:3][H:4]	-59.9907	1.23735	-	-	-	-	G
C50778865      none	B	[O:1]=[CX3:2]!@[NX3H1:3][!#1:4]	-0.00823636	63.7893	-	-	-	-	G
C50778865      none	B	[cH1:1][c:2]([cH1])!@[C:3]([NH1,NH2])=[O:4]	153.005	9.05971	-	-	-	-	G
C50778865      none	B	[cH0:1][c:2]([cH,nX2H0])!@[NX3H1:3][CX4:4]	180	49.7854	-	-	-	-	G
C02080897      none	B	[cH1:1][c:2]([cH0])!@[CX3x0:3]=[NX2:4]	-0.0231426	6.02623	-	-	-	-	G
C02080897      none	B	[O-:1][N+:2](=O)!@[c:3]([cH,nX2H0])[cH,nX2H0:4]	179.997	23.2156	-	-	-	-	G
C02080897      none	B	[*:1]~[NX3:2]!@[NX2:3]~[*:4]	-59.9909	0.223687	-	-	-	-	R
C02080897      none	B	[O:1]=[CX3:2]!@[NX3H1:3][!#1:4]	-0.00601997	63.7893	-	-	-	-	G
C02080897      none	B	[nH0r6:1][cr6:2]([cH1r6])!@[C:3]([NH1,NH2])=[O:4]	179.997	49.7238	-	-	-	-	G
C19507341      none	B	[H:1][CX4H1:2]!@[O:3][CX4:4]	-39.9954	11.8876	-	-	-	-	G
C19507341      none	B	[O:1]=[C:2]([O-])!@[CX4H1:3][H:4]	0.000417219	0.495663	-	-	-	-	O
C19507341      none	B	[O:1]=[CX3:2](a)!@[NX3H0:3][!#1:4]	29.9922	0.896722	-	-	-	-	O
C19507341      none	B	[$(a[OH1]):1][a:2]!@[CX3:3]([NX3H0,CX4H0,c])=[O:4]	-119.994	0	-	-	-	-	O
C39292152      none	B	[!#1:1][CX4H0:2]!@[OX2:3][!#1:4]	0.00642734	0.0510269	-	-	-	-	R
C39292152      none	B	[O:1]=[C:2]!@[O:3]~[CH0:4]	-60.0094	0	-	-	-	-	R
C39292152      none	B	[O:1]=[CX3:2]!@[NX3H0:3][!#1:4]	-179.671	18.2537	-	-	-	-	G
C39292152      none	B	[NH1:1][CX4:2]!@[CX3:3]=[O:4]	-119.52	0.275693	-	-	-	-	G
C39292152      none	B	[O:1]=[C:2]!@[O:3]~[C:4]	-0.000926329	74.4927	-	-	-	-	G
C16953253      none	B	[H:1][CX4H1:2]!@[O:3][CX4:4]	-160.001	0.0294247	-	-	-	-	R
C16953253      none	B	[!#1:1][CX4:2]!@[CX4:3][!#1:4]	80.0049	1.75235	-	-	-	-	G
C16953253      none	B	[!#1:1][CX4:2]!@[SX4:3][!#1:4]	-79.9947	3.11579	-	-	-	-	G
C44975544      none	B	[!#1:1][CX4:2]!@[SX4:3][!#1:4]	-160.004	2.90526	-	-	-	-	G
C44975544      none	B	[!#1:1][CX4H2:2]!@[CX4H2:3][!#1:4]	60.0029	3.99483	-	-	-	-	G
C44975544      none	B	[!#1:1][CX4:2]!@[CX4:3][!#1:4]	40.0022	0.998355	-	-	-	-	G
C44975544      none	B	[O:1]=[C:2]([O-])!@[CX4H1:3][H:4]	0.00265174	0.495663	-	-	-	-	O
C44975544      none	B	[$(C=O):1][NX3H1:2]!@[CX4H1:3][H:4]	-29.9974	6.97413	-	-	-	-	G
C44975544      none	B	[O:1]=[CX3:2]([$([NX3H1]C)])!@[NX3H1:3][!#1:4]	-0.006695	41.1343	-	-	-	-	G
C44975544      none	B	[O:1]=[CX3:2]([$([NX3H1]C)])!@[NX3H1:3][!#1:4]	-0.000376309	41.1343	-	-	-	-	G
C44975544      none	B	[$([CX3]=O):1][NX3H1:2]!@[CX4H2:3][C:4] 	179.999	6.46594	-	-	-	-	G
C44975544      none	B	[!#1:1][CX4:2]!@[CX4:3][!#1:4]	-160.127	1.85018	-	-	-	-	G
C35325912      none	B	[$(C=O):1][NX3H1:2]!@[c:3]([cH0]F)[cH:4]	-60.0266	0	-	-	-	-	R
C35325912      none	B	[O:1]=[CX3:2]([$([NX3H1]C)])!@[NX3H1:3][!#1:4]	0.0067752	41.1343	-	-	-	-	G
C35325912      none	B	[O:1]=[C:2]([NH1])!@[NX3H1:3](C=O)[H:4]	-0.00356134	58.9474	-	-	-	-	G
C35325912      none	B	[O:1]=[C:2]!@[NX3H1:3](C=O)[H:4]	180	35.6725	-	-	-	-	G
C35325912      none	B	[O:1]=[CX3:2]([NH1])!@[CH2:3][C:4]	-90.0061	1.868	-	-	-	-	O
C35325912      none	B	[!#1:1][CX4H2:2]!@[CX4H2:3][!#1:4]	-60.0086	3.77933	-	-	-	-	G
C35325912      none	B	[!#1:1][CX4H2:2]!@[CX4H2:3][!#1:4]	-59.9966	3.77933	-	-	-	-	G
C35325912      none	B	[!#1:1][CX4H2:2]!@[CX4H2:3][!#1:4]	179.998	58.554	-	-	-	-	G
C35325912      none	B	[C:1][CX4H2:2]!@[CX3:3]=[O:4]	-120.002	0.79457	-	-	-	-	O
C59135007      none	B	[$(C=O):1][NX3H0:2]!@[c:3]([cH1])[cH1:4]	-119.694	4.75698	-	-	-	-	G
C59135007      none	B	[a:1][c:2]!@[CX3:3]=[CX3H0:4]	90.2718	1.52036	-	-	-	-	G
C59135007      none	B	[O-:1][N+:2](=O)!@[c:3]([cH0])[cH,nX2H0:4]	89.6755	0.274725	-	-	-	-	O
C40471403      none	B	[!#1:1][CX4:2]!@[CX4:3][!#1:4]	159.997	1.81259	-	-	-	-	G
C40471403      none	B	[O:1]=[C:2]([O-])!@[CX4H1:3][H:4]	90.0071	0.86741	-	-	-	-	O
C40471403      none	B	[$(C=O):1][NX3H1:2]!@[CX4H1:3][H:4]	-30.0007	6.97413	-	-	-	-	G
C40471403      none	B	[O:1]=[CX3:2]!@[NX3H1:3][!#1:4]	0.000280143	63.7893	-	-	-	-	G
C40471403      none	B	[cH1:1][c:2]([cH1])!@[C:3]([NH1,NH2])=[O:4]	-27.0007	8.39053	-	-	-	-	G
C27829687      none	B	[*:1]~[CX4:2]!@[NX4:3]~[*:4]	160.002	1.9368	-	-	-	-	G
C27829687      none	B	[*:1]~[CX4:2]!@[NX4:3]~[*:4]	-60.0015	15.3415	-	-	-	-	G
C27829687      none	B	[NH1:1][CX4:2]!@[CX3:3]=[O:4]	-120.002	0.275693	-	-	-	-	G
C27829687      none	B	[*:1]~[CX4:2]!@[P:3]~[*:4]	79.9985	2.6613	-	-	-	-	G
C35321480      none	B	[$(C=O):1][NX3H1:2]!@[CX4H1:3][H:4]	-29.9981	6.97413	-	-	-	-	G
C35321480      none	B	[O:1]=[CX3:2]([$([NX3H1]C)])!@[NX3H1:3][!#1:4]	180	9.5176	-	-	-	-	R
C35321480      none	B	[O:1]=[CX3:2]([$([NX3H1]C)])!@[NX3H1:3][!#1:4]	-0.0123102	41.1343	-	-	-	-	G
C35321480      none	B	[$([CX3]=O):1][NX3H1:2]!@[CX4H2:3][C:4] 	180	6.46594	-	-	-	-	G
C35321480      none	B	[NH1:1][CX4:2]!@[CX3:3]=[O:4]	119.995	0.41354	-	-	-	-	G
C09464060      none	B	[aH1:1][c:2]([aH1])!@[SX4:3][!#1:4]	90.2716	12.916	-	-	-	-	G
C09464060      none	B	[$(C=O):1][NX3H1:2]!@[c:3](s)[n:4]	180	66.092	-	-	-	-	G
C09464060      none	B	[O:1]=[CX3:2]!@[NX3H1:3][!#1:4]	0.0021171	63.7893	-	-	-	-	G
C09464060      none	B	[!#1:1][CX4H2:2]!@[CX3:3]=[O:4]	-149.999	0.689004	-	-	-	-	O
C09464060      none	B	[!#1:1][CH2:2]!@[n:3][cH0:4]	-134.722	0.892478	-	-	-	-	R
C42375675      none	B	[$(S(=O)(=O)):1][NH0:2]!@[c:3]([cH1])[cH1:4]	-89.9965	17.7686	-	-	-	-	G
C42375675      none	B	[*:1]~[N,n:2]!@[S:3]~[*:4]	-153.971	1.449	-	-	-	-	G
C42375675      none	B	[!#1:1][CX4:2]!@[SX4:3][!#1:4]	-80.0006	3.11579	-	-	-	-	G
C42375675      none	B	[!#1:1][CX4H2:2]!@[CX3:3]=[O:4]	-90.0007	1.11373	-	-	-	-	G
C50279779      none	B	[!#1:1][CX4:2]!@[CX4:3][!#1:4]	180	22.1548	-	-	-	-	G
C50279779      none	B	[NH1:1][CX4:2]!@[CX3:3]=[O:4]	-29.9894	4.44172	-	-	-	-	G
C50279779      none	B	[$(C=O):1][NX3H1:2]!@[CX4H0:3][C:4]	59.9969	13.3187	-	-	-	-	G
C50279779      none	B	[O:1]=[CX3:2]([$([NX3H1]C)])!@[NX3H1:3][!#1:4]	0.00830614	41.1343	-	-	-	-	G
C50279779      none	B	[O:1]=[CX3:2]([$([NX3H1]C)])!@[NX3H1:3][!#1:4]	179.999	9.5176	-	-	-	-	R
C50279779      none	B	[$([CX3]=O):1][NX3H1:2]!@[CX4H2:3][C:4] 	89.9952	7.35439	-	-	-	-	G
C50279779      none	B	[OX2:1][CX4:2]!@[CX4:3][N:4]	83.7269	3.55056	-	-	-	-	O
C40723670      none	B	[cH0:1][c:2]([cH,nX2H0])!@[NX3H0:3][CX4:4]	60.0028	3.25838	-	-	-	-	G
C40723670      none	B	[cH0:1][c:2]([cH,nX2H0])!@[NX3H0:3][CX4:4]	60.286	3.25838	-	-	-	-	G
C40723670      none	B	[O:1]=[C:2]([O-])!@[CX4H1:3][H:4]	-0.010815	0.495663	-	-	-	-	O
C44511148      none	B	[!#1:1][CX4:2]!@[CX4:3][!#1:4]	179.999	22.1548	-	-	-	-	G
C44511148      none	B	[O:1]=[C:2]([O-])!@[CX4H1:3][H:4]	-0.00137726	0.495663	-	-	-	-	O
C44511148      none	B	[$(C=O):1][NX3H1:2]!@[CX4H1:3][H:4]	60.001	6.22422	-	-	-	-	G
C44511148      none	B	[O:1]=[CX3:2]([$([NX3H1]C)])!@[NX3H1:3][!#1:4]	180	9.5176	-	-	-	-	R
C44511148      none	B	[O:1]=[CX3:2]([$([NX3H1]C)])!@[NX3H1:3][!#1:4]	0.000982705	41.1343	-	-	-	-	G
C44511148      none	B	[$([CX3]=O):1][NX3H1:2]!@[CX4H2:3][C:4] 	120	2.76407	-	-	-	-	O
C44511148      none	B	[!#1:1][CX4H2:2]!@[CX4H2:3][!#1:4]	59.9975	3.99483	-	-	-	-	G
C44511148      none	B	[!#1:1][CX4:2]!@[CX4:3][!#1:4]	162.093	1.81259	-	-	-	-	G
C19323054      none	-	-	-	-	-	-	-	-	-
C59211957      none	B	[O:1]=[C:2]([O-])!@[CX4H1:3][H:4]	-0.00569384	0.495663	-	-	-	-	O
C59211957      none	B	[C:1][CX4:2]!@[NX3;"N_lp":3][C:4]	44.2963	0.870045	-	-	-	-	G
C59211957      none	B	[cH1,nX2H0:1][c:2]([cH1,nX2H0])!@[NX3r:3][*:4]	-60.0012	2.69113	-	-	-	-	O
C40698194      none	B	[C:1][CX4:2]!@[CX3:3]=[O:4]	-60.0659	2.40592	-	-	-	-	G
C40698194      none	B	[O:1]=[CX3:2]!@[NX3H0:3][!#1:4]	-29.9987	0.692521	-	-	-	-	O
C40698194      none	B	[O:1]=[CX3:2]!@[NX3H1:3][!#1:4]	0.00134526	63.7893	-	-	-	-	G
C40698194      none	B	[$(C=O):1][NX3H1:2]!@[CX4H1:3][H:4]	30.004	9.46757	-	-	-	-	G
C40698194      none	B	[!#1:1][CX4:2]!@[CX4:3][!#1:4]	160.002	1.81259	-	-	-	-	G
C40698194      none	B	[O:1]=[C:2]([O-])!@[CX4H1:3][H:4]	89.9968	0.86741	-	-	-	-	O
C40698194      none	B	[!#1:1][CX4H2:2]!@[CX4H2:3][!#1:4]	180	58.554	-	-	-	-	G
C42357554      none	B	[cH0:1][c:2]!@[CX4H2:3][N,O,S:4]	135.002	0.650908	-	-	-	-	G
C42357554      none	B	[$(C=O):1][NX3H1:2]!@[CX4H2:3][!#1:4]	89.9961	7.66811	-	-	-	-	G
C42357554      none	B	[O:1]=[CX3:2]([$([NX3H1]C)])!@[NX3H1:3][!#1:4]	180	9.5176	-	-	-	-	R
C42357554      none	B	[O:1]=[CX3:2]([$([NX3H1]C)])!@[NX3H1:3][!#1:4]	0.00226967	41.1343	-	-	-	-	G
C42357554      none	B	[$(C=O):1][NX3H1:2]!@[CX4H0:3][C:4]	59.9981	13.3187	-	-	-	-	G
C42357554      none	B	[!#1:1][CX4:2]!@[CX4:3][!#1:4]	38.6106	0.998355	-	-	-	-	G
C42357554      none	B	[NH1:1][CX4:2]!@[CX3:3]=[O:4]	89.9958	0.183795	-	-	-	-	R
C49548967      none	B	[C:1][CH2:2]!@[O:3][CX4:4]	-159.998	4.55295	-	-	-	-	G
C49548967      none	B	[!#1:1][CX4H2:2]!@[CX4H2:3][!#1:4]	60.0045	3.99483	-	-	-	-	G
C49548967      none	B	[!#1:1][CH2:2]!@[n:3][a:4]	-134.701	0.908865	-	-	-	-	O
C49548967      none	B	[$(C=O):1][NX3H1:2]!@[c:3]([cH1])[cH1:4]	29.9667	5.05437	-	-	-	-	G
C49548967      none	B	[O:1]=[CX3:2]([$([NX3H1]C)])!@[NX3H1:3][!#1:4]	-0.000128284	41.1343	-	-	-	-	G
C49548967      none	B	[O:1]=[CX3:2]([$([NX3H1]C)])!@[NX3H1:3][!#1:4]	-0.000481692	41.1343	-	-	-	-	G
C49548967      none	B	[$(C=O):1][NX3H1:2]!@[CX4H1:3][H:4]	180	0.712411	-	-	-	-	R
C49548967      none	B	[OX2:1][CX4:2]!@[CX4:3][N:4]	-40.0028	1.41573	-	-	-	-	G
C49548967      none	B	[O:1]=[C:2]([O-])!@[CX4H1:3][H:4]	89.9982	0.86741	-	-	-	-	O
C49148054      none	B	[!#1:1][CX4H2:2]!@[CX4H2:3][!#1:4]	179.997	58.554	-	-	-	-	G
C49148054      none	B	[!#1:1][CX4:2]!@[CX4:3][!#1:4]	-159.996	1.85018	-	-	-	-	G
C49148054      none	B	[NH1:1][CX4:2]!@[CX3:3]=[O:4]	120.002	0.41354	-	-	-	-	G
C49148054      none	B	[$(C=O):1][NX3H1:2]!@[CX4H0:3][C:4]	-60.0076	14.7253	-	-	-	-	G
C49148054      none	B	[O:1]=[CX3:2]([$([NX3H1]C)])!@[NX3H1:3][!#1:4]	-0.000881013	41.1343	-	-	-	-	G
C49148054      none	B	[O:1]=[CX3:2]([$([NX3H1]C)])!@[NX3H1:3][!#1:4]	0.00666608	41.1343	-	-	-	-	G
C49148054      none	B	[$([CX3]=O):1][NX3H1:2]!@[CX4H2:3][C:4] 	-90.0017	7.35439	-	-	-	-	G
C49148054      none	B	[!#1:1][CX4H2:2]!@[CX4H2:3][!#1:4]	180	58.554	-	-	-	-	G
C49148054      none	B	[n,o,s:1][c:2]!@[CX4H2:3][CX4:4]	0.000838538	6.43231	-	-	-	-	G
C65194224      none	B	[a:1][c:2]!@[CX3:3]=[CX3H0:4]	0.332634	4.55571	-	-	-	-	G
C65194224      none	B	[H:1][CX4H1:2]!@[SX4:3][!#1:4]	-35.5855	7.45501	-	-	-	-	O
C65194224      none	B	[*:1]~[N,n:2]!@[S:3]~[*:4]	59.9974	4.33354	-	-	-	-	G
C65194224      none	B	[$(S(=O)(=O)):1][NH0:2]!@[c:3]([cH1])[cH0:4]	-120.266	0	-	-	-	-	R
C65194224      none	B	[cH1:1][c:2]([cH1])!@[O:3][C:4]	180	26.896	-	-	-	-	G
C65194224      none	B	[cH0:1][c:2]([cH1])!@[O:3][C:4]	179.996	48.7454	-	-	-	-	G
C61411985      none	B	[cH1:1][c:2]([cH1])!@[C:3]([NH1,NH2])=[O:4]	-152.986	8.78518	-	-	-	-	G
C61411985      none	B	[O:1]=[CX3:2]!@[NX3H1:3][!#1:4]	-0.00659551	63.7893	-	-	-	-	G
C61411985      none	B	[$(C=O):1][NX3H1:2]!@[CX4H1:3][H:4]	0.00601661	8.26772	-	-	-	-	G
C61411985      none	B	[!#1:1][CX4:2]!@[CX4:3][!#1:4]	-59.9937	12.2558	-	-	-	-	G
C61411985      none	B	[O:1]=[C:2]([O-])!@[CX4H1:3][H:4]	0.00969082	0.495663	-	-	-	-	O
C61411985      none	B	[!#1:1][CX4H2:2]!@[CX4H2:3][!#1:4]	179.997	58.554	-	-	-	-	G
C15223819      none	B	[!#1:1][CX3:2]!@[SX2:3][!#1:4]	-179.694	28.238	-	-	-	-	G
C15223819      none	B	[!#1:1][CX4:2]!@[SX2:3][!#1:4]	79.997	6.41197	-	-	-	-	G
C15223819      none	B	[!#1:1][CX4H2:2]!@[CX3:3]=[O:4]	90.0081	1.06654	-	-	-	-	G
C15223819      none	B	[O:1]=[CX3:2]!@[NX3H1:3][!#1:4]	-0.0186983	63.7893	-	-	-	-	G
C15223819      none	B	[$(C=O):1][NX3H1:2]!@[CX4H1:3][H:4]	-59.9931	1.23735	-	-	-	-	G
C15223819      none	B	[*^2:1]~[C^2:2]([!H])!@[C^2:3]~[*^2:4]	119.977	0.806964	-	-	-	-	G
C15223819      none	B	[CX3:1]=[CX3:2]!@[CH2:3][OX2:4]	-150.004	1.83206	-	-	-	-	G
C63720305      none	B	[$(C=O):1][NX3H0:2]!@[c:3]([cH1])[cH1:4]	59.965	4.89486	-	-	-	-	G
C50398249      none	B	[!#1:1][CX4:2]!@[CX4:3][!#1:4]	98.6251	0.196083	-	-	-	-	O
C50398249      none	B	[NH1:1][CX4:2]!@[CX3:3]=[O:4]	-119.999	0.275693	-	-	-	-	G
C50398249      none	B	[$(C=O):1][NX3H1:2]!@[CX4H0:3][C:4]	59.9928	13.3187	-	-	-	-	G
C50398249      none	B	[O:1]=[CX3:2]([$([NX3H1]C)])!@[NX3H1:3][!#1:4]	0.0173555	41.1343	-	-	-	-	G
C50398249      none	B	[O:1]=[CX3:2]([$([NX3H1]C)])!@[NX3H1:3][!#1:4]	-0.018124	41.1343	-	-	-	-	G
C50398249      none	B	[$(C=O):1][NX3H1:2]!@[CX4H1:3][H:4]	0.00339155	8.26772	-	-	-	-	G
C40592655      none	B	[!#1:1][CX4:2]!@[CX4:3][!#1:4]	-60	12.2558	-	-	-	-	G
C40592655      none	B	[!#1:1][CX4:2]!@[CX4:3][!#1:4]	40.002	0.998355	-	-	-	-	G
C40592655      none	B	[O:1]=[C:2]([O-])!@[CX4H1:3][H:4]	0.000801697	0.495663	-	-	-	-	O
C40592655      none	B	[$(C=O):1][NX3H1:2]!@[CX4H1:3][H:4]	-60.0001	1.23735	-	-	-	-	G
C40592655      none	B	[O:1]=[CX3:2]([$([NX3H1]C)])!@[NX3H1:3][!#1:4]	-0.00753129	41.1343	-	-	-	-	G
C40592655      none	B	[O,S:1]=[C:2]([$([NX3H1]),$([NX3H2])])!@[$([NX3]c[nH0]):3][H:4]	-0.000625434	46.0938	-	-	-	-	G
C40592655      none	B	[$(C=O):1][NX3H1:2]!@[c:3](s)[n:4]	0.325211	0.574713	-	-	-	-	R
C05877167      none	B	[cH1:1][c:2]([cH1])!@[C:3]([NH1,NH2])=[O:4]	26.9975	8.08167	-	-	-	-	G
C05877167      none	B	[O:1]=[CX3:2]!@[NX3H1:3][!#1:4]	-0.00743041	63.7893	-	-	-	-	G
C05877167      none	B	[$(C=O):1][NX3H1:2]!@[CX4H1:3][H:4]	-29.9946	6.97413	-	-	-	-	G
C05877167      none	B	[*^2:1]~[C^2:2]([!H])!@[C^2:3]~[*^2:4]	149.984	1.21045	-	-	-	-	O
C05877167      none	B	[CX3:1]=[CX3:2]!@[CH2:3][OX2:4]	180	1.98473	-	-	-	-	R
C36970711      none	B	[!#1:1][CX4:2]!@[CX4:3][!#1:4]	160.003	1.81259	-	-	-	-	G
C36970711      none	B	[O:1]=[C:2]([O-])!@[CX4H1:3][H:4]	0.0017575	0.495663	-	-	-	-	O
C36970711      none	B	[$(C=O):1][NX3H1:2]!@[CX4H1:3][H:4]	0.00560983	8.26772	-	-	-	-	G
C36970711      none	B	[O:1]=[CX3:2]!@[NX3H1:3][!#1:4]	-0.00503741	63.7893	-	-	-	-	G
C36970711      none	B	[a:1][c:2]!@[C:3]([NH1,NH2])=[O:4]	150.313	5.34677	-	-	-	-	O
C36970711      none	B	[aH1:1][c:2]([aH1])!@[SX4:3][!#1:4]	-89.9974	12.5987	-	-	-	-	G
C48372287      none	B	[O:1]=[CX3:2]!@[NX3H0:3][!#1:4]	149.995	1.73707	-	-	-	-	O
C48372287      none	B	[N:1][CX4:2]!@[CX3:3]=[O:4]	119.441	0.766617	-	-	-	-	O
C48372287      none	B	[O:1][CX4:2]!@[CX3:3]=[O:4]	-0.00281039	13.789	-	-	-	-	G
C48372287      none	B	[C:1][CH2:2]!@[O:3][CX4:4]	-79.9945	1.18773	-	-	-	-	G
C48372287      none	B	[C:1][CH2:2]!@[O:3][CX4:4]	159.995	5.67469	-	-	-	-	G
C48372287      none	B	[O:1][CX4:2]!@[CX3:3]=[O:4]	-120.004	1.11962	-	-	-	-	O
C37430093      none	B	[NH1:1][CX4:2]!@[CX3:3]=[O:4]	-149.998	4.5183	-	-	-	-	G
C37430093      none	B	[$(C=O):1][NX3H1:2]!@[CX4H0:3][C:4]	179.999	11.3993	-	-	-	-	G
C37430093      none	B	[O:1]=[CX3:2]!@[NX3H1:3][!#1:4]	0.00052714	63.7893	-	-	-	-	G
C37430093      none	B	[a:1][c:2]!@[C:3]([NH1,NH2])=[O:4]	-29.6795	5.14706	-	-	-	-	O
C37430093      none	B	[cH1:1][c:2]([cH1])!@[CX3:3]=[O:4]	0.0068389	14.2319	-	-	-	-	G
C50650393      none	B	[$(S(=O)(=O)):1][NH0:2]!@[c:3]([cH0])[cH0:4]	-90.022	15.2174	-	-	-	-	G
C50650393      none	B	[c:1][S:2](=O)(=O)!@[NX2H0-:3]-[*:4]	59.9982	8.33333	-	-	-	-	G
C50650393      none	B	[aH1:1][c:2]([aH1])!@[SX4:3][!#1:4]	90.2856	12.916	-	-	-	-	G
C37516591      none	B	[C:1][CX4:2]!@[CX3:3]=[O:4]	0.117938	5.61823	-	-	-	-	G
C37516591      none	B	[O:1]=[CX3:2]!@[NX3H0:3][!#1:4]	149.989	1.73707	-	-	-	-	O
C37516591      none	B	[O:1]=[CX3:2]!@[CX4H1r3:3][H:4]	149.999	5.16667	-	-	-	-	G
C37516591      none	B	[O:1]=[C:2]([O-])!@[CX4H1:3][H:4]	90.0009	0.86741	-	-	-	-	O
C49561198      none	B	[!#1:1][CX4H2:2]!@[CX4H2:3][!#1:4]	180	58.554	-	-	-	-	G
C49561198      none	B	[cH0:1][c:2]!@[CX4H2:3][CX4:4]	-89.9985	18.481	-	-	-	-	G
C49561198      none	B	[$(C=O):1][NX3:2]!@[a:3][aH0:4]	-89.9974	3.39746	-	-	-	-	G
C49561198      none	B	[O:1]=[CX3:2]([$([NX3H1]C)])!@[NX3H1:3][!#1:4]	179.999	9.5176	-	-	-	-	R
C49561198      none	B	[O:1]=[CX3:2]([$([NX3H1]C)])!@[NX3H1:3][!#1:4]	-0.00194742	41.1343	-	-	-	-	G
C49561198      none	B	[$(C=O):1][NX3H1:2]!@[CX4H0:3][C:4]	-60.0005	14.7253	-	-	-	-	G
C49561198      none	B	[!#1:1][CX4:2]!@[CX4:3][!#1:4]	60.0047	12.3771	-	-	-	-	G
C49561198      none	B	[NH1:1][CX4:2]!@[CX3:3]=[O:4]	-0.00305416	6.89233	-	-	-	-	G
C49561198      none	B	[!#1:1][CX4H2:2]!@[CX4H2:3][!#1:4]	180	58.554	-	-	-	-	G
C00457798      none	B	[cH1:1][a:2]([cH1])!@[a:3]([cH0])[cH0:4]	-90.2745	5.43347	-	-	-	-	G
C40929606      none	B	[!#1:1][CX4H2:2]!@[CX4H2:3][!#1:4]	179.999	58.554	-	-	-	-	G
C40929606      none	B	[!#1:1][CX4:2]!@[CX4:3][!#1:4]	80.0027	1.75235	-	-	-	-	G
C40929606      none	B	[NH1:1][CX4:2]!@[CX3:3]=[O:4]	-149.988	4.5183	-	-	-	-	G
C40929606      none	B	[$(C=O):1][NX3H1:2]!@[CX4H0:3][C:4]	-59.9926	14.7253	-	-	-	-	G
C40929606      none	B	[O:1]=[CX3:2]!@[NX3H1:3][!#1:4]	-0.0115019	63.7893	-	-	-	-	G
C40929606      none	B	[C:1][CX4:2]!@[CX3:3]=[O:4]	-117.157	3.42432	-	-	-	-	G
C42440126      none	B	[!#1:1][CX4:2]!@[SX2:3][!#1:4]	-80.0002	6.01214	-	-	-	-	G
C42440126      none	B	[!#1:1][CX4H2:2]!@[CX4H2:3][!#1:4]	180	58.554	-	-	-	-	G
C42440126      none	B	[!#1:1][CX4:2]!@[CX4:3][!#1:4]	-79.9964	1.71775	-	-	-	-	G
C42440126      none	B	[O:1]=[C:2]([O-])!@[CX4H1:3][H:4]	90.0037	0.86741	-	-	-	-	O
C42440126      none	B	[$(C=O):1][NX3H1:2]!@[CX4H1:3][H:4]	29.994	9.46757	-	-	-	-	G
C42440126      none	B	[O:1]=[CX3:2]!@[NX3H1:3][!#1:4]	0.00412681	63.7893	-	-	-	-	G
C42440126      none	B	[O:1]=[CX3:2]!@[NX3H0:3][!#1:4]	-0.00211324	25.0866	-	-	-	-	G
C42440126      none	B	[$([CX3]=O):1][NX3H0:2](C)!@[CX4H2:3][C:4]	89.9996	14.7513	-	-	-	-	G
C42440126      none	B	[$(C=O):1][NX3H0:2]!@[CX4H1:3][H:4]	-33.988	2.81513	-	-	-	-	O
C42440126      none	B	N[C:2](=[O:1])!@[CH2:3][N:4]	0.00615493	9.82143	-	-	-	-	G
C25492928      none	B	[cH0:1][c:2]([cH,nX2H0])!@[NX3H0:3][CX4:4]	60.2697	3.25838	-	-	-	-	G
C25492928      none	B	[O-:1][N+:2](=O)!@[c:3]([cH0])[cH0:4]	89.9755	5.69106	-	-	-	-	G
C13061139      none	B	[!#1:1][CH2:2]!@[n:3][cH0:4]	90.0031	14.7896	-	-	-	-	G
C13061139      none	B	[!#1:1][CX4H2:2]!@[CX3:3]=[O:4]	-89.997	1.11373	-	-	-	-	G
C13061139      none	B	[O:1]=[CX3:2]!@[NX3H1:3][!#1:4]	-0.00502527	63.7893	-	-	-	-	G
C13061139      none	B	[*:1]~[NX3:2]!@[NX2:3]~[*:4]	-149.998	0.364964	-	-	-	-	O
C13061139      none	B	[cH1:1][c:2]([cH1])!@[CX3:3]=[NX2:4]	-119.724	0.897666	-	-	-	-	O
C13061139      none	B	[aH1:1][c:2]([aH1])!@[SX4:3][!#1:4]	110.006	4.92809	-	-	-	-	G
C13061139      none	B	[*:1][$(S(=O)=O):2]!@[NX3H0r:3][*:4]	-59.7272	8.17536	-	-	-	-	O
C13061139      none	B	[O:1]=[C:2]([O-])!@[CX4H1:3][H:4]	90.0012	0.86741	-	-	-	-	O
C54521954      none	B	[$(S(=O)(=O)):1][NX3H1:2]!@[CX4H1:3][H:4]	-0.0295147	7.36648	-	-	-	-	G
C54521954      none	B	[c:1][$(S(=O)=O):2]!@[NX3H1:3][C:4]	-59.9891	13.7514	-	-	-	-	O
C54521954      none	B	[aH1:1][c:2]([aH1])!@[SX4:3][!#1:4]	-89.7953	12.5987	-	-	-	-	G
C54521954      none	B	[cH1:1][c:2]([cH1])!@[NX3:3][CX4:4]	-5.3087e-05	14.0646	-	-	-	-	G
C54521954      none	B	[!#1:1][CX4H1:2]!@[NX3:3][!#1:4]	159.999	3.23353	-	-	-	-	G
C54521954      none	B	[!#1:1][CX4:2]!@[CX4:3][!#1:4]	-91.376	0.488284	-	-	-	-	O
C54521954      none	B	[O:1]=[C:2]([O-])!@[CX4H1:3][H:4]	89.9948	0.86741	-	-	-	-	O
C40484432      none	B	[a:1][c:2]!@[C:3]([NH0])=[O:4]	120.004	4.19444	-	-	-	-	G
C40484432      none	B	[O:1]=[CX3:2](a)!@[NX3H0:3][!#1:4]	150.001	2.50464	-	-	-	-	G
C40484432      none	B	[$([CX3]=O):1][NX3H0:2](C)!@[CX4H2:3][C:4]	-60.001	0.686106	-	-	-	-	O
C40484432      none	B	[$(C=O):1][NX3H0:2]!@[CX4H0:3][C:4]	0.000722994	1.08108	-	-	-	-	R
C40484432      none	B	[!#1:1][CX4H2:2]!@[CX4H2:3][!#1:4]	180	58.554	-	-	-	-	G
C40484432      none	B	[C:1][CX4H2:2]!@[CX3:3]=[O:4]	-119.987	0.79457	-	-	-	-	O
C58835480      none	B	[C:1][CH2:2]!@[O:3][CX4:4]	180	35.2689	-	-	-	-	G
C58835480      none	B	[!#1:1][CX4H2:2]!@[CX4H2:3][!#1:4]	-59.9965	3.77933	-	-	-	-	G
C58835480      none	B	[!#1:1][CX4H2:2]!@[CX4H2:3][!#1:4]	180	58.554	-	-	-	-	G
C58835480      none	B	[C:1][CX4H2:2]!@[NX3:3][C:4]	180	3.30615	-	-	-	-	G
C58835480      none	B	[!#1:1][CX3:2](=S)!@[NX3H1:3][!#1:4]	180	37.0618	-	-	-	-	G
C58835480      none	B	[!#1:1][CX3:2](=S)!@[NX3H1:3][!#1:4]	-0.00859405	27.5459	-	-	-	-	G
C58835480      none	B	[C:1][CX4H2:2]!@[NX3:3][C:4]	90.0088	10.0586	-	-	-	-	G
C58835480      none	B	[!#1:1][CX4H2:2]!@[CX4H2:3][!#1:4]	180	58.554	-	-	-	-	G
C58835480      none	B	[C:1][CX4H2:2]!@[CX3:3]=[O:4]	-119.992	0.79457	-	-	-	-	O
C40548657      none	B	[OX2:1][CX4:2]!@[CX4:3][N:4]	-40.0078	1.41573	-	-	-	-	G
C40548657      none	B	[O:1]=[C:2]([O-])!@[CX4H1:3][H:4]	89.9995	0.86741	-	-	-	-	O
C40548657      none	B	[$(C=O):1][NX3H1:2]!@[CX4H1:3][H:4]	-30.0103	6.97413	-	-	-	-	G
C40548657      none	B	[O:1]=[CX3:2]([$([NX3H1]C)])!@[NX3H1:3][!#1:4]	180	9.5176	-	-	-	-	R
C40548657      none	B	[O:1]=[CX3:2]([$([NX3H1]C)])!@[NX3H1:3][!#1:4]	-0.00513756	41.1343	-	-	-	-	G
C40548657      none	B	[$(C=O):1][NX3H1:2]!@[CX4H1:3][H:4]	30.0054	9.46757	-	-	-	-	G
C41072991      none	B	[$(C=O):1][NX3H1:2]!@[c:3]([cH0]F)[cH:4]	29.9708	10.5263	-	-	-	-	G
C41072991      none	B	[cH1:1][c:2]([cH1])!@[C:3]([NH1,NH2])=[O:4]	0.00128502	4.32395	-	-	-	-	G
C41072991      none	B	[O:1]=[CX3:2]!@[NX3H1:3][!#1:4]	-0.00870452	63.7893	-	-	-	-	G
C41072991      none	B	[OX2:1][CX4H2:2]!@[CX3:3]([$([NX3H1,NX3H2])])=[O:4]	120.01	0	-	-	-	-	R
C41072991      none	B	[C:1][CH2:2]!@[O:3][CX4:4]	-79.9995	1.18773	-	-	-	-	G
C41072991      none	B	[C:1][CH2:2]!@[O:3][CX4:4]	-60.0027	0.329924	-	-	-	-	O
C41072991      none	B	[O:1][CX4:2]!@[CX3:3]=[O:4]	120.002	0.923198	-	-	-	-	O
C41114678      none	B	[s:1][c:2]!@[C:3]([NH1])=[O:4]	-119.763	0	-	-	-	-	R
C41114678      none	B	[O:1]=[CX3:2]!@[NX3H1:3][!#1:4]	-0.00186009	63.7893	-	-	-	-	G
C41114678      none	B	[$([C](=O)):1][NX3H1:2]!@[$([a]([nH0,o])):3][cH1:4]	-29.7234	3.65591	-	-	-	-	O
C41114678      none	B	[O:1]=[C:2]([O-])!@[c:3]([cH1])[cH1:4]	179.989	7.35294	-	-	-	-	G
C37289513      none	B	[$(C=O):1][NX3H0:2]!@[CX4H1:3][H:4]	30.0007	2.94118	-	-	-	-	G
C37289513      none	B	[O:1]=[CX3:2]!@[NX3H0:3][!#1:4]	179.993	18.2537	-	-	-	-	G
C37289513      none	B	[O:1][CX4:2]!@[CX3:3]=[O:4]	90.0062	0.432135	-	-	-	-	O
C37289513      none	B	[C:1][CX4H2:2]!@[OX2:3][c:4]	120.002	0.336913	-	-	-	-	R
C37289513      none	B	[cH0:1][c:2]([cH1])!@[O:3][C:4]	59.7282	0.130919	-	-	-	-	R
C37289513      none	B	[O:1]=[C:2]([O-])!@[c:3]([cH1])[cH1:4]	179.982	7.35294	-	-	-	-	G
C54503816      none	B	[s:1][c:2]!@[C:3]([NH1])=[O:4]	0.288354	23.0769	-	-	-	-	G
C54503816      none	B	[O:1]=[CX3:2]!@[NX3H1:3][!#1:4]	0.00212978	63.7893	-	-	-	-	G
C54503816      none	B	[$([CX3]=O):1][NX3H1:2]!@[CX4H2:3][C:4] 	89.9976	7.35439	-	-	-	-	G
C54503816      none	B	N[C:2](=[O:1])!@[CH2:3][N:4]	120.008	0.595238	-	-	-	-	G
C54503816      none	B	[O:1]=[CX3:2]!@[NX3H1:3][!#1:4]	-0.00945981	63.7893	-	-	-	-	G
C54503816      none	B	[$(C=O):1][NX3H1:2]!@[CX4H1:3][H:4]	60.0009	6.22422	-	-	-	-	G
C54503816      none	B	[!#1:1][CX4:2]!@[CX4:3][!#1:4]	-91.3763	0.488284	-	-	-	-	O
C54503816      none	B	[O:1]=[C:2]([O-])!@[CX4H1:3][H:4]	0.0119154	0.495663	-	-	-	-	O
C05742970      none	B	[aH0:1][c:2]([aH0])!@[SX2:3][!#1:4]	60.0001	2.01135	-	-	-	-	G
C05742970      none	B	[*:1]~[CX4:2]!@[n:3]~[*:4]	120.002	3.12393	-	-	-	-	G
C05742970      none	B	[OX2:1][CX4:2]!@[CX4:3][OX2:4]	-63.3609	16.2177	-	-	-	-	G
C05742970      none	B	[C:1][CX4H2:2]!@[OX2:3][!#1:4]	-90.0039	2.78708	-	-	-	-	G
C05742970      none	B	[*:1]~[OX2:2]!@[P:3]~[*:4]	60.0098	4.54722	-	-	-	-	G
C35659091      none	B	[aH0:1][c:2]([aH0])!@[SX4:3][!#1:4]	-83.8579	8.10056	-	-	-	-	G
C35659091      none	B	[!#1:1][CH2:2]!@[n:3][cH0:4]	-89.9986	15.4696	-	-	-	-	G
C35659091      none	B	[!#1:1][CX4H2:2]!@[CX4H2:3][!#1:4]	180	58.554	-	-	-	-	G
C35659091      none	B	[C:1][CX4H2:2]!@[CX3:3]=[O:4]	120.005	0.695249	-	-	-	-	O
C35659091      none	B	[c:1][$(S(=O)=O):2]!@[NX3H1:3][C:4]	-60.0013	13.7514	-	-	-	-	G
C35659091      none	B	[$(S(=O)(=O)):1][NX3H1:2]!@[CX4H1:3][H:4]	0.000396443	7.36648	-	-	-	-	G
C35659091      none	B	[OX2:1][CX4:2]!@[CX4:3][N:4]	-59.9986	14.8764	-	-	-	-	G
C42426714      none	B	[!#1:1][CX4H2:2]!@[CX4H2:3][!#1:4]	59.9982	3.99483	-	-	-	-	G
C42426714      none	B	[CX4:1][CX4H2:2]!@[NX3:3][CX4:4]	-90.0057	8.29232	-	-	-	-	G
C42426714      none	B	[C:1][CX4H2:2]!@[NX3:3][C:4]	-119.989	1.34412	-	-	-	-	O
C42426714      none	B	[cH0:1][c:2]([cH,nX2H0])!@[NX3H0:3][CX4:4]	89.7257	2.06517	-	-	-	-	G
C42426714      none	B	N[C:2](=[O:1])!@[CH2:3][N:4]	59.9988	0.14881	-	-	-	-	O
C42426714      none	B	[O:1]=[CX3:2]!@[NX3H0:3][!#1:4]	-0.00442207	25.0866	-	-	-	-	G
C42426714      none	B	[O:1]=[C:2]([O-])!@[c:3]([cH1])[cH1:4]	179.977	7.35294	-	-	-	-	G
C52005340      none	B	[$(C=O):1][NX3H1:2]!@[CX4H1:3][H:4]	30.0022	9.46757	-	-	-	-	G
C52005340      none	B	[O:1]=[CX3:2]!@[NX3H1:3][!#1:4]	-0.00718531	63.7893	-	-	-	-	G
C52005340      none	B	[O:1]=[CX3:2]([NH1])!@[CH2:3][C:4]	60.0164	6.84932	-	-	-	-	G
C52005340      none	B	[!#1:1][CX4:2]!@[CX4:3][!#1:4]	-62.8347	12.2558	-	-	-	-	G
C52005340      none	B	[!#1:1][CX4:2]!@[CX4:3][!#1:4]	40.0049	0.998355	-	-	-	-	G
C52005340      none	B	[C:1][CX4H2:2]!@[CX3:3]=[O:4]	-120.002	0.79457	-	-	-	-	O
C00089763      none	B	[$(S(=O)(=O)):1][N:2]!@[c:3][a:4]	180	4.19922	-	-	-	-	G
C00089763      none	B	[c:1][S:2](=O)(=O)!@[NX2H0-:3]-[*:4]	89.9965	2.77778	-	-	-	-	G
C00089763      none	B	[aH1:1][c:2]([aH1])!@[SX4:3][!#1:4]	-89.7236	12.5987	-	-	-	-	G
C50420825      none	B	[a:1][c:2]!@[CX4H2:3][!#1:4]	-44.9974	1.62815	-	-	-	-	O
C50420825      none	B	[$(C=O):1][NX3H1:2]!@[CX4H2:3][!#1:4]	119.995	2.79198	-	-	-	-	O
C50420825      none	B	[O:1]=[CX3:2]([$([NX3H1]C)])!@[NX3H1:3][!#1:4]	-0.00378591	41.1343	-	-	-	-	G
C50420825      none	B	[O:1]=[C:2]([NH1])!@[NX3H1:3](C=O)[H:4]	0.00687783	58.9474	-	-	-	-	G
C50420825      none	B	[O:1]=[C:2]!@[NX3H1:3](C=O)[H:4]	179.993	35.6725	-	-	-	-	G
C50420825      none	B	[OX2:1][CX4H2:2]!@[CX3:3]([$([NX3H1,NX3H2])])=[O:4]	-150.011	0.714286	-	-	-	-	O
C50420825      none	B	[C:1][CH2:2]!@[O:3][CX4:4]	80.0017	1.71561	-	-	-	-	G
C50420825      none	B	[C:1][CH2:2]!@[O:3][CX4:4]	-79.9974	1.18773	-	-	-	-	G
C50420825      none	B	[O:1][CX4:2]!@[CX3:3]=[O:4]	119.997	0.923198	-	-	-	-	O
C62743810      none	B	[!#1:1][CX4:2]!@[CX4:3][!#1:4]	59.9944	12.3771	-	-	-	-	G
C62743810      none	B	[$([CX3]=O):1][NX3H0:2](C)!@[CX4H2:3][C:4]	-119.993	2.31561	-	-	-	-	O
C62743810      none	B	[$([CX3]=O):1][NX3H0:2](C)!@[CX4H2:3][C:4]	-90.0001	15.9949	-	-	-	-	G
C62743810      none	B	[O:1]=[CX3:2]!@[NX3H0:3][!#1:4]	179.999	18.2537	-	-	-	-	G
C62743810      none	B	[N:1][CX4:2]!@[CX3:3]=[O:4]	119.994	0.766617	-	-	-	-	G
C62743810      none	B	[O:1]=[CX3:2]!@[NX3H1:3][!#1:4]	-59.998	0	-	-	-	-	R
C62743810      none	B	[$(C=O):1][NX3H1:2]!@[c:3]([cH1])[cH1:4]	0.00265856	7.77286	-	-	-	-	G
C62743810      none	B	[cH1:1][c:2]([cH1])!@[C:3]([NH1,NH2])=[O:4]	180	3.89499	-	-	-	-	G
C19978619      none	B	[O:1]=[C:2]([O-])!@[CX4H1:3][H:4]	-0.0141271	0.495663	-	-	-	-	O
C19978619      none	B	[$(C=O):1][NX3H1:2]!@[CX4H1:3][H:4]	-59.9958	1.23735	-	-	-	-	G
C19978619      none	B	[O:1]=[CX3:2]([$([NX3H1]C)])!@[NX3H1:3][!#1:4]	0.000449866	41.1343	-	-	-	-	G
C19978619      none	B	[O:1]=[CX3:2]([$([NX3H1]C)])!@[NX3H1:3][!#1:4]	0.000498757	41.1343	-	-	-	-	G
C19978619      none	B	[$(C=O):1][NX3H1:2]!@[CX4H1:3][H:4]	-60.0005	1.23735	-	-	-	-	G
C22145232      none	B	[$(C=O):1][NX3H1:2]!@[CX4H1:3][H:4]	59.996	6.22422	-	-	-	-	G
C22145232      none	B	[O:1]=[CX3:2]!@[NX3H1:3][!#1:4]	0.00381967	63.7893	-	-	-	-	G
C22145232      none	B	[O:1]=[CX3:2]!@[NX3H0:3][!#1:4]	30.3109	0.680979	-	-	-	-	O
C22145232      none	B	[O:1]=[C:2]([O-])!@[CX4H1:3][H:4]	-0.00320362	0.495663	-	-	-	-	O
C52012057      none	B	[$(C=O):1][NX3H1:2]!@[CX4H1:3][H:4]	-30.0024	6.97413	-	-	-	-	G
C52012057      none	B	[O:1]=[CX3:2]!@[NX3H1:3][!#1:4]	-0.00037666	63.7893	-	-	-	-	G
C52012057      none	B	[O:1]=[CX3:2]!@[NX3H0:3][!#1:4]	180	18.2537	-	-	-	-	G
C52012057      none	B	[$([CX3]=O):1][NX3H0:2](C)!@[CX4H2:3][C:4]	59.9986	0.600343	-	-	-	-	O
C52012057      none	B	[$(C=O):1][NX3H0:2]!@[CX4H1:3][H:4]	-85.6681	0.12605	-	-	-	-	R
C52012057      none	B	[N:1][CX4:2]!@[CX3:3]=[O:4]	-120.001	0.897291	-	-	-	-	G
C39468583      none	B	[*:1]~[S:2]!@[P:3]~[*:4]	-63.9618	5.77181	-	-	-	-	G
C40698031      none	B	[!#1:1][CH2:2]!@[n:3][cH0:4]	89.974	14.7896	-	-	-	-	G
C40698031      none	B	[!#1:1][CX4H2:2]!@[CX3:3]=[O:4]	-150.002	0.689004	-	-	-	-	O
C40698031      none	B	[O:1]=[CX3:2]!@[NX3H1:3][!#1:4]	0.0155629	63.7893	-	-	-	-	G
C40698031      none	B	[$(C=O):1][NX3H1:2]!@[CX4H1:3][H:4]	29.9813	9.46757	-	-	-	-	G
C40698031      none	B	[!#1:1][CX4:2]!@[CX4:3][!#1:4]	179.994	22.1548	-	-	-	-	G
C40698031      none	B	[O:1]=[C:2]([O-])!@[CX4H1:3][H:4]	0.000567135	0.495663	-	-	-	-	O
C40698031      none	B	[!#1:1][CX4H2:2]!@[CX4H2:3][!#1:4]	179.996	58.554	-	-	-	-	G
C47826546      none	B	[O-:1][N+:2](=O)!@[c:3]([cH0])[cH,nX2H0:4]	89.9865	0.274725	-	-	-	-	O
C47826546      none	B	[aH1:1][c:2]([aH1])!@[SX4:3][!#1:4]	-89.9948	12.5987	-	-	-	-	G
C47826546      none	B	[c:1][$(S(=O)=O):2]!@[NX3H1:3][C:4]	59.9931	14.5215	-	-	-	-	G
C47826546      none	B	[$(S(=O)(=O)):1][NX3H1:2]!@[CX4H2:3][!#1:4]	-149.995	7.72532	-	-	-	-	G
C47826546      none	B	[!#1:1][CX4H2:2]!@[CX4H2:3][!#1:4]	60.0002	3.99483	-	-	-	-	G
C41036272      none	B	[NH1:1][CX4:2]!@[CX3:3]=[O:4]	-119.992	0.275693	-	-	-	-	G
C41036272      none	B	[$(C=O):1][NX3H1:2]!@[CX4H0:3][C:4]	-60.0034	14.7253	-	-	-	-	G
C41036272      none	B	[O:1]=[CX3:2]([$([NX3H1]C)])!@[NX3H1:3][!#1:4]	0.011599	41.1343	-	-	-	-	G
C41036272      none	B	[O:1]=[CX3:2]([$([NX3H1]C)])!@[NX3H1:3][!#1:4]	-0.0151231	41.1343	-	-	-	-	G
C41036272      none	B	[$([CX3]=O):1][NX3H1:2]!@[CX4H2:3][C:4] 	-89.9935	7.35439	-	-	-	-	G
C41036272      none	B	[!#1:1][CX4H2:2]!@[CX4H2:3][!#1:4]	180	58.554	-	-	-	-	G
C41036272      none	B	[!#1:1][CX4:2]!@[SX4:3][!#1:4]	167.736	7.85263	-	-	-	-	G
C22161136      none	B	[!#1:1][CX4:2]!@[CX4:3][!#1:4]	-60.005	12.2558	-	-	-	-	G
C22161136      none	B	[!#1:1][CX4H2:2]!@[CX4H2:3][!#1:4]	180	58.554	-	-	-	-	G
C22161136      none	B	[$(S(=O)(=O)):1][NX3H1:2]!@[CX4H2:3][!#1:4]	-119.999	2.14592	-	-	-	-	O
C22161136      none	B	[c:1][$(S(=O)=O):2]!@[NX3H1:3][C:4]	60.0024	14.5215	-	-	-	-	G
C22161136      none	B	[aH1:1][c:2]([aH1])!@[SX4:3][!#1:4]	90.3087	12.916	-	-	-	-	G
C22161136      none	B	[O:1]=[C:2]([O-])!@[c:3][nX3H1:4]	179.97	34.7826	-	-	-	-	G
C49548723      none	B	[!#1:1][CX4H2:2]!@[CX4H2:3][!#1:4]	179.995	58.554	-	-	-	-	G
C49548723      none	B	[!#1:1][CX4:2]!@[CX4:3][!#1:4]	179.993	22.1548	-	-	-	-	G
C49548723      none	B	[$(C=O):1][NX3H1:2]!@[CX4H1:3][H:4]	-59.9969	1.23735	-	-	-	-	G
C49548723      none	B	[O:1]=[CX3:2]([$([NX3H1]C)])!@[NX3H1:3][!#1:4]	-0.00149383	41.1343	-	-	-	-	G
C49548723      none	B	[O:1]=[CX3:2]([$([NX3H1]C)])!@[NX3H1:3][!#1:4]	0.0134816	41.1343	-	-	-	-	G
C49548723      none	B	[$(C=O):1][NX3H1:2]!@[CX4H1:3][H:4]	29.9911	9.46757	-	-	-	-	G
C49548723      none	B	[!#1:1][CX4:2]!@[CX4:3][!#1:4]	-59.9974	12.2558	-	-	-	-	G
C49548723      none	B	[O:1]=[C:2]([O-])!@[CX4H1:3][H:4]	90.0044	0.86741	-	-	-	-	O
C49548723      none	B	[!#1:1][CX4H2:2]!@[CX4H2:3][!#1:4]	179.998	58.554	-	-	-	-	G
C36333792      none	B	[aH1:1][c:2]([aH1])!@[SX4:3][!#1:4]	-89.997	12.5987	-	-	-	-	G
C36333792      none	B	[c:1][S:2](=O)(=O)!@[NX2H0-:3]-[*:4]	90.0018	2.77778	-	-	-	-	G
C36333792      none	B	[$(S(=O)(=O)):1][N:2]!@[c:3][a:4]	59.9978	1.70898	-	-	-	-	G
C44511137      none	B	[!#1:1][CX4:2]!@[CX4:3][!#1:4]	98.6269	0.196083	-	-	-	-	O
C44511137      none	B	[NH1:1][CX4:2]!@[CX3:3]=[O:4]	-150.004	4.5183	-	-	-	-	G
C44511137      none	B	[$(C=O):1][NX3H1:2]!@[CX4H0:3][C:4]	180	11.3993	-	-	-	-	G
C44511137      none	B	[O:1]=[CX3:2]([$([NX3H1]C)])!@[NX3H1:3][!#1:4]	179.999	9.5176	-	-	-	-	R
C44511137      none	B	[O:1]=[CX3:2]([$([NX3H1]C)])!@[NX3H1:3][!#1:4]	0.0056775	41.1343	-	-	-	-	G
C44511137      none	B	[$([CX3]=O):1][NX3H1:2]!@[CX4H2:3][C:4] 	179.993	6.46594	-	-	-	-	G
C44511137      none	B	[!#1:1][CX4H2:2]!@[CX4H2:3][!#1:4]	59.9991	3.99483	-	-	-	-	G
C44511137      none	B	[!#1:1][CX4:2]!@[CX4:3][!#1:4]	178.805	22.1548	-	-	-	-	G
C40578579      none	B	[NH1:1][CX4:2]!@[CX3:3]=[O:4]	149.997	9.89432	-	-	-	-	G
C40578579      none	B	[$(C=O):1][NX3H1:2]!@[CX4H1:3][H:4]	29.9974	9.46757	-	-	-	-	G
C40578579      none	B	[O:1]=[CX3:2]!@[NX3H1:3][!#1:4]	0.00734255	63.7893	-	-	-	-	G
C40578579      none	B	[O:1]=[CX3:2]!@[NX3H0:3][!#1:4]	149.997	1.73707	-	-	-	-	O
C40578579      none	B	[$([CX3]=O):1][NX3H0:2](C)!@[CX4H2:3][C:4]	-60.004	0.686106	-	-	-	-	O
C40578579      none	B	[$(C=O):1][NX3H0:2]!@[CX4H1:3][H:4]	0.000296145	15.8824	-	-	-	-	G
C40578579      none	B	[N:1][CX4:2]!@[CX3:3]=[O:4]	120.001	0.766617	-	-	-	-	G
C40558152      none	B	[O:1]=[CX3:2]!@[NX3H0:3][!#1:4]	30.0058	0.680979	-	-	-	-	O
C40558152      none	B	[O:1]=[CX3:2]!@[NX3H1:3][!#1:4]	-0.00560577	63.7893	-	-	-	-	G
C40558152      none	B	[$(C=O):1][NX3H1:2]!@[CX4H1:3][H:4]	-29.9987	6.97413	-	-	-	-	G
C40558152      none	B	[OX2:1][CX4:2]!@[CX4:3][N:4]	-39.999	1.41573	-	-	-	-	G
C40558152      none	B	[O:1]=[C:2]([O-])!@[CX4H1:3][H:4]	-0.0109593	0.495663	-	-	-	-	O
C40572118      none	B	[$(C=O):1][NX3H1:2]!@[CX4H1:3][H:4]	-30.0031	6.97413	-	-	-	-	G
C40572118      none	B	[O:1]=[CX3:2]([$([NX3H1]C)])!@[NX3H1:3][!#1:4]	179.998	9.5176	-	-	-	-	R
C40572118      none	B	[O:1]=[CX3:2]([$([NX3H1]C)])!@[NX3H1:3][!#1:4]	-0.00154332	41.1343	-	-	-	-	G
C40572118      none	B	[$(C=O):1][NX3H1:2]!@[CX4H0:3][C:4]	-59.9969	14.7253	-	-	-	-	G
C40572118      none	B	[!#1:1][CX4:2]!@[CX4:3][!#1:4]	98.6178	0.196083	-	-	-	-	O
C40572118      none	B	[NH1:1][CX4:2]!@[CX3:3]=[O:4]	-0.00465713	6.89233	-	-	-	-	G
C63153994      none	B	[C:1][CH2:2]!@[O:3][CX4:4]	180	35.2689	-	-	-	-	G
C63153994      none	B	[C:1][CH2:2]!@[O:3][CX4:4]	80.0061	1.71561	-	-	-	-	G
C63153994      none	B	[!#1:1][CX4H2:2]!@[CX4H2:3][!#1:4]	179.993	58.554	-	-	-	-	G
C63153994      none	B	[!#1:1][CX4:2]!@[SX4:3][!#1:4]	-172.258	7.34737	-	-	-	-	G
C63153994      none	B	[*:1]~[N,n:2]!@[S:3]~[*:4]	-59.9993	4.40087	-	-	-	-	G
C63153994      none	B	[$(S(=O)(=O)):1][NH0:2]!@[c:3]([cH1])[cH1:4]	89.7279	15.7025	-	-	-	-	G
C63153994      none	B	[cH1:1][c:2]([cH1])!@[O:3][C:4]	-150	0.243246	-	-	-	-	O
C63153994      none	B	[C:1][CX4H2:2]!@[OX2:3][c:4]	60.0017	0.147399	-	-	-	-	G
C63153994      none	B	[!#1:1][CX4:2]!@[CX3H0:3][!#1:4]	-119.997	1.6873	-	-	-	-	O
C40551756      none	B	[NH1:1][CX4:2]!@[CX3:3]=[O:4]	-29.9991	4.44172	-	-	-	-	G
C40551756      none	B	[$(C=O):1][NX3H1:2]!@[CX4H0:3][C:4]	180	11.3993	-	-	-	-	G
C40551756      none	B	[O:1]=[CX3:2]([$([NX3H1]C)])!@[NX3H1:3][!#1:4]	-0.0107645	41.1343	-	-	-	-	G
C40551756      none	B	[O:1]=[CX3:2]([$([NX3H1]C)])!@[NX3H1:3][!#1:4]	0.00188512	41.1343	-	-	-	-	G
C40551756      none	B	[$([CX3]=O):1][NX3H1:2]!@[CX4H2:3][C:4] 	-150	1.7769	-	-	-	-	O
C40551756      none	B	[!#1:1][CX4H2:2]!@[CX4H2:3][!#1:4]	-59.9966	3.77933	-	-	-	-	G
C40551756      none	B	[CX4:1][CX4H2:2]!@[NX3;"N_lp":3][CX4:4]	-76.3625	8.1206	-	-	-	-	G
C35057316      none	B	[O:1]=[C:2]([O-])!@[CX4H1:3][H:4]	89.997	0.86741	-	-	-	-	O
C35057316      none	B	[H:1][CX4H1:2]!@[O:3][CX4:4]	30.0073	7.15021	-	-	-	-	G
C35057316      none	B	[H:1][CX4H1:2]!@[O:3][CX4:4]	30.0017	7.15021	-	-	-	-	G
C35057316      none	B	[$(C=O):1][NX3H1:2]!@[CX4H1:3][H:4]	60.0005	6.22422	-	-	-	-	G
C35057316      none	B	[H:1][CX4H1:2]!@[OX2:3][!#1:4]	60.2239	2.10701	-	-	-	-	R
C35057316      none	B	[a:1][c:2]!@[CX4H1:3][N,O:4]	29.9998	3.56196	-	-	-	-	G
C35057316      none	B	[cH1,n:1][c:2]!@[O:3][CRH1:4]	-59.9978	0.609756	-	-	-	-	R
C35057316      none	B	[O:1]=[CX3:2]!@[NX3H1:3][!#1:4]	-0.00291142	63.7893	-	-	-	-	G
C40716325      none	B	[$(C=O):1][NX3H1:2]!@[CX4H1:3][H:4]	-30.0006	6.97413	-	-	-	-	G
C40716325      none	B	[O:1]=[CX3:2]!@[NX3H1:3][!#1:4]	0.00485746	63.7893	-	-	-	-	G
C40716325      none	B	[O:1]=[CX3:2]!@[NX3H0:3][!#1:4]	30.303	0.680979	-	-	-	-	O
C40716325      none	B	[O:1]=[C:2]([O-])!@[CX4H1:3][H:4]	0.0126421	0.495663	-	-	-	-	O
C55272797      none	B	[OX2:1][CX4:2]!@[CX4:3][N:4]	80.0019	3.55056	-	-	-	-	G
C55272797      none	B	[O:1]=[C:2]([O-])!@[CX4H1:3][H:4]	-0.000121563	0.495663	-	-	-	-	O
C55272797      none	B	[$(C=O):1][NX3H1:2]!@[CX4H1:3][H:4]	29.9943	9.46757	-	-	-	-	G
C55272797      none	B	[O:1]=[CX3:2]!@[NX3H1:3][!#1:4]	0.00116095	63.7893	-	-	-	-	G
C55272797      none	B	[c:1][CX4H2:2]!@[CX3:3]=[O:4]	90.0024	2.13675	-	-	-	-	G
C55272797      none	B	[a:1][c:2]!@[CX4H2:3][CX3:4]	30.2963	0.732127	-	-	-	-	R
C58420767      none	B	[O:1]=[CX3:2](a)!@[NX3H0:3][!#1:4]	-29.9995	1.17502	-	-	-	-	O
C58420767      none	B	[a:1][c:2]!@[C:3]([NH0])=[O:4]	-89.7249	2.91667	-	-	-	-	G
C67197007      none	B	[cH1:1][c:2]([cH1])!@[O:3][C:4]	29.9936	0.264964	-	-	-	-	O
C67197007      none	B	[C:1][CX4H2:2]!@[OX2:3][c:4]	-119.995	0.315856	-	-	-	-	R
C67197007      none	B	[OX2:1][CX4H2:2]!@[CX3:3]([$([NX3H1,NX3H2])])=[O:4]	-0.00129848	3.57143	-	-	-	-	G
C67197007      none	B	[O:1]=[CX3:2]!@[NX3H1:3][!#1:4]	0.00764083	63.7893	-	-	-	-	G
C67197007      none	B	[*:1]~[NX3:2]!@[NX2:3]~[*:4]	179.994	29.4914	-	-	-	-	G
C67197007      none	B	[cH1:1][c:2]([cH0])!@[CX3x0:3]=[NX2:4]	0.27827	6.02623	-	-	-	-	G
C67197007      none	B	[O-:1][N+:2](=O)!@[c:3]([cH,nX2H0])[cH,nX2H0:4]	179.979	23.2156	-	-	-	-	G
C67197007      none	B	[O-:1][N+:2](=O)!@[c:3]([cH0])[cH,nX2H0:4]	89.7531	0.274725	-	-	-	-	O
C41911988      none	B	[*:1]~[CX4:2]!@[n:3]~[*:4]	59.997	3.54922	-	-	-	-	G
C41911988      none	B	[C:1][CX4:2]!@[CX3:3]=[O:4]	119.995	3.75937	-	-	-	-	G
C41911988      none	B	[!#1:1][CX4:2]!@[CX4:3][!#1:4]	60.0036	12.3771	-	-	-	-	G
C37435895      none	B	[NH1:1][CX4:2]!@[CX3:3]=[O:4]	119.997	0.41354	-	-	-	-	G
C37435895      none	B	[$(C=O):1][NX3H1:2]!@[CX4H1:3][H:4]	29.9987	9.46757	-	-	-	-	G
C37435895      none	B	[O:1]=[CX3:2]!@[NX3H0:3][!#1:4]	-29.7151	0.692521	-	-	-	-	O
C37435895      none	B	[O:1]=[C:2]([O-])!@[CX4H1:3][H:4]	89.9987	0.86741	-	-	-	-	O
C37435895      none	B	[O:1]=[CX3:2]!@[NX3H1:3][!#1:4]	0.00240672	63.7893	-	-	-	-	G
C37630384      none	B	[cH0:1][c:2]!@[CX4H2:3][N,O,S:4]	135.001	0.650908	-	-	-	-	G
C37630384      none	B	[*:1]~[CX4:2]!@[NX4:3]~[*:4]	159.999	1.9368	-	-	-	-	G
C37630384      none	B	[*:1]~[CX4:2]!@[NX4:3]~[*:4]	-160.003	2.15596	-	-	-	-	G
C37630384      none	B	[*:1]~[CX4:2]!@[NX4:3]~[*:4]	160.004	1.9368	-	-	-	-	G
C37630384      none	B	[NH1:1][CX4:2]!@[CX3:3]=[O:4]	-90.0018	0.352274	-	-	-	-	R
C37630384      none	B	[NH1:1][CX4:2]!@[CX3:3]=[O:4]	119.996	0.41354	-	-	-	-	G
C36384631      none	B	[OH1:1][CX4:2]!@[CX3:3]=[O:4]	178.192	6.03577	-	-	-	-	G
C36384631      none	B	[OH1:1][CX4:2]!@[CX3:3]=[O:4]	120.005	0.447094	-	-	-	-	O
C25497094      none	B	[OX2:1][CX4H2:2]!@[CX4H2:3][N:4]	60.0109	17.6955	-	-	-	-	G
C25497094      none	B	[CX4:1][CX4H2:2]!@[NX3;"N_lp":3][CX4:4]	160	6.03015	-	-	-	-	G
C25497094      none	B	[C:1][CX4:2]!@[NX3;"N_lp":3][C:4]	53.4305	3.22897	-	-	-	-	G
C04596737      none	B	[*:1]~[CX3:2]!@[NX3:3]~[*:4]	149.993	0.571247	-	-	-	-	G
C04596737      none	B	[*:1]~[NX3:2]!@[NX3:3]~[*:4]	149.998	1.2148	-	-	-	-	G
C04596737      none	B	[O:1]=[CX3:2]!@[NX3H1:3][!#1:4]	0.00302475	63.7893	-	-	-	-	G
C04596737      none	B	[c:1][CX4H2:2]!@[CX3:3]=[O:4]	-89.998	2.5641	-	-	-	-	G
C04596737      none	B	[a:1][c:2]!@[CX4H2:3][CX3:4]	45.3407	1.93798	-	-	-	-	O
C02267227      none	B	[aH1:1][c:2]([aH0])!@[SX2:3][!#1:4]	-60.0222	1.08949	-	-	-	-	O
C02267227      none	B	[*:1]~[SX4:2]!@[SX2:3]~[*:4]	89.9933	5.12821	-	-	-	-	R
C26275439      none	B	[$(C=O):1][NX3H0:2]!@[c:3]([cH1])[cH1:4]	-150.028	1.13754	-	-	-	-	G
C26275439      none	B	[C:1][CX4:2]!@[CX3:3]=[O:4]	116.214	3.75937	-	-	-	-	G
C26275439      none	B	[O:1]=[C:2]([!$([NH1])])!@[NX3H1:3]([H:4])[$(c([nX2H0])([nX2H0]))]	-0.0138163	20	-	-	-	-	R
C26275439      none	B	[$([C]([CX4])(=O)):1][NX3H1:2]!@[c:3]([nX2H0])[nX2H0:4]	179.7	13.4615	-	-	-	-	G
C41034624      none	B	[NH1:1][CX4:2]!@[CX3:3]=[O:4]	-120	0.275693	-	-	-	-	G
C41034624      none	B	[$(C=O):1][NX3H1:2]!@[CX4H0:3][C:4]	-60.0059	14.7253	-	-	-	-	G
C41034624      none	B	[O:1]=[CX3:2]!@[NX3H1:3][!#1:4]	0.0051383	63.7893	-	-	-	-	G
C41034624      none	B	[cH1:1][c:2]([cH1])!@[C:3]([NH1,NH2])=[O:4]	-153.009	8.78518	-	-	-	-	G
C06490197      none	B	[!#1:1][CH2:2]!@[n:3][a:4]	-89.7109	13.2844	-	-	-	-	G
C06490197      none	B	[$(C=O):1][NX3:2]!@[a:3][aH0:4]	149.995	1.842	-	-	-	-	O
C06490197      none	B	[$([c]([NH1,NH2])):1][c:2]!@[CX3:3]([!O])=[O:4]	30.0043	6.90608	-	-	-	-	G
C06490197      none	B	[O:1]=[CX3:2]!@[NX3H1:3][!#1:4]	-0.00250221	63.7893	-	-	-	-	G
C06490197      none	B	[$([CX3]=O):1][NX3H1:2]!@[CX4H2:3][C:4] 	-150	1.7769	-	-	-	-	O
C06490197      none	B	[OX2:1][CX4H2:2]!@[CX4H2:3][N:4]	-60.0015	16.5981	-	-	-	-	G
C06490197      none	B	[C:1][CH2:2]!@[O:3][CX4:4]	-160.006	4.55295	-	-	-	-	G
C06490197      none	B	[O:1]=[CX3:2]!@[NX3H1:3][!#1:4]	0.00462776	63.7893	-	-	-	-	G
C06490197      none	B	[C:1][CX4:2]!@[CX3:3]=[O:4]	-116.776	3.42432	-	-	-	-	G
C06490197      none	B	[O:1]=[C:2]([O-])!@[CX4H1:3][H:4]	0.00121485	0.495663	-	-	-	-	O
C02539441      none	B	[cH0:1][c:2]!@[CX4H2:3][CX4:4]	134.999	0.481013	-	-	-	-	R
C02539441      none	B	[!#1:1][CX4:2]!@[CX4:3][!#1:4]	-60.0033	12.2558	-	-	-	-	G
C02539441      none	B	[H:1][CX4H1:2]!@[SX4:3][!#1:4]	179.507	5.14139	-	-	-	-	G
C39777119      none	B	[!#1:1][CX4:2]!@[NX3;"N_lp":3]	-160.433	2.65483	-	-	-	-	G
C39777119      none	B	[!#1:1][CX4H2:2]!@[NX3:3][!#1:4]	89.9927	8.35387	-	-	-	-	G
C39777119      none	B	[*:1][CX4:2]!@[O:3][CX4:4]	40.0013	2.50628	-	-	-	-	G
C39777119      none	B	[C:1][CH2:2]!@[O:3][CX4:4]	80.0029	1.71561	-	-	-	-	G
C39777119      none	B	[OX2:1][CX4H2:2]!@[CX4H2:3][OX2:4]	59.994	8.22123	-	-	-	-	G
C54504088      none	B	[a:1][c:2]!@[C:3]([NH1,NH2])=[O:4]	30.0042	4.93827	-	-	-	-	O
C54504088      none	B	[O:1]=[CX3:2]!@[NX3H1:3][!#1:4]	-0.0125615	63.7893	-	-	-	-	G
C54504088      none	B	[$(C=O):1][NX3H1:2]!@[CX4H1:3][H:4]	-29.9871	6.97413	-	-	-	-	G
C54504088      none	B	[!#1:1][CX4:2]!@[CX4:3][!#1:4]	91.3803	0.504518	-	-	-	-	O
C54504088      none	B	[O:1]=[C:2]([O-])!@[CX4H1:3][H:4]	0.00695046	0.495663	-	-	-	-	O
C55188289      none	B	[!#1:1][CX4:2]!@[CX4:3][!#1:4]	-68.6232	7.10938	-	-	-	-	G
C55188289      none	B	[NH1:1][CX4:2]!@[CX3:3]=[O:4]	120.002	0.41354	-	-	-	-	G
C55188289      none	B	[$(C=O):1][NX3H1:2]!@[CX4H0:3][C:4]	-59.9953	14.7253	-	-	-	-	G
C55188289      none	B	[O:1]=[CX3:2]!@[NX3H1:3][!#1:4]	-0.0112263	63.7893	-	-	-	-	G
C55188289      none	B	[a:1][c:2]!@[C:3]([NH1,NH2])=[O:4]	150.279	5.34677	-	-	-	-	O
C37928759      none	B	[$(S(=O)(=O)):1][N:2]!@[c:3][a:4]	-120.004	1.85547	-	-	-	-	G
C37928759      none	B	[c:1][S:2](=O)(=O)!@[NX2H0-:3]-[*:4]	-60.003	11.1111	-	-	-	-	G
C37928759      none	B	[aH0:1][c:2]([aH1])!@[SX4:3][!#1:4]	-110.275	1.0568	-	-	-	-	O
C49561019      none	B	[!#1:1][CX4:2]!@[CX4:3][!#1:4]	180	22.1548	-	-	-	-	G
C49561019      none	B	[a:1][c:2]!@[CX4H1:3][N,O:4]	179.998	1.64318	-	-	-	-	G
C49561019      none	B	[$(C=O):1][NX3H1:2]!@[CX4H1:3][H:4]	0.0108093	8.26772	-	-	-	-	G
C49561019      none	B	[O:1]=[CX3:2]([$([NX3H1]C)])!@[NX3H1:3][!#1:4]	-0.0074069	41.1343	-	-	-	-	G
C49561019      none	B	[O:1]=[CX3:2]([$([NX3H1]C)])!@[NX3H1:3][!#1:4]	0.0106563	41.1343	-	-	-	-	G
C49561019      none	B	[$(C=O):1][NX3H1:2]!@[CX4H1:3][H:4]	29.9953	9.46757	-	-	-	-	G
C49561019      none	B	[O:1]=[C:2]([O-])!@[CX4H1:3][H:4]	0.00291209	0.495663	-	-	-	-	O
C49561019      none	B	[!#1:1][CX4:2]!@[CX4:3][!#1:4]	60.0015	12.3771	-	-	-	-	G
C54505325      none	B	[O:1]=[CX3:2]!@[NX3H1:3][!#1:4]	-0.00203653	63.7893	-	-	-	-	G
C54505325      none	B	[a:1][c:2]!@[C:3]([NH1,NH2])=[O:4]	-59.685	0.499274	-	-	-	-	G
C54505325      none	B	[aH1:1][c:2]([aH1])!@[SX4:3][!#1:4]	-89.9963	12.5987	-	-	-	-	G
C54505325      none	B	[c:1][$(S(=O)=O):2]!@[NX3H1:3][C:4]	-90.0011	3.19032	-	-	-	-	G
C54505325      none	B	[$(S(=O)(=O)):1][NX3H1:2]!@[CX4H1:3][H:4]	0.00313131	7.36648	-	-	-	-	G
C54505325      none	B	[!#1:1][CX4:2]!@[CX4:3][!#1:4]	148.618	0.50879	-	-	-	-	O
C54505325      none	B	[O:1]=[C:2]([O-])!@[CX4H1:3][H:4]	-0.0031554	0.495663	-	-	-	-	O
C40532949      none	B	[NH1:1][CX4:2]!@[CX3:3]=[O:4]	-149.991	4.5183	-	-	-	-	G
C40532949      none	B	[$(C=O):1][NX3H1:2]!@[CX4H0:3][C:4]	179.995	11.3993	-	-	-	-	G
C40532949      none	B	[O:1]=[CX3:2]([$([NX3H1]C)])!@[NX3H1:3][!#1:4]	0.000450117	41.1343	-	-	-	-	G
C40532949      none	B	[O:1]=[CX3:2]([$([NX3H1]C)])!@[NX3H1:3][!#1:4]	0.0059837	41.1343	-	-	-	-	G
C40532949      none	B	[$(C=O):1][NX3H1:2]!@[CX4H1:3][H:4]	-29.9993	6.97413	-	-	-	-	G
C39958702      none	B	[$(C=O):1][NX3H1:2]!@[CX4H1:3][H:4]	30.0067	9.46757	-	-	-	-	G
C39958702      none	B	[O:1]=[CX3:2]!@[NX3H1:3][!#1:4]	-0.0104046	63.7893	-	-	-	-	G
C39958702      none	B	N[C:2](=[O:1])!@[CH2:3][N:4]	-60.0053	0.14881	-	-	-	-	O
C39958702      none	B	[$([CX3]=O):1][NX3H1:2]!@[CX4H2:3][C:4] 	-149.995	1.7769	-	-	-	-	O
C39958702      none	B	[O:1]=[CX3:2]!@[NX3H1:3][!#1:4]	0.0014842	63.7893	-	-	-	-	G
C39958702      none	B	[O:1][CX4:2]!@[CX3:3]=[O:4]	122.371	0.923198	-	-	-	-	O
C39958702      none	B	[*^2:1]~[C^2:2]([!H])!@[C^2:3]~[*^2:4]	-179.707	19.9269	-	-	-	-	G
C62810484      none	B	[$([c]([NH1,NH2])):1][c:2]!@[CX3:3]([!O])=[O:4]	90.0003	0	-	-	-	-	R
C62810484      none	B	[O:1]=[CX3:2](a)!@[NX3H0:3][!#1:4]	0.28976	23.6549	-	-	-	-	G
C40710408      none	B	[$(C=O):1][NX3H1:2]!@[c:3]([cH1])[cH1:4]	-0.0266945	7.77286	-	-	-	-	G
C40710408      none	B	[O:1]=[CX3:2]([$([NX3H1]C)])!@[NX3H1:3][!#1:4]	-0.0074859	41.1343	-	-	-	-	G
C40710408      none	B	[O:1]=[CX3:2]([$([NX3H1]C)])!@[NX3H1:3][!#1:4]	180	9.5176	-	-	-	-	R
C40710408      none	B	[$(C=O):1][NX3H1:2]!@[CX4H1:3][H:4]	-29.9965	6.97413	-	-	-	-	G
C40710408      none	B	[!#1:1][CX4:2]!@[CX4:3][!#1:4]	-160	1.85018	-	-	-	-	G
C40710408      none	B	[O:1]=[C:2]([O-])!@[CX4H1:3][H:4]	89.9952	0.86741	-	-	-	-	O
C40710408      none	B	[!#1:1][CX4H2:2]!@[CX4H2:3][!#1:4]	180	58.554	-	-	-	-	G
C19479562      none	B	[!#1:1][CH2:2]!@[n:3][cH0:4]	-89.9999	15.4696	-	-	-	-	G
C19479562      none	B	[!#1:1][CX4H2:2]!@[CX4H2:3][!#1:4]	-60.0039	3.77933	-	-	-	-	G
C19479562      none	B	[!#1:1][CX4:2]!@[CX3H0:3][!#1:4]	90.004	2.78327	-	-	-	-	G
C40590389      none	B	[OX2:1][CX4:2]!@[CX4:3][N:4]	180	9.8427	-	-	-	-	G
C40590389      none	B	[O:1]=[C:2]([O-])!@[CX4H1:3][H:4]	90.0086	0.86741	-	-	-	-	O
C40590389      none	B	[$(C=O):1][NX3H1:2]!@[CX4H1:3][H:4]	-30.0107	6.97413	-	-	-	-	G
C40590389      none	B	[O:1]=[CX3:2]([$([NX3H1]C)])!@[NX3H1:3][!#1:4]	-179.987	9.5176	-	-	-	-	R
C40590389      none	B	[O:1]=[CX3:2]([$([NX3H1]C)])!@[NX3H1:3][!#1:4]	-0.00664551	41.1343	-	-	-	-	G
C40590389      none	B	[$(C=O):1][NX3H1:2]!@[CX4H1:3][H:4]	59.9993	6.22422	-	-	-	-	G
C52296736      none	B	[$(C=O):1][NX3H1:2]!@[CX4H1:3][H:4]	-59.9967	1.23735	-	-	-	-	G
C52296736      none	B	[O:1]=[CX3:2]!@[NX3H1:3][!#1:4]	-0.00159657	63.7893	-	-	-	-	G
C52296736      none	B	[O:1]=[CX3:2]!@[NX3H0:3][!#1:4]	30.3021	0.680979	-	-	-	-	O
C52296736      none	B	[O:1]=[C:2]([O-])!@[CX4H1:3][H:4]	-0.00128162	0.495663	-	-	-	-	O
C40911958      none	B	[$(C=O):1][NX3H1:2]!@[CX4H1:3][H:4]	30.0018	9.46757	-	-	-	-	G
C40911958      none	B	[O:1]=[CX3:2]([$([NX3H1]C)])!@[NX3H1:3][!#1:4]	-0.00714326	41.1343	-	-	-	-	G
C40911958      none	B	[O:1]=[CX3:2]([$([NX3H1]C)])!@[NX3H1:3][!#1:4]	0.0141011	41.1343	-	-	-	-	G
C40911958      none	B	[$(C=O):1][NX3H1:2]!@[CX4H0:3][C:4]	-60.0074	14.7253	-	-	-	-	G
C40911958      none	B	[NH1:1][CX4:2]!@[CX3:3]=[O:4]	-0.0102487	6.89233	-	-	-	-	G
C51840869      none	B	[OX2:1][CX4:2]!@[CX4:3][N:4]	80.0021	3.55056	-	-	-	-	G
C51840869      none	B	[$([CX3]=O):1][NX3H0:2](C)!@[CX4H2:3][C:4]	120	2.74443	-	-	-	-	O
C51840869      none	B	[O:1]=[CX3:2]!@[NX3H0:3][!#1:4]	-149.992	1.37927	-	-	-	-	O
C51840869      none	B	[O:1]=[CX3:2]!@[NX3H0:3][!#1:4]	-149.699	1.37927	-	-	-	-	O
C51840869      none	B	[O:1]=[C:2]([O-])!@[CX4H1:3][H:4]	90.0039	0.86741	-	-	-	-	O
C40910399      none	B	[NH1:1][CX4:2]!@[CX3:3]=[O:4]	-29.9967	4.44172	-	-	-	-	G
C40910399      none	B	[$(C=O):1][NX3H1:2]!@[CX4H0:3][C:4]	60.0042	13.3187	-	-	-	-	G
C40910399      none	B	[O:1]=[CX3:2]([$([NX3H1]C)])!@[NX3H1:3][!#1:4]	-0.0101198	41.1343	-	-	-	-	G
C40910399      none	B	[O:1]=[CX3:2]([$([NX3H1]C)])!@[NX3H1:3][!#1:4]	0.00706178	41.1343	-	-	-	-	G
C40910399      none	B	[$(C=O):1][NX3H1:2]!@[CX4H1:3][H:4]	30.0028	9.46757	-	-	-	-	G
C41034349      none	B	[NH1:1][CX4:2]!@[CX3:3]=[O:4]	-119.997	0.275693	-	-	-	-	G
C41034349      none	B	[$(C=O):1][NX3H1:2]!@[CX4H0:3][C:4]	-60.0025	14.7253	-	-	-	-	G
C41034349      none	B	[O:1]=[CX3:2]!@[NX3H1:3][!#1:4]	0.00311268	63.7893	-	-	-	-	G
C41034349      none	B	[*^2:1]~[C^2:2]([!H])!@[C^2:3]~[*^2:4]	-149.725	1.11601	-	-	-	-	O
C40224163      none	B	[!#1:1][CX4:2]!@[CX4:3][!#1:4]	179.999	22.1548	-	-	-	-	G
C40224163      none	B	[!#1:1][CX4:2]!@[CX4:3][!#1:4]	-80.0003	1.71775	-	-	-	-	G
C40224163      none	B	[O:1]=[CX3:2]([NH1])!@[CH2:3][C:4]	90.0005	2.11706	-	-	-	-	O
C40224163      none	B	[O:1]=[CX3:2]!@[NX3H1:3][!#1:4]	0.000573318	63.7893	-	-	-	-	G
C40224163      none	B	[$(C=O):1][NX3H1:2]!@[CX4H1:3][H:4]	-59.9973	1.23735	-	-	-	-	G
C40224163      none	B	[C:1][CX4H2:2]!@[CX3:3]=[O:4]	-119.987	0.79457	-	-	-	-	O
C20213407      none	B	[aH1:1][c:2]([aH1])!@[SX4:3][!#1:4]	89.9999	12.916	-	-	-	-	G
C20213407      none	B	[O:1]=[C:2]([O-])!@[c:3][nX3H1:4]	180	34.7826	-	-	-	-	G
C20213407      none	B	[c:1][$(S(=O)=O):2]!@[NX3H1:3][C:4]	59.9988	14.5215	-	-	-	-	G
C20213407      none	B	[$(S(=O)(=O)):1][NX3H1:2]!@[CX4H2:3][!#1:4]	89.9985	3.00429	-	-	-	-	G
C20213407      none	B	N[C:2](=[O:1])!@[CH2:3][N:4]	-120.004	0.892857	-	-	-	-	G
C34497953      none	-	-	-	-	-	-	-	-	-
C35206155      none	B	[O:1]=[C:2]([O-])!@[c:3]([cH0])[cH0:4]	-90.0275	0	-	-	-	-	G
C35206155      none	B	[aH0:1][c:2]([aH0])!@[SX2:3][!#1:4]	120.001	1.75348	-	-	-	-	G
C35206155      none	B	[a:1][c:2]!@[CX4H1:3][H:4]	-55.6821	1.09004	-	-	-	-	G
C35206155      none	B	[!#1:1][CX4:2]!@[SX2:3][!#1:4]	-90	3.00607	-	-	-	-	G
C35206155      none	B	[!#1:1][CX4H2:2]!@[CX4H2:3][!#1:4]	-60.0016	3.77933	-	-	-	-	G
C35206155      none	B	[N:1][C:2](=O)!@[CX4H2:3][CX4H2:4]	150.003	4.76839	-	-	-	-	G
C39109153      none	B	[*:1]~[CX3:2]!@[cX3:3]~[*:4]	0.00480852	13.8319	-	-	-	-	G
C39109153      none	B	[*^2:1]~[C^2:2]([!H])!@[C^2:3]~[*^2:4]	-89.9975	1.27397	-	-	-	-	G
C39109153      none	B	[*:1]~[NX2:2]!@[OX2:3]~[*:4]	180	49.4817	-	-	-	-	G
C49254544      none	B	[NH1:1][CX4:2]!@[CX3:3]=[O:4]	-30.0029	4.44172	-	-	-	-	G
C49254544      none	B	[$(C=O):1][NX3H1:2]!@[CX4H0:3][C:4]	180	11.3993	-	-	-	-	G
C49254544      none	B	[O:1]=[CX3:2]([$([NX3H1]C)])!@[NX3H1:3][!#1:4]	-0.00814785	41.1343	-	-	-	-	G
C49254544      none	B	[O:1]=[CX3:2]([$([NX3H1]C)])!@[NX3H1:3][!#1:4]	180	9.5176	-	-	-	-	R
C49254544      none	B	[$([CX3]=O):1][NX3H1:2]!@[CX4H2:3][C:4] 	90.005	7.35439	-	-	-	-	G
C49254544      none	B	[!#1:1][CX4H2:2]!@[CX4H2:3][!#1:4]	180	58.554	-	-	-	-	G
C49254544      none	B	[!#1:1][CX4:2]!@[CX4:3][!#1:4]	59.9984	12.3771	-	-	-	-	G
C37419794      none	B	[O:1]=[CX3:2]!@[NX3H1:3][!#1:4]	-0.00819395	63.7893	-	-	-	-	G
C37419794      none	B	[$([CX3]=O):1][NX3H1:2]!@[CX4H2:3][C:4] 	150.009	1.43139	-	-	-	-	O
C37419794      none	B	[!#1:1][CX4H2:2]!@[CX4H2:3][!#1:4]	59.999	3.99483	-	-	-	-	G
C37419794      none	B	[O:1]=[CX3:2]([NH1])!@[CH2:3][C:4]	-30.0065	4.73225	-	-	-	-	G
C37419794      none	B	[O:1]=[CX3:2]!@[NX3H1:3][!#1:4]	-0.000816254	63.7893	-	-	-	-	G
C37419794      none	B	[$(C=O):1][NX3H1:2]!@[CX4H0:3][C:4]	62.8336	13.3187	-	-	-	-	G
C37419794      none	B	[NH1:1][CX4:2]!@[CX3:3]=[O:4]	-0.000665225	6.89233	-	-	-	-	G
C36927987      none	B	[cH1:1][a:2]([cH1])!@[a:3]([sX2,o,nX2H0,nX3H1:4])	-89.6799	0.286081	-	-	-	-	R
C36927987      none	B	[!#1:1][CH2:2]!@[n:3][cH0:4]	-89.9981	15.4696	-	-	-	-	G
C36927987      none	B	[!#1:1][CX4H2:2]!@[CX3:3]=[O:4]	179.999	2.94479	-	-	-	-	G
C13451289      none	B	[C:1][CX4H2:2]!@[OX2:3][c:4]	-150.002	1.28448	-	-	-	-	O
C13451289      none	B	[cH1:1][c:2](cO)!@[O:3][C:4]	-60.0051	0.103612	-	-	-	-	R
C13451289      none	B	[a:1][c:2]!@[CX4H1:3][N,O:4]	-58.409	3.48172	-	-	-	-	G
C13451289      none	B	[*^2:1]~[C^2:2]([!H])!@[C^2:3]~[*^2:4]	-119.996	0.661024	-	-	-	-	G
C13451289      none	B	[$([CX3]=O):1][NX3H0:2](C)!@[CX4H2:3][C:4]	90.0157	14.7513	-	-	-	-	G
C13451289      none	B	[!#1:1][CX4H2:2]!@[CX4H2:3][!#1:4]	-59.9971	3.77933	-	-	-	-	G
C13451289      none	B	[CX4:1][CX4H2:2]!@[NX3;"N_lp":3][CX4:4]	156.373	6.03015	-	-	-	-	G
C13451289      none	B	[cH1:1][c:2]([cH1])!@[CX3:3]([CX3H0])=[O:4]	-179.73	9.0847	-	-	-	-	G
C13451289      none	B	[cH0:1][c:2]([cH1])!@[O:3][C:4]	180	48.7454	-	-	-	-	G
C50632443      none	B	[$(S(=O)(=O)):1][N:2]!@[c:3][a:4]	150	2.09961	-	-	-	-	G
C50632443      none	B	[c:1][S:2](=O)(=O)!@[NX2H0-:3]-[*:4]	-60.0026	11.1111	-	-	-	-	G
C50632443      none	B	[aH0:1][c:2]([aH1])!@[SX4:3][!#1:4]	-70.2736	15.3236	-	-	-	-	G
C50632443      none	B	[cH1:1][c:2]([cH1])!@[NX3:3][CX4:4]	-90.0038	0.86438	-	-	-	-	O
C50632443      none	B	[O-:1][N+:2](=O)!@[c:3]([cH0])[cH,nX2H0:4]	90.2638	0.274725	-	-	-	-	O
C42612206      none	B	[$(C=O):1][NX3H1:2]!@[CX4H1:3][H:4]	29.9913	9.46757	-	-	-	-	G
C42612206      none	B	[O:1]=[CX3:2]!@[NX3H1:3][!#1:4]	0.00622587	63.7893	-	-	-	-	G
C42612206      none	B	N[C:2](=[O:1])!@[CH2:3][N:4]	149.998	3.125	-	-	-	-	G
C42612206      none	B	[$([CX3]=O):1][NX3H0:2](C)!@[CX4H2:3][C:4]	-60.0046	0.686106	-	-	-	-	O
C42612206      none	B	[O:1]=[CX3:2]!@[NX3H0:3][!#1:4]	180	18.2537	-	-	-	-	G
C42612206      none	B	[O:1]=[CX3:2]!@[NX3H1:3][!#1:4]	0.00430346	63.7893	-	-	-	-	G
C42612206      none	B	[$(C=O):1][NX3H1:2]!@[CX4H0:3][C:4]	63.1696	13.3187	-	-	-	-	G
C42612206      none	B	[NH1:1][CX4:2]!@[CX3:3]=[O:4]	89.9934	0.183795	-	-	-	-	R
C36320006      none	B	[$(C=O):1][NX3H1:2]!@[CX4H1:3][H:4]	-30.0026	6.97413	-	-	-	-	G
C36320006      none	B	[O:1]=[CX3:2]([$([NX3H1]C)])!@[NX3H1:3][!#1:4]	0.00363398	41.1343	-	-	-	-	G
C36320006      none	B	[O:1]=[C:2]([NH1])!@[NX3H1:3](C=O)[H:4]	180	12.6316	-	-	-	-	G
C36320006      none	B	[O:1]=[C:2]!@[NX3H1:3](C=O)[H:4]	179.998	35.6725	-	-	-	-	G
C36320006      none	B	[O:1]=[CX3:2]([NH1])!@[CH2:3][C:4]	-120.012	0.124533	-	-	-	-	R
C36320006      none	B	[!#1:1][CX4H2:2]!@[CX4H2:3][!#1:4]	-59.9941	3.77933	-	-	-	-	G
C36320006      none	B	[C:1][CX4H2:2]!@[CX3:3]=[O:4]	120.008	0.695249	-	-	-	-	O
C13277281      none	B	[O:1]=[C:2]([O-])!@[CX4H1:3][H:4]	90.0045	0.86741	-	-	-	-	O
C13277281      none	B	[$(C=O):1][NX3H1:2]!@[CX4H1:3][H:4]	-60.001	1.23735	-	-	-	-	G
C13277281      none	B	[O:1]=[CX3:2]!@[NX3H1:3][!#1:4]	-0.00414792	63.7893	-	-	-	-	G
C13277281      none	B	[cH1:1][c:2]([cH1])!@[C:3]([NH1,NH2])=[O:4]	152.998	9.05971	-	-	-	-	G
C13277281      none	B	[cH0:1][c:2]([cH,nX2H0])!@[NX3H1:3][CX4:4]	-160.024	4.72103	-	-	-	-	O
C13277281      none	B	[O-:1][N+:2](=O)!@[c:3]([cH0])[cH,nX2H0:4]	90.2549	0.274725	-	-	-	-	O
C13277281      none	B	[!#1:1][CX4H2:2]!@[NX3H1:3][!#1:4]	149.993	1.87295	-	-	-	-	O
C13277281      none	B	N[C:2](=[O:1])!@[CH2:3][N:4]	-29.9968	4.7619	-	-	-	-	G
C13277281      none	B	[O:1]=[CX3:2]!@[NX3H0:3][!#1:4]	0.00368268	25.0866	-	-	-	-	G
C37503088      none	B	[aH0:1][c:2]([aH1])!@[SX4:3][!#1:4]	90.0265	4.49141	-	-	-	-	O
C37503088      none	B	[O:1]=[C:2]([O-])!@[c:3]([cH1])[cH1:4]	179.999	7.35294	-	-	-	-	G
C37503088      none	B	[c:1][$(S(=O)=O):2]!@[NX3H1:3][C:4]	59.9993	14.5215	-	-	-	-	G
C37503088      none	B	[$(S(=O)(=O)):1][NX3H1:2]!@[CX4H2:3][!#1:4]	-89.9985	3.86266	-	-	-	-	G
C37503088      none	B	[!#1:1][CX4H2:2]!@[CX4H2:3][!#1:4]	179.997	58.554	-	-	-	-	G
C37503088      none	B	[!#1:1][CX4H2:2]!@[CX4H2:3][!#1:4]	180	58.554	-	-	-	-	G
C37503088      none	B	[N:1][C:2](=O)!@[CX4H2:3][CX4H2:4]	90.0081	1.77112	-	-	-	-	O
C50398252      none	B	[!#1:1][CX4:2]!@[CX4:3][!#1:4]	-111.375	0.0892838	-	-	-	-	R
C50398252      none	B	[NH1:1][CX4:2]!@[CX3:3]=[O:4]	119.996	0.41354	-	-	-	-	G
C50398252      none	B	[$(C=O):1][NX3H1:2]!@[CX4H0:3][C:4]	-60.0004	14.7253	-	-	-	-	G
C50398252      none	B	[O:1]=[CX3:2]([$([NX3H1]C)])!@[NX3H1:3][!#1:4]	0.00189074	41.1343	-	-	-	-	G
C50398252      none	B	[O:1]=[CX3:2]([$([NX3H1]C)])!@[NX3H1:3][!#1:4]	179.999	9.5176	-	-	-	-	R
C50398252      none	B	[$(C=O):1][NX3H1:2]!@[CX4H1:3][H:4]	-29.9999	6.97413	-	-	-	-	G
C37731525      none	B	[$(S(=O)(=O)):1][NH0:2]!@[c:3]([cH1])[cH1:4]	-30.0132	0	-	-	-	-	R
C37731525      none	B	[c:1][S:2](=O)(=O)!@[NX2H0-:3]-[*:4]	89.9976	2.77778	-	-	-	-	G
C37731525      none	B	[aH1:1][c:2]([aH1])!@[SX4:3][!#1:4]	-89.6839	12.5987	-	-	-	-	G
C52856357      none	B	[C:1][CH2:2]!@[O:3][CX4:4]	80.0001	1.71561	-	-	-	-	G
C52856357      none	B	[OX2:1][CX4H2:2]!@[CX4H2:3][N:4]	180	8.36763	-	-	-	-	G
C52856357      none	B	[CX4:1][CX4H2:2]!@[NX3:3][CX4:4]	89.998	8.80906	-	-	-	-	G
C52856357      none	B	[C:1][CX4H2:2]!@[NX3:3][C:4]	-89.9987	9.94394	-	-	-	-	G
C52856357      none	B	[cH0:1][c:2]([cH,nX2H0])!@[NX3H0:3][CX4:4]	-90.2857	1.8357	-	-	-	-	O
C52856357      none	B	[N:1][CX4:2]!@[CX3:3]=[O:4]	119.995	0.766617	-	-	-	-	G
C52856357      none	B	[a:1][c:2]!@[C:3]([NH1,NH2])=[O:4]	180	9.31373	-	-	-	-	G
C14274386      none	B	[aH1:1][c:2]([aH1])!@[SX4:3][!#1:4]	-89.7222	12.5987	-	-	-	-	G
C14274386      none	B	[a:1][a:2]!@[NX3:3][!#1:4]	-89.9931	1.65296	-	-	-	-	O
C14274386      none	B	[!#1:1][CX3:2](=S)!@[NX3H1:3][!#1:4]	179.998	37.0618	-	-	-	-	G
C14274386      none	B	[$(C=O):1][NX3H1:2]!@[CX3:3]=[*H0:4]	179.997	33.8082	-	-	-	-	G
C14274386      none	B	[O:1]=[CX3:2]!@[NX3H1:3][!#1:4]	-0.00191879	63.7893	-	-	-	-	G
C14274386      none	B	[cH1:1][c:2]([cH1])!@[C:3]([NH1,NH2])=[O:4]	-152.994	8.78518	-	-	-	-	G
C14274386      none	B	[cH0:1][c:2]([cH,nX2H0])!@[NX3H0:3][CX4:4]	-89.7438	1.8357	-	-	-	-	G
C14274386      none	B	[O-:1][N+:2](=O)!@[c:3]([cH0])[cH,nX2H0:4]	90.2499	0.274725	-	-	-	-	O
C40710403      none	B	[$(C=O):1][NX3H1:2]!@[c:3]([cH1])[cH1:4]	-0.0223141	7.77286	-	-	-	-	G
C40710403      none	B	[O:1]=[CX3:2]([$([NX3H1]C)])!@[NX3H1:3][!#1:4]	0.002725	41.1343	-	-	-	-	G
C40710403      none	B	[O:1]=[CX3:2]([$([NX3H1]C)])!@[NX3H1:3][!#1:4]	-0.00378782	41.1343	-	-	-	-	G
C40710403      none	B	[$(C=O):1][NX3H1:2]!@[CX4H1:3][H:4]	29.9981	9.46757	-	-	-	-	G
C40710403      none	B	[!#1:1][CX4:2]!@[CX4:3][!#1:4]	159.996	1.81259	-	-	-	-	G
C40710403      none	B	[O:1]=[C:2]([O-])!@[CX4H1:3][H:4]	90.0038	0.86741	-	-	-	-	O
C40710403      none	B	[!#1:1][CX4H2:2]!@[CX4H2:3][!#1:4]	180	58.554	-	-	-	-	G
C05025627      none	B	[!#1:1][CH2:2]!@[n:3][a:4]	-89.993	13.2844	-	-	-	-	G
C05025627      none	B	[!#1:1][CX4H2:2]!@[CX3:3]=[O:4]	-120.003	0.59462	-	-	-	-	G
C05025627      none	B	[O:1]=[CX3:2]!@[NX3H1:3][!#1:4]	0.00109847	63.7893	-	-	-	-	G
C05025627      none	B	[*:1]~[NX3:2]!@[NX2:3]~[*:4]	180	29.4914	-	-	-	-	G
C05025627      none	B	[cH1:1][c:2]([cH0])!@[CX3x0:3]=[NX2:4]	30.2795	0.850762	-	-	-	-	G
C05025627      none	B	[O-:1][N+:2](=O)!@[c:3]([cH,nX2H0])[cH,nX2H0:4]	179.941	23.2156	-	-	-	-	G
C37429959      none	B	[cH1:1][c:2]([cH1])!@[CX3:3]=[O:4]	150.304	3.28558	-	-	-	-	G
C37429959      none	B	[a:1][c:2]!@[C:3]([NH0])=[O:4]	90.0018	2.88889	-	-	-	-	G
C37429959      none	B	[O:1]=[CX3:2](a)!@[NX3H0:3][!#1:4]	-29.7274	1.17502	-	-	-	-	O
C37429959      none	B	[O:1]=[C:2]([O-])!@[CX4H1:3][H:4]	90.0008	0.86741	-	-	-	-	O
C44921233      none	B	[O:1]=[CX3:2]!@[NX3H1:3][!#1:4]	-0.00962249	63.7893	-	-	-	-	G
C44921233      none	B	[a:1][c:2]!@[C:3]([NH1,NH2])=[O:4]	60.306	0.626362	-	-	-	-	G
C40697159      none	B	[C:1][CX4:2]!@[CX3:3]=[O:4]	-0.00251986	5.61823	-	-	-	-	G
C40697159      none	B	[*:1]~[CX4:2]!@[n:3]~[*:4]	-59.9938	3.65221	-	-	-	-	G
C40697159      none	B	[O:1]=[CX3:2]!@[NX3H1:3][!#1:4]	-0.000219974	63.7893	-	-	-	-	G
C40697159      none	B	[$(C=O):1][NX3H1:2]!@[CX4H1:3][H:4]	30.0072	9.46757	-	-	-	-	G
C40697159      none	B	[!#1:1][CX4:2]!@[CX4:3][!#1:4]	-160	1.85018	-	-	-	-	G
C40697159      none	B	[O:1]=[C:2]([O-])!@[CX4H1:3][H:4]	89.9969	0.86741	-	-	-	-	O
C40697159      none	B	[!#1:1][CX4H2:2]!@[CX4H2:3][!#1:4]	59.9973	3.99483	-	-	-	-	G
C22162465      none	B	[!#1:1][CX4:2]!@[CX4:3][!#1:4]	60.0049	12.3771	-	-	-	-	G
C22162465      none	B	[$([CX3]=O):1][NX3H1:2]!@[CX4H2:3][C:4] 	-149.997	1.7769	-	-	-	-	O
C22162465      none	B	[O:1]=[CX3:2]!@[NX3H1:3][!#1:4]	0.000813857	63.7893	-	-	-	-	G
C22162465      none	B	N[C:2](=[O:1])!@[CH2:3][N:4]	-120	0.892857	-	-	-	-	G
C22162465      none	B	[$([CX3]=O):1][NX3H1:2]!@[CX4H2:3][C:4] 	-90.002	7.35439	-	-	-	-	G
C22162465      none	B	[O:1]=[CX3:2]([$([NX3H1]C)])!@[NX3H1:3][!#1:4]	-0.000784527	41.1343	-	-	-	-	G
C22162465      none	B	[O:1]=[CX3:2]([$([NX3H1]C)])!@[NX3H1:3][!#1:4]	0.00537636	41.1343	-	-	-	-	G
C22162465      none	B	[$(C=O):1][NX3H1:2]!@[CX4H0:3][C:4]	180	11.3993	-	-	-	-	G
C22162465      none	B	[!#1:1][CX4:2]!@[CX4:3][!#1:4]	128.621	0.0995365	-	-	-	-	R
C22162465      none	B	[NH1:1][CX4:2]!@[CX3:3]=[O:4]	90.0054	0.183795	-	-	-	-	R
CHEMBL479804      none	B	[!#1:1][CX4H2:2]!@[CX4H2:3][!#1:4]	60.0026	3.99483	-	-	-	-	G
CHEMBL479804      none	B	[!#1:1][CX4:2]!@[CX4:3][!#1:4]	-179.987	22.1548	-	-	-	-	G
CHEMBL479804      none	B	[N:1][C:2](=O)!@[CX4H2:3][CX4H2:4]	-89.9998	1.49864	-	-	-	-	O
CHEMBL479804      none	B	[!#1:1][CX4:2]!@[CX4:3][!#1:4]	-159.999	1.85018	-	-	-	-	G
CHEMBL479804      none	B	[O:1]=[C:2]([O-])!@[CX4H1:3][H:4]	0.0044124	0.495663	-	-	-	-	O
CHEMBL479804      none	B	[!#1:1][CX4:2]!@[CX4:3][!#1:4]	-160.004	1.85018	-	-	-	-	G
CHEMBL479804      none	B	[O:1]=[C:2]([O-])!@[CX4H1:3][H:4]	-0.002537	0.495663	-	-	-	-	O
C41538650      none	B	[a:1][c:2]!@[CX4H1:3][N,O:4]	90.0065	1.22453	-	-	-	-	G
C41538650      none	B	[*^2:1]~[C^2:2]([!H])!@[C^2:3]~[*^2:4]	-150.033	1.11601	-	-	-	-	G
C41538650      none	B	[a:1][a:2]!@[CX3:3]=[O:4]	-149.683	2.51484	-	-	-	-	O
C62100750      none	B	[!#1:1][CX4:2]!@[CX4:3][!#1:4]	60.0035	12.3771	-	-	-	-	G
C62100750      none	B	[!#1:1][CX4H2:2]!@[CX4H2:3][!#1:4]	180	58.554	-	-	-	-	G
C62100750      none	B	[!#1:1][CX4H2:2]!@[CX4H2:3][!#1:4]	180	58.554	-	-	-	-	G
C62100750      none	B	[$([CX3]=O):1][NX3H1:2]!@[CX4H2:3][C:4] 	-149.996	1.7769	-	-	-	-	O
C62100750      none	B	[O:1]=[CX3:2]([$([NX3H1]C)])!@[NX3H1:3][!#1:4]	-0.00539799	41.1343	-	-	-	-	G
C62100750      none	B	[O:1]=[CX3:2]([$([NX3H1]C)])!@[NX3H1:3][!#1:4]	-0.00768178	41.1343	-	-	-	-	G
C62100750      none	B	[$(C=O):1][NX3H1:2]!@[CX4H0:3][C:4]	180	11.3993	-	-	-	-	G
C62100750      none	B	[!#1:1][CX4:2]!@[CX4:3][!#1:4]	98.6164	0.196083	-	-	-	-	O
C62100750      none	B	[NH1:1][CX4:2]!@[CX3:3]=[O:4]	89.9978	0.183795	-	-	-	-	R
C02747867      none	B	[!#1:1][CH2:2]!@[n:3][cH0:4]	-179.691	0.148746	-	-	-	-	R
C02747867      none	B	[a:1][c:2]!@[C:3]([NH1,NH2])=[O:4]	150.006	5.34677	-	-	-	-	O
C02747867      none	B	[O-:1][N+:2](=O)!@[c:3]([cH0])[cH,nX2H0:4]	89.951	0.274725	-	-	-	-	O
C02747867      none	B	[O:1]=[CX3:2]!@[NX3H1:3][!#1:4]	-0.0024018	63.7893	-	-	-	-	G
C02747867      none	B	[$(C=O):1][NX3H1:2]!@[CX4H1:3][H:4]	59.9941	6.22422	-	-	-	-	G
C02747867      none	B	[*^2:1]~[C^2:2]([!H])!@[C^2:3]~[*^2:4]	-89.9788	1.27397	-	-	-	-	G
C50291846      none	B	[NH1:1][CX4:2]!@[CX3:3]=[O:4]	-150.006	4.5183	-	-	-	-	G
C50291846      none	B	[$(C=O):1][NX3H1:2]!@[CX4H1:3][H:4]	180	0.712411	-	-	-	-	R
C50291846      none	B	[O:1]=[CX3:2]!@[NX3H1:3][!#1:4]	-0.00167893	63.7893	-	-	-	-	G
C50291846      none	B	[O:1]=[CX3:2]!@[NX3H1:3][!#1:4]	-0.00155771	63.7893	-	-	-	-	G
C50291846      none	B	[C:1][CX4:2]!@[CX3:3]=[O:4]	22.5024	4.00356	-	-	-	-	G
C50291846      none	B	[C:1][CX4:2]!@[CX3:3]=[O:4]	0.00184822	5.61823	-	-	-	-	G
C40911208      none	B	[NH1:1][CX4:2]!@[CX3:3]=[O:4]	-29.9864	4.44172	-	-	-	-	G
C40911208      none	B	[!#1:1][CX4:2]!@[NX3:3][!#1:4]	120.003	2.65326	-	-	-	-	G
C40911208      none	B	[cH0:1][c:2]([cH,nX2H0])!@[NX3H1:3][CX4:4]	89.9981	0	-	-	-	-	R
C62177702      none	B	[*:1]~[CX4:2]!@[NX4:3]~[*:4]	160.003	1.9368	-	-	-	-	G
C62177702      none	B	[*:1]~[CX4:2]!@[NX4:3]~[*:4]	-60.0012	15.3415	-	-	-	-	G
C62177702      none	B	[*:1]~[CX4:2]!@[NX4:3]~[*:4]	180	15.0612	-	-	-	-	G
C62177702      none	B	[NH1:1][CX4:2]!@[CX3:3]=[O:4]	119.997	0.41354	-	-	-	-	G
C62177702      none	B	[NH1:1][CX4:2]!@[CX3:3]=[O:4]	120.002	0.41354	-	-	-	-	G
C50392735      none	B	[$(C=O):1][NX3H1:2]!@[CX4H1:3][H:4]	179.998	0.712411	-	-	-	-	R
C50392735      none	B	[O:1]=[CX3:2]([$([NX3H1]C)])!@[NX3H1:3][!#1:4]	0.00570971	41.1343	-	-	-	-	G
C50392735      none	B	[O:1]=[CX3:2]([$([NX3H1]C)])!@[NX3H1:3][!#1:4]	180	9.5176	-	-	-	-	R
C50392735      none	B	[$([CX3]=O):1][NX3H1:2]!@[CX4H2:3][C:4] 	180	6.46594	-	-	-	-	G
C50392735      none	B	[NH1:1][CX4:2]!@[CX3:3]=[O:4]	-120.004	0.275693	-	-	-	-	G
C65336586      none	B	[*^2:1]~[C^2:2]([!H])!@[C^2:3]~[*^2:4]	119.987	0.806964	-	-	-	-	G
C65336586      none	B	[!#1:1][CX4H2:2]!@[CX3:3]=[O:4]	59.9983	1.20812	-	-	-	-	G
CHEMBL59284      none	B	[$([cH0]([CX3])):1][c:2]([cH1])!@[O:3][C:4]	89.9923	0.868056	-	-	-	-	G
CHEMBL59284      none	B	[a:1][a:2]!@[CX3:3]=[CX3H1:4]	-120.002	1.01669	-	-	-	-	O
CHEMBL59284      none	B	[CX3:1]=[CX3:2]!@[CH2:3][C:4]	-90.0006	7.30051	-	-	-	-	G
CHEMBL59284      none	B	[!#1:1][CX4:2]!@[CX4:3][!#1:4]	-159.994	1.85018	-	-	-	-	G
CHEMBL59284      none	B	[!#1:1][CX4:2]!@[CX4:3][!#1:4]	-60.0017	12.2558	-	-	-	-	G
CHEMBL59284      none	B	[O:1]=[C:2]([O-])!@[CX4H1:3][H:4]	-0.0038616	0.495663	-	-	-	-	O
CHEMBL59284      none	B	[!#1:1][CX4:2]!@[CX4:3][!#1:4]	160.001	1.81259	-	-	-	-	G
CHEMBL59284      none	B	[O:1]=[C:2]([O-])!@[CX4H1:3][H:4]	-0.00392181	0.495663	-	-	-	-	O
C41753913      none	B	[!#1:1][CX4:2]!@[CX4:3][!#1:4]	68.614	7.06239	-	-	-	-	G
C41753913      none	B	[NH1:1][CX4:2]!@[CX3:3]=[O:4]	119.999	0.41354	-	-	-	-	G
C41753913      none	B	[!#1:1][CX4:2]!@[NX3:3][!#1:4]	40.0033	0.745247	-	-	-	-	G
C41753913      none	B	[cH1:1][c:2]([cH1])!@[NX3:3][CX4:4]	59.9969	1.23291	-	-	-	-	O
C41753913      none	B	[cH1:1][c:2]([cH1])!@[C:3]([NH1,NH2])=[O:4]	180	3.89499	-	-	-	-	G
C40697268      none	B	[a:1][a:2]!@[NX3:3][!#1:4]	-30.0014	1.93298	-	-	-	-	O
C40697268      none	B	[cH1:1][c:2]([cH1])!@[C:3]([NH1,NH2])=[O:4]	27.031	8.08167	-	-	-	-	G
C40697268      none	B	[O:1]=[CX3:2]!@[NX3H1:3][!#1:4]	-0.00144756	63.7893	-	-	-	-	G
C40697268      none	B	[$(C=O):1][NX3H1:2]!@[CX4H1:3][H:4]	60.0009	6.22422	-	-	-	-	G
C40697268      none	B	[!#1:1][CX4:2]!@[CX4:3][!#1:4]	159.998	1.81259	-	-	-	-	G
C40697268      none	B	[O:1]=[C:2]([O-])!@[CX4H1:3][H:4]	90.0015	0.86741	-	-	-	-	O
C40697268      none	B	[!#1:1][CX4H2:2]!@[CX4H2:3][!#1:4]	-60.0019	3.77933	-	-	-	-	G
C35363409      none	-	-	-	-	-	-	-	-	-
C38815302      none	B	[*^2:1]~[C^2:2]([!H])!@[C^2:3]~[*^2:4]	-120.027	0.661024	-	-	-	-	G
C38815302      none	B	[*:1]~[NX3:2]!@[NX2:3]~[*:4]	-59.9977	0.223687	-	-	-	-	R
C38815302      none	B	[O:1]=[CX3:2]!@[NX3H1:3][!#1:4]	-0.00319019	63.7893	-	-	-	-	G
C38815302      none	B	[c:1][CX4H2:2]!@[CX3:3]=[O:4]	150.004	0.569801	-	-	-	-	O
C38815302      none	B	[cH0:1][c:2]!@[CX4H2:3][CX3:4]	-89.7227	9.62567	-	-	-	-	G
C50420834      none	B	[a:1][c:2]!@[CX4H1:3][N,O:4]	59.9954	3.42939	-	-	-	-	G
C50420834      none	B	[$(C=O):1][NX3H1:2]!@[CX4H1:3][H:4]	-0.00194048	8.26772	-	-	-	-	G
C50420834      none	B	[O:1]=[CX3:2]([$([NX3H1]C)])!@[NX3H1:3][!#1:4]	-0.00164823	41.1343	-	-	-	-	G
C50420834      none	B	[O:1]=[C:2]([NH1])!@[NX3H1:3](C=O)[H:4]	0.00560815	58.9474	-	-	-	-	G
C50420834      none	B	[O:1]=[C:2]!@[NX3H1:3](C=O)[H:4]	179.991	35.6725	-	-	-	-	G
C50420834      none	B	[OX2:1][CX4H2:2]!@[CX3:3]([$([NX3H1,NX3H2])])=[O:4]	-150.001	0.714286	-	-	-	-	O
C50420834      none	B	[C:1][CH2:2]!@[O:3][CX4:4]	79.995	1.71561	-	-	-	-	G
C50420834      none	B	[C:1][CH2:2]!@[O:3][CX4:4]	-80.001	1.18773	-	-	-	-	G
C50420834      none	B	[O:1][CX4:2]!@[CX3:3]=[O:4]	119.999	0.923198	-	-	-	-	O
C06659622      none	B	[cH1:1][a:2]([cH1])!@[a:3]([sX2,o,nX2H0,nX3H1:4])	-179.684	10.6726	-	-	-	-	G
C41682851      none	B	[O:1]=[CX3:2]!@[NX3H0:3][!#1:4]	-150	1.37927	-	-	-	-	O
C41682851      none	B	[O:1]=[CX3:2]!@[NX3H0:3][!#1:4]	29.9968	0.680979	-	-	-	-	O
C41682851      none	B	[$([CX3]=O):1][NX3H0:2](C)!@[CX4H2:3][C:4]	89.9991	14.7513	-	-	-	-	G
C41682851      none	B	[N:1][CX4:2]!@[CX3:3]=[O:4]	-119.992	0.897291	-	-	-	-	G
C40558448      none	B	[!#1:1][CX4:2]!@[CX4:3][!#1:4]	-81.3804	1.71775	-	-	-	-	G
C40558448      none	B	[NH1:1][CX4:2]!@[CX3:3]=[O:4]	-119.996	0.275693	-	-	-	-	G
C40558448      none	B	[$(C=O):1][NX3H1:2]!@[CX4H0:3][C:4]	-59.9935	14.7253	-	-	-	-	G
C40558448      none	B	[O:1]=[CX3:2]!@[NX3H1:3][!#1:4]	-0.010667	63.7893	-	-	-	-	G
C40558448      none	B	[O:1]=[CX3:2]!@[NX3H0:3][!#1:4]	0.313405	25.0866	-	-	-	-	G
C40558448      none	B	[N:1][CX4:2]!@[CX3:3]=[O:4]	-118.468	0.897291	-	-	-	-	O
C13086931      none	B	[O:1][CX4:2]!@[CX3:3]=[O:4]	179.996	6.67845	-	-	-	-	G
C13086931      none	B	[H:1][CX4H1:2]!@[OX2:3][!#1:4]	-0.00728805	7.47259	-	-	-	-	G
C13086931      none	B	[O:1]=[CX3:2]!@[NX3H1:3][!#1:4]	0.0176949	63.7893	-	-	-	-	G
C13086931      none	B	[$(C=O):1][NX3H1:2]!@[c:3]([cH1])[cH1:4]	-150.006	5.07451	-	-	-	-	G
C13086931      none	B	[O-:1][N+:2](=O)!@[c:3]([cH,nX2H0])[cH,nX2H0:4]	-179.714	23.2156	-	-	-	-	G
C13086931      none	B	[cH1,n:1][c:2]!@[O:3][CH1:4]	-59.9983	0.582524	-	-	-	-	R
C13086931      none	B	[aH1:1][c:2]([aH1])!@[SX4:3][!#1:4]	29.9927	0.225606	-	-	-	-	R
C13086931      none	B	[O:1]=[C:2]([O-])!@[c:3]([cH1])[cH0:4]	-0.0168117	8.88889	-	-	-	-	G
C13086931      none	B	[*:1][$(S(=O)=O):2]!@[NX3H0r:3][*:4]	-119.719	0.995261	-	-	-	-	G
C41036010      none	B	[NH1:1][CX4:2]!@[CX3:3]=[O:4]	120	0.41354	-	-	-	-	G
C41036010      none	B	[$(C=O):1][NX3H1:2]!@[CX4H0:3][C:4]	-59.9952	14.7253	-	-	-	-	G
C41036010      none	B	[O:1]=[CX3:2]([$([NX3H1]C)])!@[NX3H1:3][!#1:4]	-0.000164924	41.1343	-	-	-	-	G
C41036010      none	B	[O:1]=[CX3:2]([$([NX3H1]C)])!@[NX3H1:3][!#1:4]	179.994	9.5176	-	-	-	-	R
C41036010      none	B	[$(C=O):1][NX3H1:2]!@[CX4H1:3][H:4]	-30.0042	6.97413	-	-	-	-	G
C22157964      none	B	[O-:1][N+:2](=O)!@[c:3]([cH,nX2H0])[cH,nX2H0:4]	179.974	23.2156	-	-	-	-	G
C22157964      none	B	[a:1][c:2]!@[C:3]([NH1,NH2])=[O:4]	0.00531108	9.67683	-	-	-	-	G
C22157964      none	B	[O:1]=[CX3:2]!@[NX3H1:3][!#1:4]	-0.00470324	63.7893	-	-	-	-	G
C22157964      none	B	[$([CX3]=O):1][NX3H1:2]!@[CX4H2:3][C:4] 	180	6.46594	-	-	-	-	G
C22157964      none	B	[NH1:1][CX4:2]!@[CX3:3]=[O:4]	-119.991	0.275693	-	-	-	-	G
C54054101      none	B	[O:1]=[C:2]([O-])!@[CX4H1:3][H:4]	90.0073	0.86741	-	-	-	-	O
C54054101      none	B	[$(C=O):1][NX3H0:2]!@[CX4H1:3][H:4]	30.0026	2.94118	-	-	-	-	G
C54054101      none	B	[O:1]=[CX3:2]!@[NX3H0:3][!#1:4]	-150.006	1.37927	-	-	-	-	O
C54054101      none	B	[O:1]=[CX3:2]!@[NX3H1:3][!#1:4]	30.0071	0.0707142	-	-	-	-	O
C54054101      none	B	[$(C=O):1][NX3H1:2]!@[c:3]([cH1])[cH1:4]	29.997	5.05437	-	-	-	-	G
C54054101      none	B	[aH1:1][c:2]([aH1])!@[SX4:3][!#1:4]	0.00302443	0.126904	-	-	-	-	R
C48895694      none	B	[OX2:1][CX4:2]!@[CX4:3][N:4]	179.993	9.8427	-	-	-	-	G
C48895694      none	B	[O:1]=[C:2]([O-])!@[CX4H1:3][H:4]	90.0033	0.86741	-	-	-	-	O
C48895694      none	B	[$(C=O):1][NX3H1:2]!@[CX4H1:3][H:4]	179.998	0.712411	-	-	-	-	R
C48895694      none	B	[O:1]=[CX3:2]!@[NX3H1:3][!#1:4]	-0.00487719	63.7893	-	-	-	-	G
C48895694      none	B	[O:1]=[CX3:2]!@[NX3H0:3][!#1:4]	30.0001	0.680979	-	-	-	-	O
C48895694      none	B	[$([CX3]=O):1][NX3H0:2](C)!@[CX4H2:3][C:4]	59.9997	0.600343	-	-	-	-	O
C48895694      none	B	[$([CX3]=O):1][NX3H0:2](C)!@[CX4H2:3][C:4]	-89.9941	15.9949	-	-	-	-	G
C48895694      none	B	[OX2:1][CX4H2:2]!@[CX4H2:3][N:4]	180	8.36763	-	-	-	-	G
C48895694      none	B	[C:1][CH2:2]!@[O:3][CX4:4]	160.001	5.67469	-	-	-	-	G
C48895694      none	B	[OX2:1][CX4H2:2]!@[CX4H2:3][N:4]	59.9945	17.6955	-	-	-	-	G
C48895694      none	B	[C:1][CH2:2]!@[O:3][CX4:4]	-159.997	4.55295	-	-	-	-	G
C61827426      none	B	[!#1:1][CX4:2]!@[CX4:3][!#1:4]	79.9968	1.75235	-	-	-	-	G
C61827426      none	B	[!#1:1][CX4:2]!@[CX4:3][!#1:4]	160.001	1.81259	-	-	-	-	G
C61827426      none	B	[O:1]=[CX3:2]([NH1])!@[CH2:3][C:4]	-60.0032	5.85305	-	-	-	-	G
C61827426      none	B	[O:1]=[CX3:2]!@[NX3H1:3][!#1:4]	0.0017012	63.7893	-	-	-	-	G
C61827426      none	B	[$(C=O):1][NX3H1:2]!@[CX4H1:3][H:4]	-30.0022	6.97413	-	-	-	-	G
C61827426      none	B	[C:1][CX4H2:2]!@[CX3:3]=[O:4]	-119.992	0.79457	-	-	-	-	O
C40572122      none	B	[$(C=O):1][NX3H1:2]!@[CX4H1:3][H:4]	60.0059	6.22422	-	-	-	-	G
C40572122      none	B	[O:1]=[CX3:2]([$([NX3H1]C)])!@[NX3H1:3][!#1:4]	0.00335483	41.1343	-	-	-	-	G
C40572122      none	B	[O:1]=[CX3:2]([$([NX3H1]C)])!@[NX3H1:3][!#1:4]	-0.000482555	41.1343	-	-	-	-	G
C40572122      none	B	[$(C=O):1][NX3H1:2]!@[CX4H0:3][C:4]	-60.0041	14.7253	-	-	-	-	G
C40572122      none	B	[!#1:1][CX4:2]!@[CX4:3][!#1:4]	-111.383	0.0892838	-	-	-	-	R
C40572122      none	B	[NH1:1][CX4:2]!@[CX3:3]=[O:4]	-0.00560555	6.89233	-	-	-	-	G
C37516671      none	B	[O:1]=[CX3:2]!@[NX3H0:3][!#1:4]	149.997	1.73707	-	-	-	-	O
C37516671      none	B	[C:1][CX4:2]!@[CX3:3]=[O:4]	119.965	3.75937	-	-	-	-	G
C37516671      none	B	[O:1]=[CX3:2]!@[CX4H1r3:3][H:4]	-149.997	3.33333	-	-	-	-	G
C37516671      none	B	[O:1]=[C:2]([O-])!@[CX4H1:3][H:4]	89.9895	0.86741	-	-	-	-	O
C44881981      none	B	[$(C=O):1][NX3H1:2]!@[CX4H0:3][C:4]	-59.9967	14.7253	-	-	-	-	G
C44881981      none	B	[O:1]=[CX3:2]([$([NX3H1]C)])!@[NX3H1:3][!#1:4]	-0.00551814	41.1343	-	-	-	-	G
C44881981      none	B	[O:1]=[CX3:2]([$([NX3H1]C)])!@[NX3H1:3][!#1:4]	-9.63908e-05	41.1343	-	-	-	-	G
C44881981      none	B	[$(C=O):1][NX3H1:2]!@[CX4H1:3][H:4]	30.0014	9.46757	-	-	-	-	G
C44881981      none	B	[OX2:1][CX4:2]!@[CX4:3][N:4]	79.9963	3.55056	-	-	-	-	G
C44881981      none	B	[O:1]=[C:2]([O-])!@[CX4H1:3][H:4]	89.9964	0.86741	-	-	-	-	O
C37268758      none	B	[$(S(=O)(=O)):1][NX3H0:2]!@[CX4H2:3][!#1:4]	180	0.215517	-	-	-	-	O
C37268758      none	B	[c:1][$(S(=O)=O):2]!@[NX3H0:3][C:4]	-59.9999	7.66773	-	-	-	-	G
C37268758      none	B	N[C:2](=[O:1])!@[CH2:3][N:4]	-90.0028	0.14881	-	-	-	-	R
C37268758      none	B	[aH0:1][c:2]([aH1])!@[SX4:3][!#1:4]	89.7284	4.49141	-	-	-	-	G
C37268758      none	B	[O:1]=[C:2]([O-])!@[c:3]([cH1])[cH1:4]	179.978	7.35294	-	-	-	-	G
C09043642      none	B	[*:1]~[CX3:2]!@[NX3:3]~[*:4]	180	27.0317	-	-	-	-	G
C09043642      none	B	[*:1]~[NX3:2]!@[NX3:3]~[*:4]	159.996	3.3545	-	-	-	-	G
C09043642      none	B	[!#1:1][CX4H2:2]!@[NX3H1;"N_lp":3][!#1:4]	-60.0027	2.8021	-	-	-	-	G
C09043642      none	B	[OX2:1][CX4H2:2]!@[CX4H2:3][N:4]	180	8.36763	-	-	-	-	G
C42692309      none	B	[!#1:1][CX4:2]!@[CX4:3][!#1:4]	59.9976	12.3771	-	-	-	-	G
C42692309      none	B	[$([CX3]=O):1][NX3H0:2](C)!@[CX4H2:3][C:4]	90.0001	14.7513	-	-	-	-	G
C42692309      none	B	[$([CX3]=O):1][NX3H0:2](C)!@[CX4H2:3][C:4]	90.0015	14.7513	-	-	-	-	G
C42692309      none	B	[O:1]=[CX3:2]!@[NX3H0:3][!#1:4]	150.001	1.73707	-	-	-	-	O
C42692309      none	B	N[C:2](=[O:1])!@[CH2:3][N:4]	119.999	0.595238	-	-	-	-	G
C42692309      none	B	[O:1]=[CX3:2]!@[NX3H1:3][!#1:4]	-0.00327856	63.7893	-	-	-	-	G
C42692309      none	B	[$(C=O):1][NX3H1:2]!@[CX4H0:3][C:4]	-59.9963	14.7253	-	-	-	-	G
C42692309      none	B	[!#1:1][CX4:2]!@[CX4:3][!#1:4]	38.6264	0.998355	-	-	-	-	G
C42692309      none	B	[NH1:1][CX4:2]!@[CX3:3]=[O:4]	0.000228582	6.89233	-	-	-	-	G
C48417452      none	B	[cH0:1][c:2]([cH1])!@[CX3:3]([NX3H1])=[O:4]	179.988	16.7102	-	-	-	-	G
C48417452      none	B	[O:1]=[CX3:2]!@[NX3H1:3][!#1:4]	-0.00445988	63.7893	-	-	-	-	G
C48417452      none	B	[*:1]~[NX3:2]!@[NX3:3]~[*:4]	-89.9983	3.3545	-	-	-	-	G
C48417452      none	B	[O:1]=[CX3:2]!@[NX3H1:3][!#1:4]	-0.00166843	63.7893	-	-	-	-	G
C48417452      none	B	[O:1]=[CX3:2]!@[CX3:3]=[O:4]	119.993	1.7301	-	-	-	-	G
C48417452      none	B	[O:1]=[CX3:2]!@[NX3H1:3][!#1:4]	0.00632089	63.7893	-	-	-	-	G
C48417452      none	B	[$(C=O):1][NX3H1:2]!@[CX4H1:3][H:4]	-59.9987	1.23735	-	-	-	-	G
C52787027      none	B	[$(C=O):1][NX3H1:2]!@[CX4H1:3][H:4]	-29.9986	6.97413	-	-	-	-	G
C52787027      none	B	[O:1]=[CX3:2]([$([NX3H1]C)])!@[NX3H1:3][!#1:4]	0.00286889	41.1343	-	-	-	-	G
C52787027      none	B	[O:1]=[CX3:2]([$([NX3H1]C)])!@[NX3H1:3][!#1:4]	180	9.5176	-	-	-	-	R
C52787027      none	B	[$(C=O):1][NX3H1:2]!@[CX4H1:3][H:4]	59.9878	6.22422	-	-	-	-	G
C52787027      none	B	[!#1:1][CX4:2]!@[CX4:3][!#1:4]	179.996	22.1548	-	-	-	-	G
C52787027      none	B	[O:1]=[C:2]([O-])!@[CX4H1:3][H:4]	0.00283213	0.495663	-	-	-	-	O
C52787027      none	B	[!#1:1][CX4H2:2]!@[CX4H2:3][!#1:4]	60.0045	3.99483	-	-	-	-	G
C52787027      none	B	[C:1][CH2:2]!@[O:3][CX4:4]	-160.006	4.55295	-	-	-	-	G
C40603014      none	B	[!#1:1][CX4:2]!@[SX4:3][!#1:4]	-160.001	2.90526	-	-	-	-	G
C40603014      none	B	[!#1:1][CX4H2:2]!@[CX4H2:3][!#1:4]	60.0032	3.99483	-	-	-	-	G
C40603014      none	B	[$([CX3]=O):1][NX3H1:2]!@[CX4H2:3][C:4] 	-120.002	2.61599	-	-	-	-	O
C40603014      none	B	[O:1]=[CX3:2]!@[NX3H1:3][!#1:4]	0.000638441	63.7893	-	-	-	-	G
C40603014      none	B	[O:1]=[C:2]!@[NX3H0:3]([a:4])[A]	-0.00255711	15.7822	-	-	-	-	G
C40603014      none	B	[$(C=O):1][NX3H0:2]!@[CX4H2:3][!#1:4]	-59.9958	0.579777	-	-	-	-	G
C40603014      none	B	[$(C=O):1][NX3H0:2]!@[c:3]([cH1])[cH1:4]	-60.0055	5.10169	-	-	-	-	G
C40603014      none	B	[N:1][CX4:2]!@[CX3:3]=[O:4]	-90.0043	0.479136	-	-	-	-	O
C53117636      none	B	[OX2:1][CX4:2]!@[CX4:3][N:4]	159.997	1.1236	-	-	-	-	O
C53117636      none	B	[!#1:1][CX4:2]!@[NX3:3][!#1:4]	180	4.35363	-	-	-	-	G
C53117636      none	B	[C:1][$(S(=O)=O):2]!@[NX3H1:3][C:4]	-89.9971	6.12245	-	-	-	-	G
C53117636      none	B	[!#1:1][CX4:2]!@[SX4:3][!#1:4]	179.998	13.1368	-	-	-	-	G
C53117636      none	B	[!#1:1][CX4H2:2]!@[CX3:3]=[O:4]	-90.0007	1.11373	-	-	-	-	G
C21967246      none	B	[OX2:1][CX4:2]!@[CX4:3][N:4]	-40.0093	1.41573	-	-	-	-	G
C21967246      none	B	[O:1]=[C:2]([O-])!@[CX4H1:3][H:4]	89.9964	0.86741	-	-	-	-	O
C21967246      none	B	[$(C=O):1][NX3H1:2]!@[CX4H1:3][H:4]	-29.995	6.97413	-	-	-	-	G
C21967246      none	B	[O:1]=[CX3:2]!@[NX3H1:3][!#1:4]	0.000484277	63.7893	-	-	-	-	G
C21967246      none	B	[cH1:1][c:2]([cH1])!@[C:3]([NH1,NH2])=[O:4]	152.996	9.05971	-	-	-	-	G
C12414152      none	B	[cH1,n:1][c:2]!@[O:3][CRH1:4]	60.2603	0.203252	-	-	-	-	R
C12414152      none	B	[H:1][CX4H1:2]!@[OX2:3][!#1:4]	-90.0025	0.015086	-	-	-	-	R
C12414152      none	B	[$(C=O):1][NX3H1:2]!@[CX4H1:3][H:4]	30.003	9.46757	-	-	-	-	G
C12414152      none	B	[O:1]=[CX3:2]!@[NX3H1:3][!#1:4]	-0.00948679	63.7893	-	-	-	-	G
C41038053      none	B	[NH1:1][CX4:2]!@[CX3:3]=[O:4]	-150.006	4.5183	-	-	-	-	G
C41038053      none	B	[$(C=O):1][NX3H1:2]!@[CX4H0:3][C:4]	180	11.3993	-	-	-	-	G
C41038053      none	B	[O:1]=[CX3:2]!@[NX3H1:3][!#1:4]	0.002516	63.7893	-	-	-	-	G
C41038053      none	B	[a:1][c:2]!@[C:3]([NH1,NH2])=[O:4]	89.9937	0.308642	-	-	-	-	O
C40532881      none	B	[$(C=O):1][NX3H1:2]!@[CX4H1:3][H:4]	-30.0074	6.97413	-	-	-	-	G
C40532881      none	B	[O:1]=[CX3:2]!@[NX3H1:3][!#1:4]	0.0062813	63.7893	-	-	-	-	G
C40532881      none	B	[O:1]=[CX3:2]!@[NX3H0:3][!#1:4]	0.298915	25.0866	-	-	-	-	G
C40532881      none	B	[O:1]=[C:2]([O-])!@[CX4H1:3][H:4]	90.0033	0.86741	-	-	-	-	O
CHEMBL373429      none	B	[!#1:1][CH2:2]!@[n:3][cH0:4]	-45.017	0.127497	-	-	-	-	R
CHEMBL373429      none	B	[!#1:1][CH2:2]!@[n:3][cH0:4]	44.9979	0.0212495	-	-	-	-	R
CHEMBL373429      none	B	[cH0:1][c:2]!@[CX4H2:3][a:4]	45.0037	1.03011	-	-	-	-	R
CHEMBL373429      none	B	[c:1][c:2]!@[c:3][s,o,nX3H1:4]	30.2506	2.54993	-	-	-	-	G
CHEMBL373429      none	B	[O:1]=[C:2]([O-])!@[c:3][a:4]	90.006	0.862069	-	-	-	-	O
CHEMBL373429      none	B	[!#1:1][CX4:2]!@[CX4:3][!#1:4]	179.993	22.1548	-	-	-	-	G
CHEMBL373429      none	B	[O:1]=[C:2]([O-])!@[CX4H1:3][H:4]	89.9987	0.86741	-	-	-	-	O
C64610543      none	B	[a:1][c:2]!@[CX4H2:3][!#1:4]	-90.0465	7.30446	-	-	-	-	G
C64610543      none	B	[$(C=O):1][NX3H1:2]!@[c:3]([cH1])[cH1:4]	-120.024	0.302054	-	-	-	-	R
C64610543      none	B	[O:1]=[CX3:2]!@[NX3H1:3][!#1:4]	-0.00494307	63.7893	-	-	-	-	G
C64610543      none	B	[O:1]=[CX3:2]([NH1])!@[CH2:3][C:4]	90.0145	2.11706	-	-	-	-	O
C64610543      none	B	[!#1:1][CX4:2]!@[CX4:3][!#1:4]	77.5142	1.75235	-	-	-	-	G
C64610543      none	B	[C:1][CX4:2]!@[CX3:3]=[O:4]	90.004	3.65147	-	-	-	-	G
C49364895      none	B	[O:1]=[C:2]([O-])!@[CX4H1:3][H:4]	89.9995	0.86741	-	-	-	-	O
C49364895      none	B	[$(S(=O)(=O)):1][NX3H1:2]!@[CX4H1:3][H:4]	29.9911	11.9705	-	-	-	-	G
C49364895      none	B	[c:1][$(S(=O)=O):2]!@[NX3H1:3][C:4]	90.0025	2.64026	-	-	-	-	G
C49364895      none	B	[aH1:1][c:2]([aH1])!@[SX4:3][!#1:4]	-89.7243	12.5987	-	-	-	-	G
C61712953      none	B	[!#1:1][CX4:2]!@[CX4:3][!#1:4]	180	22.1548	-	-	-	-	G
C61712953      none	B	[O:1]=[C:2]([O-])!@[CX4H1:3][H:4]	90.0042	0.86741	-	-	-	-	O
C61712953      none	B	[$(C=O):1][NX3H1:2]!@[CX4H1:3][H:4]	-30.0095	6.97413	-	-	-	-	G
C61712953      none	B	[O:1]=[CX3:2]!@[NX3H1:3][!#1:4]	0.00294706	63.7893	-	-	-	-	G
C61712953      none	B	[O:1]=[CX3:2]!@[NX3H0:3][!#1:4]	-179.681	18.2537	-	-	-	-	G
C22171096      none	B	[$([CX3]=O):1][NX3H0:2](C)!@[CX4H2:3][C:4]	89.99	14.7513	-	-	-	-	G
C22171096      none	B	[$([CX3]=O):1][NX3H0:2](C)!@[CX4H2:3][C:4]	90.005	14.7513	-	-	-	-	G
C22171096      none	B	[O:1]=[CX3:2]!@[NX3H0:3][!#1:4]	0.00619595	25.0866	-	-	-	-	G
C22171096      none	B	N[C:2](=[O:1])!@[CH2:3][N:4]	0.000584401	9.82143	-	-	-	-	G
C22171096      none	B	[$([CX3]=O):1][NX3H1:2]!@[CX4H2:3][C:4] 	179.999	6.46594	-	-	-	-	G
C22171096      none	B	[O:1]=[CX3:2]([$([NX3H1]C)])!@[NX3H1:3][!#1:4]	0.00177141	41.1343	-	-	-	-	G
C22171096      none	B	[O:1]=[CX3:2]([$([NX3H1]C)])!@[NX3H1:3][!#1:4]	179.998	9.5176	-	-	-	-	R
C22171096      none	B	[$([CX3]=O):1][NX3H1:2]!@[CX4H2:3][C:4] 	180	6.46594	-	-	-	-	G
C22171096      none	B	[NH1:1][CX4:2]!@[CX3:3]=[O:4]	-119.998	0.275693	-	-	-	-	G
C40598251      none	B	[H:1][CX4H1:2]!@[O:3][CX4:4]	39.9954	11.9906	-	-	-	-	G
C40598251      none	B	[O:1]=[C:2]([O-])!@[CX4H1:3][H:4]	0.00550824	0.495663	-	-	-	-	O
C40598251      none	B	[O:1]=[CX3:2]!@[NX3H0:3][!#1:4]	150.008	1.73707	-	-	-	-	O
C40598251      none	B	[O:1]=[CX3:2]!@[NX3H1:3][!#1:4]	-0.00346755	63.7893	-	-	-	-	G
C40598251      none	B	[$([CX3]=O):1][NX3H1:2]!@[CX4H2:3][C:4] 	90.0025	7.35439	-	-	-	-	G
C40598251      none	B	[!#1:1][CX4H2:2]!@[CX4H2:3][!#1:4]	59.9961	3.99483	-	-	-	-	G
C40598251      none	B	[!#1:1][CX4H2:2]!@[CX4H2:3][!#1:4]	-59.9996	3.77933	-	-	-	-	G
C40598251      none	B	[N:1][C:2](=O)!@[CX4H2:3][CX4H2:4]	-59.9999	0	-	-	-	-	R
C42426513      none	B	[!#1:1][CX4H2:2]!@[CX4H2:3][!#1:4]	59.9982	3.99483	-	-	-	-	G
C42426513      none	B	[$([CX3]=O):1][NX3H0:2](C)!@[CX4H2:3][C:4]	-120.001	2.31561	-	-	-	-	O
C42426513      none	B	[$([CX3]=O):1][NX3H0:2](C)!@[CX4H2:3][C:4]	-90.0013	15.9949	-	-	-	-	G
C42426513      none	B	[O:1]=[CX3:2]!@[NX3H0:3][!#1:4]	0.00480771	25.0866	-	-	-	-	G
C42426513      none	B	N[C:2](=[O:1])!@[CH2:3][N:4]	30.0042	5.20833	-	-	-	-	G
C42426513      none	B	[O:1]=[CX3:2]!@[NX3H0:3][!#1:4]	-0.00537355	25.0866	-	-	-	-	G
C42426513      none	B	[O:1]=[CX3:2]!@[CX3:3]=[O:4]	89.9969	2.94118	-	-	-	-	G
C42426513      none	B	[O:1]=[CX3:2]!@[NX3H1:3][!#1:4]	-0.00138387	63.7893	-	-	-	-	G
C62817327      none	B	[N:1][CX4:2]!@[CX3:3]=[O:4]	120.011	0.766617	-	-	-	-	G
C62817327      none	B	[$(C=O):1][NX3H0:2]!@[CX4H0:3][C:4]	-150.307	1.21622	-	-	-	-	G
C20080833      none	B	[cH1:1][c:2]([cH1])!@[O:3][C:4]	-150.002	0.243246	-	-	-	-	O
C20080833      none	B	[O:1]=[C:2]([O-])!@[c:3][a:4]	-0.00348255	11.4943	-	-	-	-	G
C20080833      none	B	[C:1][CX4H2:2]!@[OX2:3][c:4]	60.0018	0.147399	-	-	-	-	G
C20080833      none	B	[OX2:1][CX4H2:2]!@[CX3:3]([$([NX3H1,NX3H2])])=[O:4]	-90.0103	0	-	-	-	-	R
C37332196      none	B	[O-:1][N+:2](=O)!@[c:3]([cH,nX2H0])[cH,nX2H0:4]	180	23.2156	-	-	-	-	G
C37332196      none	B	[a:1][a:2]!@[CX3:3]=[O:4]	-30.0005	2.49728	-	-	-	-	G
C37332196      none	B	[N:1][CX4:2]!@[CX3:3]=[O:4]	90.0018	0.374597	-	-	-	-	O
C37332196      none	B	[C:1][CX4H2:2]!@[NX3;"N_lp":3][C:4]	-76.3621	7.97203	-	-	-	-	G
C50397530      none	B	[O:1]=[C:2]([O-])!@[c:3]([cH1])[cH0:4]	89.9943	0	-	-	-	-	R
C50397530      none	B	[aH0:1][c:2]([aH0])!@[SX4:3][!#1:4]	-83.8641	8.10056	-	-	-	-	G
C50397530      none	B	[c:1][$(S(=O)=O):2]!@[NX3H1:3][C:4]	-89.9873	3.19032	-	-	-	-	G
C50397530      none	B	[$(S(=O)(=O)):1][NX3H1:2]!@[CX4H1:3][H:4]	-30.0133	9.39227	-	-	-	-	G
C01066233      none	B	[!#1:1][CX4H2:2]!@[CX4H2:3][!#1:4]	180	58.554	-	-	-	-	G
C01066233      none	B	[C:1][CX4H2:2]!@[CX3:3]=[O:4]	-119.997	0.79457	-	-	-	-	O
C01066233      none	B	[$([CX3]=O):1][NX3H0:2](C)!@[CX4H2:3][C:4]	59.6822	0.600343	-	-	-	-	O
C40603556      none	B	[$([CX3]=O):1][NX3H0:2](C)!@[CX4H2:3][C:4]	-90.0033	15.9949	-	-	-	-	G
C40603556      none	B	[$([CX3]=O):1][NX3H0:2](C)!@[CX4H2:3][C:4]	-89.9949	15.9949	-	-	-	-	G
C40603556      none	B	[O:1]=[CX3:2]!@[NX3H0:3][!#1:4]	0.0104211	25.0866	-	-	-	-	G
C40603556      none	B	[OX2:1][CX4H2:2]!@[CX4H2:3][N:4]	60.0017	17.6955	-	-	-	-	G
C40603556      none	B	[O:1]=[CX3:2]!@[NX3H1:3][!#1:4]	-0.00291194	63.7893	-	-	-	-	G
C40603556      none	B	[$([CX3]=O):1][NX3H1:2]!@[CX4H2:3][C:4] 	-90.0019	7.35439	-	-	-	-	G
C40603556      none	B	N[C:2](=[O:1])!@[CH2:3][N:4]	180	8.33333	-	-	-	-	G
C40603556      none	B	[O:1]=[CX3:2]!@[NX3H1:3][!#1:4]	-0.00339208	63.7893	-	-	-	-	G
C40603556      none	B	[$([CX3]=O):1][NX3H1:2]!@[CX4H2:3][C:4] 	179.999	6.46594	-	-	-	-	G
C40603556      none	B	[NH1:1][CX4:2]!@[CX3:3]=[O:4]	119.988	0.41354	-	-	-	-	G
C36983852      none	B	[OX2:1][CX4:2]!@[CX4:3][N:4]	40.0038	1.66292	-	-	-	-	G
C36983852      none	B	[O:1]=[C:2]([O-])!@[CX4H1:3][H:4]	0.000675763	0.495663	-	-	-	-	O
C36983852      none	B	[$(S(=O)(=O)):1][NX3H1:2]!@[CX4H1:3][H:4]	-29.9983	9.39227	-	-	-	-	G
C36983852      none	B	[*:1][$(S(=O)=O):2]!@[NX3H1:3][*:4]	60.002	8.81913	-	-	-	-	G
C36983852      none	B	[*:1][$(S(=O)=O):2]!@[NX3H0r:3][*:4]	60.2797	7.32227	-	-	-	-	G
C36983852      none	B	[C:1][CX4:2]!@[CX3:3]=[O:4]	-0.0283051	5.61823	-	-	-	-	G
C36983852      none	B	[O:1]=[C:2]!@[O:3]~[C:4]	-0.00230996	74.4927	-	-	-	-	G
C40547734      none	B	[$(C=O):1][NX3H1:2]!@[CX4H1:3][H:4]	-59.9908	1.23735	-	-	-	-	G
C40547734      none	B	[O:1]=[CX3:2]!@[NX3H1:3][!#1:4]	-0.00262255	63.7893	-	-	-	-	G
C40547734      none	B	[O:1]=[CX3:2]!@[NX3H0:3][!#1:4]	-29.6916	0.692521	-	-	-	-	O
C40547734      none	B	[O:1]=[C:2]([O-])!@[CX4H1:3][H:4]	90.0006	0.86741	-	-	-	-	O
C43511007      none	B	[a:1][c:2]!@[C:3]([NH1,NH2])=[O:4]	30.0114	4.93827	-	-	-	-	O
C43511007      none	B	[O:1]=[CX3:2]!@[NX3H1:3][!#1:4]	-0.0139963	63.7893	-	-	-	-	G
C43511007      none	B	[$(C=O):1][NX3H1:2]!@[CX4H0:3][C:4]	176.039	11.3993	-	-	-	-	G
C43511007      none	B	[NH1:1][CX4:2]!@[CX3:3]=[O:4]	89.9939	0.183795	-	-	-	-	R
C38890035      none	B	[O:1]=[C:2]([O-])!@[CX4H1:3][H:4]	90.0033	0.86741	-	-	-	-	O
C38890035      none	B	[$(C=O):1][NX3H1:2]!@[CX4H1:3][H:4]	60.0105	6.22422	-	-	-	-	O
C38890035      none	B	[O:1]=[CX3:2]!@[NX3H1:3][!#1:4]	-0.00734224	63.7893	-	-	-	-	G
C38890035      none	B	[NH1:1][CX4:2]!@[CX3:3]=[O:4]	-149.993	4.5183	-	-	-	-	G
C38890035      none	B	[!#1:1][CX4:2]!@[CX4:3][!#1:4]	-60.0025	12.2558	-	-	-	-	G
C38890035      none	B	[$(C=O):1][NX3H1:2]!@[CX4H1:3][H:4]	-60.002	1.23735	-	-	-	-	G
C38890035      none	B	[O:1]=[CX3:2]!@[NX3H1:3][!#1:4]	0.00566303	63.7893	-	-	-	-	G
C38890035      none	B	[O:1][CX4:2]!@[CX3:3]=[O:4]	119.727	0.923198	-	-	-	-	O
C39070526      none	B	[a:1][c:2]!@[CX4H1:3][N,O:4]	0.00937972	1.53503	-	-	-	-	G
C39070526      none	B	[O-:1][N+:2](=O)!@[c:3]([cH,nX2H0])[cH,nX2H0:4]	-179.719	23.2156	-	-	-	-	G
C38100500      none	B	[*:1][$(S(=O)=O):2]!@[NX3H0r:3][*:4]	-60.0016	8.17536	-	-	-	-	G
C38100500      none	B	[*:1][$(S(=O)=O):2]!@[NX3H0r:3][*:4]	89.9992	4.85782	-	-	-	-	G
C38100500      none	B	[!#1:1][CX4:2]!@[SX4:3][!#1:4]	160.007	2.73684	-	-	-	-	G
C38100500      none	B	[!#1:1][CX4H2:2]!@[CX3:3]=[O:4]	-119.996	0.59462	-	-	-	-	G
C40423960      none	B	[$(C=O):1][NX3H0:2]!@[CX4H1:3][H:4]	-30.0188	2.81513	-	-	-	-	O
C40423960      none	B	[OX2:1][CX4:2]!@[CX4:3][OX2:4]	-56.7646	16.2177	-	-	-	-	G
C16904091      none	B	[a:1][c:2]!@[CX3:3]=[CX3H0:4]	-150.002	2.80434	-	-	-	-	G
C16904091      none	B	[*:1]~[CX3:2]!@[NX2:3]~[*:4]	-29.9932	0.217973	-	-	-	-	O
C16904091      none	B	[*:1]~[cX3:2]!@[NX2:3]~[*:4]	30.2637	1.49735	-	-	-	-	O
C16904091      none	B	[O:1]=[C:2]([O-])!@[c:3]([cH1])[cH0:4]	89.9927	0	-	-	-	-	R
C37244356      none	B	[$(C=O):1][NX3H0:2]!@[CX4H1:3][H:4]	-30.0031	2.81513	-	-	-	-	G
C37244356      none	B	[O:1]=[CX3:2]!@[NX3H0:3][!#1:4]	-0.00109177	25.0866	-	-	-	-	G
C37244356      none	B	[O:1]=[CX3:2]!@[CX3:3]=[O:4]	-120	1.55709	-	-	-	-	G
C37244356      none	B	[O:1]=[CX3:2]!@[NX3H1:3][!#1:4]	-0.00203908	63.7893	-	-	-	-	G
C37244356      none	B	[$([CX3]=O):1][NX3H1:2]!@[CX4H2:3][C:4] 	90.0019	7.35439	-	-	-	-	G
C37244356      none	B	[!#1:1][CX4:2]!@[CX3H0:3][!#1:4]	-59.9971	4.40277	-	-	-	-	G
C37429955      none	B	[!#1:1][CX4:2]!@[CX4:3][!#1:4]	180	22.1548	-	-	-	-	G
C37429955      none	B	[O:1]=[C:2]([O-])!@[CX4H1:3][H:4]	-0.0022335	0.495663	-	-	-	-	O
C37429955      none	B	[$(C=O):1][NX3H1:2]!@[CX4H1:3][H:4]	-29.9964	6.97413	-	-	-	-	G
C37429955      none	B	[O:1]=[CX3:2]!@[NX3H1:3][!#1:4]	-0.0076704	63.7893	-	-	-	-	G
C37429955      none	B	[a:1][c:2]!@[C:3]([NH1,NH2])=[O:4]	30.3118	4.93827	-	-	-	-	O
C37429955      none	B	[aH1:1][c:2]([aH1])!@[SX4:3][!#1:4]	-90.0032	12.5987	-	-	-	-	G
C37429955      none	B	[c:1][$(S(=O)=O):2]!@[NX3H1:3][C:4]	60.0015	14.5215	-	-	-	-	G
C40565992      none	B	[OX2:1][CX4:2]!@[CX4:3][N:4]	-79.9968	3.59551	-	-	-	-	G
C40565992      none	B	[O:1]=[C:2]([O-])!@[CX4H1:3][H:4]	-0.000913804	0.495663	-	-	-	-	O
C40565992      none	B	[$(C=O):1][NX3H1:2]!@[CX4H1:3][H:4]	-29.9998	6.97413	-	-	-	-	G
C40565992      none	B	[O:1]=[CX3:2]!@[NX3H1:3][!#1:4]	0.006105	63.7893	-	-	-	-	G
C40565992      none	B	[O:1]=[CX3:2]!@[NX3H0:3][!#1:4]	-30.011	0.692521	-	-	-	-	O
C40565992      none	B	[$(C=O):1][NX3H0:2]!@[CX4H1:3][H:4]	-0.00595849	15.8824	-	-	-	-	G
C61948652      none	B	[O:1]=[CX3:2]!@[NX3H0:3][!#1:4]	29.9976	0.680979	-	-	-	-	O
C61948652      none	B	[CX4:1][CX4H2:2]!@[NX3;"N_lp":3][CX4:4]	159.999	6.03015	-	-	-	-	G
C61948652      none	B	[O:1]=[CX3:2]!@[NX3H1:3][!#1:4]	0.00350625	63.7893	-	-	-	-	G
C61948652      none	B	[$(C=O):1][NX3H1:2]!@[CX4H1:3][H:4]	-30.003	6.97413	-	-	-	-	G
C61948652      none	B	[OX2:1][CX4:2]!@[CX4:3][N:4]	59.9962	15.2809	-	-	-	-	G
C61948652      none	B	[O:1]=[C:2]([O-])!@[CX4H1:3][H:4]	-0.00123639	0.495663	-	-	-	-	O
C19834913      none	B	[aH1:1][c:2]([aH1])!@[SX4:3][!#1:4]	89.9992	12.916	-	-	-	-	G
C19834913      none	B	[*:1]~[N,n:2]!@[S:3]~[*:4]	59.9921	4.33354	-	-	-	-	G
C19834913      none	B	[*:1]~[CX3:2]!@[NX2:3]~[*:4]	120.005	0.114723	-	-	-	-	G
C19834913      none	B	[*:1]~[cX3:2]!@[NX2:3]~[*:4]	90.2791	1.96062	-	-	-	-	O
C19834913      none	B	[O:1]=[C:2]([O-])!@[c:3]([cH1])[cH1:4]	-179.782	7.35294	-	-	-	-	G
C42520014      none	B	[$([CX3]=O):1][NX3H0:2](C)!@[CX4H2:3][C:4]	-90.0063	15.9949	-	-	-	-	G
C42520014      none	B	[$([CX3]=O):1][NX3H0:2](C)!@[CX4H2:3][C:4]	-89.997	15.9949	-	-	-	-	G
C42520014      none	B	[O:1]=[CX3:2]!@[NX3H0:3][!#1:4]	0.00294508	25.0866	-	-	-	-	G
C42520014      none	B	N[C:2](=[O:1])!@[CH2:3][N:4]	-30.011	4.7619	-	-	-	-	G
C42520014      none	B	[$([CX3]=O):1][NX3H0:2](C)!@[CX4H2:3][C:4]	89.9988	14.7513	-	-	-	-	G
C42520014      none	B	[O:1]=[CX3:2]!@[NX3H0:3][!#1:4]	150.002	1.73707	-	-	-	-	O
C42520014      none	B	[O:1]=[CX3:2]!@[NX3H1:3][!#1:4]	-0.00511396	63.7893	-	-	-	-	G
C43503442      none	B	[cH1:1][c:2]([cH1])!@[C:3]([NH1,NH2])=[O:4]	90.0264	0	-	-	-	-	R
C43503442      none	B	[O:1]=[CX3:2]!@[NX3H1:3][!#1:4]	-0.00650133	63.7893	-	-	-	-	G
C43503442      none	B	[$(C=O):1][NX3H1:2]!@[CX4H0:3][C:4]	-174.358	10.7839	-	-	-	-	G
C43503442      none	B	[NH1:1][CX4:2]!@[CX3:3]=[O:4]	0.00777208	6.89233	-	-	-	-	G
C19436585      none	B	[OX2:1][CX4:2]!@[CX4:3][N:4]	39.9952	1.66292	-	-	-	-	G
C19436585      none	B	[O:1]=[C:2]([O-])!@[CX4H1:3][H:4]	0.00136269	0.495663	-	-	-	-	O
C19436585      none	B	[$(S(=O)(=O)):1][NX3H1:2]!@[CX4H1:3][H:4]	30.0071	11.9705	-	-	-	-	G
C19436585      none	B	[c:1][$(S(=O)=O):2]!@[NX3H1:3][C:4]	59.9949	14.5215	-	-	-	-	G
C19436585      none	B	[aH1:1][c:2]([aH1])!@[SX4:3][!#1:4]	90.2802	12.916	-	-	-	-	G
C63155575      none	B	[!#1:1][CX4:2]!@[CX4:3][!#1:4]	-79.9999	1.71775	-	-	-	-	G
C63155575      none	B	[!#1:1][CX4:2]!@[SX4:3][!#1:4]	-72.2591	7.22105	-	-	-	-	G
C63155575      none	B	[C:1][$(S(=O)=O):2]!@[NX3H1:3][C:4]	-60	10.2041	-	-	-	-	G
C63155575      none	B	[$(S(=O)(=O)):1][NX3H1:2]!@[CX4H1:3][H:4]	-0.00473117	7.36648	-	-	-	-	G
C63155575      none	B	[!#1:1][CX4:2]!@[CX4:3][!#1:4]	180	22.1548	-	-	-	-	G
C63155575      none	B	[O:1]=[C:2]([O-])!@[CX4H1:3][H:4]	0.00413707	0.495663	-	-	-	-	O
C63155575      none	B	[!#1:1][CX4H2:2]!@[CX4H2:3][!#1:4]	60.0041	3.99483	-	-	-	-	G
C63143572      none	B	[!#1:1][CX4:2]!@[SX4:3][!#1:4]	60.0048	11.0105	-	-	-	-	G
C63143572      none	B	[!#1:1][CX4H2:2]!@[CX4H2:3][!#1:4]	179.997	58.554	-	-	-	-	G
C63143572      none	B	[!#1:1][CX4:2]!@[SX4:3][!#1:4]	167.738	7.85263	-	-	-	-	G
C63143572      none	B	[*:1]~[N,n:2]!@[S:3]~[*:4]	60.0039	4.33354	-	-	-	-	G
C63143572      none	B	[$(S(=O)(=O)):1][N:2]!@[c:3][a:4]	89.997	4.78516	-	-	-	-	G
C49080457      none	B	[!#1:1][CX4H2:2]!@[CX4H2:3][!#1:4]	180	58.554	-	-	-	-	G
C49080457      none	B	[!#1:1][CX4:2]!@[CX4:3][!#1:4]	179.998	22.1548	-	-	-	-	G
C49080457      none	B	[NH1:1][CX4:2]!@[CX3:3]=[O:4]	-30.0011	4.44172	-	-	-	-	G
C49080457      none	B	[$(C=O):1][NX3H1:2]!@[CX4H0:3][C:4]	60.0004	13.3187	-	-	-	-	G
C49080457      none	B	[O:1]=[CX3:2]([$([NX3H1]C)])!@[NX3H1:3][!#1:4]	-0.00367145	41.1343	-	-	-	-	G
C49080457      none	B	[O:1]=[CX3:2]([$([NX3H1]C)])!@[NX3H1:3][!#1:4]	0.0038743	41.1343	-	-	-	-	G
C49080457      none	B	[$([CX3]=O):1][NX3H1:2]!@[CX4H2:3][C:4] 	90.005	7.35439	-	-	-	-	G
C49080457      none	B	[!#1:1][CX4H2:2]!@[CX4H2:3][!#1:4]	59.9948	3.99483	-	-	-	-	G
C49080457      none	B	[!#1:1][CH2:2]!@[n:3][a:4]	135.308	0.423307	-	-	-	-	O
C34797455      none	B	[aH1:1][c:2]([aH1])!@[SX4:3][!#1:4]	-89.9987	12.5987	-	-	-	-	G
C34797455      none	B	[O-:1][N+:2](=O)!@[c:3]([cH0])[cH,nX2H0:4]	0.0151709	12.6374	-	-	-	-	G
C40697353      none	B	[O:1]=[CX3:2]!@[NX3H0:3][!#1:4]	150.003	1.73707	-	-	-	-	O
C40697353      none	B	[!#1:1][CX4H2:2]!@[CX3:3]=[O:4]	-60.0024	1.45352	-	-	-	-	G
C40697353      none	B	[!#1:1][CX4:2]!@[SX2:3][!#1:4]	79.9956	6.41197	-	-	-	-	G
C40697353      none	B	[!#1:1][CX4:2]!@[SX2:3][!#1:4]	60.003	7.53739	-	-	-	-	G
C40697353      none	B	[!#1:1][CX4H2:2]!@[CX3:3]=[O:4]	-120	0.59462	-	-	-	-	G
C40697353      none	B	[O:1]=[CX3:2]!@[NX3H1:3][!#1:4]	0.00314331	63.7893	-	-	-	-	G
C40697353      none	B	[$(C=O):1][NX3H1:2]!@[CX4H1:3][H:4]	-30.0002	6.97413	-	-	-	-	G
C40697353      none	B	[!#1:1][CX4:2]!@[CX4:3][!#1:4]	59.9998	12.3771	-	-	-	-	G
C40697353      none	B	[O:1]=[C:2]([O-])!@[CX4H1:3][H:4]	89.9932	0.86741	-	-	-	-	O
C40697353      none	B	[!#1:1][CX4H2:2]!@[CX4H2:3][!#1:4]	180	58.554	-	-	-	-	G
C37455604      none	B	[H:1][CX4H1:2]!@[O:3][CX4:4]	39.9964	11.9906	-	-	-	-	G
C37455604      none	B	[O:1]=[C:2]([O-])!@[CX4H1:3][H:4]	89.9985	0.86741	-	-	-	-	O
C37455604      none	B	[O:1]=[CX3:2]!@[NX3H0:3][!#1:4]	179.994	18.2537	-	-	-	-	G
C37455604      none	B	[NH1:1][CX4:2]!@[CX3:3]=[O:4]	60.0032	0.459488	-	-	-	-	O
C37455604      none	B	[!#1:1][CX4:2]!@[CX4:3][!#1:4]	-160.003	1.85018	-	-	-	-	G
C37455604      none	B	[$(C=O):1][NX3H1:2]!@[CX4H1:3][H:4]	30.0071	9.46757	-	-	-	-	G
C37455604      none	B	[!#1:1][CX4H2:2]!@[CX4H2:3][!#1:4]	180	58.554	-	-	-	-	G
C37455604      none	B	[!#1:1][CX4:2]!@[SX2:3][!#1:4]	80.0011	6.41197	-	-	-	-	G
C37455604      none	B	[O:1]=[CX3:2]!@[NX3H1:3][!#1:4]	-0.00864873	63.7893	-	-	-	-	G
C45226017      none	B	[!#1:1][CX4:2]!@[CX4:3][!#1:4]	-60.0006	12.2558	-	-	-	-	G
C45226017      none	B	[N:1][CX4:2]!@[CX3:3]=[O:4]	-30.0026	5.37503	-	-	-	-	G
C45226017      none	B	[!#1:1][CX4H2:2]!@[CX4H2:3][!#1:4]	179.998	58.554	-	-	-	-	G
C45226017      none	B	[CX4:1][CX4H2:2]!@[NX3;"N_lp":3][CX4:4]	-76.3743	8.1206	-	-	-	-	G
C42460485      none	B	[$([CX3]=O):1][NX3H0:2](C)!@[CX4H2:3][C:4]	-89.998	15.9949	-	-	-	-	G
C42460485      none	B	[O:1]=[CX3:2]!@[NX3H0:3][!#1:4]	-149.996	1.37927	-	-	-	-	O
C42460485      none	B	[OX2:1][CX4H2:2]!@[CX4H2:3][N:4]	179.997	8.36763	-	-	-	-	G
C42460485      none	B	[C:1][CH2:2]!@[O:3][CX4:4]	-80.0004	1.18773	-	-	-	-	G
C42460485      none	B	[O:1]=[CX3:2]!@[NX3H0:3][!#1:4]	-149.698	1.37927	-	-	-	-	O
C42460485      none	B	[O:1]=[C:2]([O-])!@[CX4H1:3][H:4]	89.9924	0.86741	-	-	-	-	O
C55621953      none	B	[aH0:1][c:2]([aH1])!@[SX4:3][!#1:4]	-69.9773	15.3236	-	-	-	-	G
C55621953      none	B	[c:1][S:2](=O)(=O)!@[NX2H0-:3]-[*:4]	-59.996	11.1111	-	-	-	-	G
C55621953      none	B	[$(S(=O)(=O)):1][NH0:2]!@[c:3]([cH1])[cH1:4]	-90.2793	17.7686	-	-	-	-	G
C55621953      none	B	[cH1:1][c:2]([cH1])!@[C:3]([NH1,NH2])=[O:4]	27.0315	8.08167	-	-	-	-	G
C55621953      none	B	[O:1]=[CX3:2]!@[NX3H1:3][!#1:4]	-0.00424548	63.7893	-	-	-	-	G
C55621953      none	B	[$([CX3]=O):1][NX3H1:2]!@[CX4H2:3][C:4] 	-119.998	2.61599	-	-	-	-	O
C55621953      none	B	[OX2:1][CX4H2:2]!@[CX4H2:3][N:4]	59.9956	17.6955	-	-	-	-	G
C55109111      none	B	[NH1:1][CX4:2]!@[CX3:3]=[O:4]	0.00220745	6.89233	-	-	-	-	G
C55109111      none	B	[$(C=O):1][NX3H1:2]!@[CX4H0:3][C:4]	60.0026	13.3187	-	-	-	-	G
C55109111      none	B	[O:1]=[CX3:2]!@[NX3H1:3][!#1:4]	0.0079022	63.7893	-	-	-	-	G
C55109111      none	B	[$(C=O):1][NX3H1:2]!@[CX4H1:3][H:4]	59.9963	6.22422	-	-	-	-	G
C55109111      none	B	[!#1:1][CX4:2]!@[CX4:3][!#1:4]	179.996	22.1548	-	-	-	-	G
C55109111      none	B	[O:1]=[C:2]([O-])!@[CX4H1:3][H:4]	-0.0103696	0.495663	-	-	-	-	O
C55109111      none	B	[!#1:1][CX4H2:2]!@[CX4H2:3][!#1:4]	179.998	58.554	-	-	-	-	G
C55109111      none	B	[!#1:1][CX4:2]!@[SX2:3][!#1:4]	159.999	2.91722	-	-	-	-	G
C55109111      none	B	[O:1]=[CX3:2]!@[NX3H1:3][!#1:4]	-0.00198441	63.7893	-	-	-	-	G
C55109111      none	B	[s:1][c:2]!@[C:3]([NH1])=[O:4]	180	7.69231	-	-	-	-	R
C44345472      none	B	[a:1][c:2]!@[CX4H1:3][N,O:4]	179.995	1.64318	-	-	-	-	G
C44345472      none	B	[$(C=O):1][NX3H1:2]!@[CX4H1:3][H:4]	32.0019	9.46757	-	-	-	-	G
C44345472      none	B	[O:1]=[CX3:2]!@[NX3H1:3][!#1:4]	-0.00184565	63.7893	-	-	-	-	G
C44345472      none	B	[O:1]=[CX3:2]([NH1])!@[CH2:3][C:4]	-89.9997	1.868	-	-	-	-	O
C44345472      none	B	[!#1:1][CX4H2:2]!@[CX4H2:3][!#1:4]	180	58.554	-	-	-	-	G
C44345472      none	B	[!#1:1][CX4:2]!@[SX2:3][!#1:4]	159.995	2.91722	-	-	-	-	G
C44345472      none	B	[!#1:1][CX4:2]!@[SX2:3][!#1:4]	40.0047	0.636754	-	-	-	-	O
C44345472      none	B	[!#1:1][CX4H2:2]!@[CX3:3]=[O:4]	59.9931	1.20812	-	-	-	-	G
C44846357      none	B	[!#1:1][CX4:2]!@[CX3H0:3][!#1:4]	60.0049	4.20603	-	-	-	-	G
C44846357      none	B	[C:1][CX4:2]!@[CX3:3]=[O:4]	29.9975	3.28614	-	-	-	-	G
C44846357      none	B	[O:1]=[CX3:2]!@[NX3H1:3][!#1:4]	0.00636458	63.7893	-	-	-	-	G
C44846357      none	B	[$(C=O):1][NX3H1:2]!@[CX4H1:3][H:4]	-0.0029232	8.26772	-	-	-	-	G
C44846357      none	B	[NH1:1][CX4:2]!@[CX3:3]=[O:4]	-89.996	0.352274	-	-	-	-	R
C44846357      none	B	[O:1]=[CX3:2]!@[NX3H0:3][!#1:4]	0.000907091	25.0866	-	-	-	-	G
C42439519      none	B	[C:1][CX4:2]!@[CX3:3]=[O:4]	-30.0606	3.42621	-	-	-	-	G
C42439519      none	B	[O:1]=[CX3:2]!@[NX3H0:3][!#1:4]	-29.9971	0.692521	-	-	-	-	O
C42439519      none	B	[O:1]=[CX3:2]!@[NX3H1:3][!#1:4]	-0.00718873	63.7893	-	-	-	-	G
C42439519      none	B	[$(C=O):1][NX3H1:2]!@[CX4H1:3][H:4]	30.0129	9.46757	-	-	-	-	G
C42439519      none	B	[OX2:1][CX4:2]!@[CX4:3][N:4]	40.0084	1.66292	-	-	-	-	G
C42439519      none	B	[O:1]=[C:2]([O-])!@[CX4H1:3][H:4]	89.988	0.86741	-	-	-	-	O
C49147980      none	B	[!#1:1][CX4:2]!@[CX4:3][!#1:4]	59.9992	12.3771	-	-	-	-	G
C49147980      none	B	[$(C=O):1][NX3H1:2]!@[CX4H1:3][H:4]	-30.0032	6.97413	-	-	-	-	G
C49147980      none	B	[n,o,s:1][c:2]!@[CX4H2:3][CX4:4]	0.00217655	6.43231	-	-	-	-	G
C49147980      none	B	[O:1]=[CX3:2]!@[NX3H1:3][!#1:4]	0.00153259	63.7893	-	-	-	-	G
C49147980      none	B	[O:1]=[CX3:2]!@[NX3H0:3][!#1:4]	30.316	0.680979	-	-	-	-	O
C49147980      none	B	[O:1]=[C:2]([O-])!@[CX4H1:3][H:4]	89.9978	0.86741	-	-	-	-	O
C36329300      none	B	[OX2:1][CX4:2]!@[CX4:3][N:4]	180	9.8427	-	-	-	-	G
C36329300      none	B	[O:1]=[C:2]([O-])!@[CX4H1:3][H:4]	-0.00206465	0.495663	-	-	-	-	O
C36329300      none	B	[$(C=O):1][NX3H1:2]!@[CX4H1:3][H:4]	0.0066687	8.26772	-	-	-	-	G
C36329300      none	B	[O:1]=[CX3:2]!@[NX3H1:3][!#1:4]	-0.0100208	63.7893	-	-	-	-	G
C36329300      none	B	[$([cH0][OH0]):1][c:2]([cH1])!@[C:3](=O)[NH1:4]	0.000660612	33.9844	-	-	-	-	G
C37451529      none	B	[a:1][c:2]!@[CX4H2:3][CX3:4]	-90.0135	7.62274	-	-	-	-	G
C37451529      none	B	[c:1][CX4H2:2]!@[CX3:3]=[O:4]	0.00595094	11.5385	-	-	-	-	G
C37451529      none	B	[O:1]=[CX3:2]!@[NX3H1:3][!#1:4]	-0.00375419	63.7893	-	-	-	-	G
C37451529      none	B	[$(C=O):1][NX3H1:2]!@[CX4H1:3][H:4]	-29.9956	6.97413	-	-	-	-	G
C37451529      none	B	[OX2:1][CX4:2]!@[CX4:3][N:4]	-59.997	14.8764	-	-	-	-	G
C37451529      none	B	[O:1]=[C:2]([O-])!@[CX4H1:3][H:4]	89.9902	0.86741	-	-	-	-	O
C40531474      none	B	[O:1]=[CX3:2]!@[NX3H0:3][!#1:4]	-149.999	1.37927	-	-	-	-	O
C40531474      none	B	[O:1]=[CX3:2]!@[NX3H1:3][!#1:4]	0.00177441	63.7893	-	-	-	-	G
C40531474      none	B	[$(C=O):1][NX3H1:2]!@[CX4H1:3][H:4]	30.0024	9.46757	-	-	-	-	G
C40531474      none	B	[OX2:1][CX4:2]!@[CX4:3][N:4]	80.0038	3.55056	-	-	-	-	G
C40531474      none	B	[O:1]=[C:2]([O-])!@[CX4H1:3][H:4]	-0.00650803	0.495663	-	-	-	-	O
C04228242      none	B	[*:1]~[CX4:2]!@[n:3]~[*:4]	30.0014	3.02094	-	-	-	-	G
C04228242      none	B	[OX2:1][CX4:2]!@[CX4:3][OX2:4]	166.824	4.6108	-	-	-	-	G
C04228242      none	B	[C:1][CX4H2:2]!@[OX2:3][!#1:4]	119.997	0.94544	-	-	-	-	G
C04228242      none	B	[*:1]~[OX2:2]!@[P:3]~[*:4]	60.0063	4.54722	-	-	-	-	G
C49102669      none	B	[!#1:1][CX4:2]!@[CX4:3][!#1:4]	180	22.1548	-	-	-	-	G
C49102669      none	B	[NH1:1][CX4:2]!@[CX3:3]=[O:4]	119.993	0.41354	-	-	-	-	G
C49102669      none	B	[$(C=O):1][NX3H1:2]!@[CX4H0:3][C:4]	60.0024	13.3187	-	-	-	-	G
C49102669      none	B	[O:1]=[CX3:2]([$([NX3H1]C)])!@[NX3H1:3][!#1:4]	0.0107984	41.1343	-	-	-	-	G
C49102669      none	B	[O:1]=[CX3:2]([$([NX3H1]C)])!@[NX3H1:3][!#1:4]	-0.0143183	41.1343	-	-	-	-	G
C49102669      none	B	[$(C=O):1][NX3H1:2]!@[CX4H1:3][H:4]	30.0008	9.46757	-	-	-	-	G
C49102669      none	B	[!#1:1][CX4:2]!@[CX4:3][!#1:4]	79.9998	1.75235	-	-	-	-	G
C49102669      none	B	[!#1:1][CX4:2]!@[CX4:3][!#1:4]	180	22.1548	-	-	-	-	G
C49148150      none	B	[!#1:1][CX4:2]!@[CX4:3][!#1:4]	-79.9929	1.71775	-	-	-	-	G
C49148150      none	B	[$(C=O):1][NX3H1:2]!@[CX4H1:3][H:4]	29.9971	9.46757	-	-	-	-	G
C49148150      none	B	[!#1:1][CX4H2:2]!@[CX4H2:3][!#1:4]	180	58.554	-	-	-	-	G
C49148150      none	B	[!#1:1][CX4H2:2]!@[CX4H2:3][!#1:4]	179.999	58.554	-	-	-	-	G
C49148150      none	B	[!#1:1][CX4:2]!@[CX4:3][!#1:4]	59.9951	12.3771	-	-	-	-	G
C49148150      none	B	[O:1]=[CX3:2]([$([NX3H1]C)])!@[NX3H1:3][!#1:4]	-0.00781842	41.1343	-	-	-	-	G
C49148150      none	B	[O:1]=[CX3:2]([$([NX3H1]C)])!@[NX3H1:3][!#1:4]	0.00411407	41.1343	-	-	-	-	G
C49148150      none	B	[$(C=O):1][NX3H1:2]!@[CX4H0:3][C:4]	-65.2231	8.17582	-	-	-	-	G
C49148150      none	B	[NH1:1][CX4:2]!@[CX3:3]=[O:4]	89.9957	0.183795	-	-	-	-	R
C61712986      none	B	[O:1]=[CX3:2]!@[NX3H0:3][!#1:4]	-0.00299154	25.0866	-	-	-	-	G
C61712986      none	B	[O:1]=[CX3:2]!@[NX3H1:3][!#1:4]	0.00553284	63.7893	-	-	-	-	G
C61712986      none	B	[$(C=O):1][NX3H1:2]!@[CX4H1:3][H:4]	180	0.712411	-	-	-	-	R
C61712986      none	B	[O:1]=[C:2]([O-])!@[CX4H1:3][H:4]	4.86992e-05	0.495663	-	-	-	-	O
C40470551      none	B	[a:1][c:2]!@[C:3]([NH0])=[O:4]	119.998	4.19444	-	-	-	-	G
C40470551      none	B	[O:1]=[CX3:2](a)!@[NX3H0:3][!#1:4]	-29.6911	1.17502	-	-	-	-	O
C40470551      none	B	[O:1]=[C:2]([O-])!@[CX4H1:3][H:4]	0.00654927	0.495663	-	-	-	-	O
C50376318      none	B	[H:1][CX4H1:2]!@[O:3][CX4:4]	59.9932	4.42842	-	-	-	-	G
C50376318      none	B	[$(C=O):1][NX3H1:2]!@[CX4H1:3][H:4]	-59.9954	1.23735	-	-	-	-	G
C50376318      none	B	[O:1]=[CX3:2]([$([NX3H1]C)])!@[NX3H1:3][!#1:4]	-0.0167229	41.1343	-	-	-	-	G
C50376318      none	B	[O:1]=[CX3:2]([$([NX3H1]C)])!@[NX3H1:3][!#1:4]	0.0135662	41.1343	-	-	-	-	G
C50376318      none	B	[$(C=O):1][NX3H1:2]!@[CX4H0:3][C:4]	60.0011	13.3187	-	-	-	-	G
C50376318      none	B	[NH1:1][CX4:2]!@[CX3:3]=[O:4]	-0.000244946	6.89233	-	-	-	-	G
C40552313      none	B	[cH0:1][c:2]!@[CX4H2:3][CX4:4]	-89.9973	18.481	-	-	-	-	G
C40552313      none	B	[$(C=O):1][NX3:2]!@[a:3][aH0:4]	-149.998	1.98526	-	-	-	-	O
C40552313      none	B	[O:1]=[CX3:2]([$([NX3H1]C)])!@[NX3H1:3][!#1:4]	-0.00339345	41.1343	-	-	-	-	G
C40552313      none	B	[O:1]=[CX3:2]([$([NX3H1]C)])!@[NX3H1:3][!#1:4]	0.0055724	41.1343	-	-	-	-	G
C40552313      none	B	[$(C=O):1][NX3H1:2]!@[CX4H0:3][C:4]	179.998	11.3993	-	-	-	-	G
C40552313      none	B	[!#1:1][CX4:2]!@[CX4:3][!#1:4]	128.619	0.0995365	-	-	-	-	R
C40552313      none	B	[NH1:1][CX4:2]!@[CX3:3]=[O:4]	89.9975	0.183795	-	-	-	-	R
C62947017      none	B	[aH1:1][c:2]([aH1])!@[SX4:3][!#1:4]	-89.9981	12.5987	-	-	-	-	G
C62947017      none	B	[c:1][S:2](=O)(=O)!@[NX2H0-:3]-[*:4]	-59.9991	11.1111	-	-	-	-	G
C62947017      none	B	[$(S(=O)(=O)):1][NH0:2]!@[c:3]([cH1])[cH1:4]	-30.2808	0	-	-	-	-	R
C62947017      none	B	[O:1]=[C:2]([O-])!@[c:3]([cH1])[cH1:4]	179.988	7.35294	-	-	-	-	G
C13151391      none	B	[!#1:1][CX4:2]!@[CX4:3][!#1:4]	-160.005	1.85018	-	-	-	-	G
C13151391      none	B	[NH1:1][CX4:2]!@[CX3:3]=[O:4]	-150	4.5183	-	-	-	-	G
C13151391      none	B	[$(C=O):1][NX3H1:2]!@[CX4H1:3][H:4]	-29.9815	6.97413	-	-	-	-	G
C13151391      none	B	[O:1]=[CX3:2]!@[NX3H1:3][!#1:4]	-0.00439335	63.7893	-	-	-	-	G
C13151391      none	B	[$(C=O):1][NX3H1:2]!@[CX4H1:3][H:4]	-29.9931	6.97413	-	-	-	-	G
C13151391      none	B	[!#1:1][CX4:2]!@[CX4:3][!#1:4]	180	22.1548	-	-	-	-	G
C13151391      none	B	[O:1]=[C:2]([O-])!@[CX4H1:3][H:4]	-0.00395881	0.495663	-	-	-	-	O
C13151391      none	B	[O:1]=[CX3:2]!@[NX3H1:3][!#1:4]	-0.0121205	63.7893	-	-	-	-	G
C13151391      none	B	[O:1][CX4:2]!@[CX3:3]=[O:4]	-119.606	1.11962	-	-	-	-	O
C19723881      none	B	[cH1:1][a:2]([cH1])!@[a:3]([sX2,o,nX2H0,nX3H1:4])([cH0])	179.998	3.0303	-	-	-	-	G
C01635217      none	B	[NH1:1][CX4:2]!@[CX3:3]=[O:4]	120.032	0.41354	-	-	-	-	G
C01635217      none	B	[OH1:1][CX4:2]!@[CX3:3]=[O:4]	-126.57	1.56483	-	-	-	-	O
C01635217      none	B	[O:1]=[C:2]!@[O:3]~[C:4]	0.00750877	74.4927	-	-	-	-	G
C50352698      none	B	[$(S(=O)(=O)):1][NH0:2]!@[c:3]([cH0])[cH0:4]	-90.0204	15.2174	-	-	-	-	G
C50352698      none	B	[*:1]~[N,n:2]!@[S:3]~[*:4]	-153.98	1.449	-	-	-	-	G
C50352698      none	B	[H:1][CX4H1:2]!@[SX4:3][!#1:4]	-60.1887	12.2108	-	-	-	-	G
C37429946      none	B	[OX2:1][CX4:2]!@[CX4:3][N:4]	-40.0099	1.41573	-	-	-	-	G
C37429946      none	B	[O:1]=[C:2]([O-])!@[CX4H1:3][H:4]	0.00483513	0.495663	-	-	-	-	O
C37429946      none	B	[$(C=O):1][NX3H1:2]!@[CX4H1:3][H:4]	-29.9981	6.97413	-	-	-	-	G
C37429946      none	B	[O:1]=[CX3:2]!@[NX3H1:3][!#1:4]	-0.00110741	63.7893	-	-	-	-	G
C37429946      none	B	[a:1][c:2]!@[C:3]([NH1,NH2])=[O:4]	150.313	5.34677	-	-	-	-	O
C37429946      none	B	[cH1:1][c:2]([cH1])!@[CX3:3]=[O:4]	-120	0.423729	-	-	-	-	R
C49080184      none	B	[!#1:1][CX4:2]!@[CX4:3][!#1:4]	39.995	0.998355	-	-	-	-	G
C49080184      none	B	[$(C=O):1][NX3H1:2]!@[CX4H1:3][H:4]	29.9943	9.46757	-	-	-	-	G
C49080184      none	B	[!#1:1][CH2:2]!@[n:3][a:4]	90.3105	13.2097	-	-	-	-	G
C49080184      none	B	[O:1]=[CX3:2]!@[NX3H1:3][!#1:4]	0.00926351	63.7893	-	-	-	-	G
C49080184      none	B	[O:1]=[CX3:2]!@[NX3H0:3][!#1:4]	0.299362	25.0866	-	-	-	-	G
C49080184      none	B	[O:1]=[C:2]([O-])!@[CX4H1:3][H:4]	89.9986	0.86741	-	-	-	-	O
C63143070      none	B	[!#1:1][CX4:2]!@[SX4:3][!#1:4]	180	13.1368	-	-	-	-	G
C63143070      none	B	[!#1:1][CX4H2:2]!@[CX4H2:3][!#1:4]	180	58.554	-	-	-	-	G
C63143070      none	B	[!#1:1][CX4:2]!@[SX4:3][!#1:4]	-72.2627	7.22105	-	-	-	-	G
C63143070      none	B	[*:1]~[N,n:2]!@[S:3]~[*:4]	89.9968	2.07924	-	-	-	-	G
C63143070      none	B	[$(S(=O)(=O)):1][NH0:2]!@[c:3]([cH1])[cH1:4]	-120.269	1.65289	-	-	-	-	G
C63143070      none	B	[cH1:1][c:2]([cH1])!@[O:3][C:4]	-29.9984	0.195465	-	-	-	-	O
C63143070      none	B	[C:1][CX4H2:2]!@[OX2:3][c:4]	180	43.8829	-	-	-	-	G
C63143070      none	B	[!#1:1][CX4:2]!@[CX3H0:3][!#1:4]	-60.0047	4.40277	-	-	-	-	G
C13250907      none	B	[cH1:1][c:2]([cH1])!@[C:3]([NH1,NH2])=[O:4]	153.024	9.05971	-	-	-	-	G
C13250907      none	B	[O:1]=[CX3:2]!@[NX3H1:3][!#1:4]	0.0024593	63.7893	-	-	-	-	G
C13250907      none	B	[*:1]~[NX3:2]!@[NX3:3]~[*:4]	-150.006	1.86361	-	-	-	-	G
C13250907      none	B	[O:1]=[CX3:2]!@[NX3H1:3][!#1:4]	0.00518653	63.7893	-	-	-	-	G
C13250907      none	B	[O:1]=[CX3:2]([NH1])!@[CH2:3][C:4]	89.9891	2.11706	-	-	-	-	O
C13250907      none	B	[!#1:1][CX4:2]!@[CX4:3][!#1:4]	-59.1004	12.2558	-	-	-	-	G
C13250907      none	B	[C:1][CX4:2]!@[CX3:3]=[O:4]	89.9991	3.65147	-	-	-	-	G
C42397314      none	B	[OX2:1][CX4:2]!@[CX4:3][N:4]	-60.0073	14.8764	-	-	-	-	G
C42397314      none	B	[O:1]=[C:2]([O-])!@[CX4H1:3][H:4]	-0.00389995	0.495663	-	-	-	-	O
C42397314      none	B	[$(C=O):1][NX3H1:2]!@[CX4H1:3][H:4]	-30.014	6.97413	-	-	-	-	G
C42397314      none	B	[O:1]=[CX3:2]!@[NX3H1:3][!#1:4]	0.0167429	63.7893	-	-	-	-	G
C42397314      none	B	[O:1]=[CX3:2]!@[NX3H0:3][!#1:4]	150.31	1.73707	-	-	-	-	O
C42397314      none	B	[N:1][CX4:2]!@[CX3:3]=[O:4]	-122.909	0.897291	-	-	-	-	G
C42397314      none	B	[O:1]=[CX3:2]!@[NX3H1:3][!#1:4]	0.00301002	63.7893	-	-	-	-	G
C40521195      none	B	[OX2:1][CX4:2]!@[CX4:3][N:4]	180	9.8427	-	-	-	-	G
C40521195      none	B	[O:1]=[C:2]([O-])!@[CX4H1:3][H:4]	90.0028	0.86741	-	-	-	-	O
C40521195      none	B	[$(C=O):1][NX3H1:2]!@[CX4H1:3][H:4]	-30.0055	6.97413	-	-	-	-	G
C40521195      none	B	[O:1]=[CX3:2]!@[NX3H1:3][!#1:4]	0.00363056	63.7893	-	-	-	-	G
C40521195      none	B	[O:1]=[CX3:2]!@[NX3H0:3][!#1:4]	150.277	1.73707	-	-	-	-	O
C40521195      none	B	[C:1][CX4:2]!@[CX3:3]=[O:4]	-0.0293616	5.61823	-	-	-	-	G
C40521195      none	B	[O:1]=[C:2]!@[O:3]~[C:4]	-0.00499444	74.4927	-	-	-	-	G
C37462197      none	B	[OX2:1][CX4:2]!@[CX4:3][N:4]	39.9859	1.66292	-	-	-	-	O
C37462197      none	B	[O:1]=[C:2]([O-])!@[CX4H1:3][H:4]	0.00416789	0.495663	-	-	-	-	O
C37462197      none	B	[$(S(=O)(=O)):1][NX3H1:2]!@[CX4H1:3][H:4]	30.004	11.9705	-	-	-	-	G
C37462197      none	B	[c:1][$(S(=O)=O):2]!@[NX3H1:3][C:4]	59.9982	14.5215	-	-	-	-	G
C37462197      none	B	[aH1:1][c:2]([aH1])!@[SX4:3][!#1:4]	-89.6833	12.5987	-	-	-	-	G
C36969417      none	B	[aH1:1][c:2]([aH1])!@[SX4:3][!#1:4]	89.9948	12.916	-	-	-	-	G
C36969417      none	B	[a:1][c:2]!@[C:3]([NH1,NH2])=[O:4]	90.0026	0.308642	-	-	-	-	O
C36969417      none	B	[c:1][$(S(=O)=O):2]!@[NX3H1:3][C:4]	-90.0001	3.19032	-	-	-	-	G
C36969417      none	B	[$(S(=O)(=O)):1][NX3H1:2]!@[CX4H2:3][!#1:4]	150.002	5.15021	-	-	-	-	G
C36969417      none	B	[!#1:1][CX4H2:2]!@[CX4H2:3][!#1:4]	-59.9966	3.77933	-	-	-	-	G
C36969417      none	B	[C:1][CX4H2:2]!@[CX3:3]=[O:4]	-90.0102	1.15875	-	-	-	-	O
C40472169      none	B	[a:1][c:2]!@[C:3]([NH0])=[O:4]	59.9912	3.02778	-	-	-	-	G
C40472169      none	B	[O:1]=[CX3:2](a)!@[NX3H0:3][!#1:4]	-149.706	2.19542	-	-	-	-	O
C40472169      none	B	[O:1]=[C:2]([O-])!@[CX4H1:3][H:4]	0.00541193	0.495663	-	-	-	-	O
C43701352      none	B	[!#1:1][CX4:2]!@[SX2:3][!#1:4]	-160.001	3.18377	-	-	-	-	G
C43701352      none	B	[!#1:1][CX4H2:2]!@[CX4H2:3][!#1:4]	179.996	58.554	-	-	-	-	G
C43701352      none	B	[!#1:1][CX4:2]!@[CX4:3][!#1:4]	-79.9962	1.71775	-	-	-	-	G
C43701352      none	B	[NH1:1][CX4:2]!@[CX3:3]=[O:4]	-120.006	0.275693	-	-	-	-	G
C43701352      none	B	[$(C=O):1][NX3H1:2]!@[CX4H1:3][H:4]	-30.0012	6.97413	-	-	-	-	G
C43701352      none	B	[O:1]=[CX3:2]!@[NX3H0:3][!#1:4]	-149.719	1.37927	-	-	-	-	O
C43701352      none	B	[O:1]=[C:2]([O-])!@[CX4H1:3][H:4]	90.0022	0.86741	-	-	-	-	O
C43701352      none	B	[O:1]=[CX3:2]!@[NX3H1:3][!#1:4]	0.00492824	63.7893	-	-	-	-	G
C39777118      none	B	[!#1:1][CX4:2]!@[NX3;"N_lp":3]	-179.569	7.96925	-	-	-	-	G
C39777118      none	B	[!#1:1][CX4H2:2]!@[NX3:3][!#1:4]	-120.005	1.59404	-	-	-	-	O
C39777118      none	B	[*:1][CX4:2]!@[O:3][CX4:4]	-160.005	2.38538	-	-	-	-	G
C39777118      none	B	[C:1][CH2:2]!@[O:3][CX4:4]	180	35.2689	-	-	-	-	G
C39777118      none	B	[OX2:1][CX4H2:2]!@[CX4H2:3][OX2:4]	180	10.6129	-	-	-	-	G
C43703039      none	B	[aH1:1][c:2]([aH1])!@[SX4:3][!#1:4]	70.0025	5.04089	-	-	-	-	G
C43703039      none	B	[a:1][c:2]!@[C:3]([NH1,NH2])=[O:4]	-0.00611481	9.67683	-	-	-	-	G
C43703039      none	B	[*:1][$(S(=O)=O):2]!@[NX3H0r:3][*:4]	-59.714	8.17536	-	-	-	-	O
C43703039      none	B	[O:1]=[C:2]([O-])!@[CX4H1:3][H:4]	89.9996	0.86741	-	-	-	-	O
C38815494      none	B	[NH1:1][CX4:2]!@[CX3:3]=[O:4]	-0.00333945	6.89233	-	-	-	-	G
C38815494      none	B	[C:1][CX4:2]!@[NX3;"N_lp":3][C:4]	160.002	4.57693	-	-	-	-	G
C38815494      none	B	[O:1]=[C:2]!@[O:3]~[C:4]	0.0054229	74.4927	-	-	-	-	G
C38815494      none	B	[C:1][CX4:2]!@[NX3;"N_lp":3][C:4]	163.423	4.57693	-	-	-	-	G
C49540146      none	B	[a:1][c:2]!@[CX4H2:3][!#1:4]	44.9995	1.59785	-	-	-	-	O
C49540146      none	B	[$(C=O):1][NX3H1:2]!@[CX4H2:3][!#1:4]	-119.992	2.75265	-	-	-	-	O
C49540146      none	B	[O:1]=[CX3:2]([$([NX3H1]C)])!@[NX3H1:3][!#1:4]	-0.0115776	41.1343	-	-	-	-	G
C49540146      none	B	[O:1]=[CX3:2]([$([NX3H1]C)])!@[NX3H1:3][!#1:4]	179.997	9.5176	-	-	-	-	R
C49540146      none	B	[$(C=O):1][NX3H1:2]!@[CX4H0:3][C:4]	176.346	11.3993	-	-	-	-	G
C49540146      none	B	[NH1:1][CX4:2]!@[CX3:3]=[O:4]	89.9943	0.183795	-	-	-	-	R
C09833910      none	B	[$(S(=O)(=O)):1][NH0:2]!@[c:3]([cH1])[cH0:4]	89.9956	13.1148	-	-	-	-	G
C09833910      none	B	[c:1][S:2](=O)(=O)!@[NX2H0-:3]-[*:4]	-89.9981	2.77778	-	-	-	-	G
C09833910      none	B	[aH1:1][c:2]([aH1])!@[SX4:3][!#1:4]	-89.7152	12.5987	-	-	-	-	G
C09833910      none	B	[cH0:1][c:2]([cH1])!@[CX3:3]([NX3H0])=[O:4]	-119.998	1.09091	-	-	-	-	G
C09833910      none	B	[O:1]=[CX3:2](a)!@[NX3H0:3][!#1:4]	-179.718	9.67842	-	-	-	-	G
C40551770      none	B	[!#1:1][CX4:2]!@[CX4:3][!#1:4]	179.997	22.1548	-	-	-	-	G
C40551770      none	B	[O:1]=[C:2]([O-])!@[CX4H1:3][H:4]	89.9911	0.86741	-	-	-	-	O
C40551770      none	B	[$(C=O):1][NX3H1:2]!@[CX4H1:3][H:4]	0.00405003	8.26772	-	-	-	-	G
C40551770      none	B	[O:1]=[CX3:2]([$([NX3H1]C)])!@[NX3H1:3][!#1:4]	0.00123792	41.1343	-	-	-	-	G
C40551770      none	B	[O:1]=[CX3:2]([$([NX3H1]C)])!@[NX3H1:3][!#1:4]	-0.000150279	41.1343	-	-	-	-	G
C40551770      none	B	[$([CX3]=O):1][NX3H1:2]!@[CX4H2:3][C:4] 	150	1.43139	-	-	-	-	O
C40551770      none	B	[!#1:1][CX4H2:2]!@[CX4H2:3][!#1:4]	59.9994	3.99483	-	-	-	-	G
C40551770      none	B	[CX4:1][CX4H2:2]!@[NX3;"N_lp":3][CX4:4]	-176.365	5.18593	-	-	-	-	G
C04554508      none	B	[O:1]=[C:2]([O-])!@[CX4H1:3][H:4]	-0.00293891	0.495663	-	-	-	-	O
C04554508      none	B	[CX3:1]=[CX3:2]!@[CH2:3][OX2:4]	150.004	1.83206	-	-	-	-	G
C43704130      none	B	[O:1]=[C:2]([O-])!@[CX4H1:3][H:4]	89.9986	0.86741	-	-	-	-	O
C43704130      none	B	[C:1][CX4H2:2]!@[NX3;"N_lp":3][C:4]	-60.003	5.43901	-	-	-	-	G
C43704130      none	B	N[C:2](=[O:1])!@[CH2:3][N:4]	-59.9963	0.14881	-	-	-	-	O
C37432227      none	B	[OX2:1][CX4:2]!@[CX4:3][N:4]	39.9987	1.66292	-	-	-	-	G
C37432227      none	B	[O:1]=[C:2]([O-])!@[CX4H1:3][H:4]	-0.00453106	0.495663	-	-	-	-	O
C37432227      none	B	[$(C=O):1][NX3H1:2]!@[CX4H1:3][H:4]	30.0019	9.46757	-	-	-	-	G
C37432227      none	B	[O:1]=[CX3:2]!@[NX3H1:3][!#1:4]	-0.00464914	63.7893	-	-	-	-	G
C37432227      none	B	[*^2:1]~[C^2:2]([!H])!@[C^2:3]~[*^2:4]	90.2703	1.26539	-	-	-	-	G
C04772841      none	-	-	-	-	-	-	-	-	-
C40578010      none	B	[!#1:1][CH2:2]!@[n:3][a:4]	90.3124	13.2097	-	-	-	-	G
C40578010      none	B	[$(C=O):1][NX3H1:2]!@[c:3]([cH1])[cH1:4]	149.979	5.05437	-	-	-	-	G
C40578010      none	B	[O:1]=[CX3:2]([$([NX3H1]C)])!@[NX3H1:3][!#1:4]	0.00414886	41.1343	-	-	-	-	G
C40578010      none	B	[O:1]=[CX3:2]([$([NX3H1]C)])!@[NX3H1:3][!#1:4]	179.991	9.5176	-	-	-	-	R
C40578010      none	B	[$(C=O):1][NX3H1:2]!@[CX4H0:3][C:4]	176.354	11.3993	-	-	-	-	G
C40578010      none	B	[NH1:1][CX4:2]!@[CX3:3]=[O:4]	90.0031	0.183795	-	-	-	-	R
C49561161      none	B	[!#1:1][CX4:2]!@[SX2:3][!#1:4]	160.007	2.91722	-	-	-	-	G
C49561161      none	B	[!#1:1][CX4H2:2]!@[CX4H2:3][!#1:4]	179.997	58.554	-	-	-	-	G
C49561161      none	B	[!#1:1][CX4:2]!@[CX4:3][!#1:4]	-79.9968	1.71775	-	-	-	-	G
C49561161      none	B	[O:1]=[C:2]([O-])!@[CX4H1:3][H:4]	0.00667217	0.495663	-	-	-	-	O
C49561161      none	B	[$(C=O):1][NX3H1:2]!@[CX4H1:3][H:4]	29.9986	9.46757	-	-	-	-	G
C49561161      none	B	[O:1]=[CX3:2]([$([NX3H1]C)])!@[NX3H1:3][!#1:4]	0.00543188	41.1343	-	-	-	-	G
C49561161      none	B	[O,S:1]=[C:2]([$([NX3H1]),$([NX3H2])])!@[$([NX3]c[nH0]):3][H:4]	0.00375619	46.0938	-	-	-	-	G
C49561161      none	B	[$(C=O):1][NX3H1:2]!@[c:3](s)[n:4]	-29.6853	0	-	-	-	-	R
C01663856      none	B	[aH0:1][c:2]([aH1])!@[SX4:3][!#1:4]	70.0182	11.3606	-	-	-	-	G
C54523731      none	B	[!#1:1][CX4:2]!@[CX4:3][!#1:4]	80.0016	1.75235	-	-	-	-	G
C54523731      none	B	[O:1]=[C:2]([O-])!@[CX4H1:3][H:4]	-0.00435445	0.495663	-	-	-	-	O
C54523731      none	B	[$(C=O):1][NX3H1:2]!@[CX4H1:3][H:4]	-30.0029	6.97413	-	-	-	-	G
C54523731      none	B	[O:1]=[CX3:2]!@[NX3H1:3][!#1:4]	0.000485262	63.7893	-	-	-	-	G
C54523731      none	B	[NH1:1][CX4:2]!@[CX3:3]=[O:4]	-151.623	4.5183	-	-	-	-	G
C37419882      none	B	[O:1]=[CX3:2]!@[NX3H1:3][!#1:4]	-0.00208235	63.7893	-	-	-	-	G
C37419882      none	B	[$(C=O):1][NX3H1:2]!@[c:3]([cH1])[cH1:4]	90.0039	0.0402739	-	-	-	-	R
C37419882      none	B	[cH1:1][c:2]([cH1])!@[C:3]([NH1,NH2])=[O:4]	152.728	9.05971	-	-	-	-	G
C37419882      none	B	[O:1]=[CX3:2]!@[NX3H1:3][!#1:4]	-0.00209689	63.7893	-	-	-	-	G
C37419882      none	B	[$(C=O):1][NX3H1:2]!@[CX4H0:3][C:4]	-63.8237	14.7253	-	-	-	-	G
C37419882      none	B	[NH1:1][CX4:2]!@[CX3:3]=[O:4]	-0.00429138	6.89233	-	-	-	-	G
C55169838      none	B	[!#1:1][CX4:2]!@[CX4:3][!#1:4]	159.995	1.81259	-	-	-	-	G
C55169838      none	B	[O:1]=[C:2]([O-])!@[CX4H1:3][H:4]	89.9964	0.86741	-	-	-	-	O
C55169838      none	B	[$(C=O):1][NX3H1:2]!@[CX4H1:3][H:4]	29.9904	9.46757	-	-	-	-	G
C55169838      none	B	[O:1]=[CX3:2]!@[NX3H1:3][!#1:4]	0.0107223	63.7893	-	-	-	-	G
C55169838      none	B	[a:1][c:2]!@[C:3]([NH1,NH2])=[O:4]	-179.708	9.31373	-	-	-	-	G
C40697696      none	B	[O:1]=[CX3:2]!@[NX3H0:3][!#1:4]	29.9957	0.680979	-	-	-	-	O
C40697696      none	B	[O:1]=[CX3:2]!@[NX3H0:3][!#1:4]	30.281	0.680979	-	-	-	-	O
C40697696      none	B	[C:1][CX4:2]!@[CX3:3]=[O:4]	-0.0703012	5.61823	-	-	-	-	G
C40697696      none	B	[O:1]=[CX3:2]!@[NX3H1:3][!#1:4]	-0.00956698	63.7893	-	-	-	-	G
C40697696      none	B	[$(C=O):1][NX3H1:2]!@[CX4H1:3][H:4]	-59.9856	1.23735	-	-	-	-	G
C40697696      none	B	[!#1:1][CX4:2]!@[CX4:3][!#1:4]	59.9979	12.3771	-	-	-	-	G
C40697696      none	B	[O:1]=[C:2]([O-])!@[CX4H1:3][H:4]	89.9939	0.86741	-	-	-	-	O
C40697696      none	B	[!#1:1][CX4H2:2]!@[CX4H2:3][!#1:4]	180	58.554	-	-	-	-	G
C37450799      none	B	[C:1][CX4:2]!@[CX3:3]=[O:4]	-59.9945	2.40592	-	-	-	-	G
C37450799      none	B	[O:1]=[CX3:2]!@[NX3H0:3][!#1:4]	-29.7265	0.692521	-	-	-	-	O
C37450799      none	B	[C:1][CX4:2]!@[CX3:3]=[O:4]	89.8751	3.65147	-	-	-	-	G
C37450799      none	B	[O:1]=[CX3:2]!@[NX3H1:3][!#1:4]	-0.00647723	63.7893	-	-	-	-	G
C37450799      none	B	[$(C=O):1][NX3H1:2]!@[CX4H1:3][H:4]	30.0005	9.46757	-	-	-	-	G
C37450799      none	B	[OX2:1][CX4:2]!@[CX4:3][N:4]	-60.0045	14.8764	-	-	-	-	G
C37450799      none	B	[O:1]=[C:2]([O-])!@[CX4H1:3][H:4]	-0.00646203	0.495663	-	-	-	-	O
C62162971      none	B	[*:1][$(S(=O)=O):2]!@[NX3H0r:3][*:4]	-89.7129	4.88152	-	-	-	-	G
C62162971      none	B	[C:1][CX4:2]!@[CX3:3]=[O:4]	-150.038	1.18876	-	-	-	-	G
C62162971      none	B	[O:1]=[CX3:2]!@[NX3H1:3][!#1:4]	0.00301696	63.7893	-	-	-	-	G
C62162971      none	B	[$([CX3]=O):1][NX3H1:2]!@[CX4H2:3][C:4] 	-150.002	1.7769	-	-	-	-	O
C62162971      none	B	[!#1:1][CX4H2:2]!@[CX4H2:3][!#1:4]	-60.001	3.77933	-	-	-	-	G
C62162971      none	B	[!#1:1][CX4:2]!@[SX4:3][!#1:4]	167.741	7.85263	-	-	-	-	G
C62162971      none	B	[*:1]~[N,n:2]!@[S:3]~[*:4]	59.9976	4.33354	-	-	-	-	G
C62162971      none	B	[$(S(=O)(=O)):1][NH0:2]!@[c:3]([cH1])[cH1:4]	-120.277	1.65289	-	-	-	-	G
C19474248      none	B	[s:1][c:2]!@[C:3]([NH1])=[O:4]	-149.71	1.0989	-	-	-	-	R
C19474248      none	B	[O:1]=[CX3:2]!@[NX3H1:3][!#1:4]	-0.00821886	63.7893	-	-	-	-	G
C19474248      none	B	[$(C=O):1][NX3H1:2]!@[CX4H1:3][H:4]	60.0023	6.22422	-	-	-	-	G
C19474248      none	B	[OX2:1][CX4:2]!@[CX4:3][N:4]	-60.0059	14.8764	-	-	-	-	G
C19474248      none	B	[O:1]=[C:2]([O-])!@[CX4H1:3][H:4]	-0.00275069	0.495663	-	-	-	-	O
C44260386      none	B	[OX2:1][CX4:2]!@[CX4:3][N:4]	39.9932	1.66292	-	-	-	-	G
C44260386      none	B	[O:1]=[C:2]([O-])!@[CX4H1:3][H:4]	-0.00564509	0.495663	-	-	-	-	O
C44260386      none	B	[$(S(=O)(=O)):1][NX3H1:2]!@[CX4H1:3][H:4]	30.0029	11.9705	-	-	-	-	G
C44260386      none	B	[c:1][$(S(=O)=O):2]!@[NX3H1:3][C:4]	60.0012	14.5215	-	-	-	-	G
C44260386      none	B	[aH1:1][c:2]([aH1])!@[SX4:3][!#1:4]	-89.7189	12.5987	-	-	-	-	G
C34255608      none	B	[O:1]=[C:2]!@[O:3]~[!#1:4]	-0.0179918	73.7697	-	-	-	-	G
C34255608      none	B	[$(C=O):1][O:2]!@[c:3]~[*:4]	-59.9834	3.51406	-	-	-	-	G
C34255608      none	B	[a:1][c:2]!@[CX4H1:3][N,O:4]	-28.1147	3.61778	-	-	-	-	G
C34255608      none	B	[$(C=O):1][NX3H0:2]!@[CX4H1:3][H:4]	-59.9987	0.378151	-	-	-	-	R
C34255608      none	B	[!#1:1][CX4:2]!@[CX4:3][!#1:4]	-80.0027	1.71775	-	-	-	-	G
C34255608      none	B	[N:1][CX4:2]!@[CX3:3]=[O:4]	-22.8293	6.16778	-	-	-	-	G
C34255608      none	B	[C:1][CX4H2:2]!@[CX3:3]=[O:4]	120	0.695249	-	-	-	-	O
C06143899      none	B	[aH0:1][c:2]([aH0])!@[SX4:3][!#1:4]	-59.9939	1.81564	-	-	-	-	G
C37367496      none	B	[aH0:1][c:2]([aH0])!@[SX4:3][!#1:4]	-113.868	5.86592	-	-	-	-	G
C37367496      none	B	[c:1][$(S(=O)=O):2]!@[NX3H1:3][C:4]	83.0046	8.47085	-	-	-	-	G
C37367496      none	B	[!#1:1][CX4:2]!@[NX3:3][!#1:4]	179.994	4.35363	-	-	-	-	G
C37367496      none	B	[!#1:1][CX4:2]!@[CX4:3][!#1:4]	128.621	0.0995365	-	-	-	-	R
C37367496      none	B	[NH1:1][CX4:2]!@[CX3:3]=[O:4]	90.0066	0.183795	-	-	-	-	R
C16904123      none	B	[a:1][c:2]!@[CX3:3]=[CX3H0:4]	59.9991	3.25561	-	-	-	-	G
C16904123      none	B	[*:1]~[CX3:2]!@[NX2:3]~[*:4]	-29.9911	0.217973	-	-	-	-	O
C16904123      none	B	[*:1]~[cX3:2]!@[NX2:3]~[*:4]	-29.7313	1.57181	-	-	-	-	O
C16904123      none	B	[O:1]=[C:2]([O-])!@[c:3]([cH1])[cH0:4]	-0.00516333	8.88889	-	-	-	-	G
C63010795      none	B	[!#1:1][CX4:2]!@[CX4:3][!#1:4]	-111.38	0.0892838	-	-	-	-	R
C63010795      none	B	[NH1:1][CX4:2]!@[CX3:3]=[O:4]	119.995	0.41354	-	-	-	-	G
C63010795      none	B	[$(C=O):1][NX3H1:2]!@[CX4H0:3][C:4]	-59.9977	14.7253	-	-	-	-	G
C63010795      none	B	[O:1]=[CX3:2]!@[NX3H1:3][!#1:4]	5.30778e-05	63.7893	-	-	-	-	G
C63010795      none	B	[cH1:1][c:2]([cH1])!@[C:3]([NH1,NH2])=[O:4]	-152.989	8.78518	-	-	-	-	G
C37366130      none	B	[!#1:1][CX4:2]!@[CX4:3][!#1:4]	8.61326	0.0551082	-	-	-	-	R
C37366130      none	B	[NH1:1][CX4:2]!@[CX3:3]=[O:4]	120	0.41354	-	-	-	-	G
C37366130      none	B	[$(C=O):1][NX3H1:2]!@[CX4H0:3][C:4]	-59.9978	14.7253	-	-	-	-	G
C37366130      none	B	[O:1]=[CX3:2]!@[NX3H1:3][!#1:4]	-0.00285134	63.7893	-	-	-	-	G
C37366130      none	B	[cH1:1][c:2]([cH1])!@[C:3]([NH1,NH2])=[O:4]	153.002	9.05971	-	-	-	-	G
C55272836      none	B	[!#1:1][CX4:2]!@[SX4:3][!#1:4]	79.9998	3.66316	-	-	-	-	G
C55272836      none	B	[!#1:1][CX4H2:2]!@[CX4H2:3][!#1:4]	180	58.554	-	-	-	-	G
C55272836      none	B	[!#1:1][CX4:2]!@[CX4:3][!#1:4]	-60.0116	12.2558	-	-	-	-	G
C55272836      none	B	[O:1]=[C:2]([O-])!@[CX4H1:3][H:4]	-0.00798835	0.495663	-	-	-	-	O
C55272836      none	B	[$(C=O):1][NX3H1:2]!@[CX4H1:3][H:4]	29.9979	9.46757	-	-	-	-	G
C55272836      none	B	[O:1]=[CX3:2]!@[NX3H1:3][!#1:4]	0.000512324	63.7893	-	-	-	-	G
C55272836      none	B	[c:1][CX4H2:2]!@[CX3:3]=[O:4]	119.993	1.4245	-	-	-	-	O
C55272836      none	B	[a:1][c:2]!@[CX4H2:3][CX3:4]	-149.708	0.689061	-	-	-	-	R
C54304171      none	B	[!#1:1][CX4:2]!@[CX4:3][!#1:4]	-159.998	1.85018	-	-	-	-	G
C54304171      none	B	[O:1]=[CX3:2]!@[NX3H0:3][!#1:4]	150.002	1.73707	-	-	-	-	O
C54304171      none	B	[O:1]=[CX3:2]!@[NX3H1:3][!#1:4]	0.00512797	63.7893	-	-	-	-	G
C54304171      none	B	[$([CX3]=O):1][NX3H1:2]!@[CX4H2:3][C:4] 	-120.004	2.61599	-	-	-	-	O
C54304171      none	B	[!#1:1][CX4H2:2]!@[CX4H2:3][!#1:4]	59.9978	3.99483	-	-	-	-	G
C54304171      none	B	[!#1:1][CX4H2:2]!@[CX4H2:3][!#1:4]	60	3.99483	-	-	-	-	G
C54304171      none	B	[N:1][C:2](=O)!@[CX4H2:3][CX4H2:4]	-149.996	5.31335	-	-	-	-	G
C54304171      none	B	[C:1][CX4H2:2]!@[CX3:3]=[O:4]	-119.999	0.79457	-	-	-	-	O
C41040888      none	B	[cH0:1][c:2]!@[CX4H2:3][CX3:4]	-89.9972	9.62567	-	-	-	-	G
C41040888      none	B	[!#1:1][CH2:2]!@[n:3][cH0:4]	90.0014	14.7896	-	-	-	-	G
C41040888      none	B	[!#1:1][CX4H2:2]!@[CX3:3]=[O:4]	60.0013	1.20812	-	-	-	-	G
C41040888      none	B	[c:1][CX4H2:2]!@[CX3:3]=[O:4]	-89.9942	2.5641	-	-	-	-	G
C34255570      none	B	[cH1:1][c:2]([cH1])!@[NX3:3][CX4:4]	-60.0088	1.1056	-	-	-	-	O
C34255570      none	B	[a:1][c:2]!@[CX4H1:3][N,O:4]	151.881	3.7643	-	-	-	-	G
C34255570      none	B	[$(C=O):1][NX3H0:2]!@[CX4H1:3][H:4]	89.9977	0.168067	-	-	-	-	R
C34255570      none	B	[!#1:1][CX4:2]!@[CX4:3][!#1:4]	-159.997	1.85018	-	-	-	-	G
C34255570      none	B	[N:1][CX4:2]!@[CX3:3]=[O:4]	-112.835	0.932137	-	-	-	-	O
C34255570      none	B	[C:1][CX4H2:2]!@[CX3:3]=[O:4]	-120.002	0.79457	-	-	-	-	O
C43404901      none	B	[cH0:1][c:2]([cH,nX2H0])!@[NX3H0:3][CX4:4]	119.986	2.29463	-	-	-	-	O
C43404901      none	B	[a:1][c:2]!@[C:3]([NH1,NH2])=[O:4]	-90.0033	0.299564	-	-	-	-	O
C43404901      none	B	[C:1][CX4H2:2]!@[NX3:3][C:4]	30.0102	0.00637024	-	-	-	-	R
C43404901      none	B	[C:1][CX4:2]!@[NX3:3][C:4]	128.622	1.90267	-	-	-	-	O
C43404901      none	B	[N:1][CX4:2]!@[CX3:3]=[O:4]	-120.007	0.897291	-	-	-	-	G
C40911975      none	B	[NH1:1][CX4:2]!@[CX3:3]=[O:4]	-119.996	0.275693	-	-	-	-	G
C40911975      none	B	[$(C=O):1][NX3H1:2]!@[CX4H0:3][C:4]	60.0034	13.3187	-	-	-	-	G
C40911975      none	B	[O:1]=[CX3:2]([$([NX3H1]C)])!@[NX3H1:3][!#1:4]	-0.0103084	41.1343	-	-	-	-	G
C40911975      none	B	[O:1]=[CX3:2]([$([NX3H1]C)])!@[NX3H1:3][!#1:4]	180	9.5176	-	-	-	-	R
C40911975      none	B	[$([CX3]=O):1][NX3H1:2]!@[CX4H2:3][C:4] 	150.001	1.43139	-	-	-	-	O
C40911975      none	B	[!#1:1][CX4H2:2]!@[CX4H2:3][!#1:4]	-60.0014	3.77933	-	-	-	-	G
C40911975      none	B	[CX4:1][CX4H2:2]!@[NX3;"N_lp":3][CX4:4]	156.368	6.03015	-	-	-	-	G
C17059483      none	B	[O-:1][N+:2](=O)!@[c:3]([cH0])[cH,nX2H0:4]	90.0244	0.274725	-	-	-	-	O
C17059483      none	B	[a:1][a:2]!@[NX3:3][!#1:4]	180	11.4213	-	-	-	-	G
C17059483      none	B	[O-:1][N+:2](=O)!@[c:3][a:4]	0.00162125	18.5814	-	-	-	-	G
C17059483      none	B	[!#1:1][CX4H1:2]!@[NX3:3][!#1:4]	80.0067	3.82417	-	-	-	-	G
C17059483      none	B	[!#1:1][CX4:2]!@[CX4:3][!#1:4]	-159.996	1.85018	-	-	-	-	G
C17059483      none	B	[O:1]=[C:2]([O-])!@[CX4H1:3][H:4]	90.0042	0.86741	-	-	-	-	O
C17059483      none	B	[C:1][CX4H2:2]!@[CX3:3]=[O:4]	-120.006	0.79457	-	-	-	-	O
C51840805      none	B	[!#1:1][CX4:2]!@[CX4:3][!#1:4]	-60.0047	12.2558	-	-	-	-	G
C51840805      none	B	[$(C=O):1][NX3H1:2]!@[CX4H1:3][H:4]	29.9949	9.46757	-	-	-	-	G
C51840805      none	B	[C:1][CX4H2:2]!@[CX3:3]=[O:4]	120.003	0.695249	-	-	-	-	O
C51840805      none	B	[O:1]=[CX3:2]!@[NX3H1:3][!#1:4]	0.00123941	63.7893	-	-	-	-	G
C51840805      none	B	[O:1]=[CX3:2]!@[NX3H0:3][!#1:4]	-150.001	1.37927	-	-	-	-	O
C51840805      none	B	[$([CX3]=O):1][NX3H0:2](C)!@[CX4H2:3][C:4]	-120.002	2.31561	-	-	-	-	O
C51840805      none	B	[OX2:1][CX4:2]!@[CX4:3][N:4]	-159.988	1.21348	-	-	-	-	O
C37163940      none	B	[OX2:1][CX4:2]!@[CX4:3][N:4]	179.997	9.8427	-	-	-	-	G
C37163940      none	B	[O:1]=[C:2]([O-])!@[CX4H1:3][H:4]	0.00182701	0.495663	-	-	-	-	O
C37163940      none	B	[$(S(=O)(=O)):1][NX3H1:2]!@[CX4H1:3][H:4]	0.00278008	7.36648	-	-	-	-	G
C37163940      none	B	[c:1][$(S(=O)=O):2]!@[NX3H1:3][C:4]	90.0007	2.64026	-	-	-	-	G
C37163940      none	B	[aH1:1][c:2]([aH1])!@[SX4:3][!#1:4]	90.3182	12.916	-	-	-	-	G
C22240057      none	B	[$(S(=O)(=O)):1][NX3H0:2]!@[CX4H2:3][!#1:4]	119.998	5.60345	-	-	-	-	O
C22240057      none	B	[c:1][$(S(=O)=O):2]!@[NX3H0:3][C:4]	-60.0037	7.66773	-	-	-	-	G
C22240057      none	B	[!#1:1][CX4H2:2]!@[CX4H2:3][!#1:4]	-60.0023	3.77933	-	-	-	-	G
C22240057      none	B	[!#1:1][CX4H2:2]!@[CX4H2:3][!#1:4]	-59.9959	3.77933	-	-	-	-	G
C22240057      none	B	[O:1]=[CX3:2]([NH1])!@[CH2:3][C:4]	119.988	0.124533	-	-	-	-	O
C22240057      none	B	[O:1]=[CX3:2]!@[NX3H1:3][!#1:4]	0.0161673	63.7893	-	-	-	-	G
C22240057      none	B	[$(C=O):1][NX3H1:2]!@[c:3]([cH1])[cH1:4]	-60.0069	0.241643	-	-	-	-	R
C22240057      none	B	[aH1:1][c:2]([aH1])!@[SX4:3][!#1:4]	90.0051	12.916	-	-	-	-	G
C22240057      none	B	[c:1][S:2](=O)(=O)!@[NX2H0-:3]-[*:4]	59.9999	8.33333	-	-	-	-	G
C22240057      none	B	[$(S(=O)(=O)):1][N:2]!@[c:3][a:4]	29.9997	2.05078	-	-	-	-	G
C22240057      none	B	[aH0:1][c:2]([aH1])!@[SX4:3][!#1:4]	89.6681	4.49141	-	-	-	-	G
C38693491      none	B	[N:1][CX4:2]!@[CX3:3]=[O:4]	91.9989	0.374597	-	-	-	-	O
C38693491      none	B	[O:1]=[CX3:2]!@[NX3H1:3][!#1:4]	0.00729475	63.7893	-	-	-	-	G
C38693491      none	B	[$(C=O):1][NX3H1:2]!@[CX4H1:3][H:4]	29.9949	9.46757	-	-	-	-	G
C38693491      none	B	[OX2:1][CX4:2]!@[CX4:3][N:4]	-59.9972	14.8764	-	-	-	-	G
C38693491      none	B	[O:1]=[C:2]([O-])!@[CX4H1:3][H:4]	89.9877	0.86741	-	-	-	-	O
C36747188      none	B	[aH0:1][c:2]([aH1])!@[SX4:3][!#1:4]	-110.026	1.0568	-	-	-	-	O
C36747188      none	B	[O:1]=[C:2]([O-])!@[c:3]([cH0])[cH0:4]	-90.0142	0	-	-	-	-	G
C36747188      none	B	[c:1][$(S(=O)=O):2]!@[NX3H1:3][C:4]	60.0032	14.5215	-	-	-	-	G
C36747188      none	B	[$(S(=O)(=O)):1][NX3H1:2]!@[CX4H2:3][!#1:4]	150.003	5.15021	-	-	-	-	G
C36747188      none	B	[!#1:1][CX4H2:2]!@[CX4H2:3][!#1:4]	59.9949	3.99483	-	-	-	-	G
C36747188      none	B	[N:1][C:2](=O)!@[CX4H2:3][CX4H2:4]	89.9993	1.77112	-	-	-	-	O
C57116757      none	B	[$(S(=O)(=O)):1][NH0:2]!@[c:3]([cH1])[cH1:4]	-120.008	1.65289	-	-	-	-	G
C57116757      none	B	[c:1][S:2](=O)(=O)!@[NX2H0-:3]-[*:4]	-59.9965	11.1111	-	-	-	-	G
C57116757      none	B	[aH1:1][c:2]([aH1])!@[SX4:3][!#1:4]	-89.7234	12.5987	-	-	-	-	G
C57116757      none	B	[O:1]=[C:2]([O-])!@[c:3]([cH1])[cH0:4]	90.0033	0	-	-	-	-	R
C42784439      none	B	[aH0:1][c:2]([aH1])!@[SX4:3][!#1:4]	69.7261	11.3606	-	-	-	-	G
C42784439      none	B	[$([cH0]Cl):1][c:2]([cH1])!@[CX3:3]=[O:4]	-60.0003	4.77528	-	-	-	-	G
C42784439      none	B	[cH0:1][c:2]!@[CX4H2:3][N,O,S:4]	90.0047	7.74238	-	-	-	-	G
C42784439      none	B	[*:1][CX4:2]!@[O:3][CX4:4]	79.9949	2.41638	-	-	-	-	G
C42784439      none	B	[C:1][CH2:2]!@[O:3][CX4:4]	160.003	5.67469	-	-	-	-	G
C42784439      none	B	[*^2:1]~[C^2:2]([!H])!@[C^2:3]~[*^2:4]	-89.7264	1.27397	-	-	-	-	G
C40590540      none	B	[OX2:1][CX4:2]!@[CX4:3][N:4]	180	9.8427	-	-	-	-	G
C40590540      none	B	[O:1]=[C:2]([O-])!@[CX4H1:3][H:4]	90.0025	0.86741	-	-	-	-	O
C40590540      none	B	[$(C=O):1][NX3H1:2]!@[CX4H1:3][H:4]	-29.9993	6.97413	-	-	-	-	G
C40590540      none	B	[O:1]=[CX3:2]([$([NX3H1]C)])!@[NX3H1:3][!#1:4]	179.997	9.5176	-	-	-	-	R
C40590540      none	B	[O:1]=[CX3:2]([$([NX3H1]C)])!@[NX3H1:3][!#1:4]	0.00421973	41.1343	-	-	-	-	G
C40590540      none	B	[$(C=O):1][NX3H1:2]!@[c:3]([cH1])[cH1:4]	29.9961	5.05437	-	-	-	-	G
C40590540      none	B	[cH1:1][c:2]([cH1])!@[NX3:3][CX4:4]	-0.00213079	14.0646	-	-	-	-	G
C40559327      none	B	[$(C=O):1][O:2]!@[CH2:3]~[C:4]	179.999	23.3458	-	-	-	-	G
C40559327      none	B	[O:1]=[C:2]([N])!@[O:3]~[C:4]	0.00469864	57.729	-	-	-	-	G
C40559327      none	B	[O:1]=[CX3:2]!@[NX3H0:3][!#1:4]	-179.72	18.2537	-	-	-	-	G
C40559327      none	B	[$(C=O):1][NX3H1:2]!@[CX4H1:3][H:4]	30.0035	9.46757	-	-	-	-	G
C40559327      none	B	[O:1]=[CX3:2]([$([NX3H1]C)])!@[NX3H1:3][!#1:4]	0.00748341	41.1343	-	-	-	-	G
C40559327      none	B	[O:1]=[CX3:2]([$([NX3H1]C)])!@[NX3H1:3][!#1:4]	179.992	9.5176	-	-	-	-	R
C40559327      none	B	[$(C=O):1][NX3H1:2]!@[CX4H1:3][H:4]	-30.0016	6.97413	-	-	-	-	G
C40559327      none	B	[OX2:1][CX4:2]!@[CX4:3][N:4]	60.0012	15.2809	-	-	-	-	G
C40559327      none	B	[O:1]=[C:2]([O-])!@[CX4H1:3][H:4]	-0.0116683	0.495663	-	-	-	-	O
C49147267      none	B	[a:1][c:2]!@[CX4H1:3][N,O:4]	-150	3.72593	-	-	-	-	G
C49147267      none	B	[$(C=O):1][NX3H1:2]!@[CX4H1:3][H:4]	30.0082	9.46757	-	-	-	-	G
C49147267      none	B	[O:1]=[CX3:2]([$([NX3H1]C)])!@[NX3H1:3][!#1:4]	-0.0125775	41.1343	-	-	-	-	G
C49147267      none	B	[O:1]=[C:2]([NH1])!@[NX3H1:3](C=O)[H:4]	-0.0076484	58.9474	-	-	-	-	G
C49147267      none	B	[O:1]=[C:2]!@[NX3H1:3](C=O)[H:4]	180	35.6725	-	-	-	-	G
C49147267      none	B	[O:1]=[CX3:2]([NH1])!@[CH2:3][C:4]	-29.9877	4.73225	-	-	-	-	G
C49147267      none	B	[!#1:1][CX4H2:2]!@[CX4H2:3][!#1:4]	-60.0059	3.77933	-	-	-	-	G
C49147267      none	B	[!#1:1][CX4H2:2]!@[CX4H2:3][!#1:4]	-59.9989	3.77933	-	-	-	-	G
C49147267      none	B	[C:1][CX4H2:2]!@[CX3:3]=[O:4]	-89.9902	1.15875	-	-	-	-	O
C45139181      none	B	[$(C=O):1][NX3H1:2]!@[CX4H1:3][H:4]	60.0028	6.22422	-	-	-	-	G
C45139181      none	B	[O:1]=[CX3:2]([$([NX3H1]C)])!@[NX3H1:3][!#1:4]	0.000667305	41.1343	-	-	-	-	G
C45139181      none	B	[O:1]=[CX3:2]([$([NX3H1]C)])!@[NX3H1:3][!#1:4]	-0.00354937	41.1343	-	-	-	-	G
C45139181      none	B	[$(C=O):1][NX3H1:2]!@[CX4H0:3][C:4]	-59.9995	14.7253	-	-	-	-	G
C45139181      none	B	[NH1:1][CX4:2]!@[CX3:3]=[O:4]	90.0088	0.183795	-	-	-	-	R
C02401458      none	B	[$(C=O):1][NX3H1:2]!@[CX4H1:3][H:4]	-59.9954	1.23735	-	-	-	-	G
C02401458      none	B	[O:1]=[CX3:2]([$([NX3H1]C)])!@[NX3H1:3][!#1:4]	-0.00572516	41.1343	-	-	-	-	G
C02401458      none	B	[O:1]=[CX3:2]([$([NX3H1]C)])!@[NX3H1:3][!#1:4]	180	9.5176	-	-	-	-	R
C02401458      none	B	[$(C=O):1][NX3H1:2]!@[CX4H1:3][H:4]	29.9972	9.46757	-	-	-	-	G
C02401458      none	B	[!#1:1][CX4:2]!@[CX4:3][!#1:4]	179.998	22.1548	-	-	-	-	G
C02401458      none	B	[O:1]=[C:2]([O-])!@[CX4H1:3][H:4]	0.0107675	0.495663	-	-	-	-	O
C02401458      none	B	[!#1:1][CX4H2:2]!@[CX4H2:3][!#1:4]	179.998	58.554	-	-	-	-	G
C02401458      none	B	[!#1:1][CX4:2]!@[SX2:3][!#1:4]	-79.9974	6.01214	-	-	-	-	G
C61809158      none	B	[O:1]=[C:2]([O-])!@[c:3]([cH1])[cH1:4]	179.976	7.35294	-	-	-	-	G
C61809158      none	B	[cH0:1][c:2]([cH,nX2H0])!@[NX3H0:3][CX4:4]	-90.019	1.8357	-	-	-	-	O
C61809158      none	B	[C:1][CX4H2:2]!@[NX3:3][C:4]	120.001	1.39508	-	-	-	-	O
C61809158      none	B	[C:1][CX4H2:2]!@[NX3:3][C:4]	-90.011	9.94394	-	-	-	-	G
C61809158      none	B	N[C:2](=[O:1])!@[CH2:3][N:4]	-90.0026	0.14881	-	-	-	-	R
C61809158      none	B	N[C:2](=[O:1])!@[CH2:3][N:4]	150.009	3.125	-	-	-	-	G
C02156420      none	B	[aH1:1][c:2]([aH1])!@[SX4:3][!#1:4]	90.0047	12.916	-	-	-	-	G
C02156420      none	B	[cH1:1][c:2]([cH1])!@[NX3:3][CX4:4]	19.9952	2.88127	-	-	-	-	G
C02156420      none	B	[!#1:1][CX4H2:2]!@[NX3H1:3][!#1:4]	119.999	2.00811	-	-	-	-	O
C02156420      none	B	[!#1:1][CX4:2]!@[SX4:3][!#1:4]	61.1075	11.0105	-	-	-	-	G
C42519922      none	B	[OX2:1][CX4:2]!@[CX4:3][N:4]	-60.0125	14.8764	-	-	-	-	G
C42519922      none	B	[O:1]=[C:2]([O-])!@[CX4H1:3][H:4]	0.00023154	0.495663	-	-	-	-	O
C42519922      none	B	[$(C=O):1][NX3H1:2]!@[CX4H1:3][H:4]	59.9986	6.22422	-	-	-	-	G
C42519922      none	B	[O:1]=[CX3:2]!@[NX3H1:3][!#1:4]	0.00701752	63.7893	-	-	-	-	G
C42519922      none	B	[O:1]=[CX3:2]!@[NX3H0:3][!#1:4]	0.000680977	25.0866	-	-	-	-	G
C42519922      none	B	[$([CX3]=O):1][NX3H0:2](C)!@[CX4H2:3][C:4]	-60.0038	0.686106	-	-	-	-	O
C42519922      none	B	[$(C=O):1][NX3H0:2]!@[CX4H1:3][H:4]	64.3304	0.252101	-	-	-	-	R
C42519922      none	B	[OX2:1][CX4H2:2]!@[CX4H2:3][N:4]	-59.9925	16.5981	-	-	-	-	G
C42519922      none	B	[C:1][CH2:2]!@[O:3][CX4:4]	160.001	5.67469	-	-	-	-	G
C42869599      none	B	[!#1:1][CX4:2]!@[CX4:3][!#1:4]	180	22.1548	-	-	-	-	G
C42869599      none	B	[$([CX3]=O):1][NX3H1:2]!@[CX4H2:3][C:4] 	-149.999	1.7769	-	-	-	-	O
C42869599      none	B	[O:1]=[CX3:2]([$([NX3H1]C)])!@[NX3H1:3][!#1:4]	-0.00926185	41.1343	-	-	-	-	G
C42869599      none	B	[O:1]=[C:2]([NH1])!@[NX3H1:3](C=O)[H:4]	0.00535166	58.9474	-	-	-	-	G
C42869599      none	B	[O:1]=[C:2]!@[NX3H1:3](C=O)[H:4]	180	35.6725	-	-	-	-	G
C42869599      none	B	[O:1]=[CX3:2]([NH1])!@[CH2:3][C:4]	29.9983	5.10585	-	-	-	-	G
C42869599      none	B	[!#1:1][CX4H2:2]!@[CX4H2:3][!#1:4]	60.0056	3.99483	-	-	-	-	G
C42869599      none	B	[C:1][CX4H2:2]!@[CX3:3]=[O:4]	-119.998	0.79457	-	-	-	-	O
C53117686      none	B	[OX2:1][CX4:2]!@[CX4:3][N:4]	59.9913	15.2809	-	-	-	-	G
C53117686      none	B	[!#1:1][CX4:2]!@[NX3:3][!#1:4]	-60.0042	6.13257	-	-	-	-	G
C53117686      none	B	[C:1][$(S(=O)=O):2]!@[NX3H1:3][C:4]	90.0055	7.14286	-	-	-	-	G
C53117686      none	B	[!#1:1][CX4:2]!@[SX4:3][!#1:4]	79.9988	3.66316	-	-	-	-	G
C53117686      none	B	[!#1:1][CX4H2:2]!@[CX3:3]=[O:4]	120.006	0.613497	-	-	-	-	G
C19394432      none	B	[OX2:1][CX4:2]!@[CX4:3][N:4]	-59.9993	14.8764	-	-	-	-	G
C19394432      none	B	[O:1]=[C:2]([O-])!@[CX4H1:3][H:4]	-0.000914277	0.495663	-	-	-	-	O
C19394432      none	B	[$(C=O):1][NX3H1:2]!@[CX4H1:3][H:4]	-29.9978	6.97413	-	-	-	-	G
C19394432      none	B	[O:1]=[CX3:2]!@[NX3H1:3][!#1:4]	-0.00267083	63.7893	-	-	-	-	G
C19394432      none	B	[cH1:1][c:2]([cH1])!@[C:3]([NH1,NH2])=[O:4]	-89.9901	0	-	-	-	-	R
C04149443      none	B	[NH1:1][CX4:2]!@[CX3:3]=[O:4]	150.014	9.89432	-	-	-	-	G
C04149443      none	B	[C:1][CX4H2:2]!@[NX3:3][C:4]	80.0059	9.41521	-	-	-	-	G
C04149443      none	B	[*:1]~[CX3:2]!@[NX3:3]~[*:4]	-150.003	0.515099	-	-	-	-	G
C42519924      none	B	[OX2:1][CX4:2]!@[CX4:3][N:4]	180	9.8427	-	-	-	-	G
C42519924      none	B	[O:1]=[C:2]([O-])!@[CX4H1:3][H:4]	89.9992	0.86741	-	-	-	-	O
C42519924      none	B	[$(C=O):1][NX3H1:2]!@[CX4H1:3][H:4]	180	0.712411	-	-	-	-	R
C42519924      none	B	[O:1]=[CX3:2]!@[NX3H1:3][!#1:4]	-0.00885626	63.7893	-	-	-	-	G
C42519924      none	B	[O:1]=[CX3:2]!@[NX3H0:3][!#1:4]	0.000825998	25.0866	-	-	-	-	G
C42519924      none	B	[$([CX3]=O):1][NX3H0:2](C)!@[CX4H2:3][C:4]	-89.9996	15.9949	-	-	-	-	G
C42519924      none	B	[$(C=O):1][NX3H0:2]!@[CX4H1:3][H:4]	-55.6751	0.378151	-	-	-	-	R
C42519924      none	B	[OX2:1][CX4H2:2]!@[CX4H2:3][N:4]	180	8.36763	-	-	-	-	G
C42519924      none	B	[C:1][CH2:2]!@[O:3][CX4:4]	180	35.2689	-	-	-	-	G
C37227820      none	B	[O:1]=[C:2]([O-])!@[c:3]([cH1])[cH1:4]	179.977	7.35294	-	-	-	-	G
C37227820      none	B	[aH0:1][c:2]([aH1])!@[SX4:3][!#1:4]	70.2605	11.3606	-	-	-	-	G
C37227820      none	B	[!#1:1][CX4:2]!@[SX4:3][!#1:4]	59.9996	11.0105	-	-	-	-	G
C37227820      none	B	[!#1:1][CX4:2]!@[CX4:3][!#1:4]	79.9984	1.75235	-	-	-	-	G
C37227820      none	B	[C:1][CX4:2]!@[CX3:3]=[O:4]	-119.994	3.42432	-	-	-	-	G
C35692748      none	B	[a:1][c:2]!@[CX4H1:3][N,O:4]	90.0006	1.22453	-	-	-	-	G
C35692748      none	B	[$(C=O):1][NX3H1:2]!@[CX4H1:3][H:4]	-29.9916	6.97413	-	-	-	-	G
C35692748      none	B	[O:1]=[CX3:2]([$([NX3H1]C)])!@[NX3H1:3][!#1:4]	180	9.5176	-	-	-	-	R
C35692748      none	B	[O:1]=[CX3:2]([$([NX3H1]C)])!@[NX3H1:3][!#1:4]	-0.0160647	41.1343	-	-	-	-	G
C35692748      none	B	[$([CX3]=O):1][NX3H1:2]!@[CX4H2:3][C:4] 	180	6.46594	-	-	-	-	G
C35692748      none	B	[NH1:1][CX4:2]!@[CX3:3]=[O:4]	119.996	0.41354	-	-	-	-	G
C38026582      none	B	[!#1:1][CX4:2]!@[SX2:3][!#1:4]	-79.9981	6.01214	-	-	-	-	G
C38026582      none	B	[!#1:1][CX4H2:2]!@[CX4H2:3][!#1:4]	180	58.554	-	-	-	-	G
C38026582      none	B	[!#1:1][CX4:2]!@[CX4:3][!#1:4]	-160.005	1.85018	-	-	-	-	G
C38026582      none	B	[NH1:1][CX4:2]!@[CX3:3]=[O:4]	60.0095	0.459488	-	-	-	-	O
C38026582      none	B	[$(C=O):1][NX3H1:2]!@[CX4H1:3][H:4]	30.0096	9.46757	-	-	-	-	G
C38026582      none	B	[O:1]=[CX3:2]!@[NX3H0:3][!#1:4]	150.28	1.73707	-	-	-	-	O
C38026582      none	B	[!#1:1][CX4:2]!@[CX4:3][!#1:4]	-160.002	1.85018	-	-	-	-	G
C38026582      none	B	[C:1][CX4H2:2]!@[CX3:3]=[O:4]	119.996	0.695249	-	-	-	-	O
C38026582      none	B	[O:1]=[CX3:2]!@[NX3H1:3][!#1:4]	-0.00893999	63.7893	-	-	-	-	G
C40551740      none	B	[OX2:1][CX4:2]!@[CX4:3][N:4]	39.9947	1.66292	-	-	-	-	G
C40551740      none	B	[O:1]=[C:2]([O-])!@[CX4H1:3][H:4]	0.00606452	0.495663	-	-	-	-	O
C40551740      none	B	[$(C=O):1][NX3H1:2]!@[CX4H1:3][H:4]	29.9985	9.46757	-	-	-	-	G
C40551740      none	B	[O:1]=[CX3:2]([$([NX3H1]C)])!@[NX3H1:3][!#1:4]	180	9.5176	-	-	-	-	R
C40551740      none	B	[O:1]=[CX3:2]([$([NX3H1]C)])!@[NX3H1:3][!#1:4]	0.00132806	41.1343	-	-	-	-	G
C40551740      none	B	[$([CX3]=O):1][NX3H1:2]!@[CX4H2:3][C:4] 	149.998	1.43139	-	-	-	-	O
C40551740      none	B	[!#1:1][CX4H2:2]!@[CX4H2:3][!#1:4]	59.9975	3.99483	-	-	-	-	G
C40551740      none	B	[CX4:1][CX4H2:2]!@[NX3;"N_lp":3][CX4:4]	-176.362	5.18593	-	-	-	-	G
C33367216      none	B	[!#1:1][CX4:2]!@[SX2:3][!#1:4]	-80.0033	6.01214	-	-	-	-	G
C33367216      none	B	[!#1:1][CX4H2:2]!@[CX4H2:3][!#1:4]	180	58.554	-	-	-	-	G
C33367216      none	B	[!#1:1][CX4:2]!@[CX4:3][!#1:4]	-60.0012	12.2558	-	-	-	-	G
C33367216      none	B	[O:1]=[C:2]([O-])!@[CX4H1:3][H:4]	0.000291831	0.495663	-	-	-	-	O
C33367216      none	B	[$(C=O):1][NX3H1:2]!@[CX4H1:3][H:4]	-29.9993	6.97413	-	-	-	-	G
C33367216      none	B	[O:1]=[CX3:2]([$([NX3H1]C)])!@[NX3H1:3][!#1:4]	180	9.5176	-	-	-	-	R
C33367216      none	B	[O:1]=[CX3:2]([$([NX3H1]C)])!@[NX3H1:3][!#1:4]	0.00594789	41.1343	-	-	-	-	G
C33367216      none	B	[$([CX3]=O):1][NX3H1:2]!@[CX4H2:3][C:4] 	89.9931	7.35439	-	-	-	-	G
C33367216      none	B	[!#1:1][CX4H2:2]!@[CX4H2:3][!#1:4]	60.0006	3.99483	-	-	-	-	G
C33367216      none	B	[CX4:1][CX4H2:2]!@[NX3;"N_lp":3][CX4:4]	-156.367	6.65327	-	-	-	-	G
C37435060      none	B	[!#1:1][CX4:2]!@[CX4:3][!#1:4]	59.9971	12.3771	-	-	-	-	G
C37435060      none	B	[!#1:1][CX4:2]!@[CX4:3][!#1:4]	60.0055	12.3771	-	-	-	-	G
C37435060      none	B	[NH1:1][CX4:2]!@[CX3:3]=[O:4]	-89.9974	0.352274	-	-	-	-	R
C37435060      none	B	[$(C=O):1][NX3H1:2]!@[CX4H1:3][H:4]	-29.9904	6.97413	-	-	-	-	G
C37435060      none	B	[O:1]=[CX3:2]!@[NX3H0:3][!#1:4]	-179.682	18.2537	-	-	-	-	G
C37435060      none	B	[O:1]=[C:2]([O-])!@[CX4H1:3][H:4]	90.005	0.86741	-	-	-	-	O
C37435060      none	B	[O:1]=[CX3:2]!@[NX3H1:3][!#1:4]	-0.0105299	63.7893	-	-	-	-	G
C40575677      none	B	[!#1:1][CX4:2]!@[CX4:3][!#1:4]	-11.3761	0.0576714	-	-	-	-	R
C40575677      none	B	[$(C=O):1][NX3H1:2]!@[CX4H1:3][H:4]	-30.0052	6.97413	-	-	-	-	G
C40575677      none	B	[O:1]=[CX3:2]([$([NX3H1]C)])!@[NX3H1:3][!#1:4]	0.00688717	41.1343	-	-	-	-	G
C40575677      none	B	[O:1]=[CX3:2]([$([NX3H1]C)])!@[NX3H1:3][!#1:4]	179.998	9.5176	-	-	-	-	R
C40575677      none	B	[$(C=O):1][NX3H1:2]!@[CX4H0:3][C:4]	179.992	11.3993	-	-	-	-	G
C40575677      none	B	[!#1:1][CX4:2]!@[CX4:3][!#1:4]	98.63	0.196083	-	-	-	-	O
C40575677      none	B	[NH1:1][CX4:2]!@[CX3:3]=[O:4]	89.9968	0.183795	-	-	-	-	R
C50350894      none	B	[$(S(=O)(=O)):1][NH0:2]!@[c:3]([cH1])[cH0:4]	180	3.27869	-	-	-	-	R
C50350894      none	B	[*:1]~[N,n:2]!@[S:3]~[*:4]	176.026	8.16343	-	-	-	-	G
C50350894      none	B	[H:1][CX4H1:2]!@[SX4:3][!#1:4]	-39.4059	7.45501	-	-	-	-	O
C40224106      none	B	[OX2:1][CX4:2]!@[CX4:3][N:4]	-59.9938	14.8764	-	-	-	-	G
C40224106      none	B	[$(C=O):1][NX3H1:2]!@[CX4H1:3][H:4]	-60.005	1.23735	-	-	-	-	G
C40224106      none	B	[O:1]=[CX3:2]!@[NX3H1:3][!#1:4]	-0.00693981	63.7893	-	-	-	-	G
C40224106      none	B	[O:1]=[CX3:2]([NH1])!@[CH2:3][C:4]	90.0141	2.11706	-	-	-	-	O
C40224106      none	B	[!#1:1][CX4:2]!@[CX4:3][!#1:4]	-177.164	22.1548	-	-	-	-	G
C40224106      none	B	[!#1:1][CX4:2]!@[CX4:3][!#1:4]	39.9956	0.998355	-	-	-	-	G
C40224106      none	B	[C:1][CX4H2:2]!@[CX3:3]=[O:4]	-119.981	0.79457	-	-	-	-	O
C20445988      none	B	[O:1]=[C:2]([O-])!@[c:3]([cH0])[cH0:4]	-90.009	0	-	-	-	-	G
C20445988      none	B	[a:1][a:2]!@[NX3:3][!#1:4]	120.315	1.62057	-	-	-	-	O
C20445988      none	B	[N:1][CX4:2]!@[CX3:3]=[O:4]	-87.0907	0.479136	-	-	-	-	O
C49560992      none	B	[!#1:1][CX4:2]!@[CX4:3][!#1:4]	180	22.1548	-	-	-	-	G
C49560992      none	B	[a:1][c:2]!@[CX4H1:3][N,O:4]	-120.003	3.08052	-	-	-	-	G
C49560992      none	B	[$(C=O):1][NX3H1:2]!@[CX4H1:3][H:4]	29.9948	9.46757	-	-	-	-	G
C49560992      none	B	[O:1]=[CX3:2]([$([NX3H1]C)])!@[NX3H1:3][!#1:4]	0.0110002	41.1343	-	-	-	-	G
C49560992      none	B	[O:1]=[CX3:2]([$([NX3H1]C)])!@[NX3H1:3][!#1:4]	179.997	9.5176	-	-	-	-	R
C49560992      none	B	[$(C=O):1][NX3H1:2]!@[CX4H1:3][H:4]	-29.9954	6.97413	-	-	-	-	G
C49560992      none	B	[OX2:1][CX4:2]!@[CX4:3][N:4]	-79.9964	3.59551	-	-	-	-	G
C49560992      none	B	[O:1]=[C:2]([O-])!@[CX4H1:3][H:4]	-0.00597549	0.495663	-	-	-	-	O
C42397099      none	B	[O:1]=[CX3:2]!@[NX3H1:3][!#1:4]	0.00280713	63.7893	-	-	-	-	G
C42397099      none	B	[N:1][CX4:2]!@[CX3:3]=[O:4]	178.976	3.27555	-	-	-	-	G
C42397099      none	B	[O:1]=[CX3:2]!@[NX3H0:3][!#1:4]	-149.999	1.37927	-	-	-	-	O
C42397099      none	B	[O:1]=[CX3:2]!@[NX3H0:3][!#1:4]	-149.707	1.37927	-	-	-	-	O
C42397099      none	B	[O:1]=[C:2]([O-])!@[CX4H1:3][H:4]	0.00879486	0.495663	-	-	-	-	O
C37430539      none	B	[!#1:1][CX4:2]!@[CX4:3][!#1:4]	60.0009	12.3771	-	-	-	-	G
C37430539      none	B	[NH1:1][CX4:2]!@[CX3:3]=[O:4]	-30.0071	4.44172	-	-	-	-	G
C37430539      none	B	[$(C=O):1][NX3H1:2]!@[CX4H1:3][H:4]	0.00699916	8.26772	-	-	-	-	G
C37430539      none	B	[O:1]=[CX3:2]!@[NX3H1:3][!#1:4]	0.0120982	63.7893	-	-	-	-	G
C37430539      none	B	[$(C=O):1][NX3H1:2]!@[c:3]([cH1])[cH1:4]	29.9927	5.05437	-	-	-	-	G
C37430539      none	B	[O:1]=[C:2]([O-])!@[c:3]([cH1])[cH1:4]	179.977	7.35294	-	-	-	-	G
C37430539      none	B	[O:1]=[CX3:2]!@[NX3H1:3][!#1:4]	-0.000109955	63.7893	-	-	-	-	G
C50350906      none	B	[$(S(=O)(=O)):1][NH0:2]!@[c:3]([cH1])[cH1:4]	-120.026	1.65289	-	-	-	-	G
C50350906      none	B	[*:1]~[N,n:2]!@[S:3]~[*:4]	-153.979	1.449	-	-	-	-	G
C50350906      none	B	[H:1][CX4H1:2]!@[SX4:3][!#1:4]	-39.4168	7.45501	-	-	-	-	O
C36338177      none	B	[!#1:1][CX4H2:2]!@[CX4H2:3][!#1:4]	180	58.554	-	-	-	-	G
C36338177      none	B	[!#1:1][CX4:2]!@[CX4:3][!#1:4]	-160	1.85018	-	-	-	-	G
C36338177      none	B	[NH1:1][CX4:2]!@[CX3:3]=[O:4]	120	0.41354	-	-	-	-	G
C36338177      none	B	[$(C=O):1][NX3H1:2]!@[CX4H0:3][C:4]	-59.9952	14.7253	-	-	-	-	G
C36338177      none	B	[O:1]=[CX3:2]!@[NX3H1:3][!#1:4]	-0.00882916	63.7893	-	-	-	-	G
C36338177      none	B	[C:1][CX4:2]!@[CX3:3]=[O:4]	-89.9289	3.45082	-	-	-	-	G
C36338177      none	B	[O:1]=[CX3:2]!@[NX3H0:3][!#1:4]	-149.993	1.37927	-	-	-	-	O
C42266325      none	B	[OX2:1][CX4:2]!@[CX4:3][N:4]	60.0003	15.2809	-	-	-	-	G
C42266325      none	B	[O:1]=[C:2]([O-])!@[CX4H1:3][H:4]	-0.00248673	0.495663	-	-	-	-	O
C42266325      none	B	[$(S(=O)(=O)):1][NX3H1:2]!@[CX4H1:3][H:4]	-0.00671842	7.36648	-	-	-	-	G
C42266325      none	B	[c:1][$(S(=O)=O):2]!@[NX3H1:3][C:4]	60.0009	14.5215	-	-	-	-	G
C42266325      none	B	[aH0:1][c:2]([aH1])!@[SX4:3][!#1:4]	109.73	1.0568	-	-	-	-	O
C42266325      none	B	[O-:1][N+:2](=O)!@[c:3]([cH,nX2H0])[cH,nX2H0:4]	179.969	23.2156	-	-	-	-	G
C61149901      none	B	[N:1][CX4:2]!@[CX3:3]=[O:4]	-120.002	0.897291	-	-	-	-	G
C61149901      none	B	[$(C=O):1][NX3H0:2]!@[CX4H0:3][C:4]	30.0066	1.21622	-	-	-	-	G
C61149901      none	B	[O:1]=[CX3:2](a)!@[NX3H0:3][!#1:4]	29.9927	0.896722	-	-	-	-	O
C61149901      none	B	[$(a[OH1]):1][a:2]!@[CX3:3]([NX3H0,CX4H0,c])=[O:4]	30.0037	5.33981	-	-	-	-	O
C42420509      none	B	[O:1]=[CX3:2]!@[NX3H0:3][!#1:4]	-149.994	1.37927	-	-	-	-	O
C42420509      none	B	[O:1]=[C:2]([O-])!@[CX4H1:3][H:4]	90.0027	0.86741	-	-	-	-	O
C42420509      none	B	[O:1]=[CX3:2]!@[NX3H1:3][!#1:4]	-0.0147735	63.7893	-	-	-	-	G
C42420509      none	B	[$([CX3]=O):1][NX3H1:2]!@[CX4H2:3][C:4] 	-89.9923	7.35439	-	-	-	-	G
C42420509      none	B	[!#1:1][CX4H2:2]!@[CX4H2:3][!#1:4]	59.9929	3.99483	-	-	-	-	G
C44511138      none	B	[!#1:1][CX4:2]!@[CX4:3][!#1:4]	68.6199	7.06239	-	-	-	-	G
C44511138      none	B	[NH1:1][CX4:2]!@[CX3:3]=[O:4]	-119.998	0.275693	-	-	-	-	G
C44511138      none	B	[$(C=O):1][NX3H1:2]!@[CX4H0:3][C:4]	60.0037	13.3187	-	-	-	-	G
C44511138      none	B	[O:1]=[CX3:2]([$([NX3H1]C)])!@[NX3H1:3][!#1:4]	0.00196239	41.1343	-	-	-	-	G
C44511138      none	B	[O:1]=[CX3:2]([$([NX3H1]C)])!@[NX3H1:3][!#1:4]	-0.00038982	41.1343	-	-	-	-	G
C44511138      none	B	[$([CX3]=O):1][NX3H1:2]!@[CX4H2:3][C:4] 	-120.001	2.61599	-	-	-	-	O
C44511138      none	B	[!#1:1][CX4H2:2]!@[CX4H2:3][!#1:4]	59.9962	3.99483	-	-	-	-	G
C44511138      none	B	[!#1:1][CX4:2]!@[CX4:3][!#1:4]	-177.909	22.1548	-	-	-	-	G
C39062377      none	B	[*^2:1]~[C^2:2]([!H])!@[C^2:3]~[*^2:4]	-30.0306	1.21216	-	-	-	-	O
C39062377      none	B	[!#1:1][CX4:2]!@[CX4:3][!#1:4]	-59.9999	12.2558	-	-	-	-	G
C39062377      none	B	[C:1][CX4H2:2]!@[CX3:3]=[O:4]	120.01	0.695249	-	-	-	-	R
C36743326      none	B	[*:1]~[N,n:2]!@[S:3]~[*:4]	-59.9983	4.40087	-	-	-	-	G
C36743326      none	B	[$(S(=O)(=O)):1][NH0:2]!@[c:3]([cH1])[cH0:4]	-90.2762	18.0328	-	-	-	-	G
C54768612      none	B	[C:1][CX4:2]!@[CX3:3]=[O:4]	-149.764	1.18876	-	-	-	-	G
C54768612      none	B	[O:1]=[CX3:2]!@[NX3H1:3][!#1:4]	-2.89555e-05	63.7893	-	-	-	-	G
C54768612      none	B	[$(C=O):1][NX3H1:2]!@[CX4H1:3][H:4]	-29.9938	6.97413	-	-	-	-	G
C54768612      none	B	[!#1:1][CX4:2]!@[CX4:3][!#1:4]	-160	1.85018	-	-	-	-	G
C54768612      none	B	[O:1]=[C:2]([O-])!@[CX4H1:3][H:4]	0.000522284	0.495663	-	-	-	-	O
C54768612      none	B	[!#1:1][CX4H2:2]!@[CX4H2:3][!#1:4]	60.0032	3.99483	-	-	-	-	G
C49532823      none	B	[!#1:1][CX4:2]!@[CX4:3][!#1:4]	-79.9962	1.71775	-	-	-	-	G
C49532823      none	B	[$(C=O):1][NX3H1:2]!@[CX4H1:3][H:4]	29.9937	9.46757	-	-	-	-	G
C49532823      none	B	[C:1][CX4H2:2]!@[CX3:3]=[O:4]	-90.0061	1.15875	-	-	-	-	O
C49532823      none	B	[O:1]=[CX3:2]([$([NX3H1]C)])!@[NX3H1:3][!#1:4]	180	9.5176	-	-	-	-	R
C49532823      none	B	[O:1]=[CX3:2]([$([NX3H1]C)])!@[NX3H1:3][!#1:4]	0.00178986	41.1343	-	-	-	-	G
C49532823      none	B	[$(C=O):1][NX3H1:2]!@[CX4H1:3][H:4]	29.9922	9.46757	-	-	-	-	G
C49532823      none	B	[a:1][c:2]!@[CX4H1:3][N,O:4]	-90.0022	1.29082	-	-	-	-	G
C18227439      none	B	[cH0:1][c:2]!@[CX4H2:3][CX4:4]	-89.7247	18.481	-	-	-	-	G
C18227439      none	B	[cH1:1][a:2]([cH1])!@[a:3]([cH0])[cH0:4]	90.5389	5.441	-	-	-	-	G
C54524799      none	B	[!#1:1][CX4:2]!@[CX4:3][!#1:4]	160.009	1.81259	-	-	-	-	G
C54524799      none	B	[O:1]=[C:2]([O-])!@[CX4H1:3][H:4]	-0.00244249	0.495663	-	-	-	-	O
C54524799      none	B	[$(C=O):1][NX3H1:2]!@[CX4H1:3][H:4]	29.9978	9.46757	-	-	-	-	G
C54524799      none	B	[O:1]=[CX3:2]([$([NX3H1]C)])!@[NX3H1:3][!#1:4]	179.991	9.5176	-	-	-	-	R
C54524799      none	B	[O:1]=[CX3:2]([$([NX3H1]C)])!@[NX3H1:3][!#1:4]	0.0172299	41.1343	-	-	-	-	G
C54524799      none	B	[$(C=O):1][NX3H1:2]!@[CX4H1:3][H:4]	179.996	0.712411	-	-	-	-	R
C59426362      none	B	[$(C=O):1][NX3H0:2]!@[c:3]([cH1])[cH1:4]	-89.7463	2.4302	-	-	-	-	G
C59426362      none	B	[a:1][c:2]!@[CX3:3]=[CX3H0:4]	60.2641	3.25561	-	-	-	-	G
C59426362      none	B	[O-:1][N+:2](=O)!@[c:3]([cH0])[cH,nX2H0:4]	90.2348	0.274725	-	-	-	-	O
C12986469      none	B	[N:1][CX4:2]!@[CX3:3]=[O:4]	89.9983	0.374597	-	-	-	-	O
C12986469      none	B	[C:1][CX4:2]!@[NX3;"N_lp":3][C:4]	44.2997	0.870045	-	-	-	-	G
C12986469      none	B	[O:1]=[C:2]!@[NX3H1:3](C=O)[H:4]	180	35.6725	-	-	-	-	G
C12986469      none	B	[O:1]=[C:2]([NH1])!@[NX3H1:3](C=O)[H:4]	-0.0130114	58.9474	-	-	-	-	G
C12986469      none	B	[O:1]=[CX3:2]([$([NX3H1]C)])!@[NX3H1:3][!#1:4]	0.00133425	41.1343	-	-	-	-	G
C12986469      none	B	[O:1]=[CX3:2]!@[NX3H0:3][!#1:4]	-0.00673035	25.0866	-	-	-	-	G
C20168195      none	B	[cH0:1][c:2]([cH1])!@[CX3:3]=[O:4]	-59.9876	1.6055	-	-	-	-	O
C20168195      none	B	[*^2:1]~[C^2:2]([!H])!@[C^2:3]~[*^2:4]	150.299	1.21045	-	-	-	-	G
C20168195      none	B	[$([CX3]=O):1][NX3H0:2](C)!@[CX4H2:3][C:4]	30.0158	0	-	-	-	-	R
C20168195      none	B	[a:1][c:2]!@[CX4H1:3][N,O:4]	-153.157	3.72593	-	-	-	-	G
C20168195      none	B	[O-:1][N+:2](=O)!@[c:3]([cH,nX2H0])[cH,nX2H0:4]	179.974	23.2156	-	-	-	-	G
C20168195      none	B	[!#1:1][CX4H2:2]!@[CX4H2:3][!#1:4]	179.995	58.554	-	-	-	-	G
C20168195      none	B	[CX4:1][CX4H2:2]!@[NX3;"N_lp":3][CX4:4]	-76.3655	8.1206	-	-	-	-	G
C42533751      none	B	[O:1]=[C:2]!@[O:3]~[C:4]	-0.00235889	74.4927	-	-	-	-	G
C42533751      none	B	[!#1:1][CX4H2:2]!@[CX3:3]=[O:4]	60.0067	1.20812	-	-	-	-	G
C42533751      none	B	[!#1:1][CX4:2]!@[SX4:3][!#1:4]	167.749	7.85263	-	-	-	-	G
C42533751      none	B	[*:1]~[N,n:2]!@[S:3]~[*:4]	60.0014	4.33354	-	-	-	-	G
C42533751      none	B	[$(S(=O)(=O)):1][NH0:2]!@[c:3]([cH1])[cH0:4]	-120.271	0	-	-	-	-	R
C44385671      none	B	[!#1:1][CX4:2]!@[CX4:3][!#1:4]	-80.0081	1.71775	-	-	-	-	G
C44385671      none	B	[$(C=O):1][NX3H1:2]!@[CX4H1:3][H:4]	-30.001	6.97413	-	-	-	-	G
C44385671      none	B	[!#1:1][CH2:2]!@[n:3][a:4]	90.3044	13.2097	-	-	-	-	G
C44385671      none	B	[O:1]=[CX3:2]([$([NX3H1]C)])!@[NX3H1:3][!#1:4]	179.993	9.5176	-	-	-	-	R
C44385671      none	B	[O:1]=[CX3:2]([$([NX3H1]C)])!@[NX3H1:3][!#1:4]	0.00794708	41.1343	-	-	-	-	G
C44385671      none	B	[$([CX3]=O):1][NX3H1:2]!@[CX4H2:3][C:4] 	179.998	6.46594	-	-	-	-	G
C44385671      none	B	[NH1:1][CX4:2]!@[CX3:3]=[O:4]	119.995	0.41354	-	-	-	-	G
C40910355      none	B	[a:1][c:2]!@[C:3]([NH1,NH2])=[O:4]	119.997	0.644517	-	-	-	-	G
C40910355      none	B	[O:1]=[CX3:2]!@[NX3H1:3][!#1:4]	-0.002436	63.7893	-	-	-	-	G
C40910355      none	B	[$(C=O):1][NX3H1:2]!@[CX4H0:3][C:4]	-59.9939	14.7253	-	-	-	-	G
C40910355      none	B	[NH1:1][CX4:2]!@[CX3:3]=[O:4]	0.00356441	6.89233	-	-	-	-	G
C40576993      none	B	[OX2:1][CX4:2]!@[CX4:3][N:4]	59.9959	15.2809	-	-	-	-	G
C40576993      none	B	[O:1]=[C:2]([O-])!@[CX4H1:3][H:4]	0.00383823	0.495663	-	-	-	-	O
C40576993      none	B	[$(C=O):1][NX3H1:2]!@[CX4H1:3][H:4]	0.00379	8.26772	-	-	-	-	G
C40576993      none	B	[O:1]=[CX3:2]([$([NX3H1]C)])!@[NX3H1:3][!#1:4]	-0.0034295	41.1343	-	-	-	-	G
C40576993      none	B	[O:1]=[CX3:2]([$([NX3H1]C)])!@[NX3H1:3][!#1:4]	0.00297713	41.1343	-	-	-	-	G
C40576993      none	B	[$(C=O):1][NX3H1:2]!@[c:3]([cH1])[cH1:4]	-150.001	5.07451	-	-	-	-	G
C42445093      none	B	[O:1]=[CX3:2]!@[NX3H0:3][!#1:4]	-150.001	1.37927	-	-	-	-	O
C42445093      none	B	[O:1]=[CX3:2]!@[NX3H1:3][!#1:4]	0.0018633	63.7893	-	-	-	-	G
C42445093      none	B	[$(C=O):1][NX3H1:2]!@[CX4H1:3][H:4]	29.992	9.46757	-	-	-	-	G
C42445093      none	B	[OX2:1][CX4:2]!@[CX4:3][N:4]	-160	1.21348	-	-	-	-	O
C42445093      none	B	[O:1]=[C:2]([O-])!@[CX4H1:3][H:4]	0.00606558	0.495663	-	-	-	-	O
C36973055      none	B	[cH1:1][c:2]([cH1])!@[C:3]([NH1,NH2])=[O:4]	-26.9709	8.39053	-	-	-	-	G
C36973055      none	B	[cH1:1][c:2]([cH1])!@[C:3]([NH1,NH2])=[O:4]	0.00741549	4.32395	-	-	-	-	G
C36973055      none	B	[O:1]=[CX3:2]!@[NX3H1:3][!#1:4]	0.00465616	63.7893	-	-	-	-	G
C36973055      none	B	[$([CX3]=O):1][NX3H1:2]!@[CX4H2:3][C:4] 	179.999	6.46594	-	-	-	-	G
C36973055      none	B	[NH1:1][CX4:2]!@[CX3:3]=[O:4]	-119.993	0.275693	-	-	-	-	G
C41908094      none	B	[O-:1][N+:2](=O)!@[c:3]([cH0])[cH0:4]	89.9539	5.69106	-	-	-	-	G
C41908094      none	B	[*:1]~[CX4:2]!@[n:3]~[*:4]	60	3.54922	-	-	-	-	G
C41908094      none	B	[!#1:1][CX4:2]!@[CX4:3][!#1:4]	158.624	1.81259	-	-	-	-	G
C41908094      none	B	[C:1][CX4:2]!@[CX3:3]=[O:4]	-120.001	3.42432	-	-	-	-	G
C37582353      none	B	[NH1:1][CX4:2]!@[CX3:3]=[O:4]	-119.992	0.275693	-	-	-	-	G
C37582353      none	B	[$(C=O):1][NX3H1:2]!@[CX4H1:3][H:4]	-30.0069	6.97413	-	-	-	-	G
C37582353      none	B	[O:1]=[CX3:2]!@[NX3H0:3][!#1:4]	-150.004	1.37927	-	-	-	-	O
C37582353      none	B	[$([CX3]=O):1][NX3H0:2](C)!@[CX4H2:3][C:4]	90.0081	14.7513	-	-	-	-	G
C37582353      none	B	[$(C=O):1][NX3H0:2]!@[CX4H1:3][H:4]	-30.0047	2.81513	-	-	-	-	G
C37582353      none	B	[N:1][CX4:2]!@[CX3:3]=[O:4]	-90.0018	0.479136	-	-	-	-	O
C37582353      none	B	[O:1]=[CX3:2]!@[NX3H1:3][!#1:4]	0.0171117	63.7893	-	-	-	-	G
C41074062      none	B	[OX2:1][CX4:2]!@[CX4:3][N:4]	159.999	1.1236	-	-	-	-	O
C41074062      none	B	[$([CX3]=O):1][NX3H1:2]!@[CX4H2:3][C:4] 	89.9977	7.35439	-	-	-	-	G
C41074062      none	B	[O:1]=[CX3:2]([$([NX3H1]C)])!@[NX3H1:3][!#1:4]	-0.000157622	41.1343	-	-	-	-	G
C41074062      none	B	[O:1]=[C:2]([NH1])!@[NX3H1:3](C=O)[H:4]	-0.00219163	58.9474	-	-	-	-	G
C41074062      none	B	[O:1]=[C:2]!@[NX3H1:3](C=O)[H:4]	179.999	35.6725	-	-	-	-	G
C41074062      none	B	[OX2:1][CX4H2:2]!@[CX3:3]([$([NX3H1,NX3H2])])=[O:4]	150.022	1.07143	-	-	-	-	O
C41074062      none	B	[C:1][CH2:2]!@[O:3][CX4:4]	-80.0159	1.18773	-	-	-	-	G
C41074062      none	B	[C:1][CH2:2]!@[O:3][CX4:4]	59.9978	0.263939	-	-	-	-	O
C41074062      none	B	[O:1][CX4:2]!@[CX3:3]=[O:4]	-90.0088	0.491063	-	-	-	-	O
C50398251      none	B	[!#1:1][CX4:2]!@[CX4:3][!#1:4]	-68.6102	7.10938	-	-	-	-	G
C50398251      none	B	[NH1:1][CX4:2]!@[CX3:3]=[O:4]	-29.9942	4.44172	-	-	-	-	G
C50398251      none	B	[$(C=O):1][NX3H1:2]!@[CX4H0:3][C:4]	180	11.3993	-	-	-	-	G
C50398251      none	B	[O:1]=[CX3:2]([$([NX3H1]C)])!@[NX3H1:3][!#1:4]	0.00329935	41.1343	-	-	-	-	G
C50398251      none	B	[O:1]=[CX3:2]([$([NX3H1]C)])!@[NX3H1:3][!#1:4]	-0.00929822	41.1343	-	-	-	-	G
C50398251      none	B	[$(C=O):1][NX3H1:2]!@[CX4H1:3][H:4]	-29.9962	6.97413	-	-	-	-	G
C63615167      none	B	[O-:1][N+:2](=O)!@[c:3]([cH0])[cH,nX2H0:4]	90.0303	0.274725	-	-	-	-	O
C63615167      none	B	[aH0:1][c:2]([aH1])!@[SX4:3][!#1:4]	-70.1537	15.3236	-	-	-	-	G
C63615167      none	B	[c:1][S:2](=O)(=O)!@[NX2H0-:3]-[*:4]	-60.003	11.1111	-	-	-	-	G
C63615167      none	B	[$(S(=O)(=O)):1][NH0:2]!@[c:3]([cH1])[cH0:4]	-120.282	0	-	-	-	-	R
C63615167      none	B	[a:1][c:2]!@[C:3]([NH1,NH2])=[O:4]	-179.985	9.31373	-	-	-	-	G
C62218840      none	B	[cH1:1][a:2]([cH1])!@[a:3]([sX2,o,nX2H0,nX3H1:4])([cH0])	0.438287	3.0303	-	-	-	-	G
C62218840      none	B	[O:1]=[C:2]([O-])!@[c:3]([cH1])[cH1:4]	179.982	7.35294	-	-	-	-	G
C62218840      none	B	[O:1]=[C:2]([O-])!@[c:3]([cH1])[cH1:4]	-179.727	7.35294	-	-	-	-	G
C36966003      none	B	[a:1][a:2]!@[CX3:3]=[CX3H1:4]	-149.998	2.20165	-	-	-	-	G
C36966003      none	B	[*^2:1]~[C^2:2]([!H])!@[C^2:3]~[*^2:4]	29.9992	1.05249	-	-	-	-	G
C36966003      none	B	[O:1]=[CX3:2]!@[NX3H1:3][!#1:4]	-0.0124467	63.7893	-	-	-	-	G
C36966003      none	B	[$(C=O):1][NX3H1:2]!@[CX4H1:3][H:4]	60.0116	6.22422	-	-	-	-	O
C36966003      none	B	[OX2:1][CX4:2]!@[CX4:3][N:4]	-59.9925	14.8764	-	-	-	-	G
C36966003      none	B	[O:1]=[C:2]([O-])!@[CX4H1:3][H:4]	0.00421169	0.495663	-	-	-	-	O
C13302026      none	B	[O:1]=[C:2]!@[O:3]~[C:4]	-0.00786138	74.4927	-	-	-	-	G
C13302026      none	B	[C:1][CX4:2]!@[CX3:3]=[O:4]	-0.0671698	5.61823	-	-	-	-	G
C13302026      none	B	[*:1][$(S(=O)=O):2]!@[NX3H0r:3][*:4]	-89.9924	4.88152	-	-	-	-	G
C13302026      none	B	[aH1:1][c:2]([aH1])!@[SX4:3][!#1:4]	150.28	0.260857	-	-	-	-	R
C13302026      none	B	[$(S(=O)(=O)):1][NH0:2]!@[c:3]([cH1])[cH1:4]	-59.9445	0.826446	-	-	-	-	G
C13302026      none	B	[c:1][S:2](=O)(=O)!@[NX2H0-:3]-[*:4]	-60.0524	11.1111	-	-	-	-	G
C13302026      none	B	[aH0:1][c:2]([aH1])!@[SX4:3][!#1:4]	89.6772	4.49141	-	-	-	-	G
C13302026      none	B	[O:1]=[C:2]([O-])!@[c:3]([cH1])[cH1:4]	179.981	7.35294	-	-	-	-	G
C40590455      none	B	[!#1:1][CX4:2]!@[CX4:3][!#1:4]	68.624	7.06239	-	-	-	-	G
C40590455      none	B	[NH1:1][CX4:2]!@[CX3:3]=[O:4]	-29.9904	4.44172	-	-	-	-	G
C40590455      none	B	[$(C=O):1][NX3H1:2]!@[CX4H0:3][C:4]	60.0009	13.3187	-	-	-	-	G
C40590455      none	B	[O:1]=[CX3:2]([$([NX3H1]C)])!@[NX3H1:3][!#1:4]	0.00296324	41.1343	-	-	-	-	G
C40590455      none	B	[O:1]=[CX3:2]([$([NX3H1]C)])!@[NX3H1:3][!#1:4]	-0.0042816	41.1343	-	-	-	-	G
C40590455      none	B	[$(C=O):1][NX3H1:2]!@[CX4H1:3][H:4]	29.9955	9.46757	-	-	-	-	G
C37561316      none	B	[NH1:1][CX4:2]!@[CX3:3]=[O:4]	91.9826	0.183795	-	-	-	-	R
C37561316      none	B	[O:1]=[CX3:2]!@[NX3H1:3][!#1:4]	-0.00418818	63.7893	-	-	-	-	G
C37561316      none	B	[$(C=O):1][NX3H1:2]!@[CX4H1:3][H:4]	-30.0003	6.97413	-	-	-	-	G
C37561316      none	B	[O:1]=[C:2]([O-])!@[CX4H1:3][H:4]	0.00137742	0.495663	-	-	-	-	O
C40573839      none	B	[$([CX3]=O):1][NX3H0:2](C)!@[CX4H2:3][C:4]	-59.9963	0.686106	-	-	-	-	O
C40573839      none	B	[O:1]=[CX3:2]!@[NX3H0:3][!#1:4]	150.001	1.73707	-	-	-	-	O
C40573839      none	B	N[C:2](=[O:1])!@[CH2:3][N:4]	149.996	3.125	-	-	-	-	G
C40573839      none	B	[O:1]=[CX3:2]!@[NX3H0:3][!#1:4]	-29.673	0.692521	-	-	-	-	O
C40573839      none	B	[H:1][CX4H1:2]!@[O:3][CX4:4]	44.644	11.9906	-	-	-	-	O
C40573839      none	B	[O:1]=[C:2]([O-])!@[CX4H1:3][H:4]	-0.00517127	0.495663	-	-	-	-	O
C49104850      none	B	[NH1:1][CX4:2]!@[CX3:3]=[O:4]	119.992	0.41354	-	-	-	-	G
C49104850      none	B	[$(C=O):1][NX3H1:2]!@[CX4H0:3][C:4]	59.993	13.3187	-	-	-	-	G
C49104850      none	B	[O:1]=[CX3:2]([$([NX3H1]C)])!@[NX3H1:3][!#1:4]	-0.00107003	41.1343	-	-	-	-	G
C49104850      none	B	[O:1]=[CX3:2]([$([NX3H1]C)])!@[NX3H1:3][!#1:4]	180	9.5176	-	-	-	-	R
C49104850      none	B	[$(C=O):1][NX3H1:2]!@[CX4H1:3][H:4]	-29.9972	6.97413	-	-	-	-	G
C49104850      none	B	[NH1:1][CX4:2]!@[CX3:3]=[O:4]	-29.9998	4.44172	-	-	-	-	G
C49104850      none	B	[O:1]=[CX3:2]!@[NX3H0:3][!#1:4]	0.00487085	25.0866	-	-	-	-	G
C35406351      none	B	[!#1:1][CX4:2]!@[CX4:3][!#1:4]	59.9967	12.3771	-	-	-	-	G
C35406351      none	B	[O:1]=[C:2]([O-])!@[CX4H1:3][H:4]	0.00086158	0.495663	-	-	-	-	O
C35406351      none	B	[C:1][CX4:2]!@[NX3;"N_lp":3][C:4]	156.043	4.57693	-	-	-	-	G
C35406351      none	B	[C:1][CX4H2:2]!@[NX3;"N_lp":3][C:4]	80.0029	8.26729	-	-	-	-	G
C35406351      none	B	[!#1:1][CX4:2]!@[CX3H0:3][!#1:4]	89.9966	2.78327	-	-	-	-	G
C35406351      none	B	[*:1]~[cX3:2]!@[NX2:3]~[*:4]	90.3121	1.96062	-	-	-	-	O
C35406351      none	B	[a:1][c:2]!@[CX4H1:3][H:4]	64.3253	1.05062	-	-	-	-	O
C40578406      none	B	[NH1:1][CX4:2]!@[CX3:3]=[O:4]	-90.0106	0.352274	-	-	-	-	R
C40578406      none	B	[$(C=O):1][NX3H1:2]!@[CX4H1:3][H:4]	29.9996	9.46757	-	-	-	-	G
C40578406      none	B	[O:1]=[CX3:2]!@[NX3H1:3][!#1:4]	0.00128958	63.7893	-	-	-	-	G
C40578406      none	B	[O:1]=[CX3:2]!@[NX3H0:3][!#1:4]	0.306063	25.0866	-	-	-	-	G
C40578406      none	B	[O:1]=[C:2]([O-])!@[CX4H1:3][H:4]	89.9914	0.86741	-	-	-	-	O
C40910150      none	B	[NH1:1][CX4:2]!@[CX3:3]=[O:4]	-29.9904	4.44172	-	-	-	-	G
C40910150      none	B	[$(C=O):1][NX3H1:2]!@[CX4H0:3][C:4]	180	11.3993	-	-	-	-	G
C40910150      none	B	[O:1]=[CX3:2]!@[NX3H1:3][!#1:4]	0.00590677	63.7893	-	-	-	-	G
C40910150      none	B	[nH0r6:1][cr6:2]([cH1r6])!@[C:3]([NH1,NH2])=[O:4]	150.003	0.368324	-	-	-	-	G
C01693061      none	B	[aH0:1][c:2]([aH1])!@[SX4:3][!#1:4]	70.0227	11.3606	-	-	-	-	G
C31818939      none	B	[a:1][ar6:2]!@[ar5:3][a:4]	-179.716	7.27752	-	-	-	-	G
C31818939      none	B	[a:1][c:2]!@[CX4H1:3][a:4]	-30.0046	2.35804	-	-	-	-	G
C40604998      none	B	[!#1:1][CX4:2]!@[CX4:3][!#1:4]	8.62528	0.0551082	-	-	-	-	R
C40604998      none	B	[NH1:1][CX4:2]!@[CX3:3]=[O:4]	-29.9872	4.44172	-	-	-	-	G
C40604998      none	B	[$(C=O):1][NX3H1:2]!@[CX4H0:3][C:4]	179.999	11.3993	-	-	-	-	G
C40604998      none	B	[O:1]=[CX3:2]([$([NX3H1]C)])!@[NX3H1:3][!#1:4]	0.00222688	41.1343	-	-	-	-	G
C40604998      none	B	[O:1]=[CX3:2]([$([NX3H1]C)])!@[NX3H1:3][!#1:4]	0.00288444	41.1343	-	-	-	-	G
C40604998      none	B	[$([CX3]=O):1][NX3H1:2]!@[CX4H2:3][C:4] 	179.995	6.46594	-	-	-	-	G
C40604998      none	B	[OX2:1][CX4:2]!@[CX4:3][N:4]	-59.8819	14.8764	-	-	-	-	G
C63154468      none	B	[C:1][CH2:2]!@[O:3][CX4:4]	180	35.2689	-	-	-	-	G
C63154468      none	B	[C:1][CH2:2]!@[O:3][CX4:4]	179.997	35.2689	-	-	-	-	G
C63154468      none	B	[!#1:1][CX4H2:2]!@[CX4H2:3][!#1:4]	179.996	58.554	-	-	-	-	G
C63154468      none	B	[!#1:1][CX4:2]!@[SX4:3][!#1:4]	-72.2586	7.22105	-	-	-	-	G
C63154468      none	B	[*:1]~[N,n:2]!@[S:3]~[*:4]	89.9998	2.07924	-	-	-	-	G
C63154468      none	B	[$(S(=O)(=O)):1][NH0:2]!@[c:3]([cH1])[cH1:4]	-120.263	1.65289	-	-	-	-	G
C63154468      none	B	[a:1][c:2]!@[C:3](=[N:4])	-150.001	1.63836	-	-	-	-	G
C03957811      none	B	[*:1]~[OX2:2]!@[P:3]~[*:4]	180	7.48543	-	-	-	-	G
C03957811      none	B	[*:1]~[OX2:2]!@[P:3]~[*:4]	179.999	7.48543	-	-	-	-	G
C37855847      none	B	[C:1][CX4:2]!@[CX3:3]=[O:4]	0.00293522	5.61823	-	-	-	-	G
C37855847      none	B	[!#1:1][CX4:2]!@[SX3:3][!#1:4]	89.3577	0.961025	-	-	-	-	O
C37855847      none	B	[O:1]=[C:2]!@[NX3H1:3](C=O)[H:4]	180	35.6725	-	-	-	-	G
C37855847      none	B	[O:1]=[C:2]([NH1])!@[NX3H1:3](C=O)[H:4]	-0.00662072	58.9474	-	-	-	-	G
C37855847      none	B	[O:1]=[CX3:2]([$([NX3H1]C)])!@[NX3H1:3][!#1:4]	0.00710688	41.1343	-	-	-	-	G
C37855847      none	B	[!#1:1][c:2]!@[SX3:3][!#1:4]	-60.0029	3.88072	-	-	-	-	G
C37855847      none	B	[O:1]=[C:2]([O-])!@[c:3]([cH1])[cH1:4]	179.975	7.35294	-	-	-	-	G
C37449497      none	B	[$(C=O):1][NX3H1:2]!@[c:3]([cH1])[cH1:4]	-120.024	0.302054	-	-	-	-	R
C37449497      none	B	[a:1][c:2]!@[C:3]([NH0])=[O:4]	149.997	1.44444	-	-	-	-	G
C37449497      none	B	[O:1]=[CX3:2](a)!@[NX3H0:3][!#1:4]	150.313	2.50464	-	-	-	-	G
C37449497      none	B	[O:1]=[C:2]([O-])!@[CX4H1:3][H:4]	0.00209592	0.495663	-	-	-	-	O
C37449497      none	B	[O:1]=[CX3:2]!@[NX3H1:3][!#1:4]	179.999	2.24265	-	-	-	-	G
C51839347      none	B	[OX2:1][CX4:2]!@[CX4:3][N:4]	79.9954	3.55056	-	-	-	-	G
C51839347      none	B	[$([CX3]=O):1][NX3H0:2](C)!@[CX4H2:3][C:4]	89.9971	14.7513	-	-	-	-	G
C51839347      none	B	[O:1]=[CX3:2]!@[NX3H0:3][!#1:4]	179.999	18.2537	-	-	-	-	G
C51839347      none	B	[O:1]=[CX3:2]!@[CX3:3]=[O:4]	-119.989	1.55709	-	-	-	-	G
C51839347      none	B	[O:1]=[CX3:2]!@[NX3H1:3][!#1:4]	-0.0100915	63.7893	-	-	-	-	G
C51839347      none	B	[$([CX3]=O):1][NX3H1:2]!@[CX4H2:3][C:4] 	-89.9953	7.35439	-	-	-	-	G
C51839347      none	B	[!#1:1][CX4:2]!@[CX3H0:3][!#1:4]	89.9983	2.78327	-	-	-	-	G
C58240845      none	B	[C:1][CX4:2]!@[CX3:3]=[O:4]	-0.00487175	5.61823	-	-	-	-	G
C58240845      none	B	[!#1:1][CX4:2]!@[SX4:3][!#1:4]	-154.67	1.51579	-	-	-	-	O
C58240845      none	B	[!#1:1][CX4:2]!@[SX4:3][!#1:4]	179.999	13.1368	-	-	-	-	G
C58240845      none	B	[a:1][c:2]!@[CX4H2:3][!#1:4]	90.2839	7.24386	-	-	-	-	G
C58240845      none	B	[*:1]~[CX3:2]!@[cX3:3]~[*:4]	-150.004	2.34159	-	-	-	-	O
C21967237      none	B	[OX2:1][CX4:2]!@[CX4:3][N:4]	59.9975	15.2809	-	-	-	-	G
C21967237      none	B	[O:1]=[C:2]([O-])!@[CX4H1:3][H:4]	89.9938	0.86741	-	-	-	-	O
C21967237      none	B	[$(C=O):1][NX3H1:2]!@[CX4H1:3][H:4]	30.0033	9.46757	-	-	-	-	G
C21967237      none	B	[O:1]=[CX3:2]!@[NX3H1:3][!#1:4]	-0.00316624	63.7893	-	-	-	-	G
C21967237      none	B	[cH1:1][c:2]([cH1])!@[C:3]([NH1,NH2])=[O:4]	27.0081	8.08167	-	-	-	-	G
C54398850      none	B	[C:1][CX4:2]!@[NX3:3][C:4]	180	4.61514	-	-	-	-	G
C54398850      none	B	[C:1][CX4H2:2]!@[NX3:3][C:4]	-29.9971	0.025481	-	-	-	-	R
C54398850      none	B	[cH0:1][c:2]([cH,nX2H0])!@[NX3H0:3][CX4:4]	89.9979	2.06517	-	-	-	-	G
C54398850      none	B	[N:1][CX4:2]!@[CX3:3]=[O:4]	120.002	0.766617	-	-	-	-	G
C54398850      none	B	[a:1][c:2]!@[C:3]([NH1,NH2])=[O:4]	-90.0094	0.299564	-	-	-	-	O
C37418877      none	B	[!#1:1][CX4:2]!@[CX4:3][!#1:4]	-40.0014	0.976141	-	-	-	-	G
C37418877      none	B	[NH1:1][CX4:2]!@[CX3:3]=[O:4]	180	3.23174	-	-	-	-	O
C37418877      none	B	[$(C=O):1][NX3H1:2]!@[CX4H1:3][H:4]	29.9983	9.46757	-	-	-	-	G
C37418877      none	B	[O:1]=[CX3:2]!@[NX3H1:3][!#1:4]	-0.00892515	63.7893	-	-	-	-	G
C37418877      none	B	[$(C=O):1][NX3H1:2]!@[c:3]([cH1])[cH1:4]	60.0048	0.402739	-	-	-	-	R
C37418877      none	B	[O:1]=[C:2]([O-])!@[c:3]([cH1])[cH1:4]	-179.789	7.35294	-	-	-	-	G
C37418877      none	B	[O:1]=[CX3:2]!@[NX3H1:3][!#1:4]	0.00457278	63.7893	-	-	-	-	G
C44611058      none	B	[a:1][c:2]!@[CX4H2:3][!#1:4]	90.0065	7.24386	-	-	-	-	G
C44611058      none	B	[$([C](=O)):1][NX3H0:2]!@[CX4H2:3][$([c]([cH,nX2H0])[cH,nX2H0]):4]	-89.9967	11.8974	-	-	-	-	G
C44611058      none	B	[O:1]=[CX3:2]!@[NX3H0:3][!#1:4]	-149.998	1.37927	-	-	-	-	O
C44611058      none	B	[O:1]=[CX3:2]!@[NX3H1:3][!#1:4]	-0.0040531	63.7893	-	-	-	-	G
C44611058      none	B	[$(C=O):1][NX3H1:2]!@[CX4H1:3][H:4]	59.9991	6.22422	-	-	-	-	G
C44611058      none	B	[OX2:1][CX4:2]!@[CX4:3][N:4]	-60.0012	14.8764	-	-	-	-	G
C44611058      none	B	[O:1]=[C:2]([O-])!@[CX4H1:3][H:4]	0.00675291	0.495663	-	-	-	-	O
C36978662      none	B	[!#1:1][CX4:2]!@[CX4:3][!#1:4]	-39.9993	0.976141	-	-	-	-	G
C36978662      none	B	[NH1:1][CX4:2]!@[CX3:3]=[O:4]	179.996	3.23174	-	-	-	-	O
C36978662      none	B	[$(C=O):1][NX3H1:2]!@[CX4H1:3][H:4]	30.0001	9.46757	-	-	-	-	G
C36978662      none	B	[O:1]=[CX3:2]!@[NX3H1:3][!#1:4]	0.00331278	63.7893	-	-	-	-	G
C36978662      none	B	[$(C=O):1][NX3H1:2]!@[c:3]([cH0]Cl)[cH:4]	60.2717	0.943396	-	-	-	-	R
C36978662      none	B	[O:1]=[C:2]([O-])!@[c:3]([cH1])[cH1:4]	179.974	7.35294	-	-	-	-	G
C36978662      none	B	[O:1]=[CX3:2]!@[NX3H1:3][!#1:4]	0.00176355	63.7893	-	-	-	-	G
C44929693      none	B	[!#1:1][CH2:2]!@[n:3][cH0:4]	90.0012	14.7896	-	-	-	-	G
C44929693      none	B	[aH1:1][c:2]([aH1])!@[SX4:3][!#1:4]	90.0048	12.916	-	-	-	-	G
C44929693      none	B	[O:1]=[C:2]([O-])!@[c:3][a:4]	0.0087931	11.4943	-	-	-	-	G
C44929693      none	B	[c:1][$(S(=O)=O):2]!@[NX3H1:3][C:4]	-90.0033	3.19032	-	-	-	-	G
C44929693      none	B	[$(S(=O)(=O)):1][NX3H1:2]!@[CX4H1:3][H:4]	30.0028	11.9705	-	-	-	-	G
C44929693      none	B	[a:1][c:2]!@[CX4H1:3][N,O:4]	30.005	3.56196	-	-	-	-	G
C22142032      none	B	[OX2:1][CX4:2]!@[CX4:3][N:4]	-39.9992	1.41573	-	-	-	-	G
C22142032      none	B	[O:1]=[C:2]([O-])!@[CX4H1:3][H:4]	90.0063	0.86741	-	-	-	-	O
C22142032      none	B	[$(C=O):1][NX3H1:2]!@[CX4H1:3][H:4]	180	0.712411	-	-	-	-	R
C22142032      none	B	[O:1]=[CX3:2]!@[NX3H1:3][!#1:4]	-0.00565493	63.7893	-	-	-	-	G
C22142032      none	B	[C:1][CX4:2]!@[CX3:3]=[O:4]	138.697	1.89104	-	-	-	-	G
C13045937      none	B	[!#1:1][CX4:2]!@[CX4:3][!#1:4]	60.0026	12.3771	-	-	-	-	G
C13045937      none	B	[$([CX3]=O):1][NX3H0:2](C)!@[CX4H2:3][C:4]	-119.998	2.31561	-	-	-	-	O
C13045937      none	B	[$(C=O):1][NX3H0:2]!@[CX4H1:3][H:4]	179.997	19.1176	-	-	-	-	G
C13045937      none	B	[O:1]=[CX3:2]!@[NX3H0:3][!#1:4]	179.998	18.2537	-	-	-	-	G
C13045937      none	B	[!#1:1][CX4H2:2]!@[CX3:3]=[O:4]	-0.00264706	19.1789	-	-	-	-	G
C13045937      none	B	[!#1:1][CX4:2]!@[SX2:3][!#1:4]	180	11.1654	-	-	-	-	G
C13045937      none	B	[aH0:1][c:2]([aH0])!@[SX2:3][!#1:4]	-29.9997	0.51573	-	-	-	-	O
C13045937      none	B	[O:1]=[C:2]([O-])!@[c:3]([cH1])[cH1:4]	179.968	7.35294	-	-	-	-	G
C13045937      none	B	[!#1:1][CH2:2]!@[n:3][cH0:4]	-90.0028	15.4696	-	-	-	-	G
C13045937      none	B	[!#1:1][CX4H2:2]!@[CX4H2:3][!#1:4]	179.999	58.554	-	-	-	-	G
C40470930      none	B	[OX2:1][CX4:2]!@[CX4:3][N:4]	180	9.8427	-	-	-	-	G
C40470930      none	B	[O:1]=[C:2]([O-])!@[CX4H1:3][H:4]	90.0056	0.86741	-	-	-	-	O
C40470930      none	B	[$(C=O):1][NX3H1:2]!@[CX4H1:3][H:4]	-30.003	6.97413	-	-	-	-	G
C40470930      none	B	[O:1]=[CX3:2]!@[NX3H1:3][!#1:4]	-0.00221311	63.7893	-	-	-	-	G
C40470930      none	B	[cH1:1][c:2]([cH1])!@[C:3]([NH1,NH2])=[O:4]	-26.9873	8.39053	-	-	-	-	G
C38104780      none	B	[cH1:1][c:2]([cH1])!@[C:3]([NH1,NH2])=[O:4]	179.991	3.89499	-	-	-	-	G
C38104780      none	B	[$(S(=O)(=O)):1][NH0:2]!@[c:3]([cH1])[cH1:4]	89.9627	15.7025	-	-	-	-	G
C38104780      none	B	[c:1][S:2](=O)(=O)!@[NX2H0-:3]-[*:4]	89.9999	2.77778	-	-	-	-	G
C38104780      none	B	[aH1:1][c:2]([aH1])!@[SX4:3][!#1:4]	-89.7215	12.5987	-	-	-	-	G
C39891672      none	B	[cH0:1][c:2]([cH1])!@[O:3][C:4]	90	0.6255	-	-	-	-	R
C39891672      none	B	[*:1]~[cX3:2]!@[NX2:3]~[*:4]	90.0041	1.96062	-	-	-	-	O
C39891672      none	B	[*:1]~[CX3:2]!@[NX2:3]~[*:4]	-179.719	40.8031	-	-	-	-	G
C45110150      none	B	[NH1:1][CX4:2]!@[CX3:3]=[O:4]	150.005	9.89432	-	-	-	-	G
C45110150      none	B	[$(C=O):1][NX3H1:2]!@[CX4H0:3][C:4]	180	11.3993	-	-	-	-	G
C45110150      none	B	[O:1]=[CX3:2]([$([NX3H1]C)])!@[NX3H1:3][!#1:4]	-0.0133998	41.1343	-	-	-	-	G
C45110150      none	B	[O:1]=[C:2]([NH1])!@[NX3H1:3](C=O)[H:4]	-0.00187894	58.9474	-	-	-	-	G
C45110150      none	B	[O:1]=[C:2]!@[NX3H1:3](C=O)[H:4]	180	35.6725	-	-	-	-	G
C45110150      none	B	[OX2:1][CX4H2:2]!@[CX3:3]([$([NX3H1,NX3H2])])=[O:4]	-150.008	0.714286	-	-	-	-	O
C45110150      none	B	[C:1][CH2:2]!@[O:3][CX4:4]	60.011	0.263939	-	-	-	-	O
C45110150      none	B	[C:1][CH2:2]!@[O:3][CX4:4]	59.9921	0.263939	-	-	-	-	O
C45110150      none	B	[O:1][CX4:2]!@[CX3:3]=[O:4]	-89.9979	0.491063	-	-	-	-	O
C37465308      none	B	[O-:1][N+:2](=O)!@[c:3]([cH,nX2H0])[cH,nX2H0:4]	179.973	23.2156	-	-	-	-	G
C37465308      none	B	[aH0:1][c:2]([aH1])!@[SX4:3][!#1:4]	65.0008	11.3606	-	-	-	-	G
C37465308      none	B	[c:1][$(S(=O)=O):2]!@[NX3H1:3][C:4]	90.0011	2.64026	-	-	-	-	G
C37465308      none	B	[$(S(=O)(=O)):1][NX3H1:2]!@[CX4H1:3][H:4]	-0.0065982	7.36648	-	-	-	-	G
C37465308      none	B	[OX2:1][CX4:2]!@[CX4:3][N:4]	59.9896	15.2809	-	-	-	-	G
C37465308      none	B	[O:1]=[C:2]([O-])!@[CX4H1:3][H:4]	90.0059	0.86741	-	-	-	-	O
C35601023      none	B	[aH0:1][c:2]([aH1])!@[SX4:3][!#1:4]	110.025	1.0568	-	-	-	-	O
C35601023      none	B	[O:1]=[C:2]([O-])!@[c:3]([cH1])[cH1:4]	180	7.35294	-	-	-	-	G
C35601023      none	B	[c:1][$(S(=O)=O):2]!@[NX3H1:3][C:4]	-59.999	13.7514	-	-	-	-	G
C35601023      none	B	[$(S(=O)(=O)):1][NX3H1:2]!@[CX4H2:3][!#1:4]	-150.001	7.72532	-	-	-	-	G
C35601023      none	B	[!#1:1][CX4H2:2]!@[CX4H2:3][!#1:4]	-59.9987	3.77933	-	-	-	-	G
C35601023      none	B	[!#1:1][CX4H2:2]!@[CX4H2:3][!#1:4]	180	58.554	-	-	-	-	G
C40546108      none	B	[O-:1][N+:2](=O)!@[c:3]([cH,nX2H0])[cH,nX2H0:4]	179.98	23.2156	-	-	-	-	G
C40546108      none	B	[$(C=O):1][NX3:2]!@[a:3][aH0:4]	149.998	1.842	-	-	-	-	O
C40546108      none	B	[O:1]=[CX3:2]!@[NX3H1:3][!#1:4]	-0.00542629	63.7893	-	-	-	-	G
C40546108      none	B	[O:1]=[CX3:2]!@[NX3H0:3][!#1:4]	30.3091	0.680979	-	-	-	-	O
C40546108      none	B	[O:1]=[C:2]([O-])!@[CX4H1:3][H:4]	0.000879384	0.495663	-	-	-	-	O
C63101833      none	B	[O:1]=[C:2]([O-])!@[CX4H1:3][H:4]	90.0032	0.86741	-	-	-	-	O
C63101833      none	B	[$(C=O):1][NX3H1:2]!@[CX4H1:3][H:4]	-0.00916738	8.26772	-	-	-	-	G
C63101833      none	B	[O:1]=[CX3:2]([$([NX3H1]C)])!@[NX3H1:3][!#1:4]	0.020078	41.1343	-	-	-	-	G
C63101833      none	B	[O:1]=[CX3:2]([$([NX3H1]C)])!@[NX3H1:3][!#1:4]	-0.0203076	41.1343	-	-	-	-	G
C63101833      none	B	[$([CX3]=O):1][NX3H1:2]!@[CX4H2:3][C:4] 	180	6.46594	-	-	-	-	G
C63101833      none	B	[!#1:1][CX4H2:2]!@[CX4H2:3][!#1:4]	-59.9903	3.77933	-	-	-	-	G
C36026099      none	B	[*^2:1]~[C^2:2]([!H])!@[C^2:3]~[*^2:4]	-150.02	1.11601	-	-	-	-	G
C36026099      none	B	[!#1:1][CX4:2]!@[NX3:3][!#1:4]	-119.999	2.54102	-	-	-	-	G
C36026099      none	B	[!#1:1][CX4:2]!@[NX3:3][!#1:4]	-149.993	1.96974	-	-	-	-	G
C36026099      none	B	[C:1][CX4H2:2]!@[NX3;"N_lp":3][C:4]	59.9981	4.78632	-	-	-	-	G
C36026099      none	B	[N:1][CX4:2]!@[CX3:3]=[O:4]	-90.0128	0.479136	-	-	-	-	O
C36977267      none	B	[C:1][CH2:2]!@[O:3][CX4:4]	180	35.2689	-	-	-	-	G
C36977267      none	B	[!#1:1][CX4H2:2]!@[CX4H2:3][!#1:4]	179.995	58.554	-	-	-	-	G
C36977267      none	B	[!#1:1][CH2:2]!@[n:3][cH0:4]	135.259	0.318742	-	-	-	-	R
C36977267      none	B	[nH0r6:1][cr6:2]([cH1r6])!@[C:3]([NH1,NH2])=[O:4]	-119.759	0	-	-	-	-	R
C36977267      none	B	[O:1]=[CX3:2]!@[NX3H1:3][!#1:4]	0.000294185	63.7893	-	-	-	-	G
C36977267      none	B	[$(C=O):1][NX3H1:2]!@[CX4H1:3][H:4]	-29.9993	6.97413	-	-	-	-	G
C36977267      none	B	[OX2:1][CX4:2]!@[CX4:3][N:4]	-40.0019	1.41573	-	-	-	-	G
C36977267      none	B	[O:1]=[C:2]([O-])!@[CX4H1:3][H:4]	0.0059761	0.495663	-	-	-	-	O
C04413017      none	B	[O:1]=[CX3:2]!@[NX3H1:3][!#1:4]	-0.00183767	63.7893	-	-	-	-	G
C04413017      none	B	[$(C=O):1][NX3H1:2]!@[CX4H1:3][H:4]	31.9962	9.46757	-	-	-	-	G
C04413017      none	B	[$(C=O):1][NX3H1:2]!@[CX4H1:3][H:4]	179.997	0.712411	-	-	-	-	R
C04413017      none	B	[$(C=O):1][NX3H1:2]!@[CX4H1:3][H:4]	-31.999	6.97413	-	-	-	-	G
C04413017      none	B	[O:1]=[CX3:2]!@[NX3H1:3][!#1:4]	0.00584634	63.7893	-	-	-	-	G
C04413017      none	B	[O:1]=[CX3:2]!@[NX3H1:3][!#1:4]	0.00587932	63.7893	-	-	-	-	G
C48922473      none	B	[!#1:1][CX4H2:2]!@[CX4H2:3][!#1:4]	180	58.554	-	-	-	-	G
C48922473      none	B	[$([CX3]=O):1][NX3H0:2](C)!@[CX4H2:3][C:4]	-89.9999	15.9949	-	-	-	-	G
C48922473      none	B	[$([CX3]=O):1][NX3H0:2](C)!@[CX4H2:3][C:4]	-89.997	15.9949	-	-	-	-	G
C48922473      none	B	[O:1]=[CX3:2]!@[NX3H0:3][!#1:4]	0.00776957	25.0866	-	-	-	-	G
C48922473      none	B	[OX2:1][CX4H2:2]!@[CX4H2:3][N:4]	180	8.36763	-	-	-	-	G
C48922473      none	B	[O:1]=[CX3:2]!@[NX3H1:3][!#1:4]	-0.00592503	63.7893	-	-	-	-	G
C48922473      none	B	[$(C=O):1][NX3H1:2]!@[CX4H0:3][C:4]	179.998	11.3993	-	-	-	-	G
C48922473      none	B	[NH1:1][CX4:2]!@[CX3:3]=[O:4]	89.9991	0.183795	-	-	-	-	R
C42440229      none	B	[$(C=O):1][NX3H0:2]!@[CX4H1:3][H:4]	-0.0126634	15.8824	-	-	-	-	G
C42440229      none	B	[$([CX3]=O):1][NX3H0:2](C)!@[CX4H2:3][C:4]	-89.9922	15.9949	-	-	-	-	G
C42440229      none	B	[O:1]=[CX3:2]!@[NX3H0:3][!#1:4]	-29.9967	0.692521	-	-	-	-	O
C42440229      none	B	N[C:2](=[O:1])!@[CH2:3][N:4]	-149.998	2.38095	-	-	-	-	G
C42440229      none	B	[O:1]=[CX3:2]!@[NX3H0:3][!#1:4]	150	1.73707	-	-	-	-	O
C42440229      none	B	[$([CX3]=O):1][NX3H0:2](C)!@[CX4H2:3][C:4]	-119.999	2.31561	-	-	-	-	O
C42440229      none	B	[$([CX3]=O):1][NX3H0:2](C)!@[CX4H2:3][C:4]	-59.9968	0.686106	-	-	-	-	O
C42440229      none	B	[!#1:1][CX4:2]!@[CX4:3][!#1:4]	91.3762	0.504518	-	-	-	-	O
C42440229      none	B	[N:1][CX4:2]!@[CX3:3]=[O:4]	119.99	0.766617	-	-	-	-	O
C01197159      none	B	[$(C=O):1][NX3H0:2]!@[c:3]([cH1])[cH1:4]	-29.7279	1.1203	-	-	-	-	G
C01197159      none	B	[O:1]=[C:2]([O-])!@[c:3]([cH1])[cH1:4]	180	7.35294	-	-	-	-	G
C40573779      none	B	[$([CX3]=O):1][NX3H0:2](C)!@[CX4H2:3][C:4]	90.0089	14.7513	-	-	-	-	G
C40573779      none	B	[O:1]=[CX3:2]!@[NX3H0:3][!#1:4]	-150.004	1.37927	-	-	-	-	O
C40573779      none	B	N[C:2](=[O:1])!@[CH2:3][N:4]	90.0016	0	-	-	-	-	R
C40573779      none	B	[O:1]=[CX3:2]!@[NX3H0:3][!#1:4]	30.3174	0.680979	-	-	-	-	O
C40573779      none	B	[O:1]=[C:2]([O-])!@[CX4H1:3][H:4]	-0.00367124	0.495663	-	-	-	-	O
C32205762      none	B	[!#1:1][CH2:2]!@[n:3][cH0:4]	-89.995	15.4696	-	-	-	-	G
C32205762      none	B	[!#1:1][CX4H2:2]!@[CX4H2:3][!#1:4]	-60.0092	3.77933	-	-	-	-	G
C32205762      none	B	[N:1][C:2](=O)!@[CX4H2:3][CX4H2:4]	90.0049	1.77112	-	-	-	-	O
C42397521      none	B	[!#1:1][CX4H2:2]!@[CX4H2:3][!#1:4]	179.999	58.554	-	-	-	-	G
C42397521      none	B	[!#1:1][CX4:2]!@[CX4:3][!#1:4]	179.994	22.1548	-	-	-	-	G
C42397521      none	B	[NH1:1][CX4:2]!@[CX3:3]=[O:4]	-29.9963	4.44172	-	-	-	-	G
C42397521      none	B	[$(C=O):1][NX3H1:2]!@[CX4H0:3][C:4]	180	11.3993	-	-	-	-	G
C42397521      none	B	[O:1]=[CX3:2]!@[NX3H1:3][!#1:4]	-0.00851449	63.7893	-	-	-	-	G
C42397521      none	B	[O:1]=[CX3:2]!@[NX3H0:3][!#1:4]	-149.686	1.37927	-	-	-	-	O
C42397521      none	B	[N:1][CX4:2]!@[CX3:3]=[O:4]	-151.537	3.58916	-	-	-	-	G
C42397521      none	B	[O:1]=[CX3:2]!@[NX3H1:3][!#1:4]	0.00909934	63.7893	-	-	-	-	G
C61151150      none	B	[N:1][CX4:2]!@[CX3:3]=[O:4]	-29.996	5.37503	-	-	-	-	G
C61151150      none	B	[$(C=O):1][NX3H0:2]!@[CX4H0:3][C:4]	30.0015	1.21622	-	-	-	-	G
C61151150      none	B	[O:1]=[CX3:2](a)!@[NX3H0:3][!#1:4]	30.0015	0.896722	-	-	-	-	O
C61151150      none	B	[a:1][c:2]!@[C:3]([NH0])=[O:4]	-149.683	1.44444	-	-	-	-	G
C37656736      none	B	[*:1][$(S(=O)=O):2]!@[NX3H0r:3][*:4]	-89.997	4.88152	-	-	-	-	G
C37656736      none	B	[O:1]=[C:2]([O-])!@[CX4H1:3][H:4]	90.0015	0.86741	-	-	-	-	O
C37656736      none	B	[*:1][$(S(=O)=O):2]!@[NX3H1:3][*:4]	60	8.81913	-	-	-	-	G
C37656736      none	B	[$(S(=O)(=O)):1][NX3H1:2]!@[CX4H2:3][!#1:4]	-150.001	7.72532	-	-	-	-	G
C37656736      none	B	[!#1:1][CX4H2:2]!@[CX4H2:3][!#1:4]	179.994	58.554	-	-	-	-	G
C37656736      none	B	[N:1][C:2](=O)!@[CX4H2:3][CX4H2:4]	180	15.2589	-	-	-	-	G
C40528924      none	B	[OX2:1][CX4:2]!@[CX4:3][N:4]	59.9939	15.2809	-	-	-	-	G
C40528924      none	B	[O:1]=[C:2]([O-])!@[CX4H1:3][H:4]	89.9978	0.86741	-	-	-	-	O
C40528924      none	B	[$(C=O):1][NX3H1:2]!@[CX4H1:3][H:4]	-30.0061	6.97413	-	-	-	-	G
C40528924      none	B	[O:1]=[CX3:2]([$([NX3H1]C)])!@[NX3H1:3][!#1:4]	0.00342309	41.1343	-	-	-	-	G
C40528924      none	B	[O:1]=[CX3:2]([$([NX3H1]C)])!@[NX3H1:3][!#1:4]	180	9.5176	-	-	-	-	R
C40528924      none	B	[$(C=O):1][NX3H1:2]!@[CX4H1:3][H:4]	-60.0012	1.23735	-	-	-	-	G
C41036241      none	B	[NH1:1][CX4:2]!@[CX3:3]=[O:4]	-119.992	0.275693	-	-	-	-	G
C41036241      none	B	[$(C=O):1][NX3H1:2]!@[CX4H0:3][C:4]	59.9978	13.3187	-	-	-	-	G
C41036241      none	B	[O:1]=[CX3:2]([$([NX3H1]C)])!@[NX3H1:3][!#1:4]	0.000650761	41.1343	-	-	-	-	G
C41036241      none	B	[O:1]=[CX3:2]([$([NX3H1]C)])!@[NX3H1:3][!#1:4]	-0.000670591	41.1343	-	-	-	-	G
C41036241      none	B	[$(C=O):1][NX3H1:2]!@[c:3]([cH1])[cH1:4]	60.003	0.402739	-	-	-	-	R
C45074359      none	B	[aH0:1][c:2]([aH1])!@[SX4:3][!#1:4]	69.9681	11.3606	-	-	-	-	G
C45074359      none	B	[a:1][c:2]!@[CX4H2:3][CX3:4]	90.0008	7.83807	-	-	-	-	G
C45074359      none	B	[c:1][CX4H2:2]!@[CX3:3]=[O:4]	-89.9945	2.5641	-	-	-	-	G
C45074359      none	B	[c:1][$(S(=O)=O):2]!@[NX3H1:3][C:4]	-60.0062	13.7514	-	-	-	-	G
C45074359      none	B	[$(S(=O)(=O)):1][NX3H1:2]!@[CX4H2:3][!#1:4]	-119.995	2.14592	-	-	-	-	O
C45074359      none	B	[!#1:1][CX4H2:2]!@[CX4H2:3][!#1:4]	60.0014	3.99483	-	-	-	-	G
C45074359      none	B	[!#1:1][CX4H2:2]!@[CX4H2:3][!#1:4]	60.0065	3.99483	-	-	-	-	G
C45074359      none	B	[!#1:1][CX4:2]!@[SX4:3][!#1:4]	87.7351	1.22105	-	-	-	-	O
C40520674      none	B	[!#1:1][CX4:2]!@[CX4:3][!#1:4]	79.9994	1.75235	-	-	-	-	G
C40520674      none	B	[O:1]=[C:2]([O-])!@[CX4H1:3][H:4]	-0.0028776	0.495663	-	-	-	-	O
C40520674      none	B	[$(C=O):1][NX3H1:2]!@[CX4H1:3][H:4]	29.9955	9.46757	-	-	-	-	G
C40520674      none	B	[O:1]=[CX3:2]([$([NX3H1]C)])!@[NX3H1:3][!#1:4]	0.00387689	41.1343	-	-	-	-	G
C40520674      none	B	[O,S:1]=[C:2]([$([NX3H1]),$([NX3H2])])!@[$([NX3]c[nH0]):3][H:4]	-0.00167028	46.0938	-	-	-	-	G
C40520674      none	B	[$(C=O):1][NX3H1:2]!@[c:3](s)[n:4]	0.325814	0.574713	-	-	-	-	R
C20215422      none	B	[a:1][c:2]!@[C:3]([NH1,NH2])=[O:4]	180	9.31373	-	-	-	-	G
C20215422      none	B	[O:1]=[CX3:2]!@[NX3H1:3][!#1:4]	0.00670229	63.7893	-	-	-	-	G
C20215422      none	B	[$(C=O):1][NX3H1:2]!@[CX4H0:3][C:4]	59.9858	13.3187	-	-	-	-	G
C20215422      none	B	[NH1:1][CX4:2]!@[CX3:3]=[O:4]	89.9989	0.183795	-	-	-	-	R
C13036881      none	B	[O:1]=[C:2]([O-])!@[CX4H1:3][H:4]	90.0011	0.86741	-	-	-	-	O
C13036881      none	B	[$(C=O):1][NX3H1:2]!@[CX4H1:3][H:4]	-60.0008	1.23735	-	-	-	-	G
C13036881      none	B	[O:1]=[CX3:2]!@[NX3H1:3][!#1:4]	0.0103984	63.7893	-	-	-	-	G
C13036881      none	B	[cH1:1][c:2]([cH1])!@[C:3]([NH1,NH2])=[O:4]	152.988	9.05971	-	-	-	-	G
C13036881      none	B	[cH0:1][c:2]([cH,nX2H0])!@[NX3H1:3][CX4:4]	159.986	3.7196	-	-	-	-	O
C13036881      none	B	[O-:1][N+:2](=O)!@[c:3]([cH0])[cH,nX2H0:4]	0.248462	12.6374	-	-	-	-	G
C13036881      none	B	[!#1:1][CX4H2:2]!@[NX3H1:3][!#1:4]	180	11.3535	-	-	-	-	G
C13036881      none	B	[!#1:1][CX4:2]!@[CX4:3][!#1:4]	79.9992	1.75235	-	-	-	-	G
C13036881      none	B	[C:1][CX4:2]!@[NX3;"N_lp":3][C:4]	-56.365	7.07677	-	-	-	-	G
C44563482      none	B	[$(C=O):1][NX3:2]!@[a:3][aH0:4]	-60.0033	2.68113	-	-	-	-	G
C37792445      none	B	[OX2:1][CX4:2]!@[CX4:3][N:4]	180	9.8427	-	-	-	-	G
C37792445      none	B	[$(C=O):1][NX3H1:2]!@[CX4H0:3][C:4]	-60.0016	14.7253	-	-	-	-	G
C37792445      none	B	[O:1]=[CX3:2]!@[NX3H1:3][!#1:4]	0.00520703	63.7893	-	-	-	-	G
C37792445      none	B	[O:1]=[CX3:2]([NH1])!@[CH2:3][C:4]	59.9995	6.84932	-	-	-	-	G
C37792445      none	B	[!#1:1][CX4:2]!@[CX4:3][!#1:4]	-60.0015	12.2558	-	-	-	-	G
C37792445      none	B	[!#1:1][CX4:2]!@[CX4:3][!#1:4]	60.0001	12.3771	-	-	-	-	G
C37792445      none	B	[C:1][CX4H2:2]!@[CX3:3]=[O:4]	-90.0032	1.15875	-	-	-	-	O
C37451070      none	B	[!#1:1][CH2:2]!@[n:3][a:4]	0.000735599	0.0996016	-	-	-	-	R
C37451070      none	B	[!#1:1][CX4H2:2]!@[CX3:3]=[O:4]	-119.995	0.59462	-	-	-	-	G
C37451070      none	B	[O:1]=[CX3:2]!@[NX3H1:3][!#1:4]	-0.00461955	63.7893	-	-	-	-	G
C37451070      none	B	[$(C=O):1][NX3H1:2]!@[CX4H1:3][H:4]	-29.9973	6.97413	-	-	-	-	G
C37451070      none	B	[OX2:1][CX4:2]!@[CX4:3][N:4]	-159.995	1.21348	-	-	-	-	O
C37451070      none	B	[O:1]=[C:2]([O-])!@[CX4H1:3][H:4]	-0.00106072	0.495663	-	-	-	-	O
C06079424      none	B	[O:1]=[C:2]([O-])!@[c:3]([cH1])[cH1:4]	179.974	7.35294	-	-	-	-	G
C06079424      none	B	[a:1][a:2]!@[NX3:3][!#1:4]	120	1.62057	-	-	-	-	O
C06079424      none	B	[!#1:1][CX3:2](=S)!@[NX3H1:3][!#1:4]	0.00843949	27.5459	-	-	-	-	G
C06079424      none	B	[$(C=O):1][NX3H1:2]!@[CX3:3]=[*H0:4]	0.00870739	14.8148	-	-	-	-	G
C06079424      none	B	[O:1]=[CX3:2]!@[NX3H1:3][!#1:4]	-0.0110715	63.7893	-	-	-	-	G
C06079424      none	B	[O:1]=[CX3:2]([NH1])!@[CH2:3][C:4]	-120.003	0.124533	-	-	-	-	O
C06079424      none	B	[!#1:1][CX4H2:2]!@[CX4H2:3][!#1:4]	180	58.554	-	-	-	-	G
C06079424      none	B	[!#1:1][CX4H2:2]!@[CX4H2:3][!#1:4]	179.999	58.554	-	-	-	-	G
C42275944      none	B	[$([CX3]=O):1][NX3H0:2](C)!@[CX4H2:3][C:4]	-60.0064	0.686106	-	-	-	-	O
C42275944      none	B	[O:1]=[CX3:2]!@[NX3H0:3][!#1:4]	149.994	1.73707	-	-	-	-	O
C42275944      none	B	N[C:2](=[O:1])!@[CH2:3][N:4]	-119.999	0.892857	-	-	-	-	G
C42275944      none	B	[O:1]=[CX3:2]!@[NX3H0:3][!#1:4]	-30.0022	0.692521	-	-	-	-	O
C42275944      none	B	[$([CX3]=O):1][NX3H0:2](C)!@[CX4H2:3][C:4]	-89.9938	15.9949	-	-	-	-	G
C42275944      none	B	[$(C=O):1][NX3H0:2]!@[CX4H1:3][H:4]	94.3291	0.168067	-	-	-	-	R
C42275944      none	B	[N:1][CX4:2]!@[CX3:3]=[O:4]	-120.004	0.897291	-	-	-	-	G
CHEMBL61751      none	B	[a:1][a:2]!@[CX3:3]=[CX3H1:4]	-119.995	1.01669	-	-	-	-	O
CHEMBL61751      none	B	[CX3:1]=[CX3:2]!@[CH2:3][C:4]	89.9916	6.55348	-	-	-	-	G
CHEMBL61751      none	B	[!#1:1][CX4:2]!@[CX4:3][!#1:4]	179.998	22.1548	-	-	-	-	G
CHEMBL61751      none	B	[!#1:1][CX4:2]!@[CX4:3][!#1:4]	160.004	1.81259	-	-	-	-	G
CHEMBL61751      none	B	[O:1]=[C:2]([O-])!@[CX4H1:3][H:4]	0.00175322	0.495663	-	-	-	-	O
CHEMBL61751      none	B	[!#1:1][CX4:2]!@[CX4:3][!#1:4]	-60.0042	12.2558	-	-	-	-	G
CHEMBL61751      none	B	[O:1]=[C:2]([O-])!@[CX4H1:3][H:4]	90.0063	0.86741	-	-	-	-	O
C40698251      none	B	[aH0:1][c:2]([aH0])!@[SX2:3][!#1:4]	180	14.0278	-	-	-	-	G
C40698251      none	B	[a:1][c:2]!@[C:3]([NH1,NH2])=[O:4]	-90.0023	0.299564	-	-	-	-	O
C40698251      none	B	[O:1]=[CX3:2]!@[NX3H1:3][!#1:4]	-0.00298513	63.7893	-	-	-	-	G
C40698251      none	B	[$(C=O):1][NX3H1:2]!@[CX4H1:3][H:4]	30.0141	9.46757	-	-	-	-	G
C40698251      none	B	[!#1:1][CX4:2]!@[CX4:3][!#1:4]	159.999	1.81259	-	-	-	-	G
C40698251      none	B	[O:1]=[C:2]([O-])!@[CX4H1:3][H:4]	89.9917	0.86741	-	-	-	-	O
C40698251      none	B	[!#1:1][CX4H2:2]!@[CX4H2:3][!#1:4]	180	58.554	-	-	-	-	G
C40535226      none	B	[NH1:1][CX4:2]!@[CX3:3]=[O:4]	120.004	0.41354	-	-	-	-	G
C40535226      none	B	[$(C=O):1][NX3H1:2]!@[CX4H0:3][C:4]	59.9944	13.3187	-	-	-	-	G
C40535226      none	B	[O:1]=[CX3:2]([$([NX3H1]C)])!@[NX3H1:3][!#1:4]	0.00641389	41.1343	-	-	-	-	G
C40535226      none	B	[O:1]=[CX3:2]([$([NX3H1]C)])!@[NX3H1:3][!#1:4]	-0.00879983	41.1343	-	-	-	-	G
C40535226      none	B	[$(C=O):1][NX3H1:2]!@[CX4H1:3][H:4]	30.006	9.46757	-	-	-	-	G
C40535226      none	B	[OX2:1][CX4:2]!@[CX4:3][N:4]	-39.9922	1.41573	-	-	-	-	G
C40535226      none	B	[C:1][CH2:2]!@[O:3][CX4:4]	-80.0075	1.18773	-	-	-	-	G
C41718076      none	B	[OX2:1][CX4:2]!@[CX4:3][N:4]	-39.9958	1.41573	-	-	-	-	G
C41718076      none	B	[O:1]=[C:2]([O-])!@[CX4H1:3][H:4]	-0.0071794	0.495663	-	-	-	-	O
C41718076      none	B	[$(C=O):1][NX3H1:2]!@[CX4H1:3][H:4]	-59.9896	1.23735	-	-	-	-	G
C41718076      none	B	[O:1]=[CX3:2]([$([NX3H1]C)])!@[NX3H1:3][!#1:4]	179.991	9.5176	-	-	-	-	R
C41718076      none	B	[O:1]=[CX3:2]([$([NX3H1]C)])!@[NX3H1:3][!#1:4]	-0.00131332	41.1343	-	-	-	-	G
C41718076      none	B	[$(C=O):1][NX3H1:2]!@[c:3]([cH1])[cH1:4]	30.0037	5.05437	-	-	-	-	G
C41718076      none	B	[cH1:1][c:2]([cH1])!@[CX3:3]=[O:4]	0.00628345	14.2319	-	-	-	-	G
C45047293      none	B	[$(C=O):1][NX3H1:2]!@[CX4H0:3][C:4]	59.999	13.3187	-	-	-	-	G
C45047293      none	B	[O:1]=[CX3:2]([$([NX3H1]C)])!@[NX3H1:3][!#1:4]	0.00780226	41.1343	-	-	-	-	G
C45047293      none	B	[O:1]=[C:2]([NH1])!@[NX3H1:3](C=O)[H:4]	179.994	12.6316	-	-	-	-	G
C45047293      none	B	[O:1]=[C:2]!@[NX3H1:3](C=O)[H:4]	180	35.6725	-	-	-	-	G
C45047293      none	B	[O:1]=[CX3:2]([NH1])!@[CH2:3][C:4]	90.003	2.11706	-	-	-	-	O
C45047293      none	B	[!#1:1][CX4H2:2]!@[CX4H2:3][!#1:4]	59.9985	3.99483	-	-	-	-	G
C45047293      none	B	[!#1:1][CX4H2:2]!@[CX4H2:3][!#1:4]	59.9923	3.99483	-	-	-	-	G
C45047293      none	B	[C:1][CX4H2:2]!@[CX3:3]=[O:4]	-89.996	1.15875	-	-	-	-	O
C40560014      none	B	[!#1:1][CX4:2]!@[CX4:3][!#1:4]	180	22.1548	-	-	-	-	G
C40560014      none	B	[O:1]=[C:2]([O-])!@[CX4H1:3][H:4]	-0.00206905	0.495663	-	-	-	-	O
C40560014      none	B	[$(C=O):1][NX3H1:2]!@[CX4H1:3][H:4]	-29.9975	6.97413	-	-	-	-	G
C40560014      none	B	[O:1]=[CX3:2]([$([NX3H1]C)])!@[NX3H1:3][!#1:4]	-0.00704906	41.1343	-	-	-	-	G
C40560014      none	B	[O:1]=[CX3:2]([$([NX3H1]C)])!@[NX3H1:3][!#1:4]	0.0126091	41.1343	-	-	-	-	G
C40560014      none	B	[$(C=O):1][NX3H1:2]!@[c:3]([cH1])[cH1:4]	-30.0047	5.05437	-	-	-	-	G
C40560014      none	B	[cH1,n:1][c:2]!@[O:3][CH1:4]	120.004	0.194175	-	-	-	-	R
C40560014      none	B	[H:1][CX4H1:2]!@[OX2:3][!#1:4]	-30.0019	9.1924	-	-	-	-	G
CHEMBL299291      none	B	[CX3:1]=[CX3:2]!@[CH1:3](C)[C:4]	-63.6051	1.4653	-	-	-	-	G
CHEMBL299291      none	B	[$([CX3]([C])([H])):1]=[CX3:2]([C])!@[CH2:3][C:4]	-150.004	0	-	-	-	-	R
CHEMBL299291      none	B	[*^2:1]~[C^2:2]([!H])!@[C^2:3]~[*^2:4]	30.0055	1.05249	-	-	-	-	G
CHEMBL299291      none	B	[!#1:1][CX4:2]!@[CX4:3][!#1:4]	159.997	1.81259	-	-	-	-	G
CHEMBL299291      none	B	[O:1]=[C:2]([O-])!@[CX4H1:3][H:4]	89.9958	0.86741	-	-	-	-	O
CHEMBL482080      none	B	[O:1]=[C:2]!@[O:3]~[C:4]	0.00843588	74.4927	-	-	-	-	G
CHEMBL482080      none	B	[C:1][CX4H2:2]!@[CX3:3]=[O:4]	-90.0067	1.15875	-	-	-	-	O
CHEMBL482080      none	B	[!#1:1][CX4H2:2]!@[CX4H2:3][!#1:4]	180	58.554	-	-	-	-	G
CHEMBL482080      none	B	[!#1:1][CX4:2]!@[CX4:3][!#1:4]	180	22.1548	-	-	-	-	G
CHEMBL482080      none	B	[!#1:1][CX4:2]!@[CX4:3][!#1:4]	-159.998	1.85018	-	-	-	-	G
CHEMBL482080      none	B	[O:1]=[C:2]([O-])!@[CX4H1:3][H:4]	0.00617155	0.495663	-	-	-	-	O
CHEMBL482080      none	B	[!#1:1][CX4:2]!@[CX4:3][!#1:4]	-160	1.85018	-	-	-	-	G
CHEMBL482080      none	B	[O:1]=[C:2]([O-])!@[CX4H1:3][H:4]	90.0026	0.86741	-	-	-	-	O
C63155187      none	B	[cH0:1][c:2]!@[CX4H2:3][CX4:4]	-89.9995	18.481	-	-	-	-	G
C63155187      none	B	[$(S(=O)(=O)):1][NH0:2]!@[c:3]([cH1])[cH1:4]	-120.026	1.65289	-	-	-	-	G
C63155187      none	B	[*:1]~[N,n:2]!@[S:3]~[*:4]	176.022	8.16343	-	-	-	-	G
C63155187      none	B	[!#1:1][CX4:2]!@[SX4:3][!#1:4]	-79.999	3.11579	-	-	-	-	G
C63155187      none	B	[!#1:1][CX4:2]!@[CX4:3][!#1:4]	162.075	1.81259	-	-	-	-	G
C20255345      none	B	[aH0:1][c:2]([aH0])!@[SX4:3][!#1:4]	66.1298	5.02793	-	-	-	-	G
C20255345      none	B	[c:1][$(S(=O)=O):2]!@[NX3H1:3][C:4]	59.9961	14.5215	-	-	-	-	G
C20255345      none	B	[$(S(=O)(=O)):1][NX3H1:2]!@[CX4H1:3][H:4]	-29.9926	9.39227	-	-	-	-	G
C20255345      none	B	[OX2:1][CX4:2]!@[CX4:3][N:4]	60.0014	15.2809	-	-	-	-	G
C20255345      none	B	[O:1]=[C:2]([O-])!@[CX4H1:3][H:4]	90.0014	0.86741	-	-	-	-	O
C42869596      none	B	[!#1:1][CX4:2]!@[CX4:3][!#1:4]	60.0009	12.3771	-	-	-	-	G
C42869596      none	B	[$([CX3]=O):1][NX3H1:2]!@[CX4H2:3][C:4] 	180	6.46594	-	-	-	-	G
C42869596      none	B	[O:1]=[CX3:2]([$([NX3H1]C)])!@[NX3H1:3][!#1:4]	0.00263556	41.1343	-	-	-	-	G
C42869596      none	B	[O:1]=[C:2]([NH1])!@[NX3H1:3](C=O)[H:4]	-0.0171681	58.9474	-	-	-	-	G
C42869596      none	B	[O:1]=[C:2]!@[NX3H1:3](C=O)[H:4]	180	35.6725	-	-	-	-	G
C42869596      none	B	[O:1]=[CX3:2]([NH1])!@[CH2:3][C:4]	-89.9923	1.868	-	-	-	-	O
C42869596      none	B	[!#1:1][CX4H2:2]!@[CX4H2:3][!#1:4]	59.9767	3.99483	-	-	-	-	G
C42869596      none	B	[C:1][CX4H2:2]!@[CX3:3]=[O:4]	-119.973	0.79457	-	-	-	-	O
CHEMBL305346      none	B	[cH1:1][c:2]([cH1])!@[O:3][C:4]	-179.721	26.896	-	-	-	-	G
CHEMBL305346      none	B	[a:1][a:2]!@[CX3:3]=[CX3H1:4]	160	2.96592	-	-	-	-	G
CHEMBL305346      none	B	[CX3:1]=[CX3:2]!@[CH2:3][C:4]	-119.998	8.72666	-	-	-	-	G
CHEMBL305346      none	B	[!#1:1][CX4:2]!@[CX4:3][!#1:4]	-59.9973	12.2558	-	-	-	-	G
CHEMBL305346      none	B	[!#1:1][CX4:2]!@[CX4:3][!#1:4]	179.997	22.1548	-	-	-	-	G
CHEMBL305346      none	B	[O:1]=[C:2]([O-])!@[CX4H1:3][H:4]	-0.00351192	0.495663	-	-	-	-	O
CHEMBL305346      none	B	[!#1:1][CX4:2]!@[CX4:3][!#1:4]	-159.999	1.85018	-	-	-	-	G
CHEMBL305346      none	B	[O:1]=[C:2]([O-])!@[CX4H1:3][H:4]	90.0025	0.86741	-	-	-	-	O
C64347971      none	B	[!#1:1][CH2:2]!@[n:3][cH0:4]	-89.717	15.4696	-	-	-	-	G
C64347971      none	B	[cH1:1][c:2]([cH1])!@[C:3]([NH1,NH2])=[O:4]	-152.986	8.78518	-	-	-	-	G
C64347971      none	B	[O:1]=[C:2](c)!@[$([NX3](c([nX2H0])([nX2H0]))):3][H:4]	179.996	26.6667	-	-	-	-	G
C64347971      none	B	[$(C=O):1][NX3:2]!@[a:3][aH0:4]	180	13.4466	-	-	-	-	G
C64347971      none	B	[aH0:1][c:2]([aH0])!@[SX4:3][!#1:4]	3.97064	0.418994	-	-	-	-	R
C42794590      none	B	[OX2:1][CX4:2]!@[CX4:3][N:4]	60.0009	15.2809	-	-	-	-	G
C42794590      none	B	[O:1]=[C:2]([O-])!@[CX4H1:3][H:4]	89.9952	0.86741	-	-	-	-	O
C42794590      none	B	[$(C=O):1][NX3H1:2]!@[CX4H1:3][H:4]	30.0035	9.46757	-	-	-	-	G
C42794590      none	B	[O:1]=[CX3:2]!@[NX3H1:3][!#1:4]	0.00192103	63.7893	-	-	-	-	G
C42794590      none	B	[O:1]=[CX3:2]!@[NX3H0:3][!#1:4]	30.0011	0.680979	-	-	-	-	O
C42794590      none	B	[$([CX3]=O):1][NX3H0:2](C)!@[CX4H2:3][C:4]	59.9951	0.600343	-	-	-	-	O
C42794590      none	B	[$(C=O):1][NX3H0:2]!@[CX4H1:3][H:4]	-115.666	0	-	-	-	-	R
C28238802      none	B	[cH0:1][c:2]([cH,nX2H0])!@[NX3H0:3][CX4:4]	-60.0069	5.09408	-	-	-	-	G
C28238802      none	B	[CX4:1][CX4H2:2]!@[NX3:3][CX4:4]	90.0036	8.80906	-	-	-	-	G
C28238802      none	B	[C:1][CX4H2:2]!@[NX3:3][C:4]	59.9989	2.72009	-	-	-	-	O
C28238802      none	B	[!#1:1][CX4H2:2]!@[CX4H2:3][!#1:4]	180	58.554	-	-	-	-	G
C28238802      none	B	[CX4:1][CX4H2:2]!@[NX3:3][CX4:4]	89.994	8.80906	-	-	-	-	G
C28238802      none	B	[C:1][CX4H2:2]!@[NX3:3][C:4]	90.0063	10.0586	-	-	-	-	G
C28238802      none	B	[cH0:1][c:2]([cH,nX2H0])!@[NX3H0:3][CX4:4]	119.721	2.29463	-	-	-	-	O
C28238802      none	B	[N:1][CX4:2]!@[CX3:3]=[O:4]	120.005	0.766617	-	-	-	-	G
C28238802      none	B	[N:1][CX4:2]!@[CX3:3]=[O:4]	-120.011	0.897291	-	-	-	-	G
C40531135      none	B	[O:1]=[C:2]([O-])!@[CX4H1:3][H:4]	90.0025	0.86741	-	-	-	-	O
C40531135      none	B	[O:1]=[CX3:2]!@[NX3H0:3][!#1:4]	180	18.2537	-	-	-	-	G
C40531135      none	B	[O:1]=[CX3:2]!@[NX3H1:3][!#1:4]	-0.00685046	63.7893	-	-	-	-	G
C40531135      none	B	[$([CX3]=O):1][NX3H1:2]!@[CX4H2:3][C:4] 	90.0017	7.35439	-	-	-	-	G
C40531135      none	B	N[C:2](=[O:1])!@[CH2:3][N:4]	179.999	8.33333	-	-	-	-	G
C40558833      none	B	[O:1]=[CX3:2]!@[NX3H0:3][!#1:4]	29.9993	0.680979	-	-	-	-	O
C40558833      none	B	[O:1]=[CX3:2]!@[NX3H0:3][!#1:4]	-149.684	1.37927	-	-	-	-	O
C40558833      none	B	[O:1]=[C:2]([O-])!@[CX4H1:3][H:4]	0.00196936	0.495663	-	-	-	-	O
C06725903      none	B	[$([C](=O)):1][NX3H1:2]!@[$([a]([nH0,o])):3][cH1:4]	-29.9862	3.65591	-	-	-	-	O
C06725903      none	B	[O:1]=[CX3:2]!@[NX3H1:3][!#1:4]	0.0113933	63.7893	-	-	-	-	G
C06725903      none	B	[C:1][CX4:2]!@[CX3:3]=[O:4]	179.176	0.827213	-	-	-	-	G
C06725903      none	B	[O:1]=[C:2]([O-])!@[CX4H1:3][H:4]	90.0021	0.86741	-	-	-	-	O
CHEMBL301536      none	B	[a:1][a:2]!@[CX3:3]=[CX3H1:4]	-159.998	2.81868	-	-	-	-	G
CHEMBL301536      none	B	[CX3:1]=[CX3:2]!@[CH2:3][C:4]	120.003	8.89643	-	-	-	-	G
CHEMBL301536      none	B	[!#1:1][CX4:2]!@[CX4:3][!#1:4]	-79.9936	1.71775	-	-	-	-	G
CHEMBL301536      none	B	[!#1:1][CX4:2]!@[CX4:3][!#1:4]	160.003	1.81259	-	-	-	-	G
CHEMBL301536      none	B	[O:1]=[C:2]([O-])!@[CX4H1:3][H:4]	-0.000889345	0.495663	-	-	-	-	O
CHEMBL301536      none	B	[!#1:1][CX4:2]!@[CX4:3][!#1:4]	-79.9985	1.71775	-	-	-	-	G
CHEMBL301536      none	B	[O:1]=[C:2]([O-])!@[CX4H1:3][H:4]	0.00452984	0.495663	-	-	-	-	O
C40578739      none	B	[!#1:1][CX4:2]!@[CX4:3][!#1:4]	-21.375	0.0999637	-	-	-	-	O
C40578739      none	B	[NH1:1][CX4:2]!@[CX3:3]=[O:4]	-29.9942	4.44172	-	-	-	-	G
C40578739      none	B	[$(C=O):1][NX3H1:2]!@[CX4H0:3][C:4]	180	11.3993	-	-	-	-	G
C40578739      none	B	[O:1]=[CX3:2]([$([NX3H1]C)])!@[NX3H1:3][!#1:4]	179.997	9.5176	-	-	-	-	R
C40578739      none	B	[O:1]=[CX3:2]([$([NX3H1]C)])!@[NX3H1:3][!#1:4]	-0.0107977	41.1343	-	-	-	-	G
C40578739      none	B	[$([CX3]=O):1][NX3H1:2]!@[CX4H2:3][C:4] 	90.0023	7.35439	-	-	-	-	G
C40578739      none	B	[!#1:1][CX4H2:2]!@[CX4H2:3][!#1:4]	180	58.554	-	-	-	-	G
C40578739      none	B	[$(S(=O)(=O)):1][NX3H1:2]!@[CX4H2:3][!#1:4]	120.001	2.14592	-	-	-	-	O
C40578739      none	B	[C:1][$(S(=O)=O):2]!@[NX3H1:3][C:4]	60.0058	6.12245	-	-	-	-	G
C40578669      none	B	[NH1:1][CX4:2]!@[CX3:3]=[O:4]	149.994	9.89432	-	-	-	-	G
C40578669      none	B	[$(C=O):1][NX3H1:2]!@[CX4H1:3][H:4]	-0.00317807	8.26772	-	-	-	-	G
C40578669      none	B	[O:1]=[CX3:2]!@[NX3H1:3][!#1:4]	0.00219837	63.7893	-	-	-	-	G
C40578669      none	B	[O:1]=[CX3:2]!@[NX3H0:3][!#1:4]	0.312553	25.0866	-	-	-	-	G
C40578669      none	B	[O:1]=[C:2]([O-])!@[CX4H1:3][H:4]	89.9953	0.86741	-	-	-	-	O
C50959548      none	B	[O:1][CX4:2]!@[CX3:3]=[O:4]	150.022	2.2196	-	-	-	-	G
C50959548      none	B	[O:1]=[CX3:2]!@[NX3H0:3][!#1:4]	-179.683	18.2537	-	-	-	-	G
C50959548      none	B	[O:1]=[C:2]([O-])!@[CX4H1:3][H:4]	0.00582494	0.495663	-	-	-	-	O
C09969825      none	B	[*:1]~[cX3:2]!@[NX2:3]~[*:4]	60.0037	1.58835	-	-	-	-	O
C09969825      none	B	[cH0:1][c:2]([cH0])!@[CX3!r:3]=[NX2!r:4]	90.2724	0.632911	-	-	-	-	R
C09969825      none	B	[cH0:1][c:2]!@[CX4H2:3][N,O,S:4]	179.994	6.20075	-	-	-	-	G
C09969825      none	B	[c:1][CX4H2:2]!@[OX2:3][!#1:4]	159.992	5.34979	-	-	-	-	G
C09969825      none	B	[*:1]~[OX2:2]!@[P:3]~[*:4]	60.006	4.54722	-	-	-	-	G
C40710416      none	B	[!#1:1][CH2:2]!@[n:3][a:4]	45.3208	0.859064	-	-	-	-	O
C40710416      none	B	[$(C=O):1][NX3H1:2]!@[c:3]([cH1])[cH1:4]	-30.0069	5.05437	-	-	-	-	G
C40710416      none	B	[O:1]=[CX3:2]([$([NX3H1]C)])!@[NX3H1:3][!#1:4]	-0.0140308	41.1343	-	-	-	-	G
C40710416      none	B	[O:1]=[CX3:2]([$([NX3H1]C)])!@[NX3H1:3][!#1:4]	180	9.5176	-	-	-	-	R
C40710416      none	B	[$(C=O):1][NX3H1:2]!@[CX4H1:3][H:4]	-29.991	6.97413	-	-	-	-	G
C40710416      none	B	[!#1:1][CX4:2]!@[CX4:3][!#1:4]	-159.997	1.85018	-	-	-	-	G
C40710416      none	B	[O:1]=[C:2]([O-])!@[CX4H1:3][H:4]	-0.000989077	0.495663	-	-	-	-	O
C40710416      none	B	[!#1:1][CX4H2:2]!@[CX4H2:3][!#1:4]	60.0005	3.99483	-	-	-	-	G
C40697806      none	B	[cH1:1][c:2]([cH1])!@[CX3:3]=[O:4]	150.313	3.28558	-	-	-	-	G
C40697806      none	B	[a:1][c:2]!@[C:3]([NH1,NH2])=[O:4]	150.003	5.34677	-	-	-	-	O
C40697806      none	B	[O:1]=[CX3:2]!@[NX3H1:3][!#1:4]	0.000594154	63.7893	-	-	-	-	G
C40697806      none	B	[$(C=O):1][NX3H1:2]!@[CX4H1:3][H:4]	-0.00581597	8.26772	-	-	-	-	G
C40697806      none	B	[!#1:1][CX4:2]!@[CX4:3][!#1:4]	160.003	1.81259	-	-	-	-	G
C40697806      none	B	[O:1]=[C:2]([O-])!@[CX4H1:3][H:4]	0.00449365	0.495663	-	-	-	-	O
C40697806      none	B	[!#1:1][CX4H2:2]!@[CX4H2:3][!#1:4]	-60.0034	3.77933	-	-	-	-	G
C41035770      none	B	[NH1:1][CX4:2]!@[CX3:3]=[O:4]	119.996	0.41354	-	-	-	-	G
C41035770      none	B	[$(C=O):1][NX3H1:2]!@[CX4H0:3][C:4]	-60.0052	14.7253	-	-	-	-	G
C41035770      none	B	[O:1]=[CX3:2]([$([NX3H1]C)])!@[NX3H1:3][!#1:4]	0.00823796	41.1343	-	-	-	-	G
C41035770      none	B	[O:1]=[CX3:2]([$([NX3H1]C)])!@[NX3H1:3][!#1:4]	-0.006766	41.1343	-	-	-	-	G
C41035770      none	B	[$([CX3]=O):1][NX3H1:2]!@[CX4H2:3][C:4] 	60.0014	1.1846	-	-	-	-	G
C43218441      none	B	[!#1:1][CX4H2:2]!@[CX4H2:3][!#1:4]	-59.9526	3.77933	-	-	-	-	G
C43218441      none	B	[C:1][CX4H2:2]!@[OX2:3][c:4]	-149.992	1.28448	-	-	-	-	O
C43218441      none	B	[cH1:1][c:2]([cH1])!@[O:3][C:4]	150.173	0.199809	-	-	-	-	O
C43218441      none	B	[a:1][c:2]!@[CX4H1:3][N,O:4]	56.9292	3.42939	-	-	-	-	G
C43218441      none	B	[$([CX3]=O):1][NX3H0:2](C)!@[CX4H2:3][C:4]	-89.9955	15.9949	-	-	-	-	G
C43218441      none	B	[!#1:1][CX4H2:2]!@[CX4H2:3][!#1:4]	60.0016	3.99483	-	-	-	-	G
C43218441      none	B	[CX3:1]=[CX3:2]!@[CH2:3][C:4]	120	8.89643	-	-	-	-	G
C43218441      none	B	[!#1:1][CX4:2]!@[CX4:3][!#1:4]	-60.0003	12.2558	-	-	-	-	G
C43218441      none	B	[N:1][CX4:2]!@[CX3:3]=[O:4]	-25.2932	5.37503	-	-	-	-	G
C43218441      none	B	[C:1][CX4H2:2]!@[CX3:3]=[O:4]	119.997	0.695249	-	-	-	-	O
C04577648      none	B	[*:1]~[cX3:2]!@[NX2:3]~[*:4]	-149.717	1.73726	-	-	-	-	O
C04577648      none	B	[aH0:1][c:2]([aH1])!@[SX4:3][!#1:4]	69.9991	11.3606	-	-	-	-	G
C40597964      none	B	[O:1]=[C:2]([O-])!@[CX4H1:3][H:4]	-0.00335428	0.495663	-	-	-	-	O
C40597964      none	B	[O:1]=[CX3:2]!@[NX3H0:3][!#1:4]	180	18.2537	-	-	-	-	G
C40597964      none	B	[O:1]=[CX3:2]!@[NX3H1:3][!#1:4]	-0.000775541	63.7893	-	-	-	-	G
C40597964      none	B	[$([CX3]=O):1][NX3H1:2]!@[CX4H2:3][C:4] 	120.004	2.76407	-	-	-	-	O
C40597964      none	B	[!#1:1][CX4H2:2]!@[CX4H2:3][!#1:4]	-60.0014	3.77933	-	-	-	-	G
C40597964      none	B	[!#1:1][CX4H2:2]!@[CX4H2:3][!#1:4]	180	58.554	-	-	-	-	G
C40597964      none	B	[N:1][C:2](=O)!@[CX4H2:3][CX4H2:4]	180	15.2589	-	-	-	-	G
C61948649      none	B	[O:1]=[CX3:2]!@[NX3H0:3][!#1:4]	29.9975	0.680979	-	-	-	-	O
C61948649      none	B	[CX4:1][CX4H2:2]!@[NX3;"N_lp":3][CX4:4]	159.998	6.03015	-	-	-	-	G
C61948649      none	B	[O:1]=[CX3:2]!@[NX3H1:3][!#1:4]	0.00710616	63.7893	-	-	-	-	G
C61948649      none	B	[$(C=O):1][NX3H1:2]!@[CX4H1:3][H:4]	29.9926	9.46757	-	-	-	-	G
C61948649      none	B	[OX2:1][CX4:2]!@[CX4:3][N:4]	40.0012	1.66292	-	-	-	-	G
C61948649      none	B	[O:1]=[C:2]([O-])!@[CX4H1:3][H:4]	0.00468677	0.495663	-	-	-	-	O
C40603933      none	B	[O:1]=[CX3:2]!@[NX3H0:3][!#1:4]	0.00645226	25.0866	-	-	-	-	G
C40603933      none	B	[O:1]=[CX3:2]!@[NX3H1:3][!#1:4]	-0.0113039	63.7893	-	-	-	-	G
C40603933      none	B	[$(C=O):1][NX3H1:2]!@[CX4H0:3][C:4]	-63.6387	14.7253	-	-	-	-	G
C40603933      none	B	[NH1:1][CX4:2]!@[CX3:3]=[O:4]	-0.00370105	6.89233	-	-	-	-	G
C06185664      none	B	[$(C=O):1][NX3H1:2]!@[CX4H1:3][H:4]	-29.997	6.97413	-	-	-	-	G
C06185664      none	B	[O:1]=[CX3:2]!@[NX3H1:3][!#1:4]	-0.00569185	63.7893	-	-	-	-	G
C02121482      none	B	[!#1:1][CX4H2:2]!@[CX4H2:3][!#1:4]	60.0007	3.99483	-	-	-	-	G
C02121482      none	B	[$([CX3]=O):1][NX3H1:2]!@[CX4H2:3][C:4] 	180	6.46594	-	-	-	-	G
C02121482      none	B	[O:1]=[CX3:2]!@[NX3H1:3][!#1:4]	-0.0102802	63.7893	-	-	-	-	G
C02121482      none	B	[N:1][CX4:2]!@[CX3:3]=[O:4]	179.999	3.27555	-	-	-	-	G
C45090595      none	B	[NH1:1][CX4:2]!@[CX3:3]=[O:4]	-120.005	0.275693	-	-	-	-	G
C45090595      none	B	[$(C=O):1][NX3H1:2]!@[CX4H0:3][C:4]	59.995	13.3187	-	-	-	-	G
C45090595      none	B	[O:1]=[CX3:2]([$([NX3H1]C)])!@[NX3H1:3][!#1:4]	0.00612158	41.1343	-	-	-	-	G
C45090595      none	B	[O:1]=[CX3:2]([$([NX3H1]C)])!@[NX3H1:3][!#1:4]	-0.00172274	41.1343	-	-	-	-	G
C45090595      none	B	[$([CX3]=O):1][NX3H1:2]!@[CX4H2:3][C:4] 	59.994	1.1846	-	-	-	-	G
C45090595      none	B	[!#1:1][CX4H2:2]!@[CX4H2:3][!#1:4]	60.0088	3.99483	-	-	-	-	G
C45090595      none	B	[!#1:1][CX4H2:2]!@[CX4H2:3][!#1:4]	179.994	58.554	-	-	-	-	G
C45090595      none	B	[!#1:1][CX4:2]!@[SX4:3][!#1:4]	47.734	4.33684	-	-	-	-	G
C40437382      none	B	[!#1:1][CX4:2]!@[CX4:3][!#1:4]	-21.3816	0.0999637	-	-	-	-	O
C40437382      none	B	[NH1:1][CX4:2]!@[CX3:3]=[O:4]	-120.003	0.275693	-	-	-	-	G
C40437382      none	B	[$(C=O):1][NX3H1:2]!@[CX4H0:3][C:4]	180	11.3993	-	-	-	-	G
C40437382      none	B	[O:1]=[CX3:2]([$([NX3H1]C)])!@[NX3H1:3][!#1:4]	179.997	9.5176	-	-	-	-	R
C40437382      none	B	[O:1]=[CX3:2]([$([NX3H1]C)])!@[NX3H1:3][!#1:4]	-0.00194018	41.1343	-	-	-	-	G
C40437382      none	B	[$([CX3]=O):1][NX3H1:2]!@[CX4H2:3][C:4] 	179.996	6.46594	-	-	-	-	G
C40437382      none	B	[!#1:1][CX4:2]!@[CX4:3][!#1:4]	-91.3722	0.488284	-	-	-	-	O
C52212994      none	B	[$(C=O):1][NX3H1:2]!@[CX4H1:3][H:4]	-60.0009	1.23735	-	-	-	-	G
C52212994      none	B	[O:1]=[CX3:2]!@[NX3H1:3][!#1:4]	0.00204558	63.7893	-	-	-	-	G
C52212994      none	B	[O:1]=[CX3:2]!@[NX3H0:3][!#1:4]	0.309896	25.0866	-	-	-	-	G
C52212994      none	B	[O:1]=[C:2]([O-])!@[CX4H1:3][H:4]	0.00581725	0.495663	-	-	-	-	O
C42537005      none	B	[C:1][CX4:2]!@[CX3:3]=[O:4]	-0.00251913	5.61823	-	-	-	-	G
C42537005      none	B	[H:1][CX4H1:2]!@[SX4:3][!#1:4]	67.7474	6.16967	-	-	-	-	G
C42537005      none	B	[O:1]=[C:2]!@[O:3]~[C:4]	0.00223892	74.4927	-	-	-	-	G
C42537005      none	B	[C:1][$(S(=O)=O):2]!@[NX3H1:3][C:4]	-85.8013	6.12245	-	-	-	-	G
C42537005      none	B	[$(S(=O)(=O)):1][NX3H1:2]!@[CX4H2:3][!#1:4]	149.997	5.15021	-	-	-	-	G
C42537005      none	B	N[C:2](=[O:1])!@[CH2:3][N:4]	-150.002	2.38095	-	-	-	-	G
C42537005      none	B	[O:1]=[CX3:2]!@[NX3H1:3][!#1:4]	0.00788827	63.7893	-	-	-	-	G
C42537005      none	B	[$([CX3]=O):1][NX3H1:2]!@[CX4H2:3][C:4] 	179.992	6.46594	-	-	-	-	G
C42537005      none	B	[NH1:1][CX4:2]!@[CX3:3]=[O:4]	-119.995	0.275693	-	-	-	-	G
C49310755      none	B	[!#1:1][CX4:2]!@[CX4:3][!#1:4]	59.9948	12.3771	-	-	-	-	G
C49310755      none	B	[!#1:1][CX4:2]!@[CX4:3][!#1:4]	180	22.1548	-	-	-	-	G
C49310755      none	B	[O:1]=[C:2]([O-])!@[CX4H1:3][H:4]	-0.00370416	0.495663	-	-	-	-	O
C49310755      none	B	[$(C=O):1][NX3H1:2]!@[CX4H1:3][H:4]	-59.9987	1.23735	-	-	-	-	G
C49310755      none	B	[O:1]=[CX3:2]([$([NX3H1]C)])!@[NX3H1:3][!#1:4]	180	9.5176	-	-	-	-	R
C49310755      none	B	[O:1]=[CX3:2]([$([NX3H1]C)])!@[NX3H1:3][!#1:4]	-0.0113405	41.1343	-	-	-	-	G
C49310755      none	B	[$([CX3]=O):1][NX3H1:2]!@[CX4H2:3][C:4] 	-89.9972	7.35439	-	-	-	-	G
C49310755      none	B	[OX2:1][CX4H2:2]!@[CX4H2:3][N:4]	180	8.36763	-	-	-	-	G
C49310755      none	B	[C:1][CH2:2]!@[O:3][CX4:4]	80.0006	1.71561	-	-	-	-	G
C49310755      none	B	[C:1][CH2:2]!@[O:3][CX4:4]	179.997	35.2689	-	-	-	-	G
C40557076      none	B	[$(C=O):1][NX3H1:2]!@[CX4H1:3][H:4]	-29.9985	6.97413	-	-	-	-	G
C40557076      none	B	[O:1]=[CX3:2]([$([NX3H1]C)])!@[NX3H1:3][!#1:4]	-0.00173772	41.1343	-	-	-	-	G
C40557076      none	B	[O:1]=[CX3:2]([$([NX3H1]C)])!@[NX3H1:3][!#1:4]	179.999	9.5176	-	-	-	-	R
C40557076      none	B	[$(C=O):1][NX3H1:2]!@[CX4H1:3][H:4]	60.0099	6.22422	-	-	-	-	G
C40557076      none	B	[!#1:1][CX4:2]!@[CX4:3][!#1:4]	180	22.1548	-	-	-	-	G
C40557076      none	B	[O:1]=[C:2]([O-])!@[CX4H1:3][H:4]	0.00891828	0.495663	-	-	-	-	O
C40557076      none	B	[!#1:1][CX4H2:2]!@[CX4H2:3][!#1:4]	180	58.554	-	-	-	-	G
C40557076      none	B	[!#1:1][CX4:2]!@[SX2:3][!#1:4]	180	11.1654	-	-	-	-	G
C40573859      none	B	[$([CX3]=O):1][NX3H0:2](C)!@[CX4H2:3][C:4]	-89.9987	15.9949	-	-	-	-	G
C40573859      none	B	[O:1]=[CX3:2]!@[NX3H0:3][!#1:4]	-149.998	1.37927	-	-	-	-	O
C40573859      none	B	N[C:2](=[O:1])!@[CH2:3][N:4]	179.999	8.33333	-	-	-	-	G
C40573859      none	B	[O:1]=[CX3:2]!@[NX3H1:3][!#1:4]	0.00129637	63.7893	-	-	-	-	G
C40573859      none	B	[$([CX3]=O):1][NX3H1:2]!@[CX4H2:3][C:4] 	89.9965	7.35439	-	-	-	-	G
C40573859      none	B	N[C:2](=[O:1])!@[CH2:3][N:4]	150.004	3.125	-	-	-	-	G
C40573859      none	B	[O:1]=[CX3:2]!@[NX3H1:3][!#1:4]	0.00114863	63.7893	-	-	-	-	G
C40573859      none	B	[$([CX3]=O):1][NX3H1:2]!@[CX4H2:3][C:4] 	180	6.46594	-	-	-	-	G
C40573859      none	B	[NH1:1][CX4:2]!@[CX3:3]=[O:4]	120.006	0.41354	-	-	-	-	G
C12979775      none	B	[*:1][$(S(=O)=O):2]!@[NX3H0r:3][*:4]	89.9992	4.85782	-	-	-	-	G
C12979775      none	B	[aH1:1][c:2]([aH1])!@[SX4:3][!#1:4]	-69.7244	5.44275	-	-	-	-	G
C12979775      none	B	[cH1:1][c:2]([cH1])!@[C:3]([NH1,NH2])=[O:4]	-152.959	8.78518	-	-	-	-	G
C12979775      none	B	[O:1]=[CX3:2]!@[NX3H1:3][!#1:4]	-0.0210624	63.7893	-	-	-	-	G
C12979775      none	B	[$(C=O):1][NX3H1:2]!@[CX4H1:3][H:4]	30.0057	9.46757	-	-	-	-	G
C12979775      none	B	[OX2:1][CX4:2]!@[CX4:3][N:4]	39.9973	1.66292	-	-	-	-	G
C12979775      none	B	[O:1]=[C:2]([O-])!@[CX4H1:3][H:4]	90.0084	0.86741	-	-	-	-	O
C20218378      none	B	[OX2:1][CX4:2]!@[CX4:3][N:4]	84.2313	3.55056	-	-	-	-	O
C20218378      none	B	[$([CX3]=O):1][NX3H1:2]!@[CX4H2:3][C:4] 	-89.9959	7.35439	-	-	-	-	G
C20218378      none	B	[O:1]=[CX3:2]([$([NX3H1]C)])!@[NX3H1:3][!#1:4]	-0.00830926	41.1343	-	-	-	-	G
C20218378      none	B	[O:1]=[C:2]([NH1])!@[NX3H1:3](C=O)[H:4]	0.00307456	58.9474	-	-	-	-	G
C20218378      none	B	[O:1]=[C:2]!@[NX3H1:3](C=O)[H:4]	180	35.6725	-	-	-	-	G
C20218378      none	B	[*^2:1]~[C^2:2]([!H])!@[C^2:3]~[*^2:4]	29.9965	1.05249	-	-	-	-	G
C20218378      none	B	[*^2:1]~[C^2:2]([!H])!@[C^2:3]~[*^2:4]	-0.0309248	20.0453	-	-	-	-	G
C02097573      none	B	[cH1:1][c:2]([cH1])!@[C:3]([NH1,NH2])=[O:4]	153.021	9.05971	-	-	-	-	G
C02097573      none	B	[O:1]=[CX3:2]!@[NX3H1:3][!#1:4]	-0.00875781	63.7893	-	-	-	-	G
C02097573      none	B	[$([CX3]=O):1][NX3H1:2]!@[CX4H2:3][C:4] 	-89.9995	7.35439	-	-	-	-	G
C02097573      none	B	[!#1:1][CX4H2:2]!@[CX4H2:3][!#1:4]	179.998	58.554	-	-	-	-	G
C02097573      none	B	[!#1:1][CX4:2]!@[SX4:3][!#1:4]	-59.9966	11.2842	-	-	-	-	G
C35658819      none	B	[aH1:1][c:2]([aH1])!@[SX4:3][!#1:4]	90.0063	12.916	-	-	-	-	G
C35658819      none	B	[!#1:1][CH2:2]!@[n:3][a:4]	134.999	0.697211	-	-	-	-	O
C35658819      none	B	[!#1:1][CX4H2:2]!@[CX4H2:3][!#1:4]	-60.0009	3.77933	-	-	-	-	G
C35658819      none	B	[C:1][CX4H2:2]!@[CX3:3]=[O:4]	119.992	0.695249	-	-	-	-	O
C35658819      none	B	[c:1][$(S(=O)=O):2]!@[NX3H1:3][C:4]	-60.0014	13.7514	-	-	-	-	G
C35658819      none	B	[$(S(=O)(=O)):1][NX3H1:2]!@[CX4H2:3][!#1:4]	119.996	2.14592	-	-	-	-	O
C35658819      none	B	N[C:2](=[O:1])!@[CH2:3][N:4]	89.9962	0	-	-	-	-	R
C22056129      none	B	[*:1]~[NX2:2]!@[OX2:3]~[*:4]	-150.005	1.10574	-	-	-	-	R
C22056129      none	B	[cH1:1][c:2]([nX2])!@[CX3:3]=[NX2:4]	-149.716	0.527009	-	-	-	-	R
C22056129      none	B	[*^2:1]~[C^2:2]([!H])!@[C^2:3]~[*^2:4]	-149.991	1.11601	-	-	-	-	G
C22056129      none	B	[O:1]=[CX3:2]!@[NX3H1:3][!#1:4]	-0.00488166	63.7893	-	-	-	-	G
C22056129      none	B	[$(C=O):1][NX3H1:2]!@[CX4H1:3][H:4]	-29.9965	6.97413	-	-	-	-	G
C22056129      none	B	[*^2:1]~[C^2:2]([!H])!@[C^2:3]~[*^2:4]	-90.0208	1.27397	-	-	-	-	G
C22056129      none	B	[CX3:1]=[CX3:2]!@[CH2:3][!#1:4]	-120.004	9.03499	-	-	-	-	G
C41126998      none	B	[a:1][c:2]!@[CX4H2:3][CX3:4]	-90.0034	7.62274	-	-	-	-	G
C41126998      none	B	[c:1][c:2]!@[c:3][s,o,nX3H1:4]	-0.00448414	17.837	-	-	-	-	G
C41126998      none	B	[a:1][c:2]!@[CX4H2:3][CX3:4]	44.9977	0.904393	-	-	-	-	O
C41126998      none	B	[c:1][CX4H2:2]!@[CX3:3]=[O:4]	-120.004	0.712251	-	-	-	-	O
C41126998      none	B	[c:1][CX4H2:2]!@[CX3:3]=[O:4]	-90.002	2.5641	-	-	-	-	G
C50918312      none	B	[$(C=O):1][NX3H1:2]!@[c:3]([cH1])[cH1:4]	149.997	5.05437	-	-	-	-	G
C50918312      none	B	[!#1:1][CH2:2]!@[n:3][a:4]	-135.001	0.298805	-	-	-	-	O
C50918312      none	B	[!#1:1][CX4H2:2]!@[CX3:3]=[O:4]	89.9997	1.06654	-	-	-	-	G
C50918312      none	B	[O:1]=[CX3:2]!@[NX3H1:3][!#1:4]	0.00549504	63.7893	-	-	-	-	G
C50918312      none	B	[O:1]=[CX3:2]([NH1])!@[CH2:3][CX3:4]=O	-150.004	0	-	-	-	-	R
C50918312      none	B	[C:1][CX4H2:2]!@[CX3:3]=[O:4]	120.003	0.695249	-	-	-	-	O
C19437815      none	B	[O:1]=[C:2]([O-])!@[CX4H1:3][H:4]	89.9977	0.86741	-	-	-	-	O
C19437815      none	B	[*:1][$(S(=O)=O):2]!@[NX3H0r:3][*:4]	119.992	1.23223	-	-	-	-	G
C49991387      none	B	[$(C=O):1][NX3:2]!@[a:3][aH0:4]	-89.9978	3.39746	-	-	-	-	G
C49991387      none	B	[O:1]=[C:2]!@[NX3H0:3]([a:4])[A]	-150.005	3.17023	-	-	-	-	G
C49991387      none	B	[O:1]=[CX3:2]!@[NX3H1:3][!#1:4]	0.00845279	63.7893	-	-	-	-	G
C49991387      none	B	[$(C=O):1][NX3H1:2]!@[CX4H1:3][H:4]	29.9986	9.46757	-	-	-	-	G
C49991387      none	B	[OX2:1][CX4:2]!@[CX4:3][N:4]	40.0132	1.66292	-	-	-	-	G
C49991387      none	B	[O:1]=[C:2]([O-])!@[CX4H1:3][H:4]	89.9975	0.86741	-	-	-	-	O
C44887657      none	B	[a:1][c:2]!@[CX4H1:3][N,O:4]	-90.0026	1.29082	-	-	-	-	G
C44887657      none	B	[$(C=O):1][NX3H1:2]!@[CX4H1:3][H:4]	-32.0038	6.97413	-	-	-	-	G
C44887657      none	B	[O:1]=[CX3:2]!@[NX3H1:3][!#1:4]	-0.00107933	63.7893	-	-	-	-	G
C44887657      none	B	[NH1:1][CX4:2]!@[CX3:3]=[O:4]	90.0003	0.183795	-	-	-	-	R
C44887657      none	B	[$(C=O):1][NX3H1:2]!@[CX4H1:3][H:4]	-29.9979	6.97413	-	-	-	-	G
C44887657      none	B	[O:1]=[CX3:2]!@[NX3H1:3][!#1:4]	-0.000611232	63.7893	-	-	-	-	G
C40827393      none	B	[$(S(=O)(=O)):1][NH0:2]!@[c:3]([cH1])[cH1:4]	119.978	2.06612	-	-	-	-	G
C40827393      none	B	[c:1][S:2](=O)(=O)!@[NX2H0-:3]-[*:4]	-60.0016	11.1111	-	-	-	-	G
C40827393      none	B	[aH1:1][c:2]([aH1])!@[SX4:3][!#1:4]	-89.6932	12.5987	-	-	-	-	G
C13278512      none	B	[O:1]=[C:2]([O-])!@[c:3]([cH1])[cH1:4]	179.967	7.35294	-	-	-	-	G
C13278512      none	B	[aH0:1][c:2]([aH1])!@[SX4:3][!#1:4]	89.9997	4.49141	-	-	-	-	G
C13278512      none	B	[*:1][$(S(=O)=O):2]!@[NX3H0r:3][*:4]	-59.6923	8.17536	-	-	-	-	O
C13278512      none	B	[aH1:1][c:2]([aH1])!@[SX4:3][!#1:4]	90.0065	12.916	-	-	-	-	G
C02733797      none	B	[cH0:1][c:2]!@[CX4H1:3][CX4:4]	60.2589	1.73972	-	-	-	-	G
C02733797      none	B	[*^2:1]~[C^2:2]([!H])!@[C^2:3]~[*^2:4]	-119.975	0.661024	-	-	-	-	G
C02733797      none	B	[C:1][CX4:2]!@[CX3:3]=[O:4]	29.5292	3.28614	-	-	-	-	G
C19426596      none	B	[cH0:1][c:2]([cH1])!@[CX3:3]([NX3H0])=[O:4]	89.9919	5.09091	-	-	-	-	G
C19426596      none	B	[O:1]=[CX3:2](a)!@[NX3H0:3][!#1:4]	0.323313	23.6549	-	-	-	-	G
C19426596      none	B	[O:1]=[C:2]([O-])!@[CX4H1:3][H:4]	90.0057	0.86741	-	-	-	-	O
C50376593      none	B	[!#1:1][CX4:2]!@[CX4:3][!#1:4]	8.62746	0.0551082	-	-	-	-	R
C50376593      none	B	[NH1:1][CX4:2]!@[CX3:3]=[O:4]	119.995	0.41354	-	-	-	-	G
C50376593      none	B	[$(C=O):1][NX3H1:2]!@[CX4H0:3][C:4]	-60.0039	14.7253	-	-	-	-	G
C50376593      none	B	[O:1]=[CX3:2]([$([NX3H1]C)])!@[NX3H1:3][!#1:4]	0.00434323	41.1343	-	-	-	-	G
C50376593      none	B	[O:1]=[CX3:2]([$([NX3H1]C)])!@[NX3H1:3][!#1:4]	179.997	9.5176	-	-	-	-	R
C50376593      none	B	[$(C=O):1][NX3H1:2]!@[CX4H1:3][H:4]	-30.0033	6.97413	-	-	-	-	G
C50376593      none	B	[H:1][CX4H1:2]!@[O:3][CX4:4]	41.6908	11.9906	-	-	-	-	O
C13262927      none	B	[aH1:1][c:2]([aH1])!@[SX4:3][!#1:4]	90.0031	12.916	-	-	-	-	G
C13262927      none	B	[c:1][$(S(=O)=O):2]!@[NX3H1:3][c:4]	-90.0025	1.19863	-	-	-	-	G
C13262927      none	B	[$(S(=O)(=O)):1][NH1:2]!@[c:3]([cH1])[cH1:4]	-59.9971	3.81356	-	-	-	-	G
C13262927      none	B	[O:1]=[C:2]([O-])!@[c:3]([cH1])[cH1:4]	179.929	7.35294	-	-	-	-	G
C13262927      none	B	[O:1]=[C:2]([O-])!@[c:3]([cH1])[cH1:4]	-179.784	7.35294	-	-	-	-	G
C48311229      none	B	[O:1]=[C:2]([O-])!@[c:3]([cH1])[cH1:4]	179.985	7.35294	-	-	-	-	G
C48311229      none	B	[aH1:1][c:2]([aH1])!@[SX4:3][!#1:4]	-90.008	12.5987	-	-	-	-	G
C48311229      none	B	[c:1][$(S(=O)=O):2]!@[NX3H1:3][C:4]	147.001	0	-	-	-	-	R
C48311229      none	B	[!#1:1][CX4:2]!@[NX3:3][!#1:4]	-90.0048	4.57362	-	-	-	-	G
C48311229      none	B	[NH1:1][CX4:2]!@[CX3:3]=[O:4]	90.0069	0.183795	-	-	-	-	R
C39053975      none	B	[n,o,s:1][c:2]!@[CX4H2:3][CX4:4]	0.306994	6.43231	-	-	-	-	G
C39053975      none	B	[aH0:1][c:2]([aH0])!@[SX4:3][!#1:4]	180	0.27933	-	-	-	-	R
C37760319      none	B	[*:1]~[CX4:2]!@[NX4:3]~[*:4]	-60.0024	15.3415	-	-	-	-	G
C37760319      none	B	[!#1:1][CX4H2:2]!@[CX4H2:3][!#1:4]	180	58.554	-	-	-	-	G
C37760319      none	B	[!#1:1][CX4H2:2]!@[CX4H2:3][!#1:4]	-60.0038	3.77933	-	-	-	-	G
C37760319      none	B	[$([CX3]=O):1][NX3H1:2]!@[CX4H2:3][C:4] 	90.0085	7.35439	-	-	-	-	G
C37760319      none	B	[O:1]=[CX3:2]!@[NX3H1:3][!#1:4]	-0.00127074	63.7893	-	-	-	-	G
C37760319      none	B	[a:1][c:2]!@[C:3]([NH1,NH2])=[O:4]	-150.003	5.2923	-	-	-	-	O
C40638211      none	B	[OX2:1][CX4:2]!@[CX4:3][N:4]	-40.0209	1.41573	-	-	-	-	G
C40638211      none	B	[O:1]=[C:2]([O-])!@[CX4H1:3][H:4]	0.0132154	0.495663	-	-	-	-	O
C40638211      none	B	[$(C=O):1][NX3H1:2]!@[CX4H1:3][H:4]	-0.00133735	8.26772	-	-	-	-	G
C40638211      none	B	[O:1]=[CX3:2]!@[NX3H1:3][!#1:4]	-0.00206758	63.7893	-	-	-	-	G
C40638211      none	B	[$([c]([NH1,NH2])):1][c:2]!@[CX3:3]([!O])=[O:4]	-30.0079	6.35359	-	-	-	-	G
C40096473      none	B	[!#1:1][CX4:2]!@[CX4:3][!#1:4]	60.0014	12.3771	-	-	-	-	G
C40096473      none	B	[C:1][CX4H2:2]!@[OX2:3][c:4]	-150.002	1.28448	-	-	-	-	O
C40096473      none	B	[cH1:1][c:2](cO)!@[O:3][C:4]	119.998	0.236827	-	-	-	-	R
C40096473      none	B	[a:1][c:2]!@[CX4H1:3][N,O:4]	151.593	3.7643	-	-	-	-	G
C40096473      none	B	[cH1:1][c:2](cO)!@[O:3][C:4]	0.283518	49.3635	-	-	-	-	G
C40096473      none	B	[*^2:1]~[C^2:2]([!H])!@[C^2:3]~[*^2:4]	-120.034	0.661024	-	-	-	-	G
C40096473      none	B	[$([CX3]=O):1][NX3H0:2](C)!@[CX4H2:3][C:4]	120.053	2.74443	-	-	-	-	O
C40096473      none	B	[OX2:1][CX4H2:2]!@[CX4H2:3][Nr:4]	180	8.33333	-	-	-	-	G
C40096473      none	B	[C:1][CH2:2]!@[O:3][CX4:4]	60.0018	0.263939	-	-	-	-	O
C40096473      none	B	[C:1][CH2:2]!@[O:3][CX4:4]	179.996	35.2689	-	-	-	-	G
C40096473      none	B	[OX2:1][CX4H2:2]!@[CX4H2:3][OX2:4]	-59.9948	9.11809	-	-	-	-	G
C40096473      none	B	[cH1:1][c:2]([cH1])!@[CX3:3]([CX3H0])=[O:4]	30.2661	4.23497	-	-	-	-	G
C42440343      none	B	[$(C=O):1][NX3H0:2]!@[CX4H1:3][H:4]	-29.9962	2.81513	-	-	-	-	G
C42440343      none	B	[$([CX3]=O):1][NX3H0:2](C)!@[CX4H2:3][C:4]	89.9998	14.7513	-	-	-	-	G
C42440343      none	B	[O:1]=[CX3:2]!@[NX3H0:3][!#1:4]	179.999	18.2537	-	-	-	-	G
C42440343      none	B	N[C:2](=[O:1])!@[CH2:3][N:4]	149.996	3.125	-	-	-	-	G
C42440343      none	B	[O:1]=[CX3:2]!@[NX3H1:3][!#1:4]	-0.00368342	63.7893	-	-	-	-	G
C42440343      none	B	[$(C=O):1][NX3H1:2]!@[CX4H0:3][C:4]	59.997	13.3187	-	-	-	-	G
C42440343      none	B	[NH1:1][CX4:2]!@[CX3:3]=[O:4]	90.0018	0.183795	-	-	-	-	R
C49539586      none	B	[a:1][c:2]!@[CX4H2:3][!#1:4]	-44.9974	1.62815	-	-	-	-	O
C49539586      none	B	[$(C=O):1][NX3H1:2]!@[CX4H2:3][!#1:4]	-119.992	2.75265	-	-	-	-	O
C49539586      none	B	[O:1]=[CX3:2]([$([NX3H1]C)])!@[NX3H1:3][!#1:4]	-0.00543812	41.1343	-	-	-	-	G
C49539586      none	B	[O:1]=[CX3:2]([$([NX3H1]C)])!@[NX3H1:3][!#1:4]	180	9.5176	-	-	-	-	R
C49539586      none	B	[$(C=O):1][NX3H1:2]!@[CX4H0:3][C:4]	176.348	11.3993	-	-	-	-	G
C49539586      none	B	[NH1:1][CX4:2]!@[CX3:3]=[O:4]	89.9985	0.183795	-	-	-	-	R
C40697698      none	B	[O:1]=[CX3:2]!@[NX3H0:3][!#1:4]	-30.0022	0.692521	-	-	-	-	O
C40697698      none	B	[O:1]=[CX3:2]!@[NX3H0:3][!#1:4]	-29.7238	0.692521	-	-	-	-	O
C40697698      none	B	[C:1][CX4:2]!@[CX3:3]=[O:4]	119.878	3.75937	-	-	-	-	G
C40697698      none	B	[O:1]=[CX3:2]!@[NX3H1:3][!#1:4]	-3.25554e-05	63.7893	-	-	-	-	G
C40697698      none	B	[$(C=O):1][NX3H1:2]!@[CX4H1:3][H:4]	-30.0009	6.97413	-	-	-	-	G
C40697698      none	B	[!#1:1][CX4:2]!@[CX4:3][!#1:4]	180	22.1548	-	-	-	-	G
C40697698      none	B	[O:1]=[C:2]([O-])!@[CX4H1:3][H:4]	0.00444156	0.495663	-	-	-	-	O
C40697698      none	B	[!#1:1][CX4H2:2]!@[CX4H2:3][!#1:4]	179.999	58.554	-	-	-	-	G
C04464082      none	B	[aH1:1][c:2]([aH1])!@[SX4:3][!#1:4]	0.000619034	0.126904	-	-	-	-	R
C04464082      none	B	[$(C=O):1][NX3H1:2]!@[c:3]([cH1])[cH1:4]	30.0152	5.05437	-	-	-	-	G
C04464082      none	B	[O:1]=[CX3:2]!@[NX3H1:3][!#1:4]	0.0147071	63.7893	-	-	-	-	G
C04464082      none	B	[*^2:1]~[C^2:2]([!H])!@[C^2:3]~[*^2:4]	-120.009	0.661024	-	-	-	-	G
C04464082      none	B	[*^2:1]~[C^2:2]([!H])!@[C^2:3]~[*^2:4]	-59.999	0.757173	-	-	-	-	O
C39465341      none	-	-	-	-	-	-	-	-	-
C22016651      none	B	[*:1]~[cX3:2]!@[NX2:3]~[*:4]	120.001	1.45599	-	-	-	-	O
C22016651      none	B	[nX2:1][c:2]([nX2])!@[O:3][C:4]	-0.0068095	40.7895	-	-	-	-	G
C22016651      none	B	[*:1]~[CX3:2]!@[NX2:3]~[*:4]	120.001	0.114723	-	-	-	-	G
C22016651      none	B	[*:1]~[N,n:2]!@[S:3]~[*:4]	179.997	8.16343	-	-	-	-	G
C22016651      none	B	[*:1]~[N,n:2]!@[S:3]~[*:4]	90.0027	2.07924	-	-	-	-	G
C22016651      none	B	[$(S(=O)(=O)):1][NH0:2]!@[c:3]([cH1])[cH0:4]	119.721	0	-	-	-	-	R
C22016651      none	B	[O-:1][N+:2](=O)!@[c:3]([cH0])[cH,nX2H0:4]	90.2771	0.274725	-	-	-	-	O
C41035952      none	B	[NH1:1][CX4:2]!@[CX3:3]=[O:4]	-30.0068	4.44172	-	-	-	-	G
C41035952      none	B	[$(C=O):1][NX3H1:2]!@[CX4H0:3][C:4]	180	11.3993	-	-	-	-	G
C41035952      none	B	[O:1]=[CX3:2]([$([NX3H1]C)])!@[NX3H1:3][!#1:4]	-0.00154036	41.1343	-	-	-	-	G
C41035952      none	B	[O:1]=[CX3:2]([$([NX3H1]C)])!@[NX3H1:3][!#1:4]	-0.00489088	41.1343	-	-	-	-	G
C41035952      none	B	[$([CX3]=O):1][NX3H1:2]!@[CX4H2:3][C:4] 	-89.9981	7.35439	-	-	-	-	G
C28465905      none	B	[a:1][c:2]!@[CX4H1:3][a:4]	-120	3.10876	-	-	-	-	G
C28465905      none	B	[*:1]~[CX3:2]!@[OX2:3]~[*:4]	150.005	0.0892701	-	-	-	-	O
C28465905      none	B	[cH1:1][c:2](cO)!@[O:3][C:4]	0.230942	49.3635	-	-	-	-	G
C22159586      none	B	[!#1:1][CX4:2]!@[CX4:3][!#1:4]	-60.0019	12.2558	-	-	-	-	G
C22159586      none	B	[$(C=O):1][NX3H1:2]!@[CX4H1:3][H:4]	30.0152	9.46757	-	-	-	-	G
C22159586      none	B	[C:1][CX4H2:2]!@[CX3:3]=[O:4]	120.002	0.695249	-	-	-	-	O
C22159586      none	B	[O:1]=[CX3:2]!@[NX3H1:3][!#1:4]	-0.0117886	63.7893	-	-	-	-	G
C22159586      none	B	[a:1][c:2]!@[C:3]([NH1,NH2])=[O:4]	-59.6936	0.499274	-	-	-	-	G
C22159586      none	B	[aH1:1][c:2]([aH1])!@[SX4:3][!#1:4]	179.998	0.148054	-	-	-	-	R
C40393755      none	B	[O:1][CX4:2]!@[CX3:3]=[O:4]	28.5867	2.80888	-	-	-	-	G
C40393755      none	B	[O:1]=[CX3:2]!@[NX3H0:3][!#1:4]	-179.689	18.2537	-	-	-	-	G
C40393755      none	B	[O:1]=[C:2]([O-])!@[CX4H1:3][H:4]	0.00150346	0.495663	-	-	-	-	O
C41805634      none	B	[cH0:1][c:2]!@[CX4H0:3][N,O,S:4]	-30.2774	2.86845	-	-	-	-	G
C41805634      none	B	[NH1:1][CX4:2]!@[CX3:3]=[O:4]	119.991	0.41354	-	-	-	-	G
C41805634      none	B	[C:1][CX4:2]!@[NX3;"N_lp":3][C:4]	80.0058	5.94326	-	-	-	-	G
C41805634      none	B	[C:1][CX4H2:2]!@[NX3;"N_lp":3][C:4]	-160	6.16939	-	-	-	-	G
C41805634      none	B	N[C:2](=[O:1])!@[CH2:3][N:4]	-150.009	2.38095	-	-	-	-	G
C41805634      none	B	[O:1]=[CX3:2]!@[NX3H1:3][!#1:4]	0.000859883	63.7893	-	-	-	-	G
C41805634      none	B	[$(C=O):1][NX3H1:2]!@[CX4H1:3][H:4]	59.9971	6.22422	-	-	-	-	G
C39977819      none	B	[OX2:1][CX4:2]!@[CX4:3][N:4]	-60.005	14.8764	-	-	-	-	G
C39977819      none	B	[$([CX3]=O):1][NX3H1:2]!@[CX4H2:3][C:4] 	-119.998	2.61599	-	-	-	-	O
C39977819      none	B	[O:1]=[CX3:2]!@[NX3H1:3][!#1:4]	-0.00268283	63.7893	-	-	-	-	G
C39977819      none	B	[O:1][CX4:2]!@[CX3:3]=[O:4]	-32.36	2.69102	-	-	-	-	G
C39977819      none	B	[*^2:1]~[C^2:2]([!H])!@[C^2:3]~[*^2:4]	60.283	0.650722	-	-	-	-	O
C44511146      none	B	[!#1:1][CX4:2]!@[CX4:3][!#1:4]	179.999	22.1548	-	-	-	-	G
C44511146      none	B	[O:1]=[C:2]([O-])!@[CX4H1:3][H:4]	0.00629979	0.495663	-	-	-	-	O
C44511146      none	B	[$(C=O):1][NX3H1:2]!@[CX4H1:3][H:4]	30.0045	9.46757	-	-	-	-	G
C44511146      none	B	[O:1]=[CX3:2]([$([NX3H1]C)])!@[NX3H1:3][!#1:4]	179.993	9.5176	-	-	-	-	R
C44511146      none	B	[O:1]=[CX3:2]([$([NX3H1]C)])!@[NX3H1:3][!#1:4]	0.00690825	41.1343	-	-	-	-	G
C44511146      none	B	[$([CX3]=O):1][NX3H1:2]!@[CX4H2:3][C:4] 	89.9991	7.35439	-	-	-	-	G
C44511146      none	B	[!#1:1][CX4H2:2]!@[CX4H2:3][!#1:4]	59.9963	3.99483	-	-	-	-	G
C44511146      none	B	[!#1:1][CX4:2]!@[CX4:3][!#1:4]	179.12	22.1548	-	-	-	-	G
C34255610      none	B	[O:1]=[C:2]!@[O:3]~[!#1:4]	89.9963	0.00222178	-	-	-	-	R
C34255610      none	B	[$(C=O):1][O:2]!@[c:3]~[*:4]	90	8.88554	-	-	-	-	G
C34255610      none	B	[a:1][c:2]!@[CX4H1:3][N,O:4]	-123.078	3.08052	-	-	-	-	G
C34255610      none	B	[$(C=O):1][NX3H0:2]!@[CX4H1:3][H:4]	-89.9956	0.12605	-	-	-	-	R
C34255610      none	B	[!#1:1][CX4:2]!@[CX4:3][!#1:4]	-79.999	1.71775	-	-	-	-	G
C34255610      none	B	[N:1][CX4:2]!@[CX3:3]=[O:4]	-25.2779	5.37503	-	-	-	-	G
C34255610      none	B	[C:1][CX4H2:2]!@[CX3:3]=[O:4]	119.999	0.695249	-	-	-	-	O
C20759715      none	B	[!#1:1][CX4:2]!@[SX2:3][!#1:4]	79.9981	6.41197	-	-	-	-	G
C20759715      none	B	[!#1:1][CX4H2:2]!@[CX4H2:3][!#1:4]	179.998	58.554	-	-	-	-	G
C20759715      none	B	[!#1:1][CX4:2]!@[CX4:3][!#1:4]	59.9988	12.3771	-	-	-	-	G
C20759715      none	B	[O:1]=[C:2]([O-])!@[CX4H1:3][H:4]	-0.00703211	0.495663	-	-	-	-	O
C20759715      none	B	[*:1]~[CX4:2]!@[NX4:3]~[*:4]	59.9995	15.3058	-	-	-	-	G
C20759715      none	B	[*:1]~[CX4:2]!@[NX4:3]~[*:4]	-60.0022	15.3415	-	-	-	-	G
C20759715      none	B	[cH0:1][c:2]!@[CX4H2:3][N,O,S:4]	-44.7242	3.01473	-	-	-	-	G
C20759715      none	B	[a:1][c:2]!@[CX4H2:3][!#1:4]	-134.999	2.0362	-	-	-	-	O
C20321974      none	B	[C:1][CX4:2]!@[CX3:3]=[O:4]	-0.00248658	5.61823	-	-	-	-	G
C20321974      none	B	[*:1]~[CX4:2]!@[n:3]~[*:4]	-29.9983	3.02285	-	-	-	-	G
C20321974      none	B	[O:1]=[CX3:2]!@[NX3H1:3][!#1:4]	-0.00994268	63.7893	-	-	-	-	G
C20321974      none	B	[$([CX3]=O):1][NX3H1:2]!@[CX4H2:3][C:4] 	-119.997	2.61599	-	-	-	-	O
C20321974      none	B	N[C:2](=[O:1])!@[CH2:3][N:4]	149.995	3.125	-	-	-	-	G
C20321974      none	B	[O:1]=[C:2]([O-])!@[c:3][nX2H0:4]	-179.741	20	-	-	-	-	G
C40560077      none	B	[OX2:1][CX4:2]!@[CX4:3][N:4]	60.0123	15.2809	-	-	-	-	G
C40560077      none	B	[O:1]=[C:2]([O-])!@[CX4H1:3][H:4]	-0.00561438	0.495663	-	-	-	-	O
C40560077      none	B	[$(C=O):1][NX3H1:2]!@[CX4H1:3][H:4]	-59.9951	1.23735	-	-	-	-	G
C40560077      none	B	[O:1]=[CX3:2]([$([NX3H1]C)])!@[NX3H1:3][!#1:4]	179.992	9.5176	-	-	-	-	R
C40560077      none	B	[O:1]=[CX3:2]([$([NX3H1]C)])!@[NX3H1:3][!#1:4]	0.00984734	41.1343	-	-	-	-	G
C40560077      none	B	[$([CX3]=O):1][NX3H1:2]!@[CX4H2:3][C:4] 	89.9931	7.35439	-	-	-	-	G
C40560077      none	B	[!#1:1][CX4H2:2]!@[CX4H2:3][!#1:4]	60.0047	3.99483	-	-	-	-	G
C40560077      none	B	[!#1:1][CX4H2:2]!@[CX4H2:3][!#1:4]	59.9953	3.99483	-	-	-	-	G
C40560077      none	B	[C:1][CH2:2]!@[O:3][CX4:4]	-160	4.55295	-	-	-	-	G
C16900826      none	B	[a:1][c:2]!@[CX4H2:3][CX3:4]	-89.9969	7.62274	-	-	-	-	G
C16900826      none	B	[$(C=O):1][NX3H0:2]!@[c:3]([s,o])[n:4]	-179.707	52.6316	-	-	-	-	G
C16900826      none	B	[!#1:1][CX4:2]!@[SX2:3][!#1:4]	80.0018	6.41197	-	-	-	-	G
C16900826      none	B	[!#1:1][CX4:2]!@[SX2:3][!#1:4]	180	11.1654	-	-	-	-	G
C16900826      none	B	[!#1:1][CX4H2:2]!@[CX4H2:3][!#1:4]	180	58.554	-	-	-	-	G
C16900826      none	B	[C:1][CX4H2:2]!@[CX3:3]=[O:4]	-120.012	0.79457	-	-	-	-	R
C16900826      none	B	[c:1][CX4H2:2]!@[CX3:3]=[O:4]	119.99	1.4245	-	-	-	-	O
C41036168      none	B	[NH1:1][CX4:2]!@[CX3:3]=[O:4]	-29.997	4.44172	-	-	-	-	G
C41036168      none	B	[$(C=O):1][NX3H1:2]!@[CX4H0:3][C:4]	180	11.3993	-	-	-	-	G
C41036168      none	B	[O:1]=[CX3:2]([$([NX3H1]C)])!@[NX3H1:3][!#1:4]	-0.000665111	41.1343	-	-	-	-	G
C41036168      none	B	[O:1]=[CX3:2]([$([NX3H1]C)])!@[NX3H1:3][!#1:4]	-0.00967408	41.1343	-	-	-	-	G
C41036168      none	B	[$([CX3]=O):1][NX3H1:2]!@[CX4H2:3][C:4] 	120.005	2.76407	-	-	-	-	O
C41036168      none	B	N[C:2](=[O:1])!@[CH2:3][N:4]	60.0002	0.14881	-	-	-	-	O
C41036168      none	B	[O:1]=[CX3:2]!@[NX3H0:3][!#1:4]	-30.0001	0.692521	-	-	-	-	O
C19879039      none	B	[CX3:1]=[CX3:2]!@[CH2:3][!#1:4]	120.004	8.78049	-	-	-	-	G
C19879039      none	B	[C:1][CX4H2:2]!@[NX3:3][C:4]	179.995	3.30615	-	-	-	-	G
C19879039      none	B	[!#1:1][CX3:2](=S)!@[NX3H1:3][!#1:4]	0.0047705	27.5459	-	-	-	-	G
C19879039      none	B	[!#1:1][CX3:2](=S)!@[NX3H1:3][!#1:4]	179.997	37.0618	-	-	-	-	G
C19879039      none	B	[*:1]~[CX3:2]!@[NX3:3]~[*:4]	179.997	27.0317	-	-	-	-	G
C40710028      none	B	[O:1]=[CX3:2]!@[NX3H0:3][!#1:4]	-149.998	1.37927	-	-	-	-	O
C40710028      none	B	[O:1]=[CX3:2]!@[NX3H1:3][!#1:4]	0.000454757	63.7893	-	-	-	-	G
C40710028      none	B	[$(C=O):1][NX3H1:2]!@[CX4H1:3][H:4]	-60.0061	1.23735	-	-	-	-	G
C40710028      none	B	[!#1:1][CX4:2]!@[CX4:3][!#1:4]	-160.001	1.85018	-	-	-	-	G
C40710028      none	B	[O:1]=[C:2]([O-])!@[CX4H1:3][H:4]	0.000799067	0.495663	-	-	-	-	O
C40710028      none	B	[!#1:1][CX4H2:2]!@[CX4H2:3][!#1:4]	59.9996	3.99483	-	-	-	-	G
C40698049      none	B	[c:1][$(S(=O)=O):2]!@[NX3H1:3][C:4]	59.9965	14.5215	-	-	-	-	G
C40698049      none	B	[aH1:1][c:2]([aH1])!@[SX4:3][!#1:4]	-89.6863	12.5987	-	-	-	-	G
C40698049      none	B	[a:1][c:2]!@[C:3]([NH1,NH2])=[O:4]	30.0093	4.93827	-	-	-	-	O
C40698049      none	B	[O:1]=[CX3:2]!@[NX3H1:3][!#1:4]	0.00192668	63.7893	-	-	-	-	G
C40698049      none	B	[$(C=O):1][NX3H1:2]!@[CX4H1:3][H:4]	-30.0039	6.97413	-	-	-	-	G
C40698049      none	B	[!#1:1][CX4:2]!@[CX4:3][!#1:4]	179.996	22.1548	-	-	-	-	G
C40698049      none	B	[O:1]=[C:2]([O-])!@[CX4H1:3][H:4]	-0.00696105	0.495663	-	-	-	-	O
C40698049      none	B	[!#1:1][CX4H2:2]!@[CX4H2:3][!#1:4]	59.9971	3.99483	-	-	-	-	G
CHEMBL293118      none	B	[a:1][a:2]!@[CX3:3]=[CX3H1:4]	-19.9961	3.14121	-	-	-	-	G
CHEMBL293118      none	B	[CX3:1]=[CX3:2]!@[CH2:3][C:4]	-120.007	8.72666	-	-	-	-	G
CHEMBL293118      none	B	[!#1:1][CX4:2]!@[CX4:3][!#1:4]	60.006	12.3771	-	-	-	-	G
CHEMBL293118      none	B	[!#1:1][CX4:2]!@[CX4:3][!#1:4]	159.999	1.81259	-	-	-	-	G
CHEMBL293118      none	B	[O:1]=[C:2]([O-])!@[CX4H1:3][H:4]	90.0007	0.86741	-	-	-	-	O
CHEMBL293118      none	B	[!#1:1][CX4:2]!@[CX4:3][!#1:4]	-79.9994	1.71775	-	-	-	-	G
CHEMBL293118      none	B	[O:1]=[C:2]([O-])!@[CX4H1:3][H:4]	90.0012	0.86741	-	-	-	-	O
C45112480      none	B	[NH1:1][CX4:2]!@[CX3:3]=[O:4]	-149.997	4.5183	-	-	-	-	G
C45112480      none	B	[$(C=O):1][NX3H1:2]!@[CX4H0:3][C:4]	180	11.3993	-	-	-	-	G
C45112480      none	B	[O:1]=[CX3:2]([$([NX3H1]C)])!@[NX3H1:3][!#1:4]	-0.00347562	41.1343	-	-	-	-	G
C45112480      none	B	[O:1]=[CX3:2]([$([NX3H1]C)])!@[NX3H1:3][!#1:4]	-0.00137807	41.1343	-	-	-	-	G
C45112480      none	B	[$(C=O):1][NX3H1:2]!@[CX4H0:3][C:4]	60.0083	13.3187	-	-	-	-	G
C45112480      none	B	[NH1:1][CX4:2]!@[CX3:3]=[O:4]	179.998	3.23174	-	-	-	-	O
C48987890      none	B	[OX2:1][CX4:2]!@[CX4:3][N:4]	180	9.8427	-	-	-	-	G
C48987890      none	B	[O:1]=[C:2]([O-])!@[CX4H1:3][H:4]	90.003	0.86741	-	-	-	-	O
C48987890      none	B	[$(C=O):1][NX3H1:2]!@[CX4H1:3][H:4]	179.998	0.712411	-	-	-	-	R
C48987890      none	B	[O:1]=[CX3:2]!@[NX3H1:3][!#1:4]	0.00569464	63.7893	-	-	-	-	G
C48987890      none	B	[O:1]=[CX3:2]!@[NX3H0:3][!#1:4]	-30.0014	0.692521	-	-	-	-	O
C48987890      none	B	[$([C](=O)):1][NX3H0:2]!@[CX4H2:3][$([c]([cH,nX2H0])[cH,nX2H0]):4]	-120.003	4.27683	-	-	-	-	G
C48987890      none	B	[a:1][c:2]!@[CX4H2:3][!#1:4]	-134.686	2.0362	-	-	-	-	O
C40578802      none	B	[$(C=O):1][NX3:2]!@[a:3][aH0:4]	-60.0067	2.68113	-	-	-	-	G
C40578802      none	B	[O:1]=[CX3:2]([$([NX3H1]C)])!@[NX3H1:3][!#1:4]	180	9.5176	-	-	-	-	R
C40578802      none	B	[O:1]=[CX3:2]([$([NX3H1]C)])!@[NX3H1:3][!#1:4]	-0.000830892	41.1343	-	-	-	-	G
C40578802      none	B	[$(C=O):1][NX3H1:2]!@[CX4H1:3][H:4]	29.9955	9.46757	-	-	-	-	G
C40578802      none	B	[OX2:1][CX4:2]!@[CX4:3][N:4]	-60.0023	14.8764	-	-	-	-	G
C40578802      none	B	[O:1]=[C:2]([O-])!@[CX4H1:3][H:4]	0.00248639	0.495663	-	-	-	-	O
C57115571      none	B	[$(S(=O)(=O)):1][NH0:2]!@[c:3]([cH1])[cH1:4]	59.9758	1.23967	-	-	-	-	G
C57115571      none	B	[O-:1][N+:2](=O)!@[c:3]([cH,nX2H0])[cH,nX2H0:4]	180	23.2156	-	-	-	-	G
C57115571      none	B	[c:1][S:2](=O)(=O)!@[NX2H0-:3]-[*:4]	-90.0002	2.77778	-	-	-	-	G
C57115571      none	B	[aH1:1][c:2]([aH1])!@[SX4:3][!#1:4]	-89.7261	12.5987	-	-	-	-	G
C57115571      none	B	[O:1]=[C:2]([O-])!@[c:3]([cH1])[cH0:4]	89.9967	0	-	-	-	-	R
C41033786      none	B	[cH1:1][c:2]([cH1])!@[C:3]([NH1,NH2])=[O:4]	-152.987	8.78518	-	-	-	-	G
C41033786      none	B	[O:1]=[CX3:2]!@[NX3H1:3][!#1:4]	-0.000579311	63.7893	-	-	-	-	G
C41033786      none	B	[$(C=O):1][NX3H1:2]!@[CX4H0:3][C:4]	-59.9937	14.7253	-	-	-	-	G
C41033786      none	B	[NH1:1][CX4:2]!@[CX3:3]=[O:4]	89.9979	0.183795	-	-	-	-	R
C49106922      none	B	[NH1:1][CX4:2]!@[CX3:3]=[O:4]	-149.999	4.5183	-	-	-	-	G
C49106922      none	B	[C:1][CX4:2]!@[NX3;"N_lp":3][C:4]	-160.002	4.58918	-	-	-	-	G
C49106922      none	B	[O:1]=[CX3:2]!@[NX3H1:3][!#1:4]	0.00386087	63.7893	-	-	-	-	G
C49106922      none	B	[C:1][CX4:2]!@[NX3;"N_lp":3][C:4]	80.0052	5.94326	-	-	-	-	G
C49106922      none	B	[cH0:1][c:2]!@[CX4H0:3][N,O,S:4]	-30.2848	2.86845	-	-	-	-	G
C49106922      none	B	[NH1:1][CX4:2]!@[CX3:3]=[O:4]	89.9978	0.183795	-	-	-	-	R
C41737009      none	B	[!#1:1][CX4:2]!@[CX4:3][!#1:4]	60.003	12.3771	-	-	-	-	G
C41737009      none	B	[!#1:1][CX4:2]!@[CX4:3][!#1:4]	160.001	1.81259	-	-	-	-	G
C41737009      none	B	[NH1:1][CX4:2]!@[CX3:3]=[O:4]	-149.992	4.5183	-	-	-	-	G
C41737009      none	B	[!#1:1][CX4:2]!@[NX3:3][!#1:4]	180	4.35363	-	-	-	-	G
C41737009      none	B	[cH1:1][c:2]([cH1])!@[NX3:3][CX4:4]	90.0034	0.924685	-	-	-	-	O
C41737009      none	B	[$(C=O):1][NX3H1:2]!@[c:3]([cH1])[cH1:4]	179.978	8.15546	-	-	-	-	G
C41737009      none	B	[O:1]=[CX3:2]!@[NX3H1:3][!#1:4]	-0.00939538	63.7893	-	-	-	-	G
C06669792      none	B	[!#1:1][CX4:2]!@[CX4:3][!#1:4]	40.003	0.998355	-	-	-	-	G
C06669792      none	B	[O:1]=[C:2]([O-])!@[CX4H1:3][H:4]	0.000639461	0.495663	-	-	-	-	O
C06669792      none	B	[!#1:1][CX4H1:2]!@[NX3:3][!#1:4]	90.0004	2.80893	-	-	-	-	G
C06669792      none	B	[cH0:1][c:2]([cH,nX2H0])!@[NX3H1:3][CX4:4]	-119.993	0	-	-	-	-	R
C06669792      none	B	[O-:1][N+:2](=O)!@[c:3]([cH0])[cH0:4]	90.2588	5.69106	-	-	-	-	G
C37054132      none	B	[aH1:1][c:2]([aH1])!@[SX4:3][!#1:4]	-90.0007	12.5987	-	-	-	-	G
C37054132      none	B	[c:1][S:2](=O)(=O)!@[NX2H0-:3]-[*:4]	90.0038	2.77778	-	-	-	-	G
C37054132      none	B	[$(S(=O)(=O)):1][NH0:2]!@[c:3]([cH1])[cH0:4]	59.7086	0	-	-	-	-	R
C37054132      none	B	[a:1][a:2]!@[CX3:3]=[O:4]	-149.999	2.51484	-	-	-	-	G
C37054132      none	B	[O:1]=[C:2]!@[O:3]~[C:4]	-0.00782971	74.4927	-	-	-	-	G
C40571845      none	B	[$(C=O):1][NX3H1:2]!@[CX4H1:3][H:4]	60.0048	6.22422	-	-	-	-	G
C40571845      none	B	[O:1]=[CX3:2]([$([NX3H1]C)])!@[NX3H1:3][!#1:4]	0.00294068	41.1343	-	-	-	-	G
C40571845      none	B	[O:1]=[CX3:2]([$([NX3H1]C)])!@[NX3H1:3][!#1:4]	-0.00553982	41.1343	-	-	-	-	G
C40571845      none	B	[$(C=O):1][NX3H1:2]!@[CX4H1:3][H:4]	-30.0023	6.97413	-	-	-	-	G
C40571845      none	B	[OX2:1][CX4:2]!@[CX4:3][N:4]	-59.992	14.8764	-	-	-	-	G
C40571845      none	B	[O:1]=[C:2]([O-])!@[CX4H1:3][H:4]	0.00254776	0.495663	-	-	-	-	O
C14406331      none	B	[cH1:1][a:2]([cH1])!@[a:3]([cH0])[cH0:4]	-90.2754	5.43347	-	-	-	-	G
C33519980      none	B	[$([c]([NH1,NH2])):1][c:2]!@[CX3:3]([!O])=[O:4]	-60.0266	0.552486	-	-	-	-	R
C33519980      none	B	[$([C](=O)):1][NX3:2]!@[a:3](s)[a:4]	179.998	61.7021	-	-	-	-	G
C33519980      none	B	[O:1]=[CX3:2]!@[NX3H1:3][!#1:4]	-0.00275979	63.7893	-	-	-	-	G
C33519980      none	B	[O:1]=[CX3:2]!@[CX4H1r3:3][H:4]	0.00249888	1.66667	-	-	-	-	G
C33519980      none	B	[O:1]=[CX3:2]!@[NX3H1:3][!#1:4]	0.00229488	63.7893	-	-	-	-	G
C33519980      none	B	[$(C=O):1][NX3H1:2]!@[CX4H1:3][H:4]	-30.0067	6.97413	-	-	-	-	G
C33519980      none	B	[!#1:1][CX4:2]!@[CX4:3][!#1:4]	60.0037	12.3771	-	-	-	-	G
C33519980      none	B	[O:1]=[C:2]([O-])!@[CX4H1:3][H:4]	0.0032866	0.495663	-	-	-	-	O
C33519980      none	B	[!#1:1][CX4:2]!@[CX4:3][!#1:4]	59.9975	12.3771	-	-	-	-	G
C35353238      none	B	[$(S(=O)(=O)):1][NX3H1:2]!@[CX4H1:3][H:4]	-29.9971	9.39227	-	-	-	-	G
C35353238      none	B	[c:1][$(S(=O)=O):2]!@[NX3H1:3][C:4]	-59.9996	13.7514	-	-	-	-	G
C35353238      none	B	[aH1:1][c:2]([aH1])!@[SX4:3][!#1:4]	-89.7223	12.5987	-	-	-	-	G
C35353238      none	B	[cH1:1][c:2]([cH1])!@[NX3:3][CX4:4]	-20.0032	3.00858	-	-	-	-	G
C35353238      none	B	[!#1:1][CX4H2:2]!@[NX3H1:3][!#1:4]	-59.9979	1.39023	-	-	-	-	O
C35353238      none	B	[!#1:1][CX4H2:2]!@[CX4H2:3][!#1:4]	179.996	58.554	-	-	-	-	G
C35353238      none	B	[C:1][CX4H2:2]!@[CX3:3]=[O:4]	120.01	0.695249	-	-	-	-	R
C20395710      none	B	[*:1][CX4:2]!@[O:3][CX4:4]	180	12.0478	-	-	-	-	G
C20395710      none	B	[a:1][c:2]!@[CX4H2:3][!#1:4]	-89.6947	7.30446	-	-	-	-	G
C20395710      none	B	[aH0:1][c:2]([aH0])!@[SX2:3][!#1:4]	-120.004	1.95977	-	-	-	-	G
C20395710      none	B	[!#1:1][CX4:2]!@[SX2:3][!#1:4]	-90.0005	3.00607	-	-	-	-	G
C20395710      none	B	[!#1:1][CX4H2:2]!@[CX3:3]=[O:4]	120.004	0.613497	-	-	-	-	G
C63016051      none	B	[!#1:1][CX4:2]!@[SX4:3][!#1:4]	179.998	13.1368	-	-	-	-	G
C63016051      none	B	[!#1:1][CX4H2:2]!@[CX4H2:3][!#1:4]	180	58.554	-	-	-	-	G
C63016051      none	B	[!#1:1][CX4H2:2]!@[CX4H2:3][!#1:4]	180	58.554	-	-	-	-	G
C63016051      none	B	[C:1][CX4H2:2]!@[OX2:3][c:4]	90.0035	1.05285	-	-	-	-	G
C63016051      none	B	[cH0:1][c:2]([cH1])!@[O:3][C:4]	89.7211	0.6255	-	-	-	-	R
C63016051      none	B	[O:1]=[C:2]([O-])!@[c:3]([cH1])[cH1:4]	179.978	7.35294	-	-	-	-	G
C45866086      none	B	[aH1:1][c:2]([aH1])!@[SX4:3][!#1:4]	-89.7298	12.5987	-	-	-	-	G
C45866086      none	B	[aH1:1][c:2]([aH1])!@[SX4:3][!#1:4]	90.0007	12.916	-	-	-	-	G
C45866086      none	B	[c:1][S:2](=O)(=O)!@[NX2H0-:3]-[*:4]	-89.9955	2.77778	-	-	-	-	G
C45866086      none	B	[$(S(=O)(=O)):1][NH0:2]!@[c:3]([cH1])[cH1:4]	119.716	2.06612	-	-	-	-	G
C45866086      none	B	[O:1]=[C:2]([O-])!@[c:3]([cH1])[cH1:4]	-179.743	7.35294	-	-	-	-	G
C19880501      none	B	[$(S(=O)(=O)):1][N:2]!@[c:3][a:4]	-89.9998	5.66406	-	-	-	-	G
C19880501      none	B	[c:1][S:2](=O)(=O)!@[NX2H0-:3]-[*:4]	-60.0012	11.1111	-	-	-	-	G
C19880501      none	B	[aH1:1][c:2]([aH1])!@[SX4:3][!#1:4]	-89.7233	12.5987	-	-	-	-	G
C19880501      none	B	[$(C=O):1][NX3H1:2]!@[c:3]([cH1])[cH1:4]	149.978	5.05437	-	-	-	-	G
C19880501      none	B	[O:1]=[CX3:2]!@[NX3H1:3][!#1:4]	-0.016228	63.7893	-	-	-	-	G
C19880501      none	B	[*^2:1]~[C^2:2]([!H])!@[C^2:3]~[*^2:4]	-59.9853	0.757173	-	-	-	-	O
C19880501      none	B	[*^2:1]~[C^2:2]([!H])!@[C^2:3]~[*^2:4]	-29.9889	1.21216	-	-	-	-	G
C51040288      none	B	[cH1:1][c:2]([cH1])!@[NX3:3][CX4:4]	-2.91369e-06	14.0646	-	-	-	-	G
C51040288      none	B	[C:1][CX4H2:2]!@[NX3:3][C:4]	-0.000232324	0.00637024	-	-	-	-	R
C51040288      none	B	[N:1][CX4:2]!@[CX3:3]=[O:4]	-90.0024	0.479136	-	-	-	-	O
C54768490      none	B	[!#1:1][CX4H2:2]!@[CX4H2:3][!#1:4]	180	58.554	-	-	-	-	G
C54768490      none	B	[!#1:1][CX4:2]!@[CX4:3][!#1:4]	160	1.81259	-	-	-	-	G
C54768490      none	B	[NH1:1][CX4:2]!@[CX3:3]=[O:4]	-150.008	4.5183	-	-	-	-	G
C54768490      none	B	[$(C=O):1][NX3H1:2]!@[CX4H0:3][C:4]	-60.0098	14.7253	-	-	-	-	G
C54768490      none	B	[O:1]=[CX3:2]!@[NX3H1:3][!#1:4]	0.0123127	63.7893	-	-	-	-	G
C54768490      none	B	[C:1][CX4:2]!@[CX3:3]=[O:4]	90.2402	3.65147	-	-	-	-	G
C38490276      none	B	[OX2:1][CX4:2]!@[CX4:3][N:4]	60.0065	15.2809	-	-	-	-	G
C38490276      none	B	[$([CX3]=O):1][NX3H1:2]!@[CX4H2:3][C:4] 	180	6.46594	-	-	-	-	G
C38490276      none	B	[O:1]=[CX3:2]!@[NX3H1:3][!#1:4]	-0.00272289	63.7893	-	-	-	-	G
C38490276      none	B	[O:1]=[CX3:2]!@[CX3:3]=[O:4]	180	38.5813	-	-	-	-	G
C38490276      none	B	[O:1]=[CX3:2]!@[NX3H1:3][!#1:4]	-0.00323812	63.7893	-	-	-	-	G
C38490276      none	B	[$([CX3]=O):1][NX3H1:2]!@[CX4H2:3][C:4] 	180	6.46594	-	-	-	-	G
C38490276      none	B	[OX2:1][CX4H2:2]!@[CX4H2:3][N:4]	60.0008	17.6955	-	-	-	-	G
C38490276      none	B	[C:1][CH2:2]!@[O:3][CX4:4]	179.997	35.2689	-	-	-	-	G
C37588727      none	B	[!#1:1][CX4:2]!@[CX4:3][!#1:4]	-59.9986	12.2558	-	-	-	-	G
C37588727      none	B	[!#1:1][CX4:2]!@[CX4:3][!#1:4]	-60.0068	12.2558	-	-	-	-	G
C37588727      none	B	[NH1:1][CX4:2]!@[CX3:3]=[O:4]	90.0046	0.183795	-	-	-	-	R
C37588727      none	B	[$(C=O):1][NX3H1:2]!@[CX4H1:3][H:4]	-0.00383537	8.26772	-	-	-	-	G
C37588727      none	B	[O:1]=[CX3:2]!@[NX3H0:3][!#1:4]	-0.00271365	25.0866	-	-	-	-	G
C37588727      none	B	[$([CX3]=O):1][NX3H0:2](C)!@[CX4H2:3][C:4]	-89.9949	15.9949	-	-	-	-	G
C37588727      none	B	[$(C=O):1][NX3H0:2]!@[CX4H1:3][H:4]	64.3308	0.252101	-	-	-	-	R
C37588727      none	B	[N:1][CX4:2]!@[CX3:3]=[O:4]	119.999	0.766617	-	-	-	-	G
C37588727      none	B	[O:1]=[CX3:2]!@[NX3H1:3][!#1:4]	0.00540061	63.7893	-	-	-	-	G
C21505324      none	B	[aH1:1][c:2]([aH1])!@[SX4:3][!#1:4]	89.999	12.916	-	-	-	-	G
C21505324      none	B	[c:1][S:2](=O)(=O)!@[NX2H0-:3]-[*:4]	89.9989	2.77778	-	-	-	-	G
C21505324      none	B	[$(S(=O)(=O)):1][N:2]!@[c:3][a:4]	30.0053	2.05078	-	-	-	-	G
C59313098      none	B	[cH0:1][c:2]([cH1])!@[O:3][C:4]	119.98	0.35639	-	-	-	-	R
C59313098      none	B	[O-:1][N+:2](=O)!@[c:3]([cH0])[cH,nX2H0:4]	0.212537	12.6374	-	-	-	-	G
C59313098      none	B	[C:1][CX4H2:2]!@[OX2:3][c:4]	180	43.8829	-	-	-	-	G
C59313098      none	B	[OX2:1][CX4H2:2]!@[CX3:3]([$([NX3H1,NX3H2])])=[O:4]	179.993	30	-	-	-	-	G
C59313098      none	B	[O:1]=[CX3:2]!@[NX3H1:3][!#1:4]	0.0028687	63.7893	-	-	-	-	G
C59313098      none	B	[$(C=O):1][NX3H1:2]!@[c:3]([cH1])[cH1:4]	29.9983	5.05437	-	-	-	-	G
C59313098      none	B	[O:1]=[C:2]([O-])!@[c:3]([cH1])[cH1:4]	179.965	7.35294	-	-	-	-	G
C59313098      none	B	[O:1]=[C:2]([O-])!@[c:3]([cH1])[cH1:4]	-179.789	7.35294	-	-	-	-	G
C43510865      none	B	[C:1][CX4:2]!@[CX3:3]=[O:4]	-149.996	1.18876	-	-	-	-	G
C43510865      none	B	[O:1]=[CX3:2]!@[NX3H1:3][!#1:4]	0.00800831	63.7893	-	-	-	-	G
C43510865      none	B	[$([CX3]=O):1][NX3H1:2]!@[CX4H2:3][C:4] 	-150.005	1.7769	-	-	-	-	O
C43510865      none	B	[!#1:1][CX4H2:2]!@[CX4H2:3][!#1:4]	-59.9936	3.77933	-	-	-	-	G
C43510865      none	B	[O:1]=[CX3:2]([NH1])!@[CH2:3][C:4]	60.012	6.84932	-	-	-	-	G
C43510865      none	B	[O:1]=[CX3:2]!@[NX3H1:3][!#1:4]	-0.0144925	63.7893	-	-	-	-	G
C43510865      none	B	[$(C=O):1][NX3H1:2]!@[CX4H0:3][C:4]	-174.36	10.7839	-	-	-	-	G
C43510865      none	B	[NH1:1][CX4:2]!@[CX3:3]=[O:4]	-0.00166775	6.89233	-	-	-	-	G
C00001646      none	B	[aH1:1][c:2]([aH1])!@[SX4:3][!#1:4]	90.0002	12.916	-	-	-	-	G
C00001646      none	B	[$(C=O):1][NX3H1:2]!@[c:3]([cH1])[cH1:4]	-29.9815	5.05437	-	-	-	-	G
C00001646      none	B	[O:1]=[CX3:2]!@[NX3H1:3][!#1:4]	0.000498569	63.7893	-	-	-	-	G
C00001646      none	B	[*^2:1]~[C^2:2]([!H])!@[C^2:3]~[*^2:4]	150.001	1.21045	-	-	-	-	G
C00001646      none	B	[*^2:1]~[C^2:2]([!H])!@[C^2:3]~[*^2:4]	0.000935276	20.0453	-	-	-	-	G
C17379599      none	-	-	-	-	-	-	-	-	-
C40482861      none	B	[!#1:1][CX4H2:2]!@[CX4H2:3][!#1:4]	180	58.554	-	-	-	-	G
C40482861      none	B	[!#1:1][CX4:2]!@[CX4:3][!#1:4]	159.999	1.81259	-	-	-	-	G
C40482861      none	B	[NH1:1][CX4:2]!@[CX3:3]=[O:4]	-150.001	4.5183	-	-	-	-	G
C40482861      none	B	[$(C=O):1][NX3H1:2]!@[CX4H0:3][C:4]	-59.9997	14.7253	-	-	-	-	G
C40482861      none	B	[O:1]=[CX3:2]!@[NX3H1:3][!#1:4]	-0.00720824	63.7893	-	-	-	-	G
C40482861      none	B	[NH1:1][CX4:2]!@[CX3:3]=[O:4]	60.7334	0.459488	-	-	-	-	O
C49254516      none	B	[!#1:1][CX4:2]!@[CX4:3][!#1:4]	59.9953	12.3771	-	-	-	-	G
C49254516      none	B	[!#1:1][CX4H2:2]!@[CX4H2:3][!#1:4]	180	58.554	-	-	-	-	G
C49254516      none	B	[$([CX3]=O):1][NX3H1:2]!@[CX4H2:3][C:4] 	89.9992	7.35439	-	-	-	-	G
C49254516      none	B	[O:1]=[CX3:2]([$([NX3H1]C)])!@[NX3H1:3][!#1:4]	180	9.5176	-	-	-	-	R
C49254516      none	B	[O:1]=[CX3:2]([$([NX3H1]C)])!@[NX3H1:3][!#1:4]	-0.0116193	41.1343	-	-	-	-	G
C49254516      none	B	[$(C=O):1][NX3H1:2]!@[CX4H0:3][C:4]	-57.3377	14.7253	-	-	-	-	G
C49254516      none	B	[NH1:1][CX4:2]!@[CX3:3]=[O:4]	-0.00271066	6.89233	-	-	-	-	G
C37416577      none	B	[s:1][c:2]!@[C:3]([NH1])=[O:4]	150	0	-	-	-	-	R
C37416577      none	B	[c:1][c:2]!@[c:3][s,o,nX3H1:4]	-179.667	12.4984	-	-	-	-	G
C37416577      none	B	[O:1]=[CX3:2]!@[NX3H1:3][!#1:4]	-0.000555089	63.7893	-	-	-	-	G
C37416577      none	B	[$(C=O):1][NX3H1:2]!@[CX4H1:3][H:4]	180	0.712411	-	-	-	-	R
C37416577      none	B	[OX2:1][CX4:2]!@[CX4:3][N:4]	40.0039	1.66292	-	-	-	-	G
C37416577      none	B	[O:1]=[C:2]([O-])!@[CX4H1:3][H:4]	90.0024	0.86741	-	-	-	-	O
C40571842      none	B	[$(C=O):1][NX3H1:2]!@[CX4H1:3][H:4]	-59.9967	1.23735	-	-	-	-	G
C40571842      none	B	[O:1]=[CX3:2]([$([NX3H1]C)])!@[NX3H1:3][!#1:4]	0.0079676	41.1343	-	-	-	-	G
C40571842      none	B	[O:1]=[CX3:2]([$([NX3H1]C)])!@[NX3H1:3][!#1:4]	-0.0145426	41.1343	-	-	-	-	G
C40571842      none	B	[$(C=O):1][NX3H1:2]!@[CX4H1:3][H:4]	-29.9945	6.97413	-	-	-	-	G
C40571842      none	B	[OX2:1][CX4:2]!@[CX4:3][N:4]	-59.9944	14.8764	-	-	-	-	G
C40571842      none	B	[O:1]=[C:2]([O-])!@[CX4H1:3][H:4]	-0.0128467	0.495663	-	-	-	-	O
C63142371      none	B	[!#1:1][CX4:2]!@[SX4:3][!#1:4]	79.9993	3.66316	-	-	-	-	G
C63142371      none	B	[!#1:1][CX4H2:2]!@[CX4H2:3][!#1:4]	179.998	58.554	-	-	-	-	G
C63142371      none	B	[!#1:1][CX4:2]!@[SX4:3][!#1:4]	-172.263	7.34737	-	-	-	-	G
C63142371      none	B	[C:1][$(S(=O)=O):2]!@[NX3H1:3][C:4]	90.0023	7.14286	-	-	-	-	G
C63142371      none	B	[$(S(=O)(=O)):1][NX3H1:2]!@[CX4H1:3][H:4]	-59.9998	0.736648	-	-	-	-	G
C63142371      none	B	[OX2:1][CX4:2]!@[CX4:3][N:4]	79.9954	3.55056	-	-	-	-	G
C63142371      none	B	[O:1]=[C:2]([O-])!@[CX4H1:3][H:4]	0.0023383	0.495663	-	-	-	-	O
C37429942      none	B	[cH1:1][c:2]!@[c:3]([cH1])[nX2H0:4]	-59.692	0.0514271	-	-	-	-	R
C37429942      none	B	[a:1][c:2]!@[C:3]([NH1,NH2])=[O:4]	179.99	9.31373	-	-	-	-	G
C37429942      none	B	[O:1]=[CX3:2]!@[NX3H1:3][!#1:4]	0.00453279	63.7893	-	-	-	-	G
C37429942      none	B	[$(C=O):1][NX3H1:2]!@[CX4H1:3][H:4]	60.0004	6.22422	-	-	-	-	G
C37429942      none	B	[OX2:1][CX4:2]!@[CX4:3][N:4]	60.0051	15.2809	-	-	-	-	G
C37429942      none	B	[O:1]=[C:2]([O-])!@[CX4H1:3][H:4]	0.0109238	0.495663	-	-	-	-	O
C40577451      none	B	[OX2:1][CX4:2]!@[CX4:3][N:4]	60.0019	15.2809	-	-	-	-	G
C40577451      none	B	[O:1]=[C:2]([O-])!@[CX4H1:3][H:4]	90.0076	0.86741	-	-	-	-	O
C40577451      none	B	[$(C=O):1][NX3H1:2]!@[CX4H1:3][H:4]	29.9979	9.46757	-	-	-	-	G
C40577451      none	B	[O:1]=[CX3:2]([$([NX3H1]C)])!@[NX3H1:3][!#1:4]	-0.000863454	41.1343	-	-	-	-	G
C40577451      none	B	[O:1]=[CX3:2]([$([NX3H1]C)])!@[NX3H1:3][!#1:4]	0.0088518	41.1343	-	-	-	-	G
C40577451      none	B	[$(C=O):1][NX3H1:2]!@[c:3]([cH1])[cH1:4]	59.9999	0.402739	-	-	-	-	R
C52011284      none	B	[$([CX3]=O):1][NX3H0:2](C)!@[CX4H2:3][C:4]	-90.0015	15.9949	-	-	-	-	G
C52011284      none	B	[O:1]=[CX3:2]!@[NX3H0:3][!#1:4]	29.9997	0.680979	-	-	-	-	O
C52011284      none	B	[N:1][CX4:2]!@[CX3:3]=[O:4]	-89.9961	0.479136	-	-	-	-	O
C52011284      none	B	[O:1]=[CX3:2]!@[NX3H1:3][!#1:4]	0.00352972	63.7893	-	-	-	-	G
C52011284      none	B	[$(C=O):1][NX3H1:2]!@[CX4H1:3][H:4]	-30.0082	6.97413	-	-	-	-	G
C20472007      none	B	[$(C=O):1][NX3H1:2]!@[c:3]([cH0]F)[cH:4]	120.245	0	-	-	-	-	R
C20472007      none	B	[O:1]=[CX3:2]([$([NX3H1]C)])!@[NX3H1:3][!#1:4]	-0.00217299	41.1343	-	-	-	-	G
C20472007      none	B	[O:1]=[C:2]([NH1])!@[NX3H1:3](C=O)[H:4]	0.0111118	58.9474	-	-	-	-	G
C20472007      none	B	[O:1]=[C:2]!@[NX3H1:3](C=O)[H:4]	179.993	35.6725	-	-	-	-	G
C20472007      none	B	[O:1]=[CX3:2]([NH1])!@[CH2:3][C:4]	120.005	0.124533	-	-	-	-	O
C20472007      none	B	[!#1:1][CX4H2:2]!@[CX4H2:3][!#1:4]	179.996	58.554	-	-	-	-	G
C20472007      none	B	[!#1:1][CX4H2:2]!@[CX4H2:3][!#1:4]	179.994	58.554	-	-	-	-	G
C20472007      none	B	[C:1][CX4H2:2]!@[CX3:3]=[O:4]	-119.933	0.79457	-	-	-	-	O
C13032608      none	B	[O:1]=[C:2]!@[O:3]~[C:4]	0.00243304	74.4927	-	-	-	-	G
C13032608      none	B	[C:1][CX4:2]!@[CX3:3]=[O:4]	-119.936	3.42432	-	-	-	-	G
C13032608      none	B	[*:1][$(S(=O)=O):2]!@[NX3H0r:3][*:4]	-120.001	0.995261	-	-	-	-	G
C13032608      none	B	[aH1:1][c:2]([aH1])!@[SX4:3][!#1:4]	70.2772	5.04089	-	-	-	-	G
C13032608      none	B	[$(S(=O)(=O)):1][NH0:2]!@[c:3]([cH1])[cH1:4]	59.9943	1.23967	-	-	-	-	G
C13032608      none	B	[c:1][S:2](=O)(=O)!@[NX2H0-:3]-[*:4]	90.0037	2.77778	-	-	-	-	G
C13032608      none	B	[aH1:1][c:2]([aH1])!@[SX4:3][!#1:4]	-89.7232	12.5987	-	-	-	-	G
C13032608      none	B	[O:1]=[C:2]([O-])!@[c:3]([cH1])[cH1:4]	-179.718	7.35294	-	-	-	-	G
C62722599      none	B	[aH0:1][c:2]([aH1])!@[SX4:3][!#1:4]	110.027	1.0568	-	-	-	-	O
C45930301      none	B	[cH0:1][c:2]!@[CX4H2:3][CX4:4]	-134.998	0.379747	-	-	-	-	R
C45930301      none	B	[O:1]=[C:2]([O-])!@[c:3][nX2H0:4]	-89.7828	0	-	-	-	-	G
C45930301      none	B	[!#1:1][CX4H2:2]!@[CX4H2:3][!#1:4]	59.9954	3.99483	-	-	-	-	G
C50398212      none	B	[$(C=O):1][NX3H1:2]!@[CX4H1:3][H:4]	-30.0003	6.97413	-	-	-	-	G
C50398212      none	B	[O:1]=[CX3:2]!@[NX3H1:3][!#1:4]	0.000535681	63.7893	-	-	-	-	G
C50398212      none	B	[O:1]=[CX3:2]!@[NX3H0:3][!#1:4]	0.308887	25.0866	-	-	-	-	G
C50398212      none	B	[O:1]=[C:2]([O-])!@[CX4H1:3][H:4]	89.9975	0.86741	-	-	-	-	O
C40573852      none	B	[!#1:1][CX4:2]!@[CX4:3][!#1:4]	-60.0035	12.2558	-	-	-	-	G
C40573852      none	B	[$(C=O):1][NX3H1:2]!@[CX4H1:3][H:4]	30.0003	9.46757	-	-	-	-	G
C40573852      none	B	[C:1][CX4H2:2]!@[CX3:3]=[O:4]	120.003	0.695249	-	-	-	-	O
C40573852      none	B	[O:1]=[CX3:2]!@[NX3H1:3][!#1:4]	0.00340615	63.7893	-	-	-	-	G
C40573852      none	B	[O:1]=[CX3:2]!@[NX3H0:3][!#1:4]	29.9915	0.680979	-	-	-	-	O
C40573852      none	B	[$([CX3]=O):1][NX3H0:2](C)!@[CX4H2:3][C:4]	-90.0006	15.9949	-	-	-	-	G
C40573852      none	B	N[C:2](=[O:1])!@[CH2:3][N:4]	179.999	8.33333	-	-	-	-	G
C40499610      none	B	[$(S(=O)(=O)):1][NH0:2]!@[c:3]([cH1])[cH0:4]	119.976	0	-	-	-	-	R
C40499610      none	B	[a:1][ar6:2]!@[ar5:3][a:4]	30.3095	2.76454	-	-	-	-	G
C40499610      none	B	[*:1]~[N,n:2]!@[S:3]~[*:4]	-153.973	1.449	-	-	-	-	G
C40499610      none	B	[!#1:1][CX4:2]!@[SX4:3][!#1:4]	160.001	2.73684	-	-	-	-	G
C40499610      none	B	[!#1:1][CX4H2:2]!@[CX4H2:3][!#1:4]	179.998	58.554	-	-	-	-	G
C40499610      none	B	[!#1:1][CX4H2:2]!@[CX4H2:3][!#1:4]	60.004	3.99483	-	-	-	-	G
C40499610      none	B	[C:1][CX4H2:2]!@[CX3:3]=[O:4]	-89.9961	1.15875	-	-	-	-	O
C41805652      none	B	[cH0:1][c:2]!@[CX4H0:3][N,O,S:4]	-119.999	0.49456	-	-	-	-	R
C41805652      none	B	[NH1:1][CX4:2]!@[CX3:3]=[O:4]	-150.001	4.5183	-	-	-	-	G
C41805652      none	B	[C:1][CX4:2]!@[NX3;"N_lp":3][C:4]	40.0062	0.870045	-	-	-	-	G
C41805652      none	B	[C:1][CX4H2:2]!@[NX3;"N_lp":3][C:4]	159.999	5.62549	-	-	-	-	G
C41805652      none	B	N[C:2](=[O:1])!@[CH2:3][N:4]	119.994	0.595238	-	-	-	-	G
C41805652      none	B	[O:1]=[CX3:2]!@[NX3H1:3][!#1:4]	0.000331794	63.7893	-	-	-	-	G
C41805652      none	B	[$(C=O):1][NX3H1:2]!@[CX4H1:3][H:4]	-29.9964	6.97413	-	-	-	-	G
C49717385      none	B	[O:1]=[C:2]([O-])!@[c:3]([cH1])[cH1:4]	179.973	7.35294	-	-	-	-	G
C49717385      none	B	[$(C=O):1][NX3H1:2]!@[c:3]([cH1])[cH1:4]	149.987	5.05437	-	-	-	-	G
C49717385      none	B	[O:1]=[CX3:2]!@[NX3H1:3][!#1:4]	120.004	0.00505102	-	-	-	-	R
C49717385      none	B	[O:1]=[CX3:2]!@[NX3H0:3][!#1:4]	150.302	1.73707	-	-	-	-	O
C35531111      none	B	[cH1:1][c:2]([cH1])!@[O:3][C:4]	-179.732	26.896	-	-	-	-	G
C35531111      none	B	[*:1]~[cX3:2]!@[NX2:3]~[*:4]	-59.9989	1.53044	-	-	-	-	O
C35531111      none	B	[*:1]~[CX3:2]!@[NX2:3]~[*:4]	150.316	0.195029	-	-	-	-	O
C35531111      none	B	[!#1:1][CX4:2]!@[CX4:3][!#1:4]	40.0056	0.998355	-	-	-	-	G
C35531111      none	B	[O:1]=[CX3:2]([NH1])!@[CH2:3][C:4]	-120	0.124533	-	-	-	-	O
C35531111      none	B	[O:1]=[CX3:2]!@[NX3H1:3][!#1:4]	-0.00481911	63.7893	-	-	-	-	G
C35531111      none	B	[$([CX3]=O):1][NX3H1:2]!@[CX4H2:3][C:4] 	180	6.46594	-	-	-	-	G
C35531111      none	B	[NH1:1][CX4:2]!@[CX3:3]=[O:4]	-120	0.275693	-	-	-	-	G
C39205330      none	B	[!#1:1][CX3:2]!@[SX4:3][!#1:4]	-89.9973	6.25	-	-	-	-	G
C01611081      none	B	[*:1]~[CX4:2]!@[n:3]~[*:4]	179.998	3.53397	-	-	-	-	G
C01611081      none	B	[OX2:1][CX4:2]!@[CX4:3][OX2:4]	82.6424	2.87509	-	-	-	-	O
C01611081      none	B	[C:1][CX4H2:2]!@[OX2:3][!#1:4]	119.999	0.94544	-	-	-	-	G
C01611081      none	B	[*:1]~[OX2:2]!@[P:3]~[*:4]	59.9981	4.54722	-	-	-	-	G
C40548287      none	B	[NH1:1][CX4:2]!@[CX3:3]=[O:4]	119.999	0.41354	-	-	-	-	G
C40548287      none	B	[$(C=O):1][NX3H1:2]!@[CX4H0:3][C:4]	59.9985	13.3187	-	-	-	-	G
C40548287      none	B	[O:1]=[CX3:2]([$([NX3H1]C)])!@[NX3H1:3][!#1:4]	-0.00439294	41.1343	-	-	-	-	G
C40548287      none	B	[O:1]=[CX3:2]([$([NX3H1]C)])!@[NX3H1:3][!#1:4]	0.00555645	41.1343	-	-	-	-	G
C40548287      none	B	[$(C=O):1][NX3H1:2]!@[CX4H1:3][H:4]	0.00117035	8.26772	-	-	-	-	G
C40548287      none	B	[!#1:1][CX4:2]!@[CX4:3][!#1:4]	-39.9958	0.976141	-	-	-	-	G
C20258274      none	B	[OX2:1][CX4:2]!@[CX4:3][N:4]	-60.0074	14.8764	-	-	-	-	G
C20258274      none	B	[O:1]=[C:2]([O-])!@[CX4H1:3][H:4]	89.9916	0.86741	-	-	-	-	O
C20258274      none	B	[$(C=O):1][NX3H1:2]!@[CX4H1:3][H:4]	-30.0037	6.97413	-	-	-	-	G
C20258274      none	B	[O:1]=[CX3:2]!@[NX3H1:3][!#1:4]	0.0030733	63.7893	-	-	-	-	G
C20258274      none	B	[nH0r6:1][cr6:2]([cH1r6])!@[C:3]([NH1,NH2])=[O:4]	119.997	0	-	-	-	-	R
C05851868      none	B	[!#1:1][CX4H2:2]!@[CX4H2:3][!#1:4]	180	58.554	-	-	-	-	G
C05851868      none	B	[C:1][CX4H2:2]!@[NX3:3][C:4]	180	3.30615	-	-	-	-	G
C05851868      none	B	[!#1:1][CX3:2](=S)!@[NX3H1:3][!#1:4]	-0.00738846	27.5459	-	-	-	-	G
C05851868      none	B	[!#1:1][CX3:2](=S)!@[NX3H1:3][!#1:4]	180	37.0618	-	-	-	-	G
C05851868      none	B	[*:1]~[CX3:2]!@[NX3:3]~[*:4]	180	27.0317	-	-	-	-	G
C50199517      none	B	[H:1][CX4H1:2]!@[SX4:3][!#1:4]	-72.4783	6.2982	-	-	-	-	G
C50199517      none	B	[C:1][$(S(=O)=O):2]!@[NX3H1:3][C:4]	64.5984	6.12245	-	-	-	-	G
C50199517      none	B	[$(S(=O)(=O)):1][NX3H1:2]!@[CX4H1:3][H:4]	-30.0012	9.39227	-	-	-	-	G
C50199517      none	B	[!#1:1][CX4:2]!@[CX4:3][!#1:4]	180	22.1548	-	-	-	-	G
C50199517      none	B	[O:1]=[C:2]([O-])!@[CX4H1:3][H:4]	-0.00155636	0.495663	-	-	-	-	O
C50199517      none	B	[!#1:1][CX4H2:2]!@[CX4H2:3][!#1:4]	60.0029	3.99483	-	-	-	-	G
C20153056      none	B	[cH0:1][c:2]([cH,nX2H0])!@[NX3H0:3][CX4:4]	90.2494	2.06517	-	-	-	-	O
C20153056      none	B	[O-:1][N+:2](=O)!@[c:3]([cH0])[cH,nX2H0:4]	89.9888	0.274725	-	-	-	-	O
C20153056      none	B	[cH1:1][c:2]([cH1])!@[C:3]([NH1,NH2])=[O:4]	27.0156	8.08167	-	-	-	-	G
C20153056      none	B	[O:1]=[CX3:2]!@[NX3H1:3][!#1:4]	-0.00213872	63.7893	-	-	-	-	G
C20153056      none	B	[$(C=O):1][NX3H1:2]!@[CX3:3]=[*H0:4]	180	33.8082	-	-	-	-	G
C20153056      none	B	[!#1:1][CX3:2](=S)!@[NX3H1:3][!#1:4]	-179.98	37.0618	-	-	-	-	G
C20153056      none	B	[a:1][a:2]!@[NX3:3][!#1:4]	-59.7428	1.73028	-	-	-	-	O
C20153056      none	B	[O:1]=[C:2]([O-])!@[c:3]([cH1])[cH0:4]	89.9968	0	-	-	-	-	R
C31818344      none	B	[a:1][ar6:2]!@[ar5:3][a:4]	-179.725	7.27752	-	-	-	-	G
C31818344      none	B	[a:1][c:2]!@[CX4H1:3][a:4]	-60.0038	3.71511	-	-	-	-	G
C31818344      none	B	[cH1:1][c:2]([cH1])!@[CX3:3]=[O:4]	0.00847776	14.2319	-	-	-	-	G
C31818344      none	B	[O:1]=[C:2]!@[O:3]~[C:4]	-0.00319099	74.4927	-	-	-	-	G
C44567511      none	B	[!#1:1][CX4:2]!@[CX4:3][!#1:4]	-21.3846	0.0999637	-	-	-	-	O
C44567511      none	B	[NH1:1][CX4:2]!@[CX3:3]=[O:4]	-29.9939	4.44172	-	-	-	-	G
C44567511      none	B	[$(C=O):1][NX3H1:2]!@[CX4H0:3][C:4]	180	11.3993	-	-	-	-	G
C44567511      none	B	[O:1]=[CX3:2]([$([NX3H1]C)])!@[NX3H1:3][!#1:4]	180	9.5176	-	-	-	-	R
C44567511      none	B	[O:1]=[CX3:2]([$([NX3H1]C)])!@[NX3H1:3][!#1:4]	-0.00519328	41.1343	-	-	-	-	G
C44567511      none	B	[$([CX3]=O):1][NX3H1:2]!@[CX4H2:3][C:4] 	89.9975	7.35439	-	-	-	-	G
C44567511      none	B	[!#1:1][CX4H2:2]!@[CX4H2:3][!#1:4]	-59.996	3.77933	-	-	-	-	G
C44567511      none	B	[!#1:1][CX4H2:2]!@[CX4H2:3][!#1:4]	179.996	58.554	-	-	-	-	G
C44567511      none	B	[!#1:1][CX4:2]!@[SX4:3][!#1:4]	-174.667	7.34737	-	-	-	-	G
C40580242      none	B	[$(C=O):1][NX3H1:2]!@[CX4H1:3][H:4]	-0.00554628	8.26772	-	-	-	-	G
C40580242      none	B	[O:1]=[CX3:2]!@[NX3H1:3][!#1:4]	0.000778403	63.7893	-	-	-	-	G
C40580242      none	B	N[C:2](=[O:1])!@[CH2:3][N:4]	60.005	0.14881	-	-	-	-	O
C40580242      none	B	[$([CX3]=O):1][NX3H1:2]!@[CX4H2:3][C:4] 	90.0003	7.35439	-	-	-	-	G
C40580242      none	B	[O:1]=[CX3:2]([$([NX3H1]C)])!@[NX3H1:3][!#1:4]	0.00847701	41.1343	-	-	-	-	G
C40580242      none	B	[O:1]=[CX3:2]([$([NX3H1]C)])!@[NX3H1:3][!#1:4]	-0.00807954	41.1343	-	-	-	-	G
C40580242      none	B	[$(C=O):1][NX3H1:2]!@[CX4H1:3][H:4]	60.0036	6.22422	-	-	-	-	G
C40580242      none	B	[OX2:1][CX4:2]!@[CX4:3][N:4]	-80.0012	3.59551	-	-	-	-	G
C40580242      none	B	[O:1]=[C:2]([O-])!@[CX4H1:3][H:4]	0.00102738	0.495663	-	-	-	-	O
C04839116      none	B	[cH1:1][c:2](cO)!@[O:3][C:4]	-89.7258	0.35524	-	-	-	-	R
C04839116      none	B	[*:1]~[cX3:2]!@[NX2:3]~[*:4]	-30.0062	1.57181	-	-	-	-	O
C04839116      none	B	[O-:1][N+:2](=O)!@[c:3]([cH0])[cH,nX2H0:4]	89.7402	0.274725	-	-	-	-	O
C04839116      none	B	[*:1]~[NX2:2]!@[nX3:3]~[*:4]	150.312	1.75781	-	-	-	-	G
C41682867      none	B	[O:1]=[CX3:2]!@[NX3H0:3][!#1:4]	149.997	1.73707	-	-	-	-	O
C41682867      none	B	[O:1]=[CX3:2]!@[NX3H1:3][!#1:4]	-0.00692593	63.7893	-	-	-	-	G
C41682867      none	B	[$(C=O):1][NX3H1:2]!@[CX4H1:3][H:4]	-29.9922	6.97413	-	-	-	-	G
C41682867      none	B	[!#1:1][CX4:2]!@[CX4:3][!#1:4]	160.001	1.81259	-	-	-	-	G
C41682867      none	B	[O:1]=[C:2]([O-])!@[CX4H1:3][H:4]	89.9949	0.86741	-	-	-	-	O
C41682867      none	B	[!#1:1][CX4H2:2]!@[CX4H2:3][!#1:4]	180	58.554	-	-	-	-	G
C40697030      none	B	[C:1][CX4:2]!@[CX3:3]=[O:4]	-62.7832	2.40592	-	-	-	-	G
C40697030      none	B	[O:1]=[CX3:2]!@[NX3H1:3][!#1:4]	0.00137805	63.7893	-	-	-	-	G
C40697030      none	B	[$(C=O):1][NX3H1:2]!@[CX4H1:3][H:4]	-29.9932	6.97413	-	-	-	-	G
C40697030      none	B	[!#1:1][CX4:2]!@[CX4:3][!#1:4]	180	22.1548	-	-	-	-	G
C40697030      none	B	[O:1]=[C:2]([O-])!@[CX4H1:3][H:4]	-0.000512135	0.495663	-	-	-	-	O
C40697030      none	B	[!#1:1][CX4H2:2]!@[CX4H2:3][!#1:4]	60.0005	3.99483	-	-	-	-	G
C41034627      none	B	[NH1:1][CX4:2]!@[CX3:3]=[O:4]	-150.006	4.5183	-	-	-	-	G
C41034627      none	B	[$(C=O):1][NX3H1:2]!@[CX4H0:3][C:4]	180	11.3993	-	-	-	-	G
C41034627      none	B	[O:1]=[CX3:2]!@[NX3H1:3][!#1:4]	0.00243117	63.7893	-	-	-	-	G
C41034627      none	B	[cH1:1][c:2]([cH1])!@[C:3]([NH1,NH2])=[O:4]	-152.996	8.78518	-	-	-	-	G
C42575499      none	B	[NH1:1][CX4:2]!@[CX3:3]=[O:4]	150.002	9.89432	-	-	-	-	G
C42575499      none	B	[$(C=O):1][NX3H1:2]!@[CX4H1:3][H:4]	179.994	0.712411	-	-	-	-	R
C42575499      none	B	[O:1]=[CX3:2]!@[NX3H1:3][!#1:4]	0.000677696	63.7893	-	-	-	-	G
C42575499      none	B	[O:1]=[CX3:2]!@[NX3H1:3][!#1:4]	0.00707617	63.7893	-	-	-	-	G
C42575499      none	B	[O:1]=[CX3:2]!@[NX3H0:3][!#1:4]	-29.7268	0.692521	-	-	-	-	O
C42575499      none	B	[O:1]=[C:2]([O-])!@[CX4H1:3][H:4]	-0.0047352	0.495663	-	-	-	-	O
C61684580      none	B	[aH1:1][c:2]([aH1])!@[SX4:3][!#1:4]	90.0043	12.916	-	-	-	-	G
C61684580      none	B	[a:1][a:2]!@[CX3:3]=[CX3H1:4]	-120.001	1.01669	-	-	-	-	O
C61684580      none	B	[*^2:1]~[C^2:2]([!H])!@[C^2:3]~[*^2:4]	0.00667026	20.0453	-	-	-	-	G
C61684580      none	B	[c:1][S:2](=O)(=O)!@[NX2H0-:3]-[*:4]	-90.0001	2.77778	-	-	-	-	G
C61684580      none	B	[$(S(=O)(=O)):1][N:2]!@[c:3][a:4]	179.995	4.19922	-	-	-	-	G
C40910411      none	B	[NH1:1][CX4:2]!@[CX3:3]=[O:4]	-29.9952	4.44172	-	-	-	-	G
C40910411      none	B	[$(C=O):1][NX3H1:2]!@[CX4H0:3][C:4]	179.998	11.3993	-	-	-	-	G
C40910411      none	B	[O:1]=[CX3:2]([$([NX3H1]C)])!@[NX3H1:3][!#1:4]	-0.00638103	41.1343	-	-	-	-	G
C40910411      none	B	[O:1]=[CX3:2]([$([NX3H1]C)])!@[NX3H1:3][!#1:4]	0.00407261	41.1343	-	-	-	-	G
C40910411      none	B	[$(C=O):1][NX3H1:2]!@[CX4H0:3][C:4]	-60.006	14.7253	-	-	-	-	G
C43509255      none	B	[!#1:1][CX4:2]!@[CX4:3][!#1:4]	59.9946	12.3771	-	-	-	-	G
C43509255      none	B	[!#1:1][CX4:2]!@[CX4:3][!#1:4]	59.9981	12.3771	-	-	-	-	G
C43509255      none	B	[NH1:1][CX4:2]!@[CX3:3]=[O:4]	-29.9874	4.44172	-	-	-	-	G
C43509255      none	B	[$(C=O):1][NX3H1:2]!@[CX4H1:3][H:4]	-29.993	6.97413	-	-	-	-	G
C43509255      none	B	[O:1]=[CX3:2]!@[NX3H1:3][!#1:4]	-0.00187841	63.7893	-	-	-	-	G
C43509255      none	B	[$(C=O):1][NX3H1:2]!@[CX4H0:3][C:4]	-58.5734	14.7253	-	-	-	-	G
C43509255      none	B	[NH1:1][CX4:2]!@[CX3:3]=[O:4]	0.002815	6.89233	-	-	-	-	G
C43509255      none	B	[O:1]=[CX3:2]!@[NX3H1:3][!#1:4]	-0.00522875	63.7893	-	-	-	-	G
C42440110      none	B	[$(C=O):1][NX3H0:2]!@[CX4H1:3][H:4]	-1.41115	15.8824	-	-	-	-	G
C42440110      none	B	[$([CX3]=O):1][NX3H0:2](C)!@[CX4H2:3][C:4]	-60.0049	0.686106	-	-	-	-	O
C42440110      none	B	[O:1]=[CX3:2]!@[NX3H0:3][!#1:4]	150	1.73707	-	-	-	-	O
C42440110      none	B	N[C:2](=[O:1])!@[CH2:3][N:4]	179.998	8.33333	-	-	-	-	G
C42440110      none	B	[O:1]=[CX3:2]!@[NX3H0:3][!#1:4]	150.311	1.73707	-	-	-	-	O
C42440110      none	B	[O:1]=[C:2]([O-])!@[CX4H1:3][H:4]	89.9989	0.86741	-	-	-	-	O
C41033855      none	B	[NH1:1][CX4:2]!@[CX3:3]=[O:4]	-150.009	4.5183	-	-	-	-	G
C41033855      none	B	[$(C=O):1][NX3H1:2]!@[CX4H0:3][C:4]	180	11.3993	-	-	-	-	G
C41033855      none	B	[O:1]=[CX3:2]!@[NX3H1:3][!#1:4]	0.00627601	63.7893	-	-	-	-	G
C41033855      none	B	[cH1:1][c:2]([cH1])!@[C:3]([NH1,NH2])=[O:4]	-90.0003	0	-	-	-	-	R
C35736919      none	B	[a:1][c:2]!@[CX4H1:3][N,O:4]	120	3.12238	-	-	-	-	G
C35736919      none	B	[$(C=O):1][NX3H1:2]!@[CX4H1:3][H:4]	30.0079	9.46757	-	-	-	-	G
C35736919      none	B	[O:1]=[CX3:2]([$([NX3H1]C)])!@[NX3H1:3][!#1:4]	-0.0202999	41.1343	-	-	-	-	G
C35736919      none	B	[O:1]=[C:2]([NH1])!@[NX3H1:3](C=O)[H:4]	-0.000374824	58.9474	-	-	-	-	G
C35736919      none	B	[O:1]=[C:2]!@[NX3H1:3](C=O)[H:4]	180	35.6725	-	-	-	-	G
C35736919      none	B	[O:1]=[CX3:2]([NH1])!@[CH2:3][C:4]	-119.997	0.124533	-	-	-	-	O
C35736919      none	B	[!#1:1][CX4H2:2]!@[CX4H2:3][!#1:4]	59.9981	3.99483	-	-	-	-	G
C35736919      none	B	[C:1][CX4H2:2]!@[CX3:3]=[O:4]	-119.997	0.79457	-	-	-	-	O
C12506106      none	B	[N:1][CX4:2]!@[CX3:3]=[O:4]	-27.907	5.37503	-	-	-	-	G
C12506106      none	B	[N:1][CX4:2]!@[CX3:3]=[O:4]	-151.612	3.58916	-	-	-	-	G
C40544336      none	B	[!#1:1][CX4:2]!@[CX4:3][!#1:4]	-60.0011	12.2558	-	-	-	-	G
C40544336      none	B	[O:1]=[C:2]([O-])!@[CX4H1:3][H:4]	0.00688413	0.495663	-	-	-	-	O
C40544336      none	B	[$(C=O):1][NX3H1:2]!@[CX4H1:3][H:4]	60.0043	6.22422	-	-	-	-	G
C40544336      none	B	[O:1]=[CX3:2]([$([NX3H1]C)])!@[NX3H1:3][!#1:4]	179.998	9.5176	-	-	-	-	R
C40544336      none	B	[O:1]=[CX3:2]([$([NX3H1]C)])!@[NX3H1:3][!#1:4]	0.000129393	41.1343	-	-	-	-	G
C40544336      none	B	[$(C=O):1][NX3H1:2]!@[c:3]([cH1])[cH1:4]	-150.002	5.07451	-	-	-	-	G
C40544336      none	B	[aH1:1][c:2]([aH1])!@[SX4:3][!#1:4]	-90.0043	12.5987	-	-	-	-	G
C40911176      none	B	[NH1:1][CX4:2]!@[CX3:3]=[O:4]	-119.996	0.275693	-	-	-	-	G
C40911176      none	B	[!#1:1][CX4:2]!@[NX3:3][!#1:4]	59.9975	5.63312	-	-	-	-	G
C40911176      none	B	[cH0:1][c:2]([cH,nX2H0])!@[NX3H1:3][CX4:4]	120.004	0	-	-	-	-	R
C40911176      none	B	[$([c]([NH1,NH2])):1][c:2]!@[CX3:3]([!O])=[O:4]	90.0078	0	-	-	-	-	R
C37656030      none	B	[$(S(=O)(=O)):1][NH0:2]!@[c:3]([cH1])[cH0:4]	89.985	13.1148	-	-	-	-	G
C37656030      none	B	[*:1]~[N,n:2]!@[S:3]~[*:4]	173.861	5.49166	-	-	-	-	G
C37656030      none	B	[*:1][$(S(=O)=O):2]!@[NX3H0r:3][*:4]	-89.7184	4.88152	-	-	-	-	G
C37656030      none	B	[O:1]=[C:2]([O-])!@[CX4H1:3][H:4]	89.9915	0.86741	-	-	-	-	O
C05729759      none	B	[cH1:1][c:2]([cH1])!@[O:3][C:4]	-179.724	26.896	-	-	-	-	G
C05729759      none	B	[a:1][c:2]!@[CX4H1:3][N,O:4]	-60.6992	3.48172	-	-	-	-	G
C05729759      none	B	[cH1:1][c:2]([cH1])!@[O:3][C:4]	-0.00188245	26.3009	-	-	-	-	G
C40699747      none	B	[aH1:1][c:2]([aH1])!@[SX4:3][!#1:4]	90.0022	12.916	-	-	-	-	G
C40699747      none	B	[c:1][$(S(=O)=O):2]!@[NX3H1:3][C:4]	-59.9976	13.7514	-	-	-	-	G
C40699747      none	B	[$(S(=O)(=O)):1][NX3H1:2]!@[CX4H1:3][H:4]	-0.00300984	7.36648	-	-	-	-	G
C40699747      none	B	[!#1:1][CX4:2]!@[CX4:3][!#1:4]	-60.0025	12.2558	-	-	-	-	G
C40699747      none	B	[O:1]=[C:2]([O-])!@[CX4H1:3][H:4]	89.9984	0.86741	-	-	-	-	O
C40699747      none	B	[!#1:1][CX4H2:2]!@[CX4H2:3][!#1:4]	60.0023	3.99483	-	-	-	-	G
C50253081      none	B	[aH0:1][c:2]([aH1])!@[SX4:3][!#1:4]	70.0025	11.3606	-	-	-	-	G
C50253081      none	B	[c:1][$(S(=O)=O):2]!@[NX3H1:3][C:4]	59.9948	14.5215	-	-	-	-	G
C50253081      none	B	[$(S(=O)(=O)):1][NX3H1:2]!@[CX4H1:3][H:4]	-29.9893	9.39227	-	-	-	-	G
C50253081      none	B	[OX2:1][CX4:2]!@[CX4:3][N:4]	-39.9839	1.41573	-	-	-	-	O
C50253081      none	B	[O:1]=[C:2]([O-])!@[CX4H1:3][H:4]	-0.0176245	0.495663	-	-	-	-	O
C43428673      none	B	[OX2:1][CX4:2]!@[CX4:3][N:4]	179.999	9.8427	-	-	-	-	G
C43428673      none	B	[O:1]=[C:2]([O-])!@[CX4H1:3][H:4]	89.9959	0.86741	-	-	-	-	O
C43428673      none	B	[$(C=O):1][NX3H1:2]!@[CX4H1:3][H:4]	180	0.712411	-	-	-	-	R
C43428673      none	B	[O:1]=[CX3:2]!@[NX3H1:3][!#1:4]	0.00439558	63.7893	-	-	-	-	G
C43428673      none	B	[O:1]=[CX3:2]!@[NX3H0:3][!#1:4]	150.28	1.73707	-	-	-	-	O
C63136342      none	B	[!#1:1][CX4:2]!@[CX4:3][!#1:4]	-59.9947	12.2558	-	-	-	-	G
C63136342      none	B	[!#1:1][CX4:2]!@[CX4:3][!#1:4]	-59.9982	12.2558	-	-	-	-	G
C63136342      none	B	[O:1]=[C:2]([O-])!@[CX4H1:3][H:4]	0.00731737	0.495663	-	-	-	-	O
C63136342      none	B	[$(C=O):1][NX3H1:2]!@[CX4H1:3][H:4]	-30.0005	6.97413	-	-	-	-	G
C63136342      none	B	[O:1]=[CX3:2]([$([NX3H1]C)])!@[NX3H1:3][!#1:4]	180	9.5176	-	-	-	-	R
C63136342      none	B	[O:1]=[CX3:2]([$([NX3H1]C)])!@[NX3H1:3][!#1:4]	-0.00178145	41.1343	-	-	-	-	G
C63136342      none	B	[$([CX3]=O):1][NX3H1:2]!@[CX4H2:3][C:4] 	179.999	6.46594	-	-	-	-	G
C63136342      none	B	[!#1:1][CX4H2:2]!@[CX4H2:3][!#1:4]	-59.9982	3.77933	-	-	-	-	G
C63136342      none	B	[n,o,s:1][c:2]!@[CX4H2:3][CX4:4]	90.3136	4.03889	-	-	-	-	G
C62744015      none	B	[!#1:1][CX4:2]!@[CX4:3][!#1:4]	60.0046	12.3771	-	-	-	-	G
C62744015      none	B	[$([CX3]=O):1][NX3H0:2](C)!@[CX4H2:3][C:4]	59.9988	0.600343	-	-	-	-	O
C62744015      none	B	[$([CX3]=O):1][NX3H0:2](C)!@[CX4H2:3][C:4]	-89.9974	15.9949	-	-	-	-	G
C62744015      none	B	[O:1]=[CX3:2]!@[NX3H0:3][!#1:4]	30.0004	0.680979	-	-	-	-	O
C62744015      none	B	[N:1][CX4:2]!@[CX3:3]=[O:4]	-90.0013	0.479136	-	-	-	-	O
C62744015      none	B	[O:1]=[CX3:2]!@[NX3H1:3][!#1:4]	-0.00611888	63.7893	-	-	-	-	G
C62744015      none	B	[$([CX3]=O):1][NX3H1:2]!@[CX4H2:3][C:4] 	90.0053	7.35439	-	-	-	-	G
C62744015      none	B	[!#1:1][CX4H2:2]!@[CX4H2:3][!#1:4]	-59.9991	3.77933	-	-	-	-	G
C62744015      none	B	[!#1:1][CX4:2]!@[SX4:3][!#1:4]	-172.266	7.34737	-	-	-	-	G
C55188168      none	B	[OX2:1][CX4:2]!@[CX4:3][N:4]	-40.0107	1.41573	-	-	-	-	G
C55188168      none	B	[O:1]=[C:2]([O-])!@[CX4H1:3][H:4]	89.9996	0.86741	-	-	-	-	O
C55188168      none	B	[$(C=O):1][NX3H1:2]!@[CX4H1:3][H:4]	180	0.712411	-	-	-	-	R
C55188168      none	B	[O:1]=[CX3:2]!@[NX3H1:3][!#1:4]	-0.00250716	63.7893	-	-	-	-	G
C55188168      none	B	[a:1][c:2]!@[C:3]([NH1,NH2])=[O:4]	0.287945	9.67683	-	-	-	-	G
C63154287      none	B	[C:1][CH2:2]!@[O:3][CX4:4]	-60.0031	0.329924	-	-	-	-	O
C63154287      none	B	[C:1][CH2:2]!@[O:3][CX4:4]	159.998	5.67469	-	-	-	-	G
C63154287      none	B	[!#1:1][CX4H2:2]!@[CX4H2:3][!#1:4]	180	58.554	-	-	-	-	G
C63154287      none	B	[!#1:1][CX4:2]!@[SX4:3][!#1:4]	167.748	7.85263	-	-	-	-	G
C63154287      none	B	[*:1]~[N,n:2]!@[S:3]~[*:4]	59.9996	4.33354	-	-	-	-	G
C63154287      none	B	[$(S(=O)(=O)):1][NH0:2]!@[c:3]([cH1])[cH1:4]	-120.271	1.65289	-	-	-	-	G
C59349477      none	B	[*:1]~[cX3:2]!@[NX2:3]~[*:4]	120.003	1.45599	-	-	-	-	O
C59349477      none	B	[*:1]~[CX3:2]!@[NX2:3]~[*:4]	0.284195	40.1033	-	-	-	-	G
C59349477      none	B	[a:1][c:2]!@[CX4H1:3][N,O:4]	60.0008	3.42939	-	-	-	-	G
C42692319      none	B	[!#1:1][CX4:2]!@[CX4:3][!#1:4]	60.0005	12.3771	-	-	-	-	G
C42692319      none	B	[$([CX3]=O):1][NX3H0:2](C)!@[CX4H2:3][C:4]	-120.001	2.31561	-	-	-	-	O
C42692319      none	B	[$([CX3]=O):1][NX3H0:2](C)!@[CX4H2:3][C:4]	-120.002	2.31561	-	-	-	-	O
C42692319      none	B	[O:1]=[CX3:2]!@[NX3H0:3][!#1:4]	-29.9963	0.692521	-	-	-	-	O
C42692319      none	B	N[C:2](=[O:1])!@[CH2:3][N:4]	-149.999	2.38095	-	-	-	-	G
C42692319      none	B	[O:1]=[CX3:2]!@[NX3H0:3][!#1:4]	150.3	1.73707	-	-	-	-	O
C42692319      none	B	[O:1]=[C:2]([O-])!@[CX4H1:3][H:4]	90.003	0.86741	-	-	-	-	O
C40531472      none	B	[O:1]=[CX3:2]!@[NX3H0:3][!#1:4]	150.004	1.73707	-	-	-	-	O
C40531472      none	B	[O:1]=[CX3:2]!@[NX3H1:3][!#1:4]	0.00825123	63.7893	-	-	-	-	G
C40531472      none	B	[$(C=O):1][NX3H1:2]!@[CX4H1:3][H:4]	29.9888	9.46757	-	-	-	-	G
C40531472      none	B	[OX2:1][CX4:2]!@[CX4:3][N:4]	-40.0069	1.41573	-	-	-	-	G
C40531472      none	B	[O:1]=[C:2]([O-])!@[CX4H1:3][H:4]	0.00253698	0.495663	-	-	-	-	O
C40532704      none	B	[OX2:1][CX4:2]!@[CX4:3][N:4]	-60.0031	14.8764	-	-	-	-	G
C40532704      none	B	[O:1]=[C:2]([O-])!@[CX4H1:3][H:4]	-0.0033582	0.495663	-	-	-	-	O
C40532704      none	B	[$(C=O):1][NX3H1:2]!@[CX4H1:3][H:4]	30.0105	9.46757	-	-	-	-	G
C40532704      none	B	[O:1]=[CX3:2]([$([NX3H1]C)])!@[NX3H1:3][!#1:4]	179.988	9.5176	-	-	-	-	R
C40532704      none	B	[O:1]=[CX3:2]([$([NX3H1]C)])!@[NX3H1:3][!#1:4]	0.00978759	41.1343	-	-	-	-	G
C40532704      none	B	[$(C=O):1][NX3H1:2]!@[c:3]([cH1])[cH1:4]	29.9987	5.05437	-	-	-	-	G
C40532704      none	B	[$(C=O):1][NX3H1:2]!@[c:3]([cH1])[cH1:4]	-0.0226897	7.77286	-	-	-	-	G
C40532704      none	B	[O:1]=[CX3:2]!@[NX3H1:3][!#1:4]	-0.000337475	63.7893	-	-	-	-	G
C05743385      none	B	[H:1][CX4H1:2]!@[O:3][CX4:4]	40.0025	11.9906	-	-	-	-	G
C05743385      none	B	[O:1]=[C:2]([O-])!@[CX4H1:3][H:4]	0.00305449	0.495663	-	-	-	-	O
C05743385      none	B	[OX2:1][CX4:2]!@[CX4:3][OX2:4]	76.7313	2.87509	-	-	-	-	G
C45092324      none	B	[a:1][a:2]!@[CX3:3]=[CX3H1:4]	-19.9911	3.14121	-	-	-	-	G
C45092324      none	B	[cH1:1][c:2]([cH1])!@[C:3]([NH1,NH2])=[O:4]	153.01	9.05971	-	-	-	-	G
C45092324      none	B	[O:1]=[CX3:2]!@[NX3H1:3][!#1:4]	-0.00125691	63.7893	-	-	-	-	G
C45092324      none	B	[$([CX3]=O):1][NX3H1:2]!@[CX4H2:3][C:4] 	-119.997	2.61599	-	-	-	-	O
C45092324      none	B	[!#1:1][CX4H2:2]!@[CX4H2:3][!#1:4]	59.9991	3.99483	-	-	-	-	G
C45092324      none	B	[!#1:1][CX4H2:2]!@[CX4H2:3][!#1:4]	60.0033	3.99483	-	-	-	-	G
C45092324      none	B	[!#1:1][CX4:2]!@[SX4:3][!#1:4]	167.739	7.85263	-	-	-	-	G
C45092324      none	B	[*^2:1]~[C^2:2]([!H])!@[C^2:3]~[*^2:4]	-0.011175	20.0453	-	-	-	-	G
C41034750      none	B	[NH1:1][CX4:2]!@[CX3:3]=[O:4]	119.998	0.41354	-	-	-	-	G
C41034750      none	B	[$(C=O):1][NX3H1:2]!@[CX4H0:3][C:4]	59.9947	13.3187	-	-	-	-	G
C41034750      none	B	[O:1]=[CX3:2]([$([NX3H1]C)])!@[NX3H1:3][!#1:4]	0.00421085	41.1343	-	-	-	-	G
C41034750      none	B	[O:1]=[CX3:2]([$([NX3H1]C)])!@[NX3H1:3][!#1:4]	-0.00430934	41.1343	-	-	-	-	G
C41034750      none	B	[$(C=O):1][NX3H1:2]!@[CX4H0:3][C:4]	60.0022	13.3187	-	-	-	-	G
C61712976      none	B	[!#1:1][CX4H2:2]!@[CX4H2:3][!#1:4]	180	58.554	-	-	-	-	G
C61712976      none	B	[!#1:1][CX4:2]!@[CX4:3][!#1:4]	179.998	22.1548	-	-	-	-	G
C61712976      none	B	[NH1:1][CX4:2]!@[CX3:3]=[O:4]	-149.99	4.5183	-	-	-	-	G
C61712976      none	B	[$(C=O):1][NX3H1:2]!@[CX4H0:3][C:4]	-59.9974	14.7253	-	-	-	-	G
C61712976      none	B	[O:1]=[CX3:2]!@[NX3H1:3][!#1:4]	-0.0104682	63.7893	-	-	-	-	G
C61712976      none	B	[O:1]=[CX3:2]!@[NX3H0:3][!#1:4]	0.310481	25.0866	-	-	-	-	G
C40532894      none	B	[OX2:1][CX4:2]!@[CX4:3][N:4]	39.9994	1.66292	-	-	-	-	G
C40532894      none	B	[O:1]=[C:2]([O-])!@[CX4H1:3][H:4]	0.00114002	0.495663	-	-	-	-	O
C40532894      none	B	[$(C=O):1][NX3H1:2]!@[CX4H1:3][H:4]	29.9934	9.46757	-	-	-	-	G
C40532894      none	B	[O:1]=[CX3:2]([$([NX3H1]C)])!@[NX3H1:3][!#1:4]	0.00547975	41.1343	-	-	-	-	G
C40532894      none	B	[O:1]=[CX3:2]([$([NX3H1]C)])!@[NX3H1:3][!#1:4]	-0.00356856	41.1343	-	-	-	-	G
C40532894      none	B	[$(C=O):1][NX3H1:2]!@[CX4H1:3][H:4]	-60.0034	1.23735	-	-	-	-	G
C61712892      none	B	[O:1]=[CX3:2]!@[NX3H0:3][!#1:4]	-150.001	1.37927	-	-	-	-	O
C61712892      none	B	[O:1]=[C:2]([O-])!@[CX4H1:3][H:4]	-0.00540636	0.495663	-	-	-	-	O
C61712892      none	B	[O:1]=[CX3:2]!@[NX3H0:3][!#1:4]	-149.685	1.37927	-	-	-	-	O
C25501480      none	B	[O-:1][N+:2](=O)!@[c:3]([cH0])[cH,nX2H0:4]	90.0152	0.274725	-	-	-	-	O
C25501480      none	B	[$(S(=O)(=O)):1][NH0:2]!@[c:3]([cH1])[cH0:4]	119.997	0	-	-	-	-	R
C25501480      none	B	[c:1][S:2](=O)(=O)!@[NX2H0-:3]-[*:4]	89.9985	2.77778	-	-	-	-	G
C25501480      none	B	[aH1:1][c:2]([aH1])!@[SX4:3][!#1:4]	-89.723	12.5987	-	-	-	-	G
C25501480      none	B	[$(C=O):1][NX3H0:2]!@[c:3]([cH1])[cH1:4]	59.9678	4.89486	-	-	-	-	G
C25501480      none	B	[O:1]=[C:2]([O-])!@[CX4H1:3][H:4]	90.0022	0.86741	-	-	-	-	O
C20215035      none	B	[a:1][c:2]!@[C:3]([NH0])=[O:4]	89.9981	2.88889	-	-	-	-	G
C20215035      none	B	[O:1]=[CX3:2](a)!@[NX3H0:3][!#1:4]	150.321	2.50464	-	-	-	-	G
C20215035      none	B	[O:1]=[C:2]([O-])!@[CX4H1:3][H:4]	0.00926829	0.495663	-	-	-	-	O
C16927791      none	B	[aH1:1][c:2]([aH1])!@[SX4:3][!#1:4]	90.003	12.916	-	-	-	-	G
C16927791      none	B	[c:1][S:2](=O)(=O)!@[NX2H0-:3]-[*:4]	-59.998	11.1111	-	-	-	-	G
C16927791      none	B	[*:1]~[NX2:2]!@[NX2:3]~[*:4]	89.9926	0.0898069	-	-	-	-	R
C16927791      none	B	[*^2:1]~[C^2:2]!@[C^2:3]~[*^2:4]	150.008	1.06267	-	-	-	-	O
C16927791      none	B	[*:1]~[NX2:2]!@[NX2:3]~[*:4]	179.999	68.0512	-	-	-	-	G
C16927791      none	B	[c:1][S:2](=O)(=O)!@[NX2H0-:3]-[*:4]	-60.0002	11.1111	-	-	-	-	G
C16927791      none	B	[aH1:1][c:2]([aH1])!@[SX4:3][!#1:4]	-89.7304	12.5987	-	-	-	-	G
C14245774      none	B	[*:1][$(S(=O)=O):2]!@[NX3H0r:3][*:4]	120.002	1.23223	-	-	-	-	G
C14245774      none	B	[aH1:1][c:2]([aH1])!@[SX4:3][!#1:4]	-89.7221	12.5987	-	-	-	-	G
C14245774      none	B	[cH1:1][c:2]([cH1])!@[C:3]([NH1,NH2])=[O:4]	152.767	9.05971	-	-	-	-	G
C14245774      none	B	[O:1]=[CX3:2]!@[NX3H1:3][!#1:4]	0.00373715	63.7893	-	-	-	-	G
C14245774      none	B	[$(C=O):1][NX3H1:2]!@[CX4H1:3][H:4]	-59.9965	1.23735	-	-	-	-	G
C14245774      none	B	[OX2:1][CX4:2]!@[CX4:3][N:4]	-59.9972	14.8764	-	-	-	-	G
C14245774      none	B	[O:1]=[C:2]([O-])!@[CX4H1:3][H:4]	-0.00755718	0.495663	-	-	-	-	O
C62742591      none	B	[!#1:1][CX4:2]!@[CX4:3][!#1:4]	59.9964	12.3771	-	-	-	-	G
C62742591      none	B	[CX4:1][CX4H2:2]!@[NX3:3][CX4:4]	60.006	3.43258	-	-	-	-	G
C62742591      none	B	[C:1][CX4H2:2]!@[NX3:3][C:4]	59.9978	2.72009	-	-	-	-	O
C62742591      none	B	[cH0:1][c:2]([cH,nX2H0])!@[NX3H0:3][CX4:4]	-89.9988	1.8357	-	-	-	-	G
C62742591      none	B	[N:1][CX4:2]!@[CX3:3]=[O:4]	120.003	0.766617	-	-	-	-	G
C62742591      none	B	[a:1][c:2]!@[C:3]([NH1,NH2])=[O:4]	180	9.31373	-	-	-	-	G
C20003369      none	B	[O:1]=[C:2]([O-])!@[c:3]([cH1])[cH0:4]	89.9995	0	-	-	-	-	R
C20003369      none	B	[aH1:1][c:2]([aH1])!@[SX4:3][!#1:4]	-90.0008	12.5987	-	-	-	-	G
C20003369      none	B	[c:1][S:2](=O)(=O)!@[NX2H0-:3]-[*:4]	59.9924	8.33333	-	-	-	-	G
C20003369      none	B	[$(S(=O)(=O)):1][N:2]!@[c:3][a:4]	120	2.34375	-	-	-	-	G
C60165891      none	B	[cH1:1][a:2]([cH1])!@[a:3]([sX2,o,nX2H0,nX3H1:4])([cH1])	180	11.5003	-	-	-	-	G
C60165891      none	B	[aH1:1][c:2]([aH1])!@[SX4:3][!#1:4]	90.005	12.916	-	-	-	-	G
C60165891      none	B	[c:1][S:2](=O)(=O)!@[NX2H0-:3]-[*:4]	-59.9999	11.1111	-	-	-	-	G
C60165891      none	B	[$(S(=O)(=O)):1][NH0:2]!@[c:3]([cH1])[cH1:4]	-90.2675	17.7686	-	-	-	-	G
C60165891      none	B	[cH1:1][c:2]([cH1])!@[C:3]([NH1,NH2])=[O:4]	-26.9757	8.39053	-	-	-	-	G
C60165891      none	B	[O:1]=[CX3:2]!@[NX3H1:3][!#1:4]	0.00156416	63.7893	-	-	-	-	G
C60165891      none	B	[$([CX3]=O):1][NX3H1:2]!@[CX4H2:3][C:4] 	180	6.46594	-	-	-	-	G
C60165891      none	B	[NH1:1][CX4:2]!@[CX3:3]=[O:4]	-120.009	0.275693	-	-	-	-	G
C48727298      none	B	[$(C=O):1][NX3H1:2]!@[c:3](s)[n:4]	180	66.092	-	-	-	-	G
C48727298      none	B	[O:1]=[CX3:2]!@[NX3H1:3][!#1:4]	-0.00284921	63.7893	-	-	-	-	G
C48727298      none	B	[a:1][c:2]!@[C:3]([NH1,NH2])=[O:4]	120.003	0.644517	-	-	-	-	G
C36947375      none	B	[!#1:1][CX4:2]!@[CX4:3][!#1:4]	8.62607	0.0551082	-	-	-	-	R
C36947375      none	B	[NH1:1][CX4:2]!@[CX3:3]=[O:4]	-120.006	0.275693	-	-	-	-	G
C36947375      none	B	[!#1:1][CX4:2]!@[NX3:3][!#1:4]	-89.9955	4.57362	-	-	-	-	G
C36947375      none	B	[C:1][$(S(=O)=O):2]!@[NX3H1:3][C:4]	-89.9963	6.12245	-	-	-	-	G
C40598331      none	B	[!#1:1][CX4:2]!@[CX4:3][!#1:4]	8.6278	0.0551082	-	-	-	-	R
C40598331      none	B	[NH1:1][CX4:2]!@[CX3:3]=[O:4]	119.997	0.41354	-	-	-	-	G
C40598331      none	B	[$(C=O):1][NX3H1:2]!@[CX4H0:3][C:4]	-59.9969	14.7253	-	-	-	-	G
C40598331      none	B	[O:1]=[CX3:2]([$([NX3H1]C)])!@[NX3H1:3][!#1:4]	-0.00708351	41.1343	-	-	-	-	G
C40598331      none	B	[O:1]=[CX3:2]([$([NX3H1]C)])!@[NX3H1:3][!#1:4]	0.00138849	41.1343	-	-	-	-	G
C40598331      none	B	[$([CX3]=O):1][NX3H1:2]!@[CX4H2:3][C:4] 	120	2.76407	-	-	-	-	O
C40598331      none	B	[!#1:1][CX4H2:2]!@[CX4H2:3][!#1:4]	-60.0007	3.77933	-	-	-	-	G
C40598331      none	B	[!#1:1][CX4H2:2]!@[CX4H2:3][!#1:4]	-59.9918	3.77933	-	-	-	-	G
C40598331      none	B	[N:1][C:2](=O)!@[CX4H2:3][CX4H2:4]	119.994	5.31335	-	-	-	-	G
C53821634      none	B	[$(S(=O)(=O)):1][NH0:2]!@[c:3]([cH1])[cH0:4]	-120.026	0	-	-	-	-	R
C53821634      none	B	[O:1]=[C:2]([O-])!@[c:3]([cH0])[cH0:4]	-90.0125	0	-	-	-	-	G
C53821634      none	B	[c:1][S:2](=O)(=O)!@[NX2H0-:3]-[*:4]	89.9946	2.77778	-	-	-	-	G
C53821634      none	B	[aH0:1][c:2]([aH0])!@[SX4:3][!#1:4]	-89.9988	9.35754	-	-	-	-	G
C37366393      none	B	[cH1:1][c:2]([cH1])!@[C:3]([NH1,NH2])=[O:4]	153.009	9.05971	-	-	-	-	G
C37366393      none	B	[O:1]=[CX3:2]!@[NX3H1:3][!#1:4]	0.00400904	63.7893	-	-	-	-	G
C37366393      none	B	[$(C=O):1][NX3H1:2]!@[CX4H0:3][C:4]	59.9966	13.3187	-	-	-	-	G
C37366393      none	B	[!#1:1][CX4:2]!@[CX4:3][!#1:4]	-171.377	7.88261	-	-	-	-	G
C37366393      none	B	[NH1:1][CX4:2]!@[CX3:3]=[O:4]	90.007	0.183795	-	-	-	-	R
C52296148      none	B	[$(C=O):1][NX3H1:2]!@[CX4H1:3][H:4]	-59.9911	1.23735	-	-	-	-	G
C52296148      none	B	[O:1]=[CX3:2]([$([NX3H1]C)])!@[NX3H1:3][!#1:4]	-0.0111685	41.1343	-	-	-	-	G
C52296148      none	B	[O:1]=[CX3:2]([$([NX3H1]C)])!@[NX3H1:3][!#1:4]	0.00732684	41.1343	-	-	-	-	G
C52296148      none	B	[$(C=O):1][NX3H1:2]!@[CX4H1:3][H:4]	-30.0072	6.97413	-	-	-	-	G
C52296148      none	B	[OX2:1][CX4:2]!@[CX4:3][N:4]	-40.0109	1.41573	-	-	-	-	G
C52296148      none	B	[O:1]=[C:2]([O-])!@[CX4H1:3][H:4]	89.9968	0.86741	-	-	-	-	O
C40597973      none	B	[O:1]=[CX3:2]!@[NX3H0:3][!#1:4]	-0.00343165	25.0866	-	-	-	-	G
C40597973      none	B	[O:1]=[C:2]([O-])!@[CX4H1:3][H:4]	-0.000824038	0.495663	-	-	-	-	O
C40597973      none	B	[O:1]=[CX3:2]!@[NX3H1:3][!#1:4]	0.000781807	63.7893	-	-	-	-	G
C40597973      none	B	[$([CX3]=O):1][NX3H1:2]!@[CX4H2:3][C:4] 	89.9985	7.35439	-	-	-	-	G
C40597973      none	B	[!#1:1][CX4H2:2]!@[CX4H2:3][!#1:4]	180	58.554	-	-	-	-	G
C40597973      none	B	[!#1:1][CX4H2:2]!@[CX4H2:3][!#1:4]	180	58.554	-	-	-	-	G
C40597973      none	B	[N:1][C:2](=O)!@[CX4H2:3][CX4H2:4]	-60.0009	0	-	-	-	-	R
CHEMBL292896      none	B	[cH1:1][c:2]([cH1])!@[c:3]([cH1:4])[cH1]	90.299	0	-	-	-	-	R
CHEMBL292896      none	B	[a:1][a:2]!@[CX3:3]=[CX3H1:4]	19.996	2.80466	-	-	-	-	G
CHEMBL292896      none	B	[CX3:1]=[CX3:2]!@[CH2:3][C:4]	-59.9996	0.0339559	-	-	-	-	O
CHEMBL292896      none	B	[!#1:1][CX4:2]!@[CX4:3][!#1:4]	-160.012	1.85018	-	-	-	-	G
CHEMBL292896      none	B	[!#1:1][CX4:2]!@[CX4:3][!#1:4]	-59.9946	12.2558	-	-	-	-	G
CHEMBL292896      none	B	[O:1]=[C:2]([O-])!@[CX4H1:3][H:4]	0.00152174	0.495663	-	-	-	-	O
CHEMBL292896      none	B	[!#1:1][CX4:2]!@[CX4:3][!#1:4]	159.995	1.81259	-	-	-	-	G
CHEMBL292896      none	B	[O:1]=[C:2]([O-])!@[CX4H1:3][H:4]	90.0039	0.86741	-	-	-	-	O
C12955878      none	B	[*^2:1]~[C^2:2]([!H])!@[C^2:3]~[*^2:4]	149.975	1.21045	-	-	-	-	O
C49539786      none	B	[a:1][c:2]!@[CX4H2:3][!#1:4]	90.0043	7.24386	-	-	-	-	G
C49539786      none	B	[$(C=O):1][NX3H1:2]!@[CX4H2:3][!#1:4]	-149.996	1.65159	-	-	-	-	G
C49539786      none	B	[O:1]=[CX3:2]([$([NX3H1]C)])!@[NX3H1:3][!#1:4]	-0.0165031	41.1343	-	-	-	-	G
C49539786      none	B	[O:1]=[CX3:2]([$([NX3H1]C)])!@[NX3H1:3][!#1:4]	0.0117185	41.1343	-	-	-	-	G
C49539786      none	B	[$(C=O):1][NX3H1:2]!@[CX4H1:3][H:4]	179.996	0.712411	-	-	-	-	R
C49539786      none	B	[OX2:1][CX4:2]!@[CX4:3][N:4]	-159.995	1.21348	-	-	-	-	O
C49539786      none	B	[O:1]=[C:2]([O-])!@[CX4H1:3][H:4]	90.0062	0.86741	-	-	-	-	O
C49063699      none	B	[C:1][CX4:2]!@[CX3:3]=[O:4]	120.008	3.75937	-	-	-	-	G
C49063699      none	B	[H:1][CX4H1:2]!@[SX4:3][!#1:4]	47.7474	10.0257	-	-	-	-	G
C49063699      none	B	[O:1]=[C:2]!@[O:3]~[C:4]	-0.0147327	74.4927	-	-	-	-	G
C49063699      none	B	[*:1]~[N,n:2]!@[S:3]~[*:4]	-60.0012	4.40087	-	-	-	-	G
C49063699      none	B	[$(S(=O)(=O)):1][NH0:2]!@[c:3]([cH1])[cH0:4]	-90.2696	18.0328	-	-	-	-	G
C49063699      none	B	[*:1]~[CX3:2]!@[cX3:3]~[*:4]	150	2.32505	-	-	-	-	O
C28249553      none	B	[aH1:1][c:2]([aH1])!@[SX4:3][!#1:4]	-89.9995	12.5987	-	-	-	-	G
C28249553      none	B	[O:1]=[C:2]([O-])!@[c:3]([cH1])[cH0:4]	90.0026	0	-	-	-	-	R
C28249553      none	B	[*:1]~[N,n:2]!@[S:3]~[*:4]	-119.998	1.19852	-	-	-	-	G
C13262761      none	B	[O-:1][N+:2](=O)!@[c:3]([cH,nX2H0])[cH,nX2H0:4]	179.974	23.2156	-	-	-	-	G
C13262761      none	B	[aH1:1][c:2]([aH1])!@[SX4:3][!#1:4]	90.0014	12.916	-	-	-	-	G
C13262761      none	B	[c:1][S:2](=O)(=O)!@[NX2H0-:3]-[*:4]	-90.0005	2.77778	-	-	-	-	G
C13262761      none	B	[$(S(=O)(=O)):1][NH0:2]!@[c:3]([cH1])[cH1:4]	-90.2747	17.7686	-	-	-	-	G
C13262761      none	B	[O:1]=[C:2]([O-])!@[c:3]([cH1])[cH0:4]	0.00724181	8.88889	-	-	-	-	G
C13262761      none	B	[cH1:1][c:2]([cH0])!@[O:3][S:4]	90.2313	9.79381	-	-	-	-	G
C13262761      none	B	[*:1]~[OX2:2]!@[SX4:3]~[*:4]	-79.9969	4.57103	-	-	-	-	G
C13262761      none	B	[aH1:1][c:2]([aH1])!@[SX4:3][!#1:4]	-89.7246	12.5987	-	-	-	-	G
C41035885      none	B	[NH1:1][CX4:2]!@[CX3:3]=[O:4]	-119.997	0.275693	-	-	-	-	G
C41035885      none	B	[$(C=O):1][NX3H1:2]!@[CX4H0:3][C:4]	59.9957	13.3187	-	-	-	-	G
C41035885      none	B	[O:1]=[CX3:2]([$([NX3H1]C)])!@[NX3H1:3][!#1:4]	0.00467356	41.1343	-	-	-	-	G
C41035885      none	B	[O:1]=[CX3:2]([$([NX3H1]C)])!@[NX3H1:3][!#1:4]	-0.00299779	41.1343	-	-	-	-	G
C41035885      none	B	[$([CX3]=O):1][NX3H1:2]!@[CX4H2:3][C:4] 	-120.001	2.61599	-	-	-	-	O
C41035885      none	B	[!#1:1][CX4:2]!@[CX4:3][!#1:4]	11.378	0.0551082	-	-	-	-	R
C43704957      none	B	[N:1][CX4:2]!@[CX3:3]=[O:4]	-119.992	0.897291	-	-	-	-	G
C43704957      none	B	[C:1][CX4:2]!@[NX3;"N_lp":3][C:4]	43.6284	0.870045	-	-	-	-	G
C43704957      none	B	[O:1]=[C:2]!@[NX3H1:3](C=O)[H:4]	180	35.6725	-	-	-	-	G
C43704957      none	B	[O:1]=[C:2]([NH1])!@[NX3H1:3](C=O)[H:4]	-0.00652609	58.9474	-	-	-	-	G
C43704957      none	B	[O:1]=[CX3:2]([$([NX3H1]C)])!@[NX3H1:3][!#1:4]	0.00600744	41.1343	-	-	-	-	G
C43704957      none	B	[O:1]=[C:2]([O-])!@[CX4H1:3][H:4]	0.00196699	0.495663	-	-	-	-	O
C38108376      none	B	[O:1]=[C:2]([O-])!@[c:3]([cH1])[cH1:4]	179.99	7.35294	-	-	-	-	G
C38108376      none	B	[$(S(=O)(=O)):1][NH0:2]!@[c:3]([cH1])[cH0:4]	119.999	0	-	-	-	-	R
C38108376      none	B	[c:1][S:2](=O)(=O)!@[NX2H0-:3]-[*:4]	-90.0021	2.77778	-	-	-	-	G
C38108376      none	B	[aH0:1][c:2]([aH1])!@[SX4:3][!#1:4]	89.662	4.49141	-	-	-	-	G
C40698582      none	B	[aH1:1][c:2]([aH1])!@[SX2:3][!#1:4]	-0.00455767	4.86305	-	-	-	-	G
C40698582      none	B	[!#1:1][CX4:2]!@[SX2:3][!#1:4]	180	11.1654	-	-	-	-	G
C40698582      none	B	[!#1:1][CX4H2:2]!@[CX3:3]=[O:4]	59.9987	1.20812	-	-	-	-	G
C40698582      none	B	[O:1]=[CX3:2]!@[NX3H1:3][!#1:4]	0.00601091	63.7893	-	-	-	-	G
C40698582      none	B	[$(C=O):1][NX3H1:2]!@[CX4H1:3][H:4]	-0.00260906	8.26772	-	-	-	-	G
C40698582      none	B	[!#1:1][CX4:2]!@[CX4:3][!#1:4]	80	1.75235	-	-	-	-	G
C40698582      none	B	[O:1]=[C:2]([O-])!@[CX4H1:3][H:4]	-0.0045523	0.495663	-	-	-	-	O
C40698582      none	B	[!#1:1][CX4H2:2]!@[CX4H2:3][!#1:4]	-60.0032	3.77933	-	-	-	-	G
C59249408      none	B	[cH1:1][c:2]([cH0])!@[CX3x0:3]=[NX2:4]	149.998	0.0708968	-	-	-	-	G
C59249408      none	B	[cH1:1][a:2]([cH1])!@[a:3]([cH0])[cH0:4]	120.424	5.83986	-	-	-	-	O
C59249408      none	B	[O:1]=[C:2]([O-])!@[c:3]([cH1])[cH1:4]	179.977	7.35294	-	-	-	-	G
C59249408      none	B	[O:1]=[C:2]([O-])!@[c:3]([cH1])[cH1:4]	-179.771	7.35294	-	-	-	-	G
C59249408      none	B	[*:1]~[cX3:2]!@[NX2:3]~[*:4]	120.308	1.45599	-	-	-	-	O
C36854342      none	B	[aH1:1][c:2]([aH1])!@[SX2:3][!#1:4]	-60.0033	2.06819	-	-	-	-	G
C36854342      none	B	[O:1]=[C:2]([O-])!@[c:3]([cH1])[cH1:4]	180	7.35294	-	-	-	-	G
C36854342      none	B	[!#1:1][CX4:2]!@[SX2:3][!#1:4]	164.046	2.91722	-	-	-	-	G
C64428489      none	B	[O:1]=[CX3:2]!@[CX4H1r3:3][H:4]	-89.9934	0	-	-	-	-	R
C64428489      none	B	[O:1]=[C:2]([O-])!@[CX4H1:3][H:4]	89.9886	0.86741	-	-	-	-	O
C64428489      none	B	[O:1]=[CX3:2]!@[NX3H1:3][!#1:4]	0.00138273	63.7893	-	-	-	-	G
C64428489      none	B	[$(C=O):1][NX3H1:2]!@[CX3:3]=[*H1:4]	90.2799	1.30435	-	-	-	-	G
C66579344      none	B	[!#1:1][CX4:2]!@[CX4:3][!#1:4]	59.9969	12.3771	-	-	-	-	G
C66579344      none	B	[!#1:1][CX4:2]!@[SX4:3][!#1:4]	167.743	7.85263	-	-	-	-	G
C66579344      none	B	[*:1]~[N,n:2]!@[S:3]~[*:4]	-60.0054	4.40087	-	-	-	-	G
C66579344      none	B	[$(S(=O)(=O)):1][NH0:2]!@[c:3]([cH1])[cH0:4]	119.731	0	-	-	-	-	R
C66579344      none	B	[cH1:1][c:2]([cH1])!@[C:3]([NH1,NH2])=[O:4]	0.000929825	4.32395	-	-	-	-	G
C61827666      none	B	[$(C=O):1][NX3H1:2]!@[CX4H1:3][H:4]	30.0078	9.46757	-	-	-	-	G
C61827666      none	B	[O:1]=[CX3:2]([$([NX3H1]C)])!@[NX3H1:3][!#1:4]	0.00181451	41.1343	-	-	-	-	G
C61827666      none	B	[O:1]=[C:2]([NH1])!@[NX3H1:3](C=O)[H:4]	0.00859427	58.9474	-	-	-	-	G
C61827666      none	B	[O:1]=[C:2]!@[NX3H1:3](C=O)[H:4]	179.998	35.6725	-	-	-	-	G
C61827666      none	B	[O:1]=[CX3:2]([NH1])!@[CH2:3][C:4]	-60.0087	5.85305	-	-	-	-	G
C61827666      none	B	[!#1:1][CX4:2]!@[CX4:3][!#1:4]	80.0064	1.75235	-	-	-	-	G
C61827666      none	B	[!#1:1][CX4:2]!@[CX4:3][!#1:4]	-60.0061	12.2558	-	-	-	-	G
C61827666      none	B	[C:1][CX4H2:2]!@[CX3:3]=[O:4]	-119.996	0.79457	-	-	-	-	O
C49548721      none	B	[!#1:1][CX4H2:2]!@[CX4H2:3][!#1:4]	180	58.554	-	-	-	-	G
C49548721      none	B	[!#1:1][CX4:2]!@[CX4:3][!#1:4]	59.9991	12.3771	-	-	-	-	G
C49548721      none	B	[$(C=O):1][NX3H1:2]!@[CX4H1:3][H:4]	-29.9989	6.97413	-	-	-	-	G
C49548721      none	B	[O:1]=[CX3:2]([$([NX3H1]C)])!@[NX3H1:3][!#1:4]	180	9.5176	-	-	-	-	R
C49548721      none	B	[O:1]=[CX3:2]([$([NX3H1]C)])!@[NX3H1:3][!#1:4]	-0.00177094	41.1343	-	-	-	-	G
C49548721      none	B	[$(C=O):1][NX3H1:2]!@[CX4H1:3][H:4]	-29.9965	6.97413	-	-	-	-	G
C49548721      none	B	[!#1:1][CX4:2]!@[CX4:3][!#1:4]	-159.996	1.85018	-	-	-	-	G
C49548721      none	B	[O:1]=[C:2]([O-])!@[CX4H1:3][H:4]	89.9987	0.86741	-	-	-	-	O
C49548721      none	B	[!#1:1][CX4H2:2]!@[CX4H2:3][!#1:4]	180	58.554	-	-	-	-	G
C36378560      none	B	[!#1:1][CX4H2:2]!@[CX4H2:3][!#1:4]	59.9953	3.99483	-	-	-	-	G
C36378560      none	B	[O:1]=[CX3:2]([NH1])!@[CH2:3][C:4]	60.0004	6.84932	-	-	-	-	G
C36378560      none	B	[O:1]=[CX3:2]!@[NX3H1:3][!#1:4]	-0.00176307	63.7893	-	-	-	-	G
C36378560      none	B	[$(C=O):1][NX3H1:2]!@[CX3:3]=[NX2:4]	0.249415	6.32911	-	-	-	-	G
C36378560      none	B	[C:1][CX4:2]!@[NX3:3][C:4]	-121.589	2.68693	-	-	-	-	O
C36378560      none	B	[$(C=O):1][O:2]!@[CH1:3][H:4]	29.9979	10.7465	-	-	-	-	G
C36378560      none	B	[O:1]=[C:2]!@[O:3]~[C:4]	29.9955	0.0796663	-	-	-	-	R
C36378560      none	B	[C:1][CX4H2:2]!@[CX3:3]=[O:4]	150.003	0.811124	-	-	-	-	R
C36378560      none	B	[!#1:1][CX4H2:2]!@[CX4H2:3][!#1:4]	180	58.554	-	-	-	-	G
C62387373      none	B	[cH0:1][c:2]!@[CX4H2:3][N,O,S:4]	45.0011	1.98698	-	-	-	-	G
C62387373      none	B	[*:1]~[CX4:2]!@[n:3]~[*:4]	-0.00839398	3.06862	-	-	-	-	G
C62387373      none	B	[!#1:1][CX4:2]!@[CX4:3][!#1:4]	-79.9986	1.71775	-	-	-	-	G
C62387373      none	B	[O:1]=[C:2]([O-])!@[CX4H1:3][H:4]	90.0015	0.86741	-	-	-	-	O
C62387373      none	B	[!#1:1][CX4H2:2]!@[NX3;"N_lp":3][!#1:4]	80.001	6.94113	-	-	-	-	G
C52005181      none	B	[!#1:1][CX4:2]!@[CX4:3][!#1:4]	180	22.1548	-	-	-	-	G
C52005181      none	B	[!#1:1][CX4:2]!@[CX4:3][!#1:4]	59.9934	12.3771	-	-	-	-	G
C52005181      none	B	[!#1:1][CX4:2]!@[CX4:3][!#1:4]	180	22.1548	-	-	-	-	G
C52005181      none	B	[C:1][CX4:2]!@[CX3:3]=[O:4]	89.9997	3.65147	-	-	-	-	G
C52005181      none	B	[O:1]=[CX3:2]([NH1])!@[CH2:3][C:4]	90.0012	2.11706	-	-	-	-	O
C52005181      none	B	[O:1]=[CX3:2]!@[NX3H1:3][!#1:4]	0.00465123	63.7893	-	-	-	-	G
C52005181      none	B	[$(C=O):1][NX3H1:2]!@[CX4H1:3][H:4]	-60.0048	1.23735	-	-	-	-	G
C52296455      none	B	[NH1:1][CX4:2]!@[CX3:3]=[O:4]	-120.003	0.275693	-	-	-	-	G
C52296455      none	B	[$(C=O):1][NX3H1:2]!@[CX4H0:3][C:4]	59.999	13.3187	-	-	-	-	G
C52296455      none	B	[O:1]=[CX3:2]([$([NX3H1]C)])!@[NX3H1:3][!#1:4]	0.0128342	41.1343	-	-	-	-	G
C52296455      none	B	[O:1]=[CX3:2]([$([NX3H1]C)])!@[NX3H1:3][!#1:4]	-0.0137388	41.1343	-	-	-	-	G
C52296455      none	B	[$(C=O):1][NX3H1:2]!@[CX4H1:3][H:4]	60.0006	6.22422	-	-	-	-	G
C20332550      none	B	[O:1]=[C:2]([O-])!@[c:3][nX2H0:4]	179.971	20	-	-	-	-	G
C20332550      none	B	[*:1]~[cX3:2]!@[NX2:3]~[*:4]	-120.001	1.40635	-	-	-	-	O
C20332550      none	B	[!#1:1][CX4:2]!@[CX3H0:3][!#1:4]	149.999	3.04782	-	-	-	-	G
C32264567      none	B	[C:1][CX4:2]!@[CX3:3]=[O:4]	-60.0073	2.40592	-	-	-	-	G
C32264567      none	B	[O:1]=[CX3:2]!@[NX3H1:3][!#1:4]	0.0020625	63.7893	-	-	-	-	G
C32264567      none	B	[$(C=O):1][NX3H1:2]!@[c:3]([cH1])[cH1:4]	-30.0019	5.05437	-	-	-	-	G
C32264567      none	B	[$(C=O):1][NX3H1:2]!@[c:3]([cH1])[cH1:4]	149.977	5.05437	-	-	-	-	G
C32264567      none	B	[O:1]=[CX3:2]!@[NX3H1:3][!#1:4]	-0.0122603	63.7893	-	-	-	-	G
C32264567      none	B	[*^2:1]~[C^2:2]([!H])!@[C^2:3]~[*^2:4]	-149.988	1.11601	-	-	-	-	O
C32264567      none	B	[*^2:1]~[C^2:2]([!H])!@[C^2:3]~[*^2:4]	60.0073	0.650722	-	-	-	-	O
C37449943      none	B	[C:1][CX4:2]!@[CX3:3]=[O:4]	-119.935	3.42432	-	-	-	-	G
C37449943      none	B	[O:1]=[CX3:2]!@[NX3H0:3][!#1:4]	-149.993	1.37927	-	-	-	-	O
C37449943      none	B	[O:1]=[CX3:2]!@[NX3H0:3][!#1:4]	30.2923	0.680979	-	-	-	-	O
C37449943      none	B	[O:1]=[C:2]([O-])!@[CX4H1:3][H:4]	0.00156086	0.495663	-	-	-	-	O
C45946991      none	B	[cH1:1][c:2](cO)!@[O:3][C:4]	-89.7178	0.35524	-	-	-	-	R
C45946991      none	B	[aH1:1][c:2]([aH1])!@[SX4:3][!#1:4]	-89.9999	12.5987	-	-	-	-	G
C45946991      none	B	[O:1]=[C:2]([O-])!@[c:3]([cH1])[cH0:4]	90.001	0	-	-	-	-	R
C45946991      none	B	[cH0:1][c:2]([cH0])!@[O:3][C:4]	90.0032	14.2516	-	-	-	-	G
C45946991      none	B	[c:1][S:2](=O)(=O)!@[NX2H0-:3]-[*:4]	60.0019	8.33333	-	-	-	-	G
C45946991      none	B	[$(S(=O)(=O)):1][NH0:2]!@[c:3]([cH1])[cH1:4]	-150.27	0.413223	-	-	-	-	R
C42439578      none	B	[C:1][CX4:2]!@[CX3:3]=[O:4]	-120.064	3.42432	-	-	-	-	G
C42439578      none	B	[O:1]=[CX3:2]!@[NX3H0:3][!#1:4]	-29.9957	0.692521	-	-	-	-	O
C42439578      none	B	[O:1]=[CX3:2]!@[NX3H1:3][!#1:4]	-0.0172764	63.7893	-	-	-	-	G
C42439578      none	B	[$(C=O):1][NX3H1:2]!@[CX4H1:3][H:4]	-29.9841	6.97413	-	-	-	-	G
C42439578      none	B	[OX2:1][CX4:2]!@[CX4:3][N:4]	-80.0026	3.59551	-	-	-	-	G
C42439578      none	B	[O:1]=[C:2]([O-])!@[CX4H1:3][H:4]	0.00335133	0.495663	-	-	-	-	O
C20258324      none	B	[a:1][c:2]!@[C:3]([NH1,NH2])=[O:4]	-150	5.2923	-	-	-	-	O
C20258324      none	B	[O:1]=[CX3:2]!@[NX3H1:3][!#1:4]	-0.00135239	63.7893	-	-	-	-	G
C20258324      none	B	[$(C=O):1][NX3H1:2]!@[CX4H1:3][H:4]	-59.9968	1.23735	-	-	-	-	G
C20258324      none	B	[OX2:1][CX4:2]!@[CX4:3][N:4]	-80.0013	3.59551	-	-	-	-	G
C20258324      none	B	[O:1]=[C:2]([O-])!@[CX4H1:3][H:4]	90.0045	0.86741	-	-	-	-	O
C40578166      none	B	[O:1]=[CX3:2]!@[NX3H0:3][!#1:4]	150.001	1.73707	-	-	-	-	O
C40578166      none	B	[O:1]=[CX3:2]!@[NX3H1:3][!#1:4]	0.00111067	63.7893	-	-	-	-	G
C40578166      none	B	[$(C=O):1][NX3H1:2]!@[CX4H1:3][H:4]	-29.9986	6.97413	-	-	-	-	G
C40578166      none	B	[OX2:1][CX4:2]!@[CX4:3][N:4]	-59.9999	14.8764	-	-	-	-	G
C40578166      none	B	[O:1]=[C:2]([O-])!@[CX4H1:3][H:4]	89.9995	0.86741	-	-	-	-	O
C22064958      none	B	[cH1,n:1][c:2]!@[O:3][CRH1:4]	30.0136	4.06504	-	-	-	-	O
C22064958      none	B	[O-:1][N+:2](=O)!@[c:3]([cH0])[cH,nX2H0:4]	89.9593	0.274725	-	-	-	-	O
C22064958      none	B	[H:1][CX4H1:2]!@[OX2:3][!#1:4]	29.9972	9.32817	-	-	-	-	G
C22064958      none	B	[OX2:1][CX4:2]!@[CX4:3][OX2:4]	80.043	2.87509	-	-	-	-	O
C22064958      none	B	[C:1][CX4H2:2]!@[OX2:3][!#1:4]	89.9968	2.91511	-	-	-	-	G
C22064958      none	B	[*:1]~[OX2:2]!@[P:3]~[*:4]	59.9934	4.54722	-	-	-	-	G
C61147825      none	B	[!#1:1][CX4:2]!@[SX4:3][!#1:4]	180	13.1368	-	-	-	-	G
C61147825      none	B	[!#1:1][CX4H2:2]!@[CX4H2:3][!#1:4]	59.9964	3.99483	-	-	-	-	G
C61147825      none	B	[!#1:1][CX4:2]!@[CX4:3][!#1:4]	40.0059	0.998355	-	-	-	-	G
C61147825      none	B	[O:1]=[C:2]([O-])!@[CX4H1:3][H:4]	0.011008	0.495663	-	-	-	-	O
C61147825      none	B	[$(C=O):1][NX3H1:2]!@[CX4H1:3][H:4]	-30.0029	6.97413	-	-	-	-	G
C61147825      none	B	[O:1]=[CX3:2]([$([NX3H1]C)])!@[NX3H1:3][!#1:4]	0.0113429	41.1343	-	-	-	-	G
C61147825      none	B	[O:1]=[CX3:2]([$([NX3H1]C)])!@[NX3H1:3][!#1:4]	-0.0136185	41.1343	-	-	-	-	G
C61147825      none	B	[$([CX3]=O):1][NX3H1:2]!@[CX4H2:3][C:4] 	90.0056	7.35439	-	-	-	-	G
C61147825      none	B	[!#1:1][CX4:2]!@[CX4:3][!#1:4]	163.473	1.81259	-	-	-	-	G
C61588344      none	B	[$(C=O):1][NX3H0:2]!@[CX4H0:3][C:4]	-60.8993	12.5676	-	-	-	-	G
C61588344      none	B	[N:1][CX4:2]!@[CX3:3]=[O:4]	89.9988	0.374597	-	-	-	-	O
C42420508      none	B	[O:1]=[CX3:2]!@[NX3H0:3][!#1:4]	-150	1.37927	-	-	-	-	O
C42420508      none	B	[O:1]=[C:2]([O-])!@[CX4H1:3][H:4]	89.994	0.86741	-	-	-	-	O
C42420508      none	B	[O:1]=[CX3:2]!@[NX3H1:3][!#1:4]	-0.000700204	63.7893	-	-	-	-	G
C42420508      none	B	[$([CX3]=O):1][NX3H1:2]!@[CX4H2:3][C:4] 	-89.9965	7.35439	-	-	-	-	G
C42420508      none	B	[!#1:1][CX4H2:2]!@[CX4H2:3][!#1:4]	59.9987	3.99483	-	-	-	-	G
C20476479      none	B	[$(C=O):1][NX3:2]!@[a:3][aH0:4]	59.9995	2.5788	-	-	-	-	G
C20476479      none	B	[O:1]=[CX3:2]([$([NX3H1]C)])!@[NX3H1:3][!#1:4]	0.0045411	41.1343	-	-	-	-	G
C20476479      none	B	[O:1]=[C:2]([NH1])!@[NX3H1:3](C=O)[H:4]	-0.0195298	58.9474	-	-	-	-	G
C20476479      none	B	[O:1]=[C:2]!@[NX3H1:3](C=O)[H:4]	180	35.6725	-	-	-	-	G
C20476479      none	B	[O:1]=[CX3:2]([NH1])!@[CH2:3][C:4]	120.007	0.124533	-	-	-	-	O
C20476479      none	B	[!#1:1][CX4H2:2]!@[CX4H2:3][!#1:4]	180	58.554	-	-	-	-	G
C20476479      none	B	[!#1:1][CX4H2:2]!@[CX4H2:3][!#1:4]	59.9975	3.99483	-	-	-	-	G
C20476479      none	B	[C:1][CX4H2:2]!@[CX3:3]=[O:4]	-119.998	0.79457	-	-	-	-	O
C40573837      none	B	[$([CX3]=O):1][NX3H0:2](C)!@[CX4H2:3][C:4]	119.999	2.74443	-	-	-	-	O
C40573837      none	B	[O:1]=[CX3:2]!@[NX3H0:3][!#1:4]	29.9976	0.680979	-	-	-	-	O
C40573837      none	B	N[C:2](=[O:1])!@[CH2:3][N:4]	119.999	0.595238	-	-	-	-	G
C40573837      none	B	[O:1]=[CX3:2]!@[NX3H0:3][!#1:4]	-149.685	1.37927	-	-	-	-	O
C40573837      none	B	[H:1][CX4H1:2]!@[O:3][CX4:4]	-55.4526	5.14933	-	-	-	-	G
C40573837      none	B	[O:1]=[C:2]([O-])!@[CX4H1:3][H:4]	0.000323491	0.495663	-	-	-	-	O
C13392121      none	B	[a:1][a:2]!@[CX3:3]=[CX3H1:4]	-19.9914	3.14121	-	-	-	-	G
C13392121      none	B	[*^2:1]~[C^2:2]([!H])!@[C^2:3]~[*^2:4]	150	1.21045	-	-	-	-	G
C13392121      none	B	[O:1]=[CX3:2]!@[NX3H1:3][!#1:4]	0.00156039	63.7893	-	-	-	-	G
C13392121      none	B	[$(C=O):1][NX3:2]!@[a:3][aH0:4]	-150	1.98526	-	-	-	-	O
C13392121      none	B	[O:1]=[C:2]([O-])!@[c:3]([cH1])[cH1:4]	179.984	7.35294	-	-	-	-	G
C13392121      none	B	[O:1]=[C:2]([O-])!@[c:3]([cH1])[$([cH0][NH1,NH2]):4]	90.0008	0	-	-	-	-	R
C49186339      none	B	[!#1:1][CX4:2]!@[CX4:3][!#1:4]	60.0016	12.3771	-	-	-	-	G
C49186339      none	B	[$(C=O):1][NX3H1:2]!@[CX4H1:3][H:4]	30.001	9.46757	-	-	-	-	G
C49186339      none	B	[cH1:1][c:2]([cH1])!@[CX4H2:3][CX4:4]	90.2773	11.713	-	-	-	-	G
C49186339      none	B	[O:1]=[CX3:2]([$([NX3H1]C)])!@[NX3H1:3][!#1:4]	0.00143534	41.1343	-	-	-	-	G
C49186339      none	B	[O:1]=[C:2]([NH1])!@[NX3H1:3](C=O)[H:4]	-0.0036593	58.9474	-	-	-	-	G
C49186339      none	B	[O:1]=[C:2]!@[NX3H1:3](C=O)[H:4]	180	35.6725	-	-	-	-	G
C49186339      none	B	[O:1]=[CX3:2]([NH1])!@[CH2:3][C:4]	-29.9925	4.73225	-	-	-	-	G
C49186339      none	B	[!#1:1][CX4H2:2]!@[CX4H2:3][!#1:4]	-60.0049	3.77933	-	-	-	-	G
C49186339      none	B	[!#1:1][CX4H2:2]!@[CX4H2:3][!#1:4]	-59.9977	3.77933	-	-	-	-	G
C49186339      none	B	[C:1][CX4H2:2]!@[CX3:3]=[O:4]	-89.9998	1.15875	-	-	-	-	O
C17730019      none	B	[$(C=O):1][NX3H0:2]!@[c:3]([cH1])[cH1:4]	29.9944	1.15477	-	-	-	-	G
C17730019      none	B	[O:1]=[C:2]([O-])!@[c:3]([cH1])[cH1:4]	179.98	7.35294	-	-	-	-	G
C40531912      none	B	[!#1:1][CX4:2]!@[SX4:3][!#1:4]	-79.9998	3.11579	-	-	-	-	G
C40531912      none	B	[!#1:1][CX4H2:2]!@[CX4H2:3][!#1:4]	180	58.554	-	-	-	-	G
C40531912      none	B	[!#1:1][CX4:2]!@[CX4:3][!#1:4]	-60.0042	12.2558	-	-	-	-	G
C40531912      none	B	[O:1]=[C:2]([O-])!@[CX4H1:3][H:4]	90.0002	0.86741	-	-	-	-	O
C40531912      none	B	[$(C=O):1][NX3H1:2]!@[CX4H1:3][H:4]	0.00170741	8.26772	-	-	-	-	G
C40531912      none	B	[O:1]=[CX3:2]([$([NX3H1]C)])!@[NX3H1:3][!#1:4]	-0.00149366	41.1343	-	-	-	-	G
C40531912      none	B	[O:1]=[CX3:2]([$([NX3H1]C)])!@[NX3H1:3][!#1:4]	179.995	9.5176	-	-	-	-	R
C40531912      none	B	[$([CX3]=O):1][NX3H1:2]!@[CX4H2:3][C:4] 	90.0007	7.35439	-	-	-	-	G
C40531912      none	B	[!#1:1][CX4:2]!@[CX4:3][!#1:4]	148.619	0.50879	-	-	-	-	O
C37590023      none	B	[!#1:1][CX4:2]!@[CX4:3][!#1:4]	180	22.1548	-	-	-	-	G
C37590023      none	B	[$(C=O):1][NX3H0:2]!@[CX4H1:3][H:4]	0.000926772	15.8824	-	-	-	-	G
C37590023      none	B	[$([CX3]=O):1][NX3H0:2](C)!@[CX4H2:3][C:4]	-90.0014	15.9949	-	-	-	-	G
C37590023      none	B	[O:1]=[CX3:2]!@[NX3H0:3][!#1:4]	180	18.2537	-	-	-	-	G
C37590023      none	B	[N:1][CX4:2]!@[CX3:3]=[O:4]	-119.993	0.897291	-	-	-	-	G
C37590023      none	B	[NH1:1][CX4:2]!@[CX3:3]=[O:4]	119.999	0.41354	-	-	-	-	G
C37590023      none	B	[!#1:1][CX4:2]!@[CX4:3][!#1:4]	-59.9953	12.2558	-	-	-	-	G
C37590023      none	B	[$(C=O):1][NX3H1:2]!@[CX4H1:3][H:4]	30.0014	9.46757	-	-	-	-	G
C37590023      none	B	[O:1]=[CX3:2]!@[NX3H1:3][!#1:4]	0.00102314	63.7893	-	-	-	-	G
C40581534      none	B	[OX2:1][CX4:2]!@[CX4:3][N:4]	-39.9998	1.41573	-	-	-	-	G
C40581534      none	B	[O:1]=[C:2]([O-])!@[CX4H1:3][H:4]	89.9955	0.86741	-	-	-	-	O
C40581534      none	B	[$(C=O):1][NX3H1:2]!@[CX4H1:3][H:4]	179.994	0.712411	-	-	-	-	R
C40581534      none	B	[O:1]=[CX3:2]!@[NX3H1:3][!#1:4]	-0.00375937	63.7893	-	-	-	-	G
C40581534      none	B	[O:1]=[CX3:2]!@[NX3H0:3][!#1:4]	30.2781	0.680979	-	-	-	-	O
C37463018      none	B	[$(S(=O)(=O)):1][NH0:2]!@[c:3]([cH1])[cH0:4]	120.001	0	-	-	-	-	R
C37463018      none	B	[O:1]=[C:2]([O-])!@[c:3]([cH1])[cH1:4]	179.985	7.35294	-	-	-	-	G
C37463018      none	B	[*:1]~[N,n:2]!@[S:3]~[*:4]	26.0232	2.49131	-	-	-	-	G
C37463018      none	B	[H:1][CX4H1:2]!@[SX4:3][!#1:4]	59.9956	14.91	-	-	-	-	G
C41072780      none	B	[$(C=O):1][NX3H1:2]!@[c:3]([cH1])[cH1:4]	-29.9934	5.05437	-	-	-	-	G
C41072780      none	B	[!#1:1][CH2:2]!@[n:3][a:4]	135.001	0.423307	-	-	-	-	O
C41072780      none	B	[!#1:1][CX4H2:2]!@[CX3:3]=[O:4]	-89.9981	1.11373	-	-	-	-	G
C41072780      none	B	[O:1]=[CX3:2]!@[NX3H1:3][!#1:4]	0.00724789	63.7893	-	-	-	-	G
C41072780      none	B	[$(C=O):1][NX3H1:2]!@[CX4H1:3][H:4]	59.9951	6.22422	-	-	-	-	G
C41072780      none	B	[O:1]=[CX3:2]!@[NX3H1:3][!#1:4]	-0.00691836	63.7893	-	-	-	-	G
C41072780      none	B	[OX2:1][CX4H2:2]!@[CX3:3]([$([NX3H1,NX3H2])])=[O:4]	180	30	-	-	-	-	G
C41072780      none	B	[C:1][CH2:2]!@[O:3][CX4:4]	-160.003	4.55295	-	-	-	-	G
C41072780      none	B	[C:1][CH2:2]!@[O:3][CX4:4]	80.0063	1.71561	-	-	-	-	G
C41072780      none	B	[O:1][CX4:2]!@[CX3:3]=[O:4]	-120.002	1.11962	-	-	-	-	O
C20423600      none	B	[$(C=O):1][NX3H1:2]!@[c:3]([cH0]F)[cH:4]	-119.997	1.75439	-	-	-	-	R
C20423600      none	B	[O:1]=[CX3:2]([$([NX3H1]C)])!@[NX3H1:3][!#1:4]	0.00101423	41.1343	-	-	-	-	G
C20423600      none	B	[O:1]=[C:2]([NH1])!@[NX3H1:3](C=O)[H:4]	-0.0100109	58.9474	-	-	-	-	G
C20423600      none	B	[O:1]=[C:2]!@[NX3H1:3](C=O)[H:4]	-179.99	35.6725	-	-	-	-	G
C20423600      none	B	[O:1]=[CX3:2]([NH1])!@[CH2:3][C:4]	-120.001	0.124533	-	-	-	-	O
C20423600      none	B	[!#1:1][CX4H2:2]!@[CX4H2:3][!#1:4]	60.0029	3.99483	-	-	-	-	G
C20423600      none	B	[!#1:1][CX4H2:2]!@[CX4H2:3][!#1:4]	60.0186	3.99483	-	-	-	-	G
C20423600      none	B	[C:1][CX4H2:2]!@[CX3:3]=[O:4]	-120	0.79457	-	-	-	-	O
C08817422      none	B	[O:1]=[C:2]([O-])!@[CX4H1:3][H:4]	89.9891	0.86741	-	-	-	-	O
C08817422      none	B	[$(C=O):1][NX3H1:2]!@[CX4H1:3][H:4]	0.000620674	8.26772	-	-	-	-	G
C08817422      none	B	[O:1]=[CX3:2]!@[NX3H1:3][!#1:4]	0.000542049	63.7893	-	-	-	-	G
C08817422      none	B	[NH1:1][CX4:2]!@[CX3:3]=[O:4]	-90.0069	0.352274	-	-	-	-	R
C08817422      none	B	[!#1:1][CX4:2]!@[CX4:3][!#1:4]	59.9931	12.3771	-	-	-	-	G
C08817422      none	B	[$(C=O):1][NX3H1:2]!@[CX4H1:3][H:4]	-30.0007	6.97413	-	-	-	-	G
C08817422      none	B	[O:1]=[CX3:2]!@[NX3H1:3][!#1:4]	-0.00386548	63.7893	-	-	-	-	G
C08817422      none	B	[O:1][CX4:2]!@[CX3:3]=[O:4]	-63.2095	0.530348	-	-	-	-	O
C40912046      none	B	[NH1:1][CX4:2]!@[CX3:3]=[O:4]	-29.9973	4.44172	-	-	-	-	G
C40912046      none	B	[$(C=O):1][NX3H1:2]!@[CX4H0:3][C:4]	59.9996	13.3187	-	-	-	-	G
C40912046      none	B	[O:1]=[CX3:2]!@[NX3H1:3][!#1:4]	-0.00437235	63.7893	-	-	-	-	G
C40912046      none	B	[O:1]=[CX3:2]!@[NX3H0:3][!#1:4]	-179.692	18.2537	-	-	-	-	G
C40912046      none	B	[N:1][CX4:2]!@[CX3:3]=[O:4]	-118.897	0.897291	-	-	-	-	O
C01762688      none	B	[$(S(=O)(=O)):1][NX3H0:2]!@[CX4H2:3][!#1:4]	89.9952	6.68103	-	-	-	-	G
C01762688      none	B	[*:1][$(S(=O)=O):2]!@[NX3H0:3][*:4]	89.9944	5.90452	-	-	-	-	G
C01762688      none	B	[OX2:1][CX4:2]!@[CX4:3][N:4]	-80.0035	3.59551	-	-	-	-	G
C01762688      none	B	[OX2:1][CX4:2]!@[CX4:3][N:4]	180	9.8427	-	-	-	-	G
C01762688      none	B	[CX4:1][CX4H2:2]!@[NX3;"N_lp":3][CX4:4]	-76.3626	8.1206	-	-	-	-	G
C37435495      none	B	[!#1:1][CX4:2]!@[SX2:3][!#1:4]	-80.0028	6.01214	-	-	-	-	G
C37435495      none	B	[!#1:1][CX4H2:2]!@[CX4H2:3][!#1:4]	179.995	58.554	-	-	-	-	G
C37435495      none	B	[!#1:1][CX4:2]!@[CX4:3][!#1:4]	-79.9965	1.71775	-	-	-	-	G
C37435495      none	B	[NH1:1][CX4:2]!@[CX3:3]=[O:4]	30.0008	2.12896	-	-	-	-	G
C37435495      none	B	[$(C=O):1][NX3H1:2]!@[CX4H1:3][H:4]	30.0012	9.46757	-	-	-	-	G
C37435495      none	B	[O:1]=[CX3:2]!@[NX3H0:3][!#1:4]	30.3047	0.680979	-	-	-	-	O
C37435495      none	B	[O:1]=[C:2]([O-])!@[CX4H1:3][H:4]	-0.00526711	0.495663	-	-	-	-	O
C37435495      none	B	[O:1]=[CX3:2]!@[NX3H1:3][!#1:4]	-0.00412457	63.7893	-	-	-	-	G
C54456882      none	B	[$(C=O):1][NX3H1:2]!@[CX4H1:3][H:4]	-60.0015	1.23735	-	-	-	-	G
C54456882      none	B	[O:1]=[CX3:2]([$([NX3H1]C)])!@[NX3H1:3][!#1:4]	-0.0135208	41.1343	-	-	-	-	G
C54456882      none	B	[O:1]=[CX3:2]([$([NX3H1]C)])!@[NX3H1:3][!#1:4]	-179.99	9.5176	-	-	-	-	R
C54456882      none	B	[$(C=O):1][NX3H1:2]!@[CX4H0:3][C:4]	53.856	5.8022	-	-	-	-	G
C54456882      none	B	[NH1:1][CX4:2]!@[CX3:3]=[O:4]	90.0038	0.183795	-	-	-	-	R
C13269037      none	B	[O:1]=[C:2]([O-])!@[CX4H1:3][H:4]	0.000267689	0.495663	-	-	-	-	O
C13269037      none	B	[$(S(=O)(=O)):1][NX3H1:2]!@[CX4H1:3][H:4]	60.0022	1.10497	-	-	-	-	G
C13269037      none	B	[c:1][$(S(=O)=O):2]!@[NX3H1:3][C:4]	-60.0033	13.7514	-	-	-	-	G
C13269037      none	B	[aH1:1][c:2]([aH1])!@[SX4:3][!#1:4]	-89.7265	12.5987	-	-	-	-	G
C13269037      none	B	[cH1:1][c:2]([cH1])!@[CX3:3]=[NX2:4]	179.999	13.9437	-	-	-	-	G
C13269037      none	B	[*:1]~[NX3:2]!@[NX2:3]~[*:4]	-149.993	0.364964	-	-	-	-	O
C13269037      none	B	[O:1]=[CX3:2]!@[NX3H1:3][!#1:4]	-0.0113857	63.7893	-	-	-	-	G
C13269037      none	B	[a:1][c:2]!@[C:3]([NH1,NH2])=[O:4]	-179.691	9.31373	-	-	-	-	G
C40560192      none	B	[$(C=O):1][NX3H1:2]!@[CX4H1:3][H:4]	179.996	0.712411	-	-	-	-	R
C40560192      none	B	[O:1]=[CX3:2]!@[NX3H1:3][!#1:4]	0.00479234	63.7893	-	-	-	-	G
C40560192      none	B	[O:1]=[CX3:2]!@[NX3H0:3][!#1:4]	0.301034	25.0866	-	-	-	-	G
C40560192      none	B	[O:1]=[C:2]([O-])!@[CX4H1:3][H:4]	89.9999	0.86741	-	-	-	-	O
CHEMBL379442      none	B	[!#1:1][CH2:2]!@[n:3][cH0:4]	89.9656	14.7896	-	-	-	-	G
CHEMBL379442      none	B	[!#1:1][CH2:2]!@[n:3][cH0:4]	-45.0039	0.127497	-	-	-	-	R
CHEMBL379442      none	B	[cH0:1][c:2]!@[CX4H2:3][a:4]	-44.9945	0.158479	-	-	-	-	R
CHEMBL379442      none	B	[O:1]=[C:2]([O-])!@[c:3][a:4]	90.0064	0.862069	-	-	-	-	O
CHEMBL379442      none	B	[!#1:1][CX4:2]!@[CX4:3][!#1:4]	179.996	22.1548	-	-	-	-	G
CHEMBL379442      none	B	[O:1]=[C:2]([O-])!@[CX4H1:3][H:4]	89.9965	0.86741	-	-	-	-	O
C40481636      none	B	[cH1:1][c:2]([cH1])!@[C:3]([NH1,NH2])=[O:4]	-26.9918	8.39053	-	-	-	-	G
C40481636      none	B	[O:1]=[CX3:2]!@[NX3H1:3][!#1:4]	0.00585581	63.7893	-	-	-	-	G
C40481636      none	B	[$(C=O):1][NX3H1:2]!@[CX4H0:3][C:4]	-60.0008	14.7253	-	-	-	-	G
C40481636      none	B	[!#1:1][CX4:2]!@[CX4:3][!#1:4]	-111.379	0.0892838	-	-	-	-	R
C40481636      none	B	[NH1:1][CX4:2]!@[CX3:3]=[O:4]	89.9925	0.183795	-	-	-	-	R
C08653660      none	B	[*:1]~[CX3:2]!@[OX2:3]~[*:4]	30.0123	0.0953965	-	-	-	-	O
C08653660      none	B	[a:1][c:2]!@[CX3:3]=[CX3H0:4]	-149.731	2.80434	-	-	-	-	G
C08653660      none	B	[*^2:1]~[C^2:2]([!H])!@[C^2:3]~[*^2:4]	-119.998	0.661024	-	-	-	-	G
C08653660      none	B	[*^2:1]~[C^2:2]([!H])!@[C^2:3]~[*^2:4]	-0.00425388	20.0453	-	-	-	-	G
C08653660      none	B	[*:1]~[cX3:2]!@[NX2:3]~[*:4]	-119.678	1.40635	-	-	-	-	O
C64101474      none	B	[O:1][CX4:2]!@[CX3:3]=[O:4]	-29.9876	2.69102	-	-	-	-	G
C64101474      none	B	[H:1][CX4H1:2]!@[O:3][CX4:4]	39.9993	11.9906	-	-	-	-	G
C64101474      none	B	[*^2:1]~[C^2:2]([!H])!@[C^2:3]~[*^2:4]	89.994	1.26539	-	-	-	-	G
C64101474      none	B	[a:1][c:2]!@[CX3:3]=[CX3H0:4]	120.288	3.34694	-	-	-	-	G
C64101474      none	B	[C:1][CH2:2]!@[O:3][CX4:4]	-79.9947	1.18773	-	-	-	-	G
C64101474      none	B	[OX2:1][CX4:2]!@[CX4:3][OX2:4]	-159.985	0.511128	-	-	-	-	O
C04533497      none	B	[*:1]~[CX4:2]!@[n:3]~[*:4]	30.0082	3.02094	-	-	-	-	G
C04533497      none	B	[OX2:1][CX4:2]!@[CX4:3][OX2:4]	-84.4587	2.4811	-	-	-	-	O
C04533497      none	B	[C:1][CX4H2:2]!@[OX2:3][!#1:4]	-150	2.2011	-	-	-	-	G
C04533497      none	B	[*:1]~[OX2:2]!@[P:3]~[*:4]	60.0068	4.54722	-	-	-	-	G
C51633171      none	B	[$(C=O):1][NX3H1:2]!@[CX4H1:3][H:4]	-59.9987	1.23735	-	-	-	-	G
C51633171      none	B	[O:1]=[CX3:2]([$([NX3H1]C)])!@[NX3H1:3][!#1:4]	-0.000102111	41.1343	-	-	-	-	G
C51633171      none	B	[O:1]=[C:2]([NH1])!@[NX3H1:3](C=O)[H:4]	-0.00819132	58.9474	-	-	-	-	G
C51633171      none	B	[O:1]=[C:2]!@[NX3H1:3](C=O)[H:4]	180	35.6725	-	-	-	-	G
C51633171      none	B	[*^2:1]~[C^2:2]([!H])!@[C^2:3]~[*^2:4]	-59.9892	0.757173	-	-	-	-	O
C51633171      none	B	[*^2:1]~[C^2:2]([!H])!@[C^2:3]~[*^2:4]	89.9953	1.26539	-	-	-	-	G
C61827286      none	B	[cH0:1][c:2]!@[CX4H1:3][CX4:4]	-150.267	2.93999	-	-	-	-	G
C61827286      none	B	[$(C=O):1][NX3:2]!@[a:3][aH0:4]	-149.993	1.98526	-	-	-	-	O
C61827286      none	B	[O:1]=[CX3:2]!@[NX3H1:3][!#1:4]	-0.00811033	63.7893	-	-	-	-	G
C61827286      none	B	[O:1]=[CX3:2]([NH1])!@[CH2:3][C:4]	-90.0015	1.868	-	-	-	-	O
C61827286      none	B	[!#1:1][CX4:2]!@[CX4:3][!#1:4]	59.9944	12.3771	-	-	-	-	G
C61827286      none	B	[!#1:1][CX4:2]!@[CX4:3][!#1:4]	-60.0095	12.2558	-	-	-	-	G
C61827286      none	B	[C:1][CX4H2:2]!@[CX3:3]=[O:4]	-90.0002	1.15875	-	-	-	-	O
C40578514      none	B	[NH1:1][CX4:2]!@[CX3:3]=[O:4]	-150.001	4.5183	-	-	-	-	G
C40578514      none	B	[$(C=O):1][NX3H1:2]!@[CX4H1:3][H:4]	0.00780612	8.26772	-	-	-	-	G
C40578514      none	B	[O:1]=[CX3:2]!@[NX3H1:3][!#1:4]	-0.00393352	63.7893	-	-	-	-	G
C40578514      none	B	[O:1]=[CX3:2]!@[NX3H0:3][!#1:4]	-29.6789	0.692521	-	-	-	-	O
C40578514      none	B	[H:1][CX4H1:2]!@[O:3][CX4:4]	-55.4473	5.14933	-	-	-	-	G
C40578514      none	B	[O:1]=[C:2]([O-])!@[CX4H1:3][H:4]	-0.00294688	0.495663	-	-	-	-	O
C16848097      none	B	[$(C=O):1][NX3H1:2]!@[c:3](s)[n:4]	179.997	66.092	-	-	-	-	G
C16848097      none	B	[O:1]=[CX3:2]!@[NX3H1:3][!#1:4]	-0.00339196	63.7893	-	-	-	-	G
C16848097      none	B	[nH0r6:1][cr6:2]([cH1r6])!@[C:3]([NH1,NH2])=[O:4]	30.0048	0	-	-	-	-	R
C16848097      none	B	[cH1:1][c:2](cO)!@[O:3][C:4]	-90.0214	0.35524	-	-	-	-	R
C37926138      none	B	[CX4:1][CX4H2:2]!@[NX3:3][CX4:4]	120.004	0.688976	-	-	-	-	R
C37926138      none	B	[cH0:1][c:2]([cH,nX2H0])!@[NX3H0:3][CX4:4]	89.7189	2.06517	-	-	-	-	G
C37926138      none	B	[!#1:1][CX4:2]!@[CX4:3][!#1:4]	-131.38	0.0995365	-	-	-	-	R
C37926138      none	B	[aH1:1][c:2]([aH1])!@[SX4:3][!#1:4]	179.999	0.148054	-	-	-	-	R
C37926138      none	B	[O:1]=[C:2]([O-])!@[c:3]([cH1])[cH0:4]	-0.000763676	8.88889	-	-	-	-	G
C42440355      none	B	[$(C=O):1][NX3H0:2]!@[CX4H1:3][H:4]	-0.0153838	15.8824	-	-	-	-	G
C42440355      none	B	[$([CX3]=O):1][NX3H0:2](C)!@[CX4H2:3][C:4]	-59.9989	0.686106	-	-	-	-	O
C42440355      none	B	[O:1]=[CX3:2]!@[NX3H0:3][!#1:4]	150.001	1.73707	-	-	-	-	O
C42440355      none	B	N[C:2](=[O:1])!@[CH2:3][N:4]	179.999	8.33333	-	-	-	-	G
C42440355      none	B	[O:1]=[CX3:2]!@[NX3H0:3][!#1:4]	-29.679	0.692521	-	-	-	-	O
C42440355      none	B	[H:1][CX4H1:2]!@[O:3][CX4:4]	-44.5474	11.8876	-	-	-	-	O
C42440355      none	B	[O:1]=[C:2]([O-])!@[CX4H1:3][H:4]	89.9913	0.86741	-	-	-	-	O
C49502894      none	B	[!#1:1][CX4:2]!@[CX4:3][!#1:4]	160.005	1.81259	-	-	-	-	G
C49502894      none	B	[$(C=O):1][NX3H1:2]!@[CX4H1:3][H:4]	29.9942	9.46757	-	-	-	-	G
C49502894      none	B	[CX4:1][CX4H2:2]!@[NX3;"N_lp":3][CX4:4]	-156.354	6.65327	-	-	-	-	G
C49502894      none	B	[O:1]=[CX3:2]([$([NX3H1]C)])!@[NX3H1:3][!#1:4]	179.993	9.5176	-	-	-	-	R
C49502894      none	B	[O:1]=[CX3:2]([$([NX3H1]C)])!@[NX3H1:3][!#1:4]	0.00432474	41.1343	-	-	-	-	G
C49502894      none	B	[$(C=O):1][NX3H1:2]!@[CX4H1:3][H:4]	180	0.712411	-	-	-	-	R
C49502894      none	B	[OX2:1][CX4:2]!@[CX4:3][N:4]	-60.0055	14.8764	-	-	-	-	G
C49502894      none	B	[O:1]=[C:2]([O-])!@[CX4H1:3][H:4]	89.9977	0.86741	-	-	-	-	O
C61685334      none	B	[aH1:1][c:2]([aH1])!@[SX4:3][!#1:4]	89.9958	12.916	-	-	-	-	G
C61685334      none	B	[cH1:1][c:2]([cH1])!@[O:3][C:4]	29.9903	0.264964	-	-	-	-	O
C61685334      none	B	[C:1][CX4H2:2]!@[OX2:3][c:4]	150.004	0.884397	-	-	-	-	O
C61685334      none	B	[!#1:1][CX4H2:2]!@[CX4H2:3][!#1:4]	-59.9989	3.77933	-	-	-	-	G
C61685334      none	B	[C:1][CX4H2:2]!@[CX3:3]=[O:4]	120.006	0.695249	-	-	-	-	O
C61685334      none	B	[c:1][S:2](=O)(=O)!@[NX2H0-:3]-[*:4]	-60.0021	11.1111	-	-	-	-	G
C61685334      none	B	[$(S(=O)(=O)):1][N:2]!@[c:3][a:4]	150	2.09961	-	-	-	-	G
C42460714      none	B	[$([CX3]=O):1][NX3H0:2](C)!@[CX4H2:3][C:4]	89.9987	14.7513	-	-	-	-	G
C42460714      none	B	[O:1]=[CX3:2]!@[NX3H0:3][!#1:4]	30.0009	0.680979	-	-	-	-	O
C42460714      none	B	[OX2:1][CX4H2:2]!@[CX4H2:3][N:4]	-60.0006	16.5981	-	-	-	-	G
C42460714      none	B	[C:1][CH2:2]!@[O:3][CX4:4]	160	5.67469	-	-	-	-	G
C42460714      none	B	[O:1]=[CX3:2]!@[CX3:3]=[O:4]	-89.9956	4.15225	-	-	-	-	G
C42460714      none	B	[O:1]=[CX3:2]!@[NX3H1:3][!#1:4]	-0.00659711	63.7893	-	-	-	-	G
C33520189      none	B	[!#1:1][CX4:2]!@[CX4:3][!#1:4]	60.0022	12.3771	-	-	-	-	G
C33520189      none	B	[!#1:1][CX4:2]!@[CX4:3][!#1:4]	80.0062	1.75235	-	-	-	-	G
C33520189      none	B	[O:1]=[C:2]([O-])!@[CX4H1:3][H:4]	0.00887176	0.495663	-	-	-	-	O
C33520189      none	B	[$(C=O):1][NX3H1:2]!@[CX4H1:3][H:4]	29.9995	9.46757	-	-	-	-	G
C33520189      none	B	[O:1]=[CX3:2]!@[NX3H1:3][!#1:4]	-0.00537771	63.7893	-	-	-	-	G
C33520189      none	B	[$([c]([NH1,NH2])):1][c:2]!@[CX3:3]([!O])=[O:4]	-29.9876	6.35359	-	-	-	-	G
C33520189      none	B	[$([C](=O)):1][NX3:2]!@[a:3](s)[a:4]	180	61.7021	-	-	-	-	G
C33520189      none	B	[O:1]=[CX3:2]!@[NX3H1:3][!#1:4]	0.000402426	63.7893	-	-	-	-	G
C54534057      none	B	[cH0:1][c:2]([cH,nX2H0])!@[NX3H0:3][CX4:4]	90.2489	2.06517	-	-	-	-	O
C54534057      none	B	[O:1]=[C:2]([O-])!@[c:3][nX2H0:4]	179.951	20	-	-	-	-	G
C63878232      none	B	[cH1:1][c:2]([cH1])!@[C:3]([NH1,NH2])=[O:4]	-0.00105577	4.32395	-	-	-	-	G
C63878232      none	B	[$(S(=O)(=O)):1][NH0:2]!@[c:3]([cH1])[cH0:4]	-120.001	0	-	-	-	-	R
C63878232      none	B	[c:1][S:2](=O)(=O)!@[NX2H0-:3]-[*:4]	90.0028	2.77778	-	-	-	-	G
C63878232      none	B	[aH1:1][c:2]([aH1])!@[SX4:3][!#1:4]	90.2794	12.916	-	-	-	-	G
C63878232      none	B	[cH1:1][c:2]([cH1])!@[CX3:3]=[O:4]	90.0065	0.0874361	-	-	-	-	R
C45090607      none	B	[H:1][CX4H1:2]!@[O:3][CX4:4]	-59.9941	5.14933	-	-	-	-	G
C45090607      none	B	[O:1]=[C:2]([O-])!@[CX4H1:3][H:4]	0.000995202	0.495663	-	-	-	-	O
C45090607      none	B	[O:1]=[CX3:2]!@[NX3H0:3][!#1:4]	180	18.2537	-	-	-	-	G
C45090607      none	B	[O:1]=[CX3:2]!@[NX3H1:3][!#1:4]	0.00305623	63.7893	-	-	-	-	G
C45090607      none	B	[$([CX3]=O):1][NX3H1:2]!@[CX4H2:3][C:4] 	-60.0009	1.43139	-	-	-	-	G
C45090607      none	B	[!#1:1][CX4H2:2]!@[CX4H2:3][!#1:4]	-59.9993	3.77933	-	-	-	-	G
C45090607      none	B	[!#1:1][CX4H2:2]!@[CX4H2:3][!#1:4]	60.0019	3.99483	-	-	-	-	G
C45090607      none	B	[!#1:1][CX4:2]!@[SX4:3][!#1:4]	167.745	7.85263	-	-	-	-	G
C11947872      none	B	[$(C=O):1][NX3:2]!@[$([a]([cH1])):3][$([aH0](!@O)):4]	-120	0.731707	-	-	-	-	O
C11947872      none	B	[O-:1][N+:2](=O)!@[c:3]([cH,nX2H0])[cH,nX2H0:4]	179.995	23.2156	-	-	-	-	G
C11947872      none	B	[O:1]=[CX3:2]!@[NX3H1:3][!#1:4]	-0.00105725	63.7893	-	-	-	-	G
C11947872      none	B	[C:1][CX4:2]!@[CX3:3]=[O:4]	-0.00219066	5.61823	-	-	-	-	G
C11947872      none	B	[O:1]=[C:2]([O-])!@[CX4H1:3][H:4]	89.9974	0.86741	-	-	-	-	O
C62947038      none	B	[aH0:1][c:2]([aH1])!@[SX4:3][!#1:4]	-70.0209	15.3236	-	-	-	-	G
C62947038      none	B	[c:1][S:2](=O)(=O)!@[NX2H0-:3]-[*:4]	-89.9964	2.77778	-	-	-	-	G
C62947038      none	B	[$(S(=O)(=O)):1][NH0:2]!@[c:3]([cH1])[cH1:4]	-120.271	1.65289	-	-	-	-	G
C62947038      none	B	[O:1]=[C:2]([O-])!@[c:3]([cH1])[cH1:4]	179.972	7.35294	-	-	-	-	G
C06292565      none	B	[OX2:1][CX4:2]!@[CX4:3][OX2:4]	-80.0212	2.4811	-	-	-	-	O
C06292565      none	B	[H:1][CX4H1:2]!@[OX2:3][!#1:4]	-40.171	10.8116	-	-	-	-	G
C06292565      none	B	[*:1]~[OX2:2]!@[SX4:3]~[*:4]	-40.0066	4.33662	-	-	-	-	G
C40470886      none	B	[cH1:1][c:2]([cH1])!@[C:3]([NH1,NH2])=[O:4]	153.02	9.05971	-	-	-	-	G
C40470886      none	B	[O:1]=[CX3:2]!@[NX3H1:3][!#1:4]	0.00779763	63.7893	-	-	-	-	G
C40470886      none	B	[$(C=O):1][NX3H1:2]!@[CX4H1:3][H:4]	-29.9987	6.97413	-	-	-	-	G
C40470886      none	B	[OX2:1][CX4:2]!@[CX4:3][N:4]	40.0039	1.66292	-	-	-	-	G
C40470886      none	B	[O:1]=[C:2]([O-])!@[CX4H1:3][H:4]	89.9951	0.86741	-	-	-	-	O
C05883038      none	B	[H:1][CX4H1:2]!@[O:3][CX4:4]	-39.9954	11.8876	-	-	-	-	G
C05883038      none	B	[!#1:1][CX4:2]!@[CX4:3][!#1:4]	80	1.75235	-	-	-	-	G
C05883038      none	B	[!#1:1][CX4:2]!@[SX4:3][!#1:4]	60.0036	11.0105	-	-	-	-	G
C67174188      none	B	[*:1]~[CX4:2]!@[n:3]~[*:4]	30.0037	3.02094	-	-	-	-	G
C67174188      none	B	[$(C=O):1][NX3H1:2]!@[c:3]([cH1])[cH1:4]	-0.0141459	7.77286	-	-	-	-	G
C67174188      none	B	[O:1]=[CX3:2]!@[NX3H1:3][!#1:4]	0.0100891	63.7893	-	-	-	-	G
C67174188      none	B	[cH0:1][c:2]([cH1])!@[CX3:3]([NX3H1])=[O:4]	149.993	1.21845	-	-	-	-	G
C44511340      none	B	[!#1:1][CX4:2]!@[SX4:3][!#1:4]	179.998	13.1368	-	-	-	-	G
C44511340      none	B	[!#1:1][CX4H2:2]!@[CX4H2:3][!#1:4]	179.997	58.554	-	-	-	-	G
C44511340      none	B	[!#1:1][CX4:2]!@[CX4:3][!#1:4]	-60.0057	12.2558	-	-	-	-	G
C44511340      none	B	[O:1]=[C:2]([O-])!@[CX4H1:3][H:4]	90.0014	0.86741	-	-	-	-	O
C44511340      none	B	[$(C=O):1][NX3H1:2]!@[CX4H1:3][H:4]	-59.9985	1.23735	-	-	-	-	G
C44511340      none	B	[O:1]=[CX3:2]([$([NX3H1]C)])!@[NX3H1:3][!#1:4]	-0.00300662	41.1343	-	-	-	-	G
C44511340      none	B	[O:1]=[CX3:2]([$([NX3H1]C)])!@[NX3H1:3][!#1:4]	0.00515613	41.1343	-	-	-	-	G
C44511340      none	B	[$([CX3]=O):1][NX3H1:2]!@[CX4H2:3][C:4] 	89.9975	7.35439	-	-	-	-	G
C44511340      none	B	[!#1:1][CX4H2:2]!@[CX4H2:3][!#1:4]	59.996	3.99483	-	-	-	-	G
C44511340      none	B	[!#1:1][CX4:2]!@[CX4:3][!#1:4]	162.096	1.81259	-	-	-	-	G
C59366452      none	B	[O:1]=[CX3:2]!@[NX3H0:3][!#1:4]	150.008	1.73707	-	-	-	-	O
C59366452      none	B	[!#1:1][CX4:2]!@[CX4:3][!#1:4]	59.9976	12.3771	-	-	-	-	G
C59366452      none	B	[*^2:1]~[C^2:2]([!H])!@[C^2:3]~[*^2:4]	30.0092	1.05249	-	-	-	-	G
C59366452      none	B	[*:1]~[CX3:2]!@[NX3:3]~[*:4]	120.293	0.164173	-	-	-	-	G
C59366452      none	B	[!#1:1][CX4:2]!@[CX4:3][!#1:4]	59.996	12.3771	-	-	-	-	G
C52297094      none	B	[!#1:1][CX4H2:2]!@[CX4H2:3][!#1:4]	180	58.554	-	-	-	-	G
C52297094      none	B	[!#1:1][CX4:2]!@[CX4:3][!#1:4]	-40.0045	0.976141	-	-	-	-	G
C52297094      none	B	[NH1:1][CX4:2]!@[CX3:3]=[O:4]	-120.001	0.275693	-	-	-	-	G
C52297094      none	B	[$(C=O):1][NX3H1:2]!@[CX4H0:3][C:4]	60.0034	13.3187	-	-	-	-	G
C52297094      none	B	[O:1]=[CX3:2]([$([NX3H1]C)])!@[NX3H1:3][!#1:4]	0.00456201	41.1343	-	-	-	-	G
C52297094      none	B	[O:1]=[CX3:2]([$([NX3H1]C)])!@[NX3H1:3][!#1:4]	-0.00604545	41.1343	-	-	-	-	G
C52297094      none	B	[$(C=O):1][NX3H1:2]!@[CX4H1:3][H:4]	60.0001	6.22422	-	-	-	-	G
C40578413      none	B	[NH1:1][CX4:2]!@[CX3:3]=[O:4]	149.998	9.89432	-	-	-	-	G
C40578413      none	B	[$(C=O):1][NX3H1:2]!@[CX4H1:3][H:4]	30.0076	9.46757	-	-	-	-	G
C40578413      none	B	[O:1]=[CX3:2]!@[NX3H1:3][!#1:4]	-0.00495507	63.7893	-	-	-	-	G
C40578413      none	B	[O:1]=[CX3:2]!@[NX3H0:3][!#1:4]	30.3097	0.680979	-	-	-	-	O
C40578413      none	B	[O:1]=[C:2]([O-])!@[CX4H1:3][H:4]	0.00375576	0.495663	-	-	-	-	O
C47475600      none	B	[$(C=O):1][NX3H0:2]!@[CX4H1:3][H:4]	59.7003	0.252101	-	-	-	-	R
C47475600      none	B	[C:1][CX4:2]!@[CX3:3]=[O:4]	-3.79012	5.61823	-	-	-	-	G
C47475600      none	B	[O:1]=[C:2]([!$([NH1])])!@[NX3H1:3]([H:4])[$(c([nX2H0])([nX2H0]))]	-0.00158892	20	-	-	-	-	R
C47475600      none	B	[$([C]([CX4])(=O)):1][NX3H1:2]!@[c:3]([nX2H0])[nX2H0:4]	29.7044	3.84615	-	-	-	-	O
C13252363      none	B	[O:1]=[CX3:2]!@[NX3H1:3][!#1:4]	0.00150789	63.7893	-	-	-	-	G
C13252363      none	B	[cH1:1][c:2]([cH1])!@[C:3]([NH1,NH2])=[O:4]	-153.001	8.78518	-	-	-	-	G
C13252363      none	B	[$(C=O):1][NX3H1:2]!@[c:3]([cH1])[cH1:4]	29.9788	5.05437	-	-	-	-	G
C13252363      none	B	[O:1]=[CX3:2]!@[NX3H1:3][!#1:4]	0.00295969	63.7893	-	-	-	-	G
C13252363      none	B	[O:1]=[CX3:2]([NH1])!@[CH2:3][C:4]	90.0019	2.11706	-	-	-	-	O
C13252363      none	B	[!#1:1][CX4:2]!@[CX4:3][!#1:4]	-60.0015	12.2558	-	-	-	-	G
C13252363      none	B	[C:1][CX4:2]!@[CX3:3]=[O:4]	0.00914848	5.61823	-	-	-	-	G
C62723292      none	B	[C:1][CX4:2]!@[NX3:3][C:4]	30.0036	0.196556	-	-	-	-	R
C62723292      none	B	[C:1][CX4H2:2]!@[NX3:3][C:4]	60.0052	2.72009	-	-	-	-	O
C62723292      none	B	[cH0:1][c:2]([cH0])!@[NX3:3][CX4:4]	120.268	2.86686	-	-	-	-	O
C62723292      none	B	N[C:2](=[O:1])!@[CH2:3][N:4]	-149.998	2.38095	-	-	-	-	G
C62723292      none	B	[a:1][a:2]!@[CX3:3]=[CX3H1:4]	20.0001	2.80466	-	-	-	-	G
C62723292      none	B	[*^2:1]~[C^2:2]([!H])!@[C^2:3]~[*^2:4]	-0.0022385	20.0453	-	-	-	-	G
C39621207      none	B	[O:1]=[C:2]([O-])!@[CX4H1:3][H:4]	0.00614062	0.495663	-	-	-	-	O
C39621207      none	B	[$(S(=O)(=O)):1][NX3H1:2]!@[CX4H1:3][H:4]	60.0089	1.10497	-	-	-	-	G
C39621207      none	B	[c:1][$(S(=O)=O):2]!@[NX3H1:3][C:4]	-60.008	13.7514	-	-	-	-	G
C39621207      none	B	[aH1:1][c:2]([aH1])!@[SX4:3][!#1:4]	-89.73	12.5987	-	-	-	-	G
C39621207      none	B	[cH1:1][c:2]([cH1])!@[CX3:3]=[NX2:4]	180	13.9437	-	-	-	-	G
C39621207      none	B	[*:1]~[NX3:2]!@[NX2:3]~[*:4]	149.994	0.447375	-	-	-	-	O
C39621207      none	B	[O:1]=[CX3:2]!@[NX3H1:3][!#1:4]	0.00578286	63.7893	-	-	-	-	G
C39621207      none	B	[N:1][CX4:2]!@[CX3:3]=[O:4]	-178.049	3.27555	-	-	-	-	G
C40481637      none	B	[cH1:1][c:2]([cH1])!@[C:3]([NH1,NH2])=[O:4]	-26.9906	8.39053	-	-	-	-	G
C40481637      none	B	[O:1]=[CX3:2]!@[NX3H1:3][!#1:4]	-0.000101094	63.7893	-	-	-	-	G
C40481637      none	B	[$(C=O):1][NX3H1:2]!@[CX4H0:3][C:4]	59.9996	13.3187	-	-	-	-	G
C40481637      none	B	[!#1:1][CX4:2]!@[CX4:3][!#1:4]	-171.38	7.88261	-	-	-	-	G
C40481637      none	B	[NH1:1][CX4:2]!@[CX3:3]=[O:4]	90.0067	0.183795	-	-	-	-	R
C25501489      none	B	[O-:1][N+:2](=O)!@[c:3]([cH,nX2H0])[cH,nX2H0:4]	179.981	23.2156	-	-	-	-	G
C25501489      none	B	[$(S(=O)(=O)):1][NH0:2]!@[c:3]([cH1])[cH1:4]	90.0114	15.7025	-	-	-	-	G
C25501489      none	B	[c:1][S:2](=O)(=O)!@[NX2H0-:3]-[*:4]	-59.9976	11.1111	-	-	-	-	G
C25501489      none	B	[aH1:1][c:2]([aH1])!@[SX4:3][!#1:4]	-89.7283	12.5987	-	-	-	-	G
C25501489      none	B	[$(C=O):1][NX3H0:2]!@[c:3]([cH1])[cH1:4]	179.975	1.68907	-	-	-	-	G
C25501489      none	B	[O:1]=[C:2]([O-])!@[CX4H1:3][H:4]	89.9999	0.86741	-	-	-	-	O
C03191757      none	B	[c:1][$(S(=O)=O):2]!@[NX3H1:3][C:4]	60.0008	14.5215	-	-	-	-	G
C03191757      none	B	[aH1:1][c:2]([aH1])!@[SX4:3][!#1:4]	-89.7286	12.5987	-	-	-	-	G
C03191757      none	B	[aH0:1][c:2]([aH1])!@[SX4:3][!#1:4]	-69.9593	15.3236	-	-	-	-	G
C45139782      none	B	[!#1:1][CX4H2:2]!@[CX4H2:3][!#1:4]	180	58.554	-	-	-	-	G
C45139782      none	B	[!#1:1][CX4:2]!@[CX4:3][!#1:4]	-59.9994	12.2558	-	-	-	-	G
C45139782      none	B	[NH1:1][CX4:2]!@[CX3:3]=[O:4]	-29.9927	4.44172	-	-	-	-	G
C45139782      none	B	[$(C=O):1][NX3H1:2]!@[CX4H0:3][C:4]	59.9906	13.3187	-	-	-	-	G
C45139782      none	B	[O:1]=[CX3:2]([$([NX3H1]C)])!@[NX3H1:3][!#1:4]	0.0136661	41.1343	-	-	-	-	G
C45139782      none	B	[O:1]=[CX3:2]([$([NX3H1]C)])!@[NX3H1:3][!#1:4]	179.99	9.5176	-	-	-	-	R
C45139782      none	B	[$(C=O):1][NX3H1:2]!@[CX4H2:3][$([c]([cH,nX2H0])[cH,nX2H0]):4]	-149.998	1.01266	-	-	-	-	G
C45139782      none	B	[a:1][c:2]!@[CX4H2:3][!#1:4]	-134.698	2.0362	-	-	-	-	O
C56409829      none	B	[*:1]~[N,n:2]!@[S:3]~[*:4]	59.9984	4.33354	-	-	-	-	G
C56409829      none	B	[$(S(=O)(=O)):1][NH0:2]!@[c:3]([cH1])[cH0:4]	89.7348	13.1148	-	-	-	-	G
C56409829      none	B	[$(C=O):1][NX3:2]!@[a:3][aH0:4]	150.001	1.842	-	-	-	-	O
C56409829      none	B	[O:1]=[CX3:2]!@[NX3H1:3][!#1:4]	-0.00449542	63.7893	-	-	-	-	G
C56409829      none	B	[a:1][c:2]!@[C:3]([NH1,NH2])=[O:4]	-179.682	9.31373	-	-	-	-	G
C56409829      none	B	[O-:1][N+:2](=O)!@[c:3]([cH0])[cH,nX2H0:4]	90.0089	0.274725	-	-	-	-	O
C42527004      none	B	[$([CX3]=O):1][NX3H0:2](C)!@[CX4H2:3][C:4]	89.9977	14.7513	-	-	-	-	G
C42527004      none	B	[O:1]=[CX3:2]!@[NX3H0:3][!#1:4]	-150.001	1.37927	-	-	-	-	O
C42527004      none	B	[OX2:1][CX4:2]!@[CX4:3][N:4]	-60.0019	14.8764	-	-	-	-	G
C42527004      none	B	[OX2:1][CX4:2]!@[CX4:3][OX2:4]	-60.0016	16.2177	-	-	-	-	G
C42527004      none	B	[C:1][CH2:2]!@[O:3][CX4:4]	180	35.2689	-	-	-	-	G
C42527004      none	B	[O:1]=[CX3:2]!@[NX3H1:3][!#1:4]	-0.00783481	63.7893	-	-	-	-	G
C42527004      none	B	[$(C=O):1][NX3H1:2]!@[CX4H1:3][H:4]	180	0.712411	-	-	-	-	R
C42527004      none	B	[OX2:1][CX4:2]!@[CX4:3][N:4]	-39.9988	1.41573	-	-	-	-	G
C42527004      none	B	[O:1]=[C:2]([O-])!@[CX4H1:3][H:4]	90.0073	0.86741	-	-	-	-	O
C22162513      none	B	[!#1:1][CX4:2]!@[CX4:3][!#1:4]	68.6277	7.06239	-	-	-	-	G
C22162513      none	B	[NH1:1][CX4:2]!@[CX3:3]=[O:4]	-150.002	4.5183	-	-	-	-	G
C22162513      none	B	[$(C=O):1][NX3H1:2]!@[CX4H0:3][C:4]	180	11.3993	-	-	-	-	G
C22162513      none	B	[O:1]=[CX3:2]([$([NX3H1]C)])!@[NX3H1:3][!#1:4]	0.00658315	41.1343	-	-	-	-	G
C22162513      none	B	[O:1]=[CX3:2]([$([NX3H1]C)])!@[NX3H1:3][!#1:4]	0.00367257	41.1343	-	-	-	-	G
C22162513      none	B	[$([CX3]=O):1][NX3H1:2]!@[CX4H2:3][C:4] 	150	1.43139	-	-	-	-	O
C22162513      none	B	N[C:2](=[O:1])!@[CH2:3][N:4]	89.9976	0	-	-	-	-	R
C22162513      none	B	[O:1]=[CX3:2]!@[NX3H0:3][!#1:4]	1.03968e-05	25.0866	-	-	-	-	G
C20214978      none	B	[O-:1][N+:2](=O)!@[c:3]([cH,nX2H0])[cH,nX2H0:4]	179.97	23.2156	-	-	-	-	G
C20214978      none	B	[a:1][c:2]!@[C:3]([NH0])=[O:4]	-0.00968438	2.33333	-	-	-	-	G
C20214978      none	B	[O:1]=[CX3:2](a)!@[NX3H0:3][!#1:4]	150.311	2.50464	-	-	-	-	G
C20214978      none	B	[O:1]=[C:2]([O-])!@[CX4H1:3][H:4]	0.00322745	0.495663	-	-	-	-	O
C42784440      none	B	[aH0:1][c:2]([aH1])!@[SX4:3][!#1:4]	69.7314	11.3606	-	-	-	-	G
C42784440      none	B	[$([cH0]Cl):1][c:2]([cH1])!@[CX3:3]=[O:4]	-60.0043	4.77528	-	-	-	-	G
C42784440      none	B	[cH0:1][c:2]!@[CX4H2:3][N,O,S:4]	89.9975	7.74238	-	-	-	-	G
C42784440      none	B	[*:1][CX4:2]!@[O:3][CX4:4]	80.0037	2.41638	-	-	-	-	G
C42784440      none	B	[C:1][CH2:2]!@[O:3][CX4:4]	160.004	5.67469	-	-	-	-	G
C42784440      none	B	[*^2:1]~[C^2:2]([!H])!@[C^2:3]~[*^2:4]	-89.7245	1.27397	-	-	-	-	G
C40532919      none	B	[$(C=O):1][NX3H1:2]!@[CX4H1:3][H:4]	30.0089	9.46757	-	-	-	-	G
C40532919      none	B	[O:1]=[CX3:2]([$([NX3H1]C)])!@[NX3H1:3][!#1:4]	179.999	9.5176	-	-	-	-	R
C40532919      none	B	[O:1]=[CX3:2]([$([NX3H1]C)])!@[NX3H1:3][!#1:4]	-0.000145155	41.1343	-	-	-	-	G
C40532919      none	B	[$(C=O):1][NX3H1:2]!@[CX4H1:3][H:4]	-29.9965	6.97413	-	-	-	-	G
C40532919      none	B	[!#1:1][CX4:2]!@[CX4:3][!#1:4]	-159.998	1.85018	-	-	-	-	G
C40532919      none	B	[O:1]=[C:2]([O-])!@[CX4H1:3][H:4]	89.9903	0.86741	-	-	-	-	O
C40532919      none	B	[C:1][CX4H2:2]!@[CX3:3]=[O:4]	120.002	0.695249	-	-	-	-	O
C40574587      none	B	[!#1:1][CX4H2:2]!@[CX4H2:3][!#1:4]	180	58.554	-	-	-	-	G
C40574587      none	B	[!#1:1][CX4:2]!@[CX4:3][!#1:4]	-160.002	1.85018	-	-	-	-	G
C40574587      none	B	[NH1:1][CX4:2]!@[CX3:3]=[O:4]	120.003	0.41354	-	-	-	-	G
C40574587      none	B	[$(C=O):1][NX3H1:2]!@[CX4H0:3][C:4]	-60.0027	14.7253	-	-	-	-	G
C40574587      none	B	[O:1]=[CX3:2]([$([NX3H1]C)])!@[NX3H1:3][!#1:4]	0.00859686	41.1343	-	-	-	-	G
C40574587      none	B	[O:1]=[CX3:2]([$([NX3H1]C)])!@[NX3H1:3][!#1:4]	-0.00205795	41.1343	-	-	-	-	G
C40574587      none	B	[$(C=O):1][NX3H1:2]!@[CX4H1:3][H:4]	-29.9965	6.97413	-	-	-	-	G
C40574587      none	B	[a:1][c:2]!@[CX4H1:3][N,O:4]	-120	3.08052	-	-	-	-	G
C35601026      none	B	[aH1:1][c:2]([aH1])!@[SX4:3][!#1:4]	-89.9953	12.5987	-	-	-	-	G
C35601026      none	B	[O:1]=[C:2]([O-])!@[c:3][a:4]	0.000943121	11.4943	-	-	-	-	G
C35601026      none	B	[c:1][$(S(=O)=O):2]!@[NX3H1:3][C:4]	59.9935	14.5215	-	-	-	-	G
C35601026      none	B	[$(S(=O)(=O)):1][NX3H1:2]!@[CX4H2:3][!#1:4]	89.9999	3.00429	-	-	-	-	G
C35601026      none	B	[!#1:1][CX4H2:2]!@[CX4H2:3][!#1:4]	60.0042	3.99483	-	-	-	-	G
C35601026      none	B	[!#1:1][CX4H2:2]!@[CX4H2:3][!#1:4]	59.9967	3.99483	-	-	-	-	G
C40580224      none	B	[OX2:1][CX4:2]!@[CX4:3][N:4]	179.992	9.8427	-	-	-	-	G
C40580224      none	B	[O:1]=[C:2]([O-])!@[CX4H1:3][H:4]	89.9996	0.86741	-	-	-	-	O
C40580224      none	B	[$(C=O):1][NX3H1:2]!@[CX4H1:3][H:4]	180	0.712411	-	-	-	-	R
C40580224      none	B	[O:1]=[CX3:2]([$([NX3H1]C)])!@[NX3H1:3][!#1:4]	-0.00376829	41.1343	-	-	-	-	G
C40580224      none	B	[O:1]=[CX3:2]([$([NX3H1]C)])!@[NX3H1:3][!#1:4]	-0.00191773	41.1343	-	-	-	-	G
C40580224      none	B	[$([CX3]=O):1][NX3H1:2]!@[CX4H2:3][C:4] 	-90.002	7.35439	-	-	-	-	G
C40580224      none	B	N[C:2](=[O:1])!@[CH2:3][N:4]	150	3.125	-	-	-	-	G
C40580224      none	B	[O:1]=[CX3:2]!@[NX3H1:3][!#1:4]	4.12062e-05	63.7893	-	-	-	-	G
C40580224      none	B	[$(C=O):1][NX3H1:2]!@[CX4H1:3][H:4]	60.0017	6.22422	-	-	-	-	G
C20215738      none	B	[OX2:1][CX4:2]!@[CX4:3][N:4]	-60.0026	14.8764	-	-	-	-	G
C20215738      none	B	[O:1]=[C:2]([O-])!@[CX4H1:3][H:4]	89.9966	0.86741	-	-	-	-	O
C20215738      none	B	[$(C=O):1][NX3H1:2]!@[CX4H1:3][H:4]	-29.996	6.97413	-	-	-	-	G
C20215738      none	B	[O:1]=[CX3:2]!@[NX3H1:3][!#1:4]	-0.00585339	63.7893	-	-	-	-	G
C20215738      none	B	[cH1:1][c:2]([cH1])!@[C:3]([NH1,NH2])=[O:4]	153.006	9.05971	-	-	-	-	G
C61834220      none	B	[!#1:1][CX4:2]!@[CX4:3][!#1:4]	79.9954	1.75235	-	-	-	-	G
C61834220      none	B	[!#1:1][CX4:2]!@[CX4:3][!#1:4]	180	22.1548	-	-	-	-	G
C61834220      none	B	[C:1][CX4H2:2]!@[CX3:3]=[O:4]	-89.995	1.15875	-	-	-	-	O
C61834220      none	B	[O:1]=[CX3:2]!@[NX3H0:3][!#1:4]	0.29769	25.0866	-	-	-	-	G
C61834220      none	B	[N:1][CX4:2]!@[CX3:3]=[O:4]	-1.0988	7.55292	-	-	-	-	G
C61834220      none	B	[C:1][CX4H2:2]!@[CX3:3]=[O:4]	-119.993	0.79457	-	-	-	-	O
C40574478      none	B	[$(C=O):1][NX3H1:2]!@[c:3]([cH0]F)[cH:4]	59.9683	0	-	-	-	-	R
C40574478      none	B	[O-:1][N+:2](=O)!@[c:3]([cH,nX2H0])[cH,nX2H0:4]	179.983	23.2156	-	-	-	-	G
C40574478      none	B	[O:1]=[CX3:2]([$([NX3H1]C)])!@[NX3H1:3][!#1:4]	0.0119513	41.1343	-	-	-	-	G
C40574478      none	B	[O:1]=[CX3:2]([$([NX3H1]C)])!@[NX3H1:3][!#1:4]	179.99	9.5176	-	-	-	-	R
C40574478      none	B	[$(C=O):1][NX3H1:2]!@[CX4H1:3][H:4]	59.9978	6.22422	-	-	-	-	G
C40574478      none	B	[OX2:1][CX4:2]!@[CX4:3][N:4]	-59.9999	14.8764	-	-	-	-	G
C40574478      none	B	[O:1]=[C:2]([O-])!@[CX4H1:3][H:4]	-0.0106564	0.495663	-	-	-	-	O
C03122126      none	B	[C:1][CX4:2]!@[CX3:3]=[O:4]	59.9976	2.38699	-	-	-	-	G
C03122126      none	B	[C:1][CX4:2]!@[CX3:3]=[O:4]	89.9958	3.65147	-	-	-	-	G
C43510895      none	B	[!#1:1][CX4:2]!@[CX4:3][!#1:4]	59.9933	12.3771	-	-	-	-	G
C43510895      none	B	[!#1:1][CX4:2]!@[CX4:3][!#1:4]	179.998	22.1548	-	-	-	-	G
C43510895      none	B	[NH1:1][CX4:2]!@[CX3:3]=[O:4]	-60.0096	1.73074	-	-	-	-	O
C43510895      none	B	[$(C=O):1][NX3H1:2]!@[CX4H1:3][H:4]	0.00233919	8.26772	-	-	-	-	G
C43510895      none	B	[O:1]=[CX3:2]!@[NX3H1:3][!#1:4]	0.00234143	63.7893	-	-	-	-	G
C43510895      none	B	[$(C=O):1][NX3H1:2]!@[CX4H0:3][C:4]	179.993	11.3993	-	-	-	-	G
C43510895      none	B	[NH1:1][CX4:2]!@[CX3:3]=[O:4]	-0.00318484	6.89233	-	-	-	-	G
C43510895      none	B	[O:1]=[CX3:2]!@[NX3H1:3][!#1:4]	-0.00272882	63.7893	-	-	-	-	G
C13278233      none	B	[O:1]=[C:2]([O-])!@[c:3]([cH1])[cH1:4]	179.977	7.35294	-	-	-	-	G
C13278233      none	B	[cH1:1][c:2]([cH0])!@[O:3][c:4]	-59.7243	3.44086	-	-	-	-	G
C13278233      none	B	[cH1:1][c:2]([cH0])!@[O:3][c:4]	-59.7352	3.44086	-	-	-	-	G
C13278233      none	B	[O:1]=[C:2]([O-])!@[c:3]([cH1])[cH1:4]	179.985	7.35294	-	-	-	-	G
C13278233      none	B	[O-:1][N+:2](=O)!@[c:3]([cH0])[cH,nX2H0:4]	0.252095	12.6374	-	-	-	-	G
C08732551      none	B	[cH1:1][c:2]([cH1])!@[O:3][C:4]	-29.9992	0.195465	-	-	-	-	O
C08732551      none	B	[$(C=O):1][NX3H0:2]!@[c:3]([cH1])[cH1:4]	29.9959	1.15477	-	-	-	-	G
C08732551      none	B	[O:1]=[C:2]([O-])!@[CX4H1:3][H:4]	-0.00460338	0.495663	-	-	-	-	O
C08732551      none	B	[C:1][CX4H2:2]!@[OX2:3][c:4]	-120.036	0.315856	-	-	-	-	R
C08732551      none	B	[O:1][CX4:2]!@[CX3:3]=[O:4]	-119.968	1.11962	-	-	-	-	O
C40557584      none	B	[OX2:1][CX4:2]!@[CX4:3][N:4]	-42.8605	1.41573	-	-	-	-	G
C40557584      none	B	[$([CX3]=O):1][NX3H1:2]!@[CX4H2:3][C:4] 	-90.0087	7.35439	-	-	-	-	G
C40557584      none	B	[O:1]=[CX3:2]!@[NX3H1:3][!#1:4]	0.010028	63.7893	-	-	-	-	G
C40557584      none	B	[O:1]=[CX3:2]!@[NX3H0:3][!#1:4]	0.310088	25.0866	-	-	-	-	G
C40557584      none	B	[O:1]=[C:2]([O-])!@[CX4H1:3][H:4]	-0.00826169	0.495663	-	-	-	-	O
C42357586      none	B	[!#1:1][CX4H2:2]!@[CX4H2:3][!#1:4]	180	58.554	-	-	-	-	G
C42357586      none	B	[!#1:1][CX4:2]!@[CX4:3][!#1:4]	-79.9917	1.71775	-	-	-	-	G
C42357586      none	B	[NH1:1][CX4:2]!@[CX3:3]=[O:4]	-29.9989	4.44172	-	-	-	-	G
C42357586      none	B	[$(C=O):1][NX3H1:2]!@[CX4H0:3][C:4]	60.004	13.3187	-	-	-	-	G
C42357586      none	B	[O:1]=[CX3:2]([$([NX3H1]C)])!@[NX3H1:3][!#1:4]	0.00799087	41.1343	-	-	-	-	G
C42357586      none	B	[O:1]=[CX3:2]([$([NX3H1]C)])!@[NX3H1:3][!#1:4]	-0.0122109	41.1343	-	-	-	-	G
C42357586      none	B	[$(C=O):1][NX3H1:2]!@[CX4H2:3][!#1:4]	150.005	1.53362	-	-	-	-	G
C42357586      none	B	[cH0:1][c:2]!@[CX4H2:3][N,O,S:4]	89.9986	7.74238	-	-	-	-	G
C05374615      none	B	[a:1][c:2]!@[CX3:3]=[CX3H0:4]	150.007	2.71301	-	-	-	-	G
C05374615      none	B	[$(C=O):1][NX3H0:2]!@[CX4H1:3][H:4]	179.998	19.1176	-	-	-	-	G
C05374615      none	B	[!#1:1][CX4:2]!@[CX4:3][!#1:4]	159.997	1.81259	-	-	-	-	G
C05374615      none	B	[O:1]=[C:2]([O-])!@[CX4H1:3][H:4]	90.0038	0.86741	-	-	-	-	O
C05374615      none	B	[!#1:1][CX4H2:2]!@[CX4H2:3][!#1:4]	-59.996	3.77933	-	-	-	-	G
C05374615      none	B	[C:1][CX4H2:2]!@[CX3:3]=[O:4]	120.001	0.695249	-	-	-	-	O
C03359232      none	B	[aH1:1][c:2]([aH1])!@[SX4:3][!#1:4]	89.9996	12.916	-	-	-	-	G
C03359232      none	B	[cH1:1][a:2]([cH1])!@[a:3]([sX2,o,nX2H0,nX3H1:4])([cH0])	-60.0057	1.92551	-	-	-	-	G
C42229211      none	B	[!#1:1][CX4:2]!@[CX4:3][!#1:4]	60.0032	12.3771	-	-	-	-	G
C42229211      none	B	[NH1:1][CX4:2]!@[CX3:3]=[O:4]	-150.001	4.5183	-	-	-	-	G
C42229211      none	B	[$(C=O):1][NX3H1:2]!@[CX4H0:3][C:4]	-59.9943	14.7253	-	-	-	-	G
C42229211      none	B	[O:1]=[CX3:2]([$([NX3H1]C)])!@[NX3H1:3][!#1:4]	0.00271126	41.1343	-	-	-	-	G
C42229211      none	B	[O:1]=[CX3:2]([$([NX3H1]C)])!@[NX3H1:3][!#1:4]	179.997	9.5176	-	-	-	-	R
C42229211      none	B	[$([CX3]=O):1][NX3H1:2]!@[CX4H2:3][C:4] 	149.992	1.43139	-	-	-	-	O
C42229211      none	B	[OX2:1][CX4:2]!@[CX4:3][N:4]	40.0236	1.66292	-	-	-	-	G
C00563616      none	B	[cH1:1][a:2]([cH0])!@[a:3]([cH0])[cH0:4]	-89.9954	12.4533	-	-	-	-	G
C37455010      none	B	[!#1:1][CX4:2]!@[CX4:3][!#1:4]	60	12.3771	-	-	-	-	G
C37455010      none	B	[!#1:1][CX4:2]!@[CX4:3][!#1:4]	180	22.1548	-	-	-	-	G
C37455010      none	B	[NH1:1][CX4:2]!@[CX3:3]=[O:4]	120.002	0.41354	-	-	-	-	G
C37455010      none	B	[$(C=O):1][NX3H1:2]!@[CX4H1:3][H:4]	0.00247686	8.26772	-	-	-	-	G
C37455010      none	B	[O:1]=[CX3:2]!@[NX3H0:3][!#1:4]	-179.686	18.2537	-	-	-	-	G
C37455010      none	B	[H:1][CX4H1:2]!@[O:3][CX4:4]	-55.4509	5.14933	-	-	-	-	G
C37455010      none	B	[O:1]=[C:2]([O-])!@[CX4H1:3][H:4]	-0.000917297	0.495663	-	-	-	-	O
C37455010      none	B	[O:1]=[CX3:2]!@[NX3H1:3][!#1:4]	-0.00131486	63.7893	-	-	-	-	G
C63050184      none	B	[*:1]~[CX4:2]!@[n:3]~[*:4]	60.0068	3.54922	-	-	-	-	G
C63050184      none	B	[C:1][CX4:2]!@[CX3:3]=[O:4]	-150.004	1.18876	-	-	-	-	G
C44785046      none	B	[O:1]=[CX3:2]!@[NX3H0:3][!#1:4]	-29.9997	0.692521	-	-	-	-	O
C44785046      none	B	N[C:2](=[O:1])!@[CH2:3][N:4]	30.0006	5.20833	-	-	-	-	G
C44785046      none	B	[$([CX3]=O):1][NX3H0:2](C)!@[CX4H2:3][C:4]	90.0034	14.7513	-	-	-	-	G
C44785046      none	B	[O:1]=[CX3:2]!@[NX3H0:3][!#1:4]	29.9999	0.680979	-	-	-	-	O
C44785046      none	B	[C:1][CX4:2]!@[CX3:3]=[O:4]	-0.449607	5.61823	-	-	-	-	G
C44785046      none	B	[!#1:1][CX4:2]!@[CX3H0:3][!#1:4]	-60.0013	4.40277	-	-	-	-	G
C37473769      none	B	[NH1:1][CX4:2]!@[CX3:3]=[O:4]	-59.9993	1.73074	-	-	-	-	O
C37473769      none	B	[$(C=O):1][NX3H1:2]!@[CX4H1:3][H:4]	-30.0116	6.97413	-	-	-	-	G
C37473769      none	B	[O:1]=[CX3:2]!@[NX3H0:3][!#1:4]	-30.0005	0.692521	-	-	-	-	O
C37473769      none	B	[$([CX3]=O):1][NX3H0:2](C)!@[CX4H2:3][C:4]	-89.9962	15.9949	-	-	-	-	G
C37473769      none	B	[$(C=O):1][NX3H0:2]!@[CX4H1:3][H:4]	-55.6629	0.378151	-	-	-	-	R
C37473769      none	B	[N:1][CX4:2]!@[CX3:3]=[O:4]	119.998	0.766617	-	-	-	-	G
C37473769      none	B	[O:1]=[CX3:2]!@[NX3H1:3][!#1:4]	0.0094497	63.7893	-	-	-	-	G
C40929548      none	B	[!#1:1][CX4:2]!@[CX4:3][!#1:4]	-60.0004	12.2558	-	-	-	-	G
C40929548      none	B	[O:1]=[C:2]([O-])!@[CX4H1:3][H:4]	90.0004	0.86741	-	-	-	-	O
C40929548      none	B	[$(C=O):1][NX3H1:2]!@[CX4H1:3][H:4]	29.9917	9.46757	-	-	-	-	G
C40929548      none	B	[O:1]=[CX3:2]!@[NX3H1:3][!#1:4]	0.00872412	63.7893	-	-	-	-	G
C40929548      none	B	[C:1][CX4:2]!@[CX3:3]=[O:4]	-117.172	3.42432	-	-	-	-	G
C12138884      none	B	[$(C=O):1][NX3H1:2]!@[CX4H1:3][H:4]	59.9941	6.22422	-	-	-	-	G
C12138884      none	B	[O:1]=[CX3:2]!@[NX3H1:3][!#1:4]	-0.00558962	63.7893	-	-	-	-	G
C12138884      none	B	[cH1:1][c:2]([cH1])!@[C:3]([NH1,NH2])=[O:4]	-26.9947	8.39053	-	-	-	-	G
C12138884      none	B	[$(C=O):1][NX3H1:2]!@[c:3]([cH1])[cH1:4]	-59.728	0.241643	-	-	-	-	R
C12138884      none	B	[O:1]=[CX3:2]!@[NX3H1:3][!#1:4]	-0.00201793	63.7893	-	-	-	-	G
C12138884      none	B	[O:1]=[CX3:2]([NH1])!@[CH2:3][C:4]	-120.001	0.124533	-	-	-	-	O
C12138884      none	B	[!#1:1][CX4H2:2]!@[CX4H2:3][!#1:4]	-59.9944	3.77933	-	-	-	-	G
C12138884      none	B	[C:1][CX4H2:2]!@[CX3:3]=[O:4]	120.002	0.695249	-	-	-	-	O
C20629572      none	B	[$(S(=O)(=O)):1][NH0:2]!@[c:3]([cH1])[cH1:4]	89.9788	15.7025	-	-	-	-	G
C20629572      none	B	[aH0:1][c:2]([aH1])!@[SX4:3][!#1:4]	179.999	1.4531	-	-	-	-	G
C20629572      none	B	[c:1][S:2](=O)(=O)!@[NX2H0-:3]-[*:4]	-90.0028	2.77778	-	-	-	-	G
C20629572      none	B	[aH1:1][c:2]([aH1])!@[SX4:3][!#1:4]	-89.7349	12.5987	-	-	-	-	G
C20629572      none	B	[aH1:1][c:2]([aH1])!@[SX4:3][!#1:4]	30.0006	0.225606	-	-	-	-	R
C20629572      none	B	[c:1][$(S(=O)=O):2]!@[NX3H0:3][C:4]	59.9943	7.00418	-	-	-	-	G
C16943483      none	B	[O:1]=[C:2]([O-])!@[CX4H1:3][H:4]	89.9951	0.86741	-	-	-	-	O
C16943483      none	B	[C:1][CX4:2]!@[CX3:3]=[O:4]	-86.2325	3.45082	-	-	-	-	G
C61180029      none	B	[$([CX3]=O):1][NX3H0:2](C)!@[CX4H2:3][C:4]	89.9927	14.7513	-	-	-	-	G
C61180029      none	B	[$(C=O):1][NX3H0:2]!@[CX4H1:3][H:4]	-29.9967	2.81513	-	-	-	-	G
C61180029      none	B	[O:1]=[CX3:2]!@[NX3H0:3][!#1:4]	0.00196044	25.0866	-	-	-	-	G
C61180029      none	B	[!#1:1][CX4:2]!@[CX4:3][!#1:4]	180	22.1548	-	-	-	-	G
C61180029      none	B	[C:1][CX4H2:2]!@[CX3:3]=[O:4]	119.997	0.695249	-	-	-	-	O
C61180029      none	B	[NH1:1][CX4:2]!@[CX3:3]=[O:4]	29.9987	2.12896	-	-	-	-	G
C61180029      none	B	[!#1:1][CX4:2]!@[CX4:3][!#1:4]	-159.998	1.85018	-	-	-	-	G
C61180029      none	B	[$(C=O):1][NX3H1:2]!@[CX4H1:3][H:4]	30.007	9.46757	-	-	-	-	G
C61180029      none	B	[!#1:1][CX4H2:2]!@[CX4H2:3][!#1:4]	179.998	58.554	-	-	-	-	G
C61180029      none	B	[!#1:1][CX4:2]!@[SX2:3][!#1:4]	79.9992	6.41197	-	-	-	-	G
C61180029      none	B	[O:1]=[CX3:2]!@[NX3H1:3][!#1:4]	-0.00466845	63.7893	-	-	-	-	G
C03830449      none	B	[*:1][CX4:2]!@[O:3][CX4:4]	159.576	2.43188	-	-	-	-	G
C03830449      none	B	[$(C=O):1][NX3H1:2]!@[CX4H0:3][C:4]	80.3422	1.17216	-	-	-	-	O
C03830449      none	B	[*^2:1]~[C^2:2]([!H])!@[C^2:3]~[*^2:4]	-90.021	1.27397	-	-	-	-	G
C03830449      none	B	[CX3:1]=[CX3:2]!@[CH2:3][OX2:4]	89.9977	3.05344	-	-	-	-	G
C03830449      none	B	[$(C=O):1][O:2]!@[CH2:3]~[C:4]	89.9973	4.53893	-	-	-	-	G
C03830449      none	B	[O:1]=[C:2]([N])!@[O:3]~[C:4]	0.00655824	57.729	-	-	-	-	G
C03830449      none	B	[O:1]=[CX3:2]!@[NX3H1:3][!#1:4]	0.00493754	63.7893	-	-	-	-	G
C03830449      none	B	[c:1][CX4H2:2]!@[CX3:3]=[O:4]	89.9879	2.13675	-	-	-	-	G
C03830449      none	B	[a:1][c:2]!@[CX4H2:3][CX3:4]	-89.6833	7.62274	-	-	-	-	G
C33811067      none	B	[aH0:1][c:2]([aH1])!@[SX4:3][!#1:4]	-110.002	1.0568	-	-	-	-	O
C33811067      none	B	[c:1][S:2](=O)(=O)!@[NX2H0-:3]-[*:4]	-60.0007	11.1111	-	-	-	-	G
C33811067      none	B	[$(S(=O)(=O)):1][NH0:2]!@[c:3]([cH1])[cH1:4]	-60.2774	0.826446	-	-	-	-	G
C33811067      none	B	[O:1]=[C:2]([O-])!@[c:3]([cH1])[cH1:4]	179.99	7.35294	-	-	-	-	G
C44567736      none	B	[OX2:1][CX4:2]!@[CX4:3][N:4]	60.0004	15.2809	-	-	-	-	G
C44567736      none	B	[O:1]=[C:2]([O-])!@[CX4H1:3][H:4]	-0.000926542	0.495663	-	-	-	-	O
C44567736      none	B	[$(C=O):1][NX3H1:2]!@[CX4H1:3][H:4]	-59.9955	1.23735	-	-	-	-	G
C44567736      none	B	[O:1]=[CX3:2]([$([NX3H1]C)])!@[NX3H1:3][!#1:4]	179.998	9.5176	-	-	-	-	R
C44567736      none	B	[O:1]=[CX3:2]([$([NX3H1]C)])!@[NX3H1:3][!#1:4]	0.00109898	41.1343	-	-	-	-	G
C44567736      none	B	[$([CX3]=O):1][NX3H1:2]!@[CX4H2:3][C:4] 	90.002	7.35439	-	-	-	-	G
C44567736      none	B	[!#1:1][CX4H2:2]!@[CX4H2:3][!#1:4]	60.0005	3.99483	-	-	-	-	G
C44567736      none	B	[!#1:1][CX4H2:2]!@[CX4H2:3][!#1:4]	59.9928	3.99483	-	-	-	-	G
C44567736      none	B	[!#1:1][CX4:2]!@[SX4:3][!#1:4]	165.339	7.85263	-	-	-	-	G
C42692350      none	B	[!#1:1][CX4:2]!@[CX4:3][!#1:4]	60.0057	12.3771	-	-	-	-	G
C42692350      none	B	[$([CX3]=O):1][NX3H0:2](C)!@[CX4H2:3][C:4]	-120.001	2.31561	-	-	-	-	O
C42692350      none	B	[$([CX3]=O):1][NX3H0:2](C)!@[CX4H2:3][C:4]	-60.0041	0.686106	-	-	-	-	O
C42692350      none	B	[O:1]=[CX3:2]!@[NX3H0:3][!#1:4]	-0.0108944	25.0866	-	-	-	-	G
C42692350      none	B	N[C:2](=[O:1])!@[CH2:3][N:4]	150.005	3.125	-	-	-	-	G
C42692350      none	B	[O:1]=[CX3:2]!@[NX3H1:3][!#1:4]	0.000558791	63.7893	-	-	-	-	G
C42692350      none	B	[$([CX3]=O):1][NX3H1:2]!@[CX4H2:3][C:4] 	-89.9965	7.35439	-	-	-	-	G
C42692350      none	B	N[C:2](=[O:1])!@[CH2:3][N:4]	180	8.33333	-	-	-	-	G
C42692350      none	B	[O:1]=[CX3:2]!@[NX3H1:3][!#1:4]	-0.00185562	63.7893	-	-	-	-	G
C42692350      none	B	[$([CX3]=O):1][NX3H1:2]!@[CX4H2:3][C:4] 	180	6.46594	-	-	-	-	G
C42692350      none	B	[NH1:1][CX4:2]!@[CX3:3]=[O:4]	120.003	0.41354	-	-	-	-	G
C66582581      none	B	[!#1:1][CX4:2]!@[CX4:3][!#1:4]	60.0004	12.3771	-	-	-	-	G
C66582581      none	B	[!#1:1][CX4:2]!@[SX4:3][!#1:4]	167.746	7.85263	-	-	-	-	G
C66582581      none	B	[*:1]~[N,n:2]!@[S:3]~[*:4]	-90.0022	2.07385	-	-	-	-	G
C66582581      none	B	[$(S(=O)(=O)):1][NH0:2]!@[c:3]([cH1])[cH1:4]	-90.2924	17.7686	-	-	-	-	G
C66582581      none	B	[aH1:1][c:2]([aH1])!@[SX4:3][!#1:4]	-0.00244098	0.126904	-	-	-	-	R
C49104609      none	B	[NH1:1][CX4:2]!@[CX3:3]=[O:4]	29.9993	2.12896	-	-	-	-	G
C49104609      none	B	[$(C=O):1][NX3H1:2]!@[CX4H1:3][H:4]	29.9908	9.46757	-	-	-	-	G
C49104609      none	B	[O:1]=[CX3:2]!@[NX3H0:3][!#1:4]	0.00434049	25.0866	-	-	-	-	G
C49104609      none	B	[O:1]=[CX3:2]([$([NX3H1]C)])!@[NX3H1:3][!#1:4]	0.0157706	41.1343	-	-	-	-	G
C49104609      none	B	[O:1]=[CX3:2]([$([NX3H1]C)])!@[NX3H1:3][!#1:4]	-0.0152843	41.1343	-	-	-	-	G
C49104609      none	B	[$(C=O):1][NX3H1:2]!@[CX4H0:3][C:4]	180	11.3993	-	-	-	-	G
C49104609      none	B	[!#1:1][CX4:2]!@[CX4:3][!#1:4]	-51.3851	5.00801	-	-	-	-	G
C49104609      none	B	[NH1:1][CX4:2]!@[CX3:3]=[O:4]	90.0043	0.183795	-	-	-	-	R
C41067623      none	B	[NH1:1][CX4:2]!@[CX3:3]=[O:4]	119.999	0.41354	-	-	-	-	G
C41067623      none	B	[$(C=O):1][NX3H1:2]!@[CX4H0:3][C:4]	59.994	13.3187	-	-	-	-	G
C41067623      none	B	[O:1]=[CX3:2]([$([NX3H1]C)])!@[NX3H1:3][!#1:4]	0.00673562	41.1343	-	-	-	-	G
C41067623      none	B	[O:1]=[CX3:2]([$([NX3H1]C)])!@[NX3H1:3][!#1:4]	-0.0032573	41.1343	-	-	-	-	G
C41067623      none	B	[$(C=O):1][NX3H1:2]!@[CX4H1:3][H:4]	30.0024	9.46757	-	-	-	-	G
C66581397      none	B	[!#1:1][CX4:2]!@[CX4:3][!#1:4]	60.0068	12.3771	-	-	-	-	G
C66581397      none	B	[!#1:1][CX4:2]!@[SX4:3][!#1:4]	167.734	7.85263	-	-	-	-	G
C66581397      none	B	[*:1]~[N,n:2]!@[S:3]~[*:4]	90.0003	2.07924	-	-	-	-	G
C66581397      none	B	[$(S(=O)(=O)):1][NH0:2]!@[c:3]([cH1])[cH1:4]	-120.269	1.65289	-	-	-	-	G
C66581397      none	B	[cH1:1][c:2]([cH1])!@[C:3]([NH1,NH2])=[O:4]	153.027	9.05971	-	-	-	-	G
C66581397      none	B	[O:1]=[CX3:2]!@[NX3H1:3][!#1:4]	0.000704745	63.7893	-	-	-	-	G
C66581397      none	B	[$([CX3]=O):1][NX3H1:2]!@[CX4H2:3][C:4] 	59.9937	1.1846	-	-	-	-	G
C66581397      none	B	[OX2:1][CX4H2:2]!@[CX4H2:3][N:4]	60.0048	17.6955	-	-	-	-	G
C49753134      none	B	[a:1][c:2]!@[C:3]([NH1,NH2])=[O:4]	119.996	0.644517	-	-	-	-	G
C49753134      none	B	[O:1]=[CX3:2]!@[NX3H1:3][!#1:4]	-0.00175554	63.7893	-	-	-	-	G
C49753134      none	B	[$(C=O):1][NX3H1:2]!@[CX4H1:3][H:4]	-29.9983	6.97413	-	-	-	-	G
C49753134      none	B	[!#1:1][CX4:2]!@[CX4:3][!#1:4]	79.9933	1.75235	-	-	-	-	G
C49753134      none	B	[O:1]=[C:2]([O-])!@[CX4H1:3][H:4]	89.997	0.86741	-	-	-	-	O
C49753134      none	B	[C:1][CX4H2:2]!@[CX3:3]=[O:4]	-120.002	0.79457	-	-	-	-	O
C49716974      none	B	[cH0:1][c:2]([cH,nX2H0])!@[NX3H0:3][CX4:4]	60.2872	3.25838	-	-	-	-	G
C49716974      none	B	[O:1]=[C:2]([O-])!@[c:3]([cH1])[cH0:4]	89.9989	0	-	-	-	-	R
C49716974      none	B	[aH1:1][c:2]([aH1])!@[SX4:3][!#1:4]	90	12.916	-	-	-	-	G
C36339776      none	B	[!#1:1][CX4H2:2]!@[CX4H2:3][!#1:4]	180	58.554	-	-	-	-	G
C36339776      none	B	[!#1:1][CX4:2]!@[CX4:3][!#1:4]	160.002	1.81259	-	-	-	-	G
C36339776      none	B	[NH1:1][CX4:2]!@[CX3:3]=[O:4]	-119.996	0.275693	-	-	-	-	G
C36339776      none	B	[$(C=O):1][NX3H1:2]!@[CX4H0:3][C:4]	59.9907	13.3187	-	-	-	-	G
C36339776      none	B	[O:1]=[CX3:2]([$([NX3H1]C)])!@[NX3H1:3][!#1:4]	0.0139084	41.1343	-	-	-	-	G
C36339776      none	B	[O:1]=[CX3:2]([$([NX3H1]C)])!@[NX3H1:3][!#1:4]	-0.00627651	41.1343	-	-	-	-	G
C36339776      none	B	[$(C=O):1][NX3H1:2]!@[c:3]([cH0]F)[cH:4]	-119.719	1.75439	-	-	-	-	R
C37419240      none	B	[NH1:1][CX4:2]!@[CX3:3]=[O:4]	-120.004	0.275693	-	-	-	-	G
C37419240      none	B	[$(C=O):1][NX3H1:2]!@[CX4H0:3][C:4]	-60.0069	14.7253	-	-	-	-	G
C37419240      none	B	[O:1]=[CX3:2]!@[NX3H1:3][!#1:4]	0.00463796	63.7893	-	-	-	-	G
C37419240      none	B	[O:1]=[CX3:2]([NH1])!@[CH2:3][C:4]	-59.9958	5.85305	-	-	-	-	G
C37419240      none	B	[!#1:1][CX4H2:2]!@[CX4H2:3][!#1:4]	-60.0072	3.77933	-	-	-	-	G
C37419240      none	B	[!#1:1][CX4:2]!@[SX2:3][!#1:4]	160.004	2.91722	-	-	-	-	G
C37419240      none	B	[!#1:1][CX4:2]!@[SX2:3][!#1:4]	-79.9975	6.01214	-	-	-	-	G
C37419240      none	B	[!#1:1][CX4H2:2]!@[CX3:3]=[O:4]	150.001	0.887211	-	-	-	-	O
C61837347      none	B	[!#1:1][CX4:2]!@[CX4:3][!#1:4]	-59.9984	12.2558	-	-	-	-	G
C61837347      none	B	[!#1:1][CX4:2]!@[CX4:3][!#1:4]	179.996	22.1548	-	-	-	-	G
C61837347      none	B	[O:1]=[CX3:2]([NH1])!@[CH2:3][C:4]	89.9941	2.11706	-	-	-	-	O
C61837347      none	B	[O:1]=[CX3:2]!@[NX3H1:3][!#1:4]	-0.00015793	63.7893	-	-	-	-	G
C61837347      none	B	[$([CX3]=O):1][NX3H1:2]!@[CX4H2:3][C:4] 	-89.995	7.35439	-	-	-	-	G
C61837347      none	B	[!#1:1][CX4H2:2]!@[CX4H2:3][!#1:4]	180	58.554	-	-	-	-	G
C61837347      none	B	[!#1:1][CX4H2:2]!@[CX4H2:3][!#1:4]	-60.0034	3.77933	-	-	-	-	G
C61837347      none	B	[!#1:1][CX4:2]!@[SX4:3][!#1:4]	-32.2601	0.484211	-	-	-	-	O
C61837347      none	B	[C:1][CX4H2:2]!@[CX3:3]=[O:4]	-89.9932	1.15875	-	-	-	-	O
C49502902      none	B	[!#1:1][CX4:2]!@[CX4:3][!#1:4]	80.0008	1.75235	-	-	-	-	G
C49502902      none	B	[$(C=O):1][NX3H1:2]!@[CX4H1:3][H:4]	0.00962942	8.26772	-	-	-	-	G
C49502902      none	B	[CX4:1][CX4H2:2]!@[NX3;"N_lp":3][CX4:4]	-156.369	6.65327	-	-	-	-	G
C49502902      none	B	[O:1]=[CX3:2]([$([NX3H1]C)])!@[NX3H1:3][!#1:4]	-0.00470964	41.1343	-	-	-	-	G
C49502902      none	B	[O:1]=[CX3:2]([$([NX3H1]C)])!@[NX3H1:3][!#1:4]	0.0093233	41.1343	-	-	-	-	G
C49502902      none	B	[$(C=O):1][NX3H1:2]!@[CX4H0:3][C:4]	-60.008	14.7253	-	-	-	-	G
C49502902      none	B	[!#1:1][CX4:2]!@[CX4:3][!#1:4]	128.614	0.0995365	-	-	-	-	R
C49502902      none	B	[NH1:1][CX4:2]!@[CX3:3]=[O:4]	90.0034	0.183795	-	-	-	-	R
C62873834      none	B	[C:1][CX4:2]!@[CX3:3]=[O:4]	89.9997	3.65147	-	-	-	-	G
C62873834      none	B	[O:1]=[CX3:2]!@[NX3H0:3][!#1:4]	-150.006	1.37927	-	-	-	-	O
C62873834      none	B	[O:1]=[CX3:2]!@[NX3H0:3][!#1:4]	30.001	0.680979	-	-	-	-	O
C62873834      none	B	[$(C=O):1][NX3H0:2]!@[CX4H2:3][!#1:4]	119.997	3.3859	-	-	-	-	G
C62873834      none	B	[a:1][c:2]!@[CX4H2:3][!#1:4]	-89.6876	7.30446	-	-	-	-	G
C62090513      none	B	[O:1]=[C:2]!@[NX3H0:3]([a:4])[A]	-30.286	0.827016	-	-	-	-	O
C62090513      none	B	[$(S(=O)(=O)):1][NH0:2]!@[c:3]([cH1])[cH1:4]	-90.0213	17.7686	-	-	-	-	G
C62090513      none	B	[*:1]~[N,n:2]!@[S:3]~[*:4]	176.02	8.16343	-	-	-	-	G
C40697093      none	B	[cH1:1][c:2]([cH1])!@[C:3]([NH1,NH2])=[O:4]	152.989	9.05971	-	-	-	-	G
C40697093      none	B	[O:1]=[CX3:2]!@[NX3H1:3][!#1:4]	0.00300914	63.7893	-	-	-	-	G
C40697093      none	B	[$(C=O):1][NX3H1:2]!@[CX4H1:3][H:4]	-30.0067	6.97413	-	-	-	-	G
C40697093      none	B	[!#1:1][CX4:2]!@[CX4:3][!#1:4]	-79.9987	1.71775	-	-	-	-	G
C40697093      none	B	[O:1]=[C:2]([O-])!@[CX4H1:3][H:4]	90.0082	0.86741	-	-	-	-	O
C40697093      none	B	[!#1:1][CX4H2:2]!@[CX4H2:3][!#1:4]	-60.0036	3.77933	-	-	-	-	G
C26274659      none	B	[aH1:1][c:2]([aH1])!@[SX4:3][!#1:4]	90.2781	12.916	-	-	-	-	G
C26274659      none	B	[cH1:1][c:2]([cH1])!@[C:3]([NH1,NH2])=[O:4]	-90.2277	0	-	-	-	-	R
C26274659      none	B	[O:1]=[C:2](c)!@[$([NX3](c([nX2H0])([nX2H0]))):3][H:4]	0.00512783	0	-	-	-	-	G
C26274659      none	B	[$(C=O):1][NX3:2]!@[a:3][aH0:4]	149.998	1.842	-	-	-	-	O
C38108715      none	B	[O:1]=[C:2]([O-])!@[c:3]([cH1])[cH0:4]	0.00040959	8.88889	-	-	-	-	G
C38108715      none	B	[$(S(=O)(=O)):1][NH0:2]!@[c:3]([cH1])[cH1:4]	-90.0049	17.7686	-	-	-	-	G
C38108715      none	B	[c:1][S:2](=O)(=O)!@[NX2H0-:3]-[*:4]	-59.993	11.1111	-	-	-	-	G
C38108715      none	B	[aH0:1][c:2]([aH1])!@[SX4:3][!#1:4]	-90.3364	5.01982	-	-	-	-	O
C40577779      none	B	[O:1]=[CX3:2]!@[NX3H0:3][!#1:4]	-29.9912	0.692521	-	-	-	-	O
C40577779      none	B	[O:1]=[CX3:2]!@[NX3H1:3][!#1:4]	-0.002413	63.7893	-	-	-	-	G
C40577779      none	B	[$(C=O):1][NX3H1:2]!@[CX4H1:3][H:4]	29.9972	9.46757	-	-	-	-	G
C40577779      none	B	[OX2:1][CX4:2]!@[CX4:3][N:4]	-40.0035	1.41573	-	-	-	-	G
C40577779      none	B	[O:1]=[C:2]([O-])!@[CX4H1:3][H:4]	0.00460529	0.495663	-	-	-	-	O
C37226207      none	B	[O:1]=[C:2]!@[O:3]~[C:4]	-0.00283105	74.4927	-	-	-	-	G
C37226207      none	B	[NH1:1][CX4:2]!@[CX3:3]=[O:4]	0.00114829	6.89233	-	-	-	-	G
C37226207      none	B	[OX2:1][CX4:2]!@[CX4:3][N:4]	59.9858	15.2809	-	-	-	-	G
C37226207      none	B	[$(S(=O)(=O)):1][NX3H1:2]!@[CX4H1:3][H:4]	0.00292947	7.36648	-	-	-	-	G
C37226207      none	B	[C:1][$(S(=O)=O):2]!@[NX3H1:3][C:4]	59.9966	6.12245	-	-	-	-	G
C37226207      none	B	[!#1:1][CX4:2]!@[SX4:3][!#1:4]	-160.004	2.90526	-	-	-	-	G
C37226207      none	B	[!#1:1][CX4H2:2]!@[CX3:3]=[O:4]	120	0.613497	-	-	-	-	G
C61827368      none	B	[!#1:1][CX4:2]!@[CX4:3][!#1:4]	59.9932	12.3771	-	-	-	-	G
C61827368      none	B	[!#1:1][CX4:2]!@[CX4:3][!#1:4]	180	22.1548	-	-	-	-	G
C61827368      none	B	[O:1]=[CX3:2]([NH1])!@[CH2:3][C:4]	-89.9975	1.868	-	-	-	-	O
C61827368      none	B	[O:1]=[CX3:2]!@[NX3H1:3][!#1:4]	0.00235976	63.7893	-	-	-	-	G
C61827368      none	B	[$([CX3]=O):1][NX3H1:2]!@[CX4H2:3][C:4] 	-150.001	1.7769	-	-	-	-	O
C61827368      none	B	[!#1:1][CX4H2:2]!@[CX4H2:3][!#1:4]	59.9968	3.99483	-	-	-	-	G
C61827368      none	B	[!#1:1][CX4H2:2]!@[CX4H2:3][!#1:4]	179.998	58.554	-	-	-	-	G
C61827368      none	B	[!#1:1][CX4:2]!@[SX4:3][!#1:4]	67.7457	8.06316	-	-	-	-	G
C61827368      none	B	[C:1][CX4H2:2]!@[CX3:3]=[O:4]	-90.0053	1.15875	-	-	-	-	O
C61809338      none	B	[$([CX3]=O):1][NX3H0:2](C)!@[CX4H2:3][C:4]	119.999	2.74443	-	-	-	-	O
C61809338      none	B	[O:1]=[CX3:2]!@[NX3H0:3][!#1:4]	-150.007	1.37927	-	-	-	-	O
C61809338      none	B	[N:1][CX4:2]!@[CX3:3]=[O:4]	-120.017	0.897291	-	-	-	-	G
C61809338      none	B	[O:1]=[CX3:2]!@[NX3H0:3][!#1:4]	-149.997	1.37927	-	-	-	-	O
C61809338      none	B	[$([CX3]=O):1][NX3H0:2](C)!@[CX4H2:3][C:4]	119.994	2.74443	-	-	-	-	O
C61809338      none	B	[$([CX3]=O):1][NX3H0:2](C)!@[CX4H2:3][C:4]	-89.9969	15.9949	-	-	-	-	G
C61809338      none	B	N[C:2](=[O:1])!@[CH2:3][N:4]	60.0077	0.14881	-	-	-	-	O
C61809338      none	B	N[C:2](=[O:1])!@[CH2:3][N:4]	-150.001	2.38095	-	-	-	-	G
C49548762      none	B	[$(C=O):1][NX3H1:2]!@[c:3](s)[n:4]	-29.9942	0	-	-	-	-	R
C49548762      none	B	[O:1]=[CX3:2]!@[NX3H1:3][!#1:4]	-0.00519625	63.7893	-	-	-	-	G
C49548762      none	B	[O:1]=[CX3:2]!@[NX3H0:3][!#1:4]	-29.6866	0.692521	-	-	-	-	O
C49548762      none	B	[O:1]=[C:2]([O-])!@[CX4H1:3][H:4]	0.0069018	0.495663	-	-	-	-	O
C13207504      none	B	[!#1:1][CH2:2]!@[n:3][cH0:4]	-89.7216	15.4696	-	-	-	-	G
C13207504      none	B	[!#1:1][CH2:2]!@[n:3][cH0:4]	90.0018	14.7896	-	-	-	-	G
C13207504      none	B	[CX3:1]=[CX3:2]!@[CH2:3][!#1:4]	119.997	8.78049	-	-	-	-	G
C37838005      none	B	[!#1:1][CX4:2]!@[CX4:3][!#1:4]	60.0002	12.3771	-	-	-	-	G
C37838005      none	B	[$(S(=O)(=O)):1][NX3H0:2]!@[CX4H2:3][!#1:4]	-120.002	6.46552	-	-	-	-	O
C37838005      none	B	[$(S(=O)(=O)):1][NX3H0:2]!@[CX4H2:3][!#1:4]	90.0012	6.68103	-	-	-	-	G
C37838005      none	B	[*:1][$(S(=O)=O):2]!@[NX3H0:3][*:4]	-59.9969	7.32233	-	-	-	-	G
C37838005      none	B	N[C:2](=[O:1])!@[CH2:3][N:4]	119.997	0.595238	-	-	-	-	G
C37838005      none	B	[*:1][$(S(=O)=O):2]!@[NX3H0r:3][*:4]	90.2781	4.85782	-	-	-	-	G
C37838005      none	B	[O:1]=[C:2]([O-])!@[CX4H1:3][H:4]	-0.00036329	0.495663	-	-	-	-	O
C04046862      none	B	[O:1]=[C:2]([O-])!@[CX4H1:3][H:4]	89.9965	0.86741	-	-	-	-	O
C54768297      none	B	[OX2:1][CX4:2]!@[CX4:3][N:4]	-79.9974	3.59551	-	-	-	-	G
C54768297      none	B	[O:1]=[C:2]([O-])!@[CX4H1:3][H:4]	-0.00014654	0.495663	-	-	-	-	O
C54768297      none	B	[$(C=O):1][NX3H1:2]!@[CX4H1:3][H:4]	-29.9944	6.97413	-	-	-	-	G
C54768297      none	B	[O:1]=[CX3:2]!@[NX3H1:3][!#1:4]	-0.00127169	63.7893	-	-	-	-	G
C54768297      none	B	[C:1][CX4:2]!@[CX3:3]=[O:4]	-30.2374	3.42621	-	-	-	-	G
C38633927      none	B	[!#1:1][CX4:2]!@[CX4:3][!#1:4]	-80.0008	1.71775	-	-	-	-	G
C38633927      none	B	[$(C=O):1][NX3H1:2]!@[CX4H1:3][H:4]	-60.0006	1.23735	-	-	-	-	G
C38633927      none	B	[O:1]=[CX3:2]!@[NX3H1:3][!#1:4]	0.00581951	63.7893	-	-	-	-	G
C38633927      none	B	[*^2:1]~[C^2:2]([!H])!@[C^2:3]~[*^2:4]	-29.9995	1.21216	-	-	-	-	G
C38633927      none	B	[*^2:1]~[C^2:2]([!H])!@[C^2:3]~[*^2:4]	59.9975	0.650722	-	-	-	-	O
C38633927      none	B	[$([CX3]=O):1][NX3H1:2]!@[CX4H2:3][C:4] 	-120.005	2.61599	-	-	-	-	O
C38633927      none	B	[O:1]=[CX3:2]!@[NX3H1:3][!#1:4]	0.00693802	63.7893	-	-	-	-	G
C38633927      none	B	[*^2:1]~[C^2:2]([!H])!@[C^2:3]~[*^2:4]	-150.002	1.11601	-	-	-	-	G
C38633927      none	B	[*^2:1]~[C^2:2]([!H])!@[C^2:3]~[*^2:4]	0.00796629	20.0453	-	-	-	-	G
C40929054      none	B	[OX2:1][CX4:2]!@[CX4:3][N:4]	-60.0039	14.8764	-	-	-	-	G
C40929054      none	B	[O:1]=[C:2]([O-])!@[CX4H1:3][H:4]	0.00647399	0.495663	-	-	-	-	O
C40929054      none	B	[$(C=O):1][NX3H1:2]!@[CX4H1:3][H:4]	29.9991	9.46757	-	-	-	-	G
C40929054      none	B	[O:1]=[CX3:2]!@[NX3H1:3][!#1:4]	0.00301883	63.7893	-	-	-	-	G
C40929054      none	B	[C:1][CX4:2]!@[CX3:3]=[O:4]	57.4525	2.38699	-	-	-	-	G
C21508805      none	B	[O-:1][N+:2](=O)!@[c:3]([cH,nX2H0])[cH,nX2H0:4]	179.98	23.2156	-	-	-	-	G
C21508805      none	B	[aH0:1][c:2]([aH1])!@[SX4:3][!#1:4]	-64.9984	12.9458	-	-	-	-	G
C21508805      none	B	[c:1][$(S(=O)=O):2]!@[NX3H1:3][C:4]	-59.9987	13.7514	-	-	-	-	G
C21508805      none	B	[$(S(=O)(=O)):1][NX3H1:2]!@[CX4H1:3][H:4]	30.0011	11.9705	-	-	-	-	G
C21508805      none	B	[OX2:1][CX4:2]!@[CX4:3][N:4]	80.0026	3.55056	-	-	-	-	G
C21508805      none	B	[O:1]=[C:2]([O-])!@[CX4H1:3][H:4]	0.0101253	0.495663	-	-	-	-	O
C40698038      none	B	[C:1][CX4:2]!@[CX3:3]=[O:4]	-119.999	3.42432	-	-	-	-	G
C40698038      none	B	[O:1]=[CX3:2]!@[NX3H0:3][!#1:4]	30.2826	0.680979	-	-	-	-	O
C40698038      none	B	[C:1][CX4:2]!@[CX3:3]=[O:4]	-30.0619	3.42621	-	-	-	-	G
C40698038      none	B	[O:1]=[CX3:2]!@[NX3H1:3][!#1:4]	0.00083026	63.7893	-	-	-	-	G
C40698038      none	B	[$(C=O):1][NX3H1:2]!@[CX4H1:3][H:4]	-30.0012	6.97413	-	-	-	-	G
C40698038      none	B	[!#1:1][CX4:2]!@[CX4:3][!#1:4]	179.994	22.1548	-	-	-	-	G
C40698038      none	B	[O:1]=[C:2]([O-])!@[CX4H1:3][H:4]	-0.00392655	0.495663	-	-	-	-	O
C40698038      none	B	[!#1:1][CX4H2:2]!@[CX4H2:3][!#1:4]	179.997	58.554	-	-	-	-	G
C36863858      none	B	[!#1:1][CH2:2]!@[n:3][cH0:4]	-90.0029	15.4696	-	-	-	-	G
C36863858      none	B	[aH1:1][c:2]([aH1])!@[SX4:3][!#1:4]	-90.0078	12.5987	-	-	-	-	G
C36863858      none	B	[O:1]=[C:2]([O-])!@[c:3][a:4]	-0.00773353	11.4943	-	-	-	-	G
C36863858      none	B	[c:1][S:2](=O)(=O)!@[NX2H0-:3]-[*:4]	60.0047	8.33333	-	-	-	-	G
C36863858      none	B	[$(S(=O)(=O)):1][N:2]!@[c:3][a:4]	149.994	2.09961	-	-	-	-	G
C41035812      none	B	[NH1:1][CX4:2]!@[CX3:3]=[O:4]	-30.0022	4.44172	-	-	-	-	G
C41035812      none	B	[$(C=O):1][NX3H1:2]!@[CX4H0:3][C:4]	180	11.3993	-	-	-	-	G
C41035812      none	B	[O:1]=[CX3:2]!@[NX3H1:3][!#1:4]	-0.00168592	63.7893	-	-	-	-	G
C41035812      none	B	[O:1]=[CX3:2]!@[NX3H0:3][!#1:4]	-29.7097	0.692521	-	-	-	-	O
C38030078      none	B	[!#1:1][CX4:2]!@[SX2:3][!#1:4]	159.995	2.91722	-	-	-	-	G
C38030078      none	B	[!#1:1][CX4H2:2]!@[CX4H2:3][!#1:4]	180	58.554	-	-	-	-	G
C38030078      none	B	[!#1:1][CX4:2]!@[CX4:3][!#1:4]	59.9972	12.3771	-	-	-	-	G
C38030078      none	B	[NH1:1][CX4:2]!@[CX3:3]=[O:4]	120.005	0.41354	-	-	-	-	G
C38030078      none	B	[$(C=O):1][NX3H1:2]!@[CX4H1:3][H:4]	-30.0024	6.97413	-	-	-	-	G
C38030078      none	B	[O:1]=[CX3:2]!@[NX3H1:3][!#1:4]	-0.00116491	63.7893	-	-	-	-	G
C38030078      none	B	[$(C=O):1][NX3H1:2]!@[c:3]([cH1])[cH1:4]	179.997	8.15546	-	-	-	-	G
C38030078      none	B	[!#1:1][CH2:2]!@[n:3][a:4]	-135.005	0.298805	-	-	-	-	O
C38030078      none	B	[!#1:1][CX4H2:2]!@[CX3:3]=[O:4]	119.989	0.613497	-	-	-	-	G
C38030078      none	B	[O:1]=[CX3:2]!@[NX3H1:3][!#1:4]	0.00584128	63.7893	-	-	-	-	G
C42612512      none	B	[$(C=O):1][NX3H0:2]!@[CX4H1:3][H:4]	-0.0052662	15.8824	-	-	-	-	G
C42612512      none	B	[O:1]=[CX3:2]!@[NX3H0:3][!#1:4]	150.005	1.73707	-	-	-	-	O
C42612512      none	B	[O:1]=[CX3:2]!@[NX3H1:3][!#1:4]	-0.000759015	63.7893	-	-	-	-	G
C42612512      none	B	[$(C=O):1][NX3H1:2]!@[CX4H1:3][H:4]	-60.0026	1.23735	-	-	-	-	G
C42612512      none	B	[OX2:1][CX4:2]!@[CX4:3][N:4]	-79.9932	3.59551	-	-	-	-	G
C42612512      none	B	[O:1]=[C:2]([O-])!@[CX4H1:3][H:4]	0.00774748	0.495663	-	-	-	-	O
C36306564      none	B	[cH0:1][c:2]!@[CX4H2:3][CX3:4]	-89.9966	9.62567	-	-	-	-	G
C36306564      none	B	[a:1][a:2]!@[NX3:3][!#1:4]	-120.001	1.58818	-	-	-	-	O
C36306564      none	B	[cH1:1][c:2]([cH1])!@[NX3:3][a:4]	150.274	4.43889	-	-	-	-	G
C36306564      none	B	[aH1:1][c:2]([aH1])!@[SX4:3][!#1:4]	90.0421	12.916	-	-	-	-	G
C36306564      none	B	[c:1][CX4H2:2]!@[CX3:3]=[O:4]	-90.0076	2.5641	-	-	-	-	G
C58721985      none	B	[OX2:1][CX4:2]!@[CX4:3][N:4]	-79.9978	3.59551	-	-	-	-	G
C58721985      none	B	[C:1][CX4:2]!@[NX3;"N_lp":3][C:4]	-60.0036	7.07677	-	-	-	-	G
C58721985      none	B	[C:1][CH2:2]!@[O:3][CX4:4]	-79.9978	1.18773	-	-	-	-	G
C58721985      none	B	[C:1][CX4H2:2]!@[NX3;"N_lp":3][C:4]	179.997	4.47552	-	-	-	-	G
C58721985      none	B	[!#1:1][CX4:2]!@[CX3H0:3][!#1:4]	60.0096	4.20603	-	-	-	-	G
C06088378      none	B	[aH0:1][c:2]([aH1])!@[SX4:3][!#1:4]	109.74	1.0568	-	-	-	-	O
C13078464      none	B	[aH1:1][c:2]([aH1])!@[SX4:3][!#1:4]	90.0126	12.916	-	-	-	-	G
C13078464      none	B	[cH1:1][c:2]([cH1])!@[CX4H2:3][CX4:4]	-89.9172	11.9355	-	-	-	-	G
C13078464      none	B	[!#1:1][CX4H2:2]!@[CX4H2:3][!#1:4]	179.995	58.554	-	-	-	-	G
C13078464      none	B	[C:1][CX4H2:2]!@[CX3:3]=[O:4]	-119.994	0.79457	-	-	-	-	O
C13078464      none	B	[c:1][S:2](=O)(=O)!@[NX2H0-:3]-[*:4]	59.9781	8.33333	-	-	-	-	O
C13078464      none	B	[$(S(=O)(=O)):1][NH0:2]!@[c:3]([cH1])[cH1:4]	-120.249	1.65289	-	-	-	-	G
C13078464      none	B	[aH1:1][c:2]([aH1])!@[SX4:3][!#1:4]	-89.9995	12.5987	-	-	-	-	G
C13078464      none	B	[*:1][$(S(=O)=O):2]!@[NX3H0r:3][*:4]	-89.7153	4.88152	-	-	-	-	G
C13550061      none	B	[cH1:1][c:2]([cH1])!@[NX3:3][CX4:4]	20.002	2.88127	-	-	-	-	G
C13550061      none	B	[!#1:1][CX4H2:2]!@[NX3H1:3][!#1:4]	-120.001	2.14327	-	-	-	-	O
C13550061      none	B	[NH1:1][CX4:2]!@[CX3:3]=[O:4]	-119.993	0.275693	-	-	-	-	G
C61685332      none	B	[aH1:1][c:2]([aH1])!@[SX4:3][!#1:4]	89.9994	12.916	-	-	-	-	G
C61685332      none	B	[cH1:1][c:2]([cH1])!@[O:3][C:4]	179.998	26.896	-	-	-	-	G
C61685332      none	B	[C:1][CX4H2:2]!@[OX2:3][c:4]	180	43.8829	-	-	-	-	G
C61685332      none	B	[O:1][CX4:2]!@[CX3:3]=[O:4]	-89.9964	0.491063	-	-	-	-	O
C61685332      none	B	[c:1][S:2](=O)(=O)!@[NX2H0-:3]-[*:4]	-90.0033	2.77778	-	-	-	-	G
C61685332      none	B	[$(S(=O)(=O)):1][N:2]!@[c:3][a:4]	180	4.19922	-	-	-	-	G
C20423845      none	B	[$(C=O):1][NX3H1:2]!@[c:3]([cH1])[cH1:4]	149.985	5.05437	-	-	-	-	G
C20423845      none	B	[O:1]=[CX3:2]([$([NX3H1]C)])!@[NX3H1:3][!#1:4]	-0.0126115	41.1343	-	-	-	-	G
C20423845      none	B	[O:1]=[C:2]([NH1])!@[NX3H1:3](C=O)[H:4]	-0.0087992	58.9474	-	-	-	-	G
C20423845      none	B	[O:1]=[C:2]!@[NX3H1:3](C=O)[H:4]	-179.988	35.6725	-	-	-	-	G
C20423845      none	B	[O:1]=[CX3:2]([NH1])!@[CH2:3][C:4]	119.993	0.124533	-	-	-	-	O
C20423845      none	B	[!#1:1][CX4H2:2]!@[CX4H2:3][!#1:4]	180	58.554	-	-	-	-	G
C20423845      none	B	[!#1:1][CX4H2:2]!@[CX4H2:3][!#1:4]	179.999	58.554	-	-	-	-	G
C20423845      none	B	[C:1][CX4H2:2]!@[CX3:3]=[O:4]	-119.997	0.79457	-	-	-	-	O
C02027517      none	B	[C:1][CX4:2]!@[CX3:3]=[O:4]	92.3946	3.65147	-	-	-	-	G
C02027517      none	B	[O:1]=[CX3:2]!@[NX3H1:3][!#1:4]	0.00117709	63.7893	-	-	-	-	G
C02027517      none	B	[*:1]~[NX3:2]!@[NX3:3]~[*:4]	149.998	1.2148	-	-	-	-	G
C02027517      none	B	[O:1]=[CX3:2]!@[NX3H1:3][!#1:4]	0.00157096	63.7893	-	-	-	-	G
C02027517      none	B	[*^2:1]~[C^2:2]([!H])!@[C^2:3]~[*^2:4]	120.007	0.806964	-	-	-	-	G
C02027517      none	B	[*^2:1]~[C^2:2]([!H])!@[C^2:3]~[*^2:4]	0.00215749	20.0453	-	-	-	-	G
C13392414      none	B	[O:1]=[C:2]([O-])!@[c:3]([cH1])[$([cH0][NH1,NH2]):4]	90.0018	0	-	-	-	-	R
C13392414      none	B	[$(C=O):1][NX3:2]!@[a:3][aH0:4]	150	1.842	-	-	-	-	O
C13392414      none	B	[O:1]=[C:2]([O-])!@[c:3]([cH1])[cH1:4]	-179.983	7.35294	-	-	-	-	G
C13392414      none	B	[O:1]=[CX3:2]!@[NX3H1:3][!#1:4]	-0.00441221	63.7893	-	-	-	-	G
C13392414      none	B	[cH1:1][c:2]([cH1])!@[C:3]([NH1,NH2])=[O:4]	26.9991	8.08167	-	-	-	-	G
C13392414      none	B	[$(C=O):1][NX3:2]!@[a:3][aH0:4]	59.9989	2.5788	-	-	-	-	G
C42481881      none	B	[$(C=O):1][NX3H0:2]!@[CX4H1:3][H:4]	-94.3089	0.12605	-	-	-	-	R
C42481881      none	B	[$([CX3]=O):1][NX3H0:2](C)!@[CX4H2:3][C:4]	59.9983	0.600343	-	-	-	-	O
C42481881      none	B	[O:1]=[CX3:2]!@[NX3H0:3][!#1:4]	-149.998	1.37927	-	-	-	-	O
C42481881      none	B	[OX2:1][CX4H2:2]!@[CX4H2:3][N:4]	179.997	8.36763	-	-	-	-	G
C42481881      none	B	[O:1]=[CX3:2]!@[NX3H1:3][!#1:4]	-0.00577091	63.7893	-	-	-	-	G
C42481881      none	B	[$(C=O):1][NX3H1:2]!@[CX4H1:3][H:4]	-29.9984	6.97413	-	-	-	-	G
C42481881      none	B	[!#1:1][CX4:2]!@[CX4:3][!#1:4]	179.999	22.1548	-	-	-	-	G
C42481881      none	B	[O:1]=[C:2]([O-])!@[CX4H1:3][H:4]	-0.00179854	0.495663	-	-	-	-	O
C42481881      none	B	[!#1:1][CX4H2:2]!@[CX4H2:3][!#1:4]	179.996	58.554	-	-	-	-	G
C37432025      none	B	[OX2:1][CX4:2]!@[CX4:3][N:4]	59.9974	15.2809	-	-	-	-	G
C37432025      none	B	[O:1]=[C:2]([O-])!@[CX4H1:3][H:4]	90.0097	0.86741	-	-	-	-	O
C37432025      none	B	[$(C=O):1][NX3H1:2]!@[CX4H1:3][H:4]	30.0008	9.46757	-	-	-	-	G
C37432025      none	B	[O:1]=[CX3:2]!@[NX3H1:3][!#1:4]	0.000797658	63.7893	-	-	-	-	G
C37432025      none	B	[C:1][CX4:2]!@[CX3:3]=[O:4]	34.6459	3.28614	-	-	-	-	G
C37432025      none	B	[$(C=O):1][NX3H0:2]!@[CX4H1:3][H:4]	59.9971	0.252101	-	-	-	-	R
C40577731      none	B	[O:1]=[CX3:2]!@[NX3H0:3][!#1:4]	-30.0034	0.692521	-	-	-	-	O
C40577731      none	B	[O:1]=[CX3:2]!@[NX3H1:3][!#1:4]	0.00340808	63.7893	-	-	-	-	G
C40577731      none	B	[$(C=O):1][NX3H1:2]!@[CX4H1:3][H:4]	29.9995	9.46757	-	-	-	-	G
C40577731      none	B	[OX2:1][CX4:2]!@[CX4:3][N:4]	-60.005	14.8764	-	-	-	-	G
C40577731      none	B	[O:1]=[C:2]([O-])!@[CX4H1:3][H:4]	-0.00173694	0.495663	-	-	-	-	O
C01743143      none	B	[aH0:1][c:2]([aH1])!@[SX4:3][!#1:4]	89.9817	4.49141	-	-	-	-	G
C19877926      none	B	[a:1][c:2]!@[CX3:3]=[CX3H0:4]	30.0011	2.482	-	-	-	-	G
C19877926      none	B	[cH1:1][a:2]([cH1])!@[a:3]([cH1])[cH0:4]	120.278	4.99751	-	-	-	-	G
C19877926      none	B	[O:1]=[C:2]([O-])!@[c:3]([cH1])[cH1:4]	-179.987	7.35294	-	-	-	-	G
C19393616      none	B	[a:1][c:2]!@[C:3]([NH1,NH2])=[O:4]	-60.0088	0.499274	-	-	-	-	G
C19393616      none	B	[O:1]=[CX3:2]!@[NX3H1:3][!#1:4]	0.012099	63.7893	-	-	-	-	G
C19393616      none	B	[$(C=O):1][NX3H1:2]!@[CX4H1:3][H:4]	29.9931	9.46757	-	-	-	-	G
C19393616      none	B	[OX2:1][CX4:2]!@[CX4:3][N:4]	60.0161	15.2809	-	-	-	-	G
C19393616      none	B	[O:1]=[C:2]([O-])!@[CX4H1:3][H:4]	-0.000123183	0.495663	-	-	-	-	O
C20320662      none	B	[!#1:1][CH2:2]!@[n:3][a:4]	180	0.161853	-	-	-	-	R
C20320662      none	B	[O:1]=[C:2]([O-])!@[c:3][nX2H0:4]	179.953	20	-	-	-	-	G
C20320662      none	B	[!#1:1][CX4H2:2]!@[CX3:3]=[O:4]	119.999	0.613497	-	-	-	-	G
C20320662      none	B	[O:1]=[CX3:2]!@[NX3H1:3][!#1:4]	0.00439025	63.7893	-	-	-	-	G
C20320662      none	B	[$([CX3]=O):1][NX3H1:2]!@[CX4H2:3][C:4] 	-89.9995	7.35439	-	-	-	-	G
C20320662      none	B	N[C:2](=[O:1])!@[CH2:3][N:4]	179.995	8.33333	-	-	-	-	G
C41114865      none	B	[!#1:1][CX4:2]!@[CX4:3][!#1:4]	-60.0088	12.2558	-	-	-	-	G
C41114865      none	B	[NH1:1][CX4:2]!@[CX3:3]=[O:4]	-59.9989	1.73074	-	-	-	-	O
C41114865      none	B	[$(C=O):1][NX3H1:2]!@[CX4H1:3][H:4]	-0.00761965	8.26772	-	-	-	-	G
C41114865      none	B	[O:1]=[CX3:2]!@[NX3H1:3][!#1:4]	0.0033986	63.7893	-	-	-	-	G
C41114865      none	B	[$([C](=O)):1][NX3H1:2]!@[$([a]([nH0,o])):3][cH1:4]	-29.7303	3.65591	-	-	-	-	O
C41114865      none	B	[O:1]=[C:2]([O-])!@[c:3]([cH1])[cH1:4]	179.979	7.35294	-	-	-	-	G
C41114865      none	B	[O:1]=[CX3:2]!@[NX3H1:3][!#1:4]	-0.0022971	63.7893	-	-	-	-	G
C61370108      none	B	[!#1:1][CX4H2:2]!@[CX4H2:3][!#1:4]	180	58.554	-	-	-	-	G
C61370108      none	B	[!#1:1][CX4:2]!@[CX4:3][!#1:4]	-79.9972	1.71775	-	-	-	-	G
C61370108      none	B	[NH1:1][CX4:2]!@[CX3:3]=[O:4]	-29.9973	4.44172	-	-	-	-	G
C61370108      none	B	[$(C=O):1][NX3H1:2]!@[CX4H0:3][C:4]	59.9974	13.3187	-	-	-	-	G
C61370108      none	B	[O:1]=[CX3:2]([$([NX3H1]C)])!@[NX3H1:3][!#1:4]	0.0204148	41.1343	-	-	-	-	G
C61370108      none	B	[O:1]=[CX3:2]([$([NX3H1]C)])!@[NX3H1:3][!#1:4]	179.99	9.5176	-	-	-	-	R
C61370108      none	B	[$(C=O):1][NX3H1:2]!@[CX4H1:3][H:4]	-30.0015	6.97413	-	-	-	-	G
C61370108      none	B	[a:1][c:2]!@[CX4H1:3][N,O:4]	29.9929	3.56196	-	-	-	-	G
C54554057      none	B	[aH0:1][c:2]([aH0])!@[SX2:3][!#1:4]	60.0044	2.01135	-	-	-	-	G
C54554057      none	B	[O:1]=[C:2]([O-])!@[c:3]([cH0])[cH0:4]	-89.748	0	-	-	-	-	G
C54554057      none	B	[aH0:1][c:2]([aH0])!@[SX2:3][!#1:4]	90.0027	3.2491	-	-	-	-	G
C65336837      none	B	[O-:1][N+:2](=O)!@[c:3]([cH0])[cH,nX2H0:4]	89.9885	0.274725	-	-	-	-	O
C42439973      none	B	[OX2:1][CX4:2]!@[CX4:3][N:4]	179.995	9.8427	-	-	-	-	G
C42439973      none	B	[O:1]=[C:2]([O-])!@[CX4H1:3][H:4]	89.9928	0.86741	-	-	-	-	O
C42439973      none	B	[$(C=O):1][NX3H1:2]!@[CX4H1:3][H:4]	179.999	0.712411	-	-	-	-	R
C42439973      none	B	[O:1]=[CX3:2]!@[NX3H1:3][!#1:4]	-0.00839308	63.7893	-	-	-	-	G
C42439973      none	B	[O:1]=[CX3:2]!@[NX3H0:3][!#1:4]	0.00171318	25.0866	-	-	-	-	G
C42439973      none	B	[$([CX3]=O):1][NX3H0:2](C)!@[CX4H2:3][C:4]	-89.9978	15.9949	-	-	-	-	G
C42439973      none	B	N[C:2](=[O:1])!@[CH2:3][N:4]	180	8.33333	-	-	-	-	G
C42439973      none	B	[O:1]=[CX3:2]!@[NX3H1:3][!#1:4]	-0.00452026	63.7893	-	-	-	-	G
C42439973      none	B	[$([CX3]=O):1][NX3H1:2]!@[CX4H2:3][C:4] 	-149.997	1.7769	-	-	-	-	O
C42439973      none	B	[OX2:1][CX4H2:2]!@[CX4H2:3][N:4]	-60.0017	16.5981	-	-	-	-	G
C42439973      none	B	[C:1][CH2:2]!@[O:3][CX4:4]	159.997	5.67469	-	-	-	-	G
C62348914      none	B	[$(S(=O)(=O)):1][NH0:2]!@[c:3]([cH1])[cH1:4]	119.985	2.06612	-	-	-	-	G
C62348914      none	B	[O:1]=[C:2]([O-])!@[c:3]([cH1])[cH0:4]	90.0031	0	-	-	-	-	R
C62348914      none	B	[c:1][S:2](=O)(=O)!@[NX2H0-:3]-[*:4]	-89.998	2.77778	-	-	-	-	G
C62348914      none	B	[aH1:1][c:2]([aH1])!@[SX4:3][!#1:4]	90.3288	12.916	-	-	-	-	G
C40557158      none	B	[!#1:1][CX4H2:2]!@[CX4H2:3][!#1:4]	180	58.554	-	-	-	-	G
C40557158      none	B	[!#1:1][CX4:2]!@[CX4:3][!#1:4]	-159.998	1.85018	-	-	-	-	G
C40557158      none	B	[NH1:1][CX4:2]!@[CX3:3]=[O:4]	120.007	0.41354	-	-	-	-	G
C40557158      none	B	[$(C=O):1][NX3H1:2]!@[CX4H0:3][C:4]	-59.9871	14.7253	-	-	-	-	G
C40557158      none	B	[O:1]=[CX3:2]([$([NX3H1]C)])!@[NX3H1:3][!#1:4]	-0.00892978	41.1343	-	-	-	-	G
C40557158      none	B	[O:1]=[CX3:2]([$([NX3H1]C)])!@[NX3H1:3][!#1:4]	180	9.5176	-	-	-	-	R
C40557158      none	B	[$(C=O):1][NX3H1:2]!@[CX4H1:3][H:4]	30	9.46757	-	-	-	-	G
C40578169      none	B	[O:1]=[CX3:2]!@[NX3H0:3][!#1:4]	150.003	1.73707	-	-	-	-	O
C40578169      none	B	[O:1]=[CX3:2]!@[NX3H1:3][!#1:4]	-0.00244409	63.7893	-	-	-	-	G
C40578169      none	B	[$(C=O):1][NX3H1:2]!@[CX4H1:3][H:4]	-30.005	6.97413	-	-	-	-	G
C40578169      none	B	[OX2:1][CX4:2]!@[CX4:3][N:4]	-80.0099	3.59551	-	-	-	-	G
C40578169      none	B	[O:1]=[C:2]([O-])!@[CX4H1:3][H:4]	90.0009	0.86741	-	-	-	-	O
C40535232      none	B	[OX2:1][CX4:2]!@[CX4:3][N:4]	179.998	9.8427	-	-	-	-	G
C40535232      none	B	[$(C=O):1][NX3H1:2]!@[CX4H1:3][H:4]	30.0021	9.46757	-	-	-	-	G
C40535232      none	B	[C:1][CH2:2]!@[O:3][CX4:4]	180	35.2689	-	-	-	-	G
C40535232      none	B	[O:1]=[CX3:2]([$([NX3H1]C)])!@[NX3H1:3][!#1:4]	-0.0161992	41.1343	-	-	-	-	G
C40535232      none	B	[O:1]=[CX3:2]([$([NX3H1]C)])!@[NX3H1:3][!#1:4]	0.0159079	41.1343	-	-	-	-	G
C40535232      none	B	[$(C=O):1][NX3H1:2]!@[CX4H0:3][C:4]	-60.0072	14.7253	-	-	-	-	G
C40535232      none	B	[!#1:1][CX4:2]!@[CX4:3][!#1:4]	128.619	0.0995365	-	-	-	-	R
C40535232      none	B	[NH1:1][CX4:2]!@[CX3:3]=[O:4]	90.0033	0.183795	-	-	-	-	R
C62317799      none	B	[C:1][CX4:2]!@[CX3:3]=[O:4]	0.00102225	5.61823	-	-	-	-	G
C62317799      none	B	[*:1]~[CX4:2]!@[n:3]~[*:4]	59.9952	3.54922	-	-	-	-	G
C62317799      none	B	[c:1][c:2]!@[c:3][s,o,nX3H1:4]	89.9724	0.30147	-	-	-	-	R
C62317799      none	B	[O:1]=[C:2]([O-])!@[c:3][nX2H0:4]	-89.9863	0	-	-	-	-	G
C67071503      none	B	[*:1]~[CX4:2]!@[n:3]~[*:4]	120.001	3.12393	-	-	-	-	G
C67071503      none	B	[a:1][c:2]!@[CX4H2:3][!#1:4]	90.0013	7.24386	-	-	-	-	G
C67071503      none	B	[$(C=O):1][NX3H1:2]!@[CX4H2:3][!#1:4]	-90.0005	7.86473	-	-	-	-	G
C67071503      none	B	[O:1]=[CX3:2]!@[NX3H1:3][!#1:4]	-0.00613318	63.7893	-	-	-	-	G
C67071503      none	B	[cH0:1][c:2]([cH1])!@[CX3:3]([NX3H1])=[O:4]	-150.003	1.39252	-	-	-	-	G
C67071503      none	B	[$(S(=O)(=O)):1][NH0:2]!@[c:3]([cH1])[cH0:4]	119.997	0	-	-	-	-	R
C67071503      none	B	[*:1]~[N,n:2]!@[S:3]~[*:4]	56.0247	4.33354	-	-	-	-	O
C62430932      none	B	[OX2:1][CX4:2]!@[CX4:3][N:4]	39.9921	1.66292	-	-	-	-	G
C62430932      none	B	[O:1]=[C:2]([O-])!@[CX4H1:3][H:4]	0.00637299	0.495663	-	-	-	-	O
C62430932      none	B	[$(S(=O)(=O)):1][NX3H1:2]!@[CX4H1:3][H:4]	60.0039	1.10497	-	-	-	-	G
C62430932      none	B	[c:1][$(S(=O)=O):2]!@[NX3H1:3][C:4]	89.9946	2.64026	-	-	-	-	G
C62430932      none	B	[aH1:1][c:2]([aH1])!@[SX4:3][!#1:4]	-89.7199	12.5987	-	-	-	-	G
C39899629      none	B	[!#1:1][CX4:2]!@[CX3H0:3][!#1:4]	59.9985	4.20603	-	-	-	-	G
C39899629      none	B	[*:1]~[CX3:2]!@[NX2:3]~[*:4]	-89.7171	0.0956023	-	-	-	-	G
C62349744      none	B	[$(C=O):1][NX3H1:2]!@[c:3]([cH1])[cH1:4]	29.9749	5.05437	-	-	-	-	G
C62349744      none	B	[O:1]=[C:2]([O-])!@[c:3]([cH1])[cH0:4]	90.0051	0	-	-	-	-	R
C62349744      none	B	[O:1]=[CX3:2]([$([NX3H1]C)])!@[NX3H1:3][!#1:4]	-0.00651476	41.1343	-	-	-	-	G
C62349744      none	B	[O:1]=[CX3:2]([$([NX3H1]C)])!@[NX3H1:3][!#1:4]	0.00154817	41.1343	-	-	-	-	G
C62349744      none	B	[$([CX3]=O):1][NX3H1:2]!@[CX4H2:3][C:4] 	90.0009	7.35439	-	-	-	-	G
C62349744      none	B	[OX2:1][CX4H2:2]!@[CX4H2:3][N:4]	59.9991	17.6955	-	-	-	-	G
C62349744      none	B	[C:1][CH2:2]!@[O:3][CX4:4]	179.997	35.2689	-	-	-	-	G
C03198921      none	B	[O:1]=[C:2]!@[O:3]~[C:4]	-0.0039405	74.4927	-	-	-	-	G
C03198921      none	B	[cH1:1][c:2]([cH1])!@[CX3:3]=[O:4]	-89.74	0.0739844	-	-	-	-	R
C37437476      none	B	[cH0:1][c:2]([cH1])!@[CX3:3]([NX3H0])=[O:4]	89.9747	5.09091	-	-	-	-	G
C37437476      none	B	[O:1]=[CX3:2](a)!@[NX3H0:3][!#1:4]	150.28	2.50464	-	-	-	-	G
C37437476      none	B	[O:1]=[C:2]([O-])!@[CX4H1:3][H:4]	-0.000149786	0.495663	-	-	-	-	O
C52297100      none	B	[!#1:1][CX4H2:2]!@[CX4H2:3][!#1:4]	180	58.554	-	-	-	-	G
C52297100      none	B	[!#1:1][CX4:2]!@[CX4:3][!#1:4]	-79.9975	1.71775	-	-	-	-	G
C52297100      none	B	[NH1:1][CX4:2]!@[CX3:3]=[O:4]	-29.9962	4.44172	-	-	-	-	G
C52297100      none	B	[$(C=O):1][NX3H1:2]!@[CX4H0:3][C:4]	60.0023	13.3187	-	-	-	-	G
C52297100      none	B	[O:1]=[CX3:2]([$([NX3H1]C)])!@[NX3H1:3][!#1:4]	0.00319828	41.1343	-	-	-	-	G
C52297100      none	B	[O:1]=[CX3:2]([$([NX3H1]C)])!@[NX3H1:3][!#1:4]	-0.000516642	41.1343	-	-	-	-	G
C52297100      none	B	[$(C=O):1][NX3H1:2]!@[CX4H1:3][H:4]	-30.0007	6.97413	-	-	-	-	G
C45709259      none	B	[CX4:1][CX4H2:2]!@[NX3;"N_lp":3][CX4:4]	-160	6.65327	-	-	-	-	G
C45709259      none	B	[!#1:1][CX4H2:2]!@[CX4H2:3][!#1:4]	180	58.554	-	-	-	-	G
C45709259      none	B	[!#1:1][CX4:2]!@[CX4:3][!#1:4]	160.001	1.81259	-	-	-	-	G
C45709259      none	B	[N:1][CX4:2]!@[CX3:3]=[O:4]	-120.005	0.897291	-	-	-	-	G
C51840763      none	B	[NH1:1][CX4:2]!@[CX3:3]=[O:4]	119.997	0.41354	-	-	-	-	G
C51840763      none	B	[$(C=O):1][NX3H1:2]!@[CX4H0:3][C:4]	59.9995	13.3187	-	-	-	-	G
C51840763      none	B	[O:1]=[CX3:2]!@[NX3H1:3][!#1:4]	0.00333995	63.7893	-	-	-	-	G
C51840763      none	B	[O:1]=[CX3:2]!@[NX3H0:3][!#1:4]	-0.0119133	25.0866	-	-	-	-	G
C51840763      none	B	[$([CX3]=O):1][NX3H0:2](C)!@[CX4H2:3][C:4]	89.9951	14.7513	-	-	-	-	G
C51840763      none	B	[OX2:1][CX4:2]!@[CX4:3][N:4]	-159.997	1.21348	-	-	-	-	O
C13422227      none	B	[O:1][CX4:2]!@[CX3:3]=[O:4]	60.0026	0.530348	-	-	-	-	O
C13422227      none	B	[H:1][CX4H1:2]!@[OX2:3][!#1:4]	-59.999	2.37856	-	-	-	-	G
C13422227      none	B	[O:1]=[CX3:2]!@[NX3H1:3][!#1:4]	-0.0133514	63.7893	-	-	-	-	G
C13422227      none	B	[$(C=O):1][NX3:2]!@[a:3][aH0:4]	150.005	1.842	-	-	-	-	O
C13422227      none	B	[cH1,n:1][c:2]!@[O:3][CH1:4]	-89.9984	0.38835	-	-	-	-	R
C13422227      none	B	[O:1]=[C:2]([O-])!@[c:3]([cH1])[cH1:4]	179.973	7.35294	-	-	-	-	G
C13422227      none	B	[O:1]=[C:2]([O-])!@[c:3]([cH1])[cH0:4]	90.0061	0	-	-	-	-	R
C34920973      none	B	[*:1]~[CX4:2]!@[n:3]~[*:4]	90	3.25743	-	-	-	-	G
C34920973      none	B	[OX2:1][CX4:2]!@[CX4:3][OX2:4]	173.179	4.6108	-	-	-	-	G
C34920973      none	B	[C:1][CX4H2:2]!@[OX2:3][!#1:4]	150	2.01398	-	-	-	-	G
C34920973      none	B	[*:1]~[OX2:2]!@[P:3]~[*:4]	60.0021	4.54722	-	-	-	-	G
C20256386      none	B	[$(C=O):1][NX3H1:2]!@[CX4H0:3][C:4]	59.9969	13.3187	-	-	-	-	G
C20256386      none	B	[O:1]=[CX3:2]!@[NX3H1:3][!#1:4]	-0.00124673	63.7893	-	-	-	-	G
C20256386      none	B	[O:1]=[CX3:2]!@[NX3H0:3][!#1:4]	0.309302	25.0866	-	-	-	-	G
C20256386      none	B	[O:1]=[C:2]([O-])!@[CX4H1:3][H:4]	-0.000997623	0.495663	-	-	-	-	O
C60393573      none	B	[O:1]=[C:2]([O-])!@[c:3]([cH1])[cH1:4]	179.965	7.35294	-	-	-	-	G
C60393573      none	B	[aH0:1][c:2]([aH1])!@[SX4:3][!#1:4]	-69.7375	15.3236	-	-	-	-	G
C60393573      none	B	[c:1][S:2](=O)(=O)!@[NX2H0-:3]-[*:4]	90.0043	2.77778	-	-	-	-	G
C60393573      none	B	[$(S(=O)(=O)):1][NH0:2]!@[c:3]([cH1])[cH1:4]	-120.303	1.65289	-	-	-	-	G
C41035868      none	B	[NH1:1][CX4:2]!@[CX3:3]=[O:4]	-119.997	0.275693	-	-	-	-	G
C41035868      none	B	[$(C=O):1][NX3H1:2]!@[CX4H0:3][C:4]	-60.0034	14.7253	-	-	-	-	G
C41035868      none	B	[O:1]=[CX3:2]([$([NX3H1]C)])!@[NX3H1:3][!#1:4]	0.0100072	41.1343	-	-	-	-	G
C41035868      none	B	[O:1]=[CX3:2]([$([NX3H1]C)])!@[NX3H1:3][!#1:4]	-0.0129333	41.1343	-	-	-	-	G
C41035868      none	B	[$([CX3]=O):1][NX3H1:2]!@[CX4H2:3][C:4] 	-89.9919	7.35439	-	-	-	-	G
C41035868      none	B	N[C:2](=[O:1])!@[CH2:3][N:4]	-120.002	0.892857	-	-	-	-	G
C22212506      none	B	[NH1:1][CX4:2]!@[CX3:3]=[O:4]	-150	4.5183	-	-	-	-	G
C22212506      none	B	[$(C=O):1][NX3H1:2]!@[CX4H0:3][C:4]	180	11.3993	-	-	-	-	G
C22212506      none	B	[O:1]=[CX3:2]([$([NX3H1]C)])!@[NX3H1:3][!#1:4]	-0.00235689	41.1343	-	-	-	-	G
C22212506      none	B	[O:1]=[CX3:2]([$([NX3H1]C)])!@[NX3H1:3][!#1:4]	-0.00356317	41.1343	-	-	-	-	G
C22212506      none	B	[$([CX3]=O):1][NX3H1:2]!@[CX4H2:3][C:4] 	90.0056	7.35439	-	-	-	-	G
C22212506      none	B	N[C:2](=[O:1])!@[CH2:3][N:4]	120.003	0.595238	-	-	-	-	G
C62723295      none	B	[aH1:1][c:2]([aH1])!@[SX4:3][!#1:4]	90.0037	12.916	-	-	-	-	G
C40578975      none	B	[NH1:1][CX4:2]!@[CX3:3]=[O:4]	-29.4029	4.44172	-	-	-	-	G
C40578975      none	B	[$(C=O):1][NX3H1:2]!@[CX4H0:3][C:4]	179.996	11.3993	-	-	-	-	G
C40578975      none	B	[O:1]=[CX3:2]([$([NX3H1]C)])!@[NX3H1:3][!#1:4]	-0.0104955	41.1343	-	-	-	-	G
C40578975      none	B	[O:1]=[CX3:2]([$([NX3H1]C)])!@[NX3H1:3][!#1:4]	0.0103969	41.1343	-	-	-	-	G
C40578975      none	B	[$([CX3]=O):1][NX3H1:2]!@[CX4H2:3][C:4] 	149.995	1.43139	-	-	-	-	O
C40578975      none	B	[!#1:1][CX4H2:2]!@[CX4H2:3][!#1:4]	-59.9978	3.77933	-	-	-	-	G
C40578975      none	B	[!#1:1][CX4:2]!@[SX4:3][!#1:4]	-32.2578	0.484211	-	-	-	-	O
C37582551      none	B	[O-:1][N+:2](=O)!@[c:3]([cH,nX2H0])[cH,nX2H0:4]	179.979	23.2156	-	-	-	-	G
C37582551      none	B	[a:1][c:2]!@[C:3]([NH0])=[O:4]	0.00556073	2.33333	-	-	-	-	G
C37582551      none	B	[O:1]=[CX3:2](a)!@[NX3H0:3][!#1:4]	149.999	2.50464	-	-	-	-	G
C37582551      none	B	[$([CX3]=O):1][NX3H0:2](C)!@[CX4H2:3][C:4]	119.999	2.74443	-	-	-	-	O
C37582551      none	B	[$(C=O):1][NX3H0:2]!@[CX4H1:3][H:4]	-85.6627	0.12605	-	-	-	-	R
C37582551      none	B	[!#1:1][CX4H2:2]!@[CX4H2:3][!#1:4]	-59.9988	3.77933	-	-	-	-	G
C37582551      none	B	[C:1][CX4H2:2]!@[CX3:3]=[O:4]	-120.009	0.79457	-	-	-	-	O
C03158888      none	B	[aH1:1][c:2]([aH1])!@[SX4:3][!#1:4]	89.9168	12.916	-	-	-	-	G
C03158888      none	B	[cH1,nX2H0:1][c:2]([cH1,nX2H0])!@[NX3r:3][*:4]	60.2849	2.78062	-	-	-	-	O
C37431757      none	B	[OX2:1][CX4:2]!@[CX4:3][N:4]	-40.0172	1.41573	-	-	-	-	G
C37431757      none	B	[O:1]=[C:2]([O-])!@[CX4H1:3][H:4]	90.0029	0.86741	-	-	-	-	O
C37431757      none	B	[$(C=O):1][NX3H1:2]!@[CX4H1:3][H:4]	30.0041	9.46757	-	-	-	-	G
C37431757      none	B	[O:1]=[CX3:2]!@[NX3H1:3][!#1:4]	-0.00235024	63.7893	-	-	-	-	G
C37431757      none	B	[a:1][c:2]!@[C:3]([NH1,NH2])=[O:4]	30.3214	4.93827	-	-	-	-	O
C37431757      none	B	[aH0:1][c:2]([aH1])!@[SX4:3][!#1:4]	-109.778	1.0568	-	-	-	-	O
C37431757      none	B	[c:1][$(S(=O)=O):2]!@[NX3H0:3][C:4]	60.0003	7.00418	-	-	-	-	G
C35796068      none	B	[C:1][CX4:2]!@[CX3:3]=[O:4]	29.9976	3.28614	-	-	-	-	G
C35796068      none	B	[*:1]~[CX4:2]!@[n:3]~[*:4]	60.0046	3.54922	-	-	-	-	G
C40472170      none	B	[a:1][c:2]!@[C:3]([NH0])=[O:4]	-59.9925	3.63889	-	-	-	-	G
C40472170      none	B	[O:1]=[CX3:2](a)!@[NX3H0:3][!#1:4]	150.276	2.50464	-	-	-	-	G
C40472170      none	B	[O:1]=[C:2]([O-])!@[CX4H1:3][H:4]	-0.0054304	0.495663	-	-	-	-	O
C43540815      none	B	[a:1][c:2]!@[CX4H1:3][N,O:4]	-59.9982	3.48172	-	-	-	-	G
C43540815      none	B	[aH1:1][c:2]([aH1])!@[SX4:3][!#1:4]	-89.9979	12.5987	-	-	-	-	G
C19328014      none	B	[O:1]=[C:2]!@[O:3]~[C:4]	0.00964519	74.4927	-	-	-	-	G
C19328014      none	B	[N:1][CX4:2]!@[CX3:3]=[O:4]	153.278	6.84729	-	-	-	-	G
C04293650      none	B	[*:1]~[NX2:2]!@[nX3:3]~[*:4]	-89.6895	0.976563	-	-	-	-	G
C62930985      none	B	[aH0:1][c:2]([aH1])!@[SX4:3][!#1:4]	89.9854	4.49141	-	-	-	-	G
C62930985      none	B	[c:1][S:2](=O)(=O)!@[NX2H0-:3]-[*:4]	-90.0012	2.77778	-	-	-	-	G
C62930985      none	B	[$(S(=O)(=O)):1][NH0:2]!@[c:3]([cH1])[cH1:4]	-60.278	0.826446	-	-	-	-	G
C62930985      none	B	[a:1][c:2]!@[CX4H2:3][!#1:4]	-89.9993	7.30446	-	-	-	-	G
C62930985      none	B	[!#1:1][CX4:2]!@[SX4:3][!#1:4]	-52.2536	4.65263	-	-	-	-	G
C63008980      none	B	[!#1:1][CX4:2]!@[CX4:3][!#1:4]	79.9952	1.75235	-	-	-	-	G
C63008980      none	B	[NH1:1][CX4:2]!@[CX3:3]=[O:4]	180	3.23174	-	-	-	-	O
C63008980      none	B	[$(C=O):1][NX3H1:2]!@[CX4H1:3][H:4]	30.0024	9.46757	-	-	-	-	G
C63008980      none	B	[O:1]=[CX3:2]!@[NX3H1:3][!#1:4]	-0.00351859	63.7893	-	-	-	-	G
C63008980      none	B	[$(C=O):1][NX3H1:2]!@[c:3]([cH0]F)[cH:4]	30.2736	10.5263	-	-	-	-	O
C63008980      none	B	[O:1]=[C:2]([O-])!@[c:3]([cH1])[cH1:4]	179.978	7.35294	-	-	-	-	G
C63008980      none	B	[O:1]=[CX3:2]!@[NX3H1:3][!#1:4]	-0.00989007	63.7893	-	-	-	-	G
C50420841      none	B	[a:1][c:2]!@[CX4H1:3][N,O:4]	60.0011	3.42939	-	-	-	-	G
C50420841      none	B	[$(C=O):1][NX3H1:2]!@[CX4H1:3][H:4]	60.0049	6.22422	-	-	-	-	G
C50420841      none	B	[O:1]=[CX3:2]([$([NX3H1]C)])!@[NX3H1:3][!#1:4]	-0.0146411	41.1343	-	-	-	-	G
C50420841      none	B	[O:1]=[C:2]([NH1])!@[NX3H1:3](C=O)[H:4]	-0.00787943	58.9474	-	-	-	-	G
C50420841      none	B	[O:1]=[C:2]!@[NX3H1:3](C=O)[H:4]	180	35.6725	-	-	-	-	G
C50420841      none	B	[*^2:1]~[C^2:2]([!H])!@[C^2:3]~[*^2:4]	0.00970297	20.0453	-	-	-	-	G
C50420841      none	B	[*^2:1]~[C^2:2]([!H])!@[C^2:3]~[*^2:4]	30.0037	1.05249	-	-	-	-	G
C39646858      none	B	[$([cH0]([CX3])):1][c:2]([cH1])!@[O:3][C:4]	149.983	0.462963	-	-	-	-	O
C39646858      none	B	[O:1]=[C:2]([O-])!@[c:3]([cH1])[cH0:4]	0.0119604	8.88889	-	-	-	-	G
C39646858      none	B	[C:1][CX4H2:2]!@[OX2:3][c:4]	89.995	1.05285	-	-	-	-	G
C39646858      none	B	[!#1:1][CX4:2]!@[CX3H0:3][!#1:4]	-120.262	1.6873	-	-	-	-	O
C39646858      none	B	[O:1]=[C:2]([O-])!@[CX4H1:3][H:4]	-0.000897027	0.495663	-	-	-	-	O
C37431843      none	B	[aH1:1][c:2]([aH1])!@[SX4:3][!#1:4]	89.9975	12.916	-	-	-	-	G
C37431843      none	B	[cH0:1][c:2]([cH1])!@[CX3:3]([NX3H1])=[O:4]	-60.0035	2.698	-	-	-	-	G
C37431843      none	B	[O:1]=[CX3:2]!@[NX3H1:3][!#1:4]	-0.000231162	63.7893	-	-	-	-	G
C37431843      none	B	[$(C=O):1][NX3H1:2]!@[CX4H1:3][H:4]	180	0.712411	-	-	-	-	R
C37431843      none	B	[OX2:1][CX4:2]!@[CX4:3][N:4]	179.999	9.8427	-	-	-	-	G
C37431843      none	B	[O:1]=[C:2]([O-])!@[CX4H1:3][H:4]	90.0032	0.86741	-	-	-	-	O
C05410060      none	B	[NH1:1][CX4:2]!@[CX3:3]=[O:4]	120.003	0.41354	-	-	-	-	G
C05410060      none	B	[C:1][CX4H2:2]!@[NX3:3][C:4]	-149.997	1.70085	-	-	-	-	G
C05410060      none	B	[!#1:1][CX3:2](=S)!@[NX3H1:3][!#1:4]	0.00862509	27.5459	-	-	-	-	G
C05410060      none	B	[!#1:1][CX3:2]!@[SX2:3][!#1:4]	90.0011	1.80723	-	-	-	-	G
C05410060      none	B	[!#1:1][CX4:2]!@[SX2:3][!#1:4]	79.995	6.41197	-	-	-	-	G
C05410060      none	B	[!#1:1][CX4H2:2]!@[CX3:3]=[O:4]	-89.9846	1.11373	-	-	-	-	G
C62431304      none	B	[OX2:1][CX4:2]!@[CX4:3][N:4]	179.995	9.8427	-	-	-	-	G
C62431304      none	B	[O:1]=[C:2]([O-])!@[CX4H1:3][H:4]	0.0094964	0.495663	-	-	-	-	O
C62431304      none	B	[$(S(=O)(=O)):1][NX3H1:2]!@[CX4H1:3][H:4]	-30.0066	9.39227	-	-	-	-	G
C62431304      none	B	[c:1][$(S(=O)=O):2]!@[NX3H1:3][C:4]	-89.9941	3.19032	-	-	-	-	G
C62431304      none	B	[aH1:1][c:2]([aH1])!@[SX4:3][!#1:4]	-89.715	12.5987	-	-	-	-	G
C62431304      none	B	[O-:1][N+:2](=O)!@[c:3]([cH0])[cH,nX2H0:4]	0.0195311	12.6374	-	-	-	-	G
C07636360      none	B	[!#1:1][CX4:2]!@[CX4:3][!#1:4]	-60.0031	12.2558	-	-	-	-	G
C07636360      none	B	[H:1][CX4H1:2]!@[SX4:3][!#1:4]	180	5.14139	-	-	-	-	G
C36969419      none	B	[aH1:1][c:2]([aH1])!@[SX4:3][!#1:4]	89.9968	12.916	-	-	-	-	G
C36969419      none	B	[a:1][c:2]!@[C:3]([NH1,NH2])=[O:4]	90.005	0.308642	-	-	-	-	O
C36969419      none	B	[c:1][$(S(=O)=O):2]!@[NX3H1:3][C:4]	60.0003	14.5215	-	-	-	-	G
C36969419      none	B	[$(S(=O)(=O)):1][NX3H1:2]!@[CX4H2:3][!#1:4]	90.0034	3.00429	-	-	-	-	G
C36969419      none	B	[!#1:1][CX4H2:2]!@[CX4H2:3][!#1:4]	180	58.554	-	-	-	-	G
C36969419      none	B	[!#1:1][CX4H2:2]!@[CX4H2:3][!#1:4]	59.9911	3.99483	-	-	-	-	G
C36969419      none	B	[C:1][CX4H2:2]!@[CX3:3]=[O:4]	-90.0028	1.15875	-	-	-	-	O
C61832877      none	B	[!#1:1][CX4:2]!@[CX4:3][!#1:4]	180	22.1548	-	-	-	-	G
C61832877      none	B	[!#1:1][CX4:2]!@[CX4:3][!#1:4]	60.0084	12.3771	-	-	-	-	G
C61832877      none	B	[O:1]=[CX3:2]([NH1])!@[CH2:3][C:4]	-90.0021	1.868	-	-	-	-	O
C61832877      none	B	[O:1]=[C:2]!@[NX3H1:3](C=O)[H:4]	180	35.6725	-	-	-	-	G
C61832877      none	B	[O:1]=[C:2]([NH1])!@[NX3H1:3](C=O)[H:4]	-0.00306759	58.9474	-	-	-	-	G
C61832877      none	B	[O:1]=[CX3:2]([$([NX3H1]C)])!@[NX3H1:3][!#1:4]	0.00508432	41.1343	-	-	-	-	G
C61832877      none	B	[$([CX3]=O):1][NX3H1:2]!@[CX4H2:3][C:4] 	180	6.46594	-	-	-	-	G
C61832877      none	B	[!#1:1][CX4H2:2]!@[CX4H2:3][!#1:4]	-60.0072	3.77933	-	-	-	-	G
C61832877      none	B	[$(S(=O)(=O)):1][NX3H1:2]!@[CX4H2:3][!#1:4]	149.998	5.15021	-	-	-	-	G
C61832877      none	B	[C:1][$(S(=O)=O):2]!@[NX3H1:3][C:4]	-89.997	6.12245	-	-	-	-	G
C61832877      none	B	[C:1][CX4H2:2]!@[CX3:3]=[O:4]	-89.9955	1.15875	-	-	-	-	O
C40589001      none	B	[O:1]=[CX3:2]!@[NX3H0:3][!#1:4]	29.9991	0.680979	-	-	-	-	O
C40589001      none	B	[CX4:1][CX4H2:2]!@[NX3;"N_lp":3][CX4:4]	79.9984	8.72362	-	-	-	-	G
C40589001      none	B	[OX2:1][CX4H2:2]!@[CX4H2:3][Nr:4]	179.999	8.33333	-	-	-	-	G
C40589001      none	B	[O:1]=[CX3:2]!@[NX3H1:3][!#1:4]	-0.00222501	63.7893	-	-	-	-	G
C40589001      none	B	[$(C=O):1][NX3H1:2]!@[CX4H1:3][H:4]	-30.0012	6.97413	-	-	-	-	G
C40589001      none	B	[!#1:1][CX4:2]!@[CX4:3][!#1:4]	-160.002	1.85018	-	-	-	-	G
C40589001      none	B	[O:1]=[C:2]([O-])!@[CX4H1:3][H:4]	89.9958	0.86741	-	-	-	-	O
C40589001      none	B	[C:1][CX4H2:2]!@[CX3:3]=[O:4]	119.992	0.695249	-	-	-	-	O
C45090555      none	B	[O:1]=[CX3:2]!@[NX3H0:3][!#1:4]	-30	0.692521	-	-	-	-	O
C45090555      none	B	[O:1]=[C:2]([O-])!@[CX4H1:3][H:4]	0.00505756	0.495663	-	-	-	-	O
C45090555      none	B	[O:1]=[CX3:2]!@[NX3H1:3][!#1:4]	-0.00388403	63.7893	-	-	-	-	G
C45090555      none	B	[$([CX3]=O):1][NX3H1:2]!@[CX4H2:3][C:4] 	60.0018	1.1846	-	-	-	-	G
C45090555      none	B	[!#1:1][CX4H2:2]!@[CX4H2:3][!#1:4]	59.9966	3.99483	-	-	-	-	G
C45090555      none	B	[!#1:1][CX4H2:2]!@[CX4H2:3][!#1:4]	180	58.554	-	-	-	-	G
C45090555      none	B	[!#1:1][CX4:2]!@[SX4:3][!#1:4]	-172.26	7.34737	-	-	-	-	G
C05778213      none	B	[cH1:1][c:2]([cH1])!@[C:3]([NH1,NH2])=[O:4]	26.9927	8.08167	-	-	-	-	G
C05778213      none	B	[O:1]=[CX3:2]!@[NX3H1:3][!#1:4]	0.0107896	63.7893	-	-	-	-	G
C05778213      none	B	[*:1]~[NX3:2]!@[NX2:3]~[*:4]	179.998	29.4914	-	-	-	-	G
C05778213      none	B	[C:1][CX4:2]!@[CX3:3][C:4]	-90.003	3.54604	-	-	-	-	G
C05778213      none	B	[C:1][CX4:2]!@[CX3:3][C:4]	-89.9921	3.54604	-	-	-	-	G
C05778213      none	B	[!#1:1][CX4H2:2]!@[CX4H2:3][!#1:4]	179.995	58.554	-	-	-	-	G
C05778213      none	B	[C:1][CX4H2:2]!@[CX3:3]=[O:4]	119.996	0.695249	-	-	-	-	O
C05778213      none	B	[!#1:1][CX4H2:2]!@[CX4H2:3][!#1:4]	179.999	58.554	-	-	-	-	G
C05778213      none	B	[C:1][CX4H2:2]!@[CX3:3]=[O:4]	119.999	0.695249	-	-	-	-	O
C41038055      none	B	[NH1:1][CX4:2]!@[CX3:3]=[O:4]	-30.0012	4.44172	-	-	-	-	G
C41038055      none	B	[$(C=O):1][NX3H1:2]!@[CX4H0:3][C:4]	-59.9888	14.7253	-	-	-	-	G
C41038055      none	B	[O:1]=[CX3:2]!@[NX3H1:3][!#1:4]	-0.00852207	63.7893	-	-	-	-	G
C41038055      none	B	[a:1][c:2]!@[C:3]([NH1,NH2])=[O:4]	150.003	5.34677	-	-	-	-	O
C04759957      none	-	-	-	-	-	-	-	-	-
C54398971      none	B	[C:1][CH2:2]!@[O:3][CX4:4]	159.999	5.67469	-	-	-	-	G
C54398971      none	B	[!#1:1][CX4H2:2]!@[CX4H2:3][!#1:4]	179.997	58.554	-	-	-	-	G
C54398971      none	B	[!#1:1][CX4:2]!@[CX4:3][!#1:4]	-60.0025	12.2558	-	-	-	-	G
C54398971      none	B	[O:1]=[C:2]([O-])!@[CX4H1:3][H:4]	90.0123	0.86741	-	-	-	-	O
C54398971      none	B	[!#1:1][CX4H1:2]!@[NX3:3][!#1:4]	59.9969	5.65868	-	-	-	-	G
C54398971      none	B	[cH0:1][c:2]([cH,nX2H0])!@[NX3H1:3][CX4:4]	90.0033	0	-	-	-	-	R
C54398971      none	B	[$([c]([NH1,NH2])):1][c:2]!@[CX3:3]([!O])=[O:4]	180	1.10497	-	-	-	-	R
C37238938      none	B	[aH1:1][c:2]([aH1])!@[SX4:3][!#1:4]	89.9957	12.916	-	-	-	-	G
C37238938      none	B	[cH1:1][c:2]([cH1])!@[O:3][C:4]	29.9995	0.264964	-	-	-	-	O
C37238938      none	B	[C:1][CX4H2:2]!@[OX2:3][c:4]	149.999	0.884397	-	-	-	-	O
C37238938      none	B	[!#1:1][CX4H2:2]!@[CX4H2:3][!#1:4]	-59.9993	3.77933	-	-	-	-	G
C37238938      none	B	[C:1][CX4H2:2]!@[CX3:3]=[O:4]	120.004	0.695249	-	-	-	-	O
C37238938      none	B	[c:1][S:2](=O)(=O)!@[NX2H0-:3]-[*:4]	60.0048	8.33333	-	-	-	-	G
C37238938      none	B	[$(S(=O)(=O)):1][N:2]!@[c:3][a:4]	-150.004	2.49023	-	-	-	-	G
C36742929      none	B	[$(S(=O)(=O)):1][NH0:2]!@[c:3]([cH1])[cH0:4]	89.9978	13.1148	-	-	-	-	G
C36742929      none	B	[*:1]~[N,n:2]!@[S:3]~[*:4]	-153.973	1.449	-	-	-	-	G
C36742929      none	B	[H:1][CX4H1:2]!@[SX4:3][!#1:4]	179.995	5.14139	-	-	-	-	G
C37835917      none	B	[O:1]=[CX3:2]!@[CX4H1r3:3][H:4]	-89.9987	0	-	-	-	-	R
C37835917      none	B	[O:1]=[C:2]([O-])!@[CX4H1:3][H:4]	0.00393288	0.495663	-	-	-	-	O
C37835917      none	B	[O:1]=[CX3:2]!@[NX3H0:3][!#1:4]	-30.007	0.692521	-	-	-	-	O
C37835917      none	B	[$([CX3]=O):1][NX3H0:2](C)!@[CX4H2:3][C:4]	-89.9952	15.9949	-	-	-	-	G
C37835917      none	B	[$([CX3]=O):1][NX3H0:2](C)!@[CX4H2:3][C:4]	-90.0024	15.9949	-	-	-	-	G
C37835917      none	B	[OX2:1][CX4H2:2]!@[CX4H2:3][N:4]	-60.0024	16.5981	-	-	-	-	G
C37835917      none	B	[OX2:1][CX4H2:2]!@[CX4H2:3][N:4]	60.0086	17.6955	-	-	-	-	G
C04688558      none	B	[aH0:1][c:2]([aH1])!@[SX4:3][!#1:4]	-90.0199	5.01982	-	-	-	-	O
C04688558      none	B	[cH0:1][c:2]!@[CX4H1:3][CX4:4]	120.004	7.01281	-	-	-	-	G
C52012006      none	B	[$(C=O):1][NX3H0:2]!@[CX4H1:3][H:4]	0.00128135	15.8824	-	-	-	-	G
C52012006      none	B	[$([CX3]=O):1][NX3H0:2](C)!@[CX4H2:3][C:4]	-59.9979	0.686106	-	-	-	-	O
C52012006      none	B	[O:1]=[CX3:2]!@[NX3H0:3][!#1:4]	150.004	1.73707	-	-	-	-	O
C52012006      none	B	[!#1:1][CX4H2:2]!@[CX4H2:3][!#1:4]	179.998	58.554	-	-	-	-	G
C52012006      none	B	[C:1][CX4H2:2]!@[CX3:3]=[O:4]	-120.012	0.79457	-	-	-	-	R
C52012006      none	B	[O:1]=[CX3:2]!@[NX3H1:3][!#1:4]	-0.00335384	63.7893	-	-	-	-	G
C52012006      none	B	[$(C=O):1][NX3H1:2]!@[CX4H1:3][H:4]	29.9971	9.46757	-	-	-	-	G
C40573849      none	B	[!#1:1][CX4:2]!@[CX4:3][!#1:4]	8.62734	0.0551082	-	-	-	-	R
C40573849      none	B	[NH1:1][CX4:2]!@[CX3:3]=[O:4]	120.003	0.41354	-	-	-	-	G
C40573849      none	B	[$(C=O):1][NX3H1:2]!@[CX4H0:3][C:4]	-59.9919	14.7253	-	-	-	-	G
C40573849      none	B	[O:1]=[CX3:2]!@[NX3H1:3][!#1:4]	-0.00837531	63.7893	-	-	-	-	G
C40573849      none	B	[O:1]=[CX3:2]!@[NX3H0:3][!#1:4]	180	18.2537	-	-	-	-	G
C40573849      none	B	[$([CX3]=O):1][NX3H0:2](C)!@[CX4H2:3][C:4]	59.9962	0.600343	-	-	-	-	O
C40573849      none	B	N[C:2](=[O:1])!@[CH2:3][N:4]	-149.997	2.38095	-	-	-	-	G
C22141988      none	B	[OX2:1][CX4:2]!@[CX4:3][N:4]	-79.9874	3.59551	-	-	-	-	G
C22141988      none	B	[O:1]=[C:2]([O-])!@[CX4H1:3][H:4]	90.0014	0.86741	-	-	-	-	O
C22141988      none	B	[$(C=O):1][NX3H1:2]!@[CX4H1:3][H:4]	-29.9961	6.97413	-	-	-	-	G
C22141988      none	B	[O:1]=[CX3:2]([$([NX3H1]C)])!@[NX3H1:3][!#1:4]	-0.000990981	41.1343	-	-	-	-	G
C22141988      none	B	[O:1]=[CX3:2]([$([NX3H1]C)])!@[NX3H1:3][!#1:4]	179.998	9.5176	-	-	-	-	R
C22141988      none	B	[$(C=O):1][NX3H1:2]!@[c:3]([cH0]F)[cH:4]	-89.7393	0	-	-	-	-	R
C62827901      none	B	[$([C](=O)):1][NX3:2]!@[a:3](s)[a:4]	-149.749	0	-	-	-	-	R
C62827901      none	B	[O:1]=[C:2]([O-])!@[c:3]([cH0])[cH0:4]	-89.7769	0	-	-	-	-	G
C62827901      none	B	[O:1]=[CX3:2]!@[NX3H1:3][!#1:4]	59.9984	0	-	-	-	-	R
C62827901      none	B	[O:1]=[CX3:2]!@[NX3H0:3][!#1:4]	-0.00957486	25.0866	-	-	-	-	G
C62827901      none	B	[$([CX3]=O):1][NX3H0:2](C)!@[CX4H2:3][C:4]	-89.9959	15.9949	-	-	-	-	G
C62827901      none	B	[$(C=O):1][NX3H0:2]!@[CX4H1:3][H:4]	29.996	2.94118	-	-	-	-	G
C62827901      none	B	[OX2:1][CX4H2:2]!@[CX4H2:3][N:4]	179.993	8.36763	-	-	-	-	G
C39465373      none	-	-	-	-	-	-	-	-	-
C03764908      none	B	[O:1]=[CX3:2]!@[NX3H1:3][!#1:4]	0.00278141	63.7893	-	-	-	-	G
C03764908      none	B	[$(C=O):1][NX3H1:2]!@[CX4H1:3][H:4]	-60.0016	1.23735	-	-	-	-	G
C03764908      none	B	[!#1:1][CX4:2]!@[CX4:3][!#1:4]	179.996	22.1548	-	-	-	-	G
C03764908      none	B	[O:1]=[C:2]([O-])!@[CX4H1:3][H:4]	90.0084	0.86741	-	-	-	-	O
C03764908      none	B	[!#1:1][CX4:2]!@[SX2:3][!#1:4]	40.0061	0.636754	-	-	-	-	O
C03764908      none	B	[*:1]~[N,n:2]!@[S:3]~[*:4]	-90.0018	2.07385	-	-	-	-	G
C03764908      none	B	[*:1]~[cX3:2]!@[NX2:3]~[*:4]	0.28072	14.1132	-	-	-	-	G
C03764908      none	B	[O:1]=[C:2]([O-])!@[c:3]([cH1])[cH1:4]	-179.746	7.35294	-	-	-	-	G
C20258273      none	B	[OX2:1][CX4:2]!@[CX4:3][N:4]	-39.9972	1.41573	-	-	-	-	G
C20258273      none	B	[O:1]=[C:2]([O-])!@[CX4H1:3][H:4]	89.9876	0.86741	-	-	-	-	O
C20258273      none	B	[$(C=O):1][NX3H1:2]!@[CX4H1:3][H:4]	180	0.712411	-	-	-	-	R
C20258273      none	B	[O:1]=[CX3:2]!@[NX3H1:3][!#1:4]	-0.00113407	63.7893	-	-	-	-	G
C20258273      none	B	[nH0r6:1][cr6:2]([cH1r6])!@[C:3]([NH1,NH2])=[O:4]	180	49.7238	-	-	-	-	G
C40578674      none	B	[C:1][$(S(=O)=O):2]!@[NX3H1:3][C:4]	-59.9952	10.2041	-	-	-	-	G
C40578674      none	B	[$(S(=O)(=O)):1][NX3H1:2]!@[CX4H2:3][!#1:4]	119.997	2.14592	-	-	-	-	O
C40578674      none	B	[!#1:1][CX4H2:2]!@[CX4H2:3][!#1:4]	59.999	3.99483	-	-	-	-	G
C40578674      none	B	[$([CX3]=O):1][NX3H1:2]!@[CX4H2:3][C:4] 	60.0068	1.1846	-	-	-	-	G
C40578674      none	B	[O:1]=[CX3:2]!@[NX3H1:3][!#1:4]	-0.00686037	63.7893	-	-	-	-	G
C40578674      none	B	[O:1]=[CX3:2]!@[NX3H0:3][!#1:4]	30.2999	0.680979	-	-	-	-	O
C40578674      none	B	[O:1]=[C:2]([O-])!@[CX4H1:3][H:4]	0.00715368	0.495663	-	-	-	-	O
C40698268      none	B	[*:1][$(S(=O)=O):2]!@[NX3H0r:3][*:4]	60.2832	7.32227	-	-	-	-	G
C40698268      none	B	[C:1][CX4:2]!@[CX3:3]=[O:4]	-120.073	3.42432	-	-	-	-	G
C40698268      none	B	[O:1]=[CX3:2]!@[NX3H1:3][!#1:4]	0.00137524	63.7893	-	-	-	-	G
C40698268      none	B	[$(C=O):1][NX3H1:2]!@[CX4H1:3][H:4]	-60.0021	1.23735	-	-	-	-	G
C40698268      none	B	[!#1:1][CX4:2]!@[CX4:3][!#1:4]	-160.004	1.85018	-	-	-	-	G
C40698268      none	B	[O:1]=[C:2]([O-])!@[CX4H1:3][H:4]	-0.0105418	0.495663	-	-	-	-	O
C40698268      none	B	[!#1:1][CX4H2:2]!@[CX4H2:3][!#1:4]	180	58.554	-	-	-	-	G
C13537304      none	B	[cH1,n:1][c:2]!@[O:3][CRH1:4]	-0.00699331	14.4309	-	-	-	-	G
C13537304      none	B	[O-:1][N+:2](=O)!@[c:3]([cH0])[cH,nX2H0:4]	-0.0350544	12.6374	-	-	-	-	G
C13537304      none	B	[H:1][CX4H1:2]!@[OX2:3][!#1:4]	59.9986	2.10701	-	-	-	-	G
C13537304      none	B	[OX2:1][CX4:2]!@[CX4:3][OX2:4]	-159.959	0.511128	-	-	-	-	O
C13537304      none	B	[C:1][CX4H2:2]!@[OX2:3][!#1:4]	-89.9981	2.78708	-	-	-	-	G
C13537304      none	B	[*:1]~[OX2:2]!@[P:3]~[*:4]	59.9922	4.54722	-	-	-	-	G
C61093772      none	B	[aH1:1][c:2]([aH1])!@[SX4:3][!#1:4]	-90.0044	12.5987	-	-	-	-	G
C61093772      none	B	[O:1]=[C:2]([O-])!@[c:3][nX3H1:4]	179.997	34.7826	-	-	-	-	G
C61093772      none	B	[c:1][S:2](=O)(=O)!@[NX2H0-:3]-[*:4]	-60.0073	11.1111	-	-	-	-	G
C61093772      none	B	[$(S(=O)(=O)):1][NH0:2]!@[c:3]([cH1])[cH0:4]	89.7324	13.1148	-	-	-	-	G
C34797895      none	B	[$(C=O):1][NX3H0:2]!@[c:3]([cH1])[cH1:4]	-150.02	1.13754	-	-	-	-	G
C34797895      none	B	[a:1][c:2]!@[CX4H2:3][CX3:4]	90.0023	7.83807	-	-	-	-	G
C34797895      none	B	[c:1][CX4H2:2]!@[CX3:3]=[O:4]	-89.9876	2.5641	-	-	-	-	G
C34797895      none	B	[O:1]=[C:2]([O-])!@[CX4H1:3][H:4]	90.0001	0.86741	-	-	-	-	O
C34797901      none	B	[O:1]=[C:2]([O-])!@[c:3]([cH1])[cH0:4]	0.0147514	8.88889	-	-	-	-	G
C34797901      none	B	[$(C=O):1][NX3H0:2]!@[c:3]([cH1])[cH1:4]	-150.024	1.13754	-	-	-	-	G
C34797901      none	B	[O:1]=[C:2]([O-])!@[CX4H1:3][H:4]	89.9986	0.86741	-	-	-	-	O
C01847712      none	B	[a:1][a:2]!@[NX3:3][!#1:4]	-149.995	1.91104	-	-	-	-	O
C01847712      none	B	[aH1:1][c:2]([aH1])!@[SX4:3][!#1:4]	89.997	12.916	-	-	-	-	G
C44567363      none	B	[!#1:1][CX4:2]!@[SX4:3][!#1:4]	-160.001	2.90526	-	-	-	-	G
C44567363      none	B	[!#1:1][CX4H2:2]!@[CX4H2:3][!#1:4]	180	58.554	-	-	-	-	G
C44567363      none	B	[!#1:1][CX4H2:2]!@[CX4H2:3][!#1:4]	-59.9936	3.77933	-	-	-	-	G
C44567363      none	B	[$([CX3]=O):1][NX3H1:2]!@[CX4H2:3][C:4] 	89.9942	7.35439	-	-	-	-	G
C44567363      none	B	[O:1]=[CX3:2]([$([NX3H1]C)])!@[NX3H1:3][!#1:4]	0.0112027	41.1343	-	-	-	-	G
C44567363      none	B	[O:1]=[C:2]([NH1])!@[NX3H1:3](C=O)[H:4]	0.00103814	58.9474	-	-	-	-	G
C44567363      none	B	[O:1]=[C:2]!@[NX3H1:3](C=O)[H:4]	179.994	35.6725	-	-	-	-	G
C44567363      none	B	[OX2:1][CX4H2:2]!@[CX3:3]([$([NX3H1,NX3H2])])=[O:4]	150.008	1.07143	-	-	-	-	O
C44567363      none	B	[C:1][CH2:2]!@[O:3][CX4:4]	-79.9929	1.18773	-	-	-	-	G
C44567363      none	B	[C:1][CH2:2]!@[O:3][CX4:4]	79.9935	1.71561	-	-	-	-	G
C44567363      none	B	[O:1][CX4:2]!@[CX3:3]=[O:4]	-119.997	1.11962	-	-	-	-	O
C36972245      none	B	[a:1][a:2]!@[CX3:3]=[CX3H1:4]	-30.0002	2.14556	-	-	-	-	G
C36972245      none	B	[*^2:1]~[C^2:2]([!H])!@[C^2:3]~[*^2:4]	-29.9973	1.21216	-	-	-	-	G
C36972245      none	B	[O:1]=[CX3:2]!@[NX3H1:3][!#1:4]	-0.000335706	63.7893	-	-	-	-	G
C36972245      none	B	[$(C=O):1][NX3H1:2]!@[CX4H1:3][H:4]	60.0007	6.22422	-	-	-	-	G
C36972245      none	B	[OX2:1][CX4:2]!@[CX4:3][N:4]	-59.9932	14.8764	-	-	-	-	G
C36972245      none	B	[O:1]=[C:2]([O-])!@[CX4H1:3][H:4]	90.003	0.86741	-	-	-	-	O
C40697145      none	B	[a:1][c:2]!@[C:3]([NH1,NH2])=[O:4]	-150.002	5.2923	-	-	-	-	O
C40697145      none	B	[O:1]=[CX3:2]!@[NX3H1:3][!#1:4]	0.00113338	63.7893	-	-	-	-	G
C40697145      none	B	[$(C=O):1][NX3H1:2]!@[CX4H1:3][H:4]	-60.0016	1.23735	-	-	-	-	G
C40697145      none	B	[!#1:1][CX4:2]!@[CX4:3][!#1:4]	39.9954	0.998355	-	-	-	-	G
C40697145      none	B	[O:1]=[C:2]([O-])!@[CX4H1:3][H:4]	89.9921	0.86741	-	-	-	-	O
C40697145      none	B	[!#1:1][CX4H2:2]!@[CX4H2:3][!#1:4]	180	58.554	-	-	-	-	G
C36884630      none	B	[!#1:1][CX4:2]!@[SX2:3][!#1:4]	179.996	11.1654	-	-	-	-	G
C36884630      none	B	[!#1:1][CX4H2:2]!@[CX4H2:3][!#1:4]	179.999	58.554	-	-	-	-	G
C36884630      none	B	[!#1:1][CX4:2]!@[CX4:3][!#1:4]	-159.995	1.85018	-	-	-	-	G
C36884630      none	B	[NH1:1][CX4:2]!@[CX3:3]=[O:4]	30.0018	2.12896	-	-	-	-	G
C36884630      none	B	[$(C=O):1][NX3H1:2]!@[CX4H1:3][H:4]	29.999	9.46757	-	-	-	-	G
C36884630      none	B	[O:1]=[CX3:2]!@[NX3H0:3][!#1:4]	-0.000767712	25.0866	-	-	-	-	G
C36884630      none	B	[$([CX3]=O):1][NX3H0:2](C)!@[CX4H2:3][C:4]	-89.9984	15.9949	-	-	-	-	G
C36884630      none	B	[$([CX3]=O):1][NX3H0:2](C)!@[CX4H2:3][C:4]	89.9985	14.7513	-	-	-	-	G
C36884630      none	B	[!#1:1][CX4:2]!@[CX4:3][!#1:4]	-91.3803	0.488284	-	-	-	-	O
C36884630      none	B	[N:1][CX4:2]!@[CX3:3]=[O:4]	119.987	0.766617	-	-	-	-	O
C36884630      none	B	[O:1]=[CX3:2]!@[NX3H1:3][!#1:4]	0.000781816	63.7893	-	-	-	-	G
C34196888      none	B	[OH1:1][CX4:2]!@[CX3:3]=[O:4]	179.031	6.03577	-	-	-	-	G
C34196888      none	B	[O:1][CX4:2]!@[CX3:3]=[O:4]	-150	3.9285	-	-	-	-	G
C34196888      none	B	[C:1][CX4H2:2]!@[OX2:3][!#1:4]	-160.003	4.83061	-	-	-	-	G
C34196888      none	B	[*:1]~[OX2:2]!@[SX4:3]~[*:4]	40.012	4.66479	-	-	-	-	G
C42575601      none	B	[NH1:1][CX4:2]!@[CX3:3]=[O:4]	120.005	0.41354	-	-	-	-	G
C42575601      none	B	[$(C=O):1][NX3H1:2]!@[CX4H1:3][H:4]	30.0132	9.46757	-	-	-	-	G
C42575601      none	B	[O:1]=[CX3:2]!@[NX3H1:3][!#1:4]	0.00269472	63.7893	-	-	-	-	G
C42575601      none	B	[O:1]=[CX3:2]([$([NX3H1]C)])!@[NX3H1:3][!#1:4]	-0.016784	41.1343	-	-	-	-	G
C42575601      none	B	[O:1]=[CX3:2]([$([NX3H1]C)])!@[NX3H1:3][!#1:4]	180	9.5176	-	-	-	-	R
C42575601      none	B	[$(C=O):1][NX3H1:2]!@[CX4H0:3][C:4]	176.347	11.3993	-	-	-	-	G
C42575601      none	B	[NH1:1][CX4:2]!@[CX3:3]=[O:4]	89.9987	0.183795	-	-	-	-	R
C41035834      none	B	[NH1:1][CX4:2]!@[CX3:3]=[O:4]	119.999	0.41354	-	-	-	-	G
C41035834      none	B	[$(C=O):1][NX3H1:2]!@[CX4H0:3][C:4]	59.9986	13.3187	-	-	-	-	G
C41035834      none	B	[O:1]=[CX3:2]([$([NX3H1]C)])!@[NX3H1:3][!#1:4]	0.00386831	41.1343	-	-	-	-	G
C41035834      none	B	[O:1]=[CX3:2]([$([NX3H1]C)])!@[NX3H1:3][!#1:4]	179.992	9.5176	-	-	-	-	R
C41035834      none	B	[$(C=O):1][NX3H1:2]!@[CX4H1:3][H:4]	59.9998	6.22422	-	-	-	-	G
C09484814      none	B	[c:1][c:2]!@[c:3][s,o,nX3H1:4]	89.9932	0.30147	-	-	-	-	R
C09484814      none	B	[cH1:1][c:2]([cH1])!@[C:3]([NH1,NH2])=[O:4]	-26.9588	8.39053	-	-	-	-	G
C09484814      none	B	[O:1]=[CX3:2]!@[NX3H1:3][!#1:4]	-0.00496444	63.7893	-	-	-	-	G
C09484814      none	B	[$(C=O):1][NX3H1:2]!@[CX4H1:3][H:4]	-30.0016	6.97413	-	-	-	-	G
C09484814      none	B	[!#1:1][CX4:2]!@[CX4:3][!#1:4]	39.9883	0.998355	-	-	-	-	G
C09484814      none	B	[O:1]=[C:2]([O-])!@[CX4H1:3][H:4]	89.9954	0.86741	-	-	-	-	O
C09484814      none	B	[C:1][CX4H2:2]!@[CX3:3]=[O:4]	-120	0.79457	-	-	-	-	O
C47318047      none	B	[aH1:1][c:2]([aH1])!@[SX4:3][!#1:4]	-90.0032	12.5987	-	-	-	-	G
C47318047      none	B	[c:1][S:2](=O)(=O)!@[NX2H0-:3]-[*:4]	-90.0026	2.77778	-	-	-	-	G
C47318047      none	B	[$(S(=O)(=O)):1][NH0:2]!@[c:3]([cH1])[cH1:4]	119.715	2.06612	-	-	-	-	G
C47318047      none	B	[O:1]=[C:2]([O-])!@[c:3]([cH1])[cH0:4]	89.9931	0	-	-	-	-	R
C63144141      none	B	[!#1:1][CX4:2]!@[SX4:3][!#1:4]	159.998	2.73684	-	-	-	-	G
C63144141      none	B	[!#1:1][CX4H2:2]!@[CX4H2:3][!#1:4]	180	58.554	-	-	-	-	G
C63144141      none	B	[!#1:1][CX4:2]!@[SX4:3][!#1:4]	167.74	7.85263	-	-	-	-	G
C63144141      none	B	[*:1]~[N,n:2]!@[S:3]~[*:4]	-60.0002	4.40087	-	-	-	-	G
C63144141      none	B	[$(S(=O)(=O)):1][NH0:2]!@[c:3]([cH1])[cH1:4]	-60.282	0.826446	-	-	-	-	G
C63144141      none	B	[aH1:1][c:2]([aH1])!@[SX4:3][!#1:4]	0.00186816	0.126904	-	-	-	-	R
C39121736      none	B	[n,o,s:1][c:2]!@[CX4H2:3][CX4:4]	-44.6647	0.972326	-	-	-	-	O
C39121736      none	B	[$(S(=O)(=O)):1][N:2]!@[c:3][a:4]	0.00109042	3.75977	-	-	-	-	G
C39121736      none	B	[*:1]~[N,n:2]!@[S:3]~[*:4]	173.859	5.49166	-	-	-	-	G
C36967230      none	B	[OX2:1][CX4:2]!@[CX4:3][N:4]	79.9943	3.55056	-	-	-	-	G
C36967230      none	B	[O:1]=[C:2]([O-])!@[CX4H1:3][H:4]	0.000475448	0.495663	-	-	-	-	O
C36967230      none	B	[$(S(=O)(=O)):1][NX3H1:2]!@[CX4H1:3][H:4]	-0.00119471	7.36648	-	-	-	-	G
C36967230      none	B	[c:1][$(S(=O)=O):2]!@[NX3H1:3][C:4]	-90.0033	3.19032	-	-	-	-	G
C36967230      none	B	[aH1:1][c:2]([aH1])!@[SX4:3][!#1:4]	-89.717	12.5987	-	-	-	-	G
C36965918      none	B	[OX2:1][CX4:2]!@[CX4:3][N:4]	39.997	1.66292	-	-	-	-	G
C36965918      none	B	[O:1]=[C:2]([O-])!@[CX4H1:3][H:4]	90.0033	0.86741	-	-	-	-	O
C36965918      none	B	[$(C=O):1][NX3H1:2]!@[CX4H1:3][H:4]	-30.0013	6.97413	-	-	-	-	G
C36965918      none	B	[O:1]=[CX3:2]!@[NX3H1:3][!#1:4]	-0.00409719	63.7893	-	-	-	-	G
C36965918      none	B	[nH0r6:1][cr6:2]([cH1r6])!@[C:3]([NH1,NH2])=[O:4]	150.008	0.368324	-	-	-	-	G
C16956262      none	-	-	-	-	-	-	-	-	-
C19873531      none	B	[O-:1][N+:2](=O)!@[c:3]([cH0])[cH0:4]	89.9782	5.69106	-	-	-	-	G
C19873531      none	B	[a:1][c:2]!@[CX4H2:3][CX3:4]	89.9978	7.83807	-	-	-	-	G
C19873531      none	B	[c:1][CX4H2:2]!@[CX3:3]=[O:4]	119.994	1.4245	-	-	-	-	O
C43428202      none	B	[O:1]=[CX3:2]!@[NX3H0:3][!#1:4]	30.0009	0.680979	-	-	-	-	O
C43428202      none	B	[O:1]=[C:2]!@[NX3H1:3](C=O)[H:4]	180	35.6725	-	-	-	-	G
C43428202      none	B	[O:1]=[C:2]!@[NX3H1:3](C=O)[H:4]	179.994	35.6725	-	-	-	-	G
C43428202      none	B	[OX2:1][CX4H2:2]!@[CX3:3]([$([NX3H1,NX3H2])])=[O:4]	149.998	1.07143	-	-	-	-	O
C43428202      none	B	[C:1][CH2:2]!@[O:3][CX4:4]	-79.9972	1.18773	-	-	-	-	G
C43428202      none	B	[C:1][CH2:2]!@[O:3][CX4:4]	160	5.67469	-	-	-	-	G
C43428202      none	B	[O:1][CX4:2]!@[CX3:3]=[O:4]	120.004	0.923198	-	-	-	-	O
C39459712      none	B	[*:1]~[CX3:2]!@[OX2:3]~[*:4]	-89.9977	0.0840189	-	-	-	-	O
C62268535      none	B	[O:1]=[C:2]([O-])!@[c:3]([cH1])[cH1:4]	179.979	7.35294	-	-	-	-	G
C62268535      none	B	[cH1:1][a:2]([cH1])!@[a:3]([sX2,o,nX2H0,nX3H1:4])([cH0])	60.0029	1.97285	-	-	-	-	G
C62268535      none	B	[a:1][c:2]!@[CX4H2:3][CX3:4]	90.0183	7.83807	-	-	-	-	G
C62268535      none	B	[c:1][CX4H2:2]!@[CX3:3]=[O:4]	-119.992	0.712251	-	-	-	-	O
C39559808      none	B	[cH0:1][c:2]([cH0])!@[CX3:3]=[O:4]	60.2793	2.43032	-	-	-	-	G
C39559808      none	B	[$([cH0]([CX3])):1][c:2]([cH1])!@[O:3][C:4]	89.999	0.868056	-	-	-	-	G
C39559808      none	B	[cH0:1][c:2]([cH0])!@[O:3][C:4]	60.0077	1.67405	-	-	-	-	G
C39559808      none	B	[$(C=O):1][NX3H1:2]!@[CX4H1:3][H:4]	-29.9951	6.97413	-	-	-	-	G
C39559808      none	B	[H:1][CX4H1:2]!@[OX2:3][!#1:4]	-37.8852	10.8116	-	-	-	-	G
C39559808      none	B	[*:1]~[OX2:2]!@[SX4:3]~[*:4]	-39.9901	4.33662	-	-	-	-	G
C39559808      none	B	[O:1]=[CX3:2]!@[NX3H1:3][!#1:4]	-0.00442304	63.7893	-	-	-	-	G
C63144124      none	B	[!#1:1][CX4:2]!@[SX4:3][!#1:4]	80.0029	3.66316	-	-	-	-	G
C63144124      none	B	[!#1:1][CX4H2:2]!@[CX4H2:3][!#1:4]	180	58.554	-	-	-	-	G
C63144124      none	B	[!#1:1][CX4:2]!@[SX4:3][!#1:4]	-172.26	7.34737	-	-	-	-	G
C63144124      none	B	[*:1]~[N,n:2]!@[S:3]~[*:4]	-60.0063	4.40087	-	-	-	-	G
C63144124      none	B	[$(S(=O)(=O)):1][NH0:2]!@[c:3]([cH1])[cH1:4]	119.726	2.06612	-	-	-	-	G
C63144124      none	B	[a:1][c:2]!@[CX4H2:3][!#1:4]	135	1.69481	-	-	-	-	O
C63144124      none	B	[!#1:1][CX4:2]!@[SX4:3][!#1:4]	-152.256	1.51579	-	-	-	-	O
C62835382      none	B	[CX4:1][CX4H2:2]!@[NX3:3][CX4:4]	-140.005	0.799705	-	-	-	-	O
C62835382      none	B	[C:1][CX4H2:2]!@[NX3:3][C:4]	-29.9993	0.025481	-	-	-	-	R
C62835382      none	B	[cH0:1][c:2]([cH,nX2H0])!@[NX3H0:3][CX4:4]	-120.277	1.65213	-	-	-	-	O
C62835382      none	B	N[C:2](=[O:1])!@[CH2:3][N:4]	90.0005	0	-	-	-	-	R
C62835382      none	B	[O:1]=[CX3:2]!@[NX3H0:3][!#1:4]	-149.999	1.37927	-	-	-	-	O
C62835382      none	B	[$(C=O):1][NX3H0:2]!@[CX4H1:3][H:4]	-0.00883125	15.8824	-	-	-	-	G
C62835382      none	B	[O:1]=[C:2]([O-])!@[c:3]([cH1])[cH1:4]	179.978	7.35294	-	-	-	-	G
C20218353      none	B	[$(C=O):1][NX3H1:2]!@[c:3]([cH1])[cH1:4]	149.976	5.05437	-	-	-	-	G
C20218353      none	B	[O:1]=[CX3:2]([$([NX3H1]C)])!@[NX3H1:3][!#1:4]	-0.0109133	41.1343	-	-	-	-	G
C20218353      none	B	[O:1]=[C:2]([NH1])!@[NX3H1:3](C=O)[H:4]	-0.00211824	58.9474	-	-	-	-	G
C20218353      none	B	[O:1]=[C:2]!@[NX3H1:3](C=O)[H:4]	180	35.6725	-	-	-	-	G
C20218353      none	B	[*^2:1]~[C^2:2]([!H])!@[C^2:3]~[*^2:4]	149.994	1.21045	-	-	-	-	G
C20218353      none	B	[*^2:1]~[C^2:2]([!H])!@[C^2:3]~[*^2:4]	-0.00509439	20.0453	-	-	-	-	G
C31978895      none	B	[O:1]=[C:2]([O-])!@[CX4H1:3][H:4]	90.0055	0.86741	-	-	-	-	O
C31978895      none	B	[C:1][CX4:2]!@[CX3:3]=[O:4]	-30.922	3.42621	-	-	-	-	G
C31978895      none	B	[O:1]=[CX3:2]!@[NX3H1:3][!#1:4]	0.00199381	63.7893	-	-	-	-	G
C31978895      none	B	[$([CX3]=O):1][NX3H1:2]!@[CX4H2:3][C:4] 	89.9961	7.35439	-	-	-	-	G
C31978895      none	B	[!#1:1][CX4H2:2]!@[CX4H2:3][!#1:4]	-59.9949	3.77933	-	-	-	-	G
C31978895      none	B	[!#1:1][CX4H2:2]!@[CX4H2:3][!#1:4]	180	58.554	-	-	-	-	G
CHEMBL294139      none	B	[$([CX3]([C])([H])):1]=[CX3:2]([H])!@[CH2:3][C:4]	119.998	14.0969	-	-	-	-	G
CHEMBL294139      none	B	[!#1:1][CX4:2]!@[CX4:3][!#1:4]	-159.996	1.85018	-	-	-	-	G
CHEMBL294139      none	B	[!#1:1][CX4:2]!@[CX4:3][!#1:4]	180	22.1548	-	-	-	-	G
CHEMBL294139      none	B	[O:1]=[C:2]([O-])!@[CX4H1:3][H:4]	0.00331718	0.495663	-	-	-	-	O
CHEMBL294139      none	B	[!#1:1][CX4:2]!@[CX4:3][!#1:4]	-39.9934	0.976141	-	-	-	-	G
CHEMBL294139      none	B	[O:1]=[C:2]([O-])!@[CX4H1:3][H:4]	90.002	0.86741	-	-	-	-	O
C36983794      none	B	[$(S(=O)(=O)):1][N:2]!@[c:3][a:4]	120.003	2.34375	-	-	-	-	G
C36983794      none	B	[c:1][S:2](=O)(=O)!@[NX2H0-:3]-[*:4]	-60.0015	11.1111	-	-	-	-	G
C36983794      none	B	[aH1:1][c:2]([aH1])!@[SX4:3][!#1:4]	-89.7008	12.5987	-	-	-	-	G
C36983794      none	B	[O:1]=[C:2]([O-])!@[c:3][nX3H1:4]	179.98	34.7826	-	-	-	-	G
C41018323      none	B	[aH0:1][c:2]([aH1])!@[SX4:3][!#1:4]	-70.02	15.3236	-	-	-	-	G
C41018323      none	B	[c:1][S:2](=O)(=O)!@[NX2H0-:3]-[*:4]	-60.0031	11.1111	-	-	-	-	G
C41018323      none	B	[$(S(=O)(=O)):1][N:2]!@[c:3][a:4]	120.004	2.34375	-	-	-	-	G
C41018323      none	B	[aH0:1][c:2]([aH0])!@[SX2:3][!#1:4]	120.003	1.75348	-	-	-	-	G
C41018323      none	B	[!#1:1][CX4:2]!@[SX2:3][!#1:4]	-90.0009	3.00607	-	-	-	-	G
C41018323      none	B	[!#1:1][CX4H2:2]!@[CX3:3]=[O:4]	120.004	0.613497	-	-	-	-	G
C42526903      none	B	[NH1:1][CX4:2]!@[CX3:3]=[O:4]	-119.997	0.275693	-	-	-	-	G
C42526903      none	B	[$(C=O):1][NX3H1:2]!@[CX4H0:3][C:4]	60.0015	13.3187	-	-	-	-	G
C42526903      none	B	[O:1]=[CX3:2]!@[NX3H1:3][!#1:4]	-0.000937683	63.7893	-	-	-	-	G
C42526903      none	B	[O:1]=[CX3:2]!@[NX3H0:3][!#1:4]	-149.999	1.37927	-	-	-	-	O
C42526903      none	B	[$([CX3]=O):1][NX3H0:2](C)!@[CX4H2:3][C:4]	60.0017	0.600343	-	-	-	-	O
C42526903      none	B	[$(C=O):1][NX3H0:2]!@[CX4H1:3][H:4]	-0.0040225	15.8824	-	-	-	-	G
C42526903      none	B	[!#1:1][CX4H2:2]!@[CX4H2:3][!#1:4]	180	58.554	-	-	-	-	G
C42526903      none	B	[!#1:1][CX4H2:2]!@[CX4H2:3][!#1:4]	179.998	58.554	-	-	-	-	G
C49502851      none	B	[!#1:1][CX4:2]!@[CX4:3][!#1:4]	179.998	22.1548	-	-	-	-	G
C49502851      none	B	[$(C=O):1][NX3H1:2]!@[CX4H1:3][H:4]	0.00509358	8.26772	-	-	-	-	G
C49502851      none	B	[CX4:1][CX4H2:2]!@[NX3;"N_lp":3][CX4:4]	-156.364	6.65327	-	-	-	-	G
C49502851      none	B	[O:1]=[CX3:2]([$([NX3H1]C)])!@[NX3H1:3][!#1:4]	0.00754805	41.1343	-	-	-	-	G
C49502851      none	B	[O:1]=[CX3:2]([$([NX3H1]C)])!@[NX3H1:3][!#1:4]	179.992	9.5176	-	-	-	-	R
C49502851      none	B	[$([CX3]=O):1][NX3H1:2]!@[CX4H2:3][C:4] 	90.0005	7.35439	-	-	-	-	G
C49502851      none	B	[!#1:1][CX4H2:2]!@[CX4H2:3][!#1:4]	180	58.554	-	-	-	-	G
C49502851      none	B	[C:1][CX4H2:2]!@[CX3:3]=[O:4]	-120.003	0.79457	-	-	-	-	O
C41034603      none	B	[NH1:1][CX4:2]!@[CX3:3]=[O:4]	119.996	0.41354	-	-	-	-	G
C41034603      none	B	[$(C=O):1][NX3H1:2]!@[CX4H0:3][C:4]	60.0011	13.3187	-	-	-	-	G
C41034603      none	B	[O:1]=[CX3:2]!@[NX3H1:3][!#1:4]	0.00128028	63.7893	-	-	-	-	G
C41034603      none	B	[O:1]=[CX3:2]([NH1])!@[CH2:3][C:4]	90.0015	2.11706	-	-	-	-	O
C41034603      none	B	[!#1:1][CX4H2:2]!@[CX4H2:3][!#1:4]	180	58.554	-	-	-	-	G
C41034603      none	B	[$([CX3]=O):1][NX3H1:2]!@[CX4H2:3][C:4] 	89.9997	7.35439	-	-	-	-	G
C41034603      none	B	[O:1]=[CX3:2]!@[NX3H1:3][!#1:4]	0.0013938	63.7893	-	-	-	-	G
C02380401      none	B	[$([c]([NH1,NH2])):1][c:2]!@[CX3:3]([!O])=[O:4]	-90.0049	0	-	-	-	-	R
C02380401      none	B	[O:1]=[C:2]([O-])!@[CX4H1:3][H:4]	89.9964	0.86741	-	-	-	-	O
C37431496      none	B	[OX2:1][CX4:2]!@[CX4:3][N:4]	-59.9963	14.8764	-	-	-	-	G
C37431496      none	B	[O:1]=[C:2]([O-])!@[CX4H1:3][H:4]	89.9988	0.86741	-	-	-	-	O
C37431496      none	B	[$(C=O):1][NX3H1:2]!@[CX4H1:3][H:4]	-30.0107	6.97413	-	-	-	-	G
C37431496      none	B	[O:1]=[CX3:2]!@[NX3H1:3][!#1:4]	0.0108156	63.7893	-	-	-	-	G
C37431496      none	B	[cH1:1][c:2]([cH1])!@[C:3]([NH1,NH2])=[O:4]	152.995	9.05971	-	-	-	-	G
C37431496      none	B	[$(C=O):1][NX3H1:2]!@[c:3]([cH1])[cH1:4]	179.97	8.15546	-	-	-	-	G
C37431496      none	B	[O:1]=[CX3:2]!@[NX3H1:3][!#1:4]	0.000600511	63.7893	-	-	-	-	G
C61173987      none	B	[$([CX3]=O):1][NX3H0:2](C)!@[CX4H2:3][C:4]	89.9985	14.7513	-	-	-	-	G
C61173987      none	B	[O:1]=[CX3:2]!@[NX3H0:3][!#1:4]	0.00417493	25.0866	-	-	-	-	G
C61173987      none	B	[$(C=O):1][NX3H0:2]!@[CX4H0:3][C:4]	59.9944	11.4865	-	-	-	-	G
C61173987      none	B	[O:1]=[CX3:2]!@[NX3H1:3][!#1:4]	59.9861	0	-	-	-	-	R
C61173987      none	B	[$(C=O):1][NX3H1:2]!@[c:3]([cH1])[cH1:4]	0.00666855	7.77286	-	-	-	-	G
C61173987      none	B	[N:1][CX4:2]!@[CX3:3]=[O:4]	0.0115504	7.55292	-	-	-	-	G
C10039429      none	B	[*:1]~[CX4:2]!@[n:3]~[*:4]	-60.0048	3.65221	-	-	-	-	G
C13342879      none	B	[cH0:1][c:2]([cH0])!@[CX3:3]=[O:4]	60.0012	2.43032	-	-	-	-	G
C13342879      none	B	[aH0:1][c:2]([aH0])!@[SX4:3][!#1:4]	-83.8592	8.10056	-	-	-	-	G
C13342879      none	B	[a:1][a:2]!@[CX3:3]=[O:4]	179.997	14.6728	-	-	-	-	G
C13342879      none	B	[O:1]=[C:2]!@[O:3]~[C:4]	0.00480404	74.4927	-	-	-	-	G
C13342879      none	B	[c:1][S:2](=O)(=O)!@[NX2H0-:3]-[*:4]	-60.0019	11.1111	-	-	-	-	G
C13342879      none	B	[$(S(=O)(=O)):1][NH0:2]!@[c:3]([cH1])[cH0:4]	119.719	0	-	-	-	-	R
C13342879      none	B	[O:1]=[C:2]([O-])!@[c:3]([cH1])[cH0:4]	89.9961	0	-	-	-	-	R
C13342879      none	B	[O:1]=[C:2]!@[O:3]~[C:4]	-0.00750087	74.4927	-	-	-	-	G
C40557090      none	B	[!#1:1][CX4:2]!@[CX4:3][!#1:4]	59.9927	12.3771	-	-	-	-	G
C40557090      none	B	[!#1:1][CX4:2]!@[CX4:3][!#1:4]	-159.998	1.85018	-	-	-	-	G
C40557090      none	B	[O:1]=[C:2]([O-])!@[CX4H1:3][H:4]	-0.0108537	0.495663	-	-	-	-	O
C40557090      none	B	[$(C=O):1][NX3H1:2]!@[CX4H1:3][H:4]	29.9932	9.46757	-	-	-	-	G
C40557090      none	B	[O:1]=[CX3:2]([$([NX3H1]C)])!@[NX3H1:3][!#1:4]	179.997	9.5176	-	-	-	-	R
C40557090      none	B	[O:1]=[CX3:2]([$([NX3H1]C)])!@[NX3H1:3][!#1:4]	0.0104154	41.1343	-	-	-	-	G
C40557090      none	B	[$(C=O):1][NX3H1:2]!@[CX4H1:3][H:4]	59.9973	6.22422	-	-	-	-	G
C13277622      none	B	[cH0:1][c:2]([cH,nX2H0])!@[NX3H1:3][CX4:4]	179.977	49.7854	-	-	-	-	G
C13277622      none	B	[O-:1][N+:2](=O)!@[c:3]([cH0])[cH,nX2H0:4]	-0.023211	12.6374	-	-	-	-	G
C13277622      none	B	[aH1:1][c:2]([aH1])!@[SX4:3][!#1:4]	-89.9974	12.5987	-	-	-	-	G
C13277622      none	B	[*:1][$(S(=O)=O):2]!@[NX3H0r:3][*:4]	90.2773	4.85782	-	-	-	-	G
C13277622      none	B	[O:1]=[C:2]([O-])!@[CX4H1:3][H:4]	0.00104393	0.495663	-	-	-	-	O
C13277622      none	B	[!#1:1][CX4H2:2]!@[NX3H1:3][!#1:4]	180	11.3535	-	-	-	-	G
C13277622      none	B	[NH1:1][CX4:2]!@[CX3:3]=[O:4]	-120.004	0.275693	-	-	-	-	G
C39563583      none	B	[!#1:1][CX3:2]!@[SX4:3][!#1:4]	126.144	0.815217	-	-	-	-	R
C39563583      none	B	[*:1]~[N,n:2]!@[S:3]~[*:4]	-90.0016	2.07385	-	-	-	-	G
C39563583      none	B	[$(S(=O)(=O)):1][NH0:2]!@[c:3]([cH1])[cH0:4]	89.7259	13.1148	-	-	-	-	G
C39563583      none	B	[O:1]=[C:2]([O-])!@[c:3]([cH1])[cH1:4]	179.98	7.35294	-	-	-	-	G
C40577730      none	B	[O:1]=[CX3:2]!@[NX3H0:3][!#1:4]	30.0037	0.680979	-	-	-	-	O
C40577730      none	B	[O:1]=[CX3:2]!@[NX3H1:3][!#1:4]	0.000302752	63.7893	-	-	-	-	G
C40577730      none	B	[$(C=O):1][NX3H1:2]!@[CX4H1:3][H:4]	-60.0074	1.23735	-	-	-	-	G
C40577730      none	B	[OX2:1][CX4:2]!@[CX4:3][N:4]	-80.0108	3.59551	-	-	-	-	O
C40577730      none	B	[O:1]=[C:2]([O-])!@[CX4H1:3][H:4]	0.00587177	0.495663	-	-	-	-	O
C19393624      none	B	[a:1][c:2]!@[C:3]([NH1,NH2])=[O:4]	-89.9984	0.299564	-	-	-	-	O
C19393624      none	B	[O:1]=[CX3:2]!@[NX3H1:3][!#1:4]	1.53887e-05	63.7893	-	-	-	-	G
C19393624      none	B	[$(C=O):1][NX3H1:2]!@[CX4H1:3][H:4]	29.9994	9.46757	-	-	-	-	G
C19393624      none	B	[OX2:1][CX4:2]!@[CX4:3][N:4]	-59.9966	14.8764	-	-	-	-	G
C19393624      none	B	[O:1]=[C:2]([O-])!@[CX4H1:3][H:4]	89.9958	0.86741	-	-	-	-	O
C02381292      none	B	[aH1:1][c:2]([aH1])!@[SX4:3][!#1:4]	-89.9998	12.5987	-	-	-	-	G
C62834702      none	B	[C:1][$(S(=O)=O):2]!@[NX3H0:3][c:4]	89.998	11.6279	-	-	-	-	G
C62834702      none	B	[$(S(=O)(=O)):1][NX3H0:2]!@[CX4H2:3][!#1:4]	60.006	0.215517	-	-	-	-	R
C62834702      none	B	[$(S(=O)(=O)):1][NH0:2]!@[c:3]([cH1])[cH0:4]	-120.273	0	-	-	-	-	R
C62834702      none	B	[N:1][CX4:2]!@[CX3:3]=[O:4]	119.996	0.766617	-	-	-	-	G
C64373880      none	B	[$(S(=O)(=O)):1][NH0:2]!@[c:3]([cH1])[cH1:4]	-120.027	1.65289	-	-	-	-	G
C64373880      none	B	[$(S(=O)(=O)):1][NH0:2]!@[c:3]([cH1])[cH0:4]	89.9997	13.1148	-	-	-	-	G
C64373880      none	B	[*:1]~[N,n:2]!@[S:3]~[*:4]	-153.974	1.449	-	-	-	-	G
C64373880      none	B	[c:1][S:2](=O)(=O)!@[NX2H0-:3]-[*:4]	60.0016	8.33333	-	-	-	-	G
C64373880      none	B	[aH0:1][c:2]([aH1])!@[SX4:3][!#1:4]	-70.3293	15.3236	-	-	-	-	G
C64373880      none	B	[O-:1][N+:2](=O)!@[c:3][a:4]	-0.00589951	18.5814	-	-	-	-	G
CHEMBL302680      none	B	[a:1][c:2]!@[CX4H1:3][H:4]	0.00309931	6.54616	-	-	-	-	G
CHEMBL302680      none	B	[a:1][a:2]!@[CX3:3]=[CX3H1:4]	159.997	2.96592	-	-	-	-	G
CHEMBL302680      none	B	[CX3:1]=[CX3:2]!@[CH2:3][C:4]	-119.993	8.72666	-	-	-	-	G
CHEMBL302680      none	B	[!#1:1][CX4:2]!@[CX4:3][!#1:4]	-159.994	1.85018	-	-	-	-	G
CHEMBL302680      none	B	[!#1:1][CX4:2]!@[CX4:3][!#1:4]	-40.0044	0.976141	-	-	-	-	G
CHEMBL302680      none	B	[O:1]=[C:2]([O-])!@[CX4H1:3][H:4]	0.00622669	0.495663	-	-	-	-	O
CHEMBL302680      none	B	[!#1:1][CX4:2]!@[CX4:3][!#1:4]	160.005	1.81259	-	-	-	-	G
CHEMBL302680      none	B	[O:1]=[C:2]([O-])!@[CX4H1:3][H:4]	-0.00499265	0.495663	-	-	-	-	O
C05845004      none	B	[aH1:1][c:2]([aH1])!@[SX4:3][!#1:4]	90.002	12.916	-	-	-	-	G
C44259477      none	B	[a:1][a:2]!@[CX3:3]=[CX3H1:4]	-160.001	2.81868	-	-	-	-	G
C44259477      none	B	[aH1:1][c:2]([aH1])!@[SX4:3][!#1:4]	90.0002	12.916	-	-	-	-	G
C44259477      none	B	[c:1][S:2](=O)(=O)!@[NX2H0-:3]-[*:4]	89.998	2.77778	-	-	-	-	G
C44259477      none	B	[$(S(=O)(=O)):1][N:2]!@[c:3][a:4]	149.997	2.09961	-	-	-	-	G
C44259477      none	B	[*^2:1]~[C^2:2]([!H])!@[C^2:3]~[*^2:4]	29.9963	1.05249	-	-	-	-	G
C42625836      none	B	[O:1]=[C:2]([O-])!@[c:3]([cH1])[cH1:4]	179.992	7.35294	-	-	-	-	G
C42625836      none	B	[$(S(=O)(=O)):1][NH0:2]!@[c:3]([cH1])[cH0:4]	89.9993	13.1148	-	-	-	-	G
C42625836      none	B	[c:1][S:2](=O)(=O)!@[NX2H0-:3]-[*:4]	60.0035	8.33333	-	-	-	-	G
C42625836      none	B	[aH1:1][c:2]([aH1])!@[SX4:3][!#1:4]	90.2717	12.916	-	-	-	-	G
C32586171      none	B	[*:1][CX4:2]!@[O:3][$([CX3](=[!O])):4]	179.999	17.7846	-	-	-	-	G
C32586171      none	B	[*:1]~[CX3:2]!@[OX2:3]~[*:4]	-119.992	0.0647646	-	-	-	-	G
C32586171      none	B	[*:1]~[NX2:2]!@[NX2:3]~[*:4]	180	68.0512	-	-	-	-	G
C32586171      none	B	[c:1][S:2](=O)(=O)!@[NX2H0-:3]-[*:4]	-60.0023	11.1111	-	-	-	-	G
C32586171      none	B	[aH0:1][c:2]([aH1])!@[SX4:3][!#1:4]	109.727	1.0568	-	-	-	-	O
C32586171      none	B	[O-:1][N+:2](=O)!@[c:3]([cH,nX2H0])[cH,nX2H0:4]	179.972	23.2156	-	-	-	-	G
C19978130      none	B	[O:1]=[CX3:2]!@[NX3H0:3][!#1:4]	-149.992	1.37927	-	-	-	-	O
C19978130      none	B	[O:1]=[CX3:2]!@[NX3H0:3][!#1:4]	180	18.2537	-	-	-	-	G
C19978130      none	B	[O:1]=[CX3:2]!@[NX3H1:3][!#1:4]	-0.00374925	63.7893	-	-	-	-	G
C19978130      none	B	[$([CX3]=O):1][NX3H1:2]!@[CX4H2:3][C:4] 	179.996	6.46594	-	-	-	-	G
C19978130      none	B	[NH1:1][CX4:2]!@[CX3:3]=[O:4]	120.004	0.41354	-	-	-	-	G
C32083853      none	B	[$(S(=O)(=O)):1][NH0:2]!@[c:3]([cH1])[cH0:4]	90.006	13.1148	-	-	-	-	G
C32083853      none	B	[c:1][S:2](=O)(=O)!@[NX2H0-:3]-[*:4]	-90.0307	2.77778	-	-	-	-	G
C32083853      none	B	[aH1:1][c:2]([aH1])!@[SX4:3][!#1:4]	-89.7206	12.5987	-	-	-	-	G
C32083853      none	B	[$(C=O):1][NX3H0:2]!@[c:3]([cH1])[cH1:4]	-0.0218471	1.75801	-	-	-	-	G
C32083853      none	B	[O:1]=[C:2]([O-])!@[CX4H1:3][H:4]	-0.00383994	0.495663	-	-	-	-	O
C62920604      none	B	[!#1:1][CX4H2:2]!@[CX4H2:3][!#1:4]	180	58.554	-	-	-	-	G
C62920604      none	B	[!#1:1][CX4:2]!@[CX4:3][!#1:4]	49.1757	5.13232	-	-	-	-	G
C62920604      none	B	[C:1][CX4:2]!@[CX3:3]=[O:4]	0.00883079	5.61823	-	-	-	-	G
C62920604      none	B	[O:1]=[CX3:2](a)!@[NX3H0:3][!#1:4]	-150.006	2.19542	-	-	-	-	G
C62920604      none	B	[a:1][c:2]!@[C:3]([NH0])=[O:4]	30.3122	2.13889	-	-	-	-	G
C62920604      none	B	[O-:1][N+:2](=O)!@[c:3]([cH,nX2H0])[cH,nX2H0:4]	179.953	23.2156	-	-	-	-	G
C37455603      none	B	[H:1][CX4H1:2]!@[O:3][CX4:4]	-40.0039	11.8876	-	-	-	-	G
C37455603      none	B	[O:1]=[C:2]([O-])!@[CX4H1:3][H:4]	89.9984	0.86741	-	-	-	-	O
C37455603      none	B	[O:1]=[CX3:2]!@[NX3H0:3][!#1:4]	-150.001	1.37927	-	-	-	-	O
C37455603      none	B	[NH1:1][CX4:2]!@[CX3:3]=[O:4]	90.0002	0.183795	-	-	-	-	R
C37455603      none	B	[!#1:1][CX4:2]!@[CX4:3][!#1:4]	79.9936	1.75235	-	-	-	-	G
C37455603      none	B	[$(C=O):1][NX3H1:2]!@[CX4H1:3][H:4]	59.9934	6.22422	-	-	-	-	G
C37455603      none	B	[!#1:1][CX4H2:2]!@[CX4H2:3][!#1:4]	180	58.554	-	-	-	-	G
C37455603      none	B	[!#1:1][CX4:2]!@[SX2:3][!#1:4]	79.9981	6.41197	-	-	-	-	G
C37455603      none	B	[O:1]=[CX3:2]!@[NX3H1:3][!#1:4]	0.00710051	63.7893	-	-	-	-	G
C37404255      none	B	[$(S(=O)(=O)):1][NH0:2]!@[c:3]([cH1])[cH0:4]	90.001	13.1148	-	-	-	-	G
C37404255      none	B	[O:1]=[C:2]([O-])!@[c:3]([cH1])[cH1:4]	180	7.35294	-	-	-	-	G
C37404255      none	B	[*:1]~[N,n:2]!@[S:3]~[*:4]	26.0299	2.49131	-	-	-	-	G
C37404255      none	B	[H:1][CX4H1:2]!@[SX4:3][!#1:4]	60.0017	14.91	-	-	-	-	G
C40475620      none	B	[a:1][c:2]!@[CX4H1:3][a:4]	143.572	2.76227	-	-	-	-	G
C42496440      none	B	[$([CX3]=O):1][NX3H0:2](C)!@[CX4H2:3][C:4]	90.0031	14.7513	-	-	-	-	G
C42496440      none	B	[$([CX3]=O):1][NX3H0:2](C)!@[CX4H2:3][C:4]	-90.0062	15.9949	-	-	-	-	G
C42496440      none	B	[O:1]=[CX3:2]!@[NX3H0:3][!#1:4]	-0.000969334	25.0866	-	-	-	-	G
C42496440      none	B	[OX2:1][CX4H2:2]!@[CX4H2:3][N:4]	60.0001	17.6955	-	-	-	-	G
C42496440      none	B	[C:1][CH2:2]!@[O:3][CX4:4]	179.996	35.2689	-	-	-	-	G
C42496440      none	B	[O:1]=[CX3:2]!@[CX3:3]=[O:4]	119.998	1.7301	-	-	-	-	G
C42496440      none	B	[O:1]=[CX3:2]!@[NX3H1:3][!#1:4]	-0.00447465	63.7893	-	-	-	-	G
C38058941      none	B	[$(S(=O)(=O)):1][NH0:2]!@[c:3]([cH1])[cH1:4]	-120.017	1.65289	-	-	-	-	G
C38058941      none	B	[c:1][S:2](=O)(=O)!@[NX2H0-:3]-[*:4]	60.0067	8.33333	-	-	-	-	G
C38058941      none	B	[aH0:1][c:2]([aH1])!@[SX4:3][!#1:4]	-110.329	1.0568	-	-	-	-	O
C38058941      none	B	[O:1]=[C:2]([O-])!@[c:3][a:4]	-0.0061086	11.4943	-	-	-	-	G
C41018332      none	B	[aH1:1][c:2]([aH1])!@[SX4:3][!#1:4]	-89.9996	12.5987	-	-	-	-	G
C41018332      none	B	[c:1][S:2](=O)(=O)!@[NX2H0-:3]-[*:4]	90.0017	2.77778	-	-	-	-	G
C41018332      none	B	[$(S(=O)(=O)):1][N:2]!@[c:3][a:4]	-120.003	1.85547	-	-	-	-	G
C41018332      none	B	[aH0:1][c:2]([aH0])!@[SX2:3][!#1:4]	29.9952	0.412584	-	-	-	-	O
C41018332      none	B	[!#1:1][CX4:2]!@[SX2:3][!#1:4]	59.996	7.53739	-	-	-	-	G
C41018332      none	B	[!#1:1][CX4H2:2]!@[CX3:3]=[O:4]	-120.002	0.59462	-	-	-	-	G
C61827564      none	B	[!#1:1][CX4:2]!@[CX4:3][!#1:4]	159.995	1.81259	-	-	-	-	G
C61827564      none	B	[!#1:1][CX4:2]!@[CX4:3][!#1:4]	-59.9933	12.2558	-	-	-	-	G
C61827564      none	B	[O:1]=[CX3:2]([NH1])!@[CH2:3][C:4]	60.0072	6.84932	-	-	-	-	G
C61827564      none	B	[O:1]=[C:2]!@[NX3H1:3](C=O)[H:4]	179.996	35.6725	-	-	-	-	G
C61827564      none	B	[O:1]=[C:2]([NH1])!@[NX3H1:3](C=O)[H:4]	-0.0083719	58.9474	-	-	-	-	G
C61827564      none	B	[O:1]=[CX3:2]([$([NX3H1]C)])!@[NX3H1:3][!#1:4]	0.00242287	41.1343	-	-	-	-	G
C61827564      none	B	[$(C=O):1][NX3H1:2]!@[CX4H1:3][H:4]	-30.0069	6.97413	-	-	-	-	G
C61827564      none	B	[C:1][CX4H2:2]!@[CX3:3]=[O:4]	120.001	0.695249	-	-	-	-	O
C01688385      none	B	[aH0:1][c:2]([aH0])!@[SX4:3][!#1:4]	-89.9982	9.35754	-	-	-	-	G
C36339818      none	B	[!#1:1][CX4H2:2]!@[CX4H2:3][!#1:4]	179.998	58.554	-	-	-	-	G
C36339818      none	B	[!#1:1][CX4:2]!@[CX4:3][!#1:4]	-159.999	1.85018	-	-	-	-	G
C36339818      none	B	[NH1:1][CX4:2]!@[CX3:3]=[O:4]	120.002	0.41354	-	-	-	-	G
C36339818      none	B	[$(C=O):1][NX3H1:2]!@[CX4H0:3][C:4]	-60.004	14.7253	-	-	-	-	G
C36339818      none	B	[O:1]=[CX3:2]([$([NX3H1]C)])!@[NX3H1:3][!#1:4]	0.0114246	41.1343	-	-	-	-	G
C36339818      none	B	[O:1]=[CX3:2]([$([NX3H1]C)])!@[NX3H1:3][!#1:4]	-0.00839283	41.1343	-	-	-	-	G
C36339818      none	B	[$([CX3]=O):1][NX3H1:2]!@[CX4H2:3][C:4] 	-90.0005	7.35439	-	-	-	-	G
C36339818      none	B	[!#1:1][CX4H2:2]!@[CX4H2:3][!#1:4]	-59.9932	3.77933	-	-	-	-	G
C61117443      none	B	[$(S(=O)(=O)):1][NH0:2]!@[c:3]([cH1])[cH0:4]	90.0158	13.1148	-	-	-	-	G
C61117443      none	B	[c:1][S:2](=O)(=O)!@[NX2H0-:3]-[*:4]	-60.0025	11.1111	-	-	-	-	G
C61117443      none	B	[aH1:1][c:2]([aH1])!@[SX4:3][!#1:4]	-89.6885	12.5987	-	-	-	-	G
C61117443      none	B	[O:1]=[C:2]([O-])!@[c:3][nX3H1:4]	179.982	34.7826	-	-	-	-	G
C20423602      none	B	[$(C=O):1][NX3H1:2]!@[c:3]([cH0]F)[cH:4]	119.968	0	-	-	-	-	R
C20423602      none	B	[O:1]=[CX3:2]([$([NX3H1]C)])!@[NX3H1:3][!#1:4]	0.0116856	41.1343	-	-	-	-	G
C20423602      none	B	[O:1]=[C:2]([NH1])!@[NX3H1:3](C=O)[H:4]	0.00530509	58.9474	-	-	-	-	G
C20423602      none	B	[O:1]=[C:2]!@[NX3H1:3](C=O)[H:4]	-179.989	35.6725	-	-	-	-	G
C20423602      none	B	[O:1]=[CX3:2]([NH1])!@[CH2:3][C:4]	89.9787	2.11706	-	-	-	-	O
C20423602      none	B	[!#1:1][CX4H2:2]!@[CX4H2:3][!#1:4]	-179.974	58.554	-	-	-	-	G
C20423602      none	B	[!#1:1][CX4H2:2]!@[CX4H2:3][!#1:4]	-60.0057	3.77933	-	-	-	-	G
C20423602      none	B	[C:1][CX4H2:2]!@[CX3:3]=[O:4]	119.991	0.695249	-	-	-	-	O
C00153824      none	B	[a:1][a:2]!@[CX3:3]=[CX3H1:4]	150.002	2.24372	-	-	-	-	G
C00153824      none	B	[*^2:1]~[C^2:2]([!H])!@[C^2:3]~[*^2:4]	-150.003	1.11601	-	-	-	-	G
C41034600      none	B	[NH1:1][CX4:2]!@[CX3:3]=[O:4]	-29.9973	4.44172	-	-	-	-	G
C41034600      none	B	[$(C=O):1][NX3H1:2]!@[CX4H0:3][C:4]	180	11.3993	-	-	-	-	G
C41034600      none	B	[O:1]=[CX3:2]!@[NX3H1:3][!#1:4]	0.00304974	63.7893	-	-	-	-	G
C41034600      none	B	[O:1]=[CX3:2]([NH1])!@[CH2:3][C:4]	60.0004	6.84932	-	-	-	-	G
C41034600      none	B	[!#1:1][CX4H2:2]!@[CX4H2:3][!#1:4]	179.998	58.554	-	-	-	-	G
C41034600      none	B	[$([CX3]=O):1][NX3H1:2]!@[CX4H2:3][C:4] 	-89.9947	7.35439	-	-	-	-	G
C41034600      none	B	[O:1]=[CX3:2]!@[NX3H1:3][!#1:4]	-0.0128791	63.7893	-	-	-	-	G
C35572252      none	B	[$([cH0]([$([NX3H2]),$([NX3H1])])):1][a:2]!@[a:3][nX2:4]	180	3.62319	-	-	-	-	R
C35572252      none	B	[aH1:1][c:2]([aH1])!@[SX4:3][!#1:4]	-89.999	12.5987	-	-	-	-	G
C16382847      none	-	-	-	-	-	-	-	-	-
C16321382      none	B	[O:1]=[CX3:2]!@[NX3H1:3][!#1:4]	0.00476273	63.7893	-	-	-	-	G
C16321382      none	B	[$(C=O):1][NX3H1:2]!@[c:3]([cH1])[cH1:4]	89.9959	0.0402739	-	-	-	-	R
C16321382      none	B	[aH1:1][c:2]([aH1])!@[SX4:3][!#1:4]	-89.9977	12.5987	-	-	-	-	G
C16321382      none	B	[c:1][S:2](=O)(=O)!@[NX2H0-:3]-[*:4]	59.9965	8.33333	-	-	-	-	G
C16321382      none	B	[$(S(=O)(=O)):1][N:2]!@[c:3][a:4]	-120	1.85547	-	-	-	-	G
C62268110      none	B	[cH1:1][a:2]([cH1])!@[a:3]([sX2,o,nX2H0,nX3H1:4])([cH0])	-60.005	1.92551	-	-	-	-	G
C62268110      none	B	[O:1]=[C:2]([O-])!@[c:3]([cH1])[cH1:4]	180	7.35294	-	-	-	-	G
C62268110      none	B	[cH0:1][c:2]!@[CX4H1:3][CX4:4]	37.4932	0.229265	-	-	-	-	R
C62268110      none	B	[O:1]=[C:2]([O-])!@[c:3][nX2H0:4]	-89.9973	0	-	-	-	-	G
C13249195      none	B	[O:1]=[CX3:2]!@[NX3H1:3][!#1:4]	0.00395997	63.7893	-	-	-	-	G
C13249195      none	B	[cH1:1][c:2]([cH1])!@[C:3]([NH1,NH2])=[O:4]	-153.006	8.78518	-	-	-	-	G
C13249195      none	B	[$(C=O):1][NX3H1:2]!@[c:3]([cH1])[cH1:4]	30.2788	5.05437	-	-	-	-	G
C13249195      none	B	[O:1]=[CX3:2]!@[NX3H1:3][!#1:4]	-0.00492223	63.7893	-	-	-	-	G
C13249195      none	B	[O:1]=[CX3:2]([NH1])!@[CH2:3][C:4]	90.0044	2.11706	-	-	-	-	O
C13249195      none	B	[!#1:1][CX4:2]!@[CX4:3][!#1:4]	-59.9956	12.2558	-	-	-	-	G
C13249195      none	B	[C:1][CX4:2]!@[CX3:3]=[O:4]	0.000923534	5.61823	-	-	-	-	G
C15923694      none	B	[O-:1][N+:2](=O)!@[c:3]([cH0])[cH0:4]	89.9724	5.69106	-	-	-	-	G
C40577478      none	B	[$(C=O):1][NX3H1:2]!@[c:3]([cH1])[cH1:4]	-0.0299948	7.77286	-	-	-	-	G
C40577478      none	B	[O:1]=[CX3:2]([$([NX3H1]C)])!@[NX3H1:3][!#1:4]	-0.00101032	41.1343	-	-	-	-	G
C40577478      none	B	[O:1]=[CX3:2]([$([NX3H1]C)])!@[NX3H1:3][!#1:4]	180	9.5176	-	-	-	-	R
C40577478      none	B	[$(C=O):1][NX3H1:2]!@[CX4H1:3][H:4]	-29.9942	6.97413	-	-	-	-	G
C40577478      none	B	[OX2:1][CX4:2]!@[CX4:3][N:4]	-60.0045	14.8764	-	-	-	-	G
C40577478      none	B	[O:1]=[C:2]([O-])!@[CX4H1:3][H:4]	-0.00974447	0.495663	-	-	-	-	O
C41044757      none	B	[OX2:1][CX4:2]!@[CX4:3][N:4]	179.999	9.8427	-	-	-	-	G
C41044757      none	B	[$(C=O):1][NX3H1:2]!@[CX4H1:3][H:4]	-29.9985	6.97413	-	-	-	-	G
C41044757      none	B	[O:1]=[CX3:2]!@[NX3H1:3][!#1:4]	-0.00470532	63.7893	-	-	-	-	G
C41044757      none	B	[OX2:1][CX4H2:2]!@[CX3:3]([$([NX3H1,NX3H2])])=[O:4]	90.0037	0.357143	-	-	-	-	R
C41044757      none	B	[C:1][CH2:2]!@[O:3][CX4:4]	60.0075	0.263939	-	-	-	-	O
C41044757      none	B	[C:1][CH2:2]!@[O:3][CX4:4]	59.9947	0.263939	-	-	-	-	O
C41044757      none	B	[O:1][CX4:2]!@[CX3:3]=[O:4]	-89.9966	0.491063	-	-	-	-	O
C13301137      none	B	[*:1]~[CX4:2]!@[P:3]~[*:4]	59.9999	10.3055	-	-	-	-	G
C41035871      none	B	[NH1:1][CX4:2]!@[CX3:3]=[O:4]	-150.006	4.5183	-	-	-	-	G
C41035871      none	B	[$(C=O):1][NX3H1:2]!@[CX4H0:3][C:4]	179.997	11.3993	-	-	-	-	G
C41035871      none	B	[O:1]=[CX3:2]([$([NX3H1]C)])!@[NX3H1:3][!#1:4]	-0.00181273	41.1343	-	-	-	-	G
C41035871      none	B	[O:1]=[CX3:2]([$([NX3H1]C)])!@[NX3H1:3][!#1:4]	-0.00253959	41.1343	-	-	-	-	G
C41035871      none	B	[$([CX3]=O):1][NX3H1:2]!@[CX4H2:3][C:4] 	90.0121	7.35439	-	-	-	-	G
C41035871      none	B	N[C:2](=[O:1])!@[CH2:3][N:4]	119.993	0.595238	-	-	-	-	G
C62118762      none	B	[a:1][c:2]!@[C:3]([NH0])=[O:4]	120.002	4.19444	-	-	-	-	G
C62118762      none	B	[aH0:1][c:2]([aH0])!@[SX2:3][!#1:4]	-119.997	1.95977	-	-	-	-	G
C62118762      none	B	[O:1]=[CX3:2](a)!@[NX3H0:3][!#1:4]	-29.6758	1.17502	-	-	-	-	O
C62118762      none	B	[O:1]=[C:2]([O-])!@[CX4H1:3][H:4]	89.9898	0.86741	-	-	-	-	O
C39899389      none	B	[aH0:1][c:2]([aH1])!@[SX4:3][!#1:4]	69.9763	11.3606	-	-	-	-	G
C39899389      none	B	[O-:1][N+:2](=O)!@[c:3]([cH0])[cH,nX2H0:4]	89.9874	0.274725	-	-	-	-	O
C39899389      none	B	[$(C=O):1][NX3H1:2]!@[c:3]([cH1])[cH1:4]	60.0002	0.402739	-	-	-	-	R
C39899389      none	B	[O:1]=[CX3:2]!@[NX3H1:3][!#1:4]	-0.00478729	63.7893	-	-	-	-	G
C39899389      none	B	[C:1][CX4:2]!@[CX3:3]=[O:4]	90.4201	3.65147	-	-	-	-	G
C39899389      none	B	[O:1]=[C:2]([O-])!@[CX4H1:3][H:4]	-0.00539732	0.495663	-	-	-	-	O
C13255826      none	B	[O:1]=[CX3:2]!@[NX3H1:3][!#1:4]	0.00487191	63.7893	-	-	-	-	G
C13255826      none	B	[$(C=O):1][NX3H1:2]!@[c:3]([cH1])[cH1:4]	90.0084	0.0402739	-	-	-	-	R
C13255826      none	B	[$(C=O):1][NX3H1:2]!@[c:3]([cH1])[cH1:4]	149.973	5.05437	-	-	-	-	G
C13255826      none	B	[O:1]=[CX3:2]!@[NX3H1:3][!#1:4]	0.0122884	63.7893	-	-	-	-	G
C13255826      none	B	[O:1]=[CX3:2]([NH1])!@[CH2:3][C:4]	89.9915	2.11706	-	-	-	-	O
C13255826      none	B	[!#1:1][CX4:2]!@[CX4:3][!#1:4]	-63.381	12.2558	-	-	-	-	G
C13255826      none	B	[C:1][CX4:2]!@[CX3:3]=[O:4]	-0.000625945	5.61823	-	-	-	-	G
C44887663      none	B	[a:1][c:2]!@[CX4H1:3][N,O:4]	29.9957	3.56196	-	-	-	-	G
C44887663      none	B	[$(C=O):1][NX3H1:2]!@[CX4H1:3][H:4]	-32.0052	6.97413	-	-	-	-	G
C44887663      none	B	[O:1]=[CX3:2]!@[NX3H1:3][!#1:4]	0.0014309	63.7893	-	-	-	-	G
C44887663      none	B	[NH1:1][CX4:2]!@[CX3:3]=[O:4]	179.998	3.23174	-	-	-	-	O
C44887663      none	B	[$(C=O):1][NX3H1:2]!@[CX4H1:3][H:4]	29.9953	9.46757	-	-	-	-	G
C44887663      none	B	[O:1]=[CX3:2]!@[NX3H1:3][!#1:4]	0.00557025	63.7893	-	-	-	-	G
C39465349      none	-	-	-	-	-	-	-	-	-
C37675816      none	B	[O:1]=[C:2]([O-])!@[c:3]([cH0])[cH0:4]	-90.02	0	-	-	-	-	G
C37675816      none	B	[$(S(=O)(=O)):1][N:2]!@[c:3][a:4]	-120.006	1.85547	-	-	-	-	G
C37675816      none	B	[c:1][S:2](=O)(=O)!@[NX2H0-:3]-[*:4]	-89.9973	2.77778	-	-	-	-	G
C37675816      none	B	[aH1:1][c:2]([aH1])!@[SX4:3][!#1:4]	90.2749	12.916	-	-	-	-	G
C13421894      none	B	[O:1]=[CX3:2]!@[NX3H0:3][!#1:4]	-149.995	1.37927	-	-	-	-	O
C13421894      none	B	[O:1][CX4:2]!@[CX3:3]=[O:4]	-60.005	0.530348	-	-	-	-	O
C13421894      none	B	[C:1][CX4H2:2]!@[OX2:3][c:4]	-60.0008	0.252685	-	-	-	-	G
C13421894      none	B	[$([cH0]([CX3])):1][c:2]([cH1])!@[O:3][C:4]	119.723	0.462963	-	-	-	-	G
C13421894      none	B	[O:1]=[C:2]([O-])!@[c:3]([cH1])[cH1:4]	179.983	7.35294	-	-	-	-	G
C13421894      none	B	[O:1]=[C:2]([O-])!@[c:3]([cH1])[cH0:4]	90.0018	0	-	-	-	-	R
C13491482      none	B	[a:1][c:2]!@[CX4H2:3][!#1:4]	89.9996	7.24386	-	-	-	-	G
C13491482      none	B	[!#1:1][CX4H2:2]!@[NX3;"N_lp":3][!#1:4]	-76.2452	6.8682	-	-	-	-	G
C13491482      none	B	[$([C](=O)):1][NX3:2]!@[a:3](s)[a:4]	-150.002	0	-	-	-	-	R
C13491482      none	B	[O:1]=[C:2]([O-])!@[c:3]([cH0])[cH0:4]	179.975	20	-	-	-	-	G
C13491482      none	B	[O:1]=[CX3:2]!@[NX3H1:3][!#1:4]	-0.00512934	63.7893	-	-	-	-	G
C13491482      none	B	[O:1]=[CX3:2](O)!@[CX3:3]([$([NH1,NH2,CH2])])=[O:4]	180	20	-	-	-	-	G
C35645661      none	B	[cH1,n:1][c:2]!@[O:3][CRH1:4]	60.0058	0.203252	-	-	-	-	R
C35645661      none	B	[O-:1][N+:2](=O)!@[c:3]([cH0])[cH,nX2H0:4]	-0.0520566	12.6374	-	-	-	-	G
C35645661      none	B	[H:1][CX4H1:2]!@[OX2:3][!#1:4]	29.9963	9.32817	-	-	-	-	G
C35645661      none	B	[OX2:1][CX4:2]!@[CX4:3][OX2:4]	-60.0544	16.2177	-	-	-	-	G
C35645661      none	B	[C:1][CX4H2:2]!@[OX2:3][!#1:4]	-89.9995	2.78708	-	-	-	-	G
C35645661      none	B	[*:1]~[OX2:2]!@[P:3]~[*:4]	60.0057	4.54722	-	-	-	-	G
C43540817      none	B	[a:1][c:2]!@[CX4H1:3][N,O:4]	-59.9912	3.48172	-	-	-	-	G
C43540817      none	B	[aH1:1][c:2]([aH1])!@[SX4:3][!#1:4]	89.9959	12.916	-	-	-	-	G
C61685596      none	B	[$(C=O):1][NX3H1:2]!@[c:3]([cH1])[cH1:4]	149.97	5.05437	-	-	-	-	G
C61685596      none	B	[O:1]=[CX3:2]([$([NX3H1]C)])!@[NX3H1:3][!#1:4]	-0.0181732	41.1343	-	-	-	-	G
C61685596      none	B	[O:1]=[C:2]([NH1])!@[NX3H1:3](C=O)[H:4]	-0.00401318	58.9474	-	-	-	-	G
C61685596      none	B	[O:1]=[C:2]!@[NX3H1:3](C=O)[H:4]	179.999	35.6725	-	-	-	-	G
C61685596      none	B	[*^2:1]~[C^2:2]([!H])!@[C^2:3]~[*^2:4]	-150.007	1.11601	-	-	-	-	G
C61685596      none	B	[*^2:1]~[C^2:2]([!H])!@[C^2:3]~[*^2:4]	90.0086	1.26539	-	-	-	-	G
C53944068      none	-	-	-	-	-	-	-	-	-
C47318211      none	B	[O-:1][N+:2](=O)!@[c:3]([cH0])[cH,nX2H0:4]	89.8324	0.274725	-	-	-	-	O
C47318211      none	B	[aH0:1][c:2]([aH0])!@[SX4:3][!#1:4]	-113.857	5.86592	-	-	-	-	G
C47318211      none	B	[c:1][S:2](=O)(=O)!@[NX2H0-:3]-[*:4]	60.0026	8.33333	-	-	-	-	G
C47318211      none	B	[$(S(=O)(=O)):1][NH0:2]!@[c:3]([cH1])[cH1:4]	-120.284	1.65289	-	-	-	-	G
C47318211      none	B	[O:1]=[C:2]([O-])!@[c:3]([cH1])[cH0:4]	90.0046	0	-	-	-	-	R
C17858393      none	B	[*^2:1]~[C^2:2]([!H])!@[C^2:3]~[*^2:4]	120.332	0.806964	-	-	-	-	G
C17858393      none	B	[$(C=O):1][NX3H0:2]!@[c:3]([cH1])[cH1:4]	180	1.68907	-	-	-	-	G
C17858393      none	B	[a:1][c:2]!@[CX4H1:3][N,O:4]	-26.72	3.61778	-	-	-	-	G
C17858393      none	B	[O-:1][N+:2](=O)!@[c:3]([cH,nX2H0])[cH,nX2H0:4]	-179.83	23.2156	-	-	-	-	G
C17858393      none	B	[O:1]=[C:2]([O-])!@[c:3]([cH1])[cH1:4]	-179.768	7.35294	-	-	-	-	G
C13827963      none	B	[aH1:1][c:2]([aH1])!@[SX4:3][!#1:4]	90.0022	12.916	-	-	-	-	G
C13827963      none	B	[*:1]~[cX3:2]!@[NX2:3]~[*:4]	-90.0017	2.13435	-	-	-	-	O
C13827963      none	B	[*:1]~[cX3:2]!@[NX2:3]~[*:4]	90.2784	1.96062	-	-	-	-	O
C13827963      none	B	[aH1:1][c:2]([aH1])!@[SX4:3][!#1:4]	90.0017	12.916	-	-	-	-	G
C61808227      none	B	[O:1]=[C:2]([O-])!@[CX4H1:3][H:4]	0.00455884	0.495663	-	-	-	-	O
C61808227      none	B	[C:1][CX4:2]!@[CX3:3]=[O:4]	-2.87086	5.61823	-	-	-	-	G
C61808227      none	B	[O:1]=[CX3:2]!@[NX3H0:3][!#1:4]	29.9922	0.680979	-	-	-	-	O
C61808227      none	B	[$([CX3]=O):1][NX3H0:2](C)!@[CX4H2:3][C:4]	-89.9918	15.9949	-	-	-	-	G
C61808227      none	B	[$([CX3]=O):1][NX3H0:2](C)!@[CX4H2:3][C:4]	-120.004	2.31561	-	-	-	-	O
C61808227      none	B	N[C:2](=[O:1])!@[CH2:3][N:4]	-119.998	0.892857	-	-	-	-	G
C61808227      none	B	N[C:2](=[O:1])!@[CH2:3][N:4]	-60.0029	0.14881	-	-	-	-	O
C66574850      none	B	[!#1:1][CX4:2]!@[CX4:3][!#1:4]	60.0003	12.3771	-	-	-	-	G
C66574850      none	B	[!#1:1][CX4:2]!@[SX4:3][!#1:4]	167.744	7.85263	-	-	-	-	G
C66574850      none	B	[*:1]~[N,n:2]!@[S:3]~[*:4]	-60.0065	4.40087	-	-	-	-	G
C66574850      none	B	[$(S(=O)(=O)):1][NH0:2]!@[c:3]([cH1])[cH1:4]	119.729	2.06612	-	-	-	-	G
C66574850      none	B	[aH1:1][c:2]([aH1])!@[SX4:3][!#1:4]	180	0.148054	-	-	-	-	R
C63877628      none	B	[cH1:1][a:2]([cH1])!@[a:3]([sX2,o,nX2H0,nX3H1:4])	-179.695	10.6726	-	-	-	-	G
C63877628      none	B	[$(S(=O)(=O)):1][NH0:2]!@[c:3]([cH1])[cH1:4]	89.993	15.7025	-	-	-	-	G
C63877628      none	B	[c:1][S:2](=O)(=O)!@[NX2H0-:3]-[*:4]	-59.9955	11.1111	-	-	-	-	G
C63877628      none	B	[aH0:1][c:2]([aH1])!@[SX4:3][!#1:4]	89.7224	4.49141	-	-	-	-	G
C63877628      none	B	[O:1]=[C:2]([O-])!@[c:3]([cH1])[cH0:4]	90.0034	0	-	-	-	-	R
C34925141      none	B	[aH0:1][c:2]([aH1])!@[SX4:3][!#1:4]	-60.0074	12.9458	-	-	-	-	G
C13057614      none	B	[O:1]=[C:2]([O-])!@[c:3]([cH0])[cH0:4]	179.979	20	-	-	-	-	G
C13057614      none	B	[*:1]~[CX4:2]!@[n:3]~[*:4]	-0.00607529	3.06862	-	-	-	-	G
C13057614      none	B	[C:1][CX4:2]!@[CX3:3]=[O:4]	120.002	3.75937	-	-	-	-	G
C13057614      none	B	[O:1]=[CX3:2]!@[NX3H1:3][!#1:4]	0.0141364	63.7893	-	-	-	-	G
C13057614      none	B	[$(C=O):1][NX3H1:2]!@[c:3]([cH1])[cH1:4]	149.998	5.05437	-	-	-	-	G
C13057614      none	B	[aH0:1][c:2]([aH1])!@[SX4:3][!#1:4]	149.72	0.396301	-	-	-	-	R
C13057614      none	B	[c:1][$(S(=O)=O):2]!@[NX3H0:3][C:4]	-59.9997	7.66773	-	-	-	-	G
C49046680      none	B	[$(S(=O)(=O)):1][N:2]!@[c:3][a:4]	-29.9923	2.09961	-	-	-	-	G
C49046680      none	B	[*:1]~[N,n:2]!@[S:3]~[*:4]	56.027	4.33354	-	-	-	-	O
C49046680      none	B	[H:1][CX4H1:2]!@[SX4:3][!#1:4]	60.0046	14.91	-	-	-	-	G
C49046680      none	B	[O:1]=[C:2]([O-])!@[CX4H1:3][H:4]	-0.0102277	0.495663	-	-	-	-	O
C40700083      none	B	[$(C=O):1][NX3H1:2]!@[CX4H1:3][H:4]	-59.9993	1.23735	-	-	-	-	G
C40700083      none	B	[O:1]=[CX3:2]([$([NX3H1]C)])!@[NX3H1:3][!#1:4]	179.992	9.5176	-	-	-	-	R
C40700083      none	B	[O:1]=[CX3:2]([$([NX3H1]C)])!@[NX3H1:3][!#1:4]	0.0105923	41.1343	-	-	-	-	G
C40700083      none	B	[$(C=O):1][NX3H1:2]!@[CX4H1:3][H:4]	-60.0025	1.23735	-	-	-	-	G
C40700083      none	B	[!#1:1][CX4:2]!@[CX4:3][!#1:4]	-159.998	1.85018	-	-	-	-	G
C40700083      none	B	[O:1]=[C:2]([O-])!@[CX4H1:3][H:4]	0.00826509	0.495663	-	-	-	-	O
C40700083      none	B	[!#1:1][CX4H2:2]!@[CX4H2:3][!#1:4]	60.0091	3.99483	-	-	-	-	G
C44887649      none	B	[a:1][c:2]!@[CX4H1:3][N,O:4]	-149.999	3.72593	-	-	-	-	G
C44887649      none	B	[$(C=O):1][NX3H1:2]!@[CX4H1:3][H:4]	31.9993	9.46757	-	-	-	-	G
C44887649      none	B	[O:1]=[CX3:2]!@[NX3H1:3][!#1:4]	0.00274286	63.7893	-	-	-	-	G
C44887649      none	B	[NH1:1][CX4:2]!@[CX3:3]=[O:4]	-150	4.5183	-	-	-	-	G
C44887649      none	B	[$(C=O):1][NX3H1:2]!@[CX4H1:3][H:4]	-30.0046	6.97413	-	-	-	-	G
C44887649      none	B	[O:1]=[CX3:2]!@[NX3H1:3][!#1:4]	0.0056743	63.7893	-	-	-	-	G
C37462201      none	B	[OX2:1][CX4:2]!@[CX4:3][N:4]	179.997	9.8427	-	-	-	-	G
C37462201      none	B	[O:1]=[C:2]([O-])!@[CX4H1:3][H:4]	-0.00905717	0.495663	-	-	-	-	O
C37462201      none	B	[$(S(=O)(=O)):1][NX3H1:2]!@[CX4H1:3][H:4]	-29.9962	9.39227	-	-	-	-	G
C37462201      none	B	[c:1][$(S(=O)=O):2]!@[NX3H1:3][C:4]	-60.0003	13.7514	-	-	-	-	G
C37462201      none	B	[aH1:1][c:2]([aH1])!@[SX4:3][!#1:4]	90.3097	12.916	-	-	-	-	G
C41036422      none	B	[NH1:1][CX4:2]!@[CX3:3]=[O:4]	119.997	0.41354	-	-	-	-	G
C41036422      none	B	[$(C=O):1][NX3H1:2]!@[CX4H0:3][C:4]	-60.0049	14.7253	-	-	-	-	G
C41036422      none	B	[O:1]=[CX3:2]!@[NX3H1:3][!#1:4]	0.00896177	63.7893	-	-	-	-	G
C41036422      none	B	[O:1]=[CX3:2]!@[NX3H0:3][!#1:4]	-30.0019	0.692521	-	-	-	-	O
C41036422      none	B	[$([CX3]=O):1][NX3H0:2](C)!@[CX4H2:3][C:4]	89.9938	14.7513	-	-	-	-	G
C41036422      none	B	[$([CX3]=O):1][NX3H0:2](C)!@[CX4H2:3][C:4]	89.9982	14.7513	-	-	-	-	G
C41036422      none	B	[OX2:1][CX4H2:2]!@[CX4H2:3][N:4]	60.0076	17.6955	-	-	-	-	G
C41036422      none	B	[OX2:1][CX4H2:2]!@[CX4H2:3][N:4]	-59.9952	16.5981	-	-	-	-	G
CHEMBL291491      none	B	[a:1][a:2]!@[CX3:3]=[CX3H1:4]	-20.0055	3.14121	-	-	-	-	G
CHEMBL291491      none	B	[CX3:1]=[CX3:2]!@[CH2:3][C:4]	-149.997	0.848896	-	-	-	-	G
CHEMBL291491      none	B	[!#1:1][CX4:2]!@[CX4:3][!#1:4]	-80.0074	1.71775	-	-	-	-	G
CHEMBL291491      none	B	[!#1:1][CX4:2]!@[CX4:3][!#1:4]	160	1.81259	-	-	-	-	G
CHEMBL291491      none	B	[O:1]=[C:2]([O-])!@[CX4H1:3][H:4]	89.9975	0.86741	-	-	-	-	O
CHEMBL291491      none	B	[!#1:1][CX4:2]!@[CX4:3][!#1:4]	-79.9871	1.71775	-	-	-	-	G
CHEMBL291491      none	B	[O:1]=[C:2]([O-])!@[CX4H1:3][H:4]	0.00207181	0.495663	-	-	-	-	O
C42526995      none	B	[$([CX3]=O):1][NX3H0:2](C)!@[CX4H2:3][C:4]	89.9939	14.7513	-	-	-	-	G
C42526995      none	B	[O:1]=[CX3:2]!@[NX3H0:3][!#1:4]	0.00163398	25.0866	-	-	-	-	G
C42526995      none	B	[OX2:1][CX4:2]!@[CX4:3][N:4]	80.007	3.55056	-	-	-	-	G
C42526995      none	B	[OX2:1][CX4:2]!@[CX4:3][OX2:4]	180	13.4277	-	-	-	-	G
C42526995      none	B	[C:1][CH2:2]!@[O:3][CX4:4]	180	35.2689	-	-	-	-	G
C42526995      none	B	[O:1]=[CX3:2]!@[NX3H1:3][!#1:4]	-0.000832981	63.7893	-	-	-	-	G
C42526995      none	B	[$(C=O):1][NX3H1:2]!@[CX4H1:3][H:4]	180	0.712411	-	-	-	-	R
C42526995      none	B	[!#1:1][CX4:2]!@[CX4:3][!#1:4]	-160.002	1.85018	-	-	-	-	G
C42526995      none	B	[O:1]=[C:2]([O-])!@[CX4H1:3][H:4]	89.9925	0.86741	-	-	-	-	O
C42526995      none	B	[C:1][CX4H2:2]!@[CX3:3]=[O:4]	120.012	0.695249	-	-	-	-	R
C49042920      none	B	[$(S(=O)(=O)):1][NX3H0:2]!@[CX4H1:3][H:4]	0.0109562	18	-	-	-	-	G
C49042920      none	B	[*:1][$(S(=O)=O):2]!@[NX3H0:3][*:4]	89.9927	5.90452	-	-	-	-	G
C49042920      none	B	[*:1]~[N,n:2]!@[S:3]~[*:4]	60.0005	4.33354	-	-	-	-	G
C49042920      none	B	[$(S(=O)(=O)):1][N:2]!@[c:3][a:4]	120.003	2.34375	-	-	-	-	G
C49042920      none	B	[aH0:1][c:2]([aH1])!@[SX4:3][!#1:4]	-89.9953	5.01982	-	-	-	-	G
C49122655      none	B	[!#1:1][CX4:2]!@[CX4:3][!#1:4]	60.0055	12.3771	-	-	-	-	G
C49122655      none	B	[$(C=O):1][NX3H1:2]!@[CX4H1:3][H:4]	-60.0085	1.23735	-	-	-	-	G
C49122655      none	B	[O:1]=[CX3:2]([$([NX3H1]C)])!@[NX3H1:3][!#1:4]	0.010303	41.1343	-	-	-	-	G
C49122655      none	B	[O:1]=[C:2]([NH1])!@[NX3H1:3](C=O)[H:4]	-0.00858829	58.9474	-	-	-	-	G
C49122655      none	B	[O:1]=[C:2]!@[NX3H1:3](C=O)[H:4]	179.998	35.6725	-	-	-	-	G
C49122655      none	B	[O:1]=[CX3:2]([NH1])!@[CH2:3][C:4]	-30.0043	4.73225	-	-	-	-	G
C49122655      none	B	[!#1:1][CX4H2:2]!@[CX4H2:3][!#1:4]	180	58.554	-	-	-	-	G
C49122655      none	B	[!#1:1][CX4H2:2]!@[CX4H2:3][!#1:4]	-60.0007	3.77933	-	-	-	-	G
C49122655      none	B	[C:1][CX4H2:2]!@[CX3:3]=[O:4]	-89.9907	1.15875	-	-	-	-	O
C40578970      none	B	[NH1:1][CX4:2]!@[CX3:3]=[O:4]	-31.6847	4.44172	-	-	-	-	G
C40578970      none	B	[$(C=O):1][NX3H1:2]!@[CX4H0:3][C:4]	179.999	11.3993	-	-	-	-	G
C40578970      none	B	[O:1]=[CX3:2]([$([NX3H1]C)])!@[NX3H1:3][!#1:4]	179.992	9.5176	-	-	-	-	R
C40578970      none	B	[O:1]=[CX3:2]([$([NX3H1]C)])!@[NX3H1:3][!#1:4]	0.012816	41.1343	-	-	-	-	G
C40578970      none	B	[$([CX3]=O):1][NX3H1:2]!@[CX4H2:3][C:4] 	-120.005	2.61599	-	-	-	-	O
C40578970      none	B	[!#1:1][CX4H2:2]!@[CX4H2:3][!#1:4]	179.998	58.554	-	-	-	-	G
C40578970      none	B	[!#1:1][CX4:2]!@[SX4:3][!#1:4]	47.7358	4.33684	-	-	-	-	G
C39949188      none	B	[$(S(=O)(=O)):1][NX3H1:2]!@[CX4H1:3][H:4]	-60.0003	0.736648	-	-	-	-	G
C39949188      none	B	[*:1][$(S(=O)=O):2]!@[NX3H1:3][*:4]	-90.0049	4.38465	-	-	-	-	G
C58279455      none	B	[cH0:1][c:2]([cH,nX2H0])!@[NX3H1:3][CX4:4]	-150.003	1.00143	-	-	-	-	O
C58279455      none	B	[!#1:1][CX4H1:2]!@[NX3:3][!#1:4]	79.998	3.82417	-	-	-	-	G
C58279455      none	B	[!#1:1][CX4:2]!@[CX4:3][!#1:4]	-160.001	1.85018	-	-	-	-	G
C58279455      none	B	[O:1]=[C:2]([O-])!@[CX4H1:3][H:4]	-0.00488627	0.495663	-	-	-	-	O
C58279455      none	B	[C:1][CX4H2:2]!@[CX3:3]=[O:4]	-119.993	0.79457	-	-	-	-	O
C01680646      none	B	[aH1:1][c:2]([aH1])!@[SX4:3][!#1:4]	-89.9988	12.5987	-	-	-	-	G
C36979992      none	B	[!#1:1][CX4:2]!@[CX4:3][!#1:4]	59.9929	12.3771	-	-	-	-	G
C36979992      none	B	[!#1:1][CX4:2]!@[CX4:3][!#1:4]	79.9963	1.75235	-	-	-	-	G
C36979992      none	B	[NH1:1][CX4:2]!@[CX3:3]=[O:4]	90.0007	0.183795	-	-	-	-	R
C36979992      none	B	[$(C=O):1][NX3H1:2]!@[CX4H1:3][H:4]	30.0065	9.46757	-	-	-	-	G
C36979992      none	B	[O:1]=[CX3:2]!@[NX3H0:3][!#1:4]	30.3132	0.680979	-	-	-	-	O
C36979992      none	B	[H:1][CX4H1:2]!@[O:3][CX4:4]	55.9297	4.42842	-	-	-	-	G
C36979992      none	B	[O:1]=[C:2]([O-])!@[CX4H1:3][H:4]	0.00172238	0.495663	-	-	-	-	O
C36979992      none	B	[O:1]=[CX3:2]!@[NX3H1:3][!#1:4]	-0.00236987	63.7893	-	-	-	-	G
C40574127      none	B	[O:1]=[CX3:2]!@[NX3H0:3][!#1:4]	-0.00203981	25.0866	-	-	-	-	G
C40574127      none	B	N[C:2](=[O:1])!@[CH2:3][N:4]	0.00405452	9.82143	-	-	-	-	G
C40574127      none	B	[$([CX3]=O):1][NX3H0:2](C)!@[CX4H2:3][C:4]	89.9966	14.7513	-	-	-	-	G
C40574127      none	B	[O:1]=[CX3:2]!@[NX3H0:3][!#1:4]	-149.998	1.37927	-	-	-	-	O
C40574127      none	B	[O:1]=[CX3:2]!@[NX3H1:3][!#1:4]	0.0013467	63.7893	-	-	-	-	G
C40574127      none	B	[$([CX3]=O):1][NX3H1:2]!@[CX4H2:3][C:4] 	120.001	2.76407	-	-	-	-	O
C40574127      none	B	N[C:2](=[O:1])!@[CH2:3][N:4]	149.998	3.125	-	-	-	-	G
C40574127      none	B	[O:1]=[CX3:2]!@[NX3H1:3][!#1:4]	-0.00412173	63.7893	-	-	-	-	G
C40574127      none	B	[$([CX3]=O):1][NX3H1:2]!@[CX4H2:3][C:4] 	180	6.46594	-	-	-	-	G
C40574127      none	B	[NH1:1][CX4:2]!@[CX3:3]=[O:4]	-119.995	0.275693	-	-	-	-	G
CHEMBL300368      none	B	[aH1:1][c:2]([aH1])!@[SX2:3][!#1:4]	60.0045	2.51537	-	-	-	-	G
CHEMBL300368      none	B	[a:1][a:2]!@[CX3:3]=[CX3H1:4]	20.008	2.80466	-	-	-	-	G
CHEMBL300368      none	B	[CX3:1]=[CX3:2]!@[CH2:3][C:4]	-89.9997	7.30051	-	-	-	-	G
CHEMBL300368      none	B	[!#1:1][CX4:2]!@[CX4:3][!#1:4]	-39.997	0.976141	-	-	-	-	G
CHEMBL300368      none	B	[!#1:1][CX4:2]!@[CX4:3][!#1:4]	-60.0061	12.2558	-	-	-	-	G
CHEMBL300368      none	B	[O:1]=[C:2]([O-])!@[CX4H1:3][H:4]	0.00215019	0.495663	-	-	-	-	O
CHEMBL300368      none	B	[!#1:1][CX4:2]!@[CX4:3][!#1:4]	159.999	1.81259	-	-	-	-	G
CHEMBL300368      none	B	[O:1]=[C:2]([O-])!@[CX4H1:3][H:4]	-0.00668419	0.495663	-	-	-	-	O
C35721179      none	B	[!#1:1][CX4:2]!@[CX4:3][!#1:4]	79.9978	1.75235	-	-	-	-	G
C35721179      none	B	[C:1][CX4:2]!@[CX3:3]=[O:4]	0.00486998	5.61823	-	-	-	-	G
C35721179      none	B	[O:1]=[CX3:2]([NH1])!@[CH2:3][C:4]	-90.0004	1.868	-	-	-	-	O
C35721179      none	B	[O:1]=[CX3:2]!@[NX3H1:3][!#1:4]	-0.0015972	63.7893	-	-	-	-	G
C35721179      none	B	[$([CX3]=O):1][NX3H1:2]!@[CX4H2:3][C:4] 	120.001	2.76407	-	-	-	-	O
C35721179      none	B	N[C:2](=[O:1])!@[CH2:3][N:4]	120.004	0.595238	-	-	-	-	G
C37462878      none	B	[aH1:1][c:2]([aH1])!@[SX4:3][!#1:4]	90.0016	12.916	-	-	-	-	G
C37462878      none	B	[c:1][$(S(=O)=O):2]!@[NX3H1:3][C:4]	89.9996	2.64026	-	-	-	-	G
C37462878      none	B	[$(S(=O)(=O)):1][NX3H1:2]!@[CX4H1:3][H:4]	-0.00100815	7.36648	-	-	-	-	G
C37462878      none	B	[OX2:1][CX4:2]!@[CX4:3][N:4]	59.9978	15.2809	-	-	-	-	G
C37462878      none	B	[O:1]=[C:2]([O-])!@[CX4H1:3][H:4]	90.007	0.86741	-	-	-	-	O
C64477735      none	B	[$(S(=O)(=O)):1][NH0:2]!@[c:3]([cH1])[cH1:4]	-90.0202	17.7686	-	-	-	-	G
C64477735      none	B	[c:1][S:2](=O)(=O)!@[NX2H0-:3]-[*:4]	89.9978	2.77778	-	-	-	-	G
C64477735      none	B	[aH0:1][c:2]([aH1])!@[SX4:3][!#1:4]	69.7256	11.3606	-	-	-	-	G
C64477735      none	B	[O:1]=[C:2]([O-])!@[c:3]([cH1])[cH1:4]	179.97	7.35294	-	-	-	-	G
C66290402      none	B	[O-:1][N+:2](=O)!@[c:3]([cH0])[cH,nX2H0:4]	89.8303	0.274725	-	-	-	-	O
C66290402      none	B	[aH0:1][c:2]([aH0])!@[SX4:3][!#1:4]	-83.8593	8.10056	-	-	-	-	G
C66290402      none	B	[c:1][S:2](=O)(=O)!@[NX2H0-:3]-[*:4]	-60.0039	11.1111	-	-	-	-	G
C66290402      none	B	[$(S(=O)(=O)):1][NH0:2]!@[c:3]([cH1])[cH1:4]	89.7257	15.7025	-	-	-	-	G
C66290402      none	B	[O:1]=[C:2]([O-])!@[c:3]([cH1])[cH0:4]	89.9933	0	-	-	-	-	R
C40531138      none	B	[O:1]=[CX3:2]!@[NX3H0:3][!#1:4]	29.9947	0.680979	-	-	-	-	O
C40531138      none	B	[O:1]=[C:2]([O-])!@[CX4H1:3][H:4]	0.0046877	0.495663	-	-	-	-	O
C40531138      none	B	[O:1]=[CX3:2]!@[NX3H1:3][!#1:4]	0.00291667	63.7893	-	-	-	-	G
C40531138      none	B	[$([CX3]=O):1][NX3H1:2]!@[CX4H2:3][C:4] 	120.003	2.76407	-	-	-	-	O
C40531138      none	B	N[C:2](=[O:1])!@[CH2:3][N:4]	179.99	8.33333	-	-	-	-	G
C61832845      none	B	[!#1:1][CX4:2]!@[CX4:3][!#1:4]	80.0198	1.75235	-	-	-	-	G
C61832845      none	B	[!#1:1][CX4:2]!@[CX4:3][!#1:4]	-160.008	1.85018	-	-	-	-	G
C61832845      none	B	[O:1]=[CX3:2]([NH1])!@[CH2:3][C:4]	-0.0228894	11.7061	-	-	-	-	G
C61832845      none	B	[O:1]=[C:2]!@[NX3H1:3](C=O)[H:4]	179.989	35.6725	-	-	-	-	G
C61832845      none	B	[O:1]=[C:2]([NH1])!@[NX3H1:3](C=O)[H:4]	0.0179046	58.9474	-	-	-	-	G
C61832845      none	B	[O:1]=[CX3:2]([$([NX3H1]C)])!@[NX3H1:3][!#1:4]	-0.00811057	41.1343	-	-	-	-	G
C61832845      none	B	[$(C=O):1][NX3H1:2]!@[CX4H1:3][H:4]	30.0068	9.46757	-	-	-	-	G
C61832845      none	B	[!#1:1][CX4:2]!@[CX4:3][!#1:4]	-91.3703	0.488284	-	-	-	-	O
C61832845      none	B	[C:1][CX4H2:2]!@[CX3:3]=[O:4]	-89.9806	1.15875	-	-	-	-	O
C38019643      none	B	[!#1:1][CX4H2:2]!@[CX4H2:3][!#1:4]	180	58.554	-	-	-	-	G
C38019643      none	B	[$([CX3]=O):1][NX3H0:2](C)!@[CX4H2:3][C:4]	-90.0068	15.9949	-	-	-	-	G
C38019643      none	B	[$([CX3]=O):1][NX3H0:2](C)!@[CX4H2:3][C:4]	89.9994	14.7513	-	-	-	-	G
C38019643      none	B	[O:1]=[CX3:2](a)!@[NX3H0:3][!#1:4]	-29.9954	1.17502	-	-	-	-	O
C38019643      none	B	[N:1][CX4:2]!@[CX3:3]=[O:4]	-120.006	0.897291	-	-	-	-	G
C38019643      none	B	[a:1][c:2]!@[C:3]([NH0])=[O:4]	-29.6961	2.55556	-	-	-	-	G
C38019643      none	B	[O-:1][N+:2](=O)!@[c:3]([cH,nX2H0])[cH,nX2H0:4]	179.954	23.2156	-	-	-	-	G
C37789822      none	B	[$(S(=O)(=O)):1][NH0:2]!@[c:3]([cH1])[cH1:4]	29.9753	0.413223	-	-	-	-	R
C37789822      none	B	[c:1][S:2](=O)(=O)!@[NX2H0-:3]-[*:4]	-89.9959	2.77778	-	-	-	-	G
C37789822      none	B	[aH0:1][c:2]([aH1])!@[SX4:3][!#1:4]	89.6668	4.49141	-	-	-	-	G
C37789822      none	B	[O:1]=[C:2]([O-])!@[c:3]([cH1])[cH1:4]	179.981	7.35294	-	-	-	-	G
C44511033      none	B	[!#1:1][CX4:2]!@[CX4:3][!#1:4]	180	22.1548	-	-	-	-	G
C44511033      none	B	[!#1:1][CX4H2:2]!@[CX4H2:3][!#1:4]	179.995	58.554	-	-	-	-	G
C44511033      none	B	[$([CX3]=O):1][NX3H1:2]!@[CX4H2:3][C:4] 	-89.9972	7.35439	-	-	-	-	G
C44511033      none	B	[O:1]=[CX3:2]([$([NX3H1]C)])!@[NX3H1:3][!#1:4]	-0.0030539	41.1343	-	-	-	-	G
C44511033      none	B	[O:1]=[C:2]([NH1])!@[NX3H1:3](C=O)[H:4]	0.0093261	58.9474	-	-	-	-	G
C44511033      none	B	[O:1]=[C:2]!@[NX3H1:3](C=O)[H:4]	179.996	35.6725	-	-	-	-	G
C44511033      none	B	[OX2:1][CX4H2:2]!@[CX3:3]([$([NX3H1,NX3H2])])=[O:4]	119.993	0	-	-	-	-	R
C44511033      none	B	[C:1][CH2:2]!@[O:3][CX4:4]	159.997	5.67469	-	-	-	-	G
C44511033      none	B	[C:1][CH2:2]!@[O:3][CX4:4]	60.0067	0.263939	-	-	-	-	O
C44511033      none	B	[O:1][CX4:2]!@[CX3:3]=[O:4]	-89.9999	0.491063	-	-	-	-	O
C33928416      none	B	[!#1:1][CX4:2]!@[SX2:3][!#1:4]	159.996	2.91722	-	-	-	-	G
C33928416      none	B	[!#1:1][CX4H2:2]!@[CX4H2:3][!#1:4]	-60.0005	3.77933	-	-	-	-	G
C33928416      none	B	[!#1:1][CX4H2:2]!@[CX4H2:3][!#1:4]	-60.0061	3.77933	-	-	-	-	G
C33928416      none	B	[$([CX3]=O):1][NX3H0:2](C)!@[CX4H2:3][C:4]	-59.9905	0.686106	-	-	-	-	O
C33928416      none	B	[cH0:1][c:2]!@[CX4H1:3][CX4:4]	-90.2653	3.91099	-	-	-	-	G
C33928416      none	B	[!#1:1][CX4:2]!@[CX4:3][!#1:4]	79.9956	1.75235	-	-	-	-	G
C33928416      none	B	[NH1:1][CX4:2]!@[CX3:3]=[O:4]	89.9997	0.183795	-	-	-	-	R
C33928416      none	B	[C:1][CX4H2:2]!@[CX3:3]=[O:4]	-90.0019	1.15875	-	-	-	-	O
C04533498      none	B	[*:1]~[CX4:2]!@[n:3]~[*:4]	30.0008	3.02094	-	-	-	-	G
C04533498      none	B	[OX2:1][CX4:2]!@[CX4:3][OX2:4]	38.1551	0.511128	-	-	-	-	O
C04533498      none	B	[C:1][CX4H2:2]!@[OX2:3][!#1:4]	150.004	2.01398	-	-	-	-	G
C04533498      none	B	[*:1]~[OX2:2]!@[P:3]~[*:4]	59.9988	4.54722	-	-	-	-	G
C40475628      none	B	[cH0:1][c:2]!@[CX4H1:3][a:4]	29.4018	0.237756	-	-	-	-	R
C62930988      none	B	[aH0:1][c:2]([aH1])!@[SX4:3][!#1:4]	90.2829	4.49141	-	-	-	-	O
C62930988      none	B	[c:1][S:2](=O)(=O)!@[NX2H0-:3]-[*:4]	-59.9968	11.1111	-	-	-	-	G
C62930988      none	B	[$(S(=O)(=O)):1][NH0:2]!@[c:3]([cH1])[cH1:4]	-90.2769	17.7686	-	-	-	-	G
C62930988      none	B	[a:1][c:2]!@[CX4H2:3][!#1:4]	-89.998	7.30446	-	-	-	-	G
C62930988      none	B	[!#1:1][CX4:2]!@[SX4:3][!#1:4]	47.7417	4.33684	-	-	-	-	G
C47202370      none	B	[aH0:1][c:2]([aH1])!@[SX4:3][!#1:4]	-110.229	1.0568	-	-	-	-	O
C47202370      none	B	[c:1][S:2](=O)(=O)!@[NX2H0-:3]-[*:4]	60.0011	8.33333	-	-	-	-	G
C47202370      none	B	[$(S(=O)(=O)):1][NH0:2]!@[c:3]([cH1])[cH0:4]	-120.269	0	-	-	-	-	R
C47202370      none	B	[O:1]=[C:2]([O-])!@[c:3]([cH0])[cH0:4]	-179.689	20	-	-	-	-	G
C51840770      none	B	[OX2:1][CX4:2]!@[CX4:3][N:4]	-80.0025	3.59551	-	-	-	-	G
C51840770      none	B	[$([CX3]=O):1][NX3H0:2](C)!@[CX4H2:3][C:4]	-89.9912	15.9949	-	-	-	-	G
C51840770      none	B	[O:1]=[CX3:2]!@[NX3H0:3][!#1:4]	-30.0092	0.692521	-	-	-	-	O
C51840770      none	B	[O:1]=[CX3:2]!@[NX3H1:3][!#1:4]	0.0106155	63.7893	-	-	-	-	G
C51840770      none	B	[$(C=O):1][NX3H1:2]!@[CX4H0:3][C:4]	-60.0031	14.7253	-	-	-	-	G
C51840770      none	B	[NH1:1][CX4:2]!@[CX3:3]=[O:4]	89.9984	0.183795	-	-	-	-	R
C37418545      none	B	[aH1:1][c:2]([aH1])!@[SX4:3][!#1:4]	-89.9983	12.5987	-	-	-	-	G
C37418545      none	B	[a:1][c:2]!@[C:3]([NH1,NH2])=[O:4]	0.00519028	9.67683	-	-	-	-	G
C37418545      none	B	[c:1][$(S(=O)=O):2]!@[NX3H1:3][C:4]	60.0062	14.5215	-	-	-	-	G
C37418545      none	B	[$(S(=O)(=O)):1][NX3H1:2]!@[CX4H1:3][H:4]	-60.001	0.736648	-	-	-	-	G
C37418545      none	B	[OX2:1][CX4:2]!@[CX4:3][N:4]	59.9963	15.2809	-	-	-	-	G
C37418545      none	B	[O:1]=[C:2]([O-])!@[CX4H1:3][H:4]	0.00205275	0.495663	-	-	-	-	O
C20616439      none	B	[a:1][c:2]!@[C:3]([NH1,NH2])=[O:4]	-29.9935	5.14706	-	-	-	-	O
C20616439      none	B	[O:1]=[C:2]([O-])!@[c:3][$(a[CX3]=O):4]	89.9962	0	-	-	-	-	O
C20616439      none	B	[O:1]=[CX3:2]!@[NX3H1:3][!#1:4]	0.00144263	63.7893	-	-	-	-	G
C20616439      none	B	[$(C=O):1][NX3H1:2]!@[CX4H1:3][H:4]	-59.9997	1.23735	-	-	-	-	G
C20616439      none	B	[!#1:1][CX4:2]!@[CX4:3][!#1:4]	79.9969	1.75235	-	-	-	-	G
C20616439      none	B	[O:1]=[C:2]([O-])!@[CX4H1:3][H:4]	-0.00392681	0.495663	-	-	-	-	O
C20616439      none	B	[cH0:1][c:2]!@[CX4H2:3][CX4:4]	-134.997	0.379747	-	-	-	-	R
C22511204      none	B	[cH1:1][c:2]([cH1])!@[C:3]([NH1,NH2])=[O:4]	27.0258	8.08167	-	-	-	-	G
C22511204      none	B	[$(S(=O)(=O)):1][NH0:2]!@[c:3]([cH1])[cH0:4]	-119.995	0	-	-	-	-	R
C22511204      none	B	[*:1]~[N,n:2]!@[S:3]~[*:4]	-153.969	1.449	-	-	-	-	G
C22511204      none	B	[O:1]=[CX3:2]!@[NX3H1:3][!#1:4]	0.00364195	63.7893	-	-	-	-	G
C22511204      none	B	[$(C=O):1][NX3H1:2]!@[c:3]([cH1])[cH1:4]	-60.0037	0.241643	-	-	-	-	R
C22511204      none	B	[aH1:1][c:2]([aH1])!@[SX4:3][!#1:4]	90.062	12.916	-	-	-	-	G
C22511204      none	B	[c:1][S:2](=O)(=O)!@[NX2H0-:3]-[*:4]	-60.0214	11.1111	-	-	-	-	G
C22511204      none	B	[$(S(=O)(=O)):1][N:2]!@[c:3][a:4]	-29.9818	2.09961	-	-	-	-	G
C37437619      none	B	[!#1:1][CX4:2]!@[CX4:3][!#1:4]	79.999	1.75235	-	-	-	-	G
C37437619      none	B	[NH1:1][CX4:2]!@[CX3:3]=[O:4]	-89.9971	0.352274	-	-	-	-	R
C37437619      none	B	[$(C=O):1][NX3H1:2]!@[CX4H1:3][H:4]	-0.00195235	8.26772	-	-	-	-	G
C37437619      none	B	[O:1]=[CX3:2]!@[NX3H0:3][!#1:4]	150.276	1.73707	-	-	-	-	O
C37437619      none	B	[O:1]=[C:2]([O-])!@[CX4H1:3][H:4]	-0.00505374	0.495663	-	-	-	-	O
C37437619      none	B	[O:1]=[CX3:2]!@[NX3H1:3][!#1:4]	0.00150946	63.7893	-	-	-	-	G
C40553067      none	B	[$(C=O):1][NX3:2]!@[a:3][aH0:4]	-89.996	3.39746	-	-	-	-	G
C40553067      none	B	[O:1]=[CX3:2]([$([NX3H1]C)])!@[NX3H1:3][!#1:4]	179.994	9.5176	-	-	-	-	R
C40553067      none	B	[O:1]=[CX3:2]([$([NX3H1]C)])!@[NX3H1:3][!#1:4]	-0.00133679	41.1343	-	-	-	-	G
C40553067      none	B	[$(C=O):1][NX3H1:2]!@[CX4H1:3][H:4]	0.00713546	8.26772	-	-	-	-	G
C40553067      none	B	[OX2:1][CX4:2]!@[CX4:3][N:4]	40.0005	1.66292	-	-	-	-	G
C40553067      none	B	[O:1]=[C:2]([O-])!@[CX4H1:3][H:4]	89.9897	0.86741	-	-	-	-	O
C37795668      none	B	[O:1]=[C:2]([O-])!@[c:3]([cH1])[cH1:4]	179.979	7.35294	-	-	-	-	G
C37795668      none	B	[$(C=O):1][NX3:2]!@[a:3][aH0:4]	-149.997	1.98526	-	-	-	-	O
C37795668      none	B	[O:1]=[CX3:2]!@[NX3H1:3][!#1:4]	-0.0047818	63.7893	-	-	-	-	G
C37795668      none	B	[O:1]=[CX3:2]!@[CX4H1r3:3][H:4]	90.0034	0.166667	-	-	-	-	R
C37795668      none	B	[O:1]=[C:2]([O-])!@[CX4H1:3][H:4]	-0.00260019	0.495663	-	-	-	-	O
C45076887      none	B	[!#1:1][CX4H2:2]!@[CX4H2:3][!#1:4]	60.0029	3.99483	-	-	-	-	G
C45076887      none	B	[!#1:1][CX4:2]!@[CX4:3][!#1:4]	63.9898	12.3771	-	-	-	-	G
C45076887      none	B	[NH1:1][CX4:2]!@[CX3:3]=[O:4]	63.0182	0.459488	-	-	-	-	O
C45076887      none	B	[O:1]=[CX3:2]!@[NX3H1:3][!#1:4]	0.00345585	63.7893	-	-	-	-	G
C45076887      none	B	[$(C=O):1][NX3H1:2]!@[CX4H1:3][H:4]	29.9968	9.46757	-	-	-	-	G
C45076887      none	B	[OX2:1][CX4:2]!@[CX4:3][N:4]	59.9908	15.2809	-	-	-	-	G
C45076887      none	B	[!#1:1][CX4:2]!@[CX4:3][!#1:4]	-160	1.85018	-	-	-	-	G
C45076887      none	B	[H:1][CX4H1:2]!@[OX2:3][!#1:4]	39.8751	11.1687	-	-	-	-	G
C45076887      none	B	[!#1:1][CX4:2]!@[SX2:3][!#1:4]	80.0005	6.41197	-	-	-	-	G
C45076887      none	B	[*:1]~[OX2:2]!@[P:3]~[*:4]	59.9918	4.54722	-	-	-	-	G
C61832803      none	B	[$(C=O):1][NX3H1:2]!@[CX4H1:3][H:4]	-0.001878	8.26772	-	-	-	-	G
C61832803      none	B	[O:1]=[CX3:2]([$([NX3H1]C)])!@[NX3H1:3][!#1:4]	0.00464316	41.1343	-	-	-	-	G
C61832803      none	B	[O:1]=[C:2]([NH1])!@[NX3H1:3](C=O)[H:4]	0.0100684	58.9474	-	-	-	-	G
C61832803      none	B	[O:1]=[C:2]!@[NX3H1:3](C=O)[H:4]	179.989	35.6725	-	-	-	-	G
C61832803      none	B	[O:1]=[CX3:2]([NH1])!@[CH2:3][C:4]	-90.0074	1.868	-	-	-	-	O
C61832803      none	B	[!#1:1][CX4:2]!@[CX4:3][!#1:4]	179.995	22.1548	-	-	-	-	G
C61832803      none	B	[!#1:1][CX4:2]!@[CX4:3][!#1:4]	-40.0068	0.976141	-	-	-	-	G
C61832803      none	B	[C:1][CX4H2:2]!@[CX3:3]=[O:4]	120.011	0.695249	-	-	-	-	R
C14832375      none	B	[O:1]=[CX3:2]!@[NX3H1:3][!#1:4]	0.0113917	63.7893	-	-	-	-	G
C14832375      none	B	[$(C=O):1][NX3H1:2]!@[c:3]([cH1])[cH1:4]	180	8.15546	-	-	-	-	G
C14832375      none	B	[$(C=O):1][NX3H1:2]!@[c:3]([cH1])[cH1:4]	120.263	0.181232	-	-	-	-	R
C14832375      none	B	[O:1]=[CX3:2]!@[NX3H1:3][!#1:4]	-0.00263478	63.7893	-	-	-	-	G
C14832375      none	B	[*^2:1]~[C^2:2]([!H])!@[C^2:3]~[*^2:4]	-0.00167976	20.0453	-	-	-	-	G
C14832375      none	B	[*^2:1]~[C^2:2]([!H])!@[C^2:3]~[*^2:4]	-30.0013	1.21216	-	-	-	-	G
C53944070      none	-	-	-	-	-	-	-	-	-
C42543073      none	B	[OX2:1][CX4:2]!@[CX4:3][N:4]	-40.0083	1.41573	-	-	-	-	G
C42543073      none	B	[O:1]=[C:2]([O-])!@[CX4H1:3][H:4]	-0.0103008	0.495663	-	-	-	-	O
C42543073      none	B	[$(C=O):1][NX3H1:2]!@[CX4H1:3][H:4]	-60.0066	1.23735	-	-	-	-	G
C42543073      none	B	[O:1]=[CX3:2]([$([NX3H1]C)])!@[NX3H1:3][!#1:4]	180	9.5176	-	-	-	-	R
C42543073      none	B	[O:1]=[CX3:2]([$([NX3H1]C)])!@[NX3H1:3][!#1:4]	0.000244213	41.1343	-	-	-	-	G
C42543073      none	B	[$([CX3]=O):1][NX3H1:2]!@[CX4H2:3][C:4] 	90.0032	7.35439	-	-	-	-	G
C42543073      none	B	[!#1:1][CX4H2:2]!@[CX4H2:3][!#1:4]	59.9934	3.99483	-	-	-	-	G
C42543073      none	B	[!#1:1][CH2:2]!@[n:3][a:4]	-89.6937	13.2844	-	-	-	-	G
C20272147      none	B	[O:1]=[C:2]([O-])!@[c:3][nX2H0:4]	-90.0214	0	-	-	-	-	G
C20272147      none	B	[a:1][a:2]!@[CX3:3]=[O:4]	179.999	14.6728	-	-	-	-	G
C58279668      none	B	[cH0:1][c:2]([cH,nX2H0])!@[NX3H1:3][CX4:4]	-150.001	1.00143	-	-	-	-	O
C58279668      none	B	[!#1:1][CX4H1:2]!@[NX3:3][!#1:4]	79.9977	3.82417	-	-	-	-	G
C58279668      none	B	[!#1:1][CX4:2]!@[CX4:3][!#1:4]	-159.996	1.85018	-	-	-	-	G
C58279668      none	B	[O:1]=[C:2]([O-])!@[CX4H1:3][H:4]	-0.00102553	0.495663	-	-	-	-	O
C58279668      none	B	[C:1][CX4H2:2]!@[CX3:3]=[O:4]	-119.994	0.79457	-	-	-	-	O
C13422168      none	B	[O:1][CX4:2]!@[CX3:3]=[O:4]	-149.991	3.9285	-	-	-	-	G
C13422168      none	B	[H:1][CX4H1:2]!@[OX2:3][!#1:4]	30.0111	9.32817	-	-	-	-	G
C13422168      none	B	[O:1]=[CX3:2]!@[NX3H1:3][!#1:4]	0.00747274	63.7893	-	-	-	-	G
C13422168      none	B	[$(C=O):1][NX3H1:2]!@[c:3]([cH1])[cH1:4]	149.999	5.05437	-	-	-	-	G
C13422168      none	B	[cH1,n:1][c:2]!@[O:3][CH1:4]	-60.0042	0.582524	-	-	-	-	R
C13422168      none	B	[O:1]=[C:2]([O-])!@[c:3]([cH1])[cH1:4]	179.982	7.35294	-	-	-	-	G
C13422168      none	B	[O:1]=[C:2]([O-])!@[c:3]([cH1])[cH0:4]	-0.00241806	8.88889	-	-	-	-	G
C00518255      none	-	-	-	-	-	-	-	-	-
C37730487      none	B	[aH0:1][c:2]([aH1])!@[SX4:3][!#1:4]	70.0263	11.3606	-	-	-	-	G
C37730487      none	B	[c:1][S:2](=O)(=O)!@[NX2H0-:3]-[*:4]	59.9914	8.33333	-	-	-	-	G
C37730487      none	B	[$(S(=O)(=O)):1][NH0:2]!@[c:3]([cH1])[cH0:4]	59.7365	0	-	-	-	-	R
C37730487      none	B	[O:1]=[C:2]([O-])!@[c:3]([cH1])[cH0:4]	0.00658391	8.88889	-	-	-	-	G
C62118398      none	B	[!#1:1][CH2:2]!@[n:3][cH0:4]	-89.997	15.4696	-	-	-	-	G
C62118398      none	B	[!#1:1][CX4H2:2]!@[CX3:3]=[O:4]	-0.00380398	19.1789	-	-	-	-	G
C62118398      none	B	[O:1]=[CX3:2]!@[NX3H0:3][!#1:4]	0.334283	25.0866	-	-	-	-	G
C62118398      none	B	[O:1]=[C:2]([O-])!@[CX4H1:3][H:4]	-0.00261278	0.495663	-	-	-	-	O
C49103530      none	B	[NH1:1][CX4:2]!@[CX3:3]=[O:4]	-29.9993	4.44172	-	-	-	-	G
C49103530      none	B	[$(C=O):1][NX3H1:2]!@[CX4H0:3][C:4]	180	11.3993	-	-	-	-	G
C49103530      none	B	[O:1]=[CX3:2]([$([NX3H1]C)])!@[NX3H1:3][!#1:4]	0.00139522	41.1343	-	-	-	-	G
C49103530      none	B	[O:1]=[CX3:2]([$([NX3H1]C)])!@[NX3H1:3][!#1:4]	180	9.5176	-	-	-	-	R
C49103530      none	B	[$(C=O):1][NX3H1:2]!@[CX4H1:3][H:4]	29.9971	9.46757	-	-	-	-	G
C49103530      none	B	[NH1:1][CX4:2]!@[CX3:3]=[O:4]	-150.009	4.5183	-	-	-	-	G
C49103530      none	B	[O:1]=[CX3:2]!@[NX3H1:3][!#1:4]	0.0139137	63.7893	-	-	-	-	G
C50199282      none	B	[OX2:1][CX4:2]!@[CX4:3][N:4]	40.0102	1.66292	-	-	-	-	G
C50199282      none	B	[O:1]=[C:2]([O-])!@[CX4H1:3][H:4]	0.00208811	0.495663	-	-	-	-	O
C50199282      none	B	[$(S(=O)(=O)):1][NX3H1:2]!@[CX4H1:3][H:4]	0.00475487	7.36648	-	-	-	-	G
C50199282      none	B	[C:1][$(S(=O)=O):2]!@[NX3H1:3][C:4]	85.7987	7.14286	-	-	-	-	G
C50199282      none	B	[H:1][CX4H1:2]!@[SX4:3][!#1:4]	-40.1742	7.45501	-	-	-	-	G
C40589363      none	B	[OX2:1][CX4:2]!@[CX4:3][N:4]	-39.996	1.41573	-	-	-	-	G
C40589363      none	B	[O:1]=[C:2]([O-])!@[CX4H1:3][H:4]	8.2533e-05	0.495663	-	-	-	-	O
C40589363      none	B	[$(C=O):1][NX3H1:2]!@[CX4H1:3][H:4]	-30.0037	6.97413	-	-	-	-	G
C40589363      none	B	[O:1]=[CX3:2]([$([NX3H1]C)])!@[NX3H1:3][!#1:4]	0.00752597	41.1343	-	-	-	-	G
C40589363      none	B	[O:1]=[CX3:2]([$([NX3H1]C)])!@[NX3H1:3][!#1:4]	-0.00358668	41.1343	-	-	-	-	G
C40589363      none	B	[$(C=O):1][NX3H1:2]!@[CX4H1:3][H:4]	59.9946	6.22422	-	-	-	-	G
C13461186      none	B	[aH1:1][c:2]([aH0])!@[SX2:3][!#1:4]	-89.9967	2.87938	-	-	-	-	G
C13461186      none	B	[O:1]=[C:2]([O-])!@[c:3]([cH1])[cH1:4]	179.976	7.35294	-	-	-	-	G
C13461186      none	B	[a:1][c:2]!@[NX3H1:3][$([CX4r]([C;r])([C;r])):4]	-150	1.42045	-	-	-	-	G
C13461186      none	B	[!#1:1][CX4H1:2]!@[NX3:3][!#1:4]	-162.849	2.4687	-	-	-	-	G
C13461186      none	B	[$(C=O):1][NX3H0:2]!@[c:3]([cH1])[cH1:4]	-30.0037	1.1203	-	-	-	-	G
C13461186      none	B	[O:1]=[C:2]([O-])!@[c:3]([cH1])[cH1:4]	179.952	7.35294	-	-	-	-	G
C40524155      none	B	[O:1]=[CX3:2]!@[NX3H0:3][!#1:4]	-30.001	0.692521	-	-	-	-	O
C40524155      none	B	[O:1]=[CX3:2]!@[NX3H1:3][!#1:4]	0.00266188	63.7893	-	-	-	-	G
C40524155      none	B	[$(C=O):1][NX3H1:2]!@[CX4H1:3][H:4]	-30.0078	6.97413	-	-	-	-	G
C40524155      none	B	[OX2:1][CX4:2]!@[CX4:3][N:4]	-80.0038	3.59551	-	-	-	-	G
C40524155      none	B	[O:1]=[C:2]([O-])!@[CX4H1:3][H:4]	90.0069	0.86741	-	-	-	-	O
C08694242      none	B	[O:1]=[C:2]([O-])!@[c:3][nX2H0:4]	179.704	20	-	-	-	-	G
C08694242      none	B	[$([C](=O)):1][NX3:2]!@[a:3](s)[a:4]	-150.004	0	-	-	-	-	R
C08694242      none	B	[O:1]=[CX3:2]([$([NX3H1]C)])!@[NX3H1:3][!#1:4]	0.00849546	41.1343	-	-	-	-	G
C08694242      none	B	[O:1]=[CX3:2]([$([NX3H1]C)])!@[NX3H1:3][!#1:4]	-0.00978901	41.1343	-	-	-	-	G
C08694242      none	B	[$([C](=O)):1][NX3:2]!@[a:3](s)[a:4]	-149.684	0	-	-	-	-	R
C08694242      none	B	[O:1]=[C:2]([O-])!@[c:3][nX2H0:4]	179.984	20	-	-	-	-	G
CHEMBL65293      none	B	[*:1]~[cX3:2]!@[P:3]~[*:4]	59.9992	2.55597	-	-	-	-	G
CHEMBL65293      none	B	[O-:1][N+:2](=O)!@[c:3]([cH0])[cH,nX2H0:4]	89.9615	0.274725	-	-	-	-	O
CHEMBL65293      none	B	[O-:1][N+:2](=O)!@[c:3]([cH0])[cH,nX2H0:4]	-0.0418089	12.6374	-	-	-	-	G
C54051205      none	B	[O:1]=[C:2]([O-])!@[CX4H1:3][H:4]	-0.00470245	0.495663	-	-	-	-	O
C54051205      none	B	[$(C=O):1][NX3H0:2]!@[CX4H1:3][H:4]	-29.996	2.81513	-	-	-	-	G
C54051205      none	B	[O:1]=[CX3:2](a)!@[NX3H0:3][!#1:4]	-149.999	2.19542	-	-	-	-	G
C54051205      none	B	[a:1][c:2]!@[C:3]([NH0])=[O:4]	60.2995	3.02778	-	-	-	-	G
C54051205      none	B	[O-:1][N+:2](=O)!@[c:3]([cH,nX2H0])[cH,nX2H0:4]	179.959	23.2156	-	-	-	-	G
C37744496      none	B	[!#1:1][CX4:2]!@[CX4:3][!#1:4]	-60.0037	12.2558	-	-	-	-	G
C37744496      none	B	[O:1]=[C:2]([O-])!@[CX4H1:3][H:4]	0.00459431	0.495663	-	-	-	-	O
C37744496      none	B	[$(S(=O)(=O)):1][NX3H1:2]!@[CX4H1:3][H:4]	-29.9981	9.39227	-	-	-	-	G
C37744496      none	B	[c:1][$(S(=O)=O):2]!@[NX3H1:3][C:4]	-90.0017	3.19032	-	-	-	-	G
C37744496      none	B	[aH1:1][c:2]([aH1])!@[SX4:3][!#1:4]	90.3004	12.916	-	-	-	-	G
C20259211      none	B	[!#1:1][CH2:2]!@[n:3][a:4]	-90.0026	13.2844	-	-	-	-	G
C20259211      none	B	[!#1:1][CX4H2:2]!@[CX3:3]=[O:4]	-89.9988	1.11373	-	-	-	-	G
C20259211      none	B	[O:1]=[CX3:2]!@[NX3H1:3][!#1:4]	-0.00583263	63.7893	-	-	-	-	G
C20259211      none	B	[$(C=O):1][NX3H1:2]!@[CX4H1:3][H:4]	0.00226747	8.26772	-	-	-	-	G
C20259211      none	B	[!#1:1][CX4:2]!@[CX4:3][!#1:4]	-159.997	1.85018	-	-	-	-	G
C20259211      none	B	[O:1]=[C:2]([O-])!@[CX4H1:3][H:4]	90.0007	0.86741	-	-	-	-	O
C20259211      none	B	[C:1][CX4H2:2]!@[CX3:3]=[O:4]	60.0022	1.60569	-	-	-	-	O
C65349053      none	B	[*:1]~[N,n:2]!@[S:3]~[*:4]	90.0027	2.07924	-	-	-	-	G
C65349053      none	B	[$(S(=O)(=O)):1][NH0:2]!@[c:3]([cH1])[cH1:4]	89.7283	15.7025	-	-	-	-	G
C65349053      none	B	[cH1:1][c:2]!@[c:3]([cH1])[nX2H0:4]	-90.0005	0	-	-	-	-	R
C65349053      none	B	[O:1]=[C:2]([O-])!@[c:3]([cH1])[cH1:4]	179.979	7.35294	-	-	-	-	G
C02793001      none	B	[!#1:1][CH2:2]!@[n:3][cH0:4]	90.3173	14.7896	-	-	-	-	G
C02793001      none	B	[a:1][ar5:2]!@[ar5:3][a:4]	0.311093	21.2405	-	-	-	-	G
C02793001      none	B	[!#1:1][CH2:2]!@[n:3][cH0:4]	90.0001	14.7896	-	-	-	-	G
C37792413      none	B	[!#1:1][CX4:2]!@[CX4:3][!#1:4]	-60.0081	12.2558	-	-	-	-	G
C37792413      none	B	[OX2:1][CX4:2]!@[CX4:3][N:4]	179.995	9.8427	-	-	-	-	G
C37792413      none	B	[$(C=O):1][NX3H1:2]!@[CX4H1:3][H:4]	0.00761482	8.26772	-	-	-	-	G
C37792413      none	B	[O:1]=[CX3:2]!@[NX3H1:3][!#1:4]	-0.0108363	63.7893	-	-	-	-	G
C37792413      none	B	[O:1]=[CX3:2]([NH1])!@[CH2:3][C:4]	89.9967	2.11706	-	-	-	-	O
C37792413      none	B	[!#1:1][CX4:2]!@[CX4:3][!#1:4]	-80.0027	1.71775	-	-	-	-	G
C37792413      none	B	[C:1][CX4:2]!@[CX3:3]=[O:4]	89.9916	3.65147	-	-	-	-	G
C44420683      none	B	[O:1]=[CX3:2]!@[NX3H0:3][!#1:4]	29.9953	0.680979	-	-	-	-	O
C44420683      none	B	[O:1]=[CX3:2]!@[NX3H1:3][!#1:4]	0.00323015	63.7893	-	-	-	-	G
C44420683      none	B	[$([CX3]=O):1][NX3H1:2]!@[CX4H2:3][C:4] 	180	6.46594	-	-	-	-	G
C44420683      none	B	[NH1:1][CX4:2]!@[CX3:3]=[O:4]	119.988	0.41354	-	-	-	-	G
C40590407      none	B	[!#1:1][CX4:2]!@[CX4:3][!#1:4]	159.992	1.81259	-	-	-	-	G
C40590407      none	B	[O:1]=[C:2]([O-])!@[CX4H1:3][H:4]	90.0029	0.86741	-	-	-	-	O
C40590407      none	B	[$(C=O):1][NX3H1:2]!@[CX4H1:3][H:4]	0.00504164	8.26772	-	-	-	-	G
C40590407      none	B	[O:1]=[CX3:2]([$([NX3H1]C)])!@[NX3H1:3][!#1:4]	-0.00337793	41.1343	-	-	-	-	G
C40590407      none	B	[O:1]=[CX3:2]([$([NX3H1]C)])!@[NX3H1:3][!#1:4]	-0.000453429	41.1343	-	-	-	-	G
C40590407      none	B	[$(C=O):1][NX3H1:2]!@[CX4H1:3][H:4]	-30.0032	6.97413	-	-	-	-	G
C10150179      none	B	[$(C=O):1][NX3H1:2]!@[c:3]([cH1])[cH1:4]	-120.019	0.302054	-	-	-	-	R
C10150179      none	B	[O:1]=[C:2]([O-])!@[c:3]([cH1])[cH1:4]	-179.927	7.35294	-	-	-	-	G
C10150179      none	B	[O:1]=[CX3:2]!@[NX3H1:3][!#1:4]	-0.0129581	63.7893	-	-	-	-	G
C10150179      none	B	[C:1][CX4:2]!@[CX3:3]=[O:4]	-90.4234	3.45082	-	-	-	-	G
C10150179      none	B	[C:1][CX4:2]!@[CX3:3]=[O:4]	-29.4585	3.42621	-	-	-	-	G
C10150179      none	B	[O:1]=[CX3:2]!@[NX3H1:3][!#1:4]	-0.00620281	63.7893	-	-	-	-	G
C10150179      none	B	[$(C=O):1][NX3H1:2]!@[c:3]([cH1])[cH1:4]	30.0013	5.05437	-	-	-	-	G
C10150179      none	B	[O:1]=[C:2]([O-])!@[c:3]([cH1])[cH1:4]	179.97	7.35294	-	-	-	-	G
C04454413      none	B	[O:1]=[C:2]([O-])!@[c:3]([cH1])[cH1:4]	179.985	7.35294	-	-	-	-	G
C04454413      none	B	[$(C=O):1][NX3H1:2]!@[c:3]([cH1])[cH1:4]	149.983	5.05437	-	-	-	-	G
C04454413      none	B	[O:1]=[C:2]([O-])!@[c:3]([cH1])[cH1:4]	180	7.35294	-	-	-	-	G
C04454413      none	B	[O:1]=[CX3:2]!@[NX3H1:3][!#1:4]	0.00309608	63.7893	-	-	-	-	G
C04454413      none	B	[O:1][CX4:2]!@[CX3:3]=[O:4]	63.3566	0.530348	-	-	-	-	O
C36863991      none	B	[*:1]~[CX4:2]!@[n:3]~[*:4]	-29.9981	3.02285	-	-	-	-	G
C36863991      none	B	[aH1:1][c:2]([aH1])!@[SX4:3][!#1:4]	179.998	0.148054	-	-	-	-	R
C36863991      none	B	[O:1]=[C:2]([O-])!@[c:3][a:4]	-0.00606331	11.4943	-	-	-	-	G
C49048133      none	B	[O:1]=[C:2]([O-])!@[CX4H1:3][H:4]	0.00589602	0.495663	-	-	-	-	O
C49048133      none	B	[H:1][CX4H1:2]!@[SX4:3][!#1:4]	-52.2645	11.8252	-	-	-	-	G
C49048133      none	B	[*:1]~[N,n:2]!@[S:3]~[*:4]	60.005	4.33354	-	-	-	-	G
C49048133      none	B	[$(S(=O)(=O)):1][NH0:2]!@[c:3]([cH1])[cH0:4]	-150.28	0	-	-	-	-	R
C49048133      none	B	[O-:1][N+:2](=O)!@[c:3]([cH0])[cH,nX2H0:4]	90.2719	0.274725	-	-	-	-	O
C39029850      none	B	[a:1][c:2]!@[CX4H1:3][H:4]	0.133755	6.54616	-	-	-	-	G
C39029850      none	B	[cH1:1][c:2](cO)!@[O:3][C:4]	90.0183	0.310835	-	-	-	-	R
C39029850      none	B	[cH1:1][c:2](cO)!@[O:3][C:4]	0.22789	49.3635	-	-	-	-	G
C37592355      none	B	[aH0:1][c:2]([aH1])!@[SX4:3][!#1:4]	109.965	1.0568	-	-	-	-	O
C37592355      none	B	[c:1][S:2](=O)(=O)!@[NX2H0-:3]-[*:4]	-90.0046	2.77778	-	-	-	-	G
C37592355      none	B	[$(S(=O)(=O)):1][NH0:2]!@[c:3]([cH1])[cH0:4]	-120.277	0	-	-	-	-	R
C37592355      none	B	[O:1]=[C:2]([O-])!@[c:3]([cH1])[cH1:4]	179.973	7.35294	-	-	-	-	G
C61149577      none	B	[$([CX3]=O):1][NX3H0:2](C)!@[CX4H2:3][C:4]	90.0054	14.7513	-	-	-	-	G
C61149577      none	B	[O:1]=[CX3:2]!@[NX3H0:3][!#1:4]	179.999	18.2537	-	-	-	-	G
C61149577      none	B	[$(C=O):1][NX3H0:2]!@[CX4H0:3][C:4]	-59.9923	12.5676	-	-	-	-	G
C61149577      none	B	[N:1][C:2](=O)!@[CX4H2:3][CX4H2:4]	180	15.2589	-	-	-	-	G
C61149577      none	B	[!#1:1][CX4H2:2]!@[CX4H2:3][!#1:4]	180	58.554	-	-	-	-	G
C61149577      none	B	[!#1:1][CX4:2]!@[SX2:3][!#1:4]	-80.0043	6.01214	-	-	-	-	G
C61149577      none	B	[!#1:1][CX4:2]!@[SX2:3][!#1:4]	179.996	11.1654	-	-	-	-	G
C61149577      none	B	[!#1:1][CX4H2:2]!@[CX3:3]=[O:4]	150.001	0.887211	-	-	-	-	O
C61149577      none	B	[N:1][CX4:2]!@[CX3:3]=[O:4]	90.0016	0.374597	-	-	-	-	O
C63014612      none	B	[!#1:1][CX4:2]!@[CX4:3][!#1:4]	180	22.1548	-	-	-	-	G
C63014612      none	B	[NH1:1][CX4:2]!@[CX3:3]=[O:4]	-29.9871	4.44172	-	-	-	-	G
C63014612      none	B	[$(C=O):1][NX3H1:2]!@[CX4H0:3][C:4]	180	11.3993	-	-	-	-	G
C63014612      none	B	[O:1]=[CX3:2]([$([NX3H1]C)])!@[NX3H1:3][!#1:4]	-0.00492096	41.1343	-	-	-	-	G
C63014612      none	B	[O:1]=[CX3:2]([$([NX3H1]C)])!@[NX3H1:3][!#1:4]	0.00171357	41.1343	-	-	-	-	G
C63014612      none	B	[$([CX3]=O):1][NX3H1:2]!@[CX4H2:3][C:4] 	119.997	2.76407	-	-	-	-	O
C63014612      none	B	[!#1:1][CX4H2:2]!@[CX4H2:3][!#1:4]	-60.0034	3.77933	-	-	-	-	G
C63014612      none	B	[!#1:1][CX4H2:2]!@[CX4H2:3][!#1:4]	-59.9996	3.77933	-	-	-	-	G
C63014612      none	B	[!#1:1][CX4:2]!@[SX4:3][!#1:4]	165.322	7.85263	-	-	-	-	G
C50223241      none	B	[a:1][c:2]!@[CX3:3]=[CX3H0:4]	-90.0084	1.59557	-	-	-	-	G
C50223241      none	B	[*:1]~[CX3:2]!@[NX2:3]~[*:4]	-90.0038	0.0956023	-	-	-	-	G
C50223241      none	B	[*:1]~[CX3:2]!@[NX2:3]~[*:4]	150.296	0.195029	-	-	-	-	O
C36900698      none	B	[aH1:1][c:2]([aH1])!@[SX4:3][!#1:4]	-90.0056	12.5987	-	-	-	-	G
C36900698      none	B	[O:1]=[C:2]([O-])!@[c:3][nX3H1:4]	179.99	34.7826	-	-	-	-	G
C36900698      none	B	[c:1][S:2](=O)(=O)!@[NX2H0-:3]-[*:4]	-60.0048	11.1111	-	-	-	-	G
C36900698      none	B	[$(S(=O)(=O)):1][N:2]!@[c:3][a:4]	-29.9845	2.09961	-	-	-	-	G
C36900698      none	B	[a:1][c:2]!@[CX4H1:3][H:4]	-85.6648	0.504612	-	-	-	-	O
C55311255      none	B	[aH0:1][c:2]([aH1])!@[SX4:3][!#1:4]	-69.9673	15.3236	-	-	-	-	G
C55311255      none	B	[O:1]=[C:2]([O-])!@[c:3][a:4]	-0.0071418	11.4943	-	-	-	-	G
C55311255      none	B	[c:1][S:2](=O)(=O)!@[NX2H0-:3]-[*:4]	-89.9996	2.77778	-	-	-	-	G
C55311255      none	B	[$(S(=O)(=O)):1][NH0:2]!@[c:3]([cH1])[cH1:4]	-90.2901	17.7686	-	-	-	-	G
C44935849      none	B	[a:1][c:2]!@[CX4H1:3][N,O:4]	-30.0005	3.61778	-	-	-	-	G
C44935849      none	B	[$(C=O):1][NX3H1:2]!@[CX4H1:3][H:4]	-30.0036	6.97413	-	-	-	-	G
C44935849      none	B	[O:1]=[CX3:2]([$([NX3H1]C)])!@[NX3H1:3][!#1:4]	179.996	9.5176	-	-	-	-	R
C44935849      none	B	[O:1]=[CX3:2]([$([NX3H1]C)])!@[NX3H1:3][!#1:4]	0.00181122	41.1343	-	-	-	-	G
C44935849      none	B	[$(C=O):1][NX3:2]!@[a:3][aH0:4]	150.005	1.842	-	-	-	-	O
C44935849      none	B	[O:1]=[C:2]([O-])!@[c:3]([cH1])[$([cH0][NH1,NH2]):4]	90.0059	0	-	-	-	-	R
C00147855      none	B	[aH1:1][c:2]([aH1])!@[SX4:3][!#1:4]	0.00218882	0.126904	-	-	-	-	R
C00147855      none	B	[$(C=O):1][NX3H1:2]!@[c:3]([cH1])[cH1:4]	29.9795	5.05437	-	-	-	-	G
C00147855      none	B	[O:1]=[CX3:2]!@[NX3H1:3][!#1:4]	-0.0108688	63.7893	-	-	-	-	G
C00147855      none	B	[O:1]=[CX3:2]([NH1])!@[CH2:3][C:4]	-89.9889	1.868	-	-	-	-	O
C00147855      none	B	[!#1:1][CX4H2:2]!@[CX4H2:3][!#1:4]	-60.0029	3.77933	-	-	-	-	G
C00147855      none	B	[!#1:1][CX4H2:2]!@[CX4H2:3][!#1:4]	-60.0037	3.77933	-	-	-	-	G
C00147855      none	B	[C:1][CX4H2:2]!@[CX3:3]=[O:4]	-89.9984	1.15875	-	-	-	-	O
C01574723      none	B	[$(S(=O)(=O)):1][N:2]!@[c:3][a:4]	120.001	2.34375	-	-	-	-	G
C01574723      none	B	[*:1]~[N,n:2]!@[S:3]~[*:4]	176.028	8.16343	-	-	-	-	G
C01574723      none	B	[!#1:1][CX4:2]!@[SX4:3][!#1:4]	60.0021	11.0105	-	-	-	-	G
C01574723      none	B	[!#1:1][CX4H2:2]!@[CX3:3]=[O:4]	-150.008	0.689004	-	-	-	-	O
C01574723      none	B	[O:1]=[CX3:2]!@[NX3H1:3][!#1:4]	0.00106517	63.7893	-	-	-	-	G
C58017654      none	B	[aH1:1][c:2]([aH1])!@[SX4:3][!#1:4]	90.0022	12.916	-	-	-	-	G
C58017654      none	B	[cH1:1][c:2]([cH1])!@[CX3:3]=[O:4]	-60.0047	0.295938	-	-	-	-	R
C58017654      none	B	[*^2:1]~[C^2:2]([!H])!@[C^2:3]~[*^2:4]	0.000845789	20.0453	-	-	-	-	G
C58017654      none	B	[*^2:1]~[C^2:2]([!H])!@[C^2:3]~[*^2:4]	-0.00121038	20.0453	-	-	-	-	G
C58017654      none	B	[c:1][$(S(=O)=O):2]!@[NX3H1:3][C:4]	90.0001	2.64026	-	-	-	-	G
C58017654      none	B	[$(S(=O)(=O)):1][NX3H1:2]!@[CX4H2:3][!#1:4]	-89.9997	3.86266	-	-	-	-	G
C58017654      none	B	[NH1:1][CX4:2]!@[CX3:3]=[O:4]	120.008	0.41354	-	-	-	-	G
C36967866      none	B	[OX2:1][CX4:2]!@[CX4:3][N:4]	59.9998	15.2809	-	-	-	-	G
C36967866      none	B	[O:1]=[C:2]([O-])!@[CX4H1:3][H:4]	0.00325015	0.495663	-	-	-	-	O
C36967866      none	B	[$(S(=O)(=O)):1][NX3H1:2]!@[CX4H1:3][H:4]	-29.9982	9.39227	-	-	-	-	G
C36967866      none	B	[c:1][$(S(=O)=O):2]!@[NX3H1:3][C:4]	59.9956	14.5215	-	-	-	-	G
C36967866      none	B	[aH1:1][c:2]([aH1])!@[SX4:3][!#1:4]	90.2779	12.916	-	-	-	-	G
C20011399      none	B	[aH0:1][c:2]([aH1])!@[SX4:3][!#1:4]	109.98	1.0568	-	-	-	-	O
C20011399      none	B	[O:1]=[C:2]([O-])!@[c:3]([cH0])[cH0:4]	179.997	20	-	-	-	-	G
C20011399      none	B	[c:1][S:2](=O)(=O)!@[NX2H0-:3]-[*:4]	89.9957	2.77778	-	-	-	-	G
C20011399      none	B	[$(S(=O)(=O)):1][N:2]!@[c:3][a:4]	179.997	4.19922	-	-	-	-	G
C26892217      none	B	[O:1]=[CX3:2]!@[NX3H0:3][!#1:4]	29.9997	0.680979	-	-	-	-	O
C26892217      none	B	[O:1]=[C:2]([O-])!@[CX4H1:3][H:4]	0.00547843	0.495663	-	-	-	-	O
C26892217      none	B	[C:1][CX4:2]!@[CX3:3]=[O:4]	59.5857	2.38699	-	-	-	-	G
C26892217      none	B	[O:1]=[C:2]([O-])!@[CX4H1:3][H:4]	90.0044	0.86741	-	-	-	-	O
C13422767      none	B	[O:1][CX4:2]!@[CX3:3]=[O:4]	89.9943	0.432135	-	-	-	-	O
C13422767      none	B	[H:1][CX4H1:2]!@[OX2:3][!#1:4]	-0.0133464	7.47259	-	-	-	-	G
C13422767      none	B	[O:1]=[CX3:2]!@[NX3H0:3][!#1:4]	179.997	18.2537	-	-	-	-	G
C13422767      none	B	[$(C=O):1][NX3H0:2]!@[CX4H1:3][H:4]	-0.00107739	15.8824	-	-	-	-	G
C13422767      none	B	[cH1,n:1][c:2]!@[O:3][CH1:4]	30.0001	3.20388	-	-	-	-	G
C13422767      none	B	[O:1]=[C:2]([O-])!@[c:3]([cH1])[cH1:4]	179.967	7.35294	-	-	-	-	G
C13422767      none	B	[O:1]=[C:2]([O-])!@[c:3]([cH1])[cH0:4]	89.9966	0	-	-	-	-	R
C00243912      none	B	[cH1:1][c:2]([cH1])!@[O:3][C:4]	-149.999	0.243246	-	-	-	-	O
C00243912      none	B	[C:1][CX4H2:2]!@[OX2:3][c:4]	-89.9968	0.86334	-	-	-	-	G
C00243912      none	B	[O:1][CX4:2]!@[CX3:3]=[O:4]	120.003	0.923198	-	-	-	-	O
C00243912      none	B	[cH1:1][c:2]([cH1])!@[O:3][C:4]	-0.00676525	26.3009	-	-	-	-	G
C00243912      none	B	[C:1][CX4H2:2]!@[OX2:3][c:4]	179.997	43.8829	-	-	-	-	G
C00243912      none	B	[O:1][CX4:2]!@[CX3:3]=[O:4]	120.002	0.923198	-	-	-	-	O
C04290784      none	B	[O-:1][N+:2](=O)!@[c:3]([cH0])[cH,nX2H0:4]	89.9675	0.274725	-	-	-	-	O
C04290784      none	B	[$([cH0]!@[*^2]):1][c:2]([cH1])!@[CX3:3]=[O:4]	179.981	12.7363	-	-	-	-	G
C04290784      none	B	[O-:1][N+:2](=O)!@[c:3]([cH0])[cH0:4]	90.2318	5.69106	-	-	-	-	G
C04107219      none	B	[O:1]=[CX3:2]([NH1])!@[CH2:3][CX3:4]=O	-150.002	0	-	-	-	-	R
C04107219      none	B	[C:1][CX4H2:2]!@[CX3:3]=[O:4]	119.997	0.695249	-	-	-	-	O
C04107219      none	B	[O:1]=[CX3:2]!@[NX3H1:3][!#1:4]	0.00241345	63.7893	-	-	-	-	G
C04107219      none	B	[$(C=O):1][NX3H1:2]!@[c:3](s)[n:4]	0.00274014	0.574713	-	-	-	-	R
C04107219      none	B	[aH0:1][c:2]([aH0])!@[SX2:3][!#1:4]	60.0013	2.01135	-	-	-	-	G
C04107219      none	B	[!#1:1][CX4:2]!@[SX2:3][!#1:4]	59.9991	7.53739	-	-	-	-	G
C04107219      none	B	[!#1:1][CX4H2:2]!@[CX3:3]=[O:4]	-119.995	0.59462	-	-	-	-	G
C40581532      none	B	[OX2:1][CX4:2]!@[CX4:3][N:4]	60.0062	15.2809	-	-	-	-	G
C40581532      none	B	[O:1]=[C:2]([O-])!@[CX4H1:3][H:4]	-0.00120257	0.495663	-	-	-	-	O
C40581532      none	B	[$(C=O):1][NX3H1:2]!@[CX4H1:3][H:4]	-30.0057	6.97413	-	-	-	-	G
C40581532      none	B	[O:1]=[CX3:2]!@[NX3H1:3][!#1:4]	0.00395788	63.7893	-	-	-	-	G
C40581532      none	B	[O:1]=[CX3:2]!@[NX3H0:3][!#1:4]	30.2746	0.680979	-	-	-	-	O
C49063977      none	B	[C:1][CX4:2]!@[CX3:3]=[O:4]	0.000486399	5.61823	-	-	-	-	G
C49063977      none	B	[H:1][CX4H1:2]!@[SX4:3][!#1:4]	47.7399	10.0257	-	-	-	-	G
C49063977      none	B	[O:1]=[C:2]!@[O:3]~[C:4]	0.00664357	74.4927	-	-	-	-	G
C49063977      none	B	[*:1]~[N,n:2]!@[S:3]~[*:4]	-60.0039	4.40087	-	-	-	-	G
C49063977      none	B	[$(S(=O)(=O)):1][N:2]!@[c:3][a:4]	180	4.19922	-	-	-	-	G
C49063977      none	B	[aH0:1][c:2]([aH1])!@[SX4:3][!#1:4]	89.9978	4.49141	-	-	-	-	G
C61173623      none	B	[$([CX3]=O):1][NX3H0:2](C)!@[CX4H2:3][C:4]	-89.9888	15.9949	-	-	-	-	G
C61173623      none	B	[O:1]=[CX3:2]!@[NX3H0:3][!#1:4]	149.995	1.73707	-	-	-	-	O
C61173623      none	B	[$(C=O):1][NX3H0:2]!@[CX4H0:3][C:4]	-59.9995	12.5676	-	-	-	-	G
C61173623      none	B	[O:1]=[CX3:2]!@[NX3H0:3][!#1:4]	150.317	1.73707	-	-	-	-	O
C61173623      none	B	[N:1][CX4:2]!@[CX3:3]=[O:4]	1.54626	7.55292	-	-	-	-	G
C61173623      none	B	[N:1][CX4:2]!@[CX3:3]=[O:4]	89.9895	0.374597	-	-	-	-	O
C37024026      none	B	[$(S(=O)(=O)):1][NH0:2]!@[c:3]([cH1])[cH1:4]	-30.0217	0	-	-	-	-	R
C37024026      none	B	[cH1:1][a:2]([cH1])!@[a:3]([sX2,o,nX2H0,nX3H1:4])([cH1])	180	11.5003	-	-	-	-	G
C37024026      none	B	[*:1]~[N,n:2]!@[S:3]~[*:4]	56.0278	4.33354	-	-	-	-	O
C37024026      none	B	[!#1:1][CX4:2]!@[SX4:3][!#1:4]	159.997	2.73684	-	-	-	-	G
C37024026      none	B	[!#1:1][CX4H2:2]!@[CX4H2:3][!#1:4]	59.9982	3.99483	-	-	-	-	G
C37024026      none	B	[C:1][CX4H2:2]!@[CX3:3]=[O:4]	-120.003	0.79457	-	-	-	-	O
C49512833      none	B	[cH0:1][c:2]!@[CX4H1:3][CX4:4]	-120.038	7.57923	-	-	-	-	G
C49512833      none	B	[$(C=O):1][NX3H1:2]!@[CX4H1:3][H:4]	-59.9858	1.23735	-	-	-	-	G
C49512833      none	B	[O:1]=[CX3:2]([$([NX3H1]C)])!@[NX3H1:3][!#1:4]	-0.0192182	41.1343	-	-	-	-	G
C49512833      none	B	[O:1]=[CX3:2]([$([NX3H1]C)])!@[NX3H1:3][!#1:4]	0.0214262	41.1343	-	-	-	-	G
C49512833      none	B	[$(C=O):1][NX3H1:2]!@[CX4H1:3][H:4]	-30.0038	6.97413	-	-	-	-	G
C49512833      none	B	[!#1:1][CX4:2]!@[CX4:3][!#1:4]	79.9984	1.75235	-	-	-	-	G
C49512833      none	B	[O:1]=[C:2]([O-])!@[CX4H1:3][H:4]	0.000555707	0.495663	-	-	-	-	O
C49512833      none	B	[!#1:1][CX4H2:2]!@[CX4H2:3][!#1:4]	180	58.554	-	-	-	-	G
C38665374      none	B	[OX2:1][CX4:2]!@[CX4:3][OX2:4]	81.2555	2.87509	-	-	-	-	O
C63142474      none	B	[!#1:1][CX4:2]!@[SX4:3][!#1:4]	160.001	2.73684	-	-	-	-	G
C63142474      none	B	[!#1:1][CX4H2:2]!@[CX4H2:3][!#1:4]	60.001	3.99483	-	-	-	-	G
C63142474      none	B	[!#1:1][CX4:2]!@[SX4:3][!#1:4]	-172.262	7.34737	-	-	-	-	G
C63142474      none	B	[C:1][$(S(=O)=O):2]!@[NX3H1:3][C:4]	89.9945	7.14286	-	-	-	-	G
C63142474      none	B	[$(S(=O)(=O)):1][NX3H1:2]!@[CX4H2:3][!#1:4]	-59.9886	0	-	-	-	-	R
C63142474      none	B	N[C:2](=[O:1])!@[CH2:3][N:4]	-90.0032	0.14881	-	-	-	-	R
C63142474      none	B	[O:1]=[CX3:2]!@[NX3H1:3][!#1:4]	-0.00962957	63.7893	-	-	-	-	G
C63142474      none	B	[$([CX3]=O):1][NX3H1:2]!@[CX4H2:3][C:4] 	180	6.46594	-	-	-	-	G
C63142474      none	B	[NH1:1][CX4:2]!@[CX3:3]=[O:4]	-120.002	0.275693	-	-	-	-	G
C17326403      none	B	[*:1]~[CX4:2]!@[n:3]~[*:4]	179.996	3.53397	-	-	-	-	G
C17326403      none	B	[OX2:1][CX4:2]!@[CX4:3][OX2:4]	161.623	0.798637	-	-	-	-	G
C17326403      none	B	[C:1][CX4H2:2]!@[OX2:3][!#1:4]	90.0076	2.91511	-	-	-	-	G
C17326403      none	B	[*:1]~[OX2:2]!@[P:3]~[*:4]	60.0003	4.54722	-	-	-	-	G
C50006779      none	B	[a,!nX2H0:1][a:2]([!nX2H0])!@[a:3]([nX2H0])[nX2H0:4]	-0.00767407	27.5	-	-	-	-	G
C50006779      none	B	[*:1]~[cX3:2]!@[NX2:3]~[*:4]	90.0029	1.96062	-	-	-	-	O
C50006779      none	B	[cH1:1][c:2]([cH0])!@[CX3x0:3]=[NX2:4]	120.282	0.0708968	-	-	-	-	G
C61177256      none	B	[$([CX3]=O):1][NX3H0:2](C)!@[CX4H2:3][C:4]	89.9944	14.7513	-	-	-	-	G
C61177256      none	B	[O:1]=[CX3:2]!@[NX3H0:3][!#1:4]	29.9967	0.680979	-	-	-	-	O
C61177256      none	B	[$(C=O):1][NX3H0:2]!@[CX4H0:3][C:4]	60.0069	11.4865	-	-	-	-	G
C61177256      none	B	[O:1]=[CX3:2]!@[NX3H1:3][!#1:4]	0.011602	63.7893	-	-	-	-	G
C61177256      none	B	[$(C=O):1][NX3H1:2]!@[CX4H1:3][H:4]	59.9949	6.22422	-	-	-	-	G
C61177256      none	B	[N:1][CX4:2]!@[CX3:3]=[O:4]	90.0029	0.374597	-	-	-	-	O
C15659263      none	B	[$(C=O):1][NX3H0:2]!@[c:3]([cH1])[cH1:4]	60.255	4.89486	-	-	-	-	G
C15659263      none	B	[a:1][c:2]!@[CX3:3]=[CX3H0:4]	90.2734	1.52036	-	-	-	-	G
C15659263      none	B	[O-:1][N+:2](=O)!@[c:3]([cH0])[cH,nX2H0:4]	90.0093	0.274725	-	-	-	-	O
C15659263      none	B	[cH1:1][c:2](cO)!@[O:3][C:4]	-89.7354	0.35524	-	-	-	-	R
C08581300      none	B	[a:1][a:2]!@[NX3:3][!#1:4]	-0.000960242	10.9271	-	-	-	-	G
C08581300      none	B	[*:1]~[NX3:2]!@[NX2:3]~[*:4]	179.995	29.4914	-	-	-	-	G
C01682479      none	B	[*:1]~[CX4:2]!@[P:3]~[*:4]	180	10.3949	-	-	-	-	G
C40792185      none	B	[!#1:1][CX4:2]!@[CX4:3][!#1:4]	59.9971	12.3771	-	-	-	-	G
C40792185      none	B	[!#1:1][CX4:2]!@[CX4:3][!#1:4]	160.003	1.81259	-	-	-	-	G
C40792185      none	B	[OX2:1][CX4:2]!@[CX4:3][N:4]	59.9984	15.2809	-	-	-	-	G
C40792185      none	B	[$(C=O):1][NX3H1:2]!@[CX4H1:3][H:4]	180	0.712411	-	-	-	-	R
C40792185      none	B	[O:1]=[CX3:2]!@[NX3H1:3][!#1:4]	-0.00275284	63.7893	-	-	-	-	G
C40792185      none	B	[$([cH0][OH0]):1][c:2]([cH1])!@[C:3](=O)[NH1:4]	-0.276528	33.9844	-	-	-	-	G
C49254610      none	B	[NH1:1][CX4:2]!@[CX3:3]=[O:4]	-29.9978	4.44172	-	-	-	-	G
C49254610      none	B	[$(C=O):1][NX3H1:2]!@[CX4H0:3][C:4]	179.999	11.3993	-	-	-	-	G
C49254610      none	B	[O:1]=[CX3:2]([$([NX3H1]C)])!@[NX3H1:3][!#1:4]	0.00550655	41.1343	-	-	-	-	G
C49254610      none	B	[O:1]=[CX3:2]([$([NX3H1]C)])!@[NX3H1:3][!#1:4]	179.994	9.5176	-	-	-	-	R
C49254610      none	B	[$([CX3]=O):1][NX3H1:2]!@[CX4H2:3][C:4] 	90.0006	7.35439	-	-	-	-	G
C49254610      none	B	[!#1:1][CX4H2:2]!@[CX4H2:3][!#1:4]	179.997	58.554	-	-	-	-	G
C49254610      none	B	[!#1:1][CX4:2]!@[CX4:3][!#1:4]	60.003	12.3771	-	-	-	-	G
C05722252      none	B	[*:1]~[NX3:2]!@[NX2:3]~[*:4]	60.0001	0.141276	-	-	-	-	R
C40146695      none	B	[aH1:1][c:2]([aH1])!@[SX4:3][!#1:4]	-90.0032	12.5987	-	-	-	-	G
C40146695      none	B	[O:1]=[C:2]([O-])!@[c:3]([cH1])[cH0:4]	89.9984	0	-	-	-	-	R
C40146695      none	B	[c:1][S:2](=O)(=O)!@[NX2H0-:3]-[*:4]	-60.0023	11.1111	-	-	-	-	G
C40146695      none	B	[$(S(=O)(=O)):1][NH0:2]!@[c:3]([cH1])[cH0:4]	119.721	0	-	-	-	-	R
C40146695      none	B	[aH1:1][c:2]([aH1])!@[SX4:3][!#1:4]	-89.9955	12.5987	-	-	-	-	G
C45139313      none	B	[OX2:1][CX4:2]!@[CX4:3][N:4]	-60.0088	14.8764	-	-	-	-	G
C45139313      none	B	[O:1]=[C:2]([O-])!@[CX4H1:3][H:4]	-0.00799055	0.495663	-	-	-	-	O
C45139313      none	B	[$(C=O):1][NX3H1:2]!@[CX4H1:3][H:4]	29.9868	9.46757	-	-	-	-	G
C45139313      none	B	[O:1]=[CX3:2]([$([NX3H1]C)])!@[NX3H1:3][!#1:4]	-179.983	9.5176	-	-	-	-	R
C45139313      none	B	[O:1]=[CX3:2]([$([NX3H1]C)])!@[NX3H1:3][!#1:4]	-0.011669	41.1343	-	-	-	-	G
C45139313      none	B	[$(C=O):1][NX3H1:2]!@[CX4H1:3][H:4]	-30.0011	6.97413	-	-	-	-	G
C37660761      none	B	[$([CX3]=O):1][NX3H0:2](C)!@[CX4H2:3][C:4]	-89.9998	15.9949	-	-	-	-	G
C37660761      none	B	[O:1]=[CX3:2]!@[NX3H0:3][!#1:4]	29.9949	0.680979	-	-	-	-	O
C37660761      none	B	[N:1][CX4:2]!@[CX3:3]=[O:4]	-90.0083	0.479136	-	-	-	-	O
C37660761      none	B	[O:1]=[CX3:2]!@[NX3H1:3][!#1:4]	0.00209039	63.7893	-	-	-	-	G
C37660761      none	B	[$([CX3]=O):1][NX3H1:2]!@[CX4H2:3][C:4] 	89.9992	7.35439	-	-	-	-	G
C37660761      none	B	[!#1:1][CX4H2:2]!@[CX4H2:3][!#1:4]	-59.9984	3.77933	-	-	-	-	G
C37660761      none	B	[!#1:1][CX4H2:2]!@[CX4H2:3][!#1:4]	180	58.554	-	-	-	-	G
C37660761      none	B	[N:1][C:2](=O)!@[CX4H2:3][CX4H2:4]	-90.0007	1.49864	-	-	-	-	O
C63216442      none	B	[aH0:1][c:2]([aH1])!@[SX4:3][!#1:4]	69.9823	11.3606	-	-	-	-	G
C63216442      none	B	[c:1][S:2](=O)(=O)!@[NX2H0-:3]-[*:4]	89.9939	2.77778	-	-	-	-	G
C63216442      none	B	[$(S(=O)(=O)):1][N:2]!@[c:3][a:4]	-119.994	1.85547	-	-	-	-	G
C63216442      none	B	[O:1]=[C:2]([O-])!@[c:3][nX2H0:4]	179.971	20	-	-	-	-	G
C52767526      none	B	[*:1][$(S(=O)=O):2]!@[NX3H0:3][*:4]	90.0022	5.90452	-	-	-	-	G
C52767526      none	B	[*:1]~[N,n:2]!@[S:3]~[*:4]	179.994	8.16343	-	-	-	-	G
C52767526      none	B	[cH1:1][c:2]([nX2])!@[CX3:3]=[NX2:4]	0.306534	31.7523	-	-	-	-	G
C52767526      none	B	[O-:1][N+:2](=O)!@[c:3]([cH,nX2H0])[cH,nX2H0:4]	179.979	23.2156	-	-	-	-	G
C40710409      none	B	[$(C=O):1][NX3H1:2]!@[c:3]([cH1])[cH1:4]	-0.0341859	7.77286	-	-	-	-	G
C40710409      none	B	[O:1]=[CX3:2]([$([NX3H1]C)])!@[NX3H1:3][!#1:4]	0.00128914	41.1343	-	-	-	-	G
C40710409      none	B	[O:1]=[CX3:2]([$([NX3H1]C)])!@[NX3H1:3][!#1:4]	180	9.5176	-	-	-	-	R
C40710409      none	B	[$(C=O):1][NX3H1:2]!@[CX4H1:3][H:4]	-29.9968	6.97413	-	-	-	-	G
C40710409      none	B	[!#1:1][CX4:2]!@[CX4:3][!#1:4]	180	22.1548	-	-	-	-	G
C40710409      none	B	[O:1]=[C:2]([O-])!@[CX4H1:3][H:4]	-0.00411435	0.495663	-	-	-	-	O
C40710409      none	B	[!#1:1][CX4H2:2]!@[CX4H2:3][!#1:4]	-59.999	3.77933	-	-	-	-	G
C13367121      none	B	[!#1:1][CX4:2]!@[CX4:3][!#1:4]	60.0032	12.3771	-	-	-	-	G
C13367121      none	B	[!#1:1][CX4:2]!@[CX4:3][!#1:4]	179.999	22.1548	-	-	-	-	G
C13367121      none	B	[O:1]=[C:2]([O-])!@[CX4H1:3][H:4]	0.00752115	0.495663	-	-	-	-	O
C13367121      none	B	[$(S(=O)(=O)):1][NX3H1:2]!@[CX4H1:3][H:4]	-30.0026	9.39227	-	-	-	-	G
C13367121      none	B	[c:1][$(S(=O)=O):2]!@[NX3H1:3][C:4]	60.0012	14.5215	-	-	-	-	G
C13367121      none	B	[aH1:1][c:2]([aH1])!@[SX4:3][!#1:4]	90.2722	12.916	-	-	-	-	G
C13367121      none	B	[O:1]=[C:2]([O-])!@[c:3]([cH1])[cH0:4]	89.9998	0	-	-	-	-	R
C42574309      none	B	[NH1:1][CX4:2]!@[CX3:3]=[O:4]	29.9867	2.12896	-	-	-	-	G
C42574309      none	B	[$(C=O):1][NX3H1:2]!@[CX4H1:3][H:4]	30.0009	9.46757	-	-	-	-	G
C42574309      none	B	[O:1]=[CX3:2]!@[NX3H0:3][!#1:4]	0.00677961	25.0866	-	-	-	-	G
C42574309      none	B	[O:1]=[CX3:2]([$([NX3H1]C)])!@[NX3H1:3][!#1:4]	-0.00208702	41.1343	-	-	-	-	G
C42574309      none	B	[O:1]=[C:2]([NH1])!@[NX3H1:3](C=O)[H:4]	-0.00911911	58.9474	-	-	-	-	G
C42574309      none	B	[O:1]=[C:2]!@[NX3H1:3](C=O)[H:4]	180	35.6725	-	-	-	-	G
C42574309      none	B	[*^2:1]~[C^2:2]([!H])!@[C^2:3]~[*^2:4]	0.00642942	20.0453	-	-	-	-	G
C42574309      none	B	[*^2:1]~[C^2:2]([!H])!@[C^2:3]~[*^2:4]	-0.000901672	20.0453	-	-	-	-	G
C40524909      none	B	[C:1][CH2:2]!@[O:3][CX4:4]	179.999	35.2689	-	-	-	-	G
C40524909      none	B	[OX2:1][CX4H2:2]!@[CX4H2:3][N:4]	-60.0042	16.5981	-	-	-	-	G
C40524909      none	B	[$([CX3]=O):1][NX3H1:2]!@[CX4H2:3][C:4] 	-89.9966	7.35439	-	-	-	-	G
C40524909      none	B	[O:1]=[CX3:2]([$([NX3H1]C)])!@[NX3H1:3][!#1:4]	-0.000729927	41.1343	-	-	-	-	G
C40524909      none	B	[O:1]=[CX3:2]([$([NX3H1]C)])!@[NX3H1:3][!#1:4]	-0.00775925	41.1343	-	-	-	-	G
C40524909      none	B	[$(C=O):1][NX3H1:2]!@[CX4H1:3][H:4]	30.0066	9.46757	-	-	-	-	G
C40524909      none	B	[OX2:1][CX4:2]!@[CX4:3][N:4]	-79.9965	3.59551	-	-	-	-	G
C40524909      none	B	[O:1]=[C:2]([O-])!@[CX4H1:3][H:4]	-0.00804559	0.495663	-	-	-	-	O
C61833385      none	B	[!#1:1][CX4:2]!@[CX4:3][!#1:4]	180	22.1548	-	-	-	-	G
C61833385      none	B	[!#1:1][CX4:2]!@[CX4:3][!#1:4]	60.0014	12.3771	-	-	-	-	G
C61833385      none	B	[O:1]=[CX3:2]([NH1])!@[CH2:3][C:4]	-89.9968	1.868	-	-	-	-	O
C61833385      none	B	[O:1]=[C:2]!@[NX3H1:3](C=O)[H:4]	180	35.6725	-	-	-	-	G
C61833385      none	B	[O:1]=[C:2]([NH1])!@[NX3H1:3](C=O)[H:4]	-0.00955933	58.9474	-	-	-	-	G
C61833385      none	B	[O:1]=[CX3:2]([$([NX3H1]C)])!@[NX3H1:3][!#1:4]	0.00453129	41.1343	-	-	-	-	G
C61833385      none	B	[$([CX3]=O):1][NX3H1:2]!@[CX4H2:3][C:4] 	-90.001	7.35439	-	-	-	-	G
C61833385      none	B	[!#1:1][CX4H2:2]!@[CX4H2:3][!#1:4]	179.998	58.554	-	-	-	-	G
C61833385      none	B	[!#1:1][CX4H2:2]!@[CX4H2:3][!#1:4]	-59.9989	3.77933	-	-	-	-	G
C61833385      none	B	[!#1:1][CX4:2]!@[SX4:3][!#1:4]	-32.2566	0.484211	-	-	-	-	O
C61833385      none	B	[C:1][CX4H2:2]!@[CX3:3]=[O:4]	-89.9887	1.15875	-	-	-	-	O
C34377984      none	B	[!#1:1][CX4H2:2]!@[CX4H2:3][!#1:4]	179.998	58.554	-	-	-	-	G
C34377984      none	B	[!#1:1][CX4H2:2]!@[CX4H2:3][!#1:4]	179.996	58.554	-	-	-	-	G
C34377984      none	B	[$([CX3]=O):1][NX3H0:2](C)!@[CX4H2:3][C:4]	119.994	2.74443	-	-	-	-	O
C34377984      none	B	[a:1][c:2]!@[CX4H1:3][N,O:4]	52.7064	3.96665	-	-	-	-	G
C34377984      none	B	[!#1:1][CX4:2]!@[CX4:3][!#1:4]	40.0017	0.998355	-	-	-	-	G
C34377984      none	B	[N:1][CX4:2]!@[CX3:3]=[O:4]	90.0081	0.374597	-	-	-	-	O
C34377984      none	B	[C:1][CX4H2:2]!@[CX3:3]=[O:4]	119.991	0.695249	-	-	-	-	O
C13027461      none	B	[aH1:1][c:2]([aH1])!@[SX4:3][!#1:4]	89.998	12.916	-	-	-	-	G
C13027461      none	B	[cH1:1][c:2]([cH1])!@[CX4H2:3][CX4:4]	-89.9031	11.9355	-	-	-	-	G
C13027461      none	B	[!#1:1][CX4H2:2]!@[CX4H2:3][!#1:4]	179.996	58.554	-	-	-	-	G
C13027461      none	B	[C:1][CX4H2:2]!@[CX3:3]=[O:4]	-120	0.79457	-	-	-	-	O
C13027461      none	B	[*:1][$(S(=O)=O):2]!@[NX3H0r:3][*:4]	90.2866	4.85782	-	-	-	-	G
C13027461      none	B	[O:1]=[C:2]([O-])!@[CX4H1:3][H:4]	-0.000383522	0.495663	-	-	-	-	O
C63878936      none	B	[O:1]=[C:2]([O-])!@[c:3]([cH1])[cH0:4]	89.9981	0	-	-	-	-	R
C63878936      none	B	[$(S(=O)(=O)):1][NH0:2]!@[c:3]([cH0])[cH0:4]	-89.7097	15.2174	-	-	-	-	G
C63878936      none	B	[c:1][S:2](=O)(=O)!@[NX2H0-:3]-[*:4]	-90.0071	2.77778	-	-	-	-	G
C63878936      none	B	[aH1:1][c:2]([aH1])!@[SX4:3][!#1:4]	90.3173	12.916	-	-	-	-	G
C63878936      none	B	[a:1][c:2]!@[C:3]([NH1,NH2])=[O:4]	179.989	9.31373	-	-	-	-	G
C25572810      none	B	[aH0:1][c:2]([aH1])!@[SX4:3][!#1:4]	90.0269	4.49141	-	-	-	-	O
C25572810      none	B	[O:1]=[C:2]([O-])!@[c:3]([cH1])[cH1:4]	179.995	7.35294	-	-	-	-	G
C25572810      none	B	[c:1][S:2](=O)(=O)!@[NX2H0-:3]-[*:4]	59.9959	8.33333	-	-	-	-	G
C25572810      none	B	[$(S(=O)(=O)):1][N:2]!@[c:3][a:4]	90.0015	4.78516	-	-	-	-	G
C25572810      none	B	[O-:1][N+:2](=O)!@[c:3]([cH,nX2H0])[cH,nX2H0:4]	179.972	23.2156	-	-	-	-	G
C15243532      none	B	[$(S(=O)(=O)):1][NH0:2]!@[c:3]([cH1])[cH0:4]	59.983	0	-	-	-	-	R
C15243532      none	B	[c:1][S:2](=O)(=O)!@[NX2H0-:3]-[*:4]	59.9985	8.33333	-	-	-	-	G
C15243532      none	B	[aH0:1][c:2]([aH1])!@[SX4:3][!#1:4]	89.6774	4.49141	-	-	-	-	G
C15243532      none	B	[O:1]=[C:2]([O-])!@[c:3]([cH1])[cH1:4]	179.984	7.35294	-	-	-	-	G
C63216501      none	B	[cH1:1][c:2]([cH1])!@[CX4H2:3][CX4:4]	89.9987	11.713	-	-	-	-	G
C63216501      none	B	[aH1:1][c:2]([aH1])!@[SX4:3][!#1:4]	90.0037	12.916	-	-	-	-	G
C63216501      none	B	[c:1][S:2](=O)(=O)!@[NX2H0-:3]-[*:4]	-90.0045	2.77778	-	-	-	-	G
C63216501      none	B	[$(S(=O)(=O)):1][N:2]!@[c:3][a:4]	180	4.19922	-	-	-	-	G
C63216501      none	B	[O:1]=[C:2]([O-])!@[c:3][nX2H0:4]	-90.0358	0	-	-	-	-	G
C33925302      none	B	[cH0:1][c:2]!@[CX4H1:3][CX4:4]	-176.929	0.512475	-	-	-	-	G
C33925302      none	B	[$(C=O):1][NX3H0:2]!@[CX4H0:3][C:4]	-0.00516557	1.08108	-	-	-	-	R
C33925302      none	B	[!#1:1][CX4:2]!@[CX4:3][!#1:4]	-59.9935	12.2558	-	-	-	-	G
C33925302      none	B	[N:1][CX4:2]!@[CX3:3]=[O:4]	-25.2934	5.37503	-	-	-	-	G
C33925302      none	B	[C:1][CX4H2:2]!@[CX3:3]=[O:4]	119.988	0.695249	-	-	-	-	O
C19330716      none	B	[O:1]=[C:2]([O-])!@[c:3]([cH1])[cH1:4]	179.976	7.35294	-	-	-	-	G
C19330716      none	B	[*:1]~[cX3:2]!@[NX2:3]~[*:4]	-59.9944	1.53044	-	-	-	-	O
C19330716      none	B	[*:1]~[CX3:2]!@[NX2:3]~[*:4]	0.315593	40.1033	-	-	-	-	G
C19330716      none	B	[!#1:1][CX4:2]!@[CX4:3][!#1:4]	-80.0043	1.71775	-	-	-	-	G
C19330716      none	B	[!#1:1][CX4:2]!@[CX4:3][!#1:4]	-60.0007	12.2558	-	-	-	-	G
C44509584      none	B	[$(S(=O)(=O)):1][N:2]!@[c:3][a:4]	180	4.19922	-	-	-	-	G
C44509584      none	B	[*:1]~[N,n:2]!@[S:3]~[*:4]	56.0176	4.33354	-	-	-	-	O
C44509584      none	B	[!#1:1][CX4:2]!@[SX4:3][!#1:4]	-159.992	2.90526	-	-	-	-	G
C01683629      none	B	[aH0:1][c:2]([aH1])!@[SX4:3][!#1:4]	-69.9702	15.3236	-	-	-	-	G
C39452192      none	B	[H:1][CX4H1:2]!@[SX4:3][!#1:4]	-52.2604	11.8252	-	-	-	-	G
C39452192      none	B	[aH1:1][c:2]([aH1])!@[SX4:3][!#1:4]	90.2787	12.916	-	-	-	-	G
C39452192      none	B	[cH1:1][a:2]([cH0])!@[a:3]([cH0])[cH0:4]	-89.7212	12.4533	-	-	-	-	G
C39452192      none	B	[H:1][CX4H1:2]!@[SX4:3][!#1:4]	44.3534	6.04113	-	-	-	-	G
C39452192      none	B	[H:1][CX4H1:2]!@[SX4:3][!#1:4]	40.0036	6.04113	-	-	-	-	G
C45090637      none	B	[$(C=O):1][NX3H0:2]!@[CX4H1:3][H:4]	-0.0110316	15.8824	-	-	-	-	G
C45090637      none	B	[$([CX3]=O):1][NX3H0:2](C)!@[CX4H2:3][C:4]	-60.0079	0.686106	-	-	-	-	O
C45090637      none	B	[O:1]=[CX3:2]!@[NX3H0:3][!#1:4]	-0.00417413	25.0866	-	-	-	-	G
C45090637      none	B	[N:1][CX4:2]!@[CX3:3]=[O:4]	-90.0067	0.479136	-	-	-	-	O
C45090637      none	B	[O:1]=[CX3:2]!@[NX3H1:3][!#1:4]	0.00658561	63.7893	-	-	-	-	G
C45090637      none	B	[$([CX3]=O):1][NX3H1:2]!@[CX4H2:3][C:4] 	-60.0043	1.43139	-	-	-	-	G
C45090637      none	B	[!#1:1][CX4H2:2]!@[CX4H2:3][!#1:4]	-59.9978	3.77933	-	-	-	-	G
C45090637      none	B	[!#1:1][CX4H2:2]!@[CX4H2:3][!#1:4]	179.999	58.554	-	-	-	-	G
C45090637      none	B	[!#1:1][CX4:2]!@[SX4:3][!#1:4]	-32.2598	0.484211	-	-	-	-	O
C41074050      none	B	[!#1:1][CX4:2]!@[SX4:3][!#1:4]	60.0007	11.0105	-	-	-	-	G
C41074050      none	B	[!#1:1][CX4H2:2]!@[CX4H2:3][!#1:4]	180	58.554	-	-	-	-	G
C41074050      none	B	[$([CX3]=O):1][NX3H1:2]!@[CX4H2:3][C:4] 	-149.995	1.7769	-	-	-	-	O
C41074050      none	B	[O:1]=[CX3:2]([$([NX3H1]C)])!@[NX3H1:3][!#1:4]	-0.0114179	41.1343	-	-	-	-	G
C41074050      none	B	[O:1]=[C:2]([NH1])!@[NX3H1:3](C=O)[H:4]	0.0177503	58.9474	-	-	-	-	G
C41074050      none	B	[O:1]=[C:2]!@[NX3H1:3](C=O)[H:4]	179.985	35.6725	-	-	-	-	G
C41074050      none	B	[OX2:1][CX4H2:2]!@[CX3:3]([$([NX3H1,NX3H2])])=[O:4]	149.993	1.07143	-	-	-	-	O
C41074050      none	B	[C:1][CH2:2]!@[O:3][CX4:4]	-80.0064	1.18773	-	-	-	-	G
C41074050      none	B	[C:1][CH2:2]!@[O:3][CX4:4]	80.0083	1.71561	-	-	-	-	G
C41074050      none	B	[O:1][CX4:2]!@[CX3:3]=[O:4]	-120.012	1.11962	-	-	-	-	O
C35326232      none	B	[$(C=O):1][NX3H1:2]!@[CX4H1:3][H:4]	-30.0003	6.97413	-	-	-	-	G
C35326232      none	B	[O:1]=[CX3:2]([$([NX3H1]C)])!@[NX3H1:3][!#1:4]	5.88249e-05	41.1343	-	-	-	-	G
C35326232      none	B	[O:1]=[C:2]([NH1])!@[NX3H1:3](C=O)[H:4]	0.0205173	58.9474	-	-	-	-	G
C35326232      none	B	[O:1]=[C:2]!@[NX3H1:3](C=O)[H:4]	179.994	35.6725	-	-	-	-	G
C35326232      none	B	[O:1]=[CX3:2]([NH1])!@[CH2:3][C:4]	29.9973	5.10585	-	-	-	-	G
C35326232      none	B	[!#1:1][CX4H2:2]!@[CX4H2:3][!#1:4]	179.996	58.554	-	-	-	-	G
C35326232      none	B	[!#1:1][CX4H2:2]!@[CX4H2:3][!#1:4]	179.999	58.554	-	-	-	-	G
C35326232      none	B	[!#1:1][CX4H2:2]!@[CX4H2:3][!#1:4]	179.998	58.554	-	-	-	-	G
C35326232      none	B	[C:1][CX4H2:2]!@[CX3:3]=[O:4]	120.004	0.695249	-	-	-	-	O
C22114326      none	-	-	-	-	-	-	-	-	-
C42692353      none	B	[!#1:1][CX4H2:2]!@[CX4H2:3][!#1:4]	180	58.554	-	-	-	-	G
C42692353      none	B	[!#1:1][CX4:2]!@[CX4:3][!#1:4]	179.994	22.1548	-	-	-	-	G
C42692353      none	B	[NH1:1][CX4:2]!@[CX3:3]=[O:4]	-149.993	4.5183	-	-	-	-	G
C42692353      none	B	[$(C=O):1][NX3H1:2]!@[CX4H0:3][C:4]	-59.9968	14.7253	-	-	-	-	G
C42692353      none	B	[O:1]=[CX3:2]!@[NX3H1:3][!#1:4]	-0.00090016	63.7893	-	-	-	-	G
C42692353      none	B	[O:1]=[CX3:2]!@[NX3H0:3][!#1:4]	149.998	1.73707	-	-	-	-	O
C42692353      none	B	[$([CX3]=O):1][NX3H0:2](C)!@[CX4H2:3][C:4]	-120.001	2.31561	-	-	-	-	O
C42692353      none	B	[$([CX3]=O):1][NX3H0:2](C)!@[CX4H2:3][C:4]	89.9991	14.7513	-	-	-	-	G
C42692353      none	B	[!#1:1][CX4:2]!@[CX4:3][!#1:4]	60.0051	12.3771	-	-	-	-	G
C42692353      none	B	N[C:2](=[O:1])!@[CH2:3][N:4]	120.001	0.595238	-	-	-	-	G
C13088597      none	B	[aH0:1][c:2]([aH1])!@[SX4:3][!#1:4]	110.284	1.0568	-	-	-	-	O
C13088597      none	B	[c:1][S:2](=O)(=O)!@[NX2H0-:3]-[*:4]	-90.0022	2.77778	-	-	-	-	G
C13088597      none	B	[$(S(=O)(=O)):1][NH0:2]!@[c:3]([cH1])[cH0:4]	-150.27	0	-	-	-	-	R
C13088597      none	B	[O:1]=[C:2]([O-])!@[c:3]([cH1])[cH0:4]	89.9974	0	-	-	-	-	R
C50351032      none	B	[OX2:1][CX4:2]!@[CX4:3][N:4]	60.0058	15.2809	-	-	-	-	G
C50351032      none	B	[O:1]=[C:2]([O-])!@[CX4H1:3][H:4]	0.00300466	0.495663	-	-	-	-	O
C50351032      none	B	[$(S(=O)(=O)):1][NX3H1:2]!@[CX4H1:3][H:4]	0.00213005	7.36648	-	-	-	-	G
C50351032      none	B	[C:1][$(S(=O)=O):2]!@[NX3H1:3][C:4]	-85.7959	6.12245	-	-	-	-	G
C50351032      none	B	[H:1][CX4H1:2]!@[SX4:3][!#1:4]	-39.4217	7.45501	-	-	-	-	O
C44709860      none	B	[cH0:1][c:2]([cH0])!@[CX3!r:3]=[NX2!r:4]	-59.7076	0.632911	-	-	-	-	O
C44709860      none	B	[*:1]~[cX3:2]!@[NX2:3]~[*:4]	-59.7161	1.53044	-	-	-	-	O
C44709860      none	B	[O-:1][N+:2](=O)!@[c:3]([cH0])[cH,nX2H0:4]	0.282978	12.6374	-	-	-	-	G
C44709860      none	B	[cH0:1][c:2]([cH0])!@[CX3:3]=[O:4]	119.997	2.5153	-	-	-	-	G
C54164360      none	B	[O:1]=[C:2]([O-])!@[c:3]([cH1])[cH1:4]	179.979	7.35294	-	-	-	-	G
C54164360      none	B	[*:1]~[cX3:2]!@[NX2:3]~[*:4]	-89.9975	2.13435	-	-	-	-	O
C54164360      none	B	[*:1]~[CX3:2]!@[NX2:3]~[*:4]	-89.6763	0.0956023	-	-	-	-	G
C54164360      none	B	[a:1][c:2]!@[CX3:3]=[CX3H0:4]	60.3262	3.25561	-	-	-	-	G
C63388093      none	B	[*:1]~[cX3:2]!@[NX2:3]~[*:4]	89.9988	1.96062	-	-	-	-	O
C06234966      none	B	[aH1:1][c:2]([aH1])!@[SX4:3][!#1:4]	-89.9969	12.5987	-	-	-	-	G
C37760254      none	B	[a:1][c:2]!@[C:3]([NH0])=[O:4]	-90.0039	2.91667	-	-	-	-	G
C37760254      none	B	[O:1]=[CX3:2](a)!@[NX3H0:3][!#1:4]	0.00703063	23.6549	-	-	-	-	G
C37760254      none	B	[$([CX3]=O):1][NX3H0:2](C)!@[CX4H2:3][C:4]	-60.0048	0.686106	-	-	-	-	O
C37760254      none	B	[$(C=O):1][NX3H0:2]!@[CX4H1:3][H:4]	29.9977	2.94118	-	-	-	-	G
C37760254      none	B	[N:1][CX4:2]!@[CX3:3]=[O:4]	120.003	0.766617	-	-	-	-	G
C55311235      none	B	[aH0:1][c:2]([aH1])!@[SX4:3][!#1:4]	70.0301	11.3606	-	-	-	-	G
C55311235      none	B	[O:1]=[C:2]([O-])!@[c:3][a:4]	-0.00361302	11.4943	-	-	-	-	G
C55311235      none	B	[c:1][S:2](=O)(=O)!@[NX2H0-:3]-[*:4]	89.9996	2.77778	-	-	-	-	G
C55311235      none	B	[$(S(=O)(=O)):1][NH0:2]!@[c:3]([cH1])[cH1:4]	149.717	0	-	-	-	-	R
C41804896      none	B	[NH1:1][CX4:2]!@[CX3:3]=[O:4]	-149.995	4.5183	-	-	-	-	G
C41804896      none	B	[C:1][CX4:2]!@[NX3;"N_lp":3][C:4]	-160.003	4.58918	-	-	-	-	G
C41804896      none	B	[C:1][CX4:2]!@[NX3;"N_lp":3][C:4]	-60.0013	7.07677	-	-	-	-	G
C41804896      none	B	[a:1][c:2]!@[CX4H0:3][CX3:4]	149.999	2.8259	-	-	-	-	G
C41804896      none	B	[NH1:1][CX4:2]!@[CX3:3]=[O:4]	89.9954	0.183795	-	-	-	-	R
C41804896      none	B	[aH1:1][c:2]([aH1])!@[SX4:3][!#1:4]	-90.0002	12.5987	-	-	-	-	G
C05715363      none	B	[aH1:1][c:2]([aH1])!@[SX4:3][!#1:4]	90.0029	12.916	-	-	-	-	G
C05715363      none	B	[$(C=O):1][NX3H1:2]!@[c:3]([cH1])[cH1:4]	29.9838	5.05437	-	-	-	-	G
C05715363      none	B	[O:1]=[CX3:2]!@[NX3H1:3][!#1:4]	-0.00517344	63.7893	-	-	-	-	G
C05715363      none	B	[!#1:1][CX4H2:2]!@[CX3:3]=[O:4]	-119.999	0.59462	-	-	-	-	G
C05715363      none	B	[!#1:1][CX4:2]!@[SX3:3][!#1:4]	156.9	2.24239	-	-	-	-	O
C05715363      none	B	[!#1:1][CX4:2]!@[SX3:3][!#1:4]	60.0022	11.6925	-	-	-	-	G
C05715363      none	B	[!#1:1][CX4H2:2]!@[CX3:3]=[O:4]	120.005	0.613497	-	-	-	-	G
C20218261      none	B	[$(C=O):1][NX3H1:2]!@[CX4H1:3][H:4]	59.997	6.22422	-	-	-	-	G
C20218261      none	B	[O:1]=[CX3:2]([$([NX3H1]C)])!@[NX3H1:3][!#1:4]	0.00769972	41.1343	-	-	-	-	G
C20218261      none	B	[O:1]=[C:2]([NH1])!@[NX3H1:3](C=O)[H:4]	0.0192042	58.9474	-	-	-	-	G
C20218261      none	B	[O:1]=[C:2]!@[NX3H1:3](C=O)[H:4]	179.988	35.6725	-	-	-	-	G
C20218261      none	B	[*^2:1]~[C^2:2]([!H])!@[C^2:3]~[*^2:4]	119.996	0.806964	-	-	-	-	G
C20218261      none	B	[*^2:1]~[C^2:2]([!H])!@[C^2:3]~[*^2:4]	-60.0108	0.757173	-	-	-	-	O
C40739035      none	B	[$(S(=O)(=O)):1][NH0:2]!@[c:3]([cH1])[cH1:4]	-90.018	17.7686	-	-	-	-	G
C40739035      none	B	[cH1:1][c:2]([cH1])!@[CX4H2:3][CX4:4]	90.0291	11.713	-	-	-	-	G
C40739035      none	B	[!#1:1][CX4H2:2]!@[CX4H2:3][!#1:4]	59.9991	3.99483	-	-	-	-	G
C40739035      none	B	[c:1][S:2](=O)(=O)!@[NX2H0-:3]-[*:4]	-60.0076	11.1111	-	-	-	-	G
C40739035      none	B	[aH1:1][c:2]([aH1])!@[SX4:3][!#1:4]	-89.6824	12.5987	-	-	-	-	G
C40739035      none	B	[O:1]=[C:2]([O-])!@[c:3][nX3H1:4]	179.977	34.7826	-	-	-	-	G
C37675813      none	B	[O:1]=[C:2]([O-])!@[c:3]([cH0])[cH0:4]	-90.0158	0	-	-	-	-	G
C37675813      none	B	[$(S(=O)(=O)):1][N:2]!@[c:3][a:4]	180	4.19922	-	-	-	-	G
C37675813      none	B	[c:1][S:2](=O)(=O)!@[NX2H0-:3]-[*:4]	89.9988	2.77778	-	-	-	-	G
C37675813      none	B	[aH0:1][c:2]([aH1])!@[SX4:3][!#1:4]	109.72	1.0568	-	-	-	-	O
C04155240      none	B	[aH1:1][c:2]([aH1])!@[SX4:3][!#1:4]	-89.792	12.5987	-	-	-	-	G
C04155240      none	B	[$(C=O):1][NX3H1:2]!@[c:3]([cH1])[cH1:4]	-120.021	0.302054	-	-	-	-	R
C04155240      none	B	[O:1]=[CX3:2]!@[NX3H1:3][!#1:4]	-0.00863009	63.7893	-	-	-	-	G
C04155240      none	B	[C:1][CX4:2]!@[CX3:3]=[O:4]	-153.759	1.18876	-	-	-	-	G
C04155240      none	B	[O:1]=[C:2]([O-])!@[CX4H1:3][H:4]	0.00553392	0.495663	-	-	-	-	O
C33638074      none	B	[aH0:1][c:2]([aH0])!@[SX4:3][!#1:4]	-119.994	3.63128	-	-	-	-	G
C33638074      none	B	[c:1][c:2]!@[c:3][s,o,nX3H1:4]	-59.7234	0.590378	-	-	-	-	O
C33638074      none	B	[aH0:1][c:2]([aH1])!@[SX4:3][!#1:4]	69.7503	11.3606	-	-	-	-	G
C36972680      none	B	[!#1:1][CX4:2]!@[CX4:3][!#1:4]	179.994	22.1548	-	-	-	-	G
C36972680      none	B	[O:1]=[C:2]([O-])!@[CX4H1:3][H:4]	-0.000132876	0.495663	-	-	-	-	O
C36972680      none	B	[$(C=O):1][NX3H1:2]!@[CX4H1:3][H:4]	-30.0018	6.97413	-	-	-	-	G
C36972680      none	B	[O:1]=[CX3:2]!@[NX3H1:3][!#1:4]	-0.00156977	63.7893	-	-	-	-	G
C36972680      none	B	[NH1:1][CX4:2]!@[CX3:3]=[O:4]	-119.998	0.275693	-	-	-	-	G
C36972680      none	B	[!#1:1][CX4:2]!@[CX4:3][!#1:4]	80.0009	1.75235	-	-	-	-	G
C36972680      none	B	[$(C=O):1][NX3H1:2]!@[CX4H1:3][H:4]	29.9987	9.46757	-	-	-	-	G
C36972680      none	B	[!#1:1][CX4H2:2]!@[CX4H2:3][!#1:4]	179.999	58.554	-	-	-	-	G
C36972680      none	B	[!#1:1][CX4:2]!@[SX2:3][!#1:4]	80.0008	6.41197	-	-	-	-	G
C36972680      none	B	[O:1]=[CX3:2]!@[NX3H1:3][!#1:4]	0.00455633	63.7893	-	-	-	-	G
C44929720      none	B	[a:1][c:2]!@[CX4H1:3][N,O:4]	150.002	3.7643	-	-	-	-	G
C44929720      none	B	[$(S(=O)(=O)):1][NX3H1:2]!@[CX4H1:3][H:4]	29.9887	11.9705	-	-	-	-	G
C44929720      none	B	[c:1][$(S(=O)=O):2]!@[NX3H1:3][C:4]	-59.9956	13.7514	-	-	-	-	G
C44929720      none	B	[aH1:1][c:2]([aH1])!@[SX4:3][!#1:4]	90.2633	12.916	-	-	-	-	G
C44929720      none	B	[O:1]=[C:2]([O-])!@[c:3]([cH1])[cH1:4]	-179.721	7.35294	-	-	-	-	G
C38058462      none	B	[$(S(=O)(=O)):1][NH0:2]!@[c:3]([cH1])[cH1:4]	59.9772	1.23967	-	-	-	-	G
C38058462      none	B	[c:1][S:2](=O)(=O)!@[NX2H0-:3]-[*:4]	60.0001	8.33333	-	-	-	-	G
C38058462      none	B	[aH0:1][c:2]([aH1])!@[SX4:3][!#1:4]	-90.3209	5.01982	-	-	-	-	O
C38058462      none	B	[O:1]=[C:2]([O-])!@[c:3][a:4]	0.0139984	11.4943	-	-	-	-	G
C08426318      none	B	[!#1:1][CX4H2:2]!@[CX3:3]=[O:4]	90.0127	1.06654	-	-	-	-	G
C08426318      none	B	[!#1:1][CX4:2]!@[SX2:3][!#1:4]	59.9999	7.53739	-	-	-	-	G
C08426318      none	B	[aH0:1][c:2]([aH0])!@[SX2:3][!#1:4]	59.9997	2.01135	-	-	-	-	G
C08426318      none	B	[cH0:1][c:2]([cH0])!@[c:3]([cH1:4])[cH1]	90.273	5.00666	-	-	-	-	G
C08426318      none	B	[aH0:1][c:2]([aH0])!@[SX2:3][!#1:4]	-149.999	0.43837	-	-	-	-	O
C08426318      none	B	[!#1:1][CX4:2]!@[SX2:3][!#1:4]	90.0015	2.8728	-	-	-	-	G
C08426318      none	B	[!#1:1][CX4H2:2]!@[CX3:3]=[O:4]	-0.00559145	19.1789	-	-	-	-	G
C04324891      none	B	[!#1:1][CX4:2]!@[CX4:3][!#1:4]	180	22.1548	-	-	-	-	G
C04324891      none	B	[O:1]=[C:2]([O-])!@[CX4H1:3][H:4]	0.00622029	0.495663	-	-	-	-	O
C04324891      none	B	[$(C=O):1][NX3H1:2]!@[CX4H1:3][H:4]	-30.0069	6.97413	-	-	-	-	G
C04324891      none	B	[O:1]=[CX3:2]!@[NX3H1:3][!#1:4]	0.00536704	63.7893	-	-	-	-	G
C04324891      none	B	[a:1][c:2]!@[C:3]([NH1,NH2])=[O:4]	90.2748	0.308642	-	-	-	-	O
C04324891      none	B	[O:1]=[C:2]([O-])!@[c:3][$(a[CX3]=O):4]	0.00510705	17.8571	-	-	-	-	G
C40697503      none	B	[*:1]~[N,n:2]!@[S:3]~[*:4]	59.9998	4.33354	-	-	-	-	G
C40697503      none	B	[$(S(=O)(=O)):1][NH0:2]!@[c:3]([cH1])[cH1:4]	-120.28	1.65289	-	-	-	-	G
C40697503      none	B	[cH1:1][c:2]([cH1])!@[C:3]([NH1,NH2])=[O:4]	-152.963	8.78518	-	-	-	-	G
C40697503      none	B	[O:1]=[CX3:2]!@[NX3H1:3][!#1:4]	-0.0106526	63.7893	-	-	-	-	G
C40697503      none	B	[$(C=O):1][NX3H1:2]!@[CX4H1:3][H:4]	-29.9967	6.97413	-	-	-	-	G
C40697503      none	B	[!#1:1][CX4:2]!@[CX4:3][!#1:4]	59.9891	12.3771	-	-	-	-	G
C40697503      none	B	[O:1]=[C:2]([O-])!@[CX4H1:3][H:4]	89.9957	0.86741	-	-	-	-	O
C40697503      none	B	[!#1:1][CX4H2:2]!@[CX4H2:3][!#1:4]	180	58.554	-	-	-	-	G
C38058485      none	B	[$(S(=O)(=O)):1][NH0:2]!@[c:3]([cH1])[cH0:4]	-60.0244	0	-	-	-	-	R
C38058485      none	B	[c:1][S:2](=O)(=O)!@[NX2H0-:3]-[*:4]	90.0003	2.77778	-	-	-	-	G
C38058485      none	B	[aH0:1][c:2]([aH1])!@[SX4:3][!#1:4]	69.6793	11.3606	-	-	-	-	G
C38058485      none	B	[O:1]=[C:2]([O-])!@[c:3][a:4]	-0.000959468	11.4943	-	-	-	-	G
C60211041      none	B	[cH0:1][a:2]([cH1])!@[a:3]([sX2,o,nX2H0,nX3H1:4])([cH1])	149.964	3.42205	-	-	-	-	G
C60211041      none	B	[$(S(=O)(=O)):1][NH0:2]!@[c:3]([cH1])[cH0:4]	-90.0064	18.0328	-	-	-	-	G
C60211041      none	B	[c:1][S:2](=O)(=O)!@[NX2H0-:3]-[*:4]	-89.9955	2.77778	-	-	-	-	G
C60211041      none	B	[aH0:1][c:2]([aH1])!@[SX4:3][!#1:4]	-70.2692	15.3236	-	-	-	-	G
C60211041      none	B	[O:1]=[C:2]([O-])!@[c:3]([cH1])[cH0:4]	90.0001	0	-	-	-	-	R
C38549751      none	-	-	-	-	-	-	-	-	-
C61833102      none	B	[!#1:1][CX4:2]!@[CX4:3][!#1:4]	60.0025	12.3771	-	-	-	-	G
C61833102      none	B	[!#1:1][CX4:2]!@[CX4:3][!#1:4]	179.999	22.1548	-	-	-	-	G
C61833102      none	B	[O:1]=[CX3:2]([NH1])!@[CH2:3][C:4]	-90.0099	1.868	-	-	-	-	O
C61833102      none	B	[O:1]=[C:2]!@[NX3H1:3](C=O)[H:4]	-179.987	35.6725	-	-	-	-	G
C61833102      none	B	[O:1]=[C:2]([NH1])!@[NX3H1:3](C=O)[H:4]	-0.00250937	58.9474	-	-	-	-	G
C61833102      none	B	[O:1]=[CX3:2]([$([NX3H1]C)])!@[NX3H1:3][!#1:4]	-0.00174447	41.1343	-	-	-	-	G
C61833102      none	B	[$(C=O):1][NX3H1:2]!@[CX4H1:3][H:4]	30.0081	9.46757	-	-	-	-	G
C61833102      none	B	[NH1:1][CX4:2]!@[CX3:3]=[O:4]	90.0064	0.183795	-	-	-	-	R
C61833102      none	B	[O:1]=[CX3:2]!@[NX3H0:3][!#1:4]	0.000327835	25.0866	-	-	-	-	G
C61833102      none	B	[C:1][CX4H2:2]!@[CX3:3]=[O:4]	-89.999	1.15875	-	-	-	-	O
C44935712      none	B	[a:1][c:2]!@[CX4H1:3][N,O:4]	59.9917	3.42939	-	-	-	-	G
C44935712      none	B	[$(C=O):1][NX3H1:2]!@[CX4H1:3][H:4]	-30.0035	6.97413	-	-	-	-	G
C44935712      none	B	[O:1]=[CX3:2]([$([NX3H1]C)])!@[NX3H1:3][!#1:4]	-0.000442344	41.1343	-	-	-	-	G
C44935712      none	B	[O:1]=[CX3:2]([$([NX3H1]C)])!@[NX3H1:3][!#1:4]	0.00502832	41.1343	-	-	-	-	G
C44935712      none	B	[$(C=O):1][NX3:2]!@[a:3][aH0:4]	-150.003	1.98526	-	-	-	-	O
C44935712      none	B	[O:1]=[C:2]([O-])!@[c:3]([cH1])[$([cH0][NH1,NH2]):4]	-0.00248521	10	-	-	-	-	G
C38058870      none	B	[O-:1][N+:2](=O)!@[c:3]([cH0])[cH,nX2H0:4]	90.0155	0.274725	-	-	-	-	O
C38058870      none	B	[$(S(=O)(=O)):1][NH0:2]!@[c:3]([cH1])[cH0:4]	-120.003	0	-	-	-	-	R
C38058870      none	B	[c:1][S:2](=O)(=O)!@[NX2H0-:3]-[*:4]	90.0046	2.77778	-	-	-	-	G
C38058870      none	B	[aH0:1][c:2]([aH1])!@[SX4:3][!#1:4]	-110.326	1.0568	-	-	-	-	O
C38058870      none	B	[O:1]=[C:2]([O-])!@[c:3][a:4]	-0.00277036	11.4943	-	-	-	-	G
C57212944      none	B	[$(S(=O)(=O)):1][NH0:2]!@[c:3]([cH1])[cH0:4]	-120.02	0	-	-	-	-	R
C57212944      none	B	[cH0:1][c:2]([cH1])!@[CX3:3]([NX3H1])=[O:4]	180	16.7102	-	-	-	-	G
C57212944      none	B	[O:1]=[CX3:2]!@[NX3H1:3][!#1:4]	-0.00384357	63.7893	-	-	-	-	G
C57212944      none	B	[$([CX3]=O):1][NX3H1:2]!@[CX4H2:3][C:4] 	120.006	2.76407	-	-	-	-	O
C57212944      none	B	[!#1:1][CX4H2:2]!@[CX4H2:3][!#1:4]	-60.0045	3.77933	-	-	-	-	G
C57212944      none	B	[!#1:1][CX4H2:2]!@[CX4H2:3][!#1:4]	-59.9958	3.77933	-	-	-	-	G
C57212944      none	B	[N:1][C:2](=O)!@[CX4H2:3][CX4H2:4]	120.006	5.31335	-	-	-	-	G
C57212944      none	B	[*:1]~[N,n:2]!@[S:3]~[*:4]	26.0162	2.49131	-	-	-	-	G
C01530413      none	B	[OX2:1][CX4:2]!@[CX4:3][OX2:4]	159.947	0.798637	-	-	-	-	O
C01530413      none	B	[C:1][CX4H2:2]!@[OX2:3][!#1:4]	90.0013	2.91511	-	-	-	-	G
C01530413      none	B	[*:1]~[OX2:2]!@[P:3]~[*:4]	59.9968	4.54722	-	-	-	-	G
C50351174      none	B	[H:1][CX4H1:2]!@[SX4:3][!#1:4]	47.1349	10.0257	-	-	-	-	G
C50351174      none	B	[C:1][$(S(=O)=O):2]!@[NX3H1:3][C:4]	-85.795	6.12245	-	-	-	-	G
C50351174      none	B	[$(S(=O)(=O)):1][NX3H1:2]!@[CX4H1:3][H:4]	-0.00903932	7.36648	-	-	-	-	G
C50351174      none	B	[!#1:1][CX4:2]!@[CX4:3][!#1:4]	179.997	22.1548	-	-	-	-	G
C50351174      none	B	[O:1]=[C:2]([O-])!@[CX4H1:3][H:4]	0.00126818	0.495663	-	-	-	-	O
C50351174      none	B	[!#1:1][CX4H2:2]!@[CX4H2:3][!#1:4]	-59.9978	3.77933	-	-	-	-	G
C63216417      none	B	[aH0:1][c:2]([aH1])!@[SX4:3][!#1:4]	-110.034	1.0568	-	-	-	-	O
C63216417      none	B	[c:1][S:2](=O)(=O)!@[NX2H0-:3]-[*:4]	89.9929	2.77778	-	-	-	-	G
C63216417      none	B	[$(S(=O)(=O)):1][N:2]!@[c:3][a:4]	-119.998	1.85547	-	-	-	-	G
C63216417      none	B	[O:1]=[C:2]([O-])!@[c:3][nX2H0:4]	179.982	20	-	-	-	-	G
C41073997      none	B	[$(C=O):1][NX3H1:2]!@[CX4H1:3][H:4]	60.0035	6.22422	-	-	-	-	G
C41073997      none	B	[O:1]=[CX3:2]!@[NX3H1:3][!#1:4]	-0.00419363	63.7893	-	-	-	-	G
C41073997      none	B	N[C:2](=[O:1])!@[CH2:3][N:4]	180	8.33333	-	-	-	-	G
C41073997      none	B	[$([CX3]=O):1][NX3H1:2]!@[CX4H2:3][C:4] 	89.9964	7.35439	-	-	-	-	G
C41073997      none	B	[O:1]=[CX3:2]([$([NX3H1]C)])!@[NX3H1:3][!#1:4]	0.011048	41.1343	-	-	-	-	G
C41073997      none	B	[O:1]=[C:2]([NH1])!@[NX3H1:3](C=O)[H:4]	0.0128476	58.9474	-	-	-	-	G
C41073997      none	B	[O:1]=[C:2]!@[NX3H1:3](C=O)[H:4]	179.992	35.6725	-	-	-	-	G
C41073997      none	B	[OX2:1][CX4H2:2]!@[CX3:3]([$([NX3H1,NX3H2])])=[O:4]	149.989	1.07143	-	-	-	-	R
C41073997      none	B	[C:1][CH2:2]!@[O:3][CX4:4]	-79.9984	1.18773	-	-	-	-	G
C41073997      none	B	[C:1][CH2:2]!@[O:3][CX4:4]	79.9973	1.71561	-	-	-	-	G
C41073997      none	B	[O:1][CX4:2]!@[CX3:3]=[O:4]	-120.01	1.11962	-	-	-	-	O
C42414571      none	B	[aH0:1][c:2]([aH1])!@[SX4:3][!#1:4]	-70.0159	15.3236	-	-	-	-	G
C42414571      none	B	[O:1]=[C:2]([O-])!@[c:3][a:4]	0.00235064	11.4943	-	-	-	-	G
C42414571      none	B	[c:1][S:2](=O)(=O)!@[NX2H0-:3]-[*:4]	-89.9996	2.77778	-	-	-	-	G
C42414571      none	B	[$(S(=O)(=O)):1][N:2]!@[c:3][a:4]	-120.003	1.85547	-	-	-	-	G
C58532697      none	B	[!#1:1][CX4:2]!@[SX4:3][!#1:4]	-172.259	7.34737	-	-	-	-	G
C58532697      none	B	[*:1]~[N,n:2]!@[S:3]~[*:4]	-60.0043	4.40087	-	-	-	-	G
C58532697      none	B	[$(S(=O)(=O)):1][NH0:2]!@[c:3]([cH1])[cH1:4]	119.722	2.06612	-	-	-	-	G
C58532697      none	B	[$(C=O):1][NX3H1:2]!@[c:3]([cH1])[cH1:4]	-150.022	5.07451	-	-	-	-	G
C58532697      none	B	[O:1]=[CX3:2]!@[NX3H1:3][!#1:4]	-0.000391074	63.7893	-	-	-	-	G
C58532697      none	B	[a:1][c:2]!@[C:3]([NH1,NH2])=[O:4]	-29.6911	5.14706	-	-	-	-	O
C58532697      none	B	[O-:1][N+:2](=O)!@[c:3]([cH0])[cH,nX2H0:4]	-0.00955909	12.6374	-	-	-	-	G
C31919378      none	B	[O:1]=[C:2]([O-])!@[CX4H1:3][H:4]	-0.00186576	0.495663	-	-	-	-	O
C31919378      none	B	[!#1:1][CX4H1:2]!@[NX3:3][!#1:4]	59.9966	5.65868	-	-	-	-	G
C31919378      none	B	[cH0:1][c:2]([cH,nX2H0])!@[NX3H1:3][CX4:4]	-119.999	0	-	-	-	-	R
C31919378      none	B	[O:1]=[C:2]([O-])!@[c:3]([cH1])[cH1:4]	179.976	7.35294	-	-	-	-	G
C31919378      none	B	[O-:1][N+:2](=O)!@[c:3]([cH0])[cH,nX2H0:4]	0.263204	12.6374	-	-	-	-	G
C13960860      none	B	[cH0:1][c:2]!@[CX4H1:3][CX4:4]	89.7366	4.45044	-	-	-	-	G
C13960860      none	B	[*^2:1]~[C^2:2]([!H])!@[C^2:3]~[*^2:4]	-150.023	1.11601	-	-	-	-	G
C13960860      none	B	[C:1][CX4:2]!@[CX3:3]=[O:4]	59.54	2.38699	-	-	-	-	G
C40561156      none	B	[$(C=O):1][NX3H0:2]!@[CX4H1:3][H:4]	-55.6691	0.378151	-	-	-	-	R
C40561156      none	B	[O:1]=[CX3:2]!@[NX3H0:3][!#1:4]	-0.00359341	25.0866	-	-	-	-	G
C40561156      none	B	[O:1]=[CX3:2]!@[NX3H1:3][!#1:4]	60.0105	0	-	-	-	-	R
C40561156      none	B	[$(C=O):1][NX3H1:2]!@[c:3]([cH1])[cH1:4]	29.9968	5.05437	-	-	-	-	G
C40561156      none	B	[O:1]=[C:2]([O-])!@[c:3]([cH1])[cH1:4]	179.98	7.35294	-	-	-	-	G
C40561156      none	B	[O:1]=[C:2]([O-])!@[c:3]([cH1])[cH1:4]	-179.753	7.35294	-	-	-	-	G
C38025376      none	B	[a:1][c:2]!@[C:3]([NH0])=[O:4]	-60.0033	3.63889	-	-	-	-	G
C38025376      none	B	[O:1]=[CX3:2](a)!@[NX3H0:3][!#1:4]	-29.7193	1.17502	-	-	-	-	O
C38025376      none	B	[!#1:1][CX4:2]!@[CX4:3][!#1:4]	159.998	1.81259	-	-	-	-	G
C38025376      none	B	[C:1][CX4H2:2]!@[CX3:3]=[O:4]	-120	0.79457	-	-	-	-	O
C41074013      none	B	[$(C=O):1][NX3H1:2]!@[CX4H1:3][H:4]	-30.0028	6.97413	-	-	-	-	G
C41074013      none	B	[O:1]=[CX3:2]([$([NX3H1]C)])!@[NX3H1:3][!#1:4]	-0.00217464	41.1343	-	-	-	-	G
C41074013      none	B	[O:1]=[C:2]([NH1])!@[NX3H1:3](C=O)[H:4]	0.00828191	58.9474	-	-	-	-	G
C41074013      none	B	[O:1]=[C:2]!@[NX3H1:3](C=O)[H:4]	180	35.6725	-	-	-	-	G
C41074013      none	B	[OX2:1][CX4H2:2]!@[CX3:3]([$([NX3H1,NX3H2])])=[O:4]	119.983	0	-	-	-	-	R
C41074013      none	B	[C:1][CH2:2]!@[O:3][CX4:4]	-79.9912	1.18773	-	-	-	-	G
C41074013      none	B	[C:1][CH2:2]!@[O:3][CX4:4]	79.9931	1.71561	-	-	-	-	G
C41074013      none	B	[O:1][CX4:2]!@[CX3:3]=[O:4]	-120.001	1.11962	-	-	-	-	O
C62268594      none	B	[cH1:1][a:2]([cH1])!@[a:3]([sX2,o,nX2H0,nX3H1:4])([cH0])	59.9959	1.97285	-	-	-	-	G
C62268594      none	B	[O:1]=[C:2]([O-])!@[c:3]([cH1])[cH1:4]	179.999	7.35294	-	-	-	-	G
C62268594      none	B	[a:1][c:2]!@[CX4H2:3][CX3:4]	-89.9608	7.62274	-	-	-	-	G
C62268594      none	B	[c:1][CX4H2:2]!@[CX3:3]=[O:4]	120.01	1.4245	-	-	-	-	O
C00332716      none	B	[cH1:1][c:2]([cH1])!@[CX3:3]=[O:4]	0.0113272	14.2319	-	-	-	-	G
C00332716      none	B	[O-:1][N+:2](=O)!@[c:3]([cH0])[cH,nX2H0:4]	90.0124	0.274725	-	-	-	-	O
C00332716      none	B	[$([cH0]!@[*^2]):1][c:2]([cH1])!@[CX3:3]=[O:4]	180	12.7363	-	-	-	-	G
C45076889      none	B	[!#1:1][CX4H2:2]!@[CX4H2:3][!#1:4]	59.9977	3.99483	-	-	-	-	G
C45076889      none	B	[!#1:1][CX4:2]!@[CX4:3][!#1:4]	63.9918	12.3771	-	-	-	-	G
C45076889      none	B	[NH1:1][CX4:2]!@[CX3:3]=[O:4]	93.018	0.183795	-	-	-	-	R
C45076889      none	B	[O:1]=[CX3:2]!@[NX3H1:3][!#1:4]	0.00836113	63.7893	-	-	-	-	G
C45076889      none	B	[$(C=O):1][NX3H1:2]!@[CX4H1:3][H:4]	-0.0098907	8.26772	-	-	-	-	G
C45076889      none	B	[OX2:1][CX4:2]!@[CX4:3][N:4]	59.9866	15.2809	-	-	-	-	G
C45076889      none	B	[!#1:1][CX4:2]!@[CX4:3][!#1:4]	-60.0096	12.2558	-	-	-	-	G
C45076889      none	B	[H:1][CX4H1:2]!@[OX2:3][!#1:4]	39.873	11.1687	-	-	-	-	G
C45076889      none	B	[!#1:1][CX4:2]!@[SX2:3][!#1:4]	80.0002	6.41197	-	-	-	-	G
C45076889      none	B	[*:1]~[OX2:2]!@[P:3]~[*:4]	60.0035	4.54722	-	-	-	-	G
C65349056      none	B	[*:1]~[N,n:2]!@[S:3]~[*:4]	89.9943	2.07924	-	-	-	-	G
C65349056      none	B	[$(S(=O)(=O)):1][NH0:2]!@[c:3]([cH1])[cH1:4]	-30.2647	0	-	-	-	-	R
C65349056      none	B	[cH1:1][c:2]([cH1])!@[c:3]([cH1:4])[cH1]	150.27	8.0493	-	-	-	-	G
C65349056      none	B	[O:1]=[C:2]([O-])!@[c:3][nX2H0:4]	179.98	20	-	-	-	-	G
C42692323      none	B	[OX2:1][CX4:2]!@[CX4:3][N:4]	59.997	15.2809	-	-	-	-	G
C42692323      none	B	[O:1]=[C:2]([O-])!@[CX4H1:3][H:4]	90.0025	0.86741	-	-	-	-	O
C42692323      none	B	[$(C=O):1][NX3H1:2]!@[CX4H1:3][H:4]	30.0027	9.46757	-	-	-	-	G
C42692323      none	B	[O:1]=[CX3:2]!@[NX3H1:3][!#1:4]	0.0032741	63.7893	-	-	-	-	G
C42692323      none	B	[O:1]=[CX3:2]!@[NX3H0:3][!#1:4]	-0.00420713	25.0866	-	-	-	-	G
C42692323      none	B	[$([CX3]=O):1][NX3H0:2](C)!@[CX4H2:3][C:4]	90.002	14.7513	-	-	-	-	G
C42692323      none	B	[$([CX3]=O):1][NX3H0:2](C)!@[CX4H2:3][C:4]	90.0036	14.7513	-	-	-	-	G
C42692323      none	B	[!#1:1][CX4:2]!@[CX4:3][!#1:4]	59.9969	12.3771	-	-	-	-	G
C42692323      none	B	N[C:2](=[O:1])!@[CH2:3][N:4]	180	8.33333	-	-	-	-	G
C37044105      none	B	[O-:1][N+:2](=O)!@[c:3]([cH0])[cH,nX2H0:4]	90.0164	0.274725	-	-	-	-	O
C37044105      none	B	[$(S(=O)(=O)):1][NH0:2]!@[c:3]([cH1])[cH0:4]	120.002	0	-	-	-	-	R
C37044105      none	B	[c:1][S:2](=O)(=O)!@[NX2H0-:3]-[*:4]	-60.0022	11.1111	-	-	-	-	G
C37044105      none	B	[aH1:1][c:2]([aH1])!@[SX4:3][!#1:4]	-89.7017	12.5987	-	-	-	-	G
C37044105      none	B	[O:1]=[C:2]([O-])!@[c:3][nX3H1:4]	179.972	34.7826	-	-	-	-	G
C21506896      none	B	[$(S(=O)(=O)):1][N:2]!@[c:3][a:4]	180	4.19922	-	-	-	-	G
C21506896      none	B	[c:1][S:2](=O)(=O)!@[NX2H0-:3]-[*:4]	-90.0019	2.77778	-	-	-	-	G
C21506896      none	B	[aH1:1][c:2]([aH1])!@[SX4:3][!#1:4]	-89.7241	12.5987	-	-	-	-	G
C21506896      none	B	[O:1]=[C:2]([O-])!@[c:3]([cH1])[cH0:4]	89.9986	0	-	-	-	-	R
C36836146      none	B	[!#1:1][CX4H2:2]!@[CX4H2:3][!#1:4]	180	58.554	-	-	-	-	G
C36836146      none	B	[!#1:1][CX4:2]!@[CX4:3][!#1:4]	-159.997	1.85018	-	-	-	-	G
C36836146      none	B	[O:1]=[C:2]([O-])!@[CX4H1:3][H:4]	-0.00107691	0.495663	-	-	-	-	O
C36836146      none	B	[$(C=O):1][NX3H1:2]!@[CX4H1:3][H:4]	-0.00243457	8.26772	-	-	-	-	G
C36836146      none	B	[O:1]=[CX3:2]!@[NX3H1:3][!#1:4]	-0.00100594	63.7893	-	-	-	-	G
C36836146      none	B	[c:1][CX4H2:2]!@[CX3:3]=[O:4]	60.0087	1.9943	-	-	-	-	G
C36836146      none	B	[a:1][c:2]!@[CX4H2:3][CX3:4]	-89.7291	7.62274	-	-	-	-	G
C36836146      none	B	[$(S(=O)(=O)):1][N:2]!@[c:3][a:4]	-150.002	2.49023	-	-	-	-	G
C36836146      none	B	[*:1]~[N,n:2]!@[S:3]~[*:4]	176.02	8.16343	-	-	-	-	G
C33248080      none	B	[CX3:1]=[CX3:2]!@[CH2:3][C:4]	-120.002	8.72666	-	-	-	-	G
C33248080      none	B	[CX3:1]=[CX3:2]!@[CH2:3][C:4]	-149.999	0.848896	-	-	-	-	G
C37675839      none	B	[aH0:1][c:2]([aH1])!@[SX4:3][!#1:4]	69.9832	11.3606	-	-	-	-	G
C37675839      none	B	[c:1][S:2](=O)(=O)!@[NX2H0-:3]-[*:4]	90.0016	2.77778	-	-	-	-	G
C37675839      none	B	[$(S(=O)(=O)):1][N:2]!@[c:3][a:4]	-120.002	1.85547	-	-	-	-	G
C37675839      none	B	[O:1]=[C:2]([O-])!@[c:3]([cH0])[cH0:4]	179.969	20	-	-	-	-	G
C62722583      none	B	[aH0:1][c:2]([aH1])!@[SX4:3][!#1:4]	-69.9726	15.3236	-	-	-	-	G
C37456405      none	B	[!#1:1][CX4:2]!@[CX4:3][!#1:4]	8.62561	0.0551082	-	-	-	-	R
C37456405      none	B	[NH1:1][CX4:2]!@[CX3:3]=[O:4]	119.998	0.41354	-	-	-	-	G
C37456405      none	B	[$(C=O):1][NX3H1:2]!@[CX4H0:3][C:4]	-59.9912	14.7253	-	-	-	-	G
C37456405      none	B	[O:1]=[CX3:2]!@[NX3H1:3][!#1:4]	-0.0127648	63.7893	-	-	-	-	G
C37456405      none	B	[!#1:1][CX4H2:2]!@[CX3:3]=[O:4]	-59.9947	1.45352	-	-	-	-	G
C37456405      none	B	[!#1:1][CH2:2]!@[n:3][cH0:4]	-44.7251	0.0212495	-	-	-	-	R
C06962154      none	B	[aH0:1][c:2]([aH0])!@[SX2:3][!#1:4]	0.00189162	13.1253	-	-	-	-	G
C06962154      none	B	[cH0:1][c:2]!@[CX4H1:3][a:4]	-60.276	3.47123	-	-	-	-	G
C06962154      none	B	[*:1]~[CX3:2]!@[OX2:3]~[*:4]	149.998	0.0892701	-	-	-	-	O
C06962154      none	B	[O-:1][N+:2](=O)!@[c:3]([cH0])[cH,nX2H0:4]	90.1924	0.274725	-	-	-	-	O
C20545340      none	B	[$(S(=O)(=O)):1][N:2]!@[c:3][a:4]	90.0013	4.78516	-	-	-	-	G
C20545340      none	B	[c:1][S:2](=O)(=O)!@[NX2H0-:3]-[*:4]	-59.9979	11.1111	-	-	-	-	G
C20545340      none	B	[aH0:1][c:2]([aH1])!@[SX4:3][!#1:4]	-70.2763	15.3236	-	-	-	-	G
C20545340      none	B	[O:1]=[C:2]([O-])!@[c:3]([cH0])[cH0:4]	-89.7307	0	-	-	-	-	G
C02529768      none	B	[aH0:1][c:2]([aH0])!@[SX4:3][!#1:4]	-119.995	3.63128	-	-	-	-	G
C02529768      none	B	[O-:1][N+:2](=O)!@[c:3]([cH0])[cH0:4]	90.2289	5.69106	-	-	-	-	G
C27992735      none	B	[CX3R:1]=[CX3R:2]!@[CX3:3]=[CX3:4]	39.9986	2.07715	-	-	-	-	G
C27992735      none	B	[*^2:1]~[C^2:2]([!H])!@[C^2:3]~[*^2:4]	60.0034	0.650722	-	-	-	-	O
C27992735      none	B	[a:1][c:2]!@[CX3:3]=[CX3H0:4]	-119.728	3.00312	-	-	-	-	G
C27992735      none	B	[*^2:1]~[C^2:2]([!H])!@[C^2:3]~[*^2:4]	-0.0035258	20.0453	-	-	-	-	G
C62339370      none	B	[cH0:1][c:2]([cH0])!@[NX3:3][CX4:4]	60.2774	2.6725	-	-	-	-	G
C62339370      none	B	[O:1]=[C:2]([O-])!@[CX4H1:3][H:4]	89.9969	0.86741	-	-	-	-	O
C03596262      none	B	[a:1][c:2]!@[C:3](=[$([N][!#1]):4])([$(N(C)[!#1])])	60.2528	1.9909	-	-	-	-	G
C59522780      none	B	[!#1:1][CX4H2:2]!@[CX4H2:3][!#1:4]	179.998	58.554	-	-	-	-	G
C59522780      none	B	[!#1:1][CX4H2:2]!@[CX4H2:3][!#1:4]	179.996	58.554	-	-	-	-	G
C59522780      none	B	[!#1:1][CX4H2:2]!@[CX4H2:3][!#1:4]	180	58.554	-	-	-	-	G
C59522780      none	B	[C:1][CX4H2:2]!@[CX3:3]=[O:4]	120.002	0.695249	-	-	-	-	O
C59522780      none	B	[cH0:1][c:2]!@[CX4H2:3][CX4:4]	-134.684	0.379747	-	-	-	-	R
C59522780      none	B	[O-:1][N+:2](=O)!@[c:3]([cH0])[cH0:4]	89.9779	5.69106	-	-	-	-	G
C20024831      none	B	[*:1]~[CX4:2]!@[P:3]~[*:4]	160.001	2.78349	-	-	-	-	G
C20024831      none	B	[*:1]~[CX4:2]!@[P:3]~[*:4]	-60.0016	10.3204	-	-	-	-	G
C20024831      none	B	[!#1:1][CX4H2:2]!@[CX4H2:3][!#1:4]	179.998	58.554	-	-	-	-	G
C20024831      none	B	[C:1][CX4H2:2]!@[CX3:3]=[O:4]	-120.008	0.79457	-	-	-	-	O
C37732115      none	B	[$(S(=O)(=O)):1][N:2]!@[c:3][a:4]	0.00340516	3.75977	-	-	-	-	G
C37732115      none	B	[a:1][c:2]!@[C:3]([NH1,NH2])=[O:4]	0.00282032	9.67683	-	-	-	-	G
C37732115      none	B	[c:1][S:2](=O)(=O)!@[NX2H0-:3]-[*:4]	59.9992	8.33333	-	-	-	-	G
C37732115      none	B	[aH0:1][c:2]([aH1])!@[SX4:3][!#1:4]	60.0051	13.4742	-	-	-	-	G
C37732115      none	B	[O:1]=[C:2]([O-])!@[c:3]([cH1])[cH0:4]	-0.000610042	8.88889	-	-	-	-	G
C20312801      none	B	[O:1]=[C:2]([O-])!@[c:3]([cH1])[cH1:4]	179.969	7.35294	-	-	-	-	G
C20312801      none	B	[a:1][ar5:2]!@[ar5:3][a:4]	-29.685	1.25954	-	-	-	-	O
C22158522      none	B	[$(S(=O)(=O)):1][N:2]!@[c:3][a:4]	-120.008	1.85547	-	-	-	-	G
C22158522      none	B	[c:1][S:2](=O)(=O)!@[NX2H0-:3]-[*:4]	-90.0006	2.77778	-	-	-	-	G
C22158522      none	B	[aH1:1][c:2]([aH1])!@[SX4:3][!#1:4]	-89.6951	12.5987	-	-	-	-	G
C22158522      none	B	[O:1]=[C:2]([O-])!@[c:3][nX3H1:4]	179.978	34.7826	-	-	-	-	G
CHEMBL60406      none	B	[CX3:1]=[CX3:2]!@[CH2:3][C:4]	-119.998	8.72666	-	-	-	-	G
CHEMBL60406      none	B	[!#1:1][CX4:2]!@[CX4:3][!#1:4]	-79.9936	1.71775	-	-	-	-	G
CHEMBL60406      none	B	[!#1:1][CX4:2]!@[CX4:3][!#1:4]	159.996	1.81259	-	-	-	-	G
CHEMBL60406      none	B	[O:1]=[C:2]([O-])!@[CX4H1:3][H:4]	90	0.86741	-	-	-	-	O
CHEMBL60406      none	B	[!#1:1][CX4:2]!@[CX4:3][!#1:4]	-40.0074	0.976141	-	-	-	-	G
CHEMBL60406      none	B	[O:1]=[C:2]([O-])!@[CX4H1:3][H:4]	90.0019	0.86741	-	-	-	-	O
C63016052      none	B	[!#1:1][CX4:2]!@[SX4:3][!#1:4]	-160	2.90526	-	-	-	-	G
C63016052      none	B	[!#1:1][CX4H2:2]!@[CX4H2:3][!#1:4]	-60.0033	3.77933	-	-	-	-	G
C63016052      none	B	[!#1:1][CX4H2:2]!@[CX4H2:3][!#1:4]	-60.0007	3.77933	-	-	-	-	G
C63016052      none	B	[C:1][CX4H2:2]!@[OX2:3][c:4]	-89.9996	0.86334	-	-	-	-	G
C63016052      none	B	[$([cH0]([CX3])):1][c:2]([cH1])!@[O:3][C:4]	-90.2811	1.38889	-	-	-	-	R
C63016052      none	B	[O:1]=[C:2]([O-])!@[c:3]([cH1])[cH0:4]	89.9994	0	-	-	-	-	R
C02517023      none	B	[cH0:1][c:2]([cH,nX2H0])!@[NX3H0:3][CX4:4]	119.721	2.29463	-	-	-	-	O
C02517023      none	B	[O-:1][N+:2](=O)!@[c:3]([cH,nX2H0])[cH,nX2H0:4]	179.973	23.2156	-	-	-	-	G
C02517023      none	B	[cH0:1][c:2]([cH1])!@[O:3][!C;!H:4]	179.999	11.6901	-	-	-	-	O
C02517023      none	B	[*:1]~[OX2:2]!@[P:3]~[*:4]	59.9998	4.54722	-	-	-	-	G
C04038785      none	B	[C:1][CX4:2]!@[CX3:3]=[O:4]	-120.001	3.42432	-	-	-	-	G
C04038785      none	B	[O:1]=[C:2]!@[O:3]~[!#1:4]	30.0018	0.0844276	-	-	-	-	R
C04038785      none	B	[*:1]~[NX3:2]!@[OX2:3]~[*:4]	-79.8267	1.25757	-	-	-	-	O
C04038785      none	B	[N:1][CX4:2]!@[CX3:3]=[O:4]	153.055	6.84729	-	-	-	-	G
C04038785      none	B	[O:1]=[CX3:2]!@[NX3H1:3][!#1:4]	0.00196745	63.7893	-	-	-	-	G
C04038785      none	B	[$(C=O):1][NX3H1:2]!@[CX4H1:3][H:4]	60.0003	6.22422	-	-	-	-	G
C04038785      none	B	[!#1:1][CX4:2]!@[CX4:3][!#1:4]	-159.996	1.85018	-	-	-	-	G
C04038785      none	B	[O:1]=[C:2]([O-])!@[CX4H1:3][H:4]	0.00585492	0.495663	-	-	-	-	O
C04038785      none	B	[C:1][CX4H2:2]!@[CX3:3]=[O:4]	-120.001	0.79457	-	-	-	-	O
C44883976      none	B	[$([cH0]F):1][c:2]([cH1])!@[CX3:3]([NX3H1])=[O:4]	59.9955	0	-	-	-	-	R
C44883976      none	B	[a:1][a:2]!@[CX3:3]=[CX3H1:4]	-159.996	2.81868	-	-	-	-	G
C44883976      none	B	[*^2:1]~[C^2:2]([!H])!@[C^2:3]~[*^2:4]	0.000632372	20.0453	-	-	-	-	G
C44883976      none	B	[O:1]=[CX3:2]!@[NX3H1:3][!#1:4]	0.00982529	63.7893	-	-	-	-	G
C44883976      none	B	[$(C=O):1][NX3H1:2]!@[CX4H2:3][$([c]([cH,nX2H0])[cH,nX2H0]):4]	179.997	3.5443	-	-	-	-	G
C44883976      none	B	[a:1][c:2]!@[CX4H2:3][!#1:4]	0.31374	2.24426	-	-	-	-	O
