C44251906,['G', 'G', 'G', 'G', 'G']
C44992956,['G', 'G', 'G', 'G', 'G', 'G', 'O', 'G']
C37627947,['G', 'G', 'G', 'G', 'O']
C65397087,['O', 'G', 'G', 'G', 'G']
C12918200,['G', 'G', 'G', 'G', 'G', 'O', 'G', 'G']
C37481878,['O', 'G', 'G', 'O', 'G', 'G']
C58223424,['G', 'G', 'G', 'G', 'O', 'G']
C50986550,['G', 'G', 'O', 'G', 'G']
C41104824,['G', 'G', 'G', 'G', 'G', 'G']
C14748887,['O', 'G', 'G', 'G', 'G', 'G', 'G', 'G']
C40508435,['G', 'G', 'G', 'G', 'G', 'G', 'G']
C38083656,['G', 'O', 'G', 'G', 'G', 'G']
C65421514,['O', 'O', 'O', 'G', 'O']
C37801233,['O', 'G', 'G', 'O', 'G', 'G', 'G', 'G']
C39774178,['G', 'O', 'G', 'G']
C35059148,['G', 'G', 'G', 'G']
C44502682,['G', 'G', 'G', 'G']
C37628244,['G', 'G', 'G', 'G', 'G']
C52145312,['G', 'G', 'G', 'G', 'G', 'G']
C35727731,['O', 'G', 'G', 'G', 'G', 'O', 'O', 'G']
C45581934,['G', 'G', 'G', 'G', 'G', 'G', 'G']
C44528996,['G', 'G', 'G']
C66324955,['G', 'G', 'G']
C26695652,['G', 'O', 'G', 'G', 'O']
C66990669,['G', 'G', 'G', 'G', 'G', 'G', 'O', 'O']
C55109038,['G', 'G', 'G', 'O', 'G', 'G', 'G', 'G', 'G']
C36264600,['G', 'G', 'G', 'G']
C62098985,['G', 'G', 'G', 'G', 'G']
C42823270,['G', 'O', 'G', 'G', 'G']
C63211999,['G', 'G', 'G', 'G', 'G', 'G', 'G']
C64156052,['G', 'G', 'G', 'G', 'O']
C50397737,['G', 'G', 'G', 'G', 'G']
C19679558,['G', 'O', 'G', 'O', 'G']
CHEMBL17351,['G', 'G']
C35727978,['O', 'G', 'O', 'G', 'G', 'G', 'G', 'G']
C39606663,['G', 'G', 'G', 'G', 'G', 'G', 'G', 'G']
CHEMBL17889,['G', 'G', 'G', 'G', 'G', 'G', 'G', 'G', 'G']
C44991075,['O', 'G', 'G', 'G', 'G', 'G', 'G']
C62729112,['G', 'G', 'G', 'G', 'O', 'O', 'G', 'O']
C36264552,['G', 'G', 'G']
C62841436,['G', 'G', 'G']
C52342871,['G', 'G', 'G', 'G', 'O', 'O']
C38049903,['G', 'G', 'G']
C63883349,['G', 'G']
C50462344,['G', 'G', 'G', 'O']
CHEMBL193289,['G', 'G', 'G', 'G', 'G', 'G', 'O']
C57553214,['G', 'G', 'G', 'G', 'G', 'G', 'G', 'O']
C37929879,['G', 'G', 'G', 'G', 'G']
C37042770,['G', 'G', 'G', 'G', 'G', 'G']
C01582792,['G', 'G']
C37799587,['G', 'G', 'O', 'G', 'G', 'G']
C61981628,['O', 'G', 'G', 'O', 'G', 'O']
C62639885,['G', 'G', 'G', 'G', 'G', 'O', 'G']
CHEMBL18433,['G', 'G', 'G', 'G', 'G', 'G', 'G', 'G']
C39508581,['G', 'G', 'G', 'G', 'G']
C44281230,['G', 'O', 'G', 'G']
C52926242,['G', 'G', 'G', 'G']
C37629833,['O', 'G', 'G', 'G', 'G', 'G']
C66891154,['G', 'G', 'G', 'G', 'O', 'G', 'G', 'G']
C40486761,['O', 'G', 'O', 'G']
C39354270,['G', 'G', 'O', 'G', 'O', 'G']
C52595381,['G', 'G', 'G', 'G', 'G', 'G', 'G']
C29481058,['G', 'G', 'G', 'G', 'O']
C31522639,['G', 'O', 'O', 'G', 'G', 'G', 'G', 'G']
C55165046,['G', 'G', 'G']
CHEMBL284483,['G', 'G']
C39956568,['O', 'G', 'O', 'G', 'G']
C23506274,['G', 'O', 'G', 'G']
CHEMBL360191,['G', 'G']
C37572872,['G', 'O', 'G', 'G', 'G']
C44163285,['G', 'O', 'O', 'G', 'G']
C62375548,['G', 'G', 'O', 'G', 'G', 'G', 'O', 'G']
C43427494,['O', 'G', 'G', 'G', 'G']
C66244458,['G', 'G', 'G', 'G', 'G', 'G']
C37018656,['O', 'G', 'G', 'O', 'G']
CHEMBL128787,['G', 'G']
C37818292,['O', 'G']
C44509053,['G', 'O', 'G', 'G', 'G']
C66891484,['G', 'G', 'G', 'G', 'O', 'G', 'G', 'O']
C42910944,['G', 'G', 'G', 'G', 'O']
C62889949,['G', 'O', 'O']
C55197959,['G', 'G', 'O', 'O', 'G', 'G', 'G', 'O']
CHEMBL329644,['G', 'G', 'G', 'G', 'G', 'G', 'G']
C62595993,['G', 'G', 'G', 'G', 'G', 'G', 'G', 'G', 'G']
C62101927,['G']
C35381103,['G', 'G']
C42874217,['G', 'G', 'O', 'O', 'O', 'G', 'G', 'G']
CHEMBL37181,['G', 'O', 'G', 'G', 'G', 'G']
C37021101,['G', 'G', 'G']
C62892213,['G', 'G', 'G', 'G', 'G']
C50462206,['G', 'O', 'O', 'G', 'G']
C38063214,['O', 'G', 'G', 'O', 'G']
C42872616,['O', 'G']
C37000855,['G', 'G', 'G', 'G']
C37892377,['G', 'G', 'G', 'G', 'G', 'G', 'G', 'O', 'G', 'G']
C50245171,['G', 'G', 'G', 'G']
C44527727,['G', 'O', 'G', 'G']
C36746088,['G', 'G', 'G', 'G', 'O']
C42871377,['O', 'G']
C42430748,['G', 'G', 'G', 'G', 'G']
C36284243,['G', 'G', 'G', 'G']
C39935768,['G', 'G']
C38041033,['G', 'G', 'G', 'G', 'G', 'O']
C50247566,['O', 'O', 'G', 'G']
C62101924,['G']
C37536952,['G', 'O', 'G', 'O', 'G', 'G']
C49826405,['G', 'G', 'G', 'G', 'G']
C44512745,['O', 'G', 'G']
C37019193,['G', 'G', 'G']
C37395052,['G', 'G', 'G', 'G', 'O']
C40508799,['G', 'O', 'G']
C61316689,['G', 'G', 'G', 'G', 'G', 'G']
C62893212,['G', 'G', 'O']
C45505303,['G', 'G', 'G', 'G', 'G', 'G', 'G', 'G', 'G']
C43405827,['G', 'G', 'O', 'O']
CHEMBL405920,['G', 'G', 'G']
C62743708,['G', 'G', 'G', 'G', 'G', 'G']
C50581659,['G', 'G', 'G', 'O', 'G']
C42171309,['G', 'G', 'G', 'G', 'G', 'G', 'G', 'G', 'G']
C58314881,['G', 'G', 'G', 'G']
C37919369,['G', 'G', 'G', 'G', 'G']
C36233011,['G', 'G', 'G']
C35111561,['G', 'G', 'G', 'O']
C37573529,['G', 'G', 'G', 'G', 'G']
CHEMBL18188,['G', 'G', 'G', 'G', 'G', 'G', 'G', 'O', 'G', 'G', 'G']
C65251940,['G', 'O', 'G', 'G', 'G', 'G', 'G']
C41302334,['G', 'G', 'G', 'G']
C48288230,['G', 'G', 'G', 'G', 'G', 'O', 'G', 'G']
C63213314,['G', 'G', 'G']
C52516742,['G', 'G', 'G', 'G', 'G']
C63129445,['G', 'O', 'G']
C36285148,['O', 'G', 'O', 'G']
C39029695,['G', 'G', 'G', 'G', 'G']
C62892665,['G', 'G', 'G', 'G', 'G', 'G']
C22048291,['G', 'G']
C50283989,['G', 'G', 'O', 'G', 'G']
C35139214,['G', 'G', 'G', 'G', 'G', 'G']
C37818299,['G', 'G', 'G', 'O']
C65526502,['O', 'O', 'G', 'G', 'O', 'G']
C11584610,['G', 'G', 'G', 'G']
C52094371,['G', 'G']
C40320466,['G', 'O']
C63110753,['G', 'G', 'G', 'G', 'G']
C50196428,['G', 'G', 'G', 'G']
C32110602,['G', 'G', 'G', 'G', 'O']
C66926163,['O', 'O', 'G', 'O', 'G', 'G', 'G', 'G']
C04993573,['G', 'G', 'O', 'O', 'G']
C40477810,['G', 'G', 'G', 'G', 'G', 'G', 'O', 'G']
C43387465,['G', 'G', 'G', 'O']
C37766215,['G', 'G', 'G', 'G', 'G', 'G', 'O']
C60343624,['G', 'O', 'G', 'G', 'G', 'G', 'G']
C43708229,['G', 'G', 'G']
C36681356,['G', 'G', 'G', 'G', 'G']
C37745005,['G', 'G', 'G', 'G']
C64636471,['O', 'G', 'G', 'G', 'G', 'G', 'O']
C50164040,['G', 'G', 'G']
C49644082,['G', 'O', 'G', 'G', 'G', 'G']
C50397812,['G', 'G', 'O', 'G']
C67011255,['O', 'G', 'G', 'G', 'O']
C63303102,['G', 'G', 'O', 'G', 'O', 'O']
C67184147,['G', 'G', 'G', 'G', 'O']
C63193705,['G', 'O', 'G']
C36265931,['G', 'G', 'G']
C43955090,['G', 'G', 'O', 'G', 'O']
C44692217,['G', 'G', 'G', 'G', 'G', 'G']
C49156854,['G', 'G', 'G', 'G', 'G', 'G', 'O']
C45140564,['G', 'G', 'G', 'G', 'G', 'G']
C66988896,['G', 'G', 'O', 'G', 'G', 'G', 'O']
C44509074,['O', 'G', 'G', 'O', 'G']
C65577125,['G', 'G', 'G', 'G', 'O', 'G', 'G']
C43799116,['G', 'O', 'O']
C36284350,['O', 'O', 'G', 'O']
C20521287,['G', 'O', 'G', 'G']
C37626550,['G', 'O', 'G', 'G', 'O']
C37945665,['G', 'G', 'G']
C50398133,['G', 'G', 'G', 'G']
C55030048,['G', 'G', 'G', 'G', 'G', 'G', 'O']
C52094364,['G', 'G']
C38013501,['G', 'G', 'G', 'G', 'G', 'G', 'G', 'O']
C37940821,['G', 'G', 'G', 'G', 'G']
CHEMBL64503,['G', 'G', 'G', 'G', 'G', 'G', 'G']
C37372735,['G', 'O', 'G', 'G', 'G', 'G', 'O']
C52839541,['G', 'G']
C54435830,['G', 'G', 'G', 'G', 'O', 'O']
C36265800,['O', 'O', 'G']
C66972217,['G', 'G', 'G', 'G', 'G']
C12135936,['O', 'G', 'G', 'G', 'G', 'G', 'O']
C37306596,['G', 'O', 'G']
C52625171,['G', 'G', 'G', 'G', 'G', 'G', 'O']
C20385085,['G', 'G', 'G', 'G', 'G', 'G', 'G']
C20434624,['O', 'G', 'G']
C44991069,['G', 'G', 'G', 'G', 'G', 'G', 'G']
C44261821,['G', 'G', 'G']
C53096978,['G', 'G', 'G', 'G', 'G', 'G', 'G']
C22022870,['O', 'G', 'G', 'G', 'G']
C19421802,['G', 'G']
C19910260,['G', 'G', 'G', 'G', 'G']
C50285869,['G', 'G', 'G', 'G', 'G', 'G']
C55165214,['G', 'G', 'G']
C36678091,['G', 'G', 'G', 'O', 'O']
C29575655,['G', 'G', 'G', 'G', 'G', 'G', 'O']
C53603832,['G', 'G', 'G', 'G', 'G', 'O']
C35057124,['G', 'G', 'G', 'G', 'G', 'G', 'G']
C63195318,['G', 'G', 'G', 'G', 'G']
C19681123,['O', 'G', 'G', 'G', 'G', 'G']
C37390280,['G', 'G', 'G', 'G', 'G']
C52093796,['G', 'G', 'G', 'G']
C64905151,['G', 'G', 'G', 'G', 'G', 'O', 'G', 'G']
C51148836,['G', 'G', 'G', 'O']
C40371503,['G', 'G', 'G', 'G', 'G', 'G']
C65390782,['G', 'O', 'G', 'G', 'O', 'G', 'O', 'O']
C57464976,['O', 'G', 'O']
C37002783,['G', 'G', 'G']
C54308098,['G', 'O', 'O']
C66119962,['G', 'O', 'G', 'G', 'O', 'G', 'G', 'O']
C37996495,['O', 'O', 'G']
C37021151,['G', 'G', 'G', 'G', 'O']
C52592044,['G', 'G', 'G', 'G']
C38014751,['G', 'G', 'G', 'G', 'G', 'G', 'G', 'O', 'G', 'G']
C42405717,['G', 'G', 'O', 'O', 'G']
C36982263,['O', 'G', 'G', 'O']
C66187978,['O', 'O', 'G', 'G', 'G', 'G', 'G']
C67447237,['G', 'G', 'O', 'O']
C62991139,['G', 'G', 'G']
C54139225,['G', 'G', 'G', 'G']
C36262888,['G', 'G', 'O', 'G', 'G', 'G', 'G', 'G', 'G', 'O']
C37818319,['G', 'G', 'O', 'O']
C61890702,['G', 'G', 'O', 'G', 'G']
C53590529,['G', 'G', 'G', 'G', 'G', 'G', 'G']
C66898456,['G', 'G', 'G', 'G', 'G']
C65944874,['G', 'G', 'G', 'G', 'G', 'G', 'G', 'G']
C50464289,['G', 'G', 'O']
C50459277,['O', 'G', 'G', 'G']
C63103931,['G', 'G', 'G', 'G', 'G']
C36258064,['G', 'G']
C22167409,['G', 'G', 'G', 'G']
C07792793,['G', 'G', 'O', 'G', 'G', 'G', 'G', 'G', 'G']
C20551785,['G', 'G', 'G', 'G', 'G', 'G']
C54902289,['G', 'G', 'G', 'G', 'O', 'G', 'G']
C35057134,['G', 'O', 'G', 'G', 'G', 'G', 'O']
C40826344,['G', 'G', 'G', 'O', 'G', 'G', 'G', 'G', 'O']
C36264076,['O', 'G', 'G']
C44610633,['G', 'G']
C50653311,['G', 'G', 'G']
C36907024,['G', 'O', 'G']
C57596723,['G', 'G', 'G', 'G', 'G']
C39974894,['O', 'G', 'G', 'G', 'G']
C50163263,['G', 'G', 'G', 'O', 'O']
C43413931,['O', 'G', 'G', 'G']
C38042847,['G', 'G', 'G', 'G', 'G']
C23039731,['G', 'G', 'G', 'G', 'G', 'G', 'G', 'G', 'G']
C52042116,['G', 'O']
C37999908,['G', 'O', 'O', 'G', 'G', 'G', 'G', 'G']
C64626322,['O', 'G', 'G', 'G']
C36298863,['G', 'G', 'G', 'O', 'G', 'G', 'G']
C49492033,['G', 'G', 'G', 'G', 'G', 'G', 'G', 'G', 'G', 'G']
C62230686,['G', 'G']
C37799588,['G', 'G', 'O', 'G', 'G', 'O']
C37801124,['G', 'G', 'G', 'G', 'O']
C61767900,['G', 'G', 'G', 'O', 'G']
C67561305,['G', 'G', 'G', 'G', 'G']
C31947216,['G', 'G', 'G', 'O', 'G', 'O']
C52048524,['G', 'G', 'G']
C36846843,['G', 'G', 'G', 'G', 'O']
C05071686,['O', 'G', 'G', 'G', 'G']
C62785749,['O', 'G']
C36754835,['O', 'G']
C38014262,['G', 'G', 'G', 'G', 'G', 'G', 'G', 'G', 'G']
C54242533,['G', 'O', 'O', 'O', 'G']
C62813319,['G', 'G', 'G', 'G', 'O']
C67344294,['G', 'G', 'O', 'G', 'G', 'G', 'G', 'G']
C51116619,['G', 'G', 'G', 'G']
C36265860,['G', 'G', 'G']
C37818271,['G', 'G']
C42406799,['G', 'G', 'O', 'O']
C37255266,['G', 'O', 'G', 'G', 'G', 'G']
C63172864,['G', 'G', 'G', 'G']
C63402181,['G', 'O', 'O', 'G', 'G', 'G', 'G', 'G', 'G']
C63171075,['G', 'G', 'G', 'G', 'G']
C57597292,['G', 'G', 'G', 'G', 'O', 'O', 'G']
C67419890,['G', 'G', 'G', 'O', 'G', 'G', 'G', 'G', 'G']
C50164006,['G', 'G', 'G', 'G']
C42405088,['G', 'G', 'G', 'O']
C33433683,['O', 'G']
C57551424,['G', 'G', 'G', 'O', 'G', 'G']
C39067957,['O', 'G', 'G', 'G', 'G', 'O', 'G']
C37821574,['G', 'O', 'G']
C44375145,['G', 'O', 'G', 'G']
C61884174,['G', 'G', 'G', 'G']
C40446603,['G', 'G', 'G', 'G', 'G']
C42403571,['G', 'O', 'G']
C29480621,['O', 'G', 'O', 'O', 'G']
C07675017,['G', 'G', 'G']
C43082544,['G', 'G', 'G', 'G']
C51661644,['O', 'O', 'O', 'G', 'G']
C63426797,['G', 'G', 'G', 'G', 'G', 'G']
C65435165,['G', 'G', 'G', 'G', 'G', 'G', 'G']
C67255775,['G', 'G', 'G', 'G', 'G', 'O']
C62850212,['G', 'G', 'G', 'G', 'G']
C61221420,['G', 'G', 'G', 'G', 'G']
C41719775,['G', 'G', 'G', 'G', 'G', 'G', 'G', 'G', 'G']
C38101500,['G', 'O', 'G']
C40922946,['O', 'G', 'G']
C67478467,['G', 'O', 'G', 'O', 'G', 'G', 'G', 'O', 'O']
C53011103,['G', 'O', 'G', 'G', 'G', 'O']
C61595056,['G', 'G', 'G', 'O', 'G']
C53749313,['O', 'G', 'O', 'G', 'G', 'O']
C61212661,['G', 'G', 'G', 'O', 'G', 'G']
C02380004,['G', 'G', 'G', 'G', 'G']
C50465431,['G', 'G', 'G']
C41323617,['G', 'G', 'G', 'G', 'G']
C41664705,['G', 'G', 'G', 'G']
C37820390,['G', 'O', 'G', 'O', 'G']
C41637393,['G', 'G', 'G', 'G', 'G', 'G', 'O', 'O']
C48632787,['G', 'G', 'G', 'O']
C48768427,['G', 'G', 'G', 'G', 'G', 'G', 'G', 'G', 'G']
CHEMBL18838,['G', 'G', 'G', 'G', 'G', 'G', 'G']
C50461876,['G', 'G', 'G', 'O']
C55298610,['G', 'G']
C63172854,['G', 'G', 'G', 'G']
C50377512,['G', 'G', 'G', 'G', 'G', 'G', 'G']
C42413053,['G', 'G', 'O', 'G']
C62526627,['G', 'G', 'G', 'G', 'G', 'G', 'G', 'G', 'G']
C38050053,['G', 'G', 'G']
C35140790,['G', 'G', 'G', 'G', 'G', 'G', 'G', 'G']
C50162837,['G', 'G', 'G', 'G']
C20984891,['G', 'G', 'G', 'G', 'G', 'G', 'G']
C45279658,['G', 'G', 'G', 'G']
C49989981,['G', 'G', 'G', 'G', 'G', 'G', 'O', 'O']
C63007783,['G', 'G', 'G', 'G']
C44559748,['G', 'G']
C42436301,['G', 'G', 'O', 'O']
C62815068,['G', 'G', 'G']
C36906953,['G', 'O', 'G']
C61841511,['G', 'O', 'O', 'G', 'G']
C37741163,['G', 'G', 'G', 'G', 'G', 'G', 'G']
C35487763,['G', 'G', 'G']
C20434363,['G', 'G', 'O', 'G', 'G']
C63110755,['G', 'G', 'O', 'G', 'G']
C63175430,['O', 'G', 'G', 'G']
C52295391,['G', 'G', 'G', 'G', 'G']
C51484815,['G', 'G', 'O', 'O', 'O', 'G']
C36906999,['G', 'G', 'O']
C55175500,['G', 'G', 'G', 'G', 'G']
C66990679,['G', 'G', 'G', 'G', 'G', 'G', 'G']
C40857604,['O', 'O', 'G', 'G', 'G']
C53254428,['O', 'G', 'G', 'G', 'G']
C44730173,['G', 'G', 'G', 'G', 'G', 'O', 'G']
C52540494,['G', 'G', 'G', 'O', 'G', 'G', 'G']
C58082690,['G', 'G', 'G', 'G', 'G', 'G', 'G']
C37759513,['G', 'G', 'O', 'G', 'G']
C54244349,['G', 'G', 'G', 'G', 'G']
C43326422,['G', 'G', 'G', 'G', 'G']
C03414673,['O', 'O', 'G', 'G', 'G', 'G', 'G']
C50182694,['G', 'G', 'G', 'G', 'G', 'O']
C22635111,['G', 'G']
C62813455,['G', 'G', 'G']
C62985065,['G', 'O', 'G', 'G']
C37820855,['G', 'O', 'G', 'G', 'G']
C36204269,['O', 'G', 'G', 'G', 'G', 'G']
C14166830,['G', 'G', 'G', 'G', 'G', 'G', 'G']
C48904150,['G', 'G', 'G', 'G']
C40173949,['G', 'G', 'G', 'G', 'G']
C42642020,['O', 'G', 'G', 'G', 'G', 'G', 'G']
C49641760,['G', 'G', 'G', 'G']
C67580858,['G', 'G', 'G', 'G', 'G', 'G']
C63211073,['G', 'G', 'G']
C51518378,['G', 'G', 'O', 'G', 'G', 'G']
C65376594,['G', 'O', 'G', 'G', 'G', 'G', 'G']
C44425087,['G', 'G', 'G', 'G', 'G', 'G', 'G']
C19936062,['G', 'G', 'G']
C63175025,['G', 'G', 'G', 'G', 'G']
C64228903,['G', 'G', 'G', 'G', 'G', 'G', 'G', 'G']
C03124783,['-']
C63177758,['G', 'G', 'G', 'O', 'G', 'G']
C63786891,['G', 'G', 'G', 'G', 'G', 'G']
C20023358,['G', 'G']
C67458539,['O', 'G', 'O', 'G', 'G']
C48965988,['G', 'G', 'G', 'G', 'G', 'G', 'G', 'G', 'G']
C19482617,['G', 'O', 'G']
C48732327,['G', 'G', 'G', 'G', 'G', 'G', 'G', 'G']
C37615351,['G', 'G', 'G', 'G', 'G', 'G']
C36286511,['G', 'G', 'G', 'G']
C49716927,['G', 'G', 'G', 'G', 'O', 'G', 'G']
C42424289,['G', 'O', 'G', 'G', 'G', 'G']
C65435162,['G', 'O', 'G', 'G', 'G', 'G', 'G']
C49021208,['G', 'G', 'G', 'G', 'G', 'G', 'G']
C62814460,['G', 'G', 'G', 'G', 'G']
C40378013,['O', 'O', 'G', 'O']
C62861031,['G', 'G', 'G', 'O', 'O']
C45467754,['G', 'G', 'G', 'G', 'G', 'G', 'G', 'G', 'G', 'G']
C45073711,['G', 'G', 'G', 'G', 'G', 'G', 'G', 'G', 'G', 'G', 'G']
C23478333,['O', 'G', 'O', 'O', 'O']
C63190293,['G', 'G', 'G', 'O', 'G', 'G']
C37887841,['G', 'G', 'G', 'G', 'G', 'G', 'G', 'G', 'G']
C61883967,['G', 'G', 'G', 'G']
C36235972,['G', 'G', 'G', 'O', 'G', 'G']
C37739607,['G', 'G', 'G', 'G', 'G']
C66113706,['G', 'G', 'G', 'O', 'O', 'O']
C40636319,['G', 'G', 'O', 'G', 'O']
C37481640,['O', 'G', 'G', 'G']
C37271784,['G', 'O', 'O', 'O', 'G', 'G']
C50602520,['G', 'G', 'G', 'G', 'G']
C51148929,['G', 'O', 'G', 'G', 'G']
C51003420,['G', 'G', 'G', 'G', 'G', 'O', 'G', 'G', 'G', 'G']
C66363101,['G', 'G', 'O', 'G', 'G', 'G', 'G', 'G']
C19976411,['G', 'G', 'G', 'O', 'G', 'G', 'G']
C67624939,['G', 'G', 'G', 'G', 'G', 'G', 'G', 'G']
C20190699,['G', 'G', 'G', 'G', 'G', 'G', 'G', 'O']
C51270943,['G', 'G', 'G', 'G', 'O', 'G', 'G', 'G', 'G']
C37950597,['G', 'G', 'G', 'G', 'O']
C37261778,['O', 'G', 'G', 'G', 'G']
C45475902,['G', 'G', 'G', 'G', 'G', 'G', 'G', 'G', 'G', 'G', 'O']
C52603278,['G', 'G', 'G', 'G', 'G', 'G', 'G']
C61681124,['O', 'G', 'G', 'G', 'G', 'O']
C54264987,['G', 'G', 'G', 'G', 'G', 'O', 'O', 'G']
C59034819,['G', 'G', 'G', 'G', 'O', 'G', 'G', 'G', 'G', 'G']
C12780742,['G', 'O', 'G', 'G', 'G', 'G', 'O']
C53569072,['G', 'G', 'G', 'G', 'G', 'G', 'G']
C66563394,['G', 'G', 'O', 'O', 'G', 'G', 'G']
C40515848,['O', 'G', 'G', 'G', 'O']
C52602756,['G', 'G', 'G', 'O', 'G', 'G']
C44559749,['G', 'G']
C53591513,['G', 'G', 'G', 'G', 'G', 'G', 'G']
C50163257,['G', 'G', 'G', 'G', 'G']
C49751183,['G', 'G', 'O', 'G', 'G']
C20661153,['G', 'G', 'G', 'G', 'G', 'O']
C54111474,['G', 'G', 'G', 'G', 'G']
C61676791,['G', 'G', 'G', 'G', 'G', 'G', 'G', 'G']
C61297196,['G', 'G', 'G', 'G', 'O', 'G']
C42961443,['G', 'G', 'G', 'G', 'G', 'O', 'G', 'G']
C40486760,['O', 'G', 'O', 'G']
C36265945,['G', 'G', 'G']
C51044474,['O', 'O', 'G', 'O', 'G', 'G', 'G', 'G']
C26781281,['G', 'G', 'G', 'G', 'G', 'G', 'G']
C53117198,['G', 'G', 'G', 'G', 'G', 'G']
C63948132,['G', 'G', 'G', 'G', 'G', 'G']
C14996255,['O', 'G', 'G', 'G', 'G', 'G', 'G']
C50351640,['G', 'G', 'O']
C37615201,['G', 'G', 'G', 'G', 'G', 'G']
C62711753,['G', 'G', 'G', 'G']
C46511080,['G', 'G', 'G', 'G', 'G', 'G', 'G', 'G']
C37227109,['G', 'G', 'G', 'G']
C62980702,['G', 'G', 'G', 'O']
C64129492,['O', 'G', 'G', 'G', 'G']
C36264614,['G', 'G', 'G', 'G']
C54377327,['G', 'G', 'G', 'G']
C65817369,['G', 'O', 'O', 'G', 'G', 'G', 'G', 'O']
C66243467,['G', 'G', 'O', 'G', 'O', 'G', 'G']
C65527527,['G', 'G', 'G', 'G', 'G']
C63213239,['G', 'G', 'G']
C19414859,['G', 'G', 'G', 'G', 'G']
C36281969,['G', 'G', 'G', 'G', 'G', 'G', 'O', 'G']
C08346065,['G', 'G', 'G', 'G', 'G', 'G']
C44502569,['O', 'G', 'G', 'G', 'G']
C04785978,['G', 'G', 'G', 'G']
C37242717,['O', 'G', 'G', 'G', 'G']
C36269359,['G', 'G', 'G', 'O', 'G', 'G', 'G', 'G', 'O']
C44529304,['G', 'G', 'O', 'G', 'G']
C20247588,['G', 'G', 'G']
C52600601,['G', 'G', 'G', 'G', 'G', 'G']
C36268863,['G', 'G', 'G']
C66188837,['G', 'G', 'G', 'G', 'G', 'G', 'G']
C21513034,['G', 'G', 'G', 'G']
C45475562,['G', 'G', 'G', 'G', 'G', 'G', 'G', 'G', 'G']
C13730929,['G', 'G', 'G', 'G', 'G', 'G', 'G']
C37818265,['O', 'O']
C52170765,['G', 'G', 'O', 'G', 'O', 'G']
C45121846,['G', 'G', 'G', 'G', 'G', 'G', 'G', 'G']
CHEMBL157723,['O', 'G', 'G', 'O', 'G', 'G', 'G']
C52626664,['G', 'G', 'G', 'G', 'G', 'G', 'G']
C54267374,['G', 'G', 'G', 'O', 'O', 'G']
C37799072,['G', 'O', 'O', 'G', 'G', 'G', 'G']
C45465064,['G', 'G', 'G', 'G', 'G', 'G', 'G', 'G']
C37949357,['G', 'G', 'G', 'G', 'G', 'O']
C64954030,['G', 'G', 'G', 'G', 'G', 'G', 'G', 'G']
C64226454,['G', 'G', 'G', 'O', 'G', 'G', 'G']
C39658781,['G', 'G', 'G', 'G', 'G', 'O', 'O']
C44493143,['G', 'O', 'G']
C36266072,['O', 'O', 'G', 'G']
C32073086,['G', 'G', 'G', 'G', 'O', 'G', 'G']
C57041844,['G', 'G', 'G', 'G', 'G', 'G', 'G', 'G', 'G', 'G']
C20256133,['G', 'G']
C50460831,['G', 'G', 'O', 'G', 'G', 'G']
C37227107,['G', 'G', 'G', 'G']
C36039523,['G', 'O', 'G', 'O', 'G', 'G', 'G', 'G']
C37210911,['G', 'G', 'G', 'G', 'G', 'G', 'G', 'G', 'G']
C52703794,['G', 'G', 'G', 'G', 'G', 'G', 'G']
C62860731,['G', 'G', 'G', 'G', 'G', 'G']
CHEMBL35316,['G', 'G', 'G']
C43259442,['G', 'G', 'G', 'G']
C66652715,['G', 'O', 'G', 'G', 'O']
C37622423,['G', 'G', 'G', 'G', 'G', 'G']
C39438323,['O', 'G', 'G', 'G', 'G']
C29476536,['O', 'G', 'G', 'G', 'G']
C36286516,['G', 'G', 'G', 'G']
C34799443,['G', 'G', 'O', 'G', 'G', 'G']
C54308097,['G', 'O', 'O']
C62851878,['G', 'G', 'G', 'G', 'O']
C63213319,['G', 'G', 'G']
C06976526,['G', 'G', 'G', 'G', 'G', 'G']
CHEMBL33910,['G', 'G']
C42874632,['G', 'G', 'G', 'O', 'O', 'G', 'G', 'O', 'G']
C61400030,['G', 'G', 'G', 'G', 'G', 'G', 'G', 'O', 'O']
C51693877,['G', 'G', 'G', 'G', 'G']
C38101521,['G', 'G', 'O', 'G']
C36812927,['G', 'G']
C37998049,['O', 'G', 'G', 'G']
C42428634,['G', 'O', 'O']
C54492972,['G', 'G', 'O']
C66450109,['O', 'G', 'G', 'G', 'G', 'O']
C57884418,['G', 'O', 'G', 'G', 'G', 'G', 'G', 'G', 'O']
C53734142,['G', 'G', 'G', 'G', 'O']
C39654819,['G', 'G', 'G', 'G', 'G', 'O', 'G']
C48574273,['G', 'G', 'O', 'G', 'G', 'G', 'G', 'G']
C37626375,['O', 'G', 'O', 'O', 'G', 'G']
C62976762,['G', 'G', 'G', 'G', 'G']
C35366625,['O', 'G', 'G', 'G', 'G', 'G']
C21163458,['G', 'G', 'G', 'O', 'G', 'G']
C33466044,['G', 'G', 'O', 'G']
C52010843,['G', 'G', 'G', 'G', 'G']
C65910135,['G', 'G', 'G', 'G', 'G', 'G', 'G', 'G', 'G']
C56795062,['G', 'G', 'G', 'G', 'O', 'G', 'G', 'G']
C37543259,['G', 'G', 'G', 'G', 'G']
C66187873,['O', 'O', 'G', 'G', 'G', 'G', 'G']
C50112787,['G', 'G', 'G', 'G', 'G', 'G', 'G', 'G', 'G']
C49332303,['G', 'G', 'G', 'G', 'G', 'G', 'G', 'G']
C50988340,['G', 'G', 'O', 'G', 'G']
C50779351,['G', 'G', 'G', 'G', 'O']
C67478773,['O', 'G', 'O', 'G', 'G', 'G', 'G', 'G', 'G']
C42017622,['G', 'G', 'O', 'G', 'G', 'O', 'G', 'G']
C45475555,['G', 'G', 'G', 'G', 'G', 'G', 'O', 'G']
C66703875,['G', 'G', 'G', 'G', 'O', 'G', 'G', 'G']
C28347167,['G', 'G']
C45014341,['G', 'O', 'G', 'G', 'G', 'G', 'G']
C66782190,['G', 'G', 'O', 'G', 'G', 'G', 'O']
C60154929,['G', 'G', 'G', 'G', 'G', 'G']
C50122295,['G', 'G', 'G', 'G', 'G']
C50163260,['G', 'G', 'G', 'G', 'G']
C37643625,['G', 'G', 'O', 'G', 'G']
C19954365,['G', 'G', 'G', 'G', 'G']
C57608060,['G', 'G', 'G', 'O', 'G', 'O']
C66875967,['G', 'G', 'G', 'G', 'G', 'G', 'G', 'G']
C65446782,['G', 'G', 'G', 'G', 'O', 'G', 'G']
C63162464,['G', 'G', 'G', 'O', 'G', 'G', 'G']
C54377553,['G', 'G', 'G', 'O']
C62369255,['G', 'G', 'G', 'G', 'G', 'G']
C42869883,['G', 'O', 'G', 'G', 'G']
C19949961,['O', 'G', 'G', 'G', 'G']
C64261663,['G', 'G', 'G', 'G', 'G', 'G', 'G', 'G']
C36264508,['G', 'O', 'G', 'G']
C37365290,['G', 'O', 'G', 'G']
C37199382,['G', 'G', 'G', 'G', 'G']
C20076170,['G', 'G', 'G', 'G', 'G', 'O']
C66726811,['G', 'O', 'G', 'O', 'O', 'G', 'G', 'G']
C63758496,['G', 'G', 'G', 'G', 'O', 'G', 'G', 'G', 'G']
C43446555,['G', 'G', 'G', 'G', 'G', 'G']
C67541433,['G', 'G', 'G', 'G', 'G', 'G']
C62717870,['G', 'G', 'G', 'G', 'G', 'O']
C46728383,['O', 'O', 'G', 'G', 'G', 'G', 'G', 'G']
C52869246,['G', 'G', 'G', 'G', 'G', 'G', 'G', 'G', 'G', 'G']
C38137357,['O', 'G', 'O', 'G']
C54225184,['G', 'G', 'G', 'G', 'G', 'G', 'G', 'G']
C42576025,['G', 'G', 'G', 'G', 'G', 'O']
C66177876,['G', 'G', 'G', 'G', 'G', 'G', 'G', 'G', 'O', 'G']
C19480576,['G', 'O', 'G']
C40469227,['G', 'G', 'G', 'G', 'G', 'G', 'O']
C37817026,['O', 'G', 'G', 'G', 'G', 'G']
C61783840,['G', 'G', 'G', 'G', 'G', 'G', 'O', 'G', 'G']
C59034816,['G', 'G', 'G', 'G', 'G', 'G', 'G', 'G', 'G', 'G']
C19516239,['G', 'O', 'O', 'G']
C67410442,['G', 'G', 'G', 'O', 'G', 'G', 'G', 'G']
C42429606,['G', 'G', 'G']
C63213254,['G', 'G', 'G', 'G', 'G']
C64414559,['O', 'G', 'G', 'G', 'G', 'G']
C52601734,['G', 'G', 'G', 'G', 'G', 'G', 'G']
C44502007,['G', 'G', 'G', 'G', 'G', 'G']
C49645420,['G', 'G', 'G', 'G', 'G']
C53097425,['G', 'G', 'G', 'O', 'G', 'G']
C66187977,['O', 'O', 'G', 'G', 'O', 'G', 'G']
C56795078,['G', 'G', 'O', 'G', 'O', 'G', 'G', 'G']
C44936639,['G', 'G', 'G', 'G', 'G', 'G', 'G']
C63125503,['G', 'G', 'G', 'G', 'G']
C07792312,['G', 'G', 'G', 'G', 'G', 'G', 'G', 'G', 'G']
C66886495,['G', 'G', 'G', 'G', 'G', 'G', 'G', 'G']
C49018329,['G', 'G', 'G', 'G', 'G', 'O', 'G', 'G', 'G']
C37820854,['G', 'O', 'G', 'G', 'G']
C66663149,['G', 'G', 'O', 'G', 'G', 'G', 'G', 'G']
C20088527,['G', 'O', 'G', 'G', 'G']
C37236997,['G', 'G', 'G', 'G', 'G', 'G', 'G', 'O', 'O']
C62768871,['G', 'G', 'G', 'G', 'G', 'G']
C49801222,['G', 'G', 'O', 'G', 'G', 'G']
C21304341,['O', 'G']
C36091379,['G', 'G', 'G', 'G', 'G']
C63175610,['G', 'G', 'G']
C63175197,['G', 'G', 'G']
C58023342,['G', 'G', 'G', 'G', 'G', 'G']
C61631006,['G', 'G', 'G', 'G', 'O']
C50406688,['G', 'G', 'G', 'G', 'G', 'O', 'G']
C05855894,['G', 'G', 'G', 'G', 'G', 'G', 'G']
C66178837,['O', 'G', 'G', 'G', 'O', 'G', 'G', 'G', 'G']
C37626188,['G', 'O', 'G', 'G']
C44763227,['O', 'O', 'G', 'G']
C54179981,['G', 'G', 'G', 'G', 'G']
C63025192,['G', 'G', 'O', 'G']
C55401795,['G', 'G', 'G', 'G', 'G', 'G']
C50397616,['G', 'G', 'G', 'G']
C63096800,['G', 'O', 'G', 'G', 'G', 'G']
C20342657,['G', 'G', 'G', 'G']
C39948784,['G', 'O', 'O', 'O', 'G', 'G', 'G', 'G', 'G']
C29093026,['G', 'G', 'G', 'G', 'O', 'G', 'G', 'G', 'O']
C06447457,['G', 'G']
C51869379,['G', 'G', 'G', 'G', 'G', 'G', 'G', 'G', 'O']
C49120922,['G', 'G', 'G', 'G', 'G']
C37804287,['G', 'G', 'G', 'O', 'G', 'G']
C40477807,['G', 'G', 'G', 'G', 'G', 'G', 'G', 'G']
C40831668,['G', 'G', 'G', 'G', 'G']
C42440506,['G', 'O', 'G', 'O']
C35581354,['G', 'G', 'G', 'G', 'G']
C64226824,['G', 'G', 'O', 'G', 'G', 'G', 'O', 'O']
C03444883,['G', 'G', 'G', 'O', 'G', 'G', 'G', 'G', 'G']
C62815043,['G', 'G', 'O', 'O', 'O', 'G']
C51549698,['G', 'G', 'G', 'G']
C19797654,['G', 'G', 'G', 'G', 'G', 'G']
C48731107,['G', 'G', 'G', 'G', 'G', 'O']
C37827040,['G', 'O', 'G', 'G', 'O']
C44493016,['G', 'G', 'G', 'G', 'G']
C37820398,['G', 'O', 'G', 'O', 'G']
C52170108,['G', 'G', 'G', 'G', 'G', 'G', 'G', 'G', 'G']
C37892563,['G', 'G', 'G', 'G', 'G', 'G', 'G', 'G', 'G']
C50620628,['G', 'G', 'G', 'O', 'O', 'G', 'G']
C38091764,['G', 'G', 'G', 'G']
C52629759,['G', 'G', 'G', 'O', 'G', 'G']
C54131932,['G', 'G', 'G', 'G', 'G', 'G', 'G', 'G']
C46857508,['G', 'G', 'G', 'G', 'G', 'G']
C67445930,['G', 'G', 'G', 'G', 'G', 'G', 'G', 'G']
C61936639,['G', 'G', 'G', 'G', 'G', 'G']
C39995868,['G', 'G', 'G', 'G', 'G', 'O', 'G', 'O']
C47966638,['G', 'G', 'G', 'G', 'G', 'G', 'G', 'O']
C40631996,['G', 'G', 'G', 'G', 'G', 'G']
C43769314,['G', 'G', 'G', 'G', 'O', 'G', 'O', 'O']
C44730004,['G', 'G', 'G', 'G']
C37269224,['G', 'O', 'G', 'G']
C66188751,['G', 'G', 'G', 'G', 'G', 'G', 'G', 'G', 'G', 'G']
C05001735,['G', 'O', 'G', 'G', 'G', 'G']
C37067017,['G', 'G', 'G', 'G', 'G']
C50378193,['G', 'G', 'G', 'O', 'G']
C03414667,['G', 'O', 'G', 'G', 'G', 'G', 'G']
C54343078,['G', 'G', 'G', 'G', 'G']
C23127498,['G', 'G', 'G', 'G', 'G', 'G', 'G', 'G', 'G']
C67358581,['G', 'G', 'G', 'O', 'G', 'G', 'G', 'G', 'O']
C67633078,['G', 'G', 'O', 'G', 'G', 'O', 'O']
C66362737,['G', 'G', 'G', 'G', 'G', 'G', 'G', 'G', 'G']
C66835605,['G', 'G', 'G', 'G', 'G', 'G']
C50395690,['G', 'G', 'G', 'G']
C52604653,['G', 'G', 'G', 'G', 'G', 'G']
C67624586,['G', 'G', 'O', 'G', 'G', 'G', 'G']
C39996962,['G', 'G', 'G', 'O']
C35545948,['G', 'G', 'G', 'G', 'G']
C37707210,['G', 'G', 'G', 'O', 'O', 'G', 'O']
C54075411,['G', 'G', 'O', 'G', 'O', 'G']
CHEMBL123620,['G', 'G', 'G', 'G', 'G', 'G', 'G', 'G', 'G', 'G', 'G', 'G']
C09482210,['G', 'G', 'G', 'G', 'G', 'G', 'G', 'O', 'G']
C39662364,['G', 'G', 'G', 'G', 'O', 'G', 'G']
C22937632,['G', 'G', 'G', 'G', 'G', 'G', 'G']
C51251032,['G', 'G', 'G', 'G', 'G', 'G', 'O']
C67268336,['G', 'G', 'G', 'G', 'G', 'G', 'G', 'O']
C36136060,['G', 'O', 'O', 'G', 'G']
C54244558,['G', 'G', 'G', 'G', 'G', 'G']
C54725400,['G', 'G', 'O', 'G', 'G', 'O', 'G', 'O']
C60355157,['G', 'G', 'G', 'G', 'G', 'G', 'G']
C45606597,['G', 'G', 'G', 'G', 'G', 'G', 'G']
C62350325,['G', 'G', 'G', 'G', 'G']
C35210022,['G', 'G', 'G', 'G', 'G', 'G', 'G', 'G', 'G', 'G']
C61884155,['G', 'G', 'O', 'G']
C48732065,['O', 'O', 'G', 'G', 'G', 'G', 'G', 'G', 'G']
C39792267,['G', 'G', 'G', 'G', 'G', 'G', 'G', 'G']
C52848660,['G', 'O', 'G', 'G', 'O']
C39699189,['G', 'G', 'G', 'G', 'G', 'G']
C67379509,['O', 'O', 'G', 'G', 'O', 'G']
C62528586,['G', 'G', 'G', 'G', 'G', 'G', 'G', 'O']
C52626903,['G', 'G', 'O', 'G', 'G', 'G']
C33501291,['G', 'O', 'G', 'G']
C63869788,['G', 'G', 'G', 'O', 'G', 'G']
C37820446,['G', 'G', 'O', 'G', 'G', 'G']
C37241444,['G', 'G', 'G', 'G', 'G', 'O', 'G']
C54389044,['O', 'O', 'G', 'G']
C67373325,['G', 'G', 'G', 'G', 'G', 'G', 'G']
C62115194,['G', 'O', 'G', 'G', 'G']
C54308155,['G', 'G', 'O', 'G', 'G', 'G']
C20277696,['G', 'G', 'G', 'G', 'G']
C53550505,['G', 'G', 'G', 'G', 'G', 'G', 'G', 'G']
C50185010,['G', 'G', 'G', 'G', 'G', 'G', 'G']
C20307362,['G', 'G', 'G', 'G', 'G']
C67270004,['O', 'G', 'G', 'G']
C62968434,['G', 'G', 'G', 'G']
C67479830,['G', 'G', 'G', 'O', 'G', 'G', 'G', 'O']
C37252155,['G', 'G', 'G', 'G', 'G', 'G', 'G']
C62777010,['G', 'G', 'G', 'G', 'G']
C15933459,['G', 'G']
C63868433,['G', 'G', 'G', 'G', 'G', 'O']
C33024418,['G', 'O', 'G', 'O', 'G', 'G', 'G', 'G', 'G']
C50892163,['G', 'G', 'G', 'G', 'O']
C49737561,['G', 'G', 'G', 'G', 'G', 'G', 'G']
C20189131,['G', 'G', 'G', 'G', 'G']
C50102231,['O', 'G', 'O', 'G', 'G', 'G']
C65479179,['G', 'G', 'G', 'G', 'O', 'G', 'G', 'G']
C43217592,['G', 'G', 'G', 'O', 'G']
C57884197,['G', 'G', 'G', 'G', 'G', 'G', 'G', 'O']
C67272178,['G', 'G', 'G', 'G', 'G', 'G', 'G']
C62813188,['G', 'G', 'G', 'G']
C67627748,['G', 'G', 'G', 'G', 'G', 'G', 'G', 'G', 'G']
C40470177,['G', 'G', 'G', 'G', 'G', 'G', 'G', 'O']
C37820926,['G', 'G', 'O', 'G', 'G', 'G']
C66987989,['G', 'G', 'G', 'O', 'G', 'G', 'O', 'G', 'G', 'G']
C50948198,['G', 'G', 'G', 'G', 'G', 'G', 'G', 'G', 'G', 'G']
C54131929,['G', 'G', 'G', 'G', 'G', 'G', 'G']
C40716126,['G', 'G', 'G', 'G', 'O', 'G']
C27559545,['G', 'G', 'G', 'G', 'G', 'G', 'G']
C50199826,['G', 'G', 'O', 'G']
C62440628,['G', 'G', 'G', 'G', 'G', 'G']
C38091885,['G', 'G', 'G']
C65589225,['G', 'G', 'G', 'G', 'G', 'G', 'G', 'G', 'G']
C66390699,['G', 'G', 'O', 'G', 'G', 'G']
C37187989,['G', 'G', 'O']
C20334926,['G', 'G', 'G', 'O', 'G', 'G']
C51792819,['G', 'G', 'G', 'G', 'O']
C06530507,['G', 'O', 'G', 'G', 'G', 'G', 'O', 'G']
C63194763,['G', 'G', 'G', 'G', 'G']
C63174979,['G', 'O', 'G']
C50350807,['G', 'G', 'O', 'G']
C65464361,['G', 'G', 'O', 'O', 'O']
C33670782,['O', 'O', 'G', 'G']
C36746133,['G', 'G', 'G', 'G', 'G']
C63180116,['G', 'G', 'G', 'G', 'G']
C30942313,['O', 'G', 'G', 'O', 'G', 'G', 'G', 'G', 'G']
C45712648,['G', 'G', 'G', 'G', 'G', 'G', 'O']
C34653835,['O', 'G', 'G', 'O', 'G', 'G', 'O', 'G']
C20085884,['G', 'G', 'G', 'G']
C43234842,['G', 'G', 'G', 'G', 'G']
C49740714,['G', 'G', 'G', 'O', 'O']
C49281997,['G', 'G', 'G', 'O', 'G']
C50817686,['G', 'G', 'G', 'G']
C64636352,['G', 'G', 'O', 'G', 'O', 'G']
C66363663,['G', 'G', 'G', 'G', 'G', 'G', 'G', 'G']
C39949003,['G', 'G', 'G', 'G', 'G', 'G', 'G']
C45769817,['G', 'G', 'G', 'G', 'G', 'G', 'G', 'G']
C67271838,['G', 'G', 'G', 'G', 'G', 'G', 'O']
C44792950,['G', 'O', 'G', 'G', 'O']
C07812072,['G', 'G', 'G', 'G', 'G', 'G', 'G', 'G', 'G']
C54341821,['G', 'G', 'O', 'G', 'O', 'G']
C22170218,['O', 'G', 'O', 'O', 'G', 'G']
C53542701,['G', 'G', 'G', 'G', 'G', 'G', 'G', 'G']
C62814590,['G', 'G', 'G']
C59122514,['G', 'G', 'G', 'G', 'O', 'G', 'O', 'G', 'G']
C63168099,['G', 'G', 'G', 'G']
C52594000,['G', 'G', 'G', 'G', 'O', 'G', 'G', 'G']
C24149235,['G', 'G', 'G', 'G', 'G', 'O', 'G']
C37918419,['G', 'G', 'G', 'O', 'G']
C48235249,['G', 'G', 'G', 'G', 'G', 'O']
C49332670,['G', 'G', 'G', 'G', 'G', 'G', 'G']
C66561832,['G', 'O', 'O', 'G', 'G']
C64482659,['G', 'G', 'G', 'G', 'O', 'G', 'G', 'G', 'G', 'G']
C65441907,['G', 'G', 'G', 'G', 'O', 'G', 'O', 'G', 'G']
C20092979,['G', 'G', 'G', 'G', 'G', 'G', 'G']
C40486777,['G', 'O', 'O', 'G', 'O']
C49737236,['G', 'G', 'G', 'G', 'G', 'G', 'O']
C44044369,['G', 'G', 'G', 'G', 'G', 'G', 'G']
C45505142,['G', 'G', 'G', 'G', 'G', 'G', 'G', 'G', 'G']
C67451374,['G', 'G', 'G', 'G', 'G', 'G', 'G']
C67418651,['G', 'G', 'G', 'G', 'G', 'G', 'G']
C37071937,['G', 'O', 'O', 'G', 'G']
C66187591,['G', 'G', 'G', 'O', 'G', 'G', 'G']
C07339695,['G', 'G', 'G', 'G', 'G', 'G']
C61272645,['G', 'G', 'G', 'G', 'O', 'G', 'G', 'G', 'G']
C67272115,['G', 'G', 'G', 'G', 'G', 'G']
C40904110,['G', 'G', 'G', 'G', 'G', 'O', 'G', 'G']
C54416838,['G', 'G', 'G', 'G', 'G']
C62848756,['G', 'G', 'G', 'G', 'G', 'G', 'G', 'G']
C45084473,['O', 'G', 'G', 'G', 'G']
C37951643,['G', 'G', 'G']
C44805932,['G', 'G', 'G', 'G', 'G', 'G', 'G', 'G', 'G']
C66559739,['G', 'O', 'G', 'G', 'G', 'G', 'G', 'G', 'G', 'G']
C45264557,['G', 'G', 'G', 'G', 'G', 'G']
C66819727,['G', 'G', 'G', 'G', 'G', 'G', 'G', 'G', 'G']
C54173052,['G', 'G', 'G', 'G', 'G', 'G', 'G', 'O']
C56511314,['G', 'G', 'G', 'O', 'G', 'G', 'G', 'G', 'G', 'G']
C67392654,['G', 'G', 'O', 'G', 'G', 'G', 'G']
C49000412,['G', 'G', 'G', 'G', 'G', 'G', 'G']
C66125728,['G', 'G', 'G', 'G', 'G', 'G', 'G', 'G', 'G', 'G']
C35358461,['G', 'O', 'G', 'G']
C36946462,['G', 'G', 'G', 'G', 'G', 'G']
C61949859,['G', 'G', 'O', 'O']
C50988320,['G', 'G', 'O', 'G', 'G']
C61676413,['G', 'G', 'G', 'G', 'G', 'G']
CHEMBL334197,['G', 'G', 'G', 'O', 'G', 'G', 'G', 'G', 'G', 'G', 'G', 'G']
C61809107,['O', 'G', 'G', 'G', 'G', 'G']
C50350826,['G', 'G', 'G', 'G', 'G']
C50995797,['G', 'G', 'O', 'G', 'G', 'G']
C37820861,['G', 'O', 'G', 'O', 'G']
C42862118,['G', 'G', 'G', 'G', 'G', 'G', 'G', 'G']
C54468797,['G', 'G', 'G', 'G', 'G', 'G']
C62848488,['G', 'G', 'G', 'G', 'G', 'G']
C36262035,['G', 'O', 'G', 'G']
C50987380,['G', 'O', 'G', 'G', 'G']
CHEMBL340297,['G', 'O', 'O', 'G', 'G', 'G', 'G', 'G', 'G', 'G', 'G']
C47833427,['G', 'G', 'G', 'G', 'G', 'G', 'G', 'G', 'G']
C62357134,['G', 'G', 'G', 'O', 'G', 'G', 'G']
C63131895,['G', 'G', 'G', 'G', 'G', 'G', 'O', 'G']
C62956415,['G', 'G', 'G', 'G', 'O', 'G', 'G', 'G', 'G']
C17887278,['G', 'O', 'O', 'G', 'G', 'G', 'G']
C65520836,['G', 'G', 'G', 'G', 'G', 'G', 'O', 'G']
CHEMBL124728,['G', 'G', 'G', 'O', 'G', 'G', 'G', 'G', 'G', 'G', 'G', 'G']
C20109702,['O', 'G', 'G', 'G', 'G']
C30424553,['G', 'G', 'G', 'G', 'G', 'G', 'G', 'O']
C40431407,['G', 'G', 'G', 'G', 'G', 'O']
C22861178,['G', 'G']
C65501238,['G', 'G', 'G', 'O', 'G', 'G', 'G']
C15934686,['G', 'G', 'G', 'G', 'O', 'G', 'O', 'G']
C66561331,['G', 'G', 'G', 'G', 'G', 'G', 'G', 'G', 'G']
C48837160,['O', 'O', 'G', 'G']
C33121223,['O', 'O', 'G', 'G', 'O', 'G', 'G', 'G', 'G', 'G', 'G']
C51144397,['G', 'G', 'G', 'G', 'G']
C38063389,['G', 'G', 'G', 'G']
C62943267,['O', 'G', 'G', 'G', 'G', 'G', 'G']
C52094772,['G', 'G']
C63175731,['G', 'G', 'G']
C02559813,['G', 'G', 'G']
C43411077,['G', 'G', 'G', 'G', 'G', 'G']
CHEMBL338076,['G', 'G', 'O', 'G', 'G', 'G', 'G', 'G', 'G', 'G', 'G']
C62728652,['G', 'G', 'G', 'G', 'G', 'G', 'G', 'G', 'G']
C41667260,['G', 'G', 'O', 'G', 'G', 'G', 'O', 'O']
C56946361,['G', 'G', 'G', 'G', 'O', 'G', 'G', 'G', 'G']
C12333713,['G', 'G', 'G', 'O', 'G', 'G', 'G']
C48925490,['G', 'G', 'G', 'G', 'G', 'G', 'G', 'G', 'G']
C44909796,['G', 'G', 'G', 'O', 'G', 'G', 'G', 'G', 'G']
C41664526,['G', 'G', 'G', 'G', 'G', 'O', 'G']
C19234501,['G', 'G', 'G', 'G', 'G']
C66363358,['G', 'G', 'G', 'G', 'G', 'G', 'G', 'G']
C22937041,['G', 'O', 'G', 'G']
C63582866,['G', 'G', 'G', 'G', 'G', 'G', 'G', 'G']
C48841406,['G', 'O', 'G', 'G', 'G', 'G', 'G', 'G', 'G', 'O']
C62542853,['G', 'G', 'G', 'G', 'G', 'G', 'G', 'G']
C43137944,['G', 'G', 'G', 'G', 'G', 'G', 'G', 'G', 'G']
C42428835,['G', 'G', 'O', 'O']
C48625557,['G', 'G', 'G', 'G', 'G', 'G', 'G']
C67272889,['G', 'G', 'G', 'G', 'G', 'G']
C48895639,['G', 'G', 'G', 'G', 'G', 'G', 'G', 'G']
C42170742,['G', 'G', 'G', 'G', 'G']
C62860423,['G', 'G', 'G', 'G', 'G']
C42101980,['G', 'G', 'G', 'G']
C61685173,['G', 'G', 'O']
CHEMBL334172,['G', 'O', 'O', 'G', 'G', 'G', 'G', 'G', 'G', 'G', 'G']
C67491283,['G', 'G', 'G', 'O', 'G', 'G']
C41651798,['G', 'G', 'G', 'G', 'G', 'G', 'G']
C38050836,['G', 'G', 'G', 'G', 'G']
C63907379,['O', 'G', 'G', 'G', 'G', 'G']
C42507562,['G', 'G', 'G', 'G', 'G', 'G', 'G', 'G']
C62567310,['G', 'G', 'G', 'G', 'G', 'G', 'O', 'G', 'G']
C37622281,['G', 'G', 'G', 'G', 'G', 'O']
C39668929,['G', 'G', 'G', 'G', 'G', 'G', 'G', 'G']
C49716948,['G', 'G', 'O', 'G', 'G', 'G', 'G', 'G']
C43528099,['G', 'G', 'G', 'G', 'G']
C51355416,['O', 'O', 'G', 'G', 'G', 'G']
C46838931,['G', 'G', 'O', 'G', 'G', 'G', 'G', 'G', 'G']
C41548529,['G', 'G', 'G', 'G', 'G']
C48837166,['O', 'O', 'G', 'G', 'O']
C66150576,['O', 'G', 'G', 'G', 'O', 'G', 'G', 'G']
C50370139,['G', 'G', 'G', 'G', 'G', 'G']
C39559755,['G', 'G', 'G', 'G', 'G', 'G', 'G', 'G', 'G', 'G', 'G']
C50948209,['G', 'G', 'G', 'G', 'G', 'G', 'G', 'G', 'G', 'G']
C01657189,['G', 'G', 'G', 'G', 'O']
C10462839,['G', 'G', 'G', 'G', 'G', 'G', 'G', 'G', 'G', 'G']
C44786406,['G', 'G', 'G', 'G', 'G', 'G', 'O']
C65456139,['G', 'G', 'G', 'O', 'G', 'G', 'G', 'O', 'G']
C49038892,['G', 'G', 'G', 'O', 'G', 'G', 'G', 'G', 'G']
C35581414,['G', 'G', 'G', 'G', 'G']
C41645462,['G', 'G', 'O', 'G', 'G', 'G', 'G', 'O', 'O']
C12603607,['G', 'G', 'O', 'O', 'G', 'G', 'G', 'G', 'G']
C65498989,['G', 'G', 'O', 'O', 'O', 'G']
C62858481,['G', 'G', 'G', 'G', 'G']
C48733405,['G', 'G', 'G', 'G', 'G', 'G', 'G']
C35558601,['G', 'G', 'G', 'G']
C63175603,['G', 'G', 'G', 'G']
CHEMBL359803,['G', 'G', 'G', 'G', 'G', 'G', 'G']
C43144330,['G', 'G', 'G', 'G', 'G', 'G', 'G', 'G']
C60937862,['G', 'G', 'G', 'G', 'G', 'G', 'G', 'O', 'G', 'G']
C08299813,['O', 'O', 'G', 'G', 'G', 'G']
C45221204,['G', 'G', 'G', 'G', 'G', 'G', 'G', 'G']
C61949856,['G', 'G', 'G', 'O']
C45474012,['G', 'G', 'G', 'G', 'G', 'G', 'G']
C38870003,['O', 'G', 'G', 'G', 'G', 'G', 'G', 'G', 'O']
C63707000,['G', 'G', 'G', 'O', 'G', 'G']
C43171696,['G', 'O', 'G', 'G', 'G', 'G', 'O', 'G', 'G', 'G']
C43410643,['O', 'G', 'G']
C50251896,['G', 'G', 'G', 'G', 'G']
C05686351,['G']
C39939640,['G', 'G', 'G', 'G', 'G', 'G', 'G']
C50404693,['G', 'G', 'G', 'O', 'G', 'G', 'G']
C21812057,['G', 'G', 'G', 'O', 'G']
CHEMBL436332,['G', 'G', 'G', 'G', 'G', 'G', 'G']
C37811614,['G', 'G', 'O', 'G']
C03885823,['G', 'G', 'G', 'G', 'O']
C66686999,['G', 'G', 'G', 'G', 'G', 'G', 'G', 'G', 'G', 'G']
C07744362,['G', 'G', 'G', 'G', 'G', 'G', 'G']
C48001907,['G', 'G', 'G', 'G', 'G', 'G', 'O']
C45314698,['G', 'G', 'G', 'G']
C66599511,['G', 'G', 'G', 'G', 'G', 'G', 'G', 'G', 'G', 'G', 'G']
C58236136,['G', 'G', 'G', 'O', 'G', 'G', 'G', 'G']
C43708984,['G', 'G', 'G', 'G', 'G']
C27284862,['G', 'G', 'G', 'G', 'O']
C12299094,['G', 'G', 'G', 'G', 'G', 'G', 'G', 'G']
C44060160,['G', 'G', 'G', 'O', 'G', 'G', 'G', 'O']
C63182406,['O', 'G', 'G', 'G', 'G', 'G']
C16677695,['O', 'G', 'G', 'G', 'G']
C66343125,['G', 'G', 'G', 'G', 'G', 'G', 'G']
C43138381,['G', 'G', 'G', 'G', 'G', 'G', 'G', 'G', 'G']
C40573654,['G', 'G', 'G', 'O', 'G']
C26805733,['G', 'G', 'G', 'G', 'G', 'G', 'G', 'G', 'O']
CHEMBL606664,['G', 'G', 'G', 'O', 'G', 'G', 'G']
C35431161,['G', 'G']
C39361362,['G', 'G', 'G', 'O']
C67276346,['G', 'G', 'G', 'G', 'G', 'G', 'G', 'G', 'O']
C45111655,['O', 'G', 'G', 'G', 'O', 'G', 'G']
C67392693,['G', 'G', 'G', 'G', 'O', 'G', 'G']
C41028352,['G', 'O']
C48835051,['O', 'G', 'G', 'G']
C39603709,['G', 'G', 'G', 'G', 'G', 'G', 'G', 'G', 'G']
C48574985,['G', 'G', 'G', 'G', 'G', 'G', 'G', 'G', 'G']
C51792824,['G', 'G', 'G', 'G', 'G', 'G']
C49989575,['G', 'G', 'G', 'G', 'G', 'G', 'G', 'G']
C42462984,['O', 'O', 'G', 'G']
C06000999,['G', 'G', 'G', 'G', 'G']
C50948211,['G', 'G', 'G', 'G', 'G', 'O', 'G', 'G', 'G', 'G']
C47008914,['O', 'G', 'G', 'G', 'G', 'G', 'G', 'G', 'G']
C63308286,['G', 'G', 'G', 'O']
C54579985,['G', 'G', 'G', 'G', 'G', 'O', 'G', 'O']
C67655060,['G', 'G', 'G', 'O', 'O', 'G']
C05993525,['G', 'G', 'G']
C41805720,['G', 'G', 'G', 'G', 'G', 'G', 'G']
C67417407,['G', 'G', 'G', 'G', 'G', 'G', 'G', 'G', 'G']
C63836468,['G', 'O', 'G', 'O', 'G', 'G']
C67117636,['G', 'G', 'O', 'G', 'G', 'G', 'G', 'O', 'G', 'G']
C62121937,['G', 'G', 'G', 'G', 'G', 'G', 'G']
CHEMBL157669,['G', 'G', 'O', 'G', 'G', 'G']
CHEMBL190280,['G', 'G', 'G', 'G', 'G', 'G', 'G']
C45277350,['G', 'G', 'O', 'G', 'G']
C27589328,['G', 'G', 'G', 'G', 'G', 'G', 'G', 'G', 'G', 'G']
C20836868,['G', 'O', 'G', 'G', 'G', 'O']
CHEMBL123910,['G', 'G', 'G', 'G', 'G', 'G', 'G']
C67081204,['G', 'G', 'G', 'G', 'G', 'G', 'G', 'G', 'G', 'O', 'G']
C21126018,['G', 'O', 'G', 'G', 'G', 'G', 'O', 'G', 'G', 'G', 'G']
C15828162,['G', 'G', 'G', 'G', 'G', 'G', 'G', 'O', 'G', 'O']
C45318674,['G', 'G', 'G', 'G', 'G', 'G', 'G']
C36262169,['G', 'G']
C31050873,['G', 'O', 'G', 'G', 'G', 'G', 'G']
C54663349,['G', 'G', 'G', 'G', 'G', 'G', 'G', 'G']
CHEMBL418074,['G', 'G', 'G', 'G', 'G']
C37820001,['G', 'G', 'O', 'G', 'G', 'G']
C66927570,['G', 'G', 'G', 'G', 'O', 'G', 'G', 'G', 'G', 'G']
C14746287,['O', 'G', 'G', 'G', 'G', 'O', 'G', 'G', 'G', 'G', 'G', 'O']
C40069244,['G', 'G', 'G', 'G', 'G', 'G']
C62900088,['G', 'G', 'G', 'G', 'G', 'G', 'G', 'G']
C04093417,['G', 'G', 'O', 'O', 'O', 'G']
C44493831,['G', 'G', 'G', 'G', 'G', 'G', 'G', 'G']
C10039845,['G', 'G', 'G', 'G', 'G', 'G', 'G', 'G', 'G']
C67103544,['G', 'G', 'G', 'G', 'G', 'G', 'G', 'G', 'G', 'G']
CHEMBL93560,['G', 'G', 'G', 'G', 'G', 'G']
C64724649,['G', 'O', 'G', 'G', 'G', 'O', 'G']
C66561332,['G', 'G', 'G', 'G', 'G', 'G', 'G', 'G', 'G']
C41625460,['G', 'G', 'G', 'O', 'G', 'G', 'O', 'G']
C49458607,['G', 'G', 'G', 'G', 'G', 'G', 'O', 'G']
C14833710,['G', 'O', 'G', 'G', 'O', 'G', 'G', 'G', 'O', 'G']
C39533963,['G', 'G', 'G', 'G', 'G', 'G', 'O']
C62897461,['G', 'G', 'G', 'G', 'G', 'G']
C11982666,['G', 'G', 'G', 'G', 'G', 'G', 'G']
C30988605,['G', 'O', 'O', 'G', 'G', 'O', 'G']
C62815162,['G', 'O', 'O', 'O', 'G', 'G']
C41603600,['O', 'G', 'O', 'G', 'G']
C36744952,['G', 'G', 'O', 'O', 'G', 'G', 'G', 'O']
C54528183,['G', 'G', 'G', 'G', 'G']
C14937983,['G', 'G', 'G', 'G', 'G', 'G', 'G', 'O']
C08781642,['G', 'G', 'O', 'G', 'G', 'G', 'G', 'G', 'G', 'O']
C67045921,['G', 'G', 'G', 'G', 'G', 'G', 'G', 'G', 'G']
C20291681,['G', 'G', 'G', 'G', 'G', 'G', 'O']
C67195432,['G', 'O', 'G', 'G', 'G', 'G', 'G', 'G', 'G', 'G', 'G', 'G']
C38050242,['O', 'G', 'G']
C11253690,['G', 'G', 'G', 'G', 'G', 'O', 'G']
C59365743,['G', 'G', 'G', 'G', 'G', 'G', 'G', 'G', 'G', 'G']
C53250258,['G', 'G', 'O', 'G']
C07859100,['G', 'G', 'G', 'G', 'G', 'G', 'O']
C63807270,['G', 'G', 'G', 'G', 'O', 'G', 'G', 'G', 'G']
C62926048,['G', 'O', 'O']
C37800981,['G', 'G', 'G', 'O', 'G']
C40378414,['G', 'G', 'G', 'G', 'G']
C39484786,['G', 'G', 'G', 'G', 'G', 'G', 'G', 'G', 'G']
C63196094,['G', 'G', 'G', 'G', 'G']
C35422843,['G', 'G', 'G', 'G', 'G', 'G', 'G', 'O']
C36773145,['G', 'G', 'G', 'G', 'G', 'G', 'O', 'G', 'G', 'G', 'G']
C37622566,['G', 'G', 'G', 'G', 'G', 'G', 'G', 'O']
CHEMBL328139,['G', 'G', 'G', 'G', 'G', 'G']
CHEMBL306270,['G', 'G', 'G']
C61980669,['G', 'G', 'G', 'G', 'G']
C34650494,['O', 'O', 'G', 'G', 'G']
C41805573,['G', 'G', 'G', 'O', 'G', 'G', 'G', 'O', 'G']
C66187637,['O', 'G', 'G', 'G', 'G', 'G', 'G']
C44688060,['G', 'G', 'G', 'G', 'G', 'G', 'G', 'G']
C09888960,['G', 'G', 'G', 'G', 'G', 'G', 'O']
C08172627,['O', 'G', 'G', 'G', 'G', 'G', 'G', 'G', 'G', 'G']
C60410796,['G', 'G', 'O', 'G', 'G', 'G']
C44284114,['G', 'G', 'G', 'O']
C50641374,['O', 'O', 'G', 'G', 'G']
C40516910,['G', 'G']
C49295241,['G', 'G', 'G', 'O', 'G', 'O', 'G']
C61316538,['G', 'G', 'G', 'G', 'G']
C43335314,['G', 'G', 'G', 'G']
CHEMBL420174,['G', 'G', 'G', 'G', 'G', 'O', 'G', 'G', 'G', 'G', 'G', 'G', 'G', 'G']
C04124009,['G', 'G', 'G', 'G', 'G', 'G', 'G', 'G']
C63864939,['O', 'G', 'G', 'G', 'G', 'G']
C04536634,['G', 'G', 'G', 'G', 'G', 'G', 'G']
C37611436,['G', 'G', 'G', 'G', 'G', 'G', 'G', 'G', 'O']
C15322747,['O', 'G', 'G', 'G', 'O', 'G', 'O', 'G', 'G']
C66227664,['G', 'G', 'G', 'G', 'G', 'O', 'O', 'O', 'O', 'G', 'G', 'G']
C66191897,['G', 'O', 'G', 'O', 'G', 'G', 'G', 'G', 'G']
C62014696,['G', 'G', 'G', 'G', 'G', 'G', 'G']
C12052625,['G', 'G', 'G', 'G', 'G', 'O']
C09419527,['G', 'G', 'G', 'G', 'G', 'G', 'G', 'O', 'G', 'G']
C62901140,['G', 'G', 'G', 'G', 'G', 'G']
C65598299,['G', 'O', 'G', 'G', 'G', 'G', 'G', 'G']
C40324073,['G', 'O', 'G', 'O', 'G', 'G']
C37741585,['G', 'G', 'O', 'G', 'G']
C37090847,['G', 'G', 'G', 'G', 'O']
CHEMBL191267,['G', 'G', 'G', 'G', 'G', 'G', 'G']
C47870654,['O', 'G', 'G', 'G', 'G', 'G', 'G', 'G', 'G', 'G']
C65696344,['O', 'G', 'G', 'G', 'O', 'G', 'G', 'G']
C39746785,['G', 'G', 'O', 'G', 'O', 'G']
C48841207,['G', 'G', 'G', 'G', 'G', 'G', 'G', 'G', 'G', 'G', 'O']
C67103459,['G', 'G', 'O', 'G', 'G', 'G', 'G', 'O', 'G']
C48542623,['G', 'G', 'G', 'G', 'G']
C20556013,['G', 'G', 'G', 'G']
C54392543,['G', 'G', 'G', 'G', 'G']
C48693856,['G', 'G', 'G', 'G', 'G', 'G', 'G', 'O', 'G']
C31851635,['G', 'G', 'G', 'G', 'G']
C39532109,['G', 'G', 'G', 'G', 'G', 'O']
C16958356,['G', 'G', 'G', 'G', 'G', 'G', 'G', 'G', 'G']
C66237244,['O', 'G', 'G', 'G', 'G', 'G']
C66089539,['G', 'G', 'G', 'O', 'G', 'G', 'G', 'G', 'G']
C14660703,['G', 'G', 'G', 'G', 'G', 'G', 'G', 'G', 'G', 'G', 'G', 'G', 'G', 'G']
C36895456,['O', 'O', 'G', 'G', 'G']
C12226323,['G', 'G', 'O', 'G', 'G', 'G', 'G']
C41336054,['O', 'G', 'G', 'G', 'O', 'G', 'O', 'G', 'G', 'G', 'G', 'G']
C52737114,['G', 'G', 'G', 'G', 'G', 'G', 'G', 'G', 'O', 'O', 'G']
C66661685,['G', 'G', 'G', 'O', 'O', 'G', 'G', 'G', 'G']
C66120092,['G', 'O', 'G', 'G', 'G', 'O', 'G', 'G', 'G']
C58329515,['G', 'G', 'G', 'G', 'G', 'G']
C61795143,['G', 'G', 'G', 'O', 'G', 'G', 'G', 'G', 'G']
C51168633,['G', 'O', 'G', 'G', 'G']
C52914111,['G', 'O', 'O', 'G', 'G']
C04849872,['G', 'G', 'G', 'G', 'G', 'G']
CHEMBL604966,['G', 'G']
C50574151,['G', 'G', 'G', 'G', 'G', 'G', 'G', 'G', 'G', 'G']
C61991626,['G', 'G', 'O', 'G', 'O', 'G']
C07981090,['G', 'G', 'G', 'G', 'G']
C08861022,['G', 'G', 'G', 'G', 'G', 'G', 'G', 'G', 'G']
C41026207,['G', 'G', 'O', 'G', 'O', 'G', 'G', 'G', 'G']
C44458967,['O', 'G', 'G', 'G', 'G', 'O', 'G', 'G']
C37509433,['G', 'G', 'G', 'G', 'G', 'O']
C63686635,['G', 'G', 'G', 'G', 'G', 'O', 'O', 'G']
C38050928,['G', 'G', 'G', 'G', 'G']
C40809497,['G', 'G', 'G', 'G', 'G', 'G', 'G']
C67392695,['G', 'G', 'O', 'G', 'G', 'G', 'G', 'G']
C13127467,['G', 'G', 'G', 'G', 'O', 'G', 'G', 'O']
C59294004,['G', 'G', 'O', 'G', 'G', 'G', 'G', 'G', 'O']
C51147740,['G', 'G', 'G']
C56788106,['G', 'G', 'G', 'G', 'G', 'O', 'G', 'O', 'O']
C36697799,['G', 'O', 'G', 'G', 'G', 'G', 'G', 'G', 'G', 'G', 'G', 'G']
C07616525,['G', 'G', 'G', 'G', 'G', 'O', 'G', 'G', 'G', 'G']
C46830615,['G', 'G', 'G', 'G', 'G', 'G', 'G']
C19836992,['G', 'G', 'O', 'G', 'G', 'G', 'G']
CHEMBL364717,['G', 'G', 'G', 'G', 'G', 'G', 'G']
C48741776,['G', 'G', 'G', 'O', 'G']
C58418543,['G', 'O', 'G', 'G', 'G', 'G', 'G', 'G', 'G']
C00261683,['G', 'G', 'O', 'G', 'G', 'G']
C44502575,['G', 'G', 'G', 'O', 'G']
C65430426,['G', 'G', 'G', 'G', 'G', 'G']
C46869428,['G', 'G', 'G', 'G', 'G', 'G', 'G', 'O', 'O', 'G']
C41389562,['G', 'G', 'G', 'G']
C67271843,['G', 'G', 'G', 'G', 'G', 'G', 'G']
C43706734,['O', 'O', 'G', 'G', 'G']
C48720476,['G', 'G', 'O', 'G', 'G', 'G', 'G']
C10462888,['G', 'G', 'G', 'G', 'G', 'G', 'O', 'G', 'G', 'O', 'G']
C67195385,['G', 'O', 'G', 'G', 'G', 'G', 'G', 'G', 'G', 'G', 'G']
C41161542,['O', 'O', 'G', 'G', 'O']
C49540709,['G', 'G', 'G', 'G', 'G', 'G']
C05908138,['G', 'G', 'G', 'O', 'G', 'G']
C54567845,['G', 'G', 'G', 'G', 'O', 'G', 'G', 'O']
C43025579,['G', 'G', 'G', 'G', 'O', 'G', 'G']
C57351533,['G', 'G', 'G', 'G', 'G']
C58582464,['G', 'G', 'G', 'G', 'G', 'G', 'G', 'G', 'G', 'G']
C60368977,['G', 'O', 'O', 'G', 'G', 'G', 'G', 'G', 'G', 'G']
C63493145,['G', 'G', 'G', 'O', 'G', 'G', 'G', 'O']
CHEMBL335918,['G', 'G', 'G', 'G', 'G', 'G', 'G']
C42436305,['O', 'G', 'G', 'O']
C46539501,['G', 'G', 'G', 'G', 'G', 'G', 'G', 'G']
C06933458,['G', 'G', 'O', 'G', 'O']
C67594198,['G', 'G', 'G', 'G', 'G', 'G', 'O', 'G']
C28525026,['O', 'G', 'G', 'G', 'G', 'G', 'G', 'G', 'G']
C27947958,['G', 'G', 'G', 'O', 'G', 'G', 'G', 'G', 'G']
C05901992,['G', 'O', 'G', 'G']
C37069594,['O', 'O', 'G', 'O', 'O']
C10658656,['G', 'G', 'G']
C41804627,['G', 'G', 'G', 'G', 'G', 'O']
C40947039,['G', 'G', 'G', 'G', 'G', 'G', 'O']
C45310583,['G', 'G', 'G', 'G', 'G', 'G', 'G']
C40761077,['G', 'G', 'G', 'O', 'O', 'O']
C51583508,['G', 'G', 'G', 'G', 'G', 'G', 'G']
CHEMBL280784,['G', 'G', 'G', 'G', 'G', 'G', 'G']
CHEMBL189168,['G', 'G', 'G', 'G', 'G', 'G', 'G', 'G']
C53573298,['G', 'O', 'O', 'O', 'G']
C61813795,['G', 'G', 'G', 'G', 'O', 'G', 'G', 'G']
C22233507,['G', 'G', 'G', 'O', 'G', 'G', 'G', 'G']
C08250859,['G', 'G', 'G', 'G', 'G']
C36933178,['G', 'G', 'G', 'G', 'G']
C20202743,['O', 'G', 'G', 'G', 'G', 'G', 'O', 'G', 'G']
C39279703,['O', 'G', 'G']
C32126643,['G', 'G', 'G', 'G', 'O', 'O', 'G']
C00192456,['G', 'G', 'O', 'G', 'G']
C66906309,['G', 'G', 'G', 'G', 'G']
C66363085,['G', 'G', 'G', 'G', 'G', 'G', 'G', 'G', 'G', 'G']
C35430267,['G', 'G', 'G', 'G', 'G', 'G', 'G']
CHEMBL340086,['G', 'G', 'G', 'G', 'G', 'G', 'G', 'G', 'G', 'G', 'G']
C09905868,['G', 'G', 'G', 'G', 'G', 'G', 'G', 'G', 'O']
C61640146,['G', 'G', 'G', 'G', 'G']
C05172991,['O', 'G', 'G', 'G', 'G', 'G', 'G']
C42430357,['O', 'O', 'O', 'G', 'G', 'O']
C09705621,['O', 'G', 'G', 'G', 'G', 'G', 'G', 'G', 'G', 'G', 'G']
C40111631,['G', 'G', 'G', 'G', 'O', 'G', 'G']
C37077076,['G', 'O', 'O', 'O', 'G']
C48160020,['G', 'G', 'G', 'G', 'G', 'G', 'G']
C37562915,['O', 'G', 'O', 'O', 'G']
C62893472,['G', 'G', 'G', 'G', 'G', 'G', 'O']
C03081891,['G', 'G', 'G', 'G', 'G', 'G', 'O']
C37866669,['O', 'G', 'O', 'G', 'G', 'G', 'G']
C12549256,['G', 'G', 'G', 'G', 'O', 'G']
C00115919,['O', 'G', 'G', 'O']
C61594495,['G', 'G', 'G', 'G', 'G']
C49095131,['G', 'G', 'G', 'G', 'O', 'O', 'G', 'G']
C63209152,['O', 'G', 'G', 'G', 'G']
C40675785,['G', 'G', 'G', 'O', 'G', 'G']
C15707300,['G', 'G', 'G', 'G', 'G', 'G', 'G']
C63759003,['O', 'G', 'G', 'G', 'G', 'G', 'G', 'G', 'G', 'G', 'G']
C46735847,['G', 'G', 'G', 'G', 'G', 'G', 'G', 'G', 'G', 'G', 'G']
C27187544,['G', 'O', 'G', 'G', 'G', 'O', 'G', 'G']
C37905766,['G', 'O', 'G', 'G', 'O']
C22749936,['G', 'G', 'G', 'G', 'G', 'G', 'O', 'G', 'G', 'G']
C11253679,['G', 'G', 'G', 'G', 'G', 'G', 'G']
C37104826,['G', 'O', 'O', 'G']
C48396981,['G', 'G', 'G', 'G', 'G', 'G', 'G']
C62829301,['O', 'O', 'G', 'G', 'G', 'G']
C03225280,['G', 'G', 'G', 'O', 'G']
C12507949,['G', 'G', 'G', 'G', 'G', 'G', 'G', 'G']
C21805440,['G', 'G', 'G', 'G', 'O', 'O']
C50392675,['G', 'G', 'G']
C51666813,['O', 'G', 'G', 'G', 'O', 'G', 'G']
C51150847,['O', 'O', 'G', 'G', 'G']
C22690524,['G', 'O', 'G', 'G', 'G', 'G', 'G']
C37077079,['G', 'G', 'O', 'O', 'G']
C67039828,['G', 'G', 'G', 'G', 'G', 'G', 'G', 'G', 'G', 'G']
C06786787,['G', 'G', 'G', 'G', 'G', 'G', 'G', 'G', 'G', 'O', 'G', 'G']
C22798007,['G', 'G', 'G', 'G', 'G', 'O', 'G', 'G', 'G']
C63397429,['G', 'G', 'G', 'O', 'G', 'G', 'G', 'G', 'G', 'G', 'G', 'G', 'G']
C53602005,['G', 'O', 'O', 'G', 'G']
C63919322,['G', 'O', 'G', 'G']
C32118363,['G', 'O', 'O', 'O', 'G', 'G']
C00209042,['G', 'O', 'O', 'O', 'G']
C50945111,['G', 'G', 'G', 'G', 'G', 'G', 'O', 'G', 'G']
C37581697,['G', 'G', 'G']
C48608478,['O', 'G', 'G', 'G', 'G', 'G']
C61564448,['G', 'G', 'G', 'G', 'G', 'G']
C64630096,['G', 'O', 'G', 'G', 'G', 'G', 'G', 'O', 'G', 'G', 'G']
C06373045,['G', 'G', 'G', 'G', 'G']
C61609107,['G', 'G', 'G', 'G', 'G', 'G', 'G', 'O']
C32134179,['G', 'O', 'G', 'G']
C60166219,['G', 'G', 'G', 'G', 'G', 'G', 'G']
C41801666,['G', 'G', 'G', 'G', 'G', 'G']
C09639674,['O', 'G', 'G', 'O', 'G', 'G', 'G', 'G']
C49972001,['G', 'G', 'G', 'G', 'G', 'G', 'G', 'G', 'G']
C02484850,['G', 'G', 'G', 'G', 'G']
C20683650,['O', 'O', 'G', 'G', 'O', 'G']
C05027176,['G', 'G', 'G', 'O', 'G', 'G', 'G']
CHEMBL81390,['G', 'O', 'G', 'G', 'G', 'G']
C40377060,['G', 'G', 'G', 'G']
C48554346,['G', 'G', 'G', 'G', 'O']
C63654142,['G', 'G', 'O', 'G', 'G', 'O', 'G', 'G', 'G', 'G', 'G']
C49578535,['G', 'G', 'G', 'G', 'G']
C66704866,['G', 'G', 'G', 'G', 'G', 'G', 'G', 'G']
C54109471,['G', 'O', 'G', 'G', 'G', 'G', 'O']
C67103612,['G', 'G', 'G', 'G', 'G', 'G', 'O', 'G']
C13246428,['G', 'G', 'G', 'G', 'G', 'G', 'G', 'O', 'G', 'G', 'G', 'G']
CHEMBL17825,['G', 'G', 'G', 'G', 'G', 'G', 'G', 'G']
C57573391,['G', 'G', 'G', 'G', 'G', 'O', 'G', 'G']
C66929943,['G', 'O', 'G', 'G', 'G', 'G', 'G']
C61795862,['G', 'G', 'G', 'G', 'G', 'G', 'G', 'G']
C22533940,['G', 'G', 'G', 'G', 'G', 'G', 'G', 'G', 'G', 'G', 'G']
C51585740,['G', 'G', 'O', 'G', 'G', 'G', 'O']
C51122036,['O', 'G', 'G']
C15708752,['O', 'G', 'G', 'O', 'G', 'G', 'G', 'G']
C40487020,['G', 'G', 'O', 'G', 'G', 'G']
C67610233,['G', 'G', 'G', 'G', 'G', 'G', 'G', 'G', 'G', 'G', 'G']
C66913732,['G', 'G', 'G', 'G', 'G', 'G', 'G', 'G']
C63092109,['G', 'G', 'O', 'G', 'G']
C40378415,['G', 'G', 'G', 'O', 'G']
C51147959,['G', 'G', 'O']
C49144506,['G', 'G', 'G', 'G', 'G', 'G', 'G', 'G']
C61564387,['G', 'G', 'G', 'G', 'G', 'O', 'G']
C25492868,['G', 'G', 'G', 'G', 'G']
C36265100,['G', 'G', 'G', 'G', 'G', 'G', 'G', 'G']
C16671218,['O', 'O', 'G', 'G', 'G', 'O']
C57624996,['G', 'G', 'G', 'G', 'O', 'G']
C36972802,['O', 'G', 'G', 'G', 'O']
C20202025,['G', 'G', 'G', 'G', 'G', 'O']
C58156740,['O', 'O', 'G', 'O', 'G', 'G', 'O']
C60411649,['G', 'G', 'G', 'G', 'G', 'G', 'G']
C09647494,['G', 'O', 'G', 'G', 'G', 'G', 'G', 'G']
C62017517,['G', 'G', 'G', 'G', 'G']
C50114385,['G', 'G', 'O', 'O', 'G', 'G', 'G', 'G', 'G', 'G', 'G', 'O']
C45314817,['G', 'G', 'G', 'G', 'G', 'G', 'G', 'G']
C55171334,['G', 'G', 'O', 'O']
C66086025,['G', 'G', 'O', 'G', 'G', 'G', 'G', 'G', 'G', 'G', 'G', 'O']
C36749166,['O', 'G', 'O']
C25060086,['G', 'G', 'G', 'G', 'G', 'G', 'G']
C16240328,['O', 'G', 'G', 'G', 'G', 'G', 'O']
C67156574,['G', 'G', 'G', 'G', 'G', 'O', 'G', 'G', 'G']
C67211433,['G', 'G', 'G', 'G', 'G', 'G', 'O', 'G', 'G', 'G', 'G']
C37875802,['O', 'O', 'G', 'G', 'O']
C15730956,['G', 'G', 'G', 'G', 'G']
C37420884,['G', 'G', 'G', 'G', 'G']
C40218681,['G', 'G', 'O', 'G', 'O', 'G']
C51149556,['G', 'G', 'G', 'G', 'G']
C66075467,['O', 'G', 'G', 'G', 'O', 'G', 'G', 'G']
C09705879,['O', 'G', 'G', 'O', 'G', 'G', 'G', 'G', 'G', 'G', 'G']
C37907985,['G', 'O', 'O', 'G']
C54533355,['G', 'G', 'G', 'G', 'G', 'G', 'G', 'G']
C67624571,['G', 'O', 'G', 'G', 'G', 'G', 'G']
C40703377,['G', 'G', 'O', 'G', 'G', 'G']
C20201605,['G', 'G', 'G', 'G', 'O', 'G', 'G', 'O']
C48741007,['O', 'G', 'G', 'G', 'O', 'G']
C49162883,['G', 'O', 'G', 'G', 'G', 'G', 'G', 'O']
C48675204,['G', 'G', 'G', 'O', 'O', 'G']
C40761291,['G', 'G', 'O', 'O', 'O']
C66239491,['G', 'G', 'G', 'G', 'G']
C48995749,['G', 'G', 'O', 'G', 'G', 'G', 'G']
C06551317,['G', 'G', 'G', 'G', 'G', 'G', 'G', 'G', 'G']
C62011513,['G', 'O', 'G', 'G', 'O', 'G']
C49570796,['O', 'O', 'G', 'G', 'G', 'O']
C43113763,['G', 'G', 'G', 'O', 'G', 'G', 'G', 'G']
C22013903,['G', 'G', 'G', 'G', 'G', 'G', 'G', 'G']
C09313420,['G', 'G', 'G', 'O', 'O', 'G']
C63132736,['G', 'G', 'O', 'G', 'G']
C63399148,['G', 'G', 'G', 'G', 'G', 'G', 'G', 'G', 'O', 'G']
C61118227,['G', 'G', 'G', 'G', 'G', 'G']
C07045545,['G', 'G', 'G', 'G', 'G']
C46717929,['G', 'G', 'O', 'G', 'G', 'G', 'G', 'O']
C19878595,['G', 'O', 'O', 'O']
C63264568,['O', 'G', 'G', 'G', 'G', 'G', 'G', 'G', 'G', 'G', 'G']
C21079283,['G', 'G', 'G', 'O', 'G', 'G', 'G']
C37030408,['G', 'O', 'G', 'G', 'O', 'G']
C59460066,['G', 'G', 'G', 'G', 'G']
C40681696,['G', 'O', 'O', 'G', 'G']
C66120036,['O', 'G', 'G', 'O', 'G', 'G', 'O']
C46831272,['G', 'G', 'G', 'G', 'G', 'G', 'G', 'G', 'G']
C40347536,['G', 'G', 'G', 'G', 'G']
C37227249,['G', 'G', 'G', 'O']
C61431701,['O', 'G', 'G', 'G', 'G', 'G', 'O', 'G', 'G']
C37561989,['G', 'G', 'G', 'G', 'G', 'O']
C27252021,['G', 'G', 'G', 'G', 'G', 'G', 'G', 'G', 'G', 'G', 'G']
C40782776,['G', 'G', 'O', 'O', 'G', 'G', 'G']
C09366685,['G', 'G', 'G', 'G', 'G']
C49015949,['G', 'G', 'G', 'G', 'G', 'G', 'G']
C61886727,['G', 'G', 'G', 'G']
C43140835,['G', 'G', 'G', 'O', 'G', 'G', 'O', 'G', 'O']
C01596728,['G', 'G', 'O', 'G', 'G']
C55165129,['O', 'G', 'G', 'O']
C37972889,['G', 'G', 'G', 'G']
C05615080,['G', 'O', 'O', 'G']
C40779430,['G', 'G', 'G', 'G', 'O', 'O']
C40349364,['G', 'G', 'G', 'G', 'G', 'O', 'G']
C66783843,['G', 'G', 'G', 'G', 'G', 'G', 'G', 'G']
C59015044,['G', 'G', 'G', 'G', 'G', 'O', 'G', 'G', 'G', 'G', 'G']
C59016298,['G', 'O', 'G', 'G', 'G', 'G', 'G', 'G', 'G']
C20836886,['G', 'G', 'G', 'G', 'O', 'G']
C45109463,['G', 'G', 'G', 'G', 'G', 'O', 'G', 'G']
C61893498,['O', 'G', 'G', 'G', 'G', 'O']
C67084071,['O', 'O', 'G', 'G', 'G', 'G', 'G', 'G', 'G', 'G']
C37907383,['G', 'O', 'O', 'G', 'G', 'G']
C44650851,['G', 'G', 'G', 'G', 'G', 'O', 'G']
C43734921,['G', 'G', 'O', 'G']
C62440639,['O', 'G', 'G', 'G', 'G', 'G', 'G']
C44650993,['G', 'G', 'G', 'G', 'O', 'G']
C25356960,['O', 'G', 'G', 'O']
C49286850,['G', 'G', 'G', 'G', 'G', 'O', 'O']
C65724671,['G', 'O', 'G', 'G', 'G', 'G', 'G', 'G', 'G']
C42946688,['G', 'O', 'G', 'O', 'G', 'G', 'G', 'O']
C61640511,['G', 'G', 'G', 'G', 'G', 'G', 'O']
C41334116,['G', 'G', 'G', 'G', 'G']
C05387081,['G', 'O', 'O', 'G', 'G', 'G', 'G', 'G', 'G', 'G', 'G', 'G']
C54825324,['G', 'G', 'O', 'G', 'G']
CHEMBL426443,['G', 'G', 'G', 'G', 'G', 'G']
C46572693,['G', 'G', 'G', 'G', 'G', 'G', 'G', 'G', 'G', 'O', 'G']
C39615608,['O', 'G', 'O', 'G', 'G', 'O', 'G', 'G', 'G', 'G', 'G']
C49499672,['G', 'G', 'G', 'G']
C43408891,['G', 'G', 'G', 'O', 'O']
C06016330,['G', 'G', 'G', 'G', 'G']
C38783398,['G', 'G', 'G', 'G', 'G', 'G', 'G']
C15908852,['O', 'G', 'G', 'G', 'G', 'G', 'G']
C46586429,['G', 'G', 'G', 'G', 'G', 'G', 'G', 'G', 'G', 'G', 'G', 'G', 'G']
C49527047,['G', 'G', 'G', 'G', 'G']
C58391261,['G', 'O', 'O', 'G', 'G', 'O']
C50057971,['G', 'G', 'G', 'G', 'O', 'G', 'G', 'O']
C61675271,['O', 'G', 'G', 'G']
C01117863,['G', 'G', 'O', 'G', 'G', 'G', 'G', 'G', 'G', 'O']
C20019553,['G', 'G', 'G', 'G', 'G']
C54396668,['G', 'O', 'G', 'G', 'O', 'O', 'O']
C40983004,['G', 'G', 'O', 'G', 'G']
C42816526,['G', 'G', 'G', 'G']
CHEMBL606665,['G', 'G', 'O', 'O', 'G', 'G', 'G']
C48950906,['G', 'G', 'G', 'G', 'G', 'G', 'G', 'G']
C30603882,['G', 'O', 'G', 'O', 'G', 'G', 'G']
C47430575,['G', 'G', 'G', 'O', 'G', 'G', 'G', 'G', 'G']
C42948177,['G', 'G', 'G', 'G', 'O', 'G', 'O']
C45161355,['G', 'O', 'G', 'G', 'G', 'G', 'G', 'G', 'G', 'G', 'G', 'O']
C40072041,['G', 'G', 'G', 'G', 'G', 'G', 'G', 'G', 'G', 'O']
C39967463,['G', 'G', 'G', 'G', 'G', 'G', 'O', 'G', 'G', 'G', 'G', 'G']
C19594485,['G', 'G', 'O', 'G', 'G', 'G']
C09366684,['G', 'G', 'G', 'G', 'G']
C09508697,['G', 'G', 'G', 'G', 'G', 'G']
C40808200,['G', 'G', 'G', 'G', 'G']
C46585551,['G', 'G', 'G', 'G', 'G', 'G', 'G', 'G', 'G', 'G', 'G', 'G']
C48658575,['G', 'O', 'O', 'G', 'G', 'G', 'G', 'G', 'G']
C44785425,['G', 'G', 'G', 'G']
C53324041,['G', 'G', 'G', 'G', 'G']
C64403618,['G', 'G', 'G', 'G', 'G']
C50612502,['G', 'O', 'G', 'G', 'G', 'G', 'G', 'G', 'G']
C66187638,['G', 'G', 'G', 'G', 'G', 'G', 'G']
C53340911,['G', 'G', 'G', 'O', 'G', 'G', 'G', 'G']
C20911654,['G', 'G', 'O', 'G', 'O', 'G', 'G', 'G', 'G', 'O', 'G', 'G']
C36266682,['O', 'O', 'G', 'G', 'O', 'G']
C02510544,['O', 'G', 'O', 'G']
C26780188,['G', 'G', 'G', 'G', 'G', 'G', 'G', 'G', 'G', 'O', 'G']
C50440291,['G', 'O', 'G', 'G']
C37741590,['G', 'G', 'O', 'G', 'G']
C61638302,['G', 'O', 'G', 'O', 'G']
C65203096,['G', 'G', 'G', 'G', 'G', 'G', 'G', 'G']
C41593239,['G', 'G', 'G', 'G', 'G', 'G', 'G', 'G', 'G', 'G']
CHEMBL132135,['G', 'G', 'G', 'G', 'G', 'G', 'G', 'G']
C55169376,['O', 'G', 'G', 'G']
C41270986,['G', 'G', 'G', 'G']
C51720026,['O', 'G', 'O', 'G', 'G']
C51056117,['G', 'G', 'G', 'G', 'G', 'G', 'G', 'G', 'G', 'G', 'G']
C50244739,['O', 'O', 'O']
C25493233,['G', 'O', 'O', 'O']
C05090120,['G', 'G', 'G', 'G', 'G', 'G', 'G', 'O']
C13058770,['G', 'G', 'G', 'G', 'G', 'O']
C22533568,['G', 'G', 'G', 'G', 'G', 'G', 'G', 'G', 'O', 'O', 'G', 'G']
C46903882,['G', 'G', 'G', 'O', 'G', 'G', 'G']
C40535842,['G', 'G', 'G', 'G']
C48178063,['G', 'G', 'G', 'G', 'G', 'G', 'G', 'G']
C63001437,['G', 'G', 'G', 'O', 'G']
C48687661,['G', 'G', 'G', 'G', 'G']
C49144618,['G', 'G', 'G', 'G', 'G', 'G', 'G', 'G']
C67195419,['O', 'G', 'G', 'G', 'G', 'G', 'G', 'G', 'G', 'G', 'G', 'G', 'G', 'G']
C08723910,['G', 'G', 'G', 'G', 'G']
C37077098,['G', 'O', 'G', 'G', 'G']
C19870803,['O', 'G', 'G', 'G', 'G', 'O']
C46572667,['O', 'G', 'G', 'G', 'G', 'G', 'G', 'G']
CHEMBL295003,['G', 'G', 'G', 'G', 'G', 'G', 'G']
C13687823,['G', 'G', 'G', 'G', 'G', 'G']
C66326103,['G', 'G', 'G', 'G', 'G', 'O', 'G']
C66598999,['G', 'G', 'G', 'G', 'G', 'G', 'G', 'G', 'G', 'G']
C40760103,['G', 'O', 'G', 'G']
C20973344,['G', 'G', 'G', 'G', 'G', 'G', 'G', 'G', 'G', 'G']
C61600813,['G', 'G', 'G', 'G', 'G', 'G', 'G', 'G', 'G']
C49128989,['O', 'G', 'G', 'G', 'G', 'G', 'G', 'G']
C14033571,['G', 'G', 'G', 'G', 'G', 'G', 'G', 'G', 'G']
C49379384,['G', 'G', 'G', 'G', 'O', 'G', 'G', 'G', 'G', 'O', 'G']
C13658141,['O', 'O', 'G', 'G', 'G', 'G', 'G', 'G', 'G', 'G']
C44383174,['G', 'G', 'G', 'G', 'G', 'O']
C10425374,['G', 'G', 'G', 'G', 'G', 'G', 'G', 'G', 'G']
CHEMBL97627,['G', 'G']
C06547950,['G', 'G', 'G', 'G', 'G']
C65919259,['G', 'G', 'G', 'G', 'G', 'G', 'G', 'G', 'G', 'G']
C58880853,['G', 'G', 'G', 'G', 'O', 'G', 'O', 'O', 'O', 'G', 'G', 'G']
C14157849,['G', 'G', 'G', 'G', 'G', 'G', 'G', 'O', 'G']
C35736090,['O', 'G', 'O', 'G']
C21227251,['G', 'G', 'G', 'G', 'G', 'G', 'G', 'G', 'G']
C49186575,['G', 'G', 'G', 'G', 'G', 'G']
C13011874,['G', 'O', 'G', 'G', 'G', 'G']
C51145020,['G', 'G', 'O', 'G', 'G']
C37823374,['G', 'O', 'G', 'G', 'G', 'G']
C64241775,['G', 'G', 'G', 'G', 'G', 'G', 'G', 'G', 'G', 'O']
C65497740,['G', 'G', 'G', 'G', 'G', 'G', 'G', 'G', 'O', 'O']
C40381008,['G', 'G', 'G', 'O']
C66778367,['G', 'G', 'G', 'O', 'G', 'G', 'G']
C16490134,['O', 'O', 'O', 'G', 'G', 'G', 'G', 'G']
C67061762,['G', 'G', 'G', 'G', 'G', 'G', 'G', 'G', 'G', 'G', 'O']
C42824670,['G', 'G', 'G', 'G', 'O']
C35266368,['G', 'G', 'G', 'O', 'G', 'G', 'G', 'G', 'G', 'O']
C37002072,['O', 'O', 'G', 'G']
C35736612,['G', 'G', 'G', 'G', 'G']
CHEMBL18496,['G', 'G', 'G', 'G', 'G', 'G', 'G']
C13545077,['O', 'G', 'G', 'G', 'G']
C06208633,['G', 'G', 'O', 'G', 'G', 'G']
C42592990,['G', 'G', 'G', 'G', 'G', 'O', 'G', 'G', 'G', 'G']
C45094177,['G', 'G', 'G', 'G', 'G', 'G', 'G', 'O']
C14185462,['G', 'G', 'G', 'G', 'G', 'O', 'O', 'G', 'G']
C22033151,['G', 'G', 'G', 'G', 'G']
C40675537,['G', 'G', 'G', 'G']
C51601006,['O', 'O', 'G', 'G', 'G']
C04740998,['O', 'G', 'G', 'G', 'G', 'G', 'G']
C49180585,['G', 'G', 'G', 'G', 'G', 'G']
C50344436,['G', 'G', 'G', 'G', 'G', 'G']
C48732788,['O', 'G', 'G', 'O']
C37071926,['G', 'O', 'G', 'G', 'G', 'G']
C19915870,['G', 'O', 'O', 'G']
C20363564,['G', 'G', 'G', 'G', 'G', 'O']
C66403806,['G', 'G', 'G', 'G', 'O', 'G', 'G', 'O', 'G']
C04225322,['G', 'G', 'G', 'G', 'G', 'G', 'O']
C37131604,['G', 'O', 'O', 'G', 'G']
C45284573,['G', 'G', 'G', 'O', 'G', 'G']
C52732089,['G', 'G', 'G', 'G', 'G', 'G', 'G', 'G', 'G', 'O', 'G', 'G', 'G']
C62669780,['O', 'G', 'O', 'G']
C45307736,['G', 'G', 'G', 'G', 'G', 'G']
C56602750,['G', 'O', 'G', 'G', 'O', 'G', 'O']
C31023061,['O', 'G', 'G', 'G', 'G', 'O', 'G', 'G', 'G']
C54163463,['G', 'G', 'G', 'O', 'G', 'G']
C49277276,['G', 'G', 'G', 'G', 'O', 'G', 'G', 'G', 'G', 'G']
C49402355,['G', 'G', 'G', 'O', 'G']
C62938175,['G', 'G', 'G', 'G', 'G']
C17448073,['G', 'G', 'G', 'G', 'G', 'G', 'G', 'G', 'G', 'G', 'G', 'O']
C64891037,['G', 'G', 'G', 'G', 'G', 'G', 'G']
C62440279,['G', 'O', 'G', 'O', 'G']
C62860444,['G', 'G', 'G', 'G', 'O']
C59678905,['G', 'O', 'G', 'G', 'G', 'G', 'G', 'G']
C40471622,['G', 'G', 'G', 'G', 'G', 'O']
C45157686,['G', 'G', 'G', 'G', 'G', 'G', 'G', 'G', 'G', 'O']
C66571763,['G', 'G', 'G', 'G', 'G', 'O', 'G', 'G']
C05288100,['G', 'G', 'G', 'O', 'G', 'G', 'G']
C23858013,['G', 'G', 'G', 'G', 'G', 'G', 'G', 'G']
C45217828,['G', 'G', 'G', 'G', 'G']
C52740090,['G', 'G', 'G', 'G', 'G', 'G', 'G', 'G', 'G', 'G', 'G', 'G']
C31972517,['G', 'G', 'G', 'G', 'G', 'G']
C00175000,['G', 'O', 'G', 'O', 'G']
C54398313,['G', 'G', 'G', 'O']
C40701816,['G', 'G', 'G', 'G', 'O', 'G']
C36970945,['G', 'G', 'G', 'G', 'O', 'G']
C12760169,['G', 'G', 'G', 'G', 'G']
C67086790,['G', 'G', 'G', 'G', 'G', 'G', 'G', 'G', 'G', 'G']
C41303669,['G', 'G', 'G', 'G', 'G']
C00809312,['G']
C39420869,['O', 'G', 'G', 'G', 'G', 'G', 'G', 'G', 'G', 'G']
C35365092,['G', 'G', 'G', 'G', 'G', 'G']
C54059841,['G', 'G', 'G', 'O', 'O', 'G']
C21560585,['G', 'G', 'G', 'O', 'G', 'G', 'G', 'G', 'O', 'G', 'G']
C13554681,['G', 'G', 'G', 'G', 'G', 'G', 'G', 'G']
C07692711,['G', 'G', 'G', 'G', 'G']
C48645006,['G', 'G', 'G', 'G', 'G', 'G', 'G']
C25262453,['G', 'G', 'G', 'G', 'G', 'G', 'G', 'G', 'G', 'G', 'G']
C62855735,['G', 'G', 'G', 'G', 'G', 'G', 'O']
C66583577,['O', 'G', 'G', 'G', 'G', 'G', 'O']
C47679132,['G', 'G', 'G', 'G', 'G', 'G', 'G']
C13626633,['G', 'G', 'O', 'G', 'G', 'G', 'O', 'G']
C31821333,['G', 'O', 'G', 'G', 'G']
C44323580,['G', 'G', 'G', 'G', 'G', 'G', 'G', 'G', 'G', 'G']
C67163164,['G', 'G', 'G', 'G', 'G', 'O', 'G', 'G', 'G', 'G']
C67590687,['G', 'O', 'G', 'G', 'G', 'G', 'G', 'O', 'G', 'G', 'G', 'G', 'G']
C37130883,['G', 'O', 'G', 'G', 'G']
C58605727,['G', 'G', 'G', 'O', 'G', 'G', 'O', 'G', 'G', 'O']
C40687195,['O', 'G', 'G', 'O', 'G']
C57200505,['O', 'G', 'G', 'G', 'G', 'G']
C64080999,['G', 'O', 'G', 'G', 'G', 'G', 'G']
C40783082,['G', 'O', 'O', 'G', 'G', 'G']
C66107927,['G', 'G', 'G', 'G', 'G', 'G', 'G', 'G', 'G', 'G', 'G', 'O', 'G']
C22617626,['G', 'G', 'G', 'G', 'G', 'G', 'G', 'G']
C37853839,['G', 'G', 'G', 'G', 'G', 'G']
C40783292,['G', 'G', 'G', 'O', 'O', 'G']
C51145228,['G', 'O', 'G', 'G', 'G']
C22177251,['O', 'G', 'G', 'G', 'G', 'G', 'G', 'G']
C45357701,['O', 'G', 'G', 'G', 'G', 'G', 'G', 'O']
C56198927,['G', 'G', 'O', 'O', 'G', 'G', 'G', 'G', 'G']
C49895984,['G', 'G', 'O', 'G']
C42900208,['O', 'O', 'G', 'G', 'G', 'G', 'G', 'G', 'G', 'G']
C35451436,['G', 'O', 'G', 'G', 'O']
C29190000,['G', 'G', 'G', 'G', 'G', 'G', 'G', 'G']
C06845584,['O', 'O', 'O', 'G', 'G', 'G', 'G', 'G', 'G', 'G']
C42928612,['G', 'O', 'G', 'G', 'O', 'G', 'G', 'G']
C40784123,['G', 'G', 'G', 'O', 'O', 'O']
C66172468,['G', 'O', 'G', 'G', 'O', 'G', 'G', 'G', 'G']
C27018795,['G', 'G', 'G', 'G', 'G', 'O']
C04691167,['G', 'G', 'G', 'G', 'G', 'G', 'G', 'G', 'G']
C51997076,['G', 'G', 'G', 'G', 'O', 'G', 'G']
C39559341,['G', 'O', 'G', 'G', 'G', 'G', 'O', 'G', 'G']
C51395292,['G', 'G', 'G', 'G', 'O']
C21984378,['G', 'G', 'G', 'G', 'G', 'G', 'G']
C53043751,['O', 'G', 'G', 'G', 'O']
C61146701,['G', 'G', 'G', 'O', 'G']
C61547070,['O', 'G', 'O', 'G', 'G', 'G', 'G']
C21564562,['G', 'O', 'O', 'G', 'G', 'G']
C22765265,['G', 'G', 'G', 'O', 'O', 'G', 'G', 'G', 'G', 'G', 'G']
C45009388,['G', 'O', 'O', 'G', 'G', 'G']
C59819518,['G', 'G', 'G', 'G', 'G', 'G', 'O', 'G']
C51118513,['O', 'G', 'G', 'G', 'G', 'O']
C48232150,['G', 'G', 'G', 'G', 'G', 'G', 'G']
C04690557,['G', 'G', 'G', 'G', 'G', 'G', 'G', 'G', 'G']
C61355447,['O', 'G', 'G', 'G', 'G', 'G']
C62349035,['G', 'G', 'G', 'G', 'G', 'G', 'G']
C51997073,['G', 'G', 'G', 'G', 'O', 'G', 'G']
C06241555,['G', 'G', 'G', 'G', 'O', 'G']
C47435312,['O', 'O', 'G', 'O', 'G', 'G', 'G', 'O']
C66108349,['G', 'G', 'G', 'G', 'O', 'G', 'G', 'G', 'G', 'G', 'G', 'O']
C66783708,['G', 'G', 'G', 'G', 'G', 'G', 'G', 'G', 'G']
C09515138,['G', 'O', 'G', 'G', 'G', 'G']
C67041704,['G', 'G', 'G', 'G', 'G', 'O', 'G', 'G', 'G', 'G']
C46130199,['G', 'G', 'G', 'O', 'O', 'G', 'G', 'G', 'O']
C49778835,['G', 'G', 'G', 'G', 'G', 'G', 'G']
C37066639,['G', 'G', 'G', 'G', 'G', 'G', 'O']
CHEMBL96719,['G', 'G', 'G', 'G', 'G', 'G', 'G']
C09959217,['G', 'G', 'O', 'G', 'G', 'G', 'G']
C14553487,['G', 'G', 'G', 'G', 'G', 'G', 'G', 'G', 'G', 'O', 'G', 'G', 'G']
C19917102,['O', 'G', 'G', 'G', 'G']
C54105716,['G', 'G', 'G', 'G', 'G', 'G']
C52521127,['G', 'G', 'O', 'G', 'G', 'G', 'O', 'O', 'G']
C13131211,['G', 'G', 'G', 'G', 'G', 'G', 'G', 'O', 'G', 'G', 'G', 'G', 'G']
C02620448,['G', 'G', 'G', 'G', 'O', 'G', 'G', 'G']
C33121023,['G', 'G', 'O', 'O', 'G', 'G']
C49359637,['O', 'O', 'G', 'G', 'O', 'G', 'G', 'G']
C62525937,['G', 'G', 'G', 'G', 'G', 'G', 'G', 'G']
C65028870,['G', 'G', 'G', 'G', 'G', 'O', 'G', 'G']
C42925155,['G', 'O', 'G', 'G', 'O', 'G', 'O', 'O']
C66110688,['O', 'G', 'O', 'O', 'G', 'G', 'G', 'G', 'G', 'G', 'G', 'O']
C44970300,['G', 'G', 'G', 'G', 'G', 'G', 'G']
C36861562,['G', 'G', 'O', 'G']
C51148456,['O', 'G', 'G', 'G', 'G']
C53095313,['G', 'O', 'G', 'G', 'G', 'G', 'G', 'G', 'G', 'G']
C67181305,['G', 'G', 'O', 'G', 'G', 'G', 'G', 'G', 'G', 'G']
C11519259,['G', 'G', 'G', 'G', 'G', 'G', 'G', 'G', 'G', 'G', 'G']
C54752117,['G', 'G', 'G', 'O', 'G', 'G', 'G', 'G']
C66188292,['G', 'G', 'O', 'G', 'O', 'G', 'G', 'G', 'G']
C25692809,['G', 'G', 'G', 'G', 'G', 'G', 'G', 'G']
C40682109,['G', 'O', 'G', 'G', 'G', 'G']
C56187206,['G', 'G', 'G', 'G', 'O', 'G', 'G', 'G', 'G']
C10462100,['G', 'G', 'G', 'G', 'G', 'G', 'G', 'G', 'G', 'G']
C39098285,['O', 'O', 'G']
C54505988,['G', 'G', 'G', 'G', 'G', 'G', 'G']
C51151135,['G', 'O', 'G', 'G', 'G']
C60463289,['G', 'G', 'G', 'G', 'G', 'G', 'G']
C28997013,['G', 'G', 'G', 'G', 'G', 'G', 'G']
C35388264,['O', 'G', 'G', 'G', 'G', 'G', 'G', 'G']
C31706042,['G', 'G', 'G', 'G', 'G', 'G', 'G', 'G', 'G', 'G']
C43605534,['G', 'G', 'O', 'G', 'G', 'G']
C36992651,['G', 'G', 'G', 'G', 'O']
C46888139,['G', 'G', 'G', 'G', 'G', 'G', 'O', 'G']
C18408544,['G', 'G', 'G', 'G', 'O', 'G', 'G', 'O', 'G', 'G', 'G']
C40166080,['G', 'G', 'G', 'G']
C20254692,['G', 'G', 'G', 'G', 'G']
C46565721,['G', 'G', 'G', 'G', 'G', 'G', 'G', 'G']
C19847509,['G', 'G', 'G', 'G', 'O', 'G', 'G']
C23410330,['O', 'O', 'G', 'O']
C66984929,['G', 'G', 'G', 'O', 'G', 'G', 'G', 'O', 'G', 'G', 'O', 'G']
C50251464,['G', 'O', 'G', 'G', 'G', 'G']
C09049776,['G', 'G', 'G', 'G', 'G', 'G', 'G', 'G']
C67081650,['G', 'G', 'G', 'G', 'G', 'G', 'G', 'G', 'G', 'G', 'G', 'G', 'G']
C64945381,['G', 'G', 'G', 'G', 'O', 'O']
C43585807,['G', 'G', 'G', 'G', 'G', 'G', 'G', 'G', 'O']
C45036431,['G', 'O', 'G', 'G', 'O', 'G']
C61954484,['G', 'G', 'G', 'G', 'G']
C12196287,['G', 'G', 'G', 'G', 'G', 'G', 'G', 'G', 'G', 'G']
C66085804,['G', 'G', 'G', 'G', 'O', 'G', 'G', 'G', 'G', 'G', 'G', 'O']
C57964587,['G', 'G', 'G', 'O']
C46866763,['G', 'G', 'G', 'G', 'G', 'G', 'G', 'G', 'G', 'O', 'G']
C21124283,['G', 'G', 'G', 'G', 'G', 'G', 'G', 'G', 'G', 'G', 'G']
C66772750,['G', 'G', 'G', 'G', 'G', 'G', 'G', 'G']
C46785909,['O', 'O', 'G', 'G', 'G', 'G', 'G', 'G', 'G', 'G', 'G', 'G', 'G']
C55879817,['G', 'G', 'G', 'G', 'G', 'G', 'G', 'G']
C60692778,['O', 'G', 'G', 'G', 'G']
C63196095,['G', 'G', 'G', 'G', 'G']
C40348438,['G', 'G', 'G', 'G', 'G']
C66140789,['G', 'G', 'G', 'G', 'G', 'G', 'G', 'G', 'G', 'G']
C48154378,['G', 'G', 'G', 'G', 'G', 'G', 'O', 'G']
C42869754,['G', 'G', 'G', 'G', 'G']
C37137593,['G', 'G', 'G', 'O', 'G']
C49851728,['G', 'G', 'G', 'G', 'G', 'G']
C47819932,['G', 'G', 'G', 'G', 'G', 'G', 'G', 'G']
C65375363,['G', 'G', 'G', 'G', 'G', 'O']
C45540288,['G', 'G', 'G', 'G', 'G', 'G', 'G', 'G', 'O', 'O']
C36416368,['G', 'G', 'G', 'G', 'O', 'G']
C60364365,['G', 'G', 'G', 'G', 'G', 'G', 'G']
C42872760,['G', 'G', 'G', 'G', 'G', 'G']
C51618607,['G', 'G', 'G', 'G', 'G', 'G', 'G', 'G', 'G', 'G']
C63091964,['G', 'G', 'G', 'G', 'G']
C48390994,['G', 'O', 'G', 'G', 'G', 'G', 'G', 'G']
C66835854,['G', 'G', 'G', 'G', 'G', 'G', 'G', 'G']
C49467714,['G', 'G', 'O', 'O', 'G']
C02794195,['G', 'G', 'G', 'G', 'G', 'G', 'G', 'G', 'G', 'G', 'G', 'G']
C58224965,['O', 'G', 'G', 'G', 'G', 'G', 'G', 'G', 'G']
C61568626,['G', 'G', 'G', 'G', 'O']
C45010750,['G', 'G', 'G', 'G', 'G', 'O']
C40783275,['G', 'G', 'G', 'G', 'O', 'O']
C56203196,['G', 'G', 'G', 'G', 'G', 'G', 'O', 'G']
C17299580,['G', 'G', 'G']
C41097218,['G', 'O', 'G', 'G', 'G', 'G', 'G', 'G', 'G']
C57148001,['G', 'G', 'O', 'G', 'G']
C52331867,['G', 'G', 'G', 'G', 'G']
C41605973,['G', 'G', 'G', 'G', 'O', 'G', 'G', 'G', 'G']
C66086139,['G', 'G', 'G', 'G', 'G', 'G', 'O', 'G', 'G', 'G', 'G', 'O']
C58714744,['G', 'G', 'G', 'G', 'G', 'G', 'G', 'G', 'G', 'O', 'G', 'G']
C13623425,['G', 'O', 'G', 'G', 'G', 'G', 'G', 'G', 'G', 'G', 'G']
C39968735,['O', 'G', 'G', 'G', 'O']
C49147422,['G', 'G', 'G', 'G', 'G', 'O']
C25377330,['G', 'O', 'G', 'G', 'G', 'G', 'O', 'G', 'G', 'G', 'G']
C65134958,['G', 'G', 'G', 'G', 'G', 'G', 'G', 'O', 'G']
C19984637,['G', 'O', 'G', 'G', 'G']
C61361258,['G', 'G', 'O', 'G', 'G']
C33310217,['G', 'O', 'G', 'G', 'G', 'G', 'O', 'G', 'G', 'G', 'G', 'O']
C50790388,['G', 'G', 'G', 'G', 'O']
C40480046,['G', 'G', 'G', 'O', 'G', 'G', 'G']
C61292560,['G', 'G', 'G', 'G', 'G', 'G', 'O']
C32124067,['G', 'G', 'G', 'G', 'G', 'G', 'G', 'G']
C50397291,['G', 'G', 'G']
C54084721,['G', 'G', 'O', 'O', 'G', 'G', 'G']
C50244693,['G', 'O', 'G', 'G', 'G']
C49549161,['G', 'G', 'G', 'G', 'G']
C37073590,['G', 'G', 'G', 'G', 'G', 'O']
C45969626,['G', 'G', 'G', 'G', 'G', 'G', 'G', 'G']
C13623497,['G', 'G', 'G', 'G', 'G', 'G', 'G', 'G', 'G', 'G', 'G', 'G']
C14095054,['G', 'G', 'G', 'G', 'O', 'G', 'G', 'G', 'G', 'G']
C60369017,['G', 'O', 'G', 'G', 'G', 'O', 'G', 'G', 'G']
C49279859,['G', 'G', 'G', 'G', 'G', 'G', 'G', 'G']
C64863507,['G', 'G', 'O', 'G', 'G', 'G', 'G', 'G']
C62274648,['O', 'G', 'G', 'G', 'G']
C45220989,['O', 'G', 'G', 'G', 'O', 'G']
C48889655,['G', 'G', 'G', 'G', 'G', 'G', 'G', 'G']
C48831962,['G', 'O', 'G', 'G', 'G', 'G', 'G']
C63106301,['G', 'G', 'G', 'G', 'G', 'G', 'G', 'G', 'G', 'G', 'G', 'G']
C21882454,['G', 'G', 'G', 'G', 'G', 'G', 'G', 'G']
C04691050,['G', 'G', 'G', 'G', 'G', 'G', 'G']
C47165639,['G', 'G', 'G', 'O', 'G', 'G', 'G']
CHEMBL18078,['G', 'G', 'G', 'G', 'G', 'G', 'G', 'G']
C40709107,['G', 'G', 'G', 'G', 'G']
C61855450,['O', 'G', 'G', 'G', 'G', 'G', 'O', 'G', 'G', 'G', 'G', 'O']
C10690942,['G', 'G', 'G', 'G', 'G', 'G', 'G', 'G', 'G', 'G', 'G']
C40731166,['G', 'O', 'G', 'G', 'G']
C66782939,['G', 'G', 'G', 'G', 'G', 'G', 'G', 'G', 'G']
C06685570,['G', 'G', 'G', 'G', 'O', 'G', 'G', 'G', 'G']
C66107850,['G', 'G', 'G', 'O', 'G', 'G', 'G', 'G', 'G', 'G', 'G', 'G', 'O']
C67044143,['G', 'G', 'O', 'G', 'G', 'G', 'G', 'G']
C42315607,['G', 'G', 'G', 'G', 'G', 'G', 'G', 'G']
C48953722,['G', 'G', 'O', 'O']
C04225323,['G', 'G', 'G', 'G', 'G', 'G', 'O']
C39969674,['G', 'G', 'G', 'G', 'G', 'O', 'G', 'G']
C48835136,['O', 'G', 'O', 'G', 'G', 'G']
C50628664,['G', 'G', 'G', 'G', 'O', 'O', 'G', 'G', 'G', 'G']
CHEMBL81378,['G', 'G', 'G', 'G', 'G', 'G']
C40760101,['G', 'O', 'G', 'G', 'O']
C61640530,['G', 'G', 'G', 'G']
C58004769,['G', 'G', 'O', 'G', 'G']
C48232156,['G', 'G', 'G', 'G', 'G', 'G', 'G']
C55374476,['G', 'G', 'G', 'G', 'G', 'O', 'O', 'G']
C39252395,['G', 'G', 'G', 'G', 'G', 'G', 'G', 'O', 'G', 'G']
C23103742,['G', 'G', 'G', 'O']
C56376054,['O', 'G', 'G', 'G', 'G', 'G', 'G', 'G']
C50604362,['G', 'G', 'G', 'G', 'O']
C61887586,['O', 'O', 'G', 'G', 'G', 'G']
C62057191,['G', 'O', 'O', 'O', 'O']
C51995777,['G', 'G', 'G', 'O', 'G', 'G']
C15033855,['G', 'G', 'G', 'G', 'O', 'G', 'O', 'G', 'G', 'G', 'G']
C63907389,['G', 'G', 'G', 'G', 'G', 'G']
C05794814,['G', 'G', 'G', 'G', 'G', 'G', 'G', 'G', 'G', 'O', 'O']
C49458465,['G', 'G', 'G', 'G', 'G', 'G', 'G', 'G']
C49298439,['G', 'O', 'G', 'G', 'G', 'G', 'G', 'G']
C08558731,['G', 'G', 'G', 'G', 'G', 'G', 'G', 'G']
C19847494,['G', 'G', 'G', 'G', 'O', 'G', 'G']
C49127253,['G', 'G', 'G', 'G', 'G', 'G']
C25464917,['G', 'G', 'G', 'G', 'G', 'G', 'G', 'G', 'G', 'G', 'G', 'G']
C50653613,['G', 'G', 'G', 'G', 'G']
C52859068,['G', 'G', 'O', 'O', 'O', 'G']
C40476045,['G', 'G', 'G', 'G', 'G', 'G', 'O']
C48211395,['G', 'G', 'G', 'G', 'O', 'G', 'G', 'G', 'G', 'O']
C31819354,['G', 'G', 'G']
C67162582,['G', 'G', 'G', 'G', 'G', 'G', 'G', 'G', 'G', 'G', 'G', 'G']
C51151061,['G', 'G', 'G', 'G', 'O']
C48792129,['G', 'G', 'G', 'O', 'G', 'G', 'G']
C14839212,['G', 'G', 'G', 'G', 'G', 'G', 'O', 'G', 'G', 'G', 'O']
C66817379,['G', 'G', 'G', 'O', 'O']
C62836293,['O', 'G', 'G', 'G', 'G', 'G']
C59045470,['G', 'G', 'G', 'G', 'O', 'G']
C49871796,['O', 'O', 'O']
C47545481,['G', 'G', 'G', 'O', 'G', 'G', 'G', 'O', 'G', 'G', 'G', 'G']
C08048317,['G', 'G', 'G', 'O', 'O']
C56032118,['G', 'G', 'G', 'G', 'G', 'G', 'O', 'G', 'G', 'O', 'G', 'G', 'G']
C05009580,['G', 'G', 'O', 'G']
C67103911,['G', 'G', 'G', 'G', 'G', 'G', 'O', 'G', 'G', 'G']
C41642221,['G', 'G', 'G', 'O', 'G', 'G', 'G', 'O', 'G']
C40707423,['G', 'O', 'O', 'O', 'G']
C65358086,['O', 'G', 'G', 'G', 'G', 'O', 'G', 'G', 'G']
C37259630,['G', 'G', 'G', 'G', 'G']
C67236611,['G', 'O', 'O', 'G', 'G', 'G', 'G', 'G', 'G']
C42880526,['G', 'O', 'O', 'G']
C66915763,['G', 'G', 'O', 'G', 'G', 'G', 'G', 'G']
C19797148,['G', 'G', 'G', 'G', 'G', 'G', 'G', 'G']
C53174103,['O', 'G', 'G', 'O', 'G']
C48669591,['G', 'G', 'G', 'G', 'O', 'G', 'G', 'G', 'G', 'G', 'G', 'G']
C66424515,['G', 'G', 'G', 'G', 'G', 'G', 'O', 'G']
C13727233,['G', 'O', 'G', 'G', 'G', 'G', 'G', 'O', 'G', 'G']
C49458518,['G', 'G', 'O', 'G', 'G', 'G', 'G', 'G']
C49113796,['G', 'G', 'G', 'G', 'O', 'G', 'G', 'G']
C49580541,['G', 'G', 'G', 'G', 'G', 'G']
C46587119,['G', 'G', 'G', 'G', 'G', 'G', 'G', 'G', 'G', 'G', 'O', 'O']
C45477835,['G', 'O', 'G', 'O', 'O', 'G', 'G']
C01096798,['G', 'G', 'G', 'O']
C67456222,['G', 'G', 'G', 'G', 'G', 'G', 'O', 'G']
C44864886,['G', 'G', 'G', 'G', 'G', 'G', 'O']
C57299995,['G', 'G', 'G', 'G', 'G', 'G', 'G', 'G', 'G', 'G', 'G']
C44862747,['O', 'G', 'G', 'G', 'G', 'G']
C37130915,['G', 'G', 'G', 'G', 'G', 'O', 'G']
C60416514,['G', 'G', 'G', 'G', 'G', 'G', 'G', 'O', 'G']
C54553577,['G', 'G', 'G', 'G', 'G']
C62103716,['G', 'G', 'G', 'G', 'O']
C13555098,['G', 'O', 'G', 'G', 'G', 'G', 'G', 'G', 'G']
C66108858,['G', 'G', 'G', 'G', 'G', 'G', 'G', 'G', 'G', 'G', 'G', 'G', 'G']
C40476608,['G', 'G', 'G', 'G', 'G', 'G', 'G']
C49126922,['G', 'G', 'G', 'O', 'G']
C48913938,['G', 'G', 'G', 'G', 'G', 'G', 'G']
C65696165,['O', 'G', 'G', 'G', 'G', 'G', 'G', 'O']
C13631704,['G', 'G', 'O', 'G', 'G', 'G', 'G', 'O', 'G', 'G', 'G']
C48822449,['G', 'G', 'G', 'G']
C49086092,['G', 'G', 'G', 'G', 'G', 'G', 'G', 'G', 'G', 'G']
C66071034,['O', 'G', 'G', 'G', 'G', 'O', 'G', 'G', 'G', 'O', 'O']
C50649767,['G', 'O']
C02278572,['G', 'G', 'O', 'O', 'G', 'G', 'G', 'G', 'G', 'G']
C14161176,['G', 'G', 'G', 'G', 'O', 'G', 'O', 'G', 'G']
C48704019,['O', 'G', 'G', 'G', 'O', 'O', 'G', 'G']
C39578295,['G', 'G', 'G', 'G', 'G', 'G', 'G']
C44727947,['O', 'G', 'G', 'G', 'G', 'G', 'O', 'O']
CHEMBL121939,['G', 'G', 'G', 'G', 'O', 'G', 'G', 'G', 'G', 'G', 'G', 'G', 'G']
C43427731,['O', 'G', 'G', 'O', 'G']
C20316161,['G', 'G', 'G', 'O', 'G', 'G']
C21050044,['G', 'G', 'G', 'G', 'G', 'G', 'G', 'G', 'G', 'G', 'G', 'G', 'G']
C50850295,['G', 'O', 'G', 'O', 'G', 'G']
C63099208,['G', 'G', 'G', 'G', 'G']
C35354938,['G', 'O', 'G', 'G', 'O']
C39668934,['G', 'G', 'G', 'G', 'G', 'G', 'G']
C44725247,['G', 'G', 'G', 'G', 'G', 'G', 'G', 'O']
C54106181,['G', 'G', 'G', 'G', 'G', 'G', 'G']
C15898845,['G', 'G', 'O', 'G', 'G', 'G', 'G', 'G', 'G', 'G']
C26848026,['G', 'G', 'O', 'G', 'G', 'G', 'G', 'G', 'G', 'G', 'G', 'G', 'G', 'G']
C37471658,['G', 'G', 'G']
C63103849,['O', 'G', 'G', 'O']
C16307975,['G', 'G', 'G', 'G', 'G', 'G', 'G', 'G', 'G', 'G']
C17173899,['O', 'G', 'O', 'G', 'G']
C22083162,['G', 'G', 'G', 'G', 'G', 'G', 'G', 'G']
C49971536,['G', 'G', 'G', 'G', 'G', 'G', 'G']
C41804678,['G', 'G', 'G', 'G', 'G', 'G']
C49445966,['G', 'G', 'G', 'G', 'G', 'G', 'G', 'G']
C44926510,['G', 'G', 'G', 'G', 'G']
C44935802,['G', 'G', 'G', 'G', 'G', 'O', 'O', 'G', 'G']
C57309582,['O', 'G', 'G', 'O', 'G', 'G', 'G', 'G']
C51327884,['O', 'G', 'G', 'G', 'G', 'G', 'O']
C61885038,['G', 'G', 'G', 'G', 'G', 'O']
C09437798,['G', 'G', 'G', 'G', 'G', 'G', 'G', 'G', 'G', 'G', 'G', 'G', 'O', 'G']
C46543507,['G', 'G', 'G', 'G', 'G', 'G', 'G', 'G', 'G', 'G', 'O']
C56186764,['O', 'G', 'G', 'G', 'G', 'G', 'O', 'G', 'G', 'G']
C39690319,['G', 'G', 'G', 'G', 'G', 'G', 'G']
C12394794,['O', 'G', 'G', 'G']
C32384996,['G', 'O', 'G', 'G', 'G', 'G', 'G']
C63102979,['G', 'G', 'G', 'G', 'G', 'G']
C59438869,['G', 'G', 'G', 'G', 'G', 'G', 'G', 'G', 'O', 'O', 'G']
C67644301,['G', 'G', 'G', 'G', 'G', 'G', 'G']
C42878980,['G', 'G', 'G']
C14537006,['G', 'G', 'G', 'G', 'G', 'O', 'O', 'G', 'G', 'G', 'G', 'G']
C61750950,['G', 'G', 'O', 'O', 'G', 'O', 'O', 'G']
C32946474,['G', 'G', 'G', 'G', 'G', 'O', 'G', 'G', 'G']
C13985143,['O', 'G', 'G', 'G', 'G', 'G', 'G', 'G']
C65751615,['G', 'G', 'G', 'G', 'O', 'G', 'G', 'G']
C59118918,['G', 'G', 'G', 'G', 'G', 'G', 'G', 'O', 'G', 'G', 'G', 'G', 'O']
C01871634,['G', 'O', 'G', 'G', 'G', 'G', 'O', 'O', 'G']
C53647319,['G', 'G', 'G', 'G', 'O', 'G']
C19797149,['G', 'G', 'G', 'G', 'G', 'G', 'G', 'O']
C65742748,['O', 'O', 'G', 'G', 'G', 'G', 'G', 'G', 'O', 'G', 'G', 'G']
C62779772,['G', 'O', 'G', 'G', 'G']
C14536593,['G', 'O', 'G', 'O', 'G', 'G', 'G', 'G', 'G', 'G']
CHEMBL65628,['G', 'G', 'G', 'G', 'G', 'G', 'G']
C48824016,['G', 'O', 'G', 'G', 'G', 'O', 'O']
C25974402,['G', 'G', 'G', 'G', 'G', 'G', 'G']
C12037543,['G', 'G', 'O', 'G', 'G', 'G', 'G', 'G', 'G', 'G']
C45128040,['G', 'G', 'G', 'G', 'G', 'G', 'G', 'G', 'G', 'G']
C61268145,['G', 'G', 'G', 'G', 'G', 'O', 'G']
C67378783,['G', 'G', 'G', 'G', 'G', 'O', 'G', 'G', 'G', 'G']
C61888032,['O', 'O', 'G', 'G', 'G']
C66396356,['G', 'G', 'G', 'G', 'G', 'O', 'G', 'G', 'G']
C22885517,['G', 'G', 'G', 'G', 'O', 'G', 'G']
C20201535,['O', 'G', 'G', 'G', 'G', 'G']
C42661209,['G', 'G', 'G', 'G', 'G', 'G', 'G']
C04680219,['O', 'G', 'G', 'G', 'G', 'G', 'O', 'G', 'G']
C59016485,['G', 'G', 'G', 'O', 'G', 'G', 'G', 'O', 'O', 'G', 'G']
C45512709,['G', 'G', 'G', 'G', 'G', 'G', 'G', 'G']
C01997189,['O', 'G', 'G', 'G', 'G', 'G', 'O']
C44420311,['G', 'G', 'G', 'O', 'G', 'O', 'G']
C27121903,['G', 'G', 'G', 'G', 'G', 'G', 'G', 'G', 'G']
C20368376,['G', 'G', 'G', 'G', 'G', 'G', 'O']
C40759569,['G', 'O', 'G', 'G', 'G', 'O', 'G', 'G', 'G', 'G']
C40731089,['O', 'O', 'G', 'O']
C28219542,['G', 'O', 'G', 'G', 'O', 'G', 'G']
C15666841,['G', 'G', 'G', 'G', 'G', 'G', 'G', 'G', 'G']
C03514377,['O', 'G', 'G', 'O', 'G', 'G']
C14849393,['G', 'G', 'G', 'G', 'G', 'G', 'G', 'G']
C00538666,['G', 'G', 'G', 'G', 'G', 'G', 'G']
C15900555,['G', 'G', 'G', 'G', 'G']
C27613786,['O', 'G', 'G', 'G', 'G', 'G', 'G', 'G', 'G', 'G']
C48066364,['G', 'G', 'G', 'G', 'G', 'G', 'G', 'G', 'G']
C40792148,['G', 'G', 'G', 'G', 'G', 'O', 'G', 'G', 'G']
C50389618,['G', 'G', 'G', 'G', 'G', 'G', 'O']
C62801190,['G', 'G', 'G', 'G', 'G', 'G']
C37819964,['G', 'G', 'O', 'G', 'O', 'G']
C35594376,['G', 'G', 'G', 'G', 'G', 'G', 'G', 'G']
C35046686,['G', 'G', 'O', 'O', 'G', 'G']
C49183181,['G', 'G', 'G', 'G', 'G', 'O', 'G', 'G']
C60417045,['G', 'G', 'G', 'O', 'G', 'O', 'G', 'G']
C39948901,['G', 'G', 'G', 'G', 'G']
C49430105,['G', 'G', 'G', 'G', 'G', 'G', 'O']
C14848724,['O', 'O', 'G', 'G', 'O', 'G', 'O', 'G', 'G', 'G', 'G', 'G', 'G']
C66120119,['G', 'O', 'G', 'G', 'G', 'G', 'G']
C62452190,['G', 'G', 'G', 'G', 'G']
C07581914,['G', 'G', 'G', 'G', 'G', 'G', 'O', 'G', 'G']
C33312415,['O', 'G', 'G', 'G']
C63467990,['G', 'G', 'G', 'G', 'G', 'G', 'G', 'G', 'G']
C35254669,['G', 'G', 'G', 'G', 'G']
C13623495,['G', 'O', 'O', 'G', 'G', 'G', 'G', 'G', 'G', 'G', 'G', 'G']
C50641315,['G', 'G', 'G']
C61684824,['O', 'G', 'G', 'G']
C61934969,['G', 'G', 'G', 'G', 'G']
C42453887,['G', 'G', 'G', 'G', 'G', 'G']
C14802350,['G', 'G', 'G', 'G', 'G', 'G', 'G', 'G', 'G', 'G', 'G']
C60533320,['G', 'G', 'G', 'G', 'G', 'O', 'O']
C63102944,['O', 'G', 'O', 'G', 'O', 'G']
C54335148,['G', 'O', 'O', 'G', 'G']
C48645020,['G', 'G', 'G', 'G', 'G', 'G', 'G']
C33512901,['G', 'G', 'G', 'G', 'O']
C21264597,['O', 'O', 'O', 'G', 'G', 'G', 'G', 'G']
C50251519,['O', 'G', 'O', 'O']
C59072487,['G', 'G', 'G', 'G', 'G', 'G', 'G', 'O', 'G', 'O']
C38006905,['O', 'G', 'G', 'G', 'O']
C45840946,['G', 'G', 'G', 'G', 'G', 'G']
C53589786,['G', 'O', 'G', 'O', 'G']
C61146702,['G', 'G', 'G', 'G', 'G']
C67000367,['G', 'G', 'G', 'G', 'G', 'G', 'G', 'G', 'G', 'G']
C63507426,['G', 'G', 'G', 'G', 'O']
C46582799,['G', 'G', 'G', 'O', 'G', 'G']
C28240511,['G', 'G', 'G', 'G', 'O', 'G']
C14536044,['G', 'G', 'G', 'G', 'G', 'G', 'G', 'G', 'G', 'G', 'G']
C61431328,['G', 'G', 'G', 'G', 'G', 'G', 'G', 'G', 'G', 'G', 'G', 'O', 'G']
C67041613,['G', 'G', 'G', 'G', 'G', 'G', 'G', 'G', 'G', 'G', 'G']
C59435040,['O', 'O', 'O']
C01217949,['G', 'G', 'G', 'G', 'O', 'G']
C53493191,['G', 'G', 'G', 'G', 'G', 'G', 'O', 'G']
C20503879,['G', 'O', 'G', 'G', 'G', 'G', 'G', 'G']
C38734499,['O', 'G', 'G', 'G', 'G', 'O', 'G']
C24209764,['O', 'G', 'G', 'G', 'G', 'O']
C02172168,['O', 'G', 'G', 'G', 'G', 'G', 'G']
C24342817,['G', 'G', 'G', 'G', 'G', 'G', 'G', 'G', 'G', 'G']
C51088912,['G', 'G', 'G', 'G']
C20342313,['G', 'G', 'G', 'G', 'G', 'G', 'G']
C50397089,['G', 'G', 'G', 'G']
C27399325,['G', 'G', 'G', 'G', 'G', 'O', 'G', 'G']
C59114956,['O', 'O', 'G', 'G', 'G', 'G', 'G', 'G', 'G']
C36529883,['G', 'G', 'G', 'G', 'G', 'G', 'G', 'G']
C54435645,['G', 'G', 'G', 'G', 'O', 'G', 'G', 'G', 'G']
C45024395,['G', 'G', 'G', 'G', 'G']
C51667735,['G', 'G', 'G', 'G', 'G', 'G', 'G']
C40348424,['G', 'G', 'G', 'G', 'G']
C20313758,['G', 'G', 'G', 'G', 'G', 'G', 'O']
C36334767,['G', 'O', 'G', 'G', 'G', 'G']
C09376035,['G', 'G', 'O', 'G', 'G']
C43725207,['G', 'G', 'G', 'G', 'G', 'G', 'G', 'G', 'G', 'G', 'G']
C49105023,['G', 'G', 'G', 'G', 'G', 'G', 'G']
C65197860,['G', 'G', 'G', 'G', 'G', 'G', 'G', 'O']
C65492108,['G', 'G', 'G', 'G', 'O', 'G', 'G', 'G']
C67062401,['G', 'O', 'O', 'G', 'G', 'G', 'G', 'G', 'G', 'O', 'G']
C59879845,['G', 'G', 'G', 'G', 'G', 'G', 'G', 'O', 'O', 'G']
C36736000,['G', 'G', 'G', 'G', 'G']
C65192187,['G', 'O', 'G', 'G', 'G', 'G', 'G', 'G', 'O']
C34316996,['G', 'G', 'G', 'G', 'O', 'O', 'G']
C67339855,['G', 'G', 'G', 'G', 'G', 'G', 'G', 'G', 'G', 'G']
C35431211,['G', 'G', 'G']
C13617546,['G', 'G', 'O', 'G', 'G', 'O', 'G', 'G', 'G', 'O', 'G', 'G']
C46886425,['G', 'G', 'G', 'G', 'G', 'O', 'G']
C13618503,['G', 'G', 'O', 'G', 'G', 'O', 'G', 'G', 'G', 'G', 'G']
C59263410,['G', 'G', 'G', 'G', 'G', 'G', 'G', 'G', 'G', 'O']
C50657252,['G', 'G', 'O', 'G', 'G', 'G', 'G', 'O']
C61763562,['G', 'G', 'G', 'G', 'G', 'G']
C39450474,['G', 'G', 'G', 'G', 'O', 'G', 'G', 'G', 'G', 'G']
C45323673,['G', 'G', 'G', 'G', 'O']
C46586299,['G', 'G', 'G', 'G', 'G', 'G', 'G', 'G', 'G', 'G', 'G']
C45979960,['G', 'G', 'G', 'G', 'G', 'G', 'G', 'G', 'G']
C57643374,['G', 'O', 'O', 'G', 'G', 'G', 'G']
C31543991,['G', 'G', 'G', 'G', 'G', 'G']
C51355236,['O', 'O', 'G', 'G', 'G', 'G']
C03333797,['G', 'G', 'G', 'G', 'O', 'O', 'G', 'G', 'O', 'G']
C29355848,['G', 'G', 'G', 'G', 'G', 'G', 'O', 'G', 'G']
C56377262,['G', 'G', 'G', 'G', 'G', 'G', 'G']
C20931421,['G', 'G', 'O', 'G', 'G', 'G', 'G', 'G', 'G', 'G']
C44870014,['G', 'G', 'G', 'G', 'G', 'G', 'G', 'G']
C67189984,['G', 'G', 'G', 'G', 'G', 'O', 'G', 'G', 'G', 'G', 'G']
C49122905,['G', 'G', 'G', 'G', 'G']
C44931204,['G', 'G', 'G', 'G', 'O']
C61858865,['G', 'G', 'G', 'O', 'G', 'G', 'O', 'O']
C37035184,['G', 'G', 'G', 'G', 'G', 'G', 'G', 'G', 'O']
C08845680,['G', 'G', 'G', 'G']
C58386138,['G', 'G', 'G', 'O', 'G', 'G']
C66442931,['G', 'O', 'G', 'G', 'G', 'G', 'G', 'G', 'G']
C66358155,['G', 'G', 'G', 'G', 'G', 'G', 'G', 'G', 'G', 'G', 'G']
C66094865,['G', 'O', 'O', 'G', 'G', 'G', 'G', 'G', 'G', 'G', 'G', 'G', 'G', 'G']
C36067690,['G', 'G', 'G', 'G', 'G', 'G', 'G', 'G']
C50660802,['G', 'G', 'G', 'G', 'G']
C61609189,['G', 'G', 'G', 'G', 'G', 'G', 'O']
C61269462,['G', 'G', 'G', 'G', 'G', 'G', 'G']
C36589720,['G', 'G', 'G', 'G', 'G', 'G', 'G', 'G', 'G', 'G']
C47557711,['G', 'G', 'G', 'G', 'O', 'G']
C26851868,['G', 'O', 'G', 'G', 'G', 'G', 'G', 'G', 'G', 'G', 'O']
C39634246,['G', 'G', 'G', 'G', 'G', 'G']
C36154530,['G', 'G', 'O', 'G', 'G', 'G', 'G']
C60065092,['G', 'G', 'G', 'G', 'G', 'G', 'G', 'G', 'G', 'G', 'G', 'G', 'G', 'G']
C67237984,['G', 'O', 'G', 'G', 'G', 'G', 'O', 'O']
C54413841,['O', 'O', 'G', 'G', 'G', 'G', 'G', 'G']
C35606823,['G', 'G', 'G', 'G', 'G']
C37746615,['G', 'G', 'G', 'G', 'G']
C61855941,['G', 'G', 'G', 'G', 'G']
C48911426,['G', 'G', 'O']
C54729755,['G', 'G', 'G', 'G', 'O', 'G', 'O', 'G', 'G']
C66443296,['G', 'G', 'G', 'G', 'G', 'G', 'G', 'G', 'G']
C14011364,['O', 'O', 'G', 'G', 'G']
C52311727,['G', 'G', 'G', 'G', 'O']
C52841002,['G', 'G', 'O', 'G']
C32883651,['O', 'O', 'G', 'G', 'G', 'G', 'O', 'O', 'G', 'G', 'G']
C52006475,['O', 'G', 'G', 'G', 'G']
C58244777,['G', 'G', 'G', 'O', 'G', 'G', 'G', 'G', 'O', 'G']
C01001400,['G', 'G', 'G', 'O', 'G', 'G', 'G', 'G', 'G', 'G', 'G']
C21596320,['G', 'G', 'G', 'G', 'O', 'G', 'G', 'G']
C33327590,['G', 'G', 'G', 'G', 'O', 'O', 'G', 'G', 'G']
C48927993,['O', 'G', 'G', 'G', 'G', 'G', 'G']
C22033143,['G', 'G', 'G', 'G', 'O']
C62708885,['G', 'G', 'G', 'G', 'O']
C06489932,['G', 'G', 'G', 'G', 'G', 'G', 'G', 'G', 'G', 'G', 'G']
C32911694,['G', 'G', 'G', 'G', 'G', 'G', 'G', 'G', 'G']
C51845080,['G', 'G', 'O', 'G', 'G', 'G', 'G', 'G', 'G', 'G', 'G']
C44876532,['G', 'G', 'G', 'G', 'G', 'G', 'G']
C66643461,['G', 'O', 'G', 'O', 'O', 'G', 'G']
C38737996,['G', 'O', 'G', 'G', 'G', 'O']
C52015865,['G', 'O', 'O', 'G', 'G', 'G']
C55879243,['G', 'G', 'G', 'G', 'G', 'G', 'G', 'G', 'G']
C40723221,['G', 'G', 'G', 'O', 'G']
C38712423,['G', 'G', 'O', 'G', 'G', 'G', 'O']
C52157111,['G', 'G', 'G', 'G', 'G', 'G', 'G']
C63114667,['G', 'G', 'G', 'G', 'G', 'G', 'G', 'G', 'G']
C67561911,['G', 'G', 'G', 'G', 'G', 'G', 'G', 'G', 'G', 'G', 'G', 'G']
C59486859,['G', 'G', 'G', 'G', 'G', 'G', 'G', 'G', 'G', 'G', 'G']
C39681252,['G', 'G', 'G', 'O', 'G', 'G', 'G', 'G']
C20176063,['G', 'G', 'G', 'G', 'G', 'G', 'G', 'G']
C40338414,['G', 'O', 'G']
C49151019,['G', 'G', 'G', 'G', 'G', 'G']
C49548094,['G', 'G', 'G', 'G', 'G', 'G']
C59465383,['G', 'O', 'O', 'G', 'G']
C09715537,['G', 'G', 'G', 'G', 'G', 'G', 'G', 'G', 'G', 'G']
C67104547,['G', 'G', 'G', 'G', 'G', 'G', 'G', 'G', 'G']
C62668214,['G', 'G', 'G', 'O', 'O', 'O']
C32211215,['G', 'G', 'O', 'G', 'G']
C45969878,['G', 'G', 'G', 'G', 'G', 'O', 'G']
C00288593,['G', 'G', 'G', 'G', 'G', 'G', 'G']
C44192136,['G', 'G', 'O', 'G']
C44694491,['G', 'G', 'G', 'G', 'G', 'G', 'O', 'G']
C50507725,['G', 'G', 'G', 'G', 'O']
C19926765,['G', 'G', 'O', 'O']
C40329844,['G', 'G', 'O', 'G', 'O', 'O']
C14960036,['G', 'G', 'O', 'G', 'O', 'G']
C32200321,['G', 'G', 'O', 'O']
C50467967,['O', 'G', 'O', 'G']
C32504113,['O', 'G', 'G', 'G', 'O', 'G']
C11950753,['G', 'O', 'G', 'G', 'O']
C34710862,['G', 'G', 'G', 'G', 'G', 'O', 'O', 'G', 'G']
C42667585,['G', 'G', 'G', 'G', 'O', 'O', 'G', 'G', 'G', 'G']
C37130668,['G', 'G', 'G', 'G', 'O', 'O', 'G']
C64890600,['G', 'G', 'O', 'G', 'G', 'G', 'G']
C40757283,['G', 'G', 'O', 'G', 'G', 'G', 'G']
C37054477,['G', 'G', 'G', 'G']
C54364605,['G', 'G', 'O', 'G', 'G', 'G', 'G', 'G', 'G']
C64891038,['G', 'G', 'O', 'G', 'G', 'G', 'G']
C49989706,['G', 'G', 'G', 'G', 'G', 'G', 'G']
C37774643,['G', 'G', 'G', 'O', 'O']
C62102245,['O', 'G', 'O', 'O']
C44868002,['G', 'O', 'G', 'O', 'G', 'G']
C59916023,['G', 'G', 'G', 'G', 'G', 'G', 'G']
C63701574,['G', 'G', 'G', 'G', 'G', 'G', 'G', 'G', 'G', 'G', 'G']
C50751294,['G', 'G', 'G', 'G', 'G', 'G', 'G']
C24716277,['G', 'G', 'G', 'G', 'G', 'G', 'G', 'G', 'G', 'G', 'G']
C54691242,['G', 'G', 'G', 'O']
C62456829,['G', 'G', 'G', 'G', 'G', 'O']
C42453763,['G', 'G', 'G', 'G', 'G', 'O', 'G', 'G']
CHEMBL286164,['G', 'G', 'G', 'G', 'G', 'G', 'G']
C63091852,['G', 'G', 'O', 'G', 'G']
C63002446,['G', 'G', 'G', 'G', 'G', 'G']
C37066504,['G', 'G', 'O', 'G', 'G']
C48702312,['G', 'G', 'G', 'G', 'G', 'G']
C32210310,['G', 'G', 'G', 'G']
C11515426,['G', 'G', 'G', 'O', 'G', 'G', 'O', 'G', 'O', 'G', 'G', 'G', 'G']
C51145144,['O', 'O', 'O', 'G']
C39974479,['G', 'G', 'G', 'G', 'O', 'G', 'G', 'O', 'G', 'G']
C45782541,['G', 'G', 'G', 'O', 'G', 'O', 'O']
C42252782,['G', 'G', 'O', 'O', 'O', 'G', 'G', 'G']
C38743670,['G', 'G', 'G', 'G', 'G', 'G', 'G']
C09206562,['G', 'G', 'G', 'G', 'O', 'G', 'G', 'G', 'G', 'G']
C40684723,['G', 'O', 'O', 'G', 'O', 'G']
C29620378,['G', 'G', 'G', 'O', 'G']
C44871113,['G', 'G', 'G', 'G', 'O', 'G']
C36324051,['G', 'G', 'G', 'G', 'G']
C13057701,['G', 'G', 'G', 'G', 'G', 'G', 'G', 'G', 'G', 'G', 'G', 'O']
C65554078,['G', 'G', 'G', 'G', 'G', 'G']
C51712287,['G', 'G', 'G', 'G', 'G', 'G', 'O', 'G']
C37131506,['G', 'G', 'O', 'G', 'G', 'G']
C51149269,['G', 'G', 'G', 'G']
C20384179,['O', 'O', 'G', 'G', 'O', 'O']
C44834479,['G', 'O', 'G', 'G', 'O', 'G', 'G']
C15841876,['G', 'O', 'G', 'G', 'G', 'G', 'G']
C65074889,['O', 'O', 'G', 'G']
C53039492,['G', 'G', 'G', 'G', 'G', 'G', 'O']
C20020029,['G', 'G', 'G', 'G', 'G', 'O']
C49241644,['G', 'G', 'G', 'G', 'G', 'G', 'G', 'G', 'G']
C41600290,['G', 'G', 'O', 'G']
C61861867,['G', 'G', 'G', 'G', 'G', 'G', 'G']
C64311817,['G', 'G', 'G', 'G', 'G', 'G', 'G', 'O', 'G', 'G', 'G']
C49314097,['G', 'O', 'G', 'G', 'O']
C32393358,['O', 'O', 'G', 'G', 'G']
C42667602,['G', 'O', 'G', 'G', 'G', 'G', 'G', 'G', 'G', 'G', 'G', 'G']
C66617085,['G', 'G', 'O', 'G', 'G', 'G', 'G']
C08556066,['G', 'G', 'G', 'G', 'G', 'G', 'G', 'G']
C06723684,['G', 'G', 'G', 'G', 'G', 'G', 'G', 'O']
C48944131,['G', 'G', 'G', 'G', 'G', 'G', 'G']
C12503474,['-']
C50397258,['G', 'G', 'G']
C20316144,['G', 'G', 'G', 'G', 'O']
C12786805,['G', 'G', 'G', 'G', 'G', 'G', 'G', 'G', 'G', 'G']
C29326976,['G', 'G', 'G', 'G', 'G', 'G', 'G', 'G', 'G', 'G', 'O']
C03885821,['G', 'G', 'G', 'G', 'O', 'O']
C40733283,['G', 'G', 'O', 'O', 'G', 'G']
C58031239,['O', 'G', 'G', 'O', 'O', 'O', 'G', 'G', 'G', 'G', 'O']
C41821298,['G', 'G', 'G', 'G', 'G', 'G', 'G', 'O']
C54695067,['G', 'G', 'G', 'G', 'O']
C40321377,['G', 'G', 'G', 'G']
C66733024,['G', 'G', 'G', 'G', 'G', 'O', 'G']
C67626491,['G', 'G', 'G', 'G', 'G', 'G', 'G']
C14579800,['G', 'G', 'O', 'G', 'G', 'G', 'G', 'G', 'G', 'G']
C51628921,['G', 'G', 'G', 'G', 'G', 'G', 'G']
C37821144,['O', 'G', 'O', 'G']
C20572711,['G', 'G', 'G', 'G', 'G', 'G', 'O', 'G', 'G', 'G']
C66923129,['G', 'G', 'G', 'G', 'G', 'G', 'G', 'G', 'G', 'G']
C40347529,['G', 'G', 'G', 'G', 'G', 'G']
C39634245,['O', 'G', 'G', 'G', 'G', 'G']
C05244417,['G', 'G', 'G', 'G', 'O', 'G', 'G', 'G', 'G']
C48178194,['G', 'G', 'G', 'G', 'G', 'G']
C14745317,['G', 'G', 'G', 'G', 'G', 'G', 'G', 'G', 'G', 'G']
C06785612,['G', 'G', 'G', 'G', 'O', 'G', 'G', 'G', 'O']
C62876333,['G', 'O', 'O', 'G']
C40295897,['G', 'O', 'G']
C66790463,['O', 'G', 'G', 'G', 'G', 'O', 'G']
C67041052,['G', 'G', 'G', 'G', 'G', 'G', 'G', 'G']
C26185754,['G', 'G', 'G', 'G', 'G', 'O', 'G', 'G', 'O', 'G', 'G']
C61714402,['G', 'O', 'G', 'G', 'G']
C49150918,['O', 'G', 'G', 'G', 'G', 'G', 'G', 'G']
C37807285,['G', 'O', 'G', 'O', 'G', 'O', 'G', 'G']
C05586506,['O', 'G', 'G', 'G', 'G']
C06376914,['O', 'G', 'G', 'G', 'G', 'G', 'G']
C61629893,['G', 'O', 'G', 'G', 'G']
C20524496,['G', 'G', 'G', 'G', 'G']
C62094627,['G', 'O', 'G', 'G', 'G']
C64299821,['G', 'G', 'G', 'G', 'G', 'G', 'O', 'G', 'G', 'O', 'G']
C36740974,['O', 'O', 'G', 'G', 'O', 'G', 'G', 'O', 'G', 'G', 'G', 'G']
C20363544,['G', 'G', 'G', 'G', 'G', 'O']
C00525403,['G', 'G', 'G', 'G', 'G', 'G', 'G']
C29755231,['G', 'G', 'G', 'O', 'G', 'O', 'G']
C59922584,['O', 'G', 'G', 'G', 'G', 'G', 'G', 'O']
C40688752,['G', 'G', 'O', 'O', 'G']
C39672161,['G', 'G', 'G', 'G', 'G', 'G']
C12395520,['G', 'G', 'G', 'O']
C15902418,['G', 'G', 'G', 'G', 'G', 'G', 'G', 'G', 'G', 'O', 'G']
C41602633,['G', 'O', 'G', 'G']
C49105029,['G', 'G', 'G', 'G', 'G', 'G', 'G']
C65192455,['G', 'O', 'G', 'G', 'G', 'G', 'G', 'O']
C66289327,['G', 'G', 'G', 'O', 'G', 'G', 'G', 'G', 'G', 'G']
C25772124,['O', 'G', 'G', 'G', 'G', 'G', 'G']
C62893469,['G', 'G', 'G', 'G', 'G', 'O']
C62261326,['G', 'G', 'G', 'G', 'G', 'G', 'G', 'G', 'G', 'G', 'G']
C66790100,['G', 'G', 'G', 'G', 'G', 'G', 'G', 'G', 'G', 'G']
C45850994,['G', 'G', 'G', 'G', 'G', 'G', 'G', 'G', 'G', 'G', 'G', 'O', 'G']
C67602958,['G', 'G', 'G', 'G', 'O', 'G', 'G', 'G']
C44691226,['O', 'G', 'G', 'G', 'O', 'G', 'G']
C16810644,['G', 'G', 'G', 'G', 'G', 'G', 'O', 'G', 'G', 'G', 'G']
C67103711,['G', 'G', 'G', 'G', 'G', 'G', 'G', 'G']
C63883700,['G', 'G', 'O', 'G', 'O']
C39672182,['G', 'G', 'G', 'G', 'G', 'G', 'O']
C54396809,['G', 'O', 'G']
C50837456,['G', 'O', 'G', 'O', 'G']
C48580727,['G', 'G', 'G', 'G', 'G']
C67623925,['G', 'G', 'G', 'G', 'G', 'G', 'G', 'G']
C42430297,['G', 'O', 'G', 'G', 'O']
C65419303,['G', 'G', 'G', 'G', 'G', 'G', 'G', 'G', 'G', 'O', 'G']
C49419600,['G', 'G', 'G', 'G', 'G', 'G']
C11255708,['G', 'G', 'G', 'G', 'G', 'G', 'G', 'G', 'O', 'G', 'G']
C42453740,['G', 'G', 'G', 'G', 'G']
C59879015,['G', 'G', 'G', 'G', 'G', 'G', 'G', 'G']
C26164462,['G', 'G', 'G', 'G', 'G', 'G', 'G', 'G', 'G', 'O', 'G', 'G', 'G']
C25574677,['G', 'G', 'O', 'G', 'O', 'O', 'G', 'G']
C35450540,['G', 'G', 'G', 'G', 'G', 'G', 'G']
C53716127,['G', 'O', 'G', 'O', 'G']
C37833284,['G', 'O', 'G', 'G', 'G', 'G']
C62650868,['G', 'G', 'G', 'O', 'G', 'G', 'G', 'G', 'G', 'G', 'O']
C49153637,['G', 'G', 'G', 'G', 'G', 'G', 'G']
C43575369,['G', 'G', 'G', 'G', 'G', 'G', 'G', 'O']
C62108604,['G', 'G', 'G', 'G', 'G', 'G', 'G']
C52551474,['G', 'G', 'G', 'G', 'G', 'G', 'G', 'G']
C35757858,['G', 'G', 'G', 'G', 'O', 'G']
C39693409,['G', 'G', 'G', 'G', 'G', 'G', 'G', 'G', 'G', 'G', 'G']
C40338404,['G', 'G', 'G', 'G']
C66632712,['G', 'G', 'G', 'G', 'G', 'O', 'G', 'G', 'G', 'G']
C36158866,['G', 'G', 'G', 'G', 'G', 'G', 'G', 'G']
C51780064,['G', 'O', 'G', 'G', 'G', 'G', 'G', 'G', 'G', 'G', 'O', 'G', 'O', 'G']
C50397193,['O', 'G', 'G']
C27255826,['G', 'G', 'G', 'G', 'G', 'G']
C37876788,['G', 'G', 'G', 'G', 'O', 'G', 'G', 'G']
C36978740,['G', 'G', 'O', 'G', 'G']
C36994144,['G', 'G', 'G', 'G', 'G']
C51963004,['G', 'G', 'O', 'O', 'G']
C58307597,['G', 'G', 'G', 'O', 'G', 'G', 'G', 'G', 'G', 'G', 'G']
C62638796,['G', 'G', 'G', 'O', 'G', 'O']
C53035609,['G', 'G', 'O', 'O']
C63099062,['O', 'G', 'G', 'G']
C40348634,['G', 'G', 'O', 'G', 'G']
C39564790,['G', 'G', 'G', 'G', 'G', 'O', 'G', 'G', 'G', 'G', 'G', 'G', 'G']
C50773477,['G', 'G', 'G', 'G', 'G']
C66119649,['G', 'G', 'G', 'O', 'G', 'G', 'G']
C51149208,['G', 'G', 'G', 'G', 'G', 'O', 'O']
C37876723,['G', 'G', 'G', 'G', 'G', 'G', 'G', 'G']
C35234222,['O', 'G', 'G', 'G', 'O']
C26121115,['G', 'G', 'G', 'G', 'G', 'O', 'G']
C62896338,['G', 'G', 'O', 'G', 'G', 'G', 'G', 'G', 'G', 'G']
C32979642,['G', 'G', 'G', 'G', 'G', 'G']
C42949142,['G', 'G', 'G', 'G', 'G', 'O', 'G']
C49150610,['G', 'G', 'G', 'G', 'G', 'G']
C62133494,['G', 'G', 'G', 'G', 'G', 'G', 'G', 'G', 'O']
C13582049,['G', 'G', 'G', 'G']
C65206042,['G', 'G', 'G', 'G', 'G', 'G', 'G', 'G', 'G', 'G', 'G']
C49419591,['G', 'G', 'G', 'G', 'G', 'G']
C52882684,['G', 'G', 'G', 'G', 'G', 'G', 'G', 'G']
C06442038,['G', 'G', 'O', 'O', 'G', 'O']
C67086731,['G', 'G', 'G', 'G', 'O', 'G', 'G', 'G']
C51462047,['G', 'G', 'G', 'G', 'G', 'O', 'G', 'O', 'G', 'G']
C35210343,['G', 'G', 'G', 'G', 'G', 'G', 'O', 'G', 'G', 'G', 'G', 'G']
C67285995,['G', 'G', 'G', 'G', 'G', 'G', 'G', 'G', 'G', 'G', 'G']
C39911514,['G', 'O', 'G', 'O', 'O', 'G', 'G']
C62162502,['G', 'G', 'G', 'G', 'G', 'O', 'G', 'G']
C07844718,['G', 'G', 'G', 'G', 'G', 'G']
C25094987,['G', 'O', 'G', 'G', 'G', 'O', 'G', 'O']
C42430352,['G', 'G', 'O', 'G', 'G', 'O']
C63196386,['G', 'G']
C59879812,['G', 'G', 'O', 'O', 'G', 'G', 'G']
C40334710,['G', 'G', 'O', 'O', 'G', 'G', 'G']
C38014569,['G', 'G', 'G', 'G', 'G', 'G', 'G', 'G', 'G', 'G', 'G']
C28908433,['G', 'G', 'G', 'G', 'G', 'G', 'G', 'G', 'G', 'O']
C40479566,['G', 'G', 'G', 'G']
C12759331,['O', 'G', 'G', 'O', 'G', 'G', 'G']
C35375175,['G', 'G', 'G', 'G', 'G', 'G', 'G']
C62936186,['G', 'G', 'O', 'G', 'G']
C03844937,['G', 'G', 'O', 'O', 'G', 'G']
C00031160,['G', 'O', 'G', 'O', 'O', 'G', 'G', 'G']
C22086497,['G', 'G', 'G', 'O', 'G', 'G', 'G', 'G', 'G', 'G', 'O', 'G', 'G']
C64427851,['G', 'G', 'G', 'G', 'G', 'G', 'G', 'G']
C37365657,['G', 'G', 'O', 'O', 'G']
C15874624,['G', 'G', 'G', 'G', 'G', 'G']
C59890923,['G', 'G', 'G', 'G', 'G', 'G', 'G']
C66738757,['O', 'G', 'G', 'O', 'G', 'G', 'G']
C40376282,['G', 'G', 'G', 'G', 'G']
C58456026,['G', 'G', 'G', 'G', 'G', 'G', 'G', 'G', 'G', 'G', 'G', 'G', 'O']
C10027802,['G', 'G', 'G', 'G', 'G', 'G', 'G', 'G', 'O', 'G']
C15466879,['G', 'G', 'G', 'G', 'G', 'O', 'G', 'G', 'G', 'G', 'G', 'O']
C51146528,['O', 'G', 'G', 'O']
C51401537,['G', 'G', 'G', 'G', 'G', 'G', 'G', 'G', 'O', 'G']
C13615424,['G', 'G', 'G', 'O', 'G', 'G', 'O', 'G', 'G', 'G', 'G', 'G']
C39659420,['G', 'G', 'G', 'G', 'O', 'G', 'G', 'O', 'G', 'O', 'G', 'G', 'O', 'G']
C34931765,['G', 'G', 'O', 'O', 'G', 'G', 'G', 'G', 'G', 'G', 'G', 'O', 'G', 'O']
C48889592,['G', 'G', 'G', 'G', 'G', 'G', 'G']
C47008988,['G', 'G', 'G', 'G', 'O', 'G', 'G']
C63840115,['G', 'O', 'G', 'G', 'G', 'G']
C36828664,['G', 'G', 'G', 'O', 'G', 'G', 'G', 'G']
C36907403,['O', 'G', 'G', 'G', 'G', 'G', 'G', 'G']
C42204871,['G', 'G', 'G', 'G', 'O', 'G']
C32946465,['G', 'G', 'G', 'G', 'G', 'O', 'G', 'G', 'G']
C42406354,['G', 'G', 'G', 'G', 'G']
C09233088,['O', 'G', 'G', 'O', 'O', 'G', 'G', 'G', 'G', 'G', 'G', 'G', 'G', 'G', 'G']
C64899321,['G', 'G', 'G', 'G', 'G', 'G', 'G', 'O', 'G', 'G']
C45551449,['G', 'G', 'G', 'G', 'G', 'G']
C62081404,['G', 'G', 'O', 'G', 'G', 'O']
C67311049,['G', 'G', 'G', 'G', 'G', 'G', 'G', 'G', 'G', 'G', 'O', 'O']
C04523571,['-']
C39127746,['G', 'G', 'G', 'G', 'G', 'G', 'G', 'G', 'G']
C57383893,['G', 'G', 'O', 'G', 'G', 'G', 'G', 'G']
C19436173,['O', 'O', 'G', 'O']
CHEMBL292750,['G', 'G', 'G', 'G', 'G', 'G', 'G']
C48708314,['G', 'G', 'O', 'G', 'G', 'G', 'G']
C54180425,['G', 'G', 'G', 'G']
C10706402,['G', 'G', 'O', 'G', 'G', 'G', 'G', 'G', 'G', 'G', 'G']
C36828606,['G', 'G', 'G', 'G']
C41101079,['G', 'G', 'G', 'G', 'G', 'G', 'O']
C49176946,['G', 'G', 'G', 'G', 'G', 'O', 'G', 'O', 'G']
C49033640,['G', 'G', 'G', 'G']
C59034665,['G', 'G', 'G', 'G', 'G', 'G', 'G']
C06773143,['G', 'G', 'G', 'O', 'G', 'G', 'O', 'O', 'G', 'G']
C66641118,['G', 'G', 'G', 'G', 'G', 'G', 'G', 'G', 'G']
C62441492,['G', 'G', 'G', 'G', 'G']
C66791414,['G', 'G', 'G', 'O', 'G', 'G', 'G', 'G', 'O', 'G', 'G', 'G']
C49080248,['G', 'O', 'O', 'G', 'G', 'G', 'G', 'G', 'O']
C35121815,['G', 'G', 'G', 'G', 'O', 'G', 'O']
C56740675,['G', 'G', 'G', 'G', 'G', 'G', 'G', 'G', 'G', 'G', 'G', 'G', 'G']
C60207961,['G', 'G', 'G', 'G', 'G', 'G', 'G', 'G']
C67045715,['G', 'G', 'G', 'G', 'G', 'G', 'G', 'O', 'G', 'G']
C10213500,['G', 'O', 'G', 'O', 'G', 'G', 'G', 'G', 'G', 'G', 'G']
C65131503,['G', 'G', 'G', 'O', 'G', 'G', 'G', 'G', 'G', 'G', 'G', 'G']
C21136911,['G', 'G', 'G', 'G', 'O', 'G', 'G', 'O', 'G', 'G', 'G', 'G']
C60159056,['G', 'G', 'G', 'G', 'G', 'O', 'G', 'G', 'G', 'G', 'G', 'G', 'G']
C58004772,['G', 'G', 'G', 'G', 'G']
C40524252,['G', 'G', 'O', 'G', 'G', 'O']
C05486218,['G', 'G', 'G', 'O', 'G']
C22529458,['G', 'G', 'G', 'G', 'G', 'G', 'G', 'G', 'G', 'G', 'G']
C36678092,['G', 'G', 'G', 'G', 'O']
C20177797,['O', 'G', 'G', 'G', 'G']
C37423587,['O', 'G', 'G', 'O', 'G', 'G', 'O', 'O', 'G', 'G']
C43242773,['G', 'G', 'G', 'G', 'G', 'G']
C48996359,['G', 'O', 'G', 'G', 'G', 'O', 'O']
C57520181,['G', 'G', 'G', 'O', 'G', 'O']
C32895904,['G', 'G', 'G', 'O', 'G', 'G', 'G', 'G', 'G', 'G', 'G']
C43251895,['G', 'G', 'G', 'G', 'G']
C47534405,['G', 'G', 'G', 'G']
C62960031,['G', 'G', 'G', 'G', 'G']
C61887296,['G', 'G', 'G', 'G']
C44866435,['G', 'G', 'G', 'G', 'O', 'G']
C40480972,['G', 'G', 'O', 'G', 'G']
C43590690,['O', 'G', 'G', 'O', 'G', 'G']
C48630342,['G', 'O', 'G', 'G']
C38064419,['G', 'G', 'G', 'G', 'G', 'G']
C21090173,['G', 'G', 'G', 'G', 'G', 'G', 'G', 'G']
C50925062,['O', 'G', 'G', 'G', 'O']
C66442842,['G', 'G', 'G', 'O', 'G', 'G', 'G', 'G']
C45073030,['G', 'G', 'G', 'O', 'G', 'G', 'G']
C40597032,['G', 'O', 'G', 'G', 'G', 'G', 'G']
C07556679,['G', 'G', 'G', 'G', 'G', 'G']
C50777897,['G', 'G', 'G', 'G', 'G', 'G']
C08968886,['G', 'G', 'G', 'G', 'G', 'G', 'G', 'G', 'G', 'G', 'G', 'G']
C42420486,['O', 'G', 'G', 'G', 'G']
C14183862,['G', 'G', 'G', 'G', 'O', 'G', 'G']
C58005708,['G', 'G', 'G', 'G', 'O', 'O', 'O', 'O', 'O', 'G']
C45221201,['G', 'G', 'G', 'G', 'G', 'G', 'G', 'G']
C62197468,['G', 'G', 'G', 'G', 'G', 'G', 'G', 'G', 'G', 'G']
C39668995,['G', 'O', 'G', 'G', 'G', 'G']
C40732863,['G', 'O', 'O']
C66067327,['G', 'G', 'G', 'G', 'G', 'G', 'G', 'G', 'G', 'G']
C66120387,['G', 'G', 'O', 'G', 'O', 'G', 'G', 'O']
C41960799,['G', 'G', 'G', 'G', 'G', 'G', 'G', 'G']
C58156716,['G', 'G', 'G', 'G', 'G', 'G', 'O', 'G', 'G', 'G', 'G']
C44443987,['G', 'G', 'G', 'G', 'G']
C21921581,['G', 'G', 'G', 'G', 'G', 'G', 'G', 'G', 'G']
C02316377,['G', 'G', 'G', 'G', 'G', 'G', 'G', 'G']
C26990589,['G', 'G', 'G', 'G', 'G', 'G', 'G', 'G', 'G', 'G']
C45817561,['G', 'G', 'G', 'O', 'G']
C67315078,['G', 'G', 'G', 'G', 'O', 'G', 'G', 'G', 'G', 'G', 'G']
C25491844,['G', 'G', 'G', 'O']
C36214608,['G', 'G', 'G', 'O', 'G', 'G', 'O', 'G', 'G', 'G', 'G']
C60400341,['G', 'G', 'G', 'G', 'G', 'G', 'G', 'G', 'G', 'G']
C39776981,['G', 'G', 'G', 'G', 'G', 'O', 'O', 'G']
C08140301,['G', 'G', 'O', 'G', 'G', 'G', 'G', 'O', 'G']
C02443460,['G', 'G', 'G', 'G', 'G', 'G', 'G', 'G']
C40723267,['G', 'G', 'G', 'O', 'G', 'G', 'G']
C66497692,['G', 'G', 'G', 'G', 'G', 'G', 'G', 'G']
C02698093,['G', 'G', 'G', 'O', 'G', 'O', 'G', 'G', 'G']
C50695812,['G', 'G', 'G', 'G']
C03286291,['G', 'G', 'G', 'G', 'G', 'G', 'G', 'G', 'G', 'G', 'G']
C51020224,['G', 'G', 'G', 'G', 'G']
C56158374,['G', 'G', 'G', 'O', 'O', 'O', 'G', 'G', 'G', 'G']
C40791871,['G', 'G', 'G', 'G', 'G', 'G']
C66759294,['G', 'G', 'G', 'G', 'G', 'O']
C57349405,['G', 'O', 'G', 'G', 'O', 'G', 'G', 'G', 'G', 'G', 'G']
C44849544,['G', 'G', 'G', 'G', 'G', 'G', 'G']
C50244608,['G', 'G', 'G', 'G']
C53647320,['G', 'G', 'G', 'G', 'G', 'G']
C44976585,['G', 'G', 'G', 'O', 'G']
C08680553,['G', 'G', 'G', 'G', 'G', 'G', 'G', 'G', 'G', 'G']
C52881928,['G', 'G', 'G', 'G', 'G', 'G']
C14579798,['G', 'G', 'O', 'G', 'G', 'G', 'G', 'G', 'G', 'G']
C65180033,['G', 'O', 'G', 'G', 'G', 'G', 'G', 'G']
C07602832,['G', 'G', 'G', 'G', 'G', 'G', 'G']
C44877499,['G', 'G', 'O', 'G', 'G', 'G']
C02283240,['G', 'G', 'O', 'G', 'G', 'G', 'O', 'G', 'G']
C14836490,['G', 'G', 'G', 'G', 'O', 'G', 'G', 'G', 'G', 'O', 'G']
C66317859,['G', 'O', 'G', 'G', 'G', 'G', 'O', 'G']
C67336563,['G', 'G', 'G', 'G']
C10188451,['O', 'G', 'G', 'G', 'O', 'G', 'G', 'G', 'G']
C35320321,['G', 'G', 'G', 'O', 'G', 'G']
C51710207,['G', 'G', 'O', 'G', 'G', 'O', 'G', 'G', 'G']
C07782858,['G', 'G', 'G', 'G', 'G', 'G']
C04526618,['G', 'G', 'G', 'G', 'G', 'G']
C38027594,['G', 'G', 'G', 'G', 'O']
C66699244,['G', 'G', 'O', 'G', 'G', 'G', 'G', 'G', 'G']
C37634751,['G', 'G', 'G', 'G', 'O', 'G', 'G', 'G', 'G', 'O']
C49164736,['G', 'G', 'G', 'G', 'G', 'G']
C14257763,['G', 'G', 'G', 'O', 'G', 'G', 'G', 'G']
C39682861,['G', 'G', 'G', 'G', 'G', 'G', 'G', 'G', 'G', 'O']
C04273013,['G', 'G', 'G', 'G', 'G', 'G', 'O', 'G']
C36575365,['G', 'O', 'G', 'G', 'G', 'G', 'G', 'G', 'G', 'G', 'G', 'G']
C20200026,['G', 'G', 'G', 'G', 'G']
C60400386,['O', 'G', 'G', 'G', 'G', 'G', 'G', 'G', 'G', 'G', 'G', 'G']
C05742623,['G', 'O', 'G', 'G', 'G', 'G', 'G']
C67191164,['G', 'G', 'O', 'G', 'G', 'G', 'G']
C36970501,['O', 'O', 'O', 'O']
C66075817,['G', 'G', 'G', 'G', 'G', 'G', 'G', 'G', 'G', 'G']
C48734226,['G', 'G', 'G']
C37158577,['G', 'G', 'G', 'G', 'G']
C65691109,['G', 'O', 'G', 'G', 'O', 'G', 'O', 'G']
C44196979,['G', 'G', 'G']
C32771644,['O', 'G', 'G', 'G', 'G', 'O', 'G', 'G', 'G']
C67594895,['G', 'G', 'G', 'O', 'G', 'G', 'O', 'G']
C48964536,['G', 'G', 'G', 'O', 'G', 'G', 'G', 'G', 'G', 'G']
C35592578,['G', 'G', 'G', 'O', 'G', 'O', 'G', 'G', 'G', 'G']
C08765061,['G', 'G', 'G', 'G', 'G', 'G', 'O', 'G', 'G', 'G', 'G', 'G']
C03652343,['G', 'G', 'G', 'O', 'G', 'G', 'G', 'G']
C44714556,['G', 'G', 'G', 'O', 'G', 'G', 'O', 'G', 'G']
C00493723,['O', 'O', 'O', 'G', 'G', 'G', 'G']
C43038282,['G', 'G', 'G', 'G', 'G', 'G', 'G', 'G', 'G', 'G']
C67313549,['G', 'G', 'G', 'G', 'G', 'G', 'G', 'G', 'G', 'G', 'G']
C44059689,['G', 'G', 'G', 'G', 'G', 'G', 'G']
C42445644,['G', 'G', 'G', 'G', 'G', 'G']
C13582051,['G', 'G', 'G']
C35353117,['G', 'G', 'G', 'O', 'G', 'G', 'G']
C58006322,['G', 'G', 'O', 'G', 'G']
C21535754,['G', 'G', 'O', 'G', 'G', 'G', 'G']
C65359593,['G', 'G', 'G', 'G', 'G', 'O', 'G', 'G', 'G', 'G']
C37035185,['G', 'G', 'G', 'G', 'G', 'G', 'G', 'G', 'O']
C48849074,['G', 'G', 'G', 'G', 'G', 'G', 'G']
C66382943,['G', 'G', 'G', 'G', 'G', 'G', 'G', 'G', 'G']
C37166421,['G', 'G', 'G', 'G', 'G', 'G', 'O', 'O', 'G']
C36360752,['G', 'G', 'G', 'G', 'O', 'O', 'O']
C12502346,['G', 'G', 'G', 'G', 'G', 'G', 'G', 'G', 'O', 'G', 'G']
C09207123,['G', 'G', 'G', 'G', 'O', 'G', 'G', 'G', 'G', 'G', 'O', 'G', 'G']
C37092335,['G', 'O', 'G', 'G', 'O', 'G', 'G', 'G']
C53259781,['G', 'O', 'G', 'G', 'G', 'G']
C62243242,['G', 'G', 'G', 'G', 'G']
C65074867,['G', 'G', 'G', 'G', 'O']
C65793995,['O', 'G', 'G', 'G', 'G']
C50511017,['G', 'G', 'G', 'G', 'G', 'G', 'G', 'G', 'G', 'O']
C31978725,['G', 'G', 'G', 'G', 'G']
C43187463,['G', 'G', 'G', 'G', 'G', 'G', 'G']
C42432520,['O', 'G', 'G', 'G', 'G', 'G']
C64883287,['G', 'G', 'G', 'G', 'G', 'G', 'G', 'G', 'O', 'G']
C00424641,['G', 'G']
C03151867,['G', 'O', 'O', 'G', 'G', 'G', 'G', 'G', 'G', 'G']
C08417004,['G', 'G', 'G', 'G', 'G', 'G']
C46773293,['G', 'G', 'G', 'G', 'G', 'G', 'G', 'G', 'G', 'G']
C39676611,['G', 'G', 'G', 'G', 'G', 'G', 'G']
C08990593,['G', 'G', 'G', 'G', 'G', 'G', 'G', 'G', 'G', 'G', 'G']
C67340656,['G', 'G', 'G', 'G', 'G', 'G', 'O', 'G', 'G', 'G', 'G', 'G', 'G']
C49242591,['G', 'G', 'G', 'G', 'O', 'G', 'O', 'G', 'G']
C49693030,['O', 'O', 'G']
C26105166,['G', 'G', 'O', 'G', 'O', 'G', 'G', 'G', 'G', 'G', 'G']
C36743540,['G', 'G', 'G', 'G', 'G']
C09643280,['G', 'G', 'G', 'G', 'G', 'G', 'G', 'G', 'G', 'G', 'G', 'G', 'O']
C19595366,['G', 'G', 'G', 'G', 'G', 'G', 'G']
C66840025,['G', 'O', 'G', 'G', 'G', 'G', 'G', 'G', 'G', 'G']
C44223916,['G', 'G', 'G', 'G', 'G']
C44976573,['G', 'G', 'G', 'G', 'G', 'O', 'G']
C66086537,['G', 'G', 'G', 'G', 'G', 'G', 'G', 'G', 'G', 'G']
C14241635,['G', 'G', 'G', 'G', 'G', 'G', 'G', 'G', 'G']
C42422506,['G', 'G', 'O', 'O', 'G']
C48089951,['G', 'G', 'G', 'G', 'G', 'G', 'G']
C50808892,['G', 'G', 'G', 'G', 'G', 'G', 'G', 'G', 'G']
C09834736,['G', 'G', 'O', 'G', 'G', 'O', 'G', 'G', 'G']
C53256258,['G', 'G', 'G', 'G', 'G']
C55881114,['G', 'G', 'G', 'O', 'G', 'G', 'G', 'G', 'G']
C01447199,['G']
C66075815,['G', 'G', 'O', 'G', 'G', 'G', 'G', 'G', 'G', 'G']
C40051412,['G', 'G', 'G', 'G', 'G', 'G', 'G', 'O']
C42585839,['G', 'G', 'G', 'G', 'G', 'G']
C60710261,['G', 'G', 'G', 'G', 'G', 'G']
C49279763,['G', 'G', 'G', 'G', 'G', 'G', 'G', 'G']
C44785862,['G', 'G', 'O', 'G', 'G', 'G']
C62669783,['G', 'G', 'G', 'G', 'G']
C58191982,['G', 'G', 'G', 'G', 'O']
C67311498,['G', 'G', 'G', 'G', 'G', 'G', 'G', 'G', 'G', 'G']
C41317994,['G', 'G', 'G', 'G', 'G', 'G', 'G']
C40376978,['G', 'G', 'G', 'G', 'G', 'G']
C56015101,['G', 'G', 'G', 'O', 'G', 'O', 'G']
C59913757,['G', 'G', 'G', 'G']
C44216186,['G', 'G', 'G', 'O']
C44932450,['G', 'G', 'G', 'G', 'G']
C58791571,['G', 'G', 'G', 'G', 'G', 'G']
C53038960,['G', 'G', 'G', 'G', 'O', 'O']
C40352468,['G', 'G', 'G', 'G', 'G', 'G', 'G', 'G']
C63095741,['G', 'G', 'G', 'G', 'G', 'G']
C65206589,['G', 'G', 'G', 'G', 'G', 'G', 'G', 'G', 'O', 'G', 'G', 'G', 'G']
C40347796,['G', 'G', 'G', 'G', 'G', 'G']
C41263804,['G', 'G', 'G', 'G', 'G', 'O', 'O', 'G', 'G', 'G']
C15846567,['O', 'O', 'G', 'O', 'G', 'G', 'G', 'G', 'G', 'G', 'O', 'G']
C03123976,['G', 'G', 'G']
C49136739,['O', 'G', 'G', 'G', 'G', 'G']
C20970413,['G', 'G', 'G', 'G', 'G', 'G', 'O', 'G', 'G', 'G', 'G']
C49298564,['G', 'O', 'G', 'G', 'G', 'G', 'G', 'O']
C48805829,['G', 'G', 'G', 'O', 'G', 'G']
C50440031,['O', 'O', 'G', 'G', 'G']
C63268826,['G', 'G', 'G', 'G', 'G', 'G', 'G', 'G', 'G']
C40780048,['G', 'G', 'G', 'G', 'G', 'O']
C35591925,['O', 'G', 'G', 'O', 'G', 'G', 'O', 'O', 'G', 'O']
C49177298,['G', 'O']
C21021054,['G', 'G', 'G', 'G']
C21090125,['O', 'G', 'O', 'G', 'G', 'G', 'G', 'G']
C35098128,['O', 'G', 'G', 'O', 'O']
C14849421,['G', 'G', 'G', 'G', 'G', 'G', 'G', 'O', 'G', 'G']
C40723694,['G', 'G', 'G', 'G', 'G']
C36204406,['G', 'O', 'G', 'G', 'G', 'O', 'G']
C37278084,['G', 'G', 'G', 'G', 'G']
C42468748,['G', 'G', 'G', 'G', 'G', 'G']
C41306725,['G', 'G', 'O', 'G', 'G']
C13016326,['G', 'G', 'G', 'G', 'G', 'G', 'O', 'G', 'G', 'G']
C42529700,['G', 'G', 'G', 'G', 'G', 'G', 'G', 'O']
C50405812,['G', 'G', 'G', 'O', 'G', 'G', 'G', 'O']
C62289022,['G', 'G', 'G', 'G', 'G', 'G']
C59894537,['G', 'G', 'G', 'O', 'G', 'G', 'O', 'G', 'G']
C67040460,['G', 'G', 'G', 'G', 'G', 'G', 'G', 'G']
C66389805,['O', 'G', 'G', 'G', 'G', 'G', 'O', 'O']
C62936727,['G', 'G', 'G', 'G', 'G', 'G', 'G', 'G']
C52156785,['G', 'G', 'G', 'G', 'G']
C15085910,['G', 'G', 'G', 'G', 'G', 'G', 'G', 'G', 'G', 'G', 'G']
C53260530,['G', 'G', 'G', 'G', 'G', 'O', 'G']
C65833095,['G', 'G', 'G', 'G', 'G', 'G']
C65180515,['G', 'O', 'G', 'G', 'G', 'G', 'G', 'G']
C42430901,['G', 'G', 'G', 'G', 'G', 'O', 'O']
C40637192,['G', 'O', 'G', 'G', 'G', 'O']
C12572014,['O', 'G', 'G', 'G', 'G', 'G', 'O', 'G', 'G', 'O', 'O']
C66390925,['G', 'G', 'G', 'G', 'G', 'G', 'G', 'G', 'G']
C40338436,['G', 'G', 'G']
C42420375,['G', 'G', 'G', 'G', 'G']
C44690219,['G', 'G', 'G', 'G', 'O', 'G', 'G']
C12821158,['G', 'G', 'G', 'G', 'G', 'G', 'G', 'O', 'G', 'G', 'G', 'G', 'G']
C66581223,['O', 'G', 'G', 'G', 'O', 'G']
C42193147,['G', 'G', 'G', 'G', 'G']
C14697657,['G', 'O', 'G', 'G', 'O', 'G', 'G', 'G', 'G']
C36976496,['G', 'G', 'G', 'G']
C42946636,['G', 'G', 'G', 'G', 'G', 'O', 'G', 'G', 'G']
C63375732,['G', 'G', 'G', 'O', 'G']
C00056733,['G', 'G', 'G', 'G']
C61631400,['G', 'G', 'G', 'G', 'O']
C61037807,['G', 'G', 'G', 'O', 'G', 'G', 'G', 'G', 'G']
C46815533,['O', 'O', 'G', 'G', 'O', 'O', 'O', 'G']
C44848991,['G', 'G', 'G', 'G', 'G', 'G', 'G']
C67647364,['G', 'G', 'G', 'G', 'G', 'G', 'G', 'G', 'O', 'G']
C27250528,['G', 'G', 'G', 'G', 'G', 'G', 'G', 'G', 'G']
C39668930,['G', 'O', 'G', 'G', 'G', 'G', 'G', 'G']
C62936733,['G', 'G', 'G', 'G', 'G', 'G', 'G', 'G']
C14012719,['G', 'O', 'G', 'G', 'G', 'G', 'G', 'G', 'G', 'G', 'G']
C12689162,['G', 'G', 'G', 'G', 'G', 'G', 'G', 'O']
C50901631,['G', 'G', 'G', 'G', 'G', 'O', 'G']
C44217387,['O', 'G', 'G', 'G', 'G']
C40451966,['G', 'G', 'G', 'G', 'O', 'G', 'G']
C06785621,['G', 'G', 'G', 'G', 'G', 'G', 'G', 'G', 'G']
C03345659,['G', 'G', 'G', 'G', 'G', 'G', 'G', 'O', 'G']
C39684631,['O', 'G', 'G', 'G', 'G', 'G']
C44730972,['G', 'G', 'G', 'O', 'G', 'G']
C04713782,['G', 'G', 'G', 'G', 'G', 'G', 'O']
C61888246,['O', 'G', 'G', 'G']
C36959516,['G', 'G', 'G', 'G', 'G', 'G', 'G']
C01569717,['G', 'G', 'G', 'G', 'G', 'G', 'G', 'G', 'G']
C62934229,['G', 'G', 'G', 'O', 'G']
C49468607,['G', 'G', 'G', 'G', 'G', 'G', 'G']
C13264382,['G', 'G', 'G', 'G', 'G', 'G', 'G', 'G', 'G', 'O']
C04335131,['G', 'G', 'G', 'O', 'G', 'G']
C66174283,['G', 'G', 'G', 'O', 'G', 'G', 'G', 'G', 'O', 'G', 'G']
C45022656,['G', 'O', 'G', 'G', 'O', 'G']
C00036440,['G', 'G', 'G', 'O']
C50212944,['G', 'G']
C37940799,['G', 'G', 'G', 'G', 'G', 'G', 'G']
C67202371,['G', 'G', 'G', 'G', 'G', 'G', 'G', 'G', 'G', 'O', 'O', 'G', 'O', 'G']
C35205655,['G', 'G', 'O', 'G']
C62183013,['G', 'G', 'G', 'G', 'G', 'G']
C45505225,['G', 'G', 'G', 'G', 'G', 'G', 'G', 'O']
C06446451,['G', 'G', 'G', 'G', 'O', 'G', 'G', 'G', 'G']
C13979408,['G', 'G', 'G', 'G', 'G', 'G', 'G', 'G', 'G', 'G', 'G', 'G']
C45175313,['G', 'G', 'G', 'G', 'G']
C48850007,['G', 'G', 'G', 'G', 'O', 'G', 'O', 'G']
C21237929,['G', 'G', 'G', 'O', 'G', 'G', 'O', 'G', 'G', 'G', 'G']
C52157055,['G', 'O', 'G', 'G', 'G', 'G', 'G', 'O']
C50837502,['G', 'G', 'G', 'G', 'O']
C61888199,['G', 'G', 'O', 'G', 'G', 'G']
C13747295,['G', 'O', 'G', 'G', 'G', 'G']
C48822668,['G', 'G', 'G', 'O']
C41064453,['G', 'G', 'G', 'G', 'G', 'G', 'G', 'G']
C24964522,['G', 'G', 'G', 'G', 'G', 'G', 'G', 'G', 'G', 'G']
C52276860,['G', 'G', 'O', 'G', 'G', 'G']
C48837337,['O', 'G', 'O']
C49141464,['G', 'G', 'G', 'G', 'G', 'O', 'G', 'O']
C49354364,['G', 'G', 'G', 'G', 'G', 'G']
C61183463,['G', 'G', 'G', 'G', 'G', 'G', 'G', 'O']
C56187128,['G', 'G', 'G', 'G', 'G', 'G', 'O', 'G', 'G', 'G']
C51994328,['G', 'G', 'G', 'G', 'G', 'G', 'G']
C02782013,['G', 'G', 'G', 'G', 'G', 'G', 'G', 'G', 'G']
C10918483,['G', 'G', 'G', 'G', 'G', 'G']
C67063118,['G', 'G', 'G', 'O', 'G', 'G', 'G', 'G', 'O', 'G', 'G']
C40551211,['G', 'G', 'O', 'O']
C65532359,['G', 'G', 'G', 'G', 'G', 'G', 'O', 'G', 'G', 'G', 'G']
C06357739,['G', 'G', 'G', 'G', 'G', 'G', 'G']
C44934769,['G', 'G', 'G', 'G']
C55025267,['G', 'G', 'O', 'O', 'G', 'G']
C01151923,['G', 'G', 'G', 'G', 'O', 'G', 'G']
C32045057,['O', 'G', 'G', 'G', 'G', 'G', 'G', 'G']
C42085076,['G', 'G', 'G', 'G', 'G', 'G', 'G', 'G', 'G', 'G', 'G']
C65074679,['G', 'G', 'G', 'G']
C37136103,['G', 'G', 'G', 'G', 'O', 'O', 'G', 'G', 'G']
C60400441,['G', 'G', 'G', 'G', 'G', 'G', 'G', 'G', 'G', 'O', 'G', 'G', 'G']
C48258419,['G', 'G', 'G', 'G']
C40701269,['O', 'O', 'G']
C40376232,['G', 'G', 'G', 'G', 'G']
C20982246,['G', 'G', 'G', 'G', 'G', 'G', 'G', 'G', 'G', 'G', 'G']
C40347528,['G', 'G', 'G', 'G', 'G']
C66790337,['G', 'G', 'O', 'G', 'G', 'G', 'G', 'G', 'G', 'O', 'G']
C12623248,['G', 'G', 'G', 'G', 'G', 'G', 'G', 'G', 'G', 'G']
C61148263,['G', 'G', 'G', 'G', 'G', 'G', 'G', 'G', 'G']
C39707740,['G', 'G', 'G', 'G', 'G', 'G', 'G', 'G', 'G', 'O', 'G']
C66240546,['G', 'G', 'G', 'G', 'G', 'G', 'G']
C02761432,['G', 'G', 'G', 'G', 'G', 'G', 'G', 'G']
C26851030,['G', 'G', 'G', 'G', 'G', 'G', 'G', 'G', 'G', 'G']
C39696222,['G', 'G', 'G', 'G', 'G', 'G', 'G']
C48792136,['G', 'G', 'G', 'G', 'G', 'G', 'G']
C58001872,['O', 'G', 'G', 'G', 'G']
C51094564,['G', 'O', 'O', 'O', 'G', 'O']
C58951144,['G', 'G']
C09705668,['G', 'G', 'G', 'G', 'G', 'O', 'G', 'G', 'G', 'O', 'G', 'G', 'G']
C66538179,['O', 'G', 'G', 'G', 'G', 'G', 'O', 'G', 'G', 'G', 'G', 'G']
C45046180,['G', 'G', 'G', 'G', 'G', 'G']
C41961303,['G', 'G', 'G', 'G', 'O', 'G', 'G', 'G', 'G', 'G', 'G']
C48961077,['G', 'G', 'G', 'G', 'G', 'G']
C66362171,['G', 'G', 'G', 'G', 'G', 'G', 'O', 'G', 'G', 'G', 'G', 'G']
C36132117,['O', 'G', 'O']
C55852396,['G', 'G', 'G', 'G', 'G', 'O', 'G', 'G', 'G']
C67173117,['G', 'G', 'O', 'G']
C40582543,['G', 'G', 'O', 'G', 'G', 'O', 'G']
C49094423,['G', 'G', 'O', 'O', 'G', 'G', 'G']
C54050091,['G', 'G', 'G', 'G', 'O', 'G', 'G']
C28908428,['G', 'G', 'G', 'G', 'G', 'O', 'G', 'G', 'G', 'O']
C50633679,['O', 'G', 'G', 'G', 'G', 'G']
C37896768,['G', 'O', 'G', 'O', 'G', 'G']
C54162809,['G', 'G', 'G', 'G', 'G', 'G']
C17851403,['G', 'G', 'G', 'G', 'G', 'G', 'G', 'G', 'G']
C56338156,['G', 'G', 'G', 'G', 'G', 'G', 'G', 'G', 'O', 'G', 'O']
C36743308,['G', 'O', 'G', 'G', 'G']
C37137711,['G', 'G', 'G', 'O', 'O', 'G']
C57245089,['G', 'G', 'G', 'G', 'G', 'G', 'G', 'G', 'G']
C35358728,['G', 'G', 'G', 'G', 'O']
C20484495,['G', 'G', 'G', 'G', 'G', 'G', 'G', 'G']
C28717665,['G', 'G', 'G', 'G', 'G', 'G', 'G', 'G', 'G', 'G']
C19520773,['G', 'G', 'G', 'G', 'G']
C48142233,['G', 'G', 'G', 'G', 'G']
C39481212,['G', 'G', 'G', 'O', 'G', 'G', 'O']
C14000004,['G', 'G', 'G', 'G', 'G', 'G', 'G', 'O', 'G', 'G', 'G', 'G']
C66970922,['O', 'G', 'G', 'G', 'G', 'G', 'G', 'G']
C36624228,['G', 'G', 'G', 'G', 'O']
C63212908,['G', 'G', 'G', 'G']
C48988285,['G', 'G', 'G', 'O', 'G', 'G', 'G', 'O']
C65191994,['G', 'G', 'G', 'G', 'G', 'G', 'G', 'O']
C01184592,['G', 'G', 'G', 'O', 'G', 'G', 'O', 'G', 'G', 'G']
C17308257,['G', 'G', 'G', 'G', 'O', 'G', 'G', 'G', 'G', 'G', 'G']
C66617106,['G', 'G', 'G', 'G', 'G', 'G', 'G', 'G', 'G']
C67020534,['G', 'G', 'G', 'G', 'G', 'G', 'G', 'G', 'G', 'G']
C51296921,['G', 'G', 'G', 'G', 'O', 'G']
C54532189,['G', 'O', 'O', 'G', 'G']
C20622622,['G', 'G', 'G', 'G', 'G', 'G', 'G', 'G', 'G', 'G', 'G', 'G', 'G']
C09154533,['G', 'G', 'G', 'G', 'G', 'G', 'G', 'G', 'G', 'G']
C39579529,['G', 'G', 'G', 'O', 'G', 'G', 'O', 'G', 'O', 'G', 'G', 'G', 'G', 'G']
C40792033,['G', 'G', 'G', 'G', 'G', 'G', 'G', 'G', 'G', 'G']
C50839186,['G', 'O', 'G', 'O', 'G']
C40328225,['G', 'G', 'G', 'G']
C42270747,['G', 'G', 'G', 'G', 'G', 'O', 'G']
C66599232,['G', 'G', 'O', 'G', 'G', 'G', 'G', 'G', 'O', 'G', 'G', 'G', 'G']
C39684565,['G', 'G', 'G', 'G', 'G', 'G', 'G']
C66641476,['G', 'O', 'G', 'G', 'G', 'G', 'G']
C37819963,['G', 'G', 'O', 'G', 'O', 'G']
C03444079,['O', 'G', 'G', 'G', 'G', 'O', 'G', 'G', 'G', 'G', 'G']
C13748201,['G', 'G', 'G', 'O', 'G', 'O']
C54415663,['G', 'G', 'G', 'G', 'G', 'O', 'O']
C10690872,['G', 'G', 'G', 'G', 'G', 'G', 'G', 'G', 'G', 'G', 'G']
C43043474,['G', 'G', 'G', 'G', 'G', 'G', 'G', 'G', 'G']
C42164497,['G', 'O', 'G', 'O']
C40369198,['G', 'G', 'G', 'G', 'G', 'G']
C48997070,['G', 'G', 'G', 'O']
C66878158,['G', 'G', 'G', 'G', 'O', 'G', 'G', 'G', 'O', 'G']
C44725955,['O', 'G', 'G', 'G', 'G', 'G', 'G']
C54522683,['G', 'G', 'O', 'G', 'G', 'G', 'G', 'O', 'O']
C48837507,['G', 'G', 'G', 'O']
C48927781,['G', 'G', 'O', 'G', 'G']
C22934166,['G', 'G', 'G', 'G', 'G', 'O', 'G', 'G', 'G']
C31543981,['O', 'G', 'G', 'G', 'G', 'G']
C58177642,['G', 'G', 'G', 'G', 'G', 'G']
C66759665,['G', 'G', 'G', 'G', 'O', 'G', 'G']
C47099675,['G', 'G', 'G', 'G', 'G', 'G', 'G']
C57611149,['G', 'G', 'O', 'G', 'G']
C66632711,['G', 'G', 'G', 'G', 'G', 'G', 'G', 'G', 'G', 'G']
C24874869,['G', 'G', 'G', 'G', 'G']
C66838579,['O', 'G', 'G', 'G', 'G', 'G', 'G', 'G', 'G']
C15560389,['G', 'G', 'G', 'G', 'G', 'G', 'G', 'G', 'G', 'G', 'G']
C46585582,['G', 'G', 'G', 'G', 'G', 'G', 'G', 'G', 'G', 'G', 'G', 'G', 'G', 'G']
C49566485,['G', 'G', 'G', 'G', 'G']
C06884493,['G', 'G', 'G', 'G', 'G', 'G', 'G']
C06725075,['G', 'G', 'G', 'G', 'G']
C40792030,['G', 'G', 'G', 'G', 'G', 'O', 'G', 'G', 'G', 'G']
C03887918,['G', 'G', 'G', 'G', 'G', 'G', 'G']
C44876529,['G', 'G', 'G', 'G', 'G', 'G', 'O']
C39708419,['G', 'G', 'G', 'G', 'G', 'G', 'G', 'O', 'G']
C40364814,['G', 'G', 'G', 'G', 'G', 'G']
C52064124,['G', 'O', 'G', 'G', 'G', 'O']
C08559557,['G', 'G', 'G', 'G', 'G', 'G', 'G', 'G']
C38014374,['G', 'G', 'G', 'G', 'G', 'G', 'G', 'G', 'G', 'G', 'G', 'G']
C59186859,['G', 'G', 'G', 'O', 'G']
C03129783,['G', 'G', 'O', 'G', 'G', 'O', 'G', 'G', 'G', 'G']
C45060882,['G', 'G', 'G', 'G', 'G', 'G']
C61886999,['O', 'G', 'G', 'O']
C61568639,['G', 'G', 'O', 'G', 'G', 'G', 'G']
C40369394,['G', 'G', 'G', 'G', 'G', 'O', 'G', 'G']
C50661256,['G', 'G', 'G', 'G', 'G', 'O', 'O', 'G', 'G']
C42430337,['G', 'O', 'G', 'G', 'O']
C01048893,['G', 'G', 'G']
C41793785,['G', 'G', 'G', 'G', 'G', 'G']
C42561463,['G', 'G', 'G', 'G', 'G', 'G', 'G']
C49122879,['G', 'G', 'G', 'G', 'O']
C13632974,['G', 'G', 'G', 'G', 'G', 'G', 'G']
C60414733,['G', 'G', 'G', 'G', 'G', 'G', 'G', 'O']
C39051843,['G', 'G', 'G', 'G', 'G', 'G', 'G']
C58089907,['G', 'G', 'G', 'G', 'G', 'G', 'O', 'G', 'G', 'G']
C66329507,['G', 'G', 'G', 'G', 'G', 'G', 'G', 'G', 'G', 'G']
C62901177,['G', 'G', 'G', 'G', 'G', 'G']
C35097154,['G', 'G', 'G', 'G', 'G', 'G', 'G', 'G']
C39637934,['G', 'G', 'G', 'G', 'G', 'G', 'G', 'G']
C58678820,['G', 'G', 'G', 'G', 'G', 'G', 'O', 'O', 'G']
C45665039,['G', 'G', 'G', 'G', 'G', 'G']
C37260736,['G', 'G', 'O', 'O']
C67164073,['G', 'G', 'G', 'O', 'G', 'G', 'G', 'G', 'G', 'G']
C67314755,['O', 'G', 'G', 'G', 'O', 'G', 'G', 'G', 'G', 'G', 'G', 'G', 'G', 'G']
C66121350,['G', 'G', 'G', 'G', 'O', 'G', 'G', 'G']
C51095285,['G', 'G', 'G', 'G', 'O', 'G']
C62105144,['G', 'O', 'G', 'G', 'G']
C35288213,['G', 'G', 'G', 'O', 'G']
C50905622,['G', 'G', 'G', 'G', 'O', 'G', 'G']
C49164845,['G', 'G', 'G', 'G', 'G', 'G', 'G']
C52731956,['G', 'G', 'G', 'G', 'G', 'O', 'G', 'G', 'G', 'G', 'O', 'G', 'G']
C44995287,['G', 'O', 'G', 'G', 'O', 'G', 'G', 'G', 'G', 'O']
C50909476,['G', 'G', 'G', 'G', 'G', 'G', 'G', 'G']
C39767812,['G', 'G', 'O', 'G', 'G']
C58312277,['G', 'G', 'G', 'G', 'G', 'G', 'G', 'G', 'G', 'G', 'G']
C09680044,['G', 'G', 'G', 'G', 'G', 'G', 'G', 'G', 'G']
C49743750,['G', 'G', 'G', 'G', 'G', 'G', 'O', 'G', 'G', 'G', 'G', 'G']
C59412053,['G', 'G', 'G', 'G', 'G', 'G', 'G', 'G', 'G', 'G', 'G', 'G', 'G', 'G', 'O', 'G']
C50851700,['O', 'G', 'G', 'G', 'G']
C44785607,['O', 'G', 'G', 'G', 'G']
C58267489,['G', 'G', 'G']
C26678125,['G', 'G', 'G', 'G', 'G', 'G', 'O', 'G', 'G']
C42429972,['G', 'O', 'G', 'G', 'O']
C60373825,['G', 'G', 'G', 'G', 'G', 'G', 'O', 'G', 'G', 'G']
C05633506,['G', 'G', 'G']
C61768890,['G', 'O', 'O', 'G', 'G']
C37631723,['G', 'G', 'G', 'G', 'G', 'G', 'G']
C12804934,['G', 'G', 'G', 'G', 'G', 'G', 'G', 'G', 'G', 'G', 'G', 'G']
C48999951,['O', 'G', 'G', 'G', 'G', 'G']
C54430713,['G', 'G', 'G', 'G', 'O']
C04522832,['G', 'G', 'G', 'G', 'G', 'G']
C52860490,['G', 'G', 'G', 'G', 'G', 'O']
C41807854,['O', 'G', 'G', 'G', 'G', 'G']
C46565580,['G', 'G', 'G', 'G', 'G', 'G', 'G', 'G', 'G', 'G', 'G']
C51144716,['G', 'G', 'G', 'O', 'G']
C42948142,['G', 'O', 'G', 'G', 'G', 'G', 'G']
C50102835,['G', 'G', 'G', 'G', 'G', 'G']
C60893696,['G', 'G', 'G', 'G', 'G', 'G', 'G', 'G', 'G']
C39646986,['O', 'G', 'G', 'G', 'G']
C51683415,['G', 'G', 'G', 'G', 'G', 'O', 'O']
C50182161,['G', 'G', 'G', 'G', 'G']
C15559572,['G', 'G', 'G', 'G', 'G', 'G', 'G', 'G']
C45325572,['G', 'G', 'O', 'G', 'G']
C62871126,['G', 'G', 'G', 'O', 'G', 'G']
C62785309,['G', 'G', 'G', 'O', 'G']
C51287840,['G', 'G', 'G', 'G', 'G']
C42474568,['G', 'G', 'G', 'G', 'G', 'G', 'G', 'G', 'G']
C34198910,['-']
C09510321,['G', 'G', 'G', 'G', 'G', 'G', 'G', 'G', 'O', 'G']
C07793221,['G', 'O', 'G', 'O', 'G', 'G', 'G', 'G', 'G']
C67004947,['G', 'G', 'G', 'O', 'G', 'G', 'G']
C67065883,['G', 'G', 'G', 'G', 'G', 'G', 'G', 'G', 'G']
C49128749,['G', 'G', 'G', 'G', 'G', 'G']
C05211799,['G', 'G', 'G']
C04365945,['G', 'G', 'O']
C44860267,['G', 'G', 'G', 'G', 'G', 'G', 'G']
C45089455,['G', 'O', 'G', 'G', 'G', 'O', 'G', 'G']
C51291709,['G', 'G', 'G', 'G', 'G']
C20609204,['G', 'G', 'G', 'G', 'O', 'G', 'G', 'G', 'G']
C43208977,['O', 'G', 'G', 'G', 'G', 'G', 'O', 'G', 'G', 'G', 'G', 'G']
C57391726,['G', 'G', 'G', 'G', 'G', 'O', 'G', 'G', 'G', 'G', 'O']
C42741255,['G', 'O', 'G', 'O']
C48843592,['G', 'G', 'O', 'O']
C37692425,['O', 'G', 'G', 'O', 'G']
C58363853,['G', 'G', 'G', 'G', 'G', 'G']
C48049876,['G', 'G', 'G', 'G', 'G', 'O']
C39646948,['O', 'G', 'G', 'G', 'G']
C19503648,['G', 'O', 'G']
C31579225,['G', 'G', 'G', 'G', 'G', 'G', 'G', 'G', 'G']
C43435644,['G', 'G', 'G', 'G', 'G', 'G', 'G', 'G', 'G']
C20367191,['G', 'G', 'G', 'G', 'O', 'O', 'O', 'G', 'G']
C20338347,['G', 'G', 'G', 'G', 'G']
C44477253,['G', 'G', 'G', 'G', 'G']
C66619784,['G', 'G', 'G', 'G', 'G', 'G', 'O', 'G', 'G']
C44877502,['G', 'G', 'O', 'G', 'G', 'G']
C44234573,['G', 'G', 'G', 'G']
C49146491,['G', 'O', 'G', 'G', 'G', 'O', 'G', 'G']
C35734086,['O', 'G', 'G', 'O', 'O', 'O']
C47932294,['G', 'G', 'G', 'G', 'G']
C11873429,['G', 'O', 'G', 'G', 'G', 'G', 'O']
C54381809,['G', 'G', 'G', 'G']
C45492727,['G', 'G', 'G', 'G', 'O', 'G', 'G', 'G', 'O']
C61638559,['G', 'G', 'G', 'G']
C03429672,['G', 'G', 'G', 'G', 'G', 'G', 'G', 'G', 'G', 'G', 'G']
C15908700,['O', 'O', 'O', 'G', 'G', 'G', 'G', 'G']
C44828480,['G', 'G', 'G', 'G', 'G', 'O', 'G']
C39733466,['G', 'O', 'G', 'G', 'G', 'G', 'G', 'G', 'G', 'O']
C00995514,['G', 'O', 'G', 'G', 'O', 'G', 'G', 'G', 'O', 'G', 'G', 'G']
C42445800,['G', 'G', 'G', 'G', 'G', 'G', 'G']
C49370506,['G', 'G', 'G', 'O', 'G', 'G', 'G']
C40376826,['G', 'G', 'G', 'G', 'G', 'G']
C40377004,['O', 'G', 'G', 'G']
C67386667,['G', 'G', 'G', 'G', 'O', 'G', 'G', 'G', 'G', 'G']
C55476324,['G', 'G', 'G', 'G', 'G', 'G']
C60400591,['G', 'G', 'G', 'G', 'G', 'G', 'G', 'G', 'G', 'O', 'G']
C48838801,['G', 'G', 'G', 'O', 'G', 'G', 'G']
C49129022,['G', 'G', 'G', 'G', 'G', 'G', 'G']
C53784524,['G', 'G', 'G', 'G', 'G']
C49178848,['G', 'G', 'G', 'G', 'G', 'G', 'G', 'G']
C41805571,['G', 'G', 'G', 'G', 'O', 'G', 'G', 'G', 'O', 'G']
C67190658,['G', 'G', 'G', 'G', 'G', 'G', 'G', 'G']
C10012126,['G', 'G', 'G', 'G', 'G', 'G', 'O', 'G']
C62996241,['G', 'G', 'G', 'G', 'O', 'G', 'G']
C49526292,['G', 'G', 'G', 'G', 'G']
C23482906,['G', 'G', 'G', 'O', 'G', 'G', 'G', 'G', 'G', 'G', 'G']
C00518957,['G', 'G', 'G', 'O']
C13436052,['G', 'G', 'G', 'O', 'G', 'O', 'O', 'G', 'G', 'G']
C34918970,['G', 'G', 'G', 'O', 'G', 'G', 'G']
C67268340,['G', 'G', 'G', 'G', 'G', 'G', 'G', 'G']
C58005155,['G', 'G', 'G', 'G', 'G']
C67408695,['O', 'G', 'G', 'G', 'G', 'G', 'G', 'G', 'G']
C25258029,['G', 'G', 'G', 'G', 'G', 'G', 'G', 'G', 'G', 'G']
C66435997,['O', 'G', 'G', 'G', 'G', 'G', 'G', 'G', 'G', 'G']
C37417347,['G', 'G', 'G', 'G', 'G', 'O']
C52588403,['G', 'G', 'O', 'G', 'O', 'G', 'O', 'G', 'G']
C37316720,['G', 'G', 'O', 'O', 'G', 'G']
C09620103,['G', 'G', 'G', 'G', 'G', 'G', 'G', 'G', 'G', 'G', 'G']
C42446024,['G', 'O', 'G', 'G', 'O', 'G']
C42453952,['G', 'G', 'G', 'G', 'O', 'G']
C35455191,['-']
C40376815,['G', 'G', 'G', 'G', 'G', 'G']
C22692512,['G', 'G', 'G', 'G', 'G', 'G', 'G', 'G', 'G', 'O', 'O', 'O']
C32125719,['G', 'G', 'G', 'G', 'G']
C67172649,['G', 'G', 'G', 'G']
C43111740,['G', 'G', 'G', 'G', 'G', 'G', 'G']
C67445809,['G', 'G', 'G', 'G', 'G', 'G', 'G', 'G', 'O']
C62937989,['G', 'G', 'G', 'G', 'G', 'G', 'G', 'G']
C44869558,['G', 'G', 'G', 'G', 'G']
C40347506,['G', 'G', 'O', 'G', 'G']
C67647267,['G', 'G', 'G', 'G', 'G', 'G', 'G', 'G']
C48977834,['O', 'G', 'G', 'G', 'G', 'G', 'G']
C27253657,['G', 'G', 'G', 'G', 'G', 'G', 'O', 'G', 'G']
C45220218,['G', 'G', 'G', 'G', 'G', 'G']
C43039814,['G', 'G', 'G', 'O', 'G', 'G', 'G', 'G', 'G']
C65180299,['G', 'O', 'G', 'G', 'G', 'G', 'G']
C04171210,['O', 'G', 'G', 'G', 'G']
C44869554,['G', 'G', 'G', 'G', 'O']
C13556145,['-']
C63212876,['O', 'G', 'G', 'G', 'G']
C67535189,['G', 'G', 'G', 'G', 'G', 'G', 'G', 'G', 'G']
C31174435,['G', 'G', 'G', 'O', 'G', 'G', 'G', 'G', 'G']
C65985268,['G', 'G', 'G', 'G', 'G', 'G', 'G', 'G', 'G']
C44774299,['O', 'O', 'G', 'O']
C40376721,['G', 'G', 'G', 'G', 'O']
C05278400,['G', 'G', 'O', 'G', 'G', 'O', 'G', 'G', 'G']
C05471980,['G', 'G', 'G', 'G', 'O', 'G', 'G']
C45436164,['G', 'G', 'G', 'G', 'G', 'G', 'O']
C61079673,['G', 'G', 'G', 'G', 'G', 'G']
C31468968,['G', 'G', 'G', 'O', 'G', 'G', 'G']
C32118223,['G', 'G', 'G', 'G', 'G']
C28866615,['G', 'G', 'G', 'G', 'G', 'G', 'G', 'O']
C49463408,['G', 'G', 'G', 'G', 'G', 'G']
C36571040,['G', 'G', 'G', 'G', 'G', 'G', 'G', 'G', 'G', 'G', 'G', 'G', 'G']
C62106960,['G', 'G', 'G', 'G']
C67391859,['G', 'G', 'G', 'G', 'G', 'G', 'G']
C66653817,['O', 'G', 'O', 'G', 'G', 'G', 'O', 'O']
C16692170,['O', 'O', 'G', 'G', 'G', 'G']
C59890803,['G', 'G', 'G', 'G', 'G', 'O', 'G', 'G']
C61638934,['G', 'G', 'G', 'G', 'G', 'G', 'G', 'G']
C40263704,['O', 'G', 'G', 'G', 'G', 'G']
C62841017,['G', 'G', 'O', 'G', 'G', 'G', 'G']
C40089056,['G', 'G', 'G', 'G', 'G', 'G', 'G', 'G', 'G', 'O', 'G']
C39660025,['G', 'G', 'G', 'G', 'G', 'G', 'G', 'G', 'G', 'O']
C43425629,['G', 'G', 'G', 'G', 'O']
C40483133,['G', 'O', 'G', 'G', 'G', 'G', 'G']
C40359643,['G', 'G', 'O', 'G', 'G', 'G', 'G', 'G']
C37097673,['G', 'G', 'O', 'O', 'G', 'G', 'G', 'G']
C34747721,['G', 'G', 'O', 'G', 'G']
C62876334,['G', 'O', 'O', 'G']
C35302202,['G', 'G', 'G', 'G', 'G', 'G', 'O']
C20084496,['G', 'G', 'G', 'G', 'G', 'G']
C25464922,['G', 'G', 'G', 'G', 'G', 'G', 'G', 'G', 'G', 'G', 'G', 'G']
C42593931,['G', 'G', 'G', 'G', 'G', 'O']
C63153333,['G', 'G', 'G', 'G', 'G', 'G', 'G', 'G']
C64082862,['G', 'G', 'O', 'G', 'G', 'G', 'G', 'G']
C53196083,['G', 'G', 'G', 'G', 'G']
C50251080,['G', 'G', 'G', 'G', 'G']
C54299767,['G', 'G', 'G', 'G', 'G', 'O']
C39660022,['G', 'G', 'G', 'G', 'G', 'G', 'G', 'G', 'G', 'G', 'O']
C02486805,['G', 'G', 'G', 'G', 'G', 'G', 'O', 'G', 'G']
C53095501,['G', 'G', 'G', 'G', 'G', 'G', 'G']
C42520430,['G', 'G', 'G', 'O', 'O']
C44221689,['G', 'G', 'G', 'G', 'G']
C45276739,['G', 'G', 'G', 'G', 'O', 'G', 'G', 'G']
C42483769,['G', 'G', 'G', 'G', 'G', 'G', 'G']
C36865650,['G', 'G', 'G', 'O', 'G']
C67038653,['G', 'G', 'G', 'G', 'G', 'O', 'G', 'G']
C45216876,['G', 'G', 'G', 'G', 'G', 'G', 'G']
C66352931,['G', 'G', 'G', 'G', 'G', 'G', 'O', 'G', 'G', 'G', 'G']
C45209366,['G', 'G', 'G', 'G', 'G']
C45319117,['G', 'G', 'G', 'O']
C23403244,['G', 'G', 'G', 'G', 'G', 'G']
C49117773,['G', 'G', 'G', 'G', 'G', 'G', 'G']
C35062552,['G', 'G', 'O', 'G', 'G', 'G']
C37928180,['O', 'O', 'G', 'G', 'G']
C11788926,['G', 'G', 'G', 'G', 'G', 'G']
C54335081,['G', 'O', 'O', 'G', 'G']
C03334697,['G', 'G', 'G', 'G', 'G', 'G', 'G', 'G']
C67162908,['G', 'G', 'G', 'G', 'G', 'G', 'G', 'G', 'G']
C14249105,['G', 'G', 'G', 'G', 'G', 'G', 'G', 'G', 'G', 'G', 'G']
CHEMBL43261,['G', 'G', 'G', 'G']
C62894431,['G', 'G', 'G', 'O', 'G', 'G', 'G', 'G', 'G']
C41802767,['G', 'G', 'G', 'G', 'G', 'G', 'G', 'G']
C32912153,['G', 'G', 'G', 'G', 'G', 'O', 'G', 'G', 'G']
C44785386,['G', 'G', 'O', 'G', 'G']
C56204803,['G', 'G', 'G', 'G', 'G', 'G', 'O', 'G', 'G', 'G', 'G', 'G']
C19503502,['G', 'G', 'G', 'G', 'G', 'G']
C66823062,['G', 'G', 'G', 'G', 'G', 'G', 'G', 'O', 'G', 'G', 'G', 'G', 'G']
C35347164,['G', 'G', 'G', 'G']
C62511064,['G', 'G', 'G', 'G', 'G', 'O', 'G', 'G', 'G', 'G', 'G', 'G']
C61609044,['G', 'G', 'G', 'G', 'G', 'G', 'G', 'G', 'O']
C64117058,['G', 'G', 'G', 'G', 'G', 'G', 'G', 'G', 'G', 'G', 'G', 'G']
C11621625,['G', 'G', 'G', 'G', 'G', 'G', 'G', 'G', 'O', 'G']
C44780997,['G', 'G', 'G', 'G', 'G', 'G', 'O']
C49570803,['G', 'G', 'G', 'G', 'G', 'G', 'O']
C35326996,['G', 'G', 'G']
C48996361,['G', 'O', 'G', 'G', 'G', 'O', 'G']
C62960034,['G', 'G', 'G', 'G', 'G']
C36746638,['G', 'G', 'G', 'G', 'G', 'G', 'G', 'O', 'G']
C32110679,['G', 'G', 'G', 'G', 'G']
C13472614,['G', 'G', 'G', 'G', 'G', 'G', 'G', 'G', 'G', 'G', 'G', 'G', 'G', 'O']
C36490622,['G', 'G', 'G', 'G', 'G', 'G', 'O', 'O']
C51279561,['G', 'G', 'G', 'G', 'G', 'G', 'G', 'O', 'G', 'G', 'O', 'G']
C06788778,['G', 'G', 'G', 'O', 'G', 'G', 'G']
C67359258,['G', 'G', 'G', 'G', 'G', 'G', 'O', 'G', 'G']
C01733736,['G', 'G', 'G', 'G', 'G', 'G', 'G', 'G', 'G', 'G']
C23358026,['G', 'G', 'G', 'G', 'O', 'G', 'O', 'G', 'G', 'G']
C39682792,['G', 'G', 'G', 'G', 'G', 'G', 'O', 'G', 'G', 'G', 'O']
C42500929,['G', 'G', 'G', 'O', 'O', 'G']
C20463179,['G', 'G', 'O', 'G', 'G', 'G', 'G', 'G', 'O']
C31890622,['G', 'G', 'G', 'G', 'G']
C20331484,['G', 'G', 'G', 'G', 'G', 'O', 'G', 'G', 'G', 'G', 'G']
C48805905,['G', 'G', 'O', 'G', 'G', 'G']
C45651948,['G', 'G', 'G', 'G', 'G', 'G']
C61572964,['G', 'G', 'G', 'G', 'G']
C67039015,['G', 'G', 'O', 'G', 'G', 'G', 'G', 'G', 'G', 'G', 'G']
C55344645,['G', 'G', 'G', 'O', 'G', 'G', 'G', 'G', 'G']
C09441909,['G', 'G', 'G', 'G', 'G', 'G', 'G', 'G', 'G', 'G']
C41802730,['G', 'G', 'G', 'G', 'G', 'O', 'G', 'G']
C61585978,['G', 'G', 'O', 'G', 'G', 'G', 'G', 'G']
C36900862,['G', 'O', 'G', 'G', 'G']
C66653332,['G', 'G', 'G', 'G', 'G', 'G', 'G', 'O', 'G']
C61233590,['G', 'G', 'G', 'G', 'G', 'G', 'G', 'G', 'O']
C54527123,['G', 'G', 'G', 'G']
C12757544,['G', 'G', 'G', 'G', 'G', 'G', 'G', 'G']
C19478314,['G', 'G', 'G', 'G', 'G', 'G']
C36335693,['O', 'O', 'G', 'O', 'O']
C44559332,['O', 'O', 'G']
C50453905,['G', 'O', 'G', 'O', 'G', 'O', 'G']
C49503139,['G', 'G', 'G', 'G', 'O', 'G']
C00351018,['-']
C62398676,['G', 'G', 'G', 'G', 'G']
C66121467,['G', 'G', 'G', 'G', 'G', 'O', 'G', 'G', 'G']
C44192138,['G', 'G', 'G', 'G']
C55020998,['G', 'G', 'G', 'G', 'G']
C36594217,['G', 'O', 'O', 'G', 'G', 'G', 'G', 'G', 'G', 'G']
C41805828,['G', 'G', 'G', 'G', 'G', 'G', 'G', 'G']
C50393475,['G', 'G', 'G', 'G', 'G']
C06358982,['G', 'G', 'G', 'O', 'G', 'O', 'G', 'G', 'G']
C67086856,['G', 'G', 'G', 'G', 'G', 'G', 'G', 'G', 'G', 'G', 'G']
C40376720,['G', 'G', 'G', 'G', 'G']
C05800112,['G', 'G', 'O', 'G', 'G', 'O']
C40376479,['G', 'G', 'G', 'G', 'G']
C65132944,['G', 'G', 'G', 'G', 'G', 'G', 'G', 'G', 'G', 'G', 'G', 'G']
C13621158,['G', 'G', 'G', 'G', 'G', 'G', 'G', 'G', 'G', 'G', 'G', 'G', 'O']
C54304293,['G', 'O', 'O', 'O']
C43425631,['G', 'G', 'G', 'G', 'G']
C19885704,['G', 'G', 'G', 'G', 'G', 'G', 'G', 'G']
C62065170,['G', 'G', 'O', 'G', 'G', 'O', 'G', 'G', 'G', 'G', 'G', 'G']
C32133731,['G', 'G', 'G', 'G', 'G', 'G']
C66390651,['G', 'G', 'G', 'G', 'G', 'G', 'G', 'G', 'G']
C45091515,['G', 'G', 'G', 'G', 'G', 'G']
C39631685,['G', 'G', 'G', 'G', 'G', 'G', 'G', 'O', 'G', 'G']
C41802799,['G', 'G', 'G', 'G', 'G', 'G', 'O']
C45125355,['G', 'G', 'G', 'G', 'O', 'G', 'G', 'G', 'G']
C20380079,['G', 'G', 'G', 'G', 'G']
C62796323,['G', 'G', 'G', 'O', 'O', 'G', 'G', 'G']
C20973423,['G', 'G', 'G', 'O', 'G', 'G', 'G', 'O', 'G', 'G', 'G', 'G']
C49519759,['G', 'G', 'G', 'G', 'G', 'O', 'G', 'G']
C35353574,['G', 'G', 'O', 'O', 'G', 'G']
C49105828,['G', 'G', 'G', 'G', 'O', 'G', 'G']
C41885517,['G', 'G', 'G', 'G', 'O', 'G', 'G', 'G', 'G']
C44786221,['G', 'G', 'G', 'G', 'G', 'G', 'G']
C37934238,['O', 'G']
C09206979,['G', 'G', 'G', 'G', 'O', 'G', 'G', 'G', 'O', 'G', 'G']
C15909493,['G', 'G', 'G', 'G', 'G', 'G', 'G', 'G', 'G', 'G', 'G']
C41805536,['G', 'G', 'G', 'G', 'G', 'G', 'G', 'G', 'G']
C45318161,['G', 'G', 'G', 'G', 'G']
C41735590,['G', 'G', 'G', 'G', 'O']
C62779989,['G', 'G', 'G', 'G', 'G', 'G']
C40732738,['G', 'G', 'G', 'G', 'G']
C50242025,['G', 'G', 'G', 'G', 'O']
C39484784,['G', 'O', 'G', 'G', 'G', 'G', 'G', 'G', 'G']
C40376586,['G', 'G', 'G', 'G']
C44869750,['G', 'G', 'O', 'G', 'G']
C43437240,['O', 'O', 'G', 'G', 'G', 'G']
CHEMBL606666,['G', 'G', 'G', 'G', 'G', 'G']
C60062203,['G', 'G', 'G', 'G', 'G', 'G', 'G']
C53782121,['G', 'G', 'G', 'G', 'G', 'G', 'G', 'G']
C35721228,['G', 'G', 'G', 'G', 'O', 'G', 'O', 'G', 'G']
C52880754,['G', 'G', 'G', 'O', 'G', 'G', 'G', 'G']
C62435236,['G', 'G', 'G', 'G', 'G']
C44785382,['O', 'G', 'G', 'G', 'G', 'G', 'G']
C20269959,['G', 'G', 'G', 'G', 'G', 'G', 'G']
C66609783,['G', 'G', 'G', 'G', 'G', 'G', 'G', 'G', 'G', 'G']
C42406348,['O', 'G', 'G', 'G', 'G']
C62530550,['G', 'G', 'G', 'G', 'G', 'G', 'G']
C39660164,['G', 'O', 'G', 'G', 'O', 'G', 'G', 'G', 'G', 'O']
C35432917,['G', 'G', 'G', 'G', 'G']
C12569994,['O', 'G', 'G', 'G', 'G', 'G', 'G', 'G']
C44870571,['G', 'G', 'G', 'G', 'O']
C45526385,['G', 'G', 'G', 'G', 'G', 'G', 'G', 'G', 'G']
C35749567,['G', 'G', 'G', 'G', 'O', 'O', 'G', 'G', 'G', 'G', 'G']
C39660003,['G', 'G', 'G', 'G', 'G', 'G', 'G', 'G', 'G', 'O']
C67059533,['G', 'G', 'G', 'G', 'G', 'G', 'G', 'G', 'G', 'G']
C67178098,['G', 'G', 'G', 'G', 'G', 'O', 'G', 'G', 'G']
C66390709,['G', 'G', 'G', 'G', 'O', 'G', 'G', 'G', 'G']
C45060582,['G', 'G', 'G', 'G', 'G', 'G']
C40376940,['G', 'G', 'G', 'G', 'G', 'G', 'G']
C66634694,['G', 'G', 'G', 'G', 'G', 'O', 'G', 'G', 'G']
C49282688,['G', 'G', 'G', 'G', 'G', 'G', 'G', 'G', 'G', 'G', 'G']
C17854673,['G', 'G', 'G', 'G', 'G', 'G', 'G', 'G', 'G', 'G', 'G', 'G']
C49971414,['G', 'G', 'G', 'G', 'G', 'G']
C41805716,['G', 'G', 'G', 'G', 'G', 'G', 'G', 'G', 'G']
C36826172,['O', 'G', 'G', 'G', 'G']
C16320892,['G', 'G', 'G', 'O', 'O', 'G', 'G', 'G', 'G', 'G']
C52143714,['G', 'G', 'G', 'G', 'G', 'G', 'G']
C17299531,['G', 'G', 'G', 'O']
C40480605,['G', 'G', 'G', 'O', 'G', 'O']
C67381182,['G', 'G', 'G', 'G', 'G', 'O', 'G', 'G']
C36808038,['G', 'G', 'G', 'G', 'G', 'G', 'G', 'G', 'G', 'G']
C49148055,['G', 'G', 'G', 'G', 'G', 'G', 'O']
C21507142,['G', 'G', 'G', 'G', 'G', 'G', 'G', 'G', 'G', 'G', 'G']
C41805464,['G', 'G', 'G', 'G', 'G', 'G', 'G', 'G', 'G']
C55021302,['G', 'G', 'G', 'G', 'G']
C48838091,['G', 'G', 'O', 'G', 'O', 'G', 'G', 'G', 'O', 'O']
C39792152,['G', 'G', 'G', 'G', 'G', 'G', 'G']
C63136379,['G', 'G', 'G', 'G', 'G', 'G', 'O']
C45281387,['G', 'G', 'G', 'G', 'O', 'G', 'G', 'G']
C41804392,['G', 'G', 'G', 'G', 'G', 'G', 'G', 'O', 'G']
C26849739,['G', 'G', 'G', 'G', 'G', 'G', 'G', 'G', 'G', 'G', 'G']
C52764052,['G', 'G', 'O', 'G', 'G', 'G', 'G']
C61830023,['G', 'G', 'G', 'G', 'G', 'O']
C63782304,['G', 'G', 'G', 'G', 'G', 'G', 'G', 'G', 'G', 'G', 'G', 'G']
C05041625,['G', 'G', 'G', 'G', 'O', 'G', 'G', 'G']
C44878684,['G', 'G', 'G', 'G', 'G', 'G']
C19852963,['O']
C05732801,['G', 'G', 'G', 'G', 'G', 'G', 'O', 'G', 'G', 'G', 'G']
C42430241,['O', 'G', 'G']
C39534312,['G', 'G', 'O', 'G', 'G', 'G', 'G', 'G', 'G']
C62870829,['G', 'G', 'G', 'G', 'G', 'G', 'G']
C20551231,['G', 'O', 'G', 'G', 'O']
C52343330,['G', 'G', 'G', 'G', 'G', 'G', 'G']
C37970802,['G', 'G', 'G', 'G']
C31079353,['G', 'O', 'G', 'G', 'G', 'G', 'G', 'G', 'O']
C53733243,['O', 'G', 'G', 'O', 'G', 'G', 'G', 'G']
C43414086,['O', 'G', 'G', 'G', 'O', 'G', 'G', 'O']
C06181391,['G', 'G', 'G', 'G', 'O', 'G', 'G', 'G', 'G', 'G']
C45333614,['G', 'G', 'G', 'G', 'G', 'G']
C41036193,['G', 'G', 'G', 'G', 'G']
C14664531,['G', 'O', 'G', 'G', 'O', 'G', 'G', 'G', 'G', 'O', 'G']
C20566749,['G', 'G', 'O', 'G', 'G']
C66646094,['G', 'G', 'G', 'G', 'O', 'G', 'G', 'G']
C42559661,['G', 'G', 'G', 'G', 'G', 'O']
C41804583,['G', 'G', 'G', 'G', 'G', 'G', 'G', 'G']
C40360824,['G', 'G', 'G', 'G', 'G', 'G', 'G']
C35062176,['G', 'G', 'G', 'O', 'G', 'G']
C49976026,['G', 'G', 'G', 'G', 'G', 'G', 'G', 'G', 'G']
C05024945,['-']
C44846086,['G', 'G', 'G', 'G', 'G', 'G', 'G', 'G']
C62934130,['G', 'G', 'G', 'G', 'G']
C37749542,['G', 'G', 'G', 'G', 'G', 'G']
C42578076,['G', 'G', 'G', 'O']
C13656017,['G', 'G', 'G', 'G', 'G', 'G', 'G', 'G', 'G', 'G', 'G']
C62382990,['G', 'G', 'G', 'G', 'G']
C57752158,['O', 'O', 'G', 'G', 'G', 'G', 'G']
C42767292,['G', 'G', 'G', 'G', 'G', 'G']
C43367298,['G', 'G', 'O', 'G', 'G', 'O']
C40826737,['G', 'G', 'G', 'G', 'G']
C57845840,['G', 'G', 'O', 'G', 'G']
C52244219,['G', 'G', 'G', 'O', 'G', 'G', 'G', 'G', 'G']
C37273641,['G', 'G', 'G', 'G', 'O']
C13197974,['G', 'G', 'G', 'G', 'G']
C67624572,['G', 'G', 'G', 'G', 'G', 'G', 'G']
C62875341,['G', 'G', 'G', 'O', 'G']
C44867974,['G', 'G', 'G', 'G', 'G', 'G', 'O', 'G', 'G']
C62845421,['G', 'G', 'G', 'O', 'O', 'G']
C35298848,['G', 'O', 'G', 'O', 'G', 'G']
C44837844,['G', 'G', 'G', 'G', 'G', 'G', 'G', 'G']
C51294281,['G', 'G', 'G', 'G', 'G', 'G']
C60341692,['G', 'G', 'G', 'G', 'G', 'G', 'G', 'G', 'G']
C48836062,['G', 'G', 'G', 'O']
C16482237,['G', 'G', 'G', 'G', 'G', 'G', 'G', 'O']
C37939181,['G', 'G', 'G', 'G', 'G']
C04477459,['O', 'O', 'O']
C62996516,['G', 'G', 'O', 'G', 'G', 'G']
C49044187,['G', 'G', 'G', 'G', 'G', 'G', 'G']
C15898751,['O', 'G', 'G', 'G', 'G', 'G', 'G', 'G', 'G', 'G', 'O']
C43367372,['G', 'G', 'G', 'G', 'G']
C45652848,['G', 'G', 'G', 'G', 'G', 'G', 'G', 'G', 'G']
C04477457,['O', 'G', 'O']
C39722394,['G', 'G', 'G', 'G', 'G', 'G', 'G', 'O', 'G']
C46504196,['O', 'G', 'G', 'G', 'G', 'G', 'G', 'G', 'G', 'G']
C32771959,['G', 'G', 'G', 'G', 'G', 'G', 'O']
C24608622,['G', 'G', 'G', 'G', 'G', 'G']
C03838520,['G', 'G', 'G', 'G', 'G', 'G', 'G', 'O', 'G', 'G', 'G', 'G']
C00053046,['G', 'G', 'G', 'G', 'O']
C66965114,['G', 'G', 'G', 'G', 'G', 'G', 'G', 'G', 'G', 'G']
C43413740,['G', 'G', 'G', 'O', 'G', 'O', 'G', 'G', 'O']
C47056367,['G', 'G', 'G', 'G', 'G', 'G', 'G', 'G', 'G', 'G', 'G', 'G']
C41750320,['G', 'G', 'G', 'G', 'O']
C39470498,['G', 'G', 'G', 'G', 'G', 'G', 'G']
C49519757,['G', 'G', 'G', 'G', 'G', 'O', 'G', 'G']
C64755612,['G', 'G', 'G', 'O', 'G', 'G', 'G', 'G', 'G', 'G']
C54374011,['G', 'G', 'G', 'G', 'G', 'G', 'G', 'G']
C40752056,['G', 'G', 'G', 'G', 'G', 'G', 'G', 'O', 'G']
C49106774,['G', 'G', 'G', 'G', 'G', 'G', 'G']
C44784624,['G', 'O', 'G', 'O']
C44784895,['G', 'O', 'O', 'G', 'G']
C45163984,['G', 'G', 'G', 'O', 'G', 'G', 'G']
C51961611,['G', 'G', 'G', 'G', 'G', 'G', 'G', 'G']
C35736917,['G', 'G', 'G', 'G', 'G', 'G', 'G', 'G', 'O']
C08783362,['-']
C41802040,['G', 'G', 'G', 'G', 'O']
C28167346,['G', 'G', 'O', 'G', 'G', 'O']
C62878297,['G', 'G', 'G', 'G', 'G', 'G', 'G', 'G']
C49530137,['G', 'G', 'G', 'G', 'G']
C52764176,['G', 'G', 'G', 'O', 'G', 'G']
C40778141,['G', 'G', 'G', 'G', 'G', 'G', 'G', 'G']
C43101129,['G', 'G', 'G', 'G', 'G']
C61809791,['G', 'O', 'G', 'G', 'G', 'G']
C54120905,['G', 'G', 'G', 'G', 'G', 'G', 'O', 'G', 'G', 'O', 'O', 'G']
C04906061,['G', 'G', 'G', 'G', 'G', 'G', 'G', 'G', 'G']
C37590794,['G', 'O', 'O', 'G', 'G', 'G']
C50349282,['G', 'G', 'G', 'G', 'O', 'G']
C37002634,['G', 'G', 'G', 'G', 'G']
C44878455,['G', 'G', 'G', 'O', 'G', 'G', 'G']
C38066370,['G', 'G', 'G', 'G', 'G', 'O']
C49974425,['G', 'O', 'G', 'G', 'G', 'G', 'G', 'G', 'G']
C64629752,['G', 'G', 'G', 'G', 'O', 'G', 'G', 'G', 'G', 'G', 'G']
C61835624,['G', 'G', 'G', 'G', 'G', 'O']
C37661474,['G', 'G', 'G', 'G', 'G']
C44873958,['G', 'O', 'G', 'G', 'G', 'G']
C45091492,['G', 'G', 'G', 'G', 'G', 'G']
C50393166,['G', 'G', 'G', 'G', 'G']
C33979286,['G', 'G', 'G', 'G', 'G', 'G']
C52007659,['G', 'O', 'G', 'G', 'G']
C20331491,['G', 'G', 'G', 'G', 'G', 'O', 'G', 'G', 'G', 'G', 'G']
C41807856,['G', 'G', 'G', 'G', 'G', 'O']
C49163520,['G', 'O', 'G', 'G', 'G', 'G', 'O', 'O']
C50197282,['G', 'G', 'G', 'O', 'G', 'G', 'G', 'G']
